100 20 1
20
	0	1009	1	1020	2	1019	3	1027	4	1085	5	1055	6	1024	7	1029	8	1085	9	1082	10	1087	11	1011	12	1060	13	1014	14	1030	15	1100	16	1086	17	1015	18	1082	19	1078	
	0	1011	1	1055	2	1025	3	1081	4	1082	5	1093	6	1089	7	1082	8	1040	9	1026	10	1011	11	1051	12	1064	13	1033	14	1078	15	1092	16	1004	17	1022	18	1072	19	1081	
	0	1089	1	1015	2	1100	3	1005	4	1063	5	1000	6	1024	7	1048	8	1063	9	1027	10	1058	11	1023	12	1002	13	1085	14	1084	15	1067	16	1030	17	1057	18	1089	19	1048	
	0	1026	1	1059	2	1019	3	1028	4	1025	5	1012	6	1086	7	1042	8	1004	9	1072	10	1075	11	1087	12	1031	13	1036	14	1078	15	1094	16	1027	17	1046	18	1035	19	1073	
	0	1041	1	1008	2	1038	3	1040	4	1037	5	1063	6	1029	7	1089	8	1009	9	1051	10	1025	11	1060	12	1070	13	1050	14	1004	15	1028	16	1026	17	1002	18	1042	19	1041	
	0	1026	1	1028	2	1044	3	1074	4	1025	5	1081	6	1021	7	1020	8	1019	9	1024	10	1028	11	1019	12	1059	13	1082	14	1069	15	1035	16	1088	17	1050	18	1082	19	1012	
	0	1081	1	1050	2	1012	3	1001	4	1047	5	1033	6	1014	7	1094	8	1047	9	1067	10	1044	11	1028	12	1063	13	1094	14	1092	15	1060	16	1042	17	1019	18	1057	19	1094	
	0	1046	1	1043	2	1041	3	1063	4	1095	5	1096	6	1097	7	1040	8	1046	9	1042	10	1100	11	1065	12	1038	13	1088	14	1038	15	1054	16	1032	17	1007	18	1094	19	1040	
	0	1061	1	1074	2	1091	3	1037	4	1089	5	1020	6	1048	7	1043	8	1089	9	1054	10	1069	11	1058	12	1011	13	1032	14	1051	15	1050	16	1007	17	1015	18	1100	19	1079	
	0	1019	1	1071	2	1003	3	1030	4	1066	5	1034	6	1085	7	1017	8	1088	9	1093	10	1052	11	1039	12	1035	13	1083	14	1042	15	1013	16	1033	17	1030	18	1010	19	1013	
	0	1018	1	1070	2	1039	3	1038	4	1005	5	1050	6	1007	7	1028	8	1007	9	1057	10	1072	11	1044	12	1039	13	1054	14	1055	15	1023	16	1060	17	1007	18	1001	19	1030	
	0	1047	1	1075	2	1094	3	1015	4	1026	5	1032	6	1085	7	1043	8	1034	9	1030	10	1086	11	1007	12	1056	13	1067	14	1098	15	1053	16	1042	17	1003	18	1052	19	1067	
	0	1071	1	1097	2	1068	3	1020	4	1055	5	1050	6	1019	7	1094	8	1026	9	1050	10	1055	11	1042	12	1004	13	1044	14	1019	15	1094	16	1051	17	1055	18	1052	19	1049	
	0	1066	1	1003	2	1072	3	1003	4	1058	5	1060	6	1091	7	1093	8	1061	9	1056	10	1007	11	1067	12	1086	13	1016	14	1033	15	1033	16	1023	17	1012	18	1058	19	1073	
	0	1096	1	1088	2	1044	3	1055	4	1057	5	1020	6	1097	7	1099	8	1070	9	1024	10	1094	11	1026	12	1014	13	1007	14	1087	15	1001	16	1027	17	1099	18	1021	19	1036	
	0	1045	1	1049	2	1041	3	1031	4	1006	5	1023	6	1098	7	1060	8	1034	9	1026	10	1000	11	1090	12	1093	13	1037	14	1094	15	1052	16	1054	17	1043	18	1091	19	1031	
	0	1041	1	1001	2	1025	3	1052	4	1085	5	1070	6	1080	7	1048	8	1083	9	1027	10	1069	11	1067	12	1029	13	1044	14	1010	15	1061	16	1079	17	1043	18	1083	19	1039	
	0	1067	1	1025	2	1080	3	1051	4	1082	5	1041	6	1066	7	1052	8	1074	9	1085	10	1003	11	1066	12	1037	13	1050	14	1095	15	1070	16	1072	17	1097	18	1091	19	1063	
	0	1020	1	1085	2	1053	3	1085	4	1034	5	1041	6	1015	7	1035	8	1100	9	1090	10	1049	11	1044	12	1061	13	1090	14	1017	15	1100	16	1003	17	1046	18	1072	19	1061	
	0	1000	1	1021	2	1046	3	1059	4	1057	5	1040	6	1059	7	1069	8	1087	9	1044	10	1082	11	1096	12	1010	13	1091	14	1014	15	1002	16	1021	17	1060	18	1052	19	1058	
	0	1047	1	1068	2	1050	3	1023	4	1069	5	1016	6	1064	7	1074	8	1053	9	1008	10	1046	11	1048	12	1091	13	1098	14	1073	15	1083	16	1029	17	1063	18	1019	19	1052	
	0	1011	1	1002	2	1027	3	1009	4	1003	5	1071	6	1095	7	1055	8	1071	9	1060	10	1093	11	1090	12	1089	13	1024	14	1092	15	1066	16	1004	17	1049	18	1099	19	1064	
	0	1080	1	1044	2	1001	3	1047	4	1019	5	1082	6	1024	7	1096	8	1019	9	1030	10	1099	11	1094	12	1016	13	1044	14	1004	15	1052	16	1072	17	1025	18	1009	19	1029	
	0	1049	1	1051	2	1023	3	1006	4	1046	5	1064	6	1067	7	1098	8	1096	9	1007	10	1044	11	1087	12	1040	13	1073	14	1047	15	1052	16	1040	17	1014	18	1064	19	1005	
	0	1057	1	1019	2	1100	3	1049	4	1032	5	1048	6	1045	7	1008	8	1037	9	1011	10	1085	11	1016	12	1097	13	1013	14	1003	15	1045	16	1049	17	1013	18	1095	19	1018	
	0	1099	1	1004	2	1009	3	1078	4	1021	5	1075	6	1070	7	1072	8	1027	9	1082	10	1023	11	1043	12	1066	13	1003	14	1085	15	1090	16	1091	17	1060	18	1050	19	1090	
	0	1097	1	1067	2	1053	3	1038	4	1013	5	1014	6	1064	7	1081	8	1007	9	1051	10	1074	11	1020	12	1035	13	1036	14	1087	15	1072	16	1034	17	1068	18	1040	19	1048	
	0	1026	1	1013	2	1072	3	1022	4	1083	5	1057	6	1031	7	1093	8	1016	9	1057	10	1072	11	1042	12	1063	13	1011	14	1043	15	1004	16	1088	17	1064	18	1010	19	1056	
	0	1069	1	1051	2	1002	3	1085	4	1062	5	1095	6	1063	7	1040	8	1033	9	1041	10	1023	11	1092	12	1032	13	1009	14	1065	15	1080	16	1085	17	1087	18	1078	19	1055	
	0	1052	1	1084	2	1053	3	1027	4	1043	5	1030	6	1033	7	1046	8	1093	9	1021	10	1074	11	1036	12	1042	13	1092	14	1041	15	1063	16	1051	17	1048	18	1031	19	1006	
	0	1007	1	1005	2	1026	3	1022	4	1033	5	1084	6	1086	7	1034	8	1026	9	1095	10	1072	11	1091	12	1008	13	1027	14	1068	15	1054	16	1058	17	1029	18	1000	19	1068	
	0	1066	1	1062	2	1007	3	1054	4	1051	5	1014	6	1083	7	1071	8	1070	9	1081	10	1047	11	1062	12	1039	13	1092	14	1019	15	1058	16	1013	17	1013	18	1021	19	1054	
	0	1022	1	1081	2	1017	3	1091	4	1042	5	1029	6	1058	7	1090	8	1075	9	1036	10	1024	11	1091	12	1015	13	1014	14	1013	15	1051	16	1004	17	1010	18	1100	19	1062	
	0	1056	1	1063	2	1081	3	1088	4	1090	5	1007	6	1013	7	1009	8	1033	9	1000	10	1011	11	1086	12	1052	13	1062	14	1020	15	1067	16	1059	17	1032	18	1030	19	1036	
	0	1042	1	1080	2	1062	3	1006	4	1075	5	1062	6	1028	7	1099	8	1032	9	1061	10	1056	11	1047	12	1003	13	1019	14	1050	15	1073	16	1094	17	1047	18	1063	19	1017	
	0	1023	1	1068	2	1058	3	1023	4	1030	5	1037	6	1066	7	1089	8	1043	9	1008	10	1057	11	1039	12	1035	13	1081	14	1006	15	1083	16	1027	17	1012	18	1034	19	1094	
	0	1048	1	1038	2	1039	3	1066	4	1043	5	1057	6	1088	7	1080	8	1074	9	1047	10	1047	11	1035	12	1023	13	1038	14	1009	15	1060	16	1064	17	1080	18	1028	19	1035	
	0	1050	1	1076	2	1064	3	1057	4	1012	5	1084	6	1085	7	1032	8	1072	9	1035	10	1098	11	1026	12	1073	13	1058	14	1052	15	1066	16	1034	17	1059	18	1044	19	1040	
	0	1008	1	1069	2	1042	3	1091	4	1013	5	1016	6	1007	7	1062	8	1087	9	1089	10	1048	11	1046	12	1096	13	1037	14	1023	15	1020	16	1007	17	1004	18	1076	19	1045	
	0	1054	1	1099	2	1099	3	1055	4	1001	5	1022	6	1059	7	1002	8	1079	9	1039	10	1035	11	1053	12	1042	13	1094	14	1009	15	1012	16	1010	17	1057	18	1068	19	1021	
	0	1007	1	1011	2	1036	3	1086	4	1090	5	1076	6	1038	7	1095	8	1038	9	1016	10	1092	11	1029	12	1051	13	1037	14	1052	15	1026	16	1099	17	1060	18	1093	19	1081	
	0	1084	1	1028	2	1089	3	1091	4	1050	5	1042	6	1012	7	1055	8	1092	9	1087	10	1068	11	1058	12	1033	13	1033	14	1015	15	1071	16	1091	17	1032	18	1094	19	1065	
	0	1077	1	1019	2	1087	3	1081	4	1081	5	1032	6	1092	7	1096	8	1075	9	1082	10	1080	11	1012	12	1050	13	1055	14	1068	15	1010	16	1021	17	1042	18	1037	19	1001	
	0	1061	1	1030	2	1058	3	1035	4	1010	5	1057	6	1094	7	1010	8	1056	9	1042	10	1003	11	1021	12	1077	13	1047	14	1100	15	1094	16	1093	17	1002	18	1078	19	1033	
	0	1026	1	1091	2	1032	3	1088	4	1034	5	1019	6	1064	7	1089	8	1016	9	1020	10	1017	11	1012	12	1096	13	1086	14	1090	15	1031	16	1007	17	1089	18	1100	19	1081	
	0	1046	1	1026	2	1087	3	1065	4	1067	5	1025	6	1046	7	1034	8	1030	9	1094	10	1062	11	1058	12	1054	13	1064	14	1015	15	1030	16	1044	17	1040	18	1058	19	1049	
	0	1024	1	1073	2	1029	3	1019	4	1044	5	1024	6	1091	7	1023	8	1044	9	1017	10	1052	11	1074	12	1037	13	1036	14	1037	15	1018	16	1019	17	1000	18	1016	19	1079	
	0	1098	1	1066	2	1046	3	1056	4	1035	5	1069	6	1023	7	1025	8	1000	9	1020	10	1095	11	1033	12	1047	13	1097	14	1089	15	1017	16	1032	17	1061	18	1026	19	1015	
	0	1066	1	1028	2	1096	3	1021	4	1038	5	1017	6	1068	7	1056	8	1092	9	1053	10	1029	11	1070	12	1098	13	1048	14	1075	15	1002	16	1025	17	1059	18	1064	19	1070	
	0	1009	1	1014	2	1087	3	1034	4	1092	5	1065	6	1017	7	1052	8	1027	9	1100	10	1019	11	1096	12	1036	13	1046	14	1000	15	1051	16	1029	17	1100	18	1039	19	1039	
	0	1087	1	1013	2	1051	3	1051	4	1017	5	1034	6	1069	7	1057	8	1004	9	1004	10	1077	11	1065	12	1057	13	1088	14	1064	15	1016	16	1090	17	1030	18	1013	19	1096	
	0	1037	1	1017	2	1070	3	1094	4	1098	5	1080	6	1097	7	1054	8	1097	9	1070	10	1055	11	1036	12	1007	13	1066	14	1000	15	1056	16	1074	17	1099	18	1040	19	1068	
	0	1085	1	1068	2	1032	3	1056	4	1051	5	1048	6	1091	7	1044	8	1017	9	1005	10	1093	11	1019	12	1035	13	1039	14	1081	15	1034	16	1089	17	1093	18	1070	19	1020	
	0	1093	1	1037	2	1026	3	1012	4	1097	5	1082	6	1027	7	1050	8	1012	9	1060	10	1048	11	1089	12	1065	13	1014	14	1071	15	1092	16	1058	17	1096	18	1055	19	1014	
	0	1056	1	1001	2	1059	3	1022	4	1060	5	1027	6	1049	7	1063	8	1100	9	1081	10	1059	11	1087	12	1025	13	1012	14	1062	15	1075	16	1043	17	1049	18	1009	19	1023	
	0	1100	1	1071	2	1092	3	1090	4	1044	5	1099	6	1009	7	1022	8	1045	9	1073	10	1099	11	1095	12	1036	13	1017	14	1024	15	1028	16	1031	17	1076	18	1088	19	1097	
	0	1043	1	1037	2	1090	3	1083	4	1035	5	1087	6	1018	7	1022	8	1007	9	1028	10	1049	11	1067	12	1031	13	1071	14	1019	15	1029	16	1058	17	1095	18	1064	19	1085	
	0	1086	1	1085	2	1048	3	1092	4	1004	5	1051	6	1084	7	1026	8	1078	9	1059	10	1055	11	1018	12	1039	13	1095	14	1026	15	1014	16	1042	17	1087	18	1087	19	1043	
	0	1008	1	1066	2	1027	3	1098	4	1038	5	1053	6	1048	7	1078	8	1061	9	1055	10	1006	11	1098	12	1079	13	1034	14	1056	15	1064	16	1033	17	1090	18	1073	19	1058	
	0	1055	1	1068	2	1078	3	1088	4	1042	5	1085	6	1009	7	1068	8	1077	9	1092	10	1008	11	1089	12	1032	13	1039	14	1091	15	1046	16	1077	17	1015	18	1016	19	1003	
	0	1035	1	1057	2	1026	3	1009	4	1019	5	1002	6	1045	7	1068	8	1083	9	1058	10	1014	11	1047	12	1030	13	1077	14	1084	15	1069	16	1013	17	1046	18	1039	19	1099	
	0	1049	1	1099	2	1082	3	1002	4	1037	5	1062	6	1095	7	1012	8	1009	9	1094	10	1054	11	1083	12	1056	13	1012	14	1014	15	1020	16	1088	17	1012	18	1016	19	1040	
	0	1083	1	1053	2	1052	3	1099	4	1027	5	1034	6	1057	7	1013	8	1081	9	1082	10	1072	11	1009	12	1093	13	1018	14	1036	15	1040	16	1075	17	1080	18	1081	19	1089	
	0	1042	1	1081	2	1094	3	1099	4	1035	5	1054	6	1095	7	1050	8	1096	9	1100	10	1048	11	1084	12	1058	13	1060	14	1036	15	1090	16	1046	17	1050	18	1044	19	1009	
	0	1095	1	1093	2	1075	3	1055	4	1060	5	1083	6	1009	7	1061	8	1047	9	1067	10	1005	11	1053	12	1052	13	1057	14	1090	15	1063	16	1031	17	1094	18	1027	19	1002	
	0	1042	1	1034	2	1043	3	1026	4	1043	5	1025	6	1096	7	1085	8	1034	9	1092	10	1004	11	1002	12	1017	13	1031	14	1015	15	1064	16	1023	17	1046	18	1008	19	1004	
	0	1082	1	1011	2	1011	3	1031	4	1033	5	1054	6	1080	7	1035	8	1065	9	1058	10	1091	11	1052	12	1100	13	1017	14	1037	15	1011	16	1043	17	1044	18	1061	19	1073	
	0	1099	1	1066	2	1023	3	1079	4	1036	5	1004	6	1081	7	1021	8	1017	9	1002	10	1076	11	1037	12	1100	13	1025	14	1042	15	1091	16	1072	17	1040	18	1023	19	1095	
	0	1070	1	1092	2	1054	3	1068	4	1001	5	1035	6	1057	7	1000	8	1045	9	1040	10	1041	11	1048	12	1011	13	1000	14	1096	15	1012	16	1010	17	1056	18	1032	19	1000	
	0	1099	1	1034	2	1051	3	1061	4	1071	5	1062	6	1004	7	1002	8	1006	9	1025	10	1049	11	1068	12	1058	13	1073	14	1091	15	1033	16	1006	17	1004	18	1068	19	1068	
	0	1045	1	1090	2	1029	3	1025	4	1015	5	1032	6	1073	7	1018	8	1042	9	1090	10	1057	11	1093	12	1071	13	1100	14	1098	15	1003	16	1074	17	1008	18	1038	19	1042	
	0	1016	1	1046	2	1077	3	1090	4	1070	5	1096	6	1018	7	1097	8	1086	9	1093	10	1019	11	1044	12	1098	13	1006	14	1073	15	1073	16	1020	17	1084	18	1020	19	1062	
	0	1047	1	1061	2	1087	3	1079	4	1037	5	1093	6	1053	7	1058	8	1031	9	1022	10	1034	11	1086	12	1019	13	1068	14	1054	15	1007	16	1045	17	1100	18	1030	19	1052	
	0	1022	1	1088	2	1093	3	1016	4	1071	5	1072	6	1058	7	1084	8	1012	9	1064	10	1093	11	1047	12	1085	13	1091	14	1076	15	1075	16	1044	17	1007	18	1084	19	1000	
	0	1081	1	1056	2	1031	3	1083	4	1012	5	1010	6	1058	7	1060	8	1058	9	1100	10	1089	11	1045	12	1008	13	1041	14	1059	15	1015	16	1030	17	1023	18	1056	19	1028	
	0	1008	1	1096	2	1063	3	1023	4	1090	5	1053	6	1058	7	1012	8	1083	9	1072	10	1064	11	1046	12	1031	13	1037	14	1049	15	1054	16	1049	17	1082	18	1053	19	1033	
	0	1093	1	1027	2	1026	3	1059	4	1044	5	1068	6	1077	7	1057	8	1063	9	1091	10	1071	11	1079	12	1094	13	1070	14	1067	15	1003	16	1055	17	1054	18	1050	19	1097	
	0	1095	1	1089	2	1057	3	1059	4	1085	5	1050	6	1045	7	1030	8	1089	9	1034	10	1078	11	1081	12	1080	13	1042	14	1097	15	1076	16	1037	17	1080	18	1082	19	1029	
	0	1022	1	1020	2	1099	3	1041	4	1071	5	1018	6	1066	7	1007	8	1025	9	1083	10	1074	11	1100	12	1056	13	1045	14	1021	15	1002	16	1006	17	1046	18	1040	19	1090	
	0	1055	1	1000	2	1022	3	1001	4	1086	5	1085	6	1020	7	1089	8	1012	9	1043	10	1037	11	1081	12	1088	13	1053	14	1048	15	1077	16	1065	17	1060	18	1096	19	1074	
	0	1071	1	1053	2	1029	3	1088	4	1001	5	1064	6	1015	7	1071	8	1032	9	1070	10	1060	11	1035	12	1062	13	1022	14	1032	15	1041	16	1093	17	1068	18	1051	19	1025	
	0	1042	1	1043	2	1068	3	1046	4	1048	5	1020	6	1037	7	1047	8	1030	9	1051	10	1094	11	1071	12	1068	13	1081	14	1006	15	1071	16	1069	17	1017	18	1001	19	1026	
	0	1083	1	1096	2	1014	3	1065	4	1021	5	1081	6	1034	7	1080	8	1024	9	1012	10	1063	11	1092	12	1027	13	1025	14	1078	15	1041	16	1088	17	1091	18	1052	19	1088	
	0	1016	1	1082	2	1019	3	1042	4	1005	5	1031	6	1092	7	1070	8	1073	9	1027	10	1041	11	1057	12	1095	13	1008	14	1004	15	1050	16	1012	17	1029	18	1067	19	1022	
	0	1036	1	1049	2	1038	3	1021	4	1035	5	1027	6	1072	7	1065	8	1067	9	1036	10	1015	11	1007	12	1009	13	1018	14	1015	15	1049	16	1049	17	1018	18	1049	19	1073	
	0	1068	1	1020	2	1026	3	1075	4	1082	5	1097	6	1048	7	1079	8	1065	9	1057	10	1054	11	1030	12	1085	13	1032	14	1035	15	1043	16	1083	17	1075	18	1078	19	1096	
	0	1083	1	1023	2	1089	3	1052	4	1090	5	1010	6	1096	7	1044	8	1045	9	1049	10	1088	11	1084	12	1048	13	1033	14	1038	15	1091	16	1044	17	1019	18	1047	19	1072	
	0	1082	1	1056	2	1014	3	1030	4	1087	5	1094	6	1086	7	1097	8	1041	9	1074	10	1008	11	1003	12	1048	13	1080	14	1047	15	1085	16	1033	17	1049	18	1014	19	1015	
	0	1038	1	1056	2	1036	3	1060	4	1095	5	1044	6	1033	7	1072	8	1089	9	1018	10	1004	11	1090	12	1029	13	1086	14	1030	15	1028	16	1034	17	1001	18	1081	19	1025	
	0	1028	1	1000	2	1003	3	1091	4	1045	5	1024	6	1081	7	1002	8	1071	9	1031	10	1078	11	1029	12	1037	13	1040	14	1046	15	1068	16	1060	17	1025	18	1032	19	1043	
	0	1047	1	1046	2	1042	3	1021	4	1003	5	1040	6	1039	7	1062	8	1063	9	1091	10	1014	11	1056	12	1017	13	1047	14	1060	15	1037	16	1042	17	1073	18	1048	19	1073	
	0	1015	1	1065	2	1057	3	1032	4	1023	5	1094	6	1000	7	1065	8	1008	9	1080	10	1099	11	1067	12	1083	13	1096	14	1078	15	1065	16	1073	17	1048	18	1049	19	1001	
	0	1039	1	1035	2	1016	3	1084	4	1060	5	1046	6	1053	7	1018	8	1048	9	1072	10	1085	11	1033	12	1081	13	1016	14	1035	15	1063	16	1067	17	1008	18	1006	19	1000	
	0	1050	1	1001	2	1054	3	1031	4	1023	5	1051	6	1031	7	1044	8	1016	9	1037	10	1021	11	1052	12	1037	13	1064	14	1014	15	1011	16	1073	17	1034	18	1080	19	1025	
	0	1027	1	1044	2	1056	3	1085	4	1076	5	1005	6	1053	7	1089	8	1038	9	1099	10	1039	11	1008	12	1003	13	1063	14	1088	15	1023	16	1050	17	1005	18	1057	19	1065	
	0	1085	1	1074	2	1001	3	1063	4	1035	5	1008	6	1076	7	1099	8	1027	9	1074	10	1054	11	1023	12	1054	13	1094	14	1077	15	1041	16	1049	17	1061	18	1022	19	1079	
	0	1013	1	1036	2	1070	3	1091	4	1082	5	1004	6	1025	7	1077	8	1054	9	1066	10	1073	11	1001	12	1078	13	1059	14	1024	15	1018	16	1064	17	1098	18	1087	19	1028	
	0	1042	1	1041	2	1023	3	1007	4	1060	5	1021	6	1036	7	1041	8	1014	9	1041	10	1007	11	1074	12	1034	13	1037	14	1032	15	1014	16	1079	17	1041	18	1066	19	1029	
	0	1100	1	1061	2	1085	3	1015	4	1087	5	1000	6	1091	7	1028	8	1015	9	1059	10	1074	11	1085	12	1043	13	1070	14	1049	15	1038	16	1055	17	1003	18	1056	19	1018	
	0	1053	1	1003	2	1047	3	1091	4	1048	5	1094	6	1050	7	1076	8	1074	9	1025	10	1053	11	1034	12	1029	13	1068	14	1066	15	1054	16	1057	17	1009	18	1027	19	1032	