100 20 1
20
	0	1042	1	1094	2	1066	3	1022	4	1086	5	1016	6	1077	7	1028	8	1018	9	1091	10	1004	11	1066	12	1003	13	1066	14	1003	15	1097	16	1063	17	1018	18	1071	19	1022	
	0	1089	1	1064	2	1080	3	1048	4	1052	5	1047	6	1001	7	1100	8	1017	9	1044	10	1049	11	1019	12	1014	13	1052	14	1055	15	1090	16	1068	17	1043	18	1033	19	1036	
	0	1007	1	1035	2	1099	3	1033	4	1081	5	1004	6	1003	7	1059	8	1045	9	1098	10	1033	11	1098	12	1013	13	1018	14	1078	15	1059	16	1094	17	1003	18	1086	19	1047	
	0	1034	1	1074	2	1009	3	1090	4	1024	5	1031	6	1099	7	1057	8	1047	9	1081	10	1067	11	1010	12	1065	13	1006	14	1100	15	1036	16	1039	17	1026	18	1077	19	1017	
	0	1041	1	1028	2	1064	3	1082	4	1033	5	1059	6	1099	7	1078	8	1035	9	1004	10	1032	11	1011	12	1072	13	1042	14	1030	15	1039	16	1092	17	1098	18	1036	19	1058	
	0	1027	1	1044	2	1084	3	1032	4	1022	5	1040	6	1079	7	1020	8	1009	9	1041	10	1058	11	1035	12	1021	13	1089	14	1062	15	1096	16	1035	17	1085	18	1055	19	1085	
	0	1032	1	1053	2	1004	3	1057	4	1024	5	1039	6	1025	7	1057	8	1002	9	1036	10	1099	11	1054	12	1037	13	1029	14	1053	15	1020	16	1013	17	1004	18	1099	19	1082	
	0	1004	1	1002	2	1081	3	1066	4	1071	5	1049	6	1020	7	1007	8	1040	9	1005	10	1061	11	1068	12	1044	13	1019	14	1071	15	1027	16	1029	17	1024	18	1032	19	1095	
	0	1005	1	1074	2	1081	3	1023	4	1035	5	1016	6	1020	7	1028	8	1086	9	1067	10	1066	11	1069	12	1047	13	1085	14	1044	15	1048	16	1066	17	1037	18	1028	19	1090	
	0	1056	1	1095	2	1014	3	1061	4	1033	5	1042	6	1089	7	1038	8	1055	9	1083	10	1013	11	1008	12	1023	13	1100	14	1062	15	1073	16	1041	17	1089	18	1026	19	1023	
	0	1073	1	1019	2	1016	3	1099	4	1055	5	1094	6	1017	7	1043	8	1010	9	1030	10	1080	11	1006	12	1096	13	1087	14	1018	15	1077	16	1018	17	1007	18	1071	19	1094	
	0	1088	1	1098	2	1055	3	1062	4	1081	5	1048	6	1077	7	1036	8	1099	9	1085	10	1017	11	1098	12	1063	13	1029	14	1062	15	1032	16	1049	17	1049	18	1019	19	1048	
	0	1053	1	1002	2	1059	3	1034	4	1070	5	1056	6	1005	7	1051	8	1070	9	1034	10	1014	11	1097	12	1012	13	1058	14	1100	15	1004	16	1004	17	1048	18	1037	19	1067	
	0	1061	1	1025	2	1019	3	1044	4	1084	5	1022	6	1022	7	1091	8	1085	9	1070	10	1007	11	1084	12	1027	13	1033	14	1066	15	1071	16	1067	17	1074	18	1098	19	1056	
	0	1096	1	1052	2	1070	3	1054	4	1098	5	1087	6	1046	7	1071	8	1005	9	1074	10	1060	11	1011	12	1035	13	1066	14	1044	15	1093	16	1016	17	1023	18	1068	19	1099	
	0	1069	1	1081	2	1018	3	1053	4	1084	5	1032	6	1079	7	1055	8	1057	9	1047	10	1048	11	1073	12	1040	13	1093	14	1043	15	1004	16	1010	17	1027	18	1091	19	1019	
	0	1076	1	1025	2	1093	3	1017	4	1030	5	1076	6	1094	7	1038	8	1072	9	1087	10	1073	11	1038	12	1043	13	1099	14	1031	15	1043	16	1034	17	1061	18	1032	19	1037	
	0	1075	1	1030	2	1038	3	1019	4	1099	5	1074	6	1041	7	1045	8	1085	9	1058	10	1092	11	1007	12	1028	13	1033	14	1036	15	1015	16	1051	17	1033	18	1084	19	1003	
	0	1084	1	1064	2	1013	3	1064	4	1038	5	1016	6	1099	7	1076	8	1056	9	1007	10	1056	11	1058	12	1093	13	1027	14	1029	15	1066	16	1083	17	1060	18	1006	19	1007	
	0	1006	1	1100	2	1040	3	1024	4	1012	5	1045	6	1068	7	1004	8	1097	9	1037	10	1085	11	1090	12	1068	13	1094	14	1010	15	1055	16	1077	17	1013	18	1065	19	1044	
	0	1085	1	1050	2	1001	3	1046	4	1076	5	1065	6	1012	7	1063	8	1007	9	1020	10	1007	11	1042	12	1047	13	1036	14	1068	15	1057	16	1087	17	1090	18	1033	19	1012	
	0	1014	1	1089	2	1036	3	1099	4	1029	5	1015	6	1083	7	1072	8	1037	9	1008	10	1075	11	1054	12	1087	13	1045	14	1098	15	1026	16	1088	17	1082	18	1059	19	1066	
	0	1016	1	1094	2	1077	3	1046	4	1004	5	1087	6	1019	7	1068	8	1022	9	1095	10	1026	11	1025	12	1051	13	1040	14	1009	15	1038	16	1006	17	1019	18	1083	19	1076	
	0	1031	1	1008	2	1014	3	1006	4	1098	5	1009	6	1022	7	1048	8	1023	9	1026	10	1087	11	1042	12	1003	13	1084	14	1073	15	1031	16	1100	17	1003	18	1055	19	1087	
	0	1029	1	1079	2	1080	3	1060	4	1056	5	1086	6	1091	7	1100	8	1000	9	1014	10	1033	11	1082	12	1024	13	1028	14	1005	15	1057	16	1065	17	1017	18	1008	19	1082	
	0	1014	1	1011	2	1086	3	1028	4	1041	5	1060	6	1030	7	1042	8	1047	9	1090	10	1030	11	1050	12	1094	13	1000	14	1017	15	1073	16	1058	17	1056	18	1063	19	1059	
	0	1061	1	1063	2	1056	3	1093	4	1012	5	1070	6	1030	7	1046	8	1066	9	1030	10	1061	11	1011	12	1098	13	1037	14	1026	15	1048	16	1063	17	1068	18	1019	19	1075	
	0	1018	1	1095	2	1032	3	1000	4	1056	5	1082	6	1002	7	1075	8	1055	9	1012	10	1084	11	1006	12	1000	13	1012	14	1067	15	1016	16	1095	17	1043	18	1010	19	1033	
	0	1091	1	1005	2	1007	3	1028	4	1028	5	1063	6	1001	7	1044	8	1027	9	1023	10	1074	11	1082	12	1069	13	1004	14	1064	15	1050	16	1005	17	1017	18	1018	19	1014	
	0	1007	1	1089	2	1034	3	1005	4	1098	5	1042	6	1055	7	1063	8	1098	9	1050	10	1021	11	1089	12	1098	13	1042	14	1038	15	1015	16	1051	17	1099	18	1036	19	1001	
	0	1038	1	1030	2	1090	3	1074	4	1066	5	1025	6	1044	7	1014	8	1021	9	1098	10	1087	11	1046	12	1054	13	1028	14	1048	15	1016	16	1096	17	1020	18	1034	19	1043	
	0	1022	1	1036	2	1015	3	1068	4	1043	5	1037	6	1033	7	1034	8	1081	9	1069	10	1010	11	1055	12	1001	13	1085	14	1090	15	1082	16	1076	17	1093	18	1096	19	1010	
	0	1088	1	1009	2	1012	3	1017	4	1023	5	1099	6	1058	7	1074	8	1020	9	1041	10	1085	11	1062	12	1051	13	1044	14	1094	15	1019	16	1009	17	1040	18	1044	19	1072	
	0	1050	1	1021	2	1016	3	1013	4	1011	5	1029	6	1099	7	1042	8	1058	9	1000	10	1048	11	1021	12	1097	13	1031	14	1096	15	1084	16	1000	17	1004	18	1055	19	1038	
	0	1063	1	1032	2	1090	3	1050	4	1035	5	1064	6	1080	7	1044	8	1074	9	1060	10	1043	11	1024	12	1090	13	1092	14	1052	15	1047	16	1047	17	1093	18	1077	19	1081	
	0	1080	1	1000	2	1093	3	1090	4	1082	5	1090	6	1008	7	1074	8	1099	9	1047	10	1019	11	1061	12	1047	13	1020	14	1028	15	1070	16	1020	17	1055	18	1076	19	1015	
	0	1082	1	1028	2	1053	3	1003	4	1011	5	1035	6	1054	7	1089	8	1056	9	1015	10	1003	11	1085	12	1001	13	1015	14	1091	15	1084	16	1053	17	1052	18	1077	19	1015	
	0	1042	1	1077	2	1082	3	1094	4	1094	5	1087	6	1075	7	1006	8	1042	9	1031	10	1023	11	1089	12	1089	13	1058	14	1005	15	1012	16	1032	17	1085	18	1010	19	1085	
	0	1046	1	1031	2	1048	3	1065	4	1060	5	1085	6	1092	7	1093	8	1086	9	1050	10	1080	11	1047	12	1024	13	1030	14	1078	15	1078	16	1071	17	1089	18	1015	19	1047	
	0	1032	1	1083	2	1008	3	1072	4	1039	5	1020	6	1087	7	1083	8	1056	9	1006	10	1062	11	1075	12	1072	13	1097	14	1028	15	1059	16	1012	17	1095	18	1046	19	1085	
	0	1076	1	1031	2	1067	3	1085	4	1049	5	1026	6	1071	7	1012	8	1011	9	1075	10	1063	11	1080	12	1058	13	1063	14	1044	15	1012	16	1089	17	1076	18	1013	19	1077	
	0	1071	1	1016	2	1061	3	1021	4	1095	5	1009	6	1019	7	1040	8	1084	9	1080	10	1026	11	1038	12	1062	13	1051	14	1023	15	1013	16	1072	17	1077	18	1098	19	1029	
	0	1014	1	1090	2	1068	3	1069	4	1040	5	1006	6	1090	7	1055	8	1053	9	1072	10	1089	11	1055	12	1063	13	1099	14	1052	15	1055	16	1067	17	1077	18	1084	19	1071	
	0	1003	1	1002	2	1073	3	1033	4	1097	5	1016	6	1048	7	1065	8	1031	9	1058	10	1083	11	1087	12	1069	13	1047	14	1022	15	1024	16	1079	17	1060	18	1056	19	1075	
	0	1007	1	1020	2	1027	3	1038	4	1059	5	1081	6	1034	7	1081	8	1024	9	1039	10	1057	11	1004	12	1016	13	1070	14	1017	15	1045	16	1067	17	1040	18	1018	19	1088	
	0	1040	1	1066	2	1017	3	1073	4	1047	5	1089	6	1024	7	1049	8	1070	9	1058	10	1041	11	1049	12	1075	13	1002	14	1026	15	1067	16	1040	17	1007	18	1093	19	1067	
	0	1073	1	1009	2	1079	3	1086	4	1084	5	1098	6	1098	7	1069	8	1054	9	1053	10	1065	11	1037	12	1040	13	1099	14	1065	15	1048	16	1078	17	1046	18	1076	19	1011	
	0	1090	1	1057	2	1023	3	1008	4	1032	5	1032	6	1038	7	1061	8	1085	9	1042	10	1034	11	1055	12	1043	13	1003	14	1019	15	1041	16	1023	17	1079	18	1052	19	1079	
	0	1078	1	1085	2	1037	3	1053	4	1017	5	1012	6	1063	7	1047	8	1087	9	1084	10	1064	11	1093	12	1051	13	1018	14	1043	15	1020	16	1015	17	1004	18	1054	19	1038	
	0	1026	1	1037	2	1098	3	1056	4	1046	5	1083	6	1053	7	1001	8	1067	9	1032	10	1097	11	1083	12	1016	13	1005	14	1004	15	1061	16	1004	17	1053	18	1058	19	1005	
	0	1054	1	1089	2	1052	3	1097	4	1030	5	1065	6	1087	7	1029	8	1091	9	1007	10	1059	11	1005	12	1061	13	1059	14	1029	15	1100	16	1029	17	1020	18	1021	19	1005	
	0	1034	1	1088	2	1059	3	1018	4	1005	5	1040	6	1020	7	1100	8	1085	9	1092	10	1038	11	1087	12	1000	13	1034	14	1016	15	1035	16	1010	17	1075	18	1084	19	1014	
	0	1036	1	1015	2	1031	3	1036	4	1013	5	1017	6	1036	7	1008	8	1096	9	1054	10	1008	11	1083	12	1086	13	1085	14	1026	15	1036	16	1055	17	1070	18	1093	19	1098	
	0	1015	1	1089	2	1021	3	1002	4	1036	5	1019	6	1059	7	1040	8	1079	9	1037	10	1042	11	1047	12	1091	13	1082	14	1008	15	1053	16	1082	17	1080	18	1048	19	1050	
	0	1061	1	1091	2	1019	3	1070	4	1092	5	1077	6	1039	7	1060	8	1067	9	1074	10	1006	11	1074	12	1090	13	1079	14	1051	15	1062	16	1024	17	1061	18	1100	19	1082	
	0	1089	1	1006	2	1003	3	1004	4	1009	5	1081	6	1003	7	1036	8	1069	9	1099	10	1069	11	1018	12	1039	13	1092	14	1057	15	1050	16	1047	17	1081	18	1050	19	1070	
	0	1048	1	1035	2	1024	3	1064	4	1042	5	1077	6	1080	7	1079	8	1077	9	1013	10	1049	11	1053	12	1032	13	1000	14	1020	15	1098	16	1087	17	1073	18	1050	19	1003	
	0	1035	1	1016	2	1088	3	1063	4	1064	5	1084	6	1000	7	1022	8	1033	9	1027	10	1016	11	1063	12	1017	13	1075	14	1049	15	1067	16	1032	17	1066	18	1056	19	1080	
	0	1042	1	1090	2	1051	3	1060	4	1050	5	1018	6	1070	7	1007	8	1087	9	1038	10	1068	11	1009	12	1035	13	1016	14	1074	15	1008	16	1011	17	1088	18	1031	19	1095	
	0	1001	1	1001	2	1024	3	1035	4	1008	5	1052	6	1011	7	1009	8	1073	9	1020	10	1000	11	1039	12	1013	13	1003	14	1014	15	1003	16	1082	17	1006	18	1015	19	1028	
	0	1008	1	1080	2	1057	3	1018	4	1072	5	1055	6	1097	7	1089	8	1052	9	1100	10	1081	11	1001	12	1025	13	1076	14	1023	15	1003	16	1005	17	1100	18	1069	19	1042	
	0	1097	1	1069	2	1059	3	1073	4	1029	5	1034	6	1081	7	1008	8	1053	9	1043	10	1069	11	1083	12	1055	13	1070	14	1073	15	1034	16	1037	17	1073	18	1067	19	1043	
	0	1071	1	1084	2	1024	3	1053	4	1079	5	1097	6	1011	7	1021	8	1034	9	1014	10	1094	11	1081	12	1009	13	1020	14	1031	15	1063	16	1038	17	1070	18	1070	19	1043	
	0	1073	1	1007	2	1043	3	1015	4	1041	5	1073	6	1005	7	1003	8	1003	9	1085	10	1028	11	1059	12	1059	13	1068	14	1041	15	1042	16	1090	17	1037	18	1006	19	1038	
	0	1092	1	1063	2	1025	3	1081	4	1077	5	1005	6	1017	7	1013	8	1046	9	1024	10	1081	11	1084	12	1001	13	1030	14	1094	15	1025	16	1074	17	1065	18	1034	19	1001	
	0	1069	1	1049	2	1047	3	1001	4	1059	5	1070	6	1045	7	1004	8	1008	9	1072	10	1040	11	1072	12	1023	13	1034	14	1071	15	1054	16	1061	17	1016	18	1049	19	1097	
	0	1026	1	1059	2	1056	3	1000	4	1059	5	1062	6	1026	7	1071	8	1034	9	1010	10	1020	11	1098	12	1085	13	1087	14	1011	15	1073	16	1063	17	1066	18	1082	19	1090	
	0	1060	1	1042	2	1055	3	1038	4	1084	5	1001	6	1010	7	1022	8	1097	9	1051	10	1056	11	1061	12	1025	13	1034	14	1035	15	1061	16	1036	17	1028	18	1090	19	1052	
	0	1059	1	1056	2	1080	3	1039	4	1009	5	1071	6	1097	7	1076	8	1087	9	1088	10	1038	11	1097	12	1005	13	1049	14	1072	15	1024	16	1037	17	1079	18	1099	19	1015	
	0	1084	1	1065	2	1091	3	1074	4	1016	5	1047	6	1011	7	1054	8	1019	9	1094	10	1033	11	1003	12	1071	13	1052	14	1052	15	1077	16	1100	17	1080	18	1014	19	1077	
	0	1036	1	1064	2	1005	3	1070	4	1056	5	1072	6	1023	7	1076	8	1005	9	1081	10	1039	11	1029	12	1018	13	1095	14	1087	15	1053	16	1024	17	1000	18	1010	19	1027	
	0	1008	1	1055	2	1090	3	1015	4	1000	5	1000	6	1090	7	1006	8	1070	9	1038	10	1079	11	1054	12	1015	13	1054	14	1098	15	1022	16	1003	17	1077	18	1052	19	1044	
	0	1031	1	1000	2	1040	3	1005	4	1065	5	1008	6	1014	7	1028	8	1026	9	1006	10	1030	11	1011	12	1093	13	1041	14	1012	15	1047	16	1090	17	1051	18	1074	19	1057	
	0	1024	1	1064	2	1039	3	1027	4	1088	5	1028	6	1088	7	1015	8	1022	9	1052	10	1081	11	1002	12	1016	13	1040	14	1028	15	1071	16	1080	17	1084	18	1003	19	1066	
	0	1059	1	1099	2	1013	3	1065	4	1046	5	1069	6	1046	7	1033	8	1091	9	1097	10	1052	11	1099	12	1086	13	1005	14	1020	15	1042	16	1058	17	1042	18	1064	19	1067	
	0	1098	1	1035	2	1081	3	1055	4	1007	5	1016	6	1034	7	1090	8	1076	9	1061	10	1081	11	1026	12	1044	13	1097	14	1043	15	1032	16	1044	17	1076	18	1049	19	1073	
	0	1040	1	1016	2	1004	3	1084	4	1096	5	1077	6	1099	7	1017	8	1059	9	1082	10	1042	11	1052	12	1089	13	1067	14	1046	15	1089	16	1028	17	1054	18	1071	19	1013	
	0	1089	1	1061	2	1024	3	1069	4	1003	5	1008	6	1035	7	1025	8	1079	9	1051	10	1048	11	1021	12	1067	13	1052	14	1022	15	1088	16	1081	17	1060	18	1090	19	1029	
	0	1006	1	1087	2	1022	3	1034	4	1057	5	1033	6	1023	7	1081	8	1023	9	1090	10	1009	11	1048	12	1068	13	1091	14	1032	15	1035	16	1035	17	1009	18	1060	19	1053	
	0	1084	1	1097	2	1014	3	1060	4	1082	5	1097	6	1061	7	1012	8	1027	9	1025	10	1027	11	1031	12	1016	13	1058	14	1011	15	1045	16	1088	17	1004	18	1091	19	1083	
	0	1012	1	1090	2	1097	3	1050	4	1069	5	1093	6	1068	7	1053	8	1079	9	1073	10	1088	11	1034	12	1094	13	1025	14	1034	15	1073	16	1085	17	1016	18	1030	19	1052	
	0	1081	1	1061	2	1001	3	1087	4	1022	5	1021	6	1085	7	1073	8	1082	9	1062	10	1095	11	1093	12	1028	13	1027	14	1063	15	1065	16	1054	17	1066	18	1086	19	1035	
	0	1012	1	1037	2	1036	3	1034	4	1082	5	1062	6	1074	7	1030	8	1064	9	1053	10	1029	11	1090	12	1058	13	1024	14	1010	15	1053	16	1066	17	1009	18	1013	19	1063	
	0	1071	1	1021	2	1023	3	1070	4	1028	5	1089	6	1030	7	1004	8	1043	9	1057	10	1039	11	1076	12	1064	13	1020	14	1069	15	1079	16	1001	17	1032	18	1098	19	1009	
	0	1080	1	1062	2	1016	3	1027	4	1020	5	1025	6	1043	7	1092	8	1077	9	1063	10	1001	11	1091	12	1004	13	1041	14	1084	15	1007	16	1025	17	1079	18	1022	19	1032	
	0	1008	1	1086	2	1036	3	1005	4	1090	5	1043	6	1067	7	1095	8	1003	9	1041	10	1053	11	1036	12	1038	13	1025	14	1063	15	1011	16	1087	17	1073	18	1040	19	1063	
	0	1064	1	1083	2	1050	3	1080	4	1002	5	1033	6	1006	7	1014	8	1051	9	1035	10	1001	11	1050	12	1000	13	1051	14	1002	15	1045	16	1005	17	1001	18	1082	19	1027	
	0	1050	1	1023	2	1011	3	1046	4	1053	5	1003	6	1064	7	1088	8	1046	9	1016	10	1058	11	1005	12	1093	13	1067	14	1031	15	1096	16	1094	17	1022	18	1093	19	1048	
	0	1020	1	1053	2	1081	3	1093	4	1070	5	1100	6	1097	7	1054	8	1046	9	1009	10	1099	11	1080	12	1081	13	1058	14	1098	15	1010	16	1053	17	1094	18	1077	19	1089	
	0	1072	1	1085	2	1000	3	1004	4	1046	5	1007	6	1032	7	1087	8	1066	9	1071	10	1092	11	1032	12	1049	13	1096	14	1021	15	1026	16	1085	17	1035	18	1070	19	1003	
	0	1012	1	1026	2	1012	3	1039	4	1006	5	1088	6	1020	7	1049	8	1056	9	1063	10	1081	11	1083	12	1072	13	1055	14	1029	15	1080	16	1001	17	1095	18	1032	19	1094	
	0	1040	1	1056	2	1042	3	1089	4	1038	5	1024	6	1004	7	1058	8	1098	9	1031	10	1080	11	1050	12	1082	13	1021	14	1009	15	1013	16	1022	17	1061	18	1053	19	1070	
	0	1053	1	1057	2	1093	3	1057	4	1011	5	1044	6	1038	7	1029	8	1054	9	1019	10	1080	11	1077	12	1007	13	1083	14	1090	15	1053	16	1024	17	1066	18	1038	19	1043	
	0	1021	1	1021	2	1100	3	1001	4	1076	5	1056	6	1071	7	1097	8	1045	9	1063	10	1015	11	1028	12	1056	13	1037	14	1012	15	1096	16	1029	17	1082	18	1041	19	1020	
	0	1066	1	1083	2	1049	3	1013	4	1073	5	1007	6	1028	7	1036	8	1086	9	1005	10	1020	11	1002	12	1049	13	1047	14	1027	15	1077	16	1011	17	1071	18	1006	19	1077	
	0	1036	1	1083	2	1040	3	1016	4	1086	5	1077	6	1049	7	1055	8	1065	9	1052	10	1060	11	1076	12	1016	13	1070	14	1058	15	1008	16	1017	17	1004	18	1053	19	1041	
	0	1013	1	1090	2	1037	3	1046	4	1086	5	1029	6	1032	7	1029	8	1022	9	1055	10	1016	11	1099	12	1056	13	1048	14	1004	15	1041	16	1034	17	1080	18	1048	19	1003	
	0	1010	1	1024	2	1048	3	1040	4	1022	5	1032	6	1091	7	1084	8	1069	9	1073	10	1040	11	1058	12	1082	13	1009	14	1068	15	1065	16	1087	17	1057	18	1011	19	1072	
	0	1030	1	1021	2	1083	3	1048	4	1097	5	1095	6	1087	7	1058	8	1091	9	1013	10	1099	11	1058	12	1047	13	1030	14	1061	15	1004	16	1056	17	1098	18	1058	19	1003	
	0	1099	1	1086	2	1096	3	1009	4	1007	5	1000	6	1043	7	1002	8	1011	9	1100	10	1003	11	1045	12	1046	13	1099	14	1082	15	1044	16	1013	17	1064	18	1077	19	1099	