100 20 1
20
	0	1040	1	1081	2	1096	3	1093	4	1088	5	1099	6	1070	7	1016	8	1098	9	1024	10	1061	11	1017	12	1018	13	1056	14	1090	15	1070	16	1000	17	1044	18	1035	19	1014	
	0	1069	1	1009	2	1064	3	1016	4	1024	5	1031	6	1019	7	1001	8	1031	9	1091	10	1032	11	1011	12	1015	13	1078	14	1025	15	1088	16	1053	17	1093	18	1049	19	1099	
	0	1033	1	1016	2	1018	3	1049	4	1083	5	1044	6	1098	7	1086	8	1043	9	1081	10	1034	11	1085	12	1006	13	1019	14	1024	15	1048	16	1044	17	1089	18	1094	19	1000	
	0	1022	1	1061	2	1006	3	1095	4	1022	5	1046	6	1016	7	1100	8	1015	9	1070	10	1068	11	1020	12	1100	13	1034	14	1050	15	1049	16	1055	17	1066	18	1065	19	1099	
	0	1041	1	1055	2	1020	3	1014	4	1062	5	1042	6	1068	7	1008	8	1014	9	1019	10	1074	11	1036	12	1040	13	1053	14	1075	15	1042	16	1091	17	1046	18	1096	19	1069	
	0	1005	1	1077	2	1026	3	1099	4	1086	5	1064	6	1045	7	1043	8	1006	9	1053	10	1052	11	1046	12	1005	13	1019	14	1007	15	1010	16	1044	17	1054	18	1098	19	1026	
	0	1078	1	1024	2	1038	3	1065	4	1049	5	1091	6	1039	7	1063	8	1076	9	1050	10	1039	11	1055	12	1002	13	1100	14	1012	15	1011	16	1009	17	1017	18	1042	19	1099	
	0	1082	1	1038	2	1077	3	1082	4	1085	5	1043	6	1098	7	1052	8	1020	9	1000	10	1008	11	1028	12	1006	13	1029	14	1093	15	1014	16	1081	17	1025	18	1016	19	1055	
	0	1019	1	1097	2	1011	3	1061	4	1007	5	1066	6	1016	7	1065	8	1059	9	1096	10	1084	11	1094	12	1061	13	1033	14	1013	15	1069	16	1011	17	1045	18	1045	19	1048	
	0	1071	1	1049	2	1039	3	1012	4	1000	5	1086	6	1094	7	1009	8	1023	9	1059	10	1040	11	1011	12	1030	13	1011	14	1088	15	1075	16	1008	17	1100	18	1048	19	1002	
	0	1035	1	1051	2	1065	3	1034	4	1010	5	1006	6	1065	7	1085	8	1071	9	1051	10	1069	11	1090	12	1072	13	1087	14	1024	15	1014	16	1074	17	1019	18	1075	19	1089	
	0	1041	1	1016	2	1060	3	1058	4	1009	5	1057	6	1056	7	1071	8	1007	9	1036	10	1048	11	1018	12	1051	13	1069	14	1082	15	1094	16	1059	17	1066	18	1042	19	1068	
	0	1051	1	1009	2	1069	3	1074	4	1022	5	1031	6	1053	7	1017	8	1017	9	1079	10	1082	11	1080	12	1056	13	1020	14	1073	15	1098	16	1053	17	1049	18	1006	19	1034	
	0	1009	1	1020	2	1095	3	1099	4	1084	5	1017	6	1065	7	1032	8	1027	9	1009	10	1053	11	1039	12	1050	13	1100	14	1053	15	1076	16	1058	17	1023	18	1096	19	1100	
	0	1086	1	1016	2	1070	3	1041	4	1030	5	1052	6	1057	7	1044	8	1065	9	1074	10	1094	11	1069	12	1064	13	1022	14	1010	15	1025	16	1090	17	1022	18	1019	19	1003	
	0	1012	1	1033	2	1076	3	1059	4	1075	5	1088	6	1066	7	1003	8	1087	9	1097	10	1045	11	1073	12	1026	13	1044	14	1009	15	1087	16	1018	17	1039	18	1047	19	1026	
	0	1090	1	1034	2	1093	3	1037	4	1047	5	1051	6	1067	7	1003	8	1047	9	1099	10	1079	11	1011	12	1005	13	1083	14	1058	15	1065	16	1018	17	1018	18	1066	19	1035	
	0	1007	1	1092	2	1082	3	1011	4	1031	5	1051	6	1063	7	1014	8	1065	9	1034	10	1064	11	1064	12	1050	13	1022	14	1025	15	1010	16	1057	17	1083	18	1007	19	1091	
	0	1047	1	1048	2	1071	3	1024	4	1044	5	1073	6	1010	7	1086	8	1098	9	1020	10	1032	11	1031	12	1013	13	1090	14	1057	15	1100	16	1066	17	1033	18	1020	19	1082	
	0	1093	1	1025	2	1020	3	1100	4	1099	5	1073	6	1081	7	1019	8	1077	9	1006	10	1088	11	1048	12	1089	13	1019	14	1060	15	1093	16	1016	17	1028	18	1061	19	1015	
	0	1079	1	1004	2	1092	3	1065	4	1017	5	1019	6	1009	7	1094	8	1057	9	1048	10	1022	11	1090	12	1068	13	1089	14	1061	15	1033	16	1019	17	1026	18	1075	19	1015	
	0	1030	1	1004	2	1059	3	1029	4	1018	5	1087	6	1100	7	1006	8	1058	9	1005	10	1063	11	1016	12	1018	13	1085	14	1038	15	1097	16	1021	17	1013	18	1085	19	1013	
	0	1087	1	1014	2	1099	3	1044	4	1007	5	1026	6	1034	7	1030	8	1070	9	1080	10	1063	11	1067	12	1031	13	1069	14	1061	15	1086	16	1042	17	1066	18	1035	19	1082	
	0	1030	1	1041	2	1003	3	1007	4	1066	5	1060	6	1075	7	1071	8	1050	9	1073	10	1065	11	1015	12	1044	13	1008	14	1030	15	1092	16	1078	17	1032	18	1098	19	1016	
	0	1037	1	1047	2	1099	3	1064	4	1055	5	1059	6	1075	7	1010	8	1052	9	1085	10	1075	11	1047	12	1038	13	1004	14	1029	15	1051	16	1042	17	1045	18	1016	19	1077	
	0	1091	1	1088	2	1098	3	1051	4	1022	5	1097	6	1032	7	1035	8	1063	9	1044	10	1061	11	1015	12	1042	13	1074	14	1084	15	1062	16	1082	17	1095	18	1069	19	1006	
	0	1048	1	1081	2	1083	3	1010	4	1010	5	1043	6	1074	7	1021	8	1022	9	1035	10	1009	11	1077	12	1093	13	1060	14	1034	15	1049	16	1068	17	1080	18	1081	19	1022	
	0	1029	1	1069	2	1024	3	1049	4	1053	5	1060	6	1019	7	1062	8	1018	9	1052	10	1011	11	1082	12	1084	13	1070	14	1077	15	1076	16	1003	17	1038	18	1067	19	1069	
	0	1019	1	1010	2	1014	3	1031	4	1017	5	1077	6	1075	7	1084	8	1076	9	1088	10	1074	11	1047	12	1085	13	1043	14	1096	15	1032	16	1077	17	1037	18	1083	19	1061	
	0	1060	1	1005	2	1087	3	1010	4	1071	5	1024	6	1039	7	1075	8	1059	9	1088	10	1051	11	1013	12	1005	13	1087	14	1046	15	1085	16	1005	17	1067	18	1042	19	1096	
	0	1080	1	1063	2	1029	3	1021	4	1042	5	1082	6	1056	7	1077	8	1037	9	1023	10	1084	11	1020	12	1071	13	1063	14	1089	15	1021	16	1045	17	1030	18	1035	19	1065	
	0	1086	1	1092	2	1071	3	1086	4	1078	5	1068	6	1033	7	1051	8	1095	9	1099	10	1040	11	1034	12	1006	13	1099	14	1017	15	1035	16	1003	17	1053	18	1050	19	1087	
	0	1087	1	1093	2	1038	3	1020	4	1098	5	1081	6	1070	7	1008	8	1048	9	1024	10	1055	11	1056	12	1098	13	1072	14	1011	15	1033	16	1015	17	1070	18	1002	19	1096	
	0	1097	1	1055	2	1076	3	1013	4	1062	5	1093	6	1035	7	1008	8	1091	9	1010	10	1053	11	1057	12	1044	13	1035	14	1017	15	1039	16	1068	17	1046	18	1099	19	1085	
	0	1080	1	1002	2	1083	3	1076	4	1071	5	1056	6	1038	7	1015	8	1052	9	1092	10	1025	11	1050	12	1048	13	1033	14	1054	15	1069	16	1097	17	1054	18	1074	19	1077	
	0	1056	1	1022	2	1028	3	1068	4	1096	5	1014	6	1055	7	1088	8	1062	9	1100	10	1024	11	1078	12	1064	13	1051	14	1058	15	1074	16	1032	17	1100	18	1020	19	1055	
	0	1014	1	1014	2	1049	3	1088	4	1057	5	1074	6	1076	7	1055	8	1054	9	1096	10	1068	11	1095	12	1005	13	1053	14	1100	15	1016	16	1095	17	1059	18	1097	19	1034	
	0	1031	1	1056	2	1038	3	1075	4	1079	5	1036	6	1006	7	1049	8	1025	9	1004	10	1025	11	1049	12	1098	13	1025	14	1088	15	1098	16	1063	17	1019	18	1054	19	1033	
	0	1096	1	1082	2	1001	3	1031	4	1045	5	1008	6	1004	7	1079	8	1018	9	1054	10	1000	11	1049	12	1086	13	1009	14	1096	15	1010	16	1010	17	1057	18	1091	19	1027	
	0	1047	1	1006	2	1056	3	1038	4	1044	5	1028	6	1035	7	1056	8	1015	9	1006	10	1009	11	1049	12	1055	13	1057	14	1064	15	1076	16	1027	17	1000	18	1040	19	1069	
	0	1023	1	1092	2	1053	3	1072	4	1005	5	1093	6	1037	7	1069	8	1032	9	1098	10	1092	11	1025	12	1089	13	1030	14	1000	15	1061	16	1099	17	1074	18	1008	19	1061	
	0	1008	1	1010	2	1069	3	1062	4	1065	5	1000	6	1095	7	1077	8	1063	9	1048	10	1083	11	1035	12	1100	13	1031	14	1068	15	1070	16	1047	17	1091	18	1069	19	1092	
	0	1043	1	1062	2	1087	3	1030	4	1087	5	1073	6	1019	7	1012	8	1058	9	1093	10	1000	11	1068	12	1092	13	1069	14	1075	15	1025	16	1073	17	1057	18	1045	19	1064	
	0	1060	1	1054	2	1002	3	1087	4	1044	5	1007	6	1098	7	1081	8	1042	9	1045	10	1043	11	1073	12	1024	13	1048	14	1052	15	1031	16	1048	17	1069	18	1015	19	1042	
	0	1071	1	1071	2	1077	3	1084	4	1047	5	1052	6	1050	7	1092	8	1069	9	1065	10	1099	11	1050	12	1100	13	1026	14	1087	15	1053	16	1012	17	1020	18	1031	19	1087	
	0	1054	1	1075	2	1070	3	1060	4	1031	5	1007	6	1063	7	1036	8	1001	9	1032	10	1070	11	1094	12	1091	13	1021	14	1075	15	1026	16	1069	17	1041	18	1027	19	1069	
	0	1038	1	1059	2	1100	3	1030	4	1037	5	1005	6	1052	7	1041	8	1012	9	1079	10	1003	11	1099	12	1067	13	1025	14	1057	15	1066	16	1034	17	1006	18	1022	19	1077	
	0	1013	1	1023	2	1003	3	1089	4	1085	5	1083	6	1046	7	1052	8	1074	9	1060	10	1021	11	1063	12	1015	13	1069	14	1016	15	1040	16	1078	17	1035	18	1075	19	1096	
	0	1016	1	1049	2	1059	3	1005	4	1001	5	1094	6	1044	7	1001	8	1025	9	1069	10	1010	11	1056	12	1079	13	1067	14	1024	15	1011	16	1002	17	1066	18	1040	19	1006	
	0	1026	1	1012	2	1068	3	1006	4	1040	5	1061	6	1012	7	1011	8	1064	9	1009	10	1000	11	1087	12	1046	13	1097	14	1087	15	1006	16	1083	17	1023	18	1006	19	1071	
	0	1043	1	1066	2	1009	3	1057	4	1048	5	1006	6	1043	7	1081	8	1084	9	1066	10	1024	11	1049	12	1077	13	1010	14	1004	15	1078	16	1082	17	1073	18	1009	19	1008	
	0	1018	1	1092	2	1045	3	1073	4	1005	5	1032	6	1019	7	1039	8	1079	9	1008	10	1050	11	1098	12	1025	13	1014	14	1038	15	1030	16	1003	17	1100	18	1007	19	1076	
	0	1004	1	1057	2	1018	3	1065	4	1030	5	1031	6	1053	7	1038	8	1021	9	1064	10	1064	11	1011	12	1030	13	1046	14	1042	15	1083	16	1032	17	1016	18	1068	19	1055	
	0	1056	1	1058	2	1071	3	1079	4	1090	5	1048	6	1000	7	1037	8	1089	9	1073	10	1000	11	1025	12	1059	13	1016	14	1059	15	1045	16	1091	17	1037	18	1016	19	1053	
	0	1079	1	1021	2	1011	3	1066	4	1089	5	1077	6	1070	7	1078	8	1046	9	1098	10	1080	11	1056	12	1008	13	1012	14	1082	15	1067	16	1100	17	1009	18	1076	19	1003	
	0	1006	1	1010	2	1064	3	1057	4	1051	5	1000	6	1050	7	1032	8	1023	9	1066	10	1063	11	1005	12	1031	13	1079	14	1078	15	1056	16	1034	17	1008	18	1077	19	1067	
	0	1065	1	1054	2	1004	3	1084	4	1097	5	1018	6	1096	7	1077	8	1025	9	1004	10	1026	11	1001	12	1090	13	1051	14	1043	15	1056	16	1014	17	1078	18	1008	19	1096	
	0	1011	1	1037	2	1006	3	1059	4	1066	5	1060	6	1056	7	1040	8	1051	9	1040	10	1042	11	1034	12	1009	13	1094	14	1090	15	1070	16	1098	17	1015	18	1081	19	1029	
	0	1099	1	1089	2	1039	3	1009	4	1044	5	1073	6	1099	7	1070	8	1044	9	1027	10	1028	11	1069	12	1022	13	1070	14	1030	15	1011	16	1038	17	1041	18	1032	19	1009	
	0	1085	1	1047	2	1065	3	1021	4	1074	5	1087	6	1070	7	1098	8	1000	9	1093	10	1069	11	1084	12	1054	13	1010	14	1058	15	1091	16	1000	17	1094	18	1069	19	1017	
	0	1096	1	1009	2	1008	3	1085	4	1098	5	1014	6	1044	7	1027	8	1056	9	1032	10	1070	11	1008	12	1029	13	1053	14	1032	15	1015	16	1027	17	1003	18	1031	19	1100	
	0	1072	1	1018	2	1074	3	1032	4	1064	5	1009	6	1084	7	1025	8	1066	9	1088	10	1067	11	1004	12	1053	13	1046	14	1029	15	1076	16	1026	17	1064	18	1057	19	1001	
	0	1033	1	1002	2	1066	3	1013	4	1002	5	1012	6	1039	7	1066	8	1006	9	1035	10	1100	11	1099	12	1044	13	1033	14	1091	15	1026	16	1068	17	1024	18	1055	19	1095	
	0	1057	1	1089	2	1064	3	1016	4	1071	5	1075	6	1030	7	1007	8	1069	9	1043	10	1036	11	1036	12	1015	13	1044	14	1047	15	1078	16	1036	17	1032	18	1091	19	1076	
	0	1009	1	1035	2	1026	3	1049	4	1100	5	1024	6	1038	7	1096	8	1055	9	1078	10	1047	11	1080	12	1067	13	1073	14	1100	15	1019	16	1087	17	1072	18	1065	19	1100	
	0	1003	1	1047	2	1063	3	1002	4	1091	5	1097	6	1066	7	1020	8	1075	9	1045	10	1065	11	1008	12	1009	13	1004	14	1055	15	1019	16	1044	17	1065	18	1093	19	1031	
	0	1007	1	1000	2	1037	3	1014	4	1038	5	1096	6	1021	7	1029	8	1072	9	1025	10	1027	11	1024	12	1054	13	1023	14	1099	15	1100	16	1089	17	1016	18	1066	19	1033	
	0	1030	1	1009	2	1076	3	1084	4	1080	5	1052	6	1028	7	1013	8	1046	9	1026	10	1086	11	1059	12	1004	13	1045	14	1092	15	1088	16	1045	17	1011	18	1045	19	1096	
	0	1044	1	1031	2	1058	3	1057	4	1008	5	1030	6	1084	7	1020	8	1088	9	1041	10	1022	11	1083	12	1007	13	1069	14	1007	15	1084	16	1095	17	1021	18	1088	19	1034	
	0	1065	1	1096	2	1031	3	1047	4	1011	5	1060	6	1055	7	1001	8	1047	9	1006	10	1046	11	1028	12	1099	13	1047	14	1079	15	1068	16	1045	17	1024	18	1053	19	1078	
	0	1081	1	1029	2	1041	3	1039	4	1055	5	1035	6	1080	7	1075	8	1011	9	1046	10	1048	11	1010	12	1081	13	1032	14	1015	15	1007	16	1002	17	1024	18	1029	19	1075	
	0	1077	1	1023	2	1074	3	1050	4	1098	5	1041	6	1084	7	1097	8	1059	9	1099	10	1070	11	1057	12	1085	13	1029	14	1075	15	1100	16	1093	17	1033	18	1049	19	1021	
	0	1100	1	1065	2	1055	3	1074	4	1001	5	1086	6	1019	7	1021	8	1063	9	1051	10	1014	11	1035	12	1013	13	1062	14	1091	15	1079	16	1039	17	1020	18	1053	19	1076	
	0	1026	1	1031	2	1022	3	1075	4	1067	5	1092	6	1094	7	1068	8	1081	9	1035	10	1076	11	1066	12	1047	13	1050	14	1064	15	1066	16	1050	17	1040	18	1008	19	1065	
	0	1030	1	1067	2	1012	3	1063	4	1047	5	1068	6	1008	7	1031	8	1056	9	1026	10	1093	11	1002	12	1032	13	1057	14	1001	15	1100	16	1061	17	1078	18	1008	19	1096	
	0	1049	1	1088	2	1094	3	1042	4	1009	5	1012	6	1059	7	1025	8	1100	9	1068	10	1037	11	1034	12	1051	13	1043	14	1058	15	1048	16	1094	17	1034	18	1044	19	1015	
	0	1092	1	1013	2	1031	3	1083	4	1008	5	1000	6	1073	7	1030	8	1088	9	1003	10	1049	11	1084	12	1061	13	1030	14	1052	15	1024	16	1081	17	1031	18	1031	19	1001	
	0	1069	1	1079	2	1002	3	1014	4	1063	5	1097	6	1010	7	1008	8	1044	9	1062	10	1008	11	1052	12	1039	13	1089	14	1035	15	1036	16	1094	17	1012	18	1000	19	1084	
	0	1075	1	1031	2	1088	3	1080	4	1004	5	1008	6	1010	7	1034	8	1065	9	1020	10	1022	11	1058	12	1085	13	1028	14	1047	15	1067	16	1005	17	1004	18	1041	19	1015	
	0	1056	1	1024	2	1081	3	1048	4	1066	5	1035	6	1059	7	1000	8	1046	9	1057	10	1059	11	1010	12	1076	13	1008	14	1096	15	1024	16	1086	17	1008	18	1051	19	1028	
	0	1067	1	1084	2	1075	3	1100	4	1036	5	1099	6	1003	7	1062	8	1053	9	1066	10	1081	11	1077	12	1012	13	1097	14	1015	15	1003	16	1019	17	1036	18	1003	19	1098	
	0	1076	1	1041	2	1036	3	1029	4	1020	5	1033	6	1070	7	1006	8	1016	9	1021	10	1017	11	1100	12	1064	13	1089	14	1005	15	1045	16	1011	17	1020	18	1020	19	1081	
	0	1074	1	1004	2	1065	3	1037	4	1028	5	1025	6	1070	7	1063	8	1027	9	1040	10	1050	11	1098	12	1020	13	1033	14	1087	15	1012	16	1037	17	1035	18	1029	19	1098	
	0	1031	1	1029	2	1052	3	1062	4	1048	5	1042	6	1048	7	1005	8	1082	9	1063	10	1037	11	1011	12	1012	13	1013	14	1033	15	1027	16	1021	17	1048	18	1060	19	1071	
	0	1014	1	1001	2	1100	3	1012	4	1055	5	1079	6	1082	7	1094	8	1035	9	1010	10	1084	11	1023	12	1008	13	1015	14	1007	15	1019	16	1093	17	1094	18	1097	19	1001	
	0	1028	1	1061	2	1039	3	1069	4	1034	5	1049	6	1035	7	1037	8	1033	9	1075	10	1041	11	1077	12	1077	13	1061	14	1088	15	1025	16	1003	17	1081	18	1001	19	1064	
	0	1061	1	1040	2	1098	3	1016	4	1020	5	1042	6	1087	7	1086	8	1015	9	1017	10	1076	11	1083	12	1070	13	1020	14	1088	15	1085	16	1055	17	1100	18	1016	19	1000	
	0	1042	1	1002	2	1086	3	1033	4	1042	5	1094	6	1035	7	1077	8	1086	9	1074	10	1001	11	1052	12	1041	13	1028	14	1100	15	1043	16	1074	17	1009	18	1087	19	1013	
	0	1074	1	1003	2	1086	3	1058	4	1015	5	1018	6	1069	7	1087	8	1033	9	1030	10	1045	11	1067	12	1061	13	1065	14	1077	15	1086	16	1079	17	1004	18	1082	19	1051	
	0	1029	1	1031	2	1075	3	1023	4	1048	5	1097	6	1057	7	1044	8	1060	9	1013	10	1078	11	1013	12	1053	13	1002	14	1065	15	1093	16	1051	17	1083	18	1054	19	1073	
	0	1088	1	1010	2	1095	3	1062	4	1033	5	1084	6	1074	7	1088	8	1036	9	1060	10	1081	11	1096	12	1056	13	1065	14	1099	15	1037	16	1070	17	1058	18	1055	19	1078	
	0	1095	1	1056	2	1079	3	1053	4	1081	5	1087	6	1100	7	1016	8	1073	9	1034	10	1010	11	1017	12	1003	13	1077	14	1085	15	1090	16	1011	17	1079	18	1093	19	1038	
	0	1061	1	1063	2	1049	3	1100	4	1036	5	1087	6	1006	7	1089	8	1074	9	1016	10	1005	11	1080	12	1021	13	1093	14	1073	15	1005	16	1046	17	1053	18	1025	19	1000	
	0	1060	1	1013	2	1048	3	1039	4	1069	5	1051	6	1023	7	1066	8	1061	9	1031	10	1053	11	1008	12	1013	13	1024	14	1044	15	1008	16	1039	17	1078	18	1011	19	1069	
	0	1050	1	1012	2	1039	3	1062	4	1057	5	1089	6	1084	7	1077	8	1037	9	1082	10	1061	11	1073	12	1066	13	1060	14	1059	15	1092	16	1059	17	1024	18	1005	19	1025	
	0	1050	1	1051	2	1046	3	1066	4	1054	5	1058	6	1057	7	1031	8	1092	9	1067	10	1024	11	1013	12	1066	13	1095	14	1054	15	1088	16	1019	17	1051	18	1061	19	1091	
	0	1081	1	1039	2	1004	3	1075	4	1012	5	1051	6	1098	7	1089	8	1024	9	1096	10	1074	11	1017	12	1072	13	1045	14	1000	15	1050	16	1072	17	1067	18	1008	19	1014	
	0	1034	1	1092	2	1081	3	1040	4	1084	5	1036	6	1040	7	1097	8	1030	9	1004	10	1095	11	1082	12	1078	13	1062	14	1038	15	1055	16	1099	17	1057	18	1006	19	1095	
	0	1095	1	1079	2	1046	3	1058	4	1076	5	1054	6	1036	7	1041	8	1046	9	1076	10	1020	11	1044	12	1052	13	1078	14	1076	15	1004	16	1013	17	1012	18	1039	19	1062	
	0	1081	1	1039	2	1094	3	1011	4	1098	5	1089	6	1089	7	1072	8	1050	9	1020	10	1059	11	1060	12	1081	13	1096	14	1058	15	1054	16	1066	17	1082	18	1077	19	1054	