100 30 1
30
	0	1070	1	1042	2	1006	3	1057	4	1025	5	1009	6	1050	7	1038	8	1011	9	1066	10	1068	11	1091	12	1078	13	1063	14	1048	15	1005	16	1083	17	1038	18	1090	19	1050	20	1059	21	1099	22	1003	23	1087	24	1034	25	1071	26	1017	27	1022	28	1021	29	1090	
	0	1086	1	1073	2	1068	3	1057	4	1040	5	1085	6	1069	7	1062	8	1061	9	1049	10	1012	11	1050	12	1036	13	1094	14	1037	15	1055	16	1036	17	1058	18	1022	19	1035	20	1045	21	1045	22	1045	23	1055	24	1064	25	1028	26	1057	27	1088	28	1066	29	1086	
	0	1051	1	1064	2	1093	3	1062	4	1085	5	1047	6	1048	7	1058	8	1027	9	1067	10	1028	11	1055	12	1069	13	1033	14	1088	15	1072	16	1084	17	1018	18	1094	19	1090	20	1042	21	1002	22	1001	23	1088	24	1088	25	1087	26	1039	27	1063	28	1087	29	1087	
	0	1088	1	1013	2	1009	3	1055	4	1044	5	1021	6	1090	7	1022	8	1084	9	1096	10	1050	11	1026	12	1076	13	1022	14	1081	15	1048	16	1070	17	1033	18	1093	19	1016	20	1008	21	1007	22	1053	23	1090	24	1045	25	1020	26	1001	27	1025	28	1081	29	1007	
	0	1007	1	1033	2	1029	3	1029	4	1016	5	1081	6	1029	7	1065	8	1003	9	1066	10	1035	11	1083	12	1075	13	1073	14	1066	15	1096	16	1044	17	1014	18	1026	19	1002	20	1016	21	1068	22	1011	23	1001	24	1042	25	1092	26	1033	27	1063	28	1094	29	1058	
	0	1050	1	1059	2	1007	3	1038	4	1082	5	1076	6	1028	7	1078	8	1004	9	1035	10	1077	11	1020	12	1031	13	1086	14	1059	15	1010	16	1017	17	1088	18	1028	19	1072	20	1098	21	1062	22	1076	23	1035	24	1077	25	1089	26	1083	27	1042	28	1092	29	1083	
	0	1021	1	1028	2	1007	3	1094	4	1034	5	1070	6	1001	7	1000	8	1026	9	1093	10	1029	11	1016	12	1093	13	1007	14	1066	15	1037	16	1085	17	1034	18	1053	19	1091	20	1053	21	1065	22	1058	23	1029	24	1016	25	1096	26	1023	27	1006	28	1001	29	1046	
	0	1067	1	1036	2	1005	3	1087	4	1093	5	1038	6	1053	7	1099	8	1083	9	1012	10	1034	11	1057	12	1027	13	1068	14	1094	15	1047	16	1028	17	1031	18	1082	19	1077	20	1009	21	1030	22	1013	23	1005	24	1000	25	1035	26	1077	27	1063	28	1098	29	1070	
	0	1097	1	1055	2	1002	3	1093	4	1022	5	1080	6	1086	7	1042	8	1076	9	1006	10	1007	11	1083	12	1073	13	1096	14	1092	15	1002	16	1020	17	1076	18	1062	19	1018	20	1052	21	1036	22	1085	23	1028	24	1075	25	1042	26	1040	27	1071	28	1093	29	1062	
	0	1066	1	1044	2	1049	3	1082	4	1072	5	1084	6	1092	7	1001	8	1000	9	1092	10	1077	11	1046	12	1095	13	1093	14	1038	15	1083	16	1085	17	1055	18	1027	19	1024	20	1061	21	1010	22	1081	23	1038	24	1035	25	1050	26	1085	27	1079	28	1085	29	1070	
	0	1014	1	1083	2	1043	3	1019	4	1042	5	1085	6	1035	7	1046	8	1038	9	1066	10	1091	11	1023	12	1095	13	1050	14	1026	15	1022	16	1082	17	1000	18	1071	19	1089	20	1039	21	1066	22	1059	23	1021	24	1010	25	1033	26	1053	27	1060	28	1012	29	1035	
	0	1056	1	1091	2	1081	3	1056	4	1004	5	1003	6	1057	7	1028	8	1050	9	1032	10	1047	11	1023	12	1083	13	1006	14	1046	15	1096	16	1059	17	1044	18	1055	19	1051	20	1023	21	1097	22	1064	23	1096	24	1057	25	1052	26	1043	27	1070	28	1023	29	1017	
	0	1041	1	1012	2	1088	3	1097	4	1021	5	1005	6	1073	7	1037	8	1095	9	1086	10	1050	11	1017	12	1000	13	1091	14	1064	15	1000	16	1027	17	1053	18	1003	19	1070	20	1019	21	1095	22	1060	23	1073	24	1041	25	1038	26	1037	27	1071	28	1068	29	1070	
	0	1093	1	1066	2	1066	3	1081	4	1038	5	1084	6	1010	7	1062	8	1037	9	1040	10	1009	11	1042	12	1066	13	1005	14	1099	15	1023	16	1054	17	1014	18	1094	19	1089	20	1098	21	1030	22	1046	23	1081	24	1014	25	1049	26	1044	27	1091	28	1098	29	1046	
	0	1050	1	1074	2	1023	3	1016	4	1066	5	1070	6	1037	7	1025	8	1078	9	1050	10	1034	11	1042	12	1015	13	1012	14	1017	15	1062	16	1039	17	1077	18	1072	19	1030	20	1093	21	1050	22	1061	23	1040	24	1097	25	1036	26	1043	27	1064	28	1053	29	1095	
	0	1060	1	1039	2	1013	3	1095	4	1018	5	1018	6	1013	7	1072	8	1060	9	1033	10	1079	11	1066	12	1085	13	1009	14	1018	15	1023	16	1050	17	1043	18	1005	19	1037	20	1018	21	1077	22	1015	23	1009	24	1081	25	1097	26	1081	27	1049	28	1097	29	1060	
	0	1018	1	1076	2	1099	3	1080	4	1079	5	1037	6	1072	7	1080	8	1068	9	1023	10	1030	11	1079	12	1045	13	1030	14	1088	15	1058	16	1036	17	1011	18	1039	19	1034	20	1048	21	1038	22	1051	23	1023	24	1022	25	1053	26	1094	27	1031	28	1033	29	1072	
	0	1098	1	1022	2	1053	3	1077	4	1017	5	1001	6	1074	7	1028	8	1053	9	1089	10	1067	11	1062	12	1013	13	1050	14	1006	15	1071	16	1016	17	1061	18	1038	19	1085	20	1044	21	1099	22	1085	23	1083	24	1014	25	1092	26	1000	27	1026	28	1022	29	1098	
	0	1098	1	1090	2	1078	3	1041	4	1089	5	1064	6	1073	7	1064	8	1055	9	1080	10	1018	11	1056	12	1070	13	1029	14	1011	15	1012	16	1085	17	1013	18	1024	19	1081	20	1035	21	1069	22	1027	23	1045	24	1040	25	1026	26	1052	27	1028	28	1019	29	1033	
	0	1023	1	1003	2	1072	3	1078	4	1025	5	1050	6	1001	7	1055	8	1087	9	1068	10	1002	11	1093	12	1019	13	1028	14	1100	15	1051	16	1078	17	1004	18	1091	19	1053	20	1061	21	1023	22	1003	23	1081	24	1018	25	1072	26	1093	27	1053	28	1052	29	1086	
	0	1019	1	1019	2	1031	3	1055	4	1084	5	1081	6	1094	7	1018	8	1015	9	1051	10	1095	11	1085	12	1068	13	1064	14	1010	15	1088	16	1098	17	1030	18	1071	19	1095	20	1071	21	1056	22	1035	23	1016	24	1072	25	1022	26	1016	27	1097	28	1052	29	1051	
	0	1034	1	1072	2	1039	3	1073	4	1083	5	1078	6	1028	7	1025	8	1078	9	1087	10	1052	11	1039	12	1092	13	1051	14	1052	15	1100	16	1016	17	1095	18	1022	19	1078	20	1053	21	1054	22	1079	23	1095	24	1008	25	1016	26	1025	27	1030	28	1071	29	1095	
	0	1070	1	1082	2	1005	3	1038	4	1033	5	1079	6	1058	7	1008	8	1047	9	1019	10	1029	11	1094	12	1035	13	1043	14	1013	15	1044	16	1078	17	1027	18	1066	19	1066	20	1018	21	1060	22	1038	23	1046	24	1032	25	1051	26	1083	27	1065	28	1073	29	1021	
	0	1060	1	1054	2	1092	3	1082	4	1023	5	1066	6	1034	7	1062	8	1086	9	1037	10	1090	11	1044	12	1100	13	1013	14	1096	15	1091	16	1011	17	1054	18	1015	19	1092	20	1091	21	1015	22	1094	23	1056	24	1044	25	1030	26	1002	27	1086	28	1074	29	1049	
	0	1080	1	1090	2	1024	3	1044	4	1070	5	1092	6	1099	7	1063	8	1033	9	1011	10	1023	11	1053	12	1087	13	1035	14	1024	15	1074	16	1026	17	1037	18	1064	19	1034	20	1078	21	1037	22	1011	23	1092	24	1078	25	1090	26	1063	27	1065	28	1046	29	1008	
	0	1088	1	1037	2	1021	3	1094	4	1022	5	1064	6	1091	7	1014	8	1029	9	1027	10	1082	11	1096	12	1062	13	1006	14	1078	15	1100	16	1036	17	1063	18	1051	19	1018	20	1020	21	1053	22	1043	23	1081	24	1002	25	1001	26	1012	27	1044	28	1006	29	1008	
	0	1039	1	1015	2	1048	3	1087	4	1052	5	1100	6	1012	7	1008	8	1053	9	1039	10	1018	11	1012	12	1067	13	1055	14	1017	15	1038	16	1045	17	1045	18	1080	19	1082	20	1006	21	1039	22	1071	23	1091	24	1020	25	1075	26	1037	27	1042	28	1094	29	1080	
	0	1026	1	1022	2	1025	3	1056	4	1050	5	1030	6	1100	7	1087	8	1092	9	1042	10	1032	11	1092	12	1016	13	1099	14	1079	15	1060	16	1076	17	1100	18	1035	19	1075	20	1065	21	1080	22	1099	23	1030	24	1021	25	1034	26	1004	27	1082	28	1077	29	1051	
	0	1044	1	1072	2	1086	3	1079	4	1094	5	1048	6	1046	7	1030	8	1076	9	1038	10	1022	11	1058	12	1034	13	1084	14	1014	15	1039	16	1092	17	1073	18	1052	19	1027	20	1092	21	1043	22	1080	23	1039	24	1077	25	1093	26	1000	27	1084	28	1027	29	1081	
	0	1082	1	1023	2	1004	3	1084	4	1037	5	1068	6	1069	7	1000	8	1018	9	1052	10	1014	11	1050	12	1056	13	1047	14	1025	15	1086	16	1035	17	1094	18	1022	19	1044	20	1079	21	1055	22	1002	23	1066	24	1083	25	1076	26	1050	27	1053	28	1062	29	1094	
	0	1027	1	1091	2	1054	3	1054	4	1028	5	1024	6	1081	7	1039	8	1074	9	1070	10	1079	11	1030	12	1026	13	1080	14	1001	15	1055	16	1061	17	1041	18	1029	19	1056	20	1019	21	1080	22	1002	23	1008	24	1098	25	1052	26	1014	27	1026	28	1015	29	1041	
	0	1088	1	1056	2	1064	3	1047	4	1076	5	1081	6	1050	7	1011	8	1096	9	1007	10	1097	11	1015	12	1060	13	1087	14	1035	15	1096	16	1068	17	1044	18	1046	19	1099	20	1015	21	1060	22	1083	23	1008	24	1079	25	1064	26	1089	27	1042	28	1022	29	1075	
	0	1068	1	1037	2	1021	3	1089	4	1066	5	1002	6	1053	7	1046	8	1060	9	1050	10	1093	11	1007	12	1095	13	1018	14	1075	15	1088	16	1047	17	1074	18	1015	19	1042	20	1042	21	1045	22	1050	23	1044	24	1021	25	1056	26	1008	27	1003	28	1066	29	1020	
	0	1016	1	1077	2	1023	3	1048	4	1038	5	1061	6	1071	7	1046	8	1075	9	1068	10	1099	11	1017	12	1069	13	1062	14	1080	15	1080	16	1016	17	1003	18	1064	19	1060	20	1039	21	1068	22	1096	23	1000	24	1078	25	1006	26	1073	27	1081	28	1004	29	1022	
	0	1065	1	1031	2	1055	3	1017	4	1014	5	1019	6	1009	7	1025	8	1060	9	1046	10	1046	11	1058	12	1010	13	1064	14	1010	15	1072	16	1099	17	1001	18	1040	19	1049	20	1023	21	1081	22	1003	23	1039	24	1044	25	1013	26	1016	27	1031	28	1091	29	1023	
	0	1002	1	1002	2	1091	3	1054	4	1002	5	1064	6	1075	7	1005	8	1067	9	1022	10	1018	11	1046	12	1016	13	1046	14	1050	15	1015	16	1039	17	1057	18	1030	19	1085	20	1086	21	1063	22	1088	23	1019	24	1014	25	1098	26	1022	27	1080	28	1077	29	1024	
	0	1036	1	1042	2	1065	3	1008	4	1016	5	1094	6	1056	7	1025	8	1094	9	1047	10	1100	11	1024	12	1024	13	1013	14	1002	15	1024	16	1023	17	1035	18	1009	19	1083	20	1079	21	1051	22	1071	23	1057	24	1057	25	1035	26	1090	27	1041	28	1036	29	1058	
	0	1062	1	1015	2	1059	3	1039	4	1030	5	1083	6	1070	7	1074	8	1031	9	1002	10	1086	11	1070	12	1020	13	1086	14	1059	15	1015	16	1007	17	1099	18	1044	19	1080	20	1036	21	1037	22	1049	23	1030	24	1100	25	1017	26	1072	27	1096	28	1052	29	1041	
	0	1036	1	1057	2	1030	3	1061	4	1062	5	1068	6	1094	7	1055	8	1023	9	1087	10	1062	11	1051	12	1079	13	1094	14	1052	15	1024	16	1088	17	1043	18	1074	19	1083	20	1090	21	1012	22	1086	23	1020	24	1085	25	1094	26	1082	27	1063	28	1062	29	1000	
	0	1051	1	1039	2	1000	3	1004	4	1003	5	1024	6	1044	7	1094	8	1026	9	1060	10	1013	11	1027	12	1053	13	1022	14	1004	15	1023	16	1065	17	1026	18	1090	19	1095	20	1097	21	1044	22	1008	23	1014	24	1093	25	1034	26	1025	27	1037	28	1054	29	1032	
	0	1057	1	1095	2	1023	3	1059	4	1077	5	1061	6	1044	7	1086	8	1030	9	1005	10	1093	11	1037	12	1094	13	1097	14	1015	15	1061	16	1040	17	1026	18	1058	19	1100	20	1096	21	1005	22	1067	23	1027	24	1092	25	1092	26	1072	27	1037	28	1021	29	1083	
	0	1047	1	1092	2	1049	3	1045	4	1079	5	1032	6	1100	7	1014	8	1099	9	1028	10	1018	11	1053	12	1081	13	1061	14	1010	15	1056	16	1020	17	1019	18	1100	19	1088	20	1026	21	1089	22	1097	23	1047	24	1010	25	1078	26	1062	27	1036	28	1062	29	1001	
	0	1071	1	1098	2	1033	3	1069	4	1072	5	1061	6	1065	7	1064	8	1041	9	1021	10	1059	11	1088	12	1005	13	1027	14	1023	15	1031	16	1025	17	1015	18	1004	19	1007	20	1057	21	1079	22	1045	23	1010	24	1040	25	1065	26	1032	27	1031	28	1062	29	1021	
	0	1054	1	1005	2	1047	3	1056	4	1077	5	1075	6	1043	7	1051	8	1001	9	1096	10	1098	11	1027	12	1082	13	1080	14	1071	15	1069	16	1001	17	1057	18	1016	19	1098	20	1024	21	1047	22	1002	23	1043	24	1027	25	1076	26	1064	27	1049	28	1044	29	1093	
	0	1032	1	1091	2	1096	3	1097	4	1010	5	1004	6	1096	7	1022	8	1013	9	1094	10	1065	11	1096	12	1076	13	1028	14	1059	15	1089	16	1033	17	1088	18	1038	19	1059	20	1027	21	1052	22	1063	23	1054	24	1022	25	1065	26	1010	27	1006	28	1040	29	1083	
	0	1030	1	1080	2	1077	3	1064	4	1006	5	1084	6	1086	7	1082	8	1068	9	1098	10	1017	11	1038	12	1061	13	1081	14	1048	15	1060	16	1045	17	1039	18	1031	19	1043	20	1002	21	1050	22	1002	23	1002	24	1087	25	1020	26	1011	27	1088	28	1010	29	1000	
	0	1032	1	1024	2	1044	3	1034	4	1053	5	1091	6	1040	7	1001	8	1053	9	1087	10	1078	11	1021	12	1072	13	1056	14	1068	15	1068	16	1083	17	1043	18	1071	19	1089	20	1017	21	1034	22	1020	23	1052	24	1029	25	1003	26	1088	27	1066	28	1046	29	1035	
	0	1038	1	1027	2	1023	3	1030	4	1032	5	1010	6	1097	7	1075	8	1021	9	1008	10	1004	11	1035	12	1005	13	1011	14	1026	15	1088	16	1014	17	1096	18	1065	19	1070	20	1021	21	1071	22	1073	23	1019	24	1042	25	1061	26	1032	27	1082	28	1010	29	1082	
	0	1087	1	1003	2	1056	3	1001	4	1031	5	1080	6	1020	7	1050	8	1027	9	1045	10	1062	11	1086	12	1008	13	1023	14	1062	15	1051	16	1000	17	1008	18	1075	19	1000	20	1096	21	1040	22	1051	23	1032	24	1030	25	1010	26	1062	27	1017	28	1050	29	1039	
	0	1058	1	1086	2	1075	3	1075	4	1051	5	1092	6	1023	7	1005	8	1034	9	1064	10	1014	11	1079	12	1061	13	1008	14	1083	15	1024	16	1060	17	1003	18	1087	19	1088	20	1064	21	1059	22	1089	23	1072	24	1043	25	1049	26	1091	27	1031	28	1062	29	1062	
	0	1022	1	1079	2	1025	3	1062	4	1064	5	1006	6	1061	7	1003	8	1082	9	1029	10	1078	11	1090	12	1038	13	1050	14	1068	15	1043	16	1073	17	1086	18	1002	19	1065	20	1090	21	1000	22	1037	23	1039	24	1038	25	1034	26	1070	27	1036	28	1080	29	1017	
	0	1028	1	1090	2	1096	3	1092	4	1072	5	1010	6	1072	7	1074	8	1011	9	1072	10	1076	11	1034	12	1081	13	1002	14	1042	15	1042	16	1075	17	1088	18	1034	19	1089	20	1038	21	1022	22	1033	23	1036	24	1008	25	1062	26	1015	27	1046	28	1054	29	1037	
	0	1028	1	1009	2	1078	3	1017	4	1037	5	1098	6	1054	7	1062	8	1003	9	1091	10	1070	11	1017	12	1048	13	1077	14	1074	15	1030	16	1003	17	1096	18	1075	19	1042	20	1058	21	1047	22	1072	23	1094	24	1047	25	1087	26	1063	27	1013	28	1012	29	1070	
	0	1082	1	1041	2	1063	3	1063	4	1042	5	1004	6	1007	7	1092	8	1007	9	1084	10	1062	11	1082	12	1053	13	1010	14	1070	15	1068	16	1024	17	1052	18	1041	19	1063	20	1069	21	1017	22	1096	23	1005	24	1100	25	1065	26	1081	27	1003	28	1023	29	1069	
	0	1075	1	1040	2	1005	3	1045	4	1092	5	1045	6	1001	7	1099	8	1068	9	1093	10	1040	11	1063	12	1059	13	1029	14	1072	15	1018	16	1087	17	1024	18	1074	19	1036	20	1030	21	1081	22	1081	23	1075	24	1000	25	1069	26	1038	27	1045	28	1063	29	1000	
	0	1070	1	1069	2	1012	3	1040	4	1028	5	1049	6	1054	7	1081	8	1007	9	1008	10	1045	11	1042	12	1086	13	1047	14	1092	15	1018	16	1037	17	1074	18	1058	19	1098	20	1034	21	1031	22	1065	23	1051	24	1063	25	1070	26	1065	27	1001	28	1052	29	1020	
	0	1092	1	1089	2	1062	3	1002	4	1040	5	1065	6	1057	7	1055	8	1004	9	1086	10	1019	11	1004	12	1006	13	1011	14	1032	15	1024	16	1069	17	1003	18	1077	19	1098	20	1021	21	1000	22	1053	23	1064	24	1021	25	1067	26	1021	27	1095	28	1002	29	1058	
	0	1029	1	1056	2	1070	3	1057	4	1039	5	1042	6	1059	7	1086	8	1060	9	1067	10	1004	11	1058	12	1005	13	1046	14	1052	15	1075	16	1043	17	1060	18	1053	19	1020	20	1099	21	1014	22	1057	23	1008	24	1036	25	1080	26	1033	27	1079	28	1051	29	1062	
	0	1003	1	1016	2	1024	3	1035	4	1099	5	1093	6	1086	7	1058	8	1063	9	1008	10	1094	11	1033	12	1069	13	1078	14	1053	15	1067	16	1047	17	1071	18	1026	19	1010	20	1008	21	1050	22	1002	23	1089	24	1037	25	1060	26	1003	27	1036	28	1010	29	1075	
	0	1018	1	1079	2	1094	3	1043	4	1024	5	1076	6	1058	7	1073	8	1082	9	1078	10	1063	11	1029	12	1047	13	1057	14	1052	15	1070	16	1034	17	1087	18	1050	19	1097	20	1012	21	1030	22	1034	23	1064	24	1049	25	1083	26	1077	27	1041	28	1043	29	1001	
	0	1027	1	1074	2	1012	3	1001	4	1098	5	1026	6	1043	7	1014	8	1077	9	1030	10	1082	11	1068	12	1062	13	1015	14	1036	15	1004	16	1032	17	1010	18	1027	19	1084	20	1039	21	1082	22	1001	23	1008	24	1073	25	1045	26	1100	27	1069	28	1038	29	1023	
	0	1023	1	1002	2	1025	3	1091	4	1091	5	1015	6	1051	7	1010	8	1037	9	1074	10	1017	11	1090	12	1047	13	1083	14	1047	15	1095	16	1093	17	1094	18	1067	19	1028	20	1025	21	1027	22	1063	23	1001	24	1076	25	1013	26	1026	27	1097	28	1045	29	1068	
	0	1002	1	1091	2	1007	3	1080	4	1015	5	1084	6	1014	7	1020	8	1004	9	1093	10	1086	11	1100	12	1089	13	1052	14	1041	15	1073	16	1006	17	1020	18	1008	19	1078	20	1072	21	1048	22	1021	23	1004	24	1071	25	1039	26	1013	27	1064	28	1035	29	1032	
	0	1082	1	1004	2	1029	3	1024	4	1031	5	1059	6	1033	7	1076	8	1053	9	1085	10	1016	11	1029	12	1023	13	1036	14	1040	15	1008	16	1003	17	1099	18	1089	19	1025	20	1096	21	1004	22	1010	23	1097	24	1030	25	1069	26	1089	27	1074	28	1034	29	1068	
	0	1015	1	1077	2	1072	3	1058	4	1076	5	1063	6	1004	7	1068	8	1094	9	1024	10	1007	11	1000	12	1000	13	1032	14	1078	15	1016	16	1045	17	1001	18	1031	19	1100	20	1025	21	1043	22	1037	23	1007	24	1008	25	1086	26	1043	27	1053	28	1045	29	1069	
	0	1047	1	1024	2	1087	3	1054	4	1079	5	1030	6	1086	7	1040	8	1048	9	1025	10	1091	11	1062	12	1006	13	1100	14	1064	15	1008	16	1047	17	1053	18	1042	19	1094	20	1032	21	1002	22	1094	23	1020	24	1035	25	1038	26	1073	27	1056	28	1023	29	1073	
	0	1074	1	1007	2	1075	3	1031	4	1012	5	1051	6	1026	7	1002	8	1025	9	1081	10	1030	11	1087	12	1033	13	1024	14	1049	15	1089	16	1074	17	1055	18	1027	19	1077	20	1024	21	1030	22	1087	23	1082	24	1042	25	1035	26	1066	27	1034	28	1041	29	1099	
	0	1066	1	1060	2	1007	3	1098	4	1091	5	1021	6	1047	7	1002	8	1005	9	1051	10	1022	11	1016	12	1058	13	1085	14	1002	15	1007	16	1058	17	1063	18	1067	19	1002	20	1039	21	1074	22	1017	23	1098	24	1052	25	1099	26	1023	27	1064	28	1031	29	1091	
	0	1069	1	1036	2	1032	3	1084	4	1005	5	1061	6	1086	7	1062	8	1000	9	1051	10	1055	11	1018	12	1096	13	1092	14	1041	15	1036	16	1002	17	1089	18	1080	19	1076	20	1028	21	1080	22	1074	23	1073	24	1085	25	1063	26	1066	27	1089	28	1060	29	1026	
	0	1067	1	1064	2	1008	3	1017	4	1054	5	1035	6	1008	7	1016	8	1038	9	1026	10	1044	11	1029	12	1003	13	1069	14	1045	15	1083	16	1040	17	1007	18	1026	19	1039	20	1026	21	1094	22	1083	23	1019	24	1078	25	1071	26	1077	27	1008	28	1037	29	1064	
	0	1080	1	1082	2	1071	3	1089	4	1066	5	1000	6	1099	7	1072	8	1064	9	1062	10	1082	11	1028	12	1001	13	1049	14	1016	15	1071	16	1066	17	1024	18	1098	19	1072	20	1062	21	1030	22	1062	23	1097	24	1021	25	1057	26	1072	27	1027	28	1073	29	1061	
	0	1027	1	1026	2	1051	3	1062	4	1047	5	1091	6	1045	7	1056	8	1017	9	1018	10	1077	11	1001	12	1015	13	1057	14	1082	15	1015	16	1098	17	1100	18	1032	19	1027	20	1077	21	1073	22	1011	23	1100	24	1007	25	1038	26	1034	27	1042	28	1064	29	1011	
	0	1014	1	1096	2	1023	3	1097	4	1090	5	1059	6	1050	7	1036	8	1000	9	1089	10	1020	11	1000	12	1067	13	1080	14	1031	15	1039	16	1052	17	1007	18	1004	19	1031	20	1094	21	1017	22	1018	23	1002	24	1007	25	1015	26	1043	27	1052	28	1083	29	1001	
	0	1020	1	1074	2	1083	3	1047	4	1065	5	1056	6	1097	7	1023	8	1038	9	1057	10	1056	11	1008	12	1023	13	1098	14	1005	15	1095	16	1067	17	1078	18	1003	19	1061	20	1046	21	1052	22	1078	23	1064	24	1074	25	1085	26	1051	27	1068	28	1037	29	1043	
	0	1015	1	1018	2	1022	3	1044	4	1037	5	1002	6	1071	7	1074	8	1037	9	1073	10	1025	11	1075	12	1017	13	1024	14	1064	15	1060	16	1007	17	1013	18	1065	19	1014	20	1015	21	1013	22	1062	23	1068	24	1013	25	1091	26	1017	27	1049	28	1079	29	1011	
	0	1076	1	1064	2	1080	3	1096	4	1065	5	1087	6	1009	7	1015	8	1006	9	1007	10	1016	11	1050	12	1084	13	1099	14	1057	15	1092	16	1092	17	1084	18	1003	19	1072	20	1063	21	1025	22	1008	23	1078	24	1084	25	1092	26	1050	27	1019	28	1050	29	1068	
	0	1014	1	1053	2	1039	3	1081	4	1020	5	1037	6	1060	7	1013	8	1044	9	1081	10	1027	11	1018	12	1060	13	1094	14	1099	15	1053	16	1066	17	1005	18	1054	19	1046	20	1016	21	1076	22	1052	23	1060	24	1071	25	1051	26	1016	27	1096	28	1002	29	1051	
	0	1063	1	1090	2	1087	3	1083	4	1028	5	1015	6	1038	7	1044	8	1084	9	1050	10	1100	11	1033	12	1029	13	1045	14	1063	15	1048	16	1052	17	1019	18	1000	19	1021	20	1027	21	1003	22	1100	23	1044	24	1004	25	1093	26	1031	27	1023	28	1091	29	1041	
	0	1087	1	1019	2	1071	3	1033	4	1035	5	1008	6	1063	7	1045	8	1064	9	1064	10	1008	11	1001	12	1035	13	1030	14	1037	15	1074	16	1006	17	1004	18	1088	19	1069	20	1099	21	1092	22	1040	23	1042	24	1010	25	1001	26	1064	27	1064	28	1015	29	1016	
	0	1081	1	1012	2	1061	3	1020	4	1069	5	1074	6	1073	7	1086	8	1026	9	1051	10	1099	11	1090	12	1063	13	1069	14	1018	15	1071	16	1040	17	1004	18	1040	19	1060	20	1036	21	1048	22	1062	23	1015	24	1074	25	1098	26	1045	27	1006	28	1045	29	1033	
	0	1075	1	1080	2	1051	3	1025	4	1038	5	1031	6	1026	7	1065	8	1004	9	1033	10	1089	11	1023	12	1031	13	1003	14	1077	15	1057	16	1015	17	1017	18	1021	19	1084	20	1077	21	1018	22	1093	23	1050	24	1043	25	1017	26	1001	27	1023	28	1006	29	1086	
	0	1061	1	1083	2	1099	3	1070	4	1073	5	1100	6	1090	7	1090	8	1073	9	1015	10	1049	11	1020	12	1078	13	1004	14	1091	15	1016	16	1001	17	1049	18	1080	19	1095	20	1046	21	1070	22	1074	23	1018	24	1016	25	1037	26	1088	27	1041	28	1052	29	1065	
	0	1064	1	1089	2	1015	3	1068	4	1005	5	1038	6	1069	7	1017	8	1075	9	1091	10	1012	11	1098	12	1038	13	1038	14	1019	15	1038	16	1012	17	1013	18	1039	19	1054	20	1048	21	1032	22	1038	23	1091	24	1030	25	1016	26	1020	27	1089	28	1088	29	1059	
	0	1025	1	1047	2	1023	3	1002	4	1007	5	1088	6	1044	7	1007	8	1096	9	1073	10	1027	11	1000	12	1042	13	1018	14	1048	15	1071	16	1030	17	1014	18	1067	19	1089	20	1076	21	1034	22	1070	23	1037	24	1013	25	1063	26	1045	27	1041	28	1046	29	1066	
	0	1029	1	1006	2	1032	3	1000	4	1080	5	1091	6	1092	7	1071	8	1007	9	1090	10	1048	11	1007	12	1017	13	1065	14	1058	15	1017	16	1086	17	1031	18	1090	19	1013	20	1037	21	1091	22	1034	23	1036	24	1009	25	1052	26	1042	27	1057	28	1046	29	1075	
	0	1030	1	1099	2	1039	3	1099	4	1039	5	1072	6	1045	7	1060	8	1079	9	1004	10	1097	11	1093	12	1076	13	1036	14	1078	15	1073	16	1069	17	1095	18	1007	19	1043	20	1082	21	1031	22	1027	23	1032	24	1091	25	1031	26	1022	27	1040	28	1092	29	1004	
	0	1052	1	1064	2	1094	3	1055	4	1071	5	1030	6	1058	7	1031	8	1072	9	1046	10	1071	11	1056	12	1091	13	1067	14	1090	15	1062	16	1061	17	1100	18	1025	19	1063	20	1017	21	1001	22	1053	23	1090	24	1088	25	1031	26	1077	27	1028	28	1028	29	1058	
	0	1001	1	1089	2	1009	3	1057	4	1011	5	1037	6	1083	7	1006	8	1026	9	1006	10	1037	11	1005	12	1093	13	1070	14	1065	15	1044	16	1098	17	1049	18	1090	19	1044	20	1026	21	1069	22	1002	23	1051	24	1017	25	1057	26	1037	27	1088	28	1056	29	1097	
	0	1027	1	1050	2	1050	3	1015	4	1056	5	1048	6	1049	7	1090	8	1053	9	1041	10	1002	11	1006	12	1062	13	1078	14	1095	15	1085	16	1093	17	1013	18	1086	19	1077	20	1091	21	1058	22	1083	23	1004	24	1080	25	1057	26	1036	27	1005	28	1092	29	1064	
	0	1035	1	1097	2	1086	3	1072	4	1003	5	1034	6	1026	7	1063	8	1010	9	1007	10	1098	11	1092	12	1052	13	1010	14	1027	15	1029	16	1094	17	1095	18	1083	19	1052	20	1084	21	1060	22	1005	23	1084	24	1080	25	1079	26	1052	27	1042	28	1075	29	1064	
	0	1071	1	1086	2	1097	3	1013	4	1091	5	1067	6	1059	7	1068	8	1090	9	1038	10	1015	11	1012	12	1013	13	1000	14	1079	15	1009	16	1086	17	1040	18	1034	19	1066	20	1009	21	1075	22	1072	23	1049	24	1014	25	1093	26	1094	27	1026	28	1036	29	1050	
	0	1040	1	1040	2	1080	3	1067	4	1096	5	1006	6	1009	7	1029	8	1085	9	1026	10	1025	11	1062	12	1023	13	1035	14	1100	15	1099	16	1057	17	1051	18	1074	19	1023	20	1071	21	1068	22	1036	23	1018	24	1014	25	1027	26	1062	27	1070	28	1024	29	1033	
	0	1098	1	1100	2	1062	3	1084	4	1047	5	1040	6	1041	7	1058	8	1022	9	1099	10	1040	11	1066	12	1094	13	1013	14	1060	15	1002	16	1095	17	1086	18	1001	19	1068	20	1088	21	1064	22	1099	23	1015	24	1010	25	1056	26	1067	27	1053	28	1070	29	1062	
	0	1071	1	1065	2	1034	3	1004	4	1050	5	1073	6	1059	7	1079	8	1085	9	1004	10	1089	11	1067	12	1027	13	1099	14	1087	15	1062	16	1011	17	1088	18	1037	19	1071	20	1066	21	1031	22	1024	23	1061	24	1099	25	1066	26	1042	27	1015	28	1000	29	1002	
	0	1083	1	1033	2	1018	3	1058	4	1060	5	1048	6	1036	7	1014	8	1048	9	1038	10	1080	11	1066	12	1051	13	1090	14	1094	15	1079	16	1069	17	1065	18	1063	19	1011	20	1001	21	1063	22	1089	23	1014	24	1050	25	1079	26	1040	27	1069	28	1019	29	1057	
	0	1078	1	1093	2	1038	3	1055	4	1011	5	1000	6	1002	7	1026	8	1015	9	1069	10	1065	11	1001	12	1058	13	1092	14	1082	15	1039	16	1001	17	1040	18	1065	19	1063	20	1074	21	1062	22	1053	23	1008	24	1002	25	1092	26	1074	27	1007	28	1029	29	1083	
	0	1021	1	1017	2	1042	3	1067	4	1064	5	1078	6	1100	7	1008	8	1069	9	1077	10	1046	11	1020	12	1081	13	1027	14	1041	15	1078	16	1059	17	1057	18	1008	19	1076	20	1067	21	1063	22	1085	23	1066	24	1023	25	1091	26	1012	27	1050	28	1074	29	1071	
	0	1044	1	1030	2	1014	3	1051	4	1089	5	1026	6	1065	7	1024	8	1075	9	1008	10	1029	11	1009	12	1047	13	1100	14	1073	15	1096	16	1069	17	1054	18	1054	19	1027	20	1046	21	1002	22	1030	23	1069	24	1078	25	1025	26	1063	27	1039	28	1010	29	1018	
	0	1071	1	1092	2	1051	3	1013	4	1030	5	1041	6	1087	7	1098	8	1049	9	1072	10	1070	11	1030	12	1001	13	1058	14	1054	15	1093	16	1041	17	1052	18	1028	19	1087	20	1081	21	1005	22	1059	23	1006	24	1055	25	1017	26	1091	27	1053	28	1046	29	1000	
	0	1069	1	1056	2	1050	3	1063	4	1013	5	1031	6	1088	7	1069	8	1046	9	1072	10	1028	11	1056	12	1028	13	1044	14	1046	15	1032	16	1075	17	1005	18	1071	19	1061	20	1070	21	1050	22	1064	23	1039	24	1061	25	1065	26	1011	27	1066	28	1018	29	1019	