100 40 1
40
	0	1100	1	1050	2	1066	3	1098	4	1029	5	1074	6	1036	7	1048	8	1036	9	1100	10	1014	11	1026	12	1074	13	1043	14	1087	15	1018	16	1091	17	1056	18	1018	19	1000	20	1053	21	1023	22	1072	23	1057	24	1045	25	1073	26	1053	27	1060	28	1015	29	1016	30	1052	31	1057	32	1003	33	1042	34	1081	35	1014	36	1005	37	1027	38	1093	39	1074	
	0	1098	1	1046	2	1009	3	1058	4	1075	5	1000	6	1091	7	1011	8	1085	9	1001	10	1081	11	1019	12	1031	13	1023	14	1091	15	1073	16	1024	17	1024	18	1048	19	1026	20	1094	21	1038	22	1020	23	1072	24	1081	25	1043	26	1017	27	1009	28	1098	29	1045	30	1030	31	1008	32	1038	33	1089	34	1089	35	1098	36	1083	37	1098	38	1070	39	1018	
	0	1009	1	1056	2	1047	3	1087	4	1011	5	1019	6	1011	7	1024	8	1045	9	1016	10	1004	11	1063	12	1046	13	1077	14	1067	15	1094	16	1021	17	1086	18	1002	19	1084	20	1006	21	1025	22	1027	23	1021	24	1041	25	1029	26	1069	27	1079	28	1087	29	1074	30	1030	31	1096	32	1088	33	1051	34	1070	35	1016	36	1086	37	1030	38	1066	39	1057	
	0	1032	1	1076	2	1029	3	1045	4	1032	5	1084	6	1057	7	1010	8	1016	9	1027	10	1049	11	1052	12	1005	13	1013	14	1051	15	1011	16	1002	17	1006	18	1047	19	1036	20	1037	21	1073	22	1037	23	1100	24	1036	25	1013	26	1054	27	1052	28	1054	29	1014	30	1079	31	1046	32	1066	33	1024	34	1059	35	1050	36	1064	37	1080	38	1073	39	1090	
	0	1038	1	1100	2	1093	3	1095	4	1037	5	1043	6	1009	7	1061	8	1075	9	1097	10	1100	11	1079	12	1070	13	1032	14	1015	15	1063	16	1040	17	1024	18	1025	19	1032	20	1051	21	1037	22	1024	23	1063	24	1035	25	1023	26	1078	27	1077	28	1029	29	1011	30	1083	31	1022	32	1006	33	1098	34	1017	35	1041	36	1019	37	1089	38	1097	39	1049	
	0	1078	1	1062	2	1088	3	1067	4	1061	5	1021	6	1085	7	1090	8	1089	9	1054	10	1011	11	1070	12	1058	13	1053	14	1004	15	1080	16	1030	17	1089	18	1024	19	1035	20	1007	21	1061	22	1037	23	1060	24	1051	25	1099	26	1087	27	1000	28	1100	29	1046	30	1037	31	1072	32	1056	33	1085	34	1074	35	1025	36	1097	37	1030	38	1009	39	1009	
	0	1059	1	1002	2	1022	3	1005	4	1061	5	1097	6	1081	7	1075	8	1071	9	1029	10	1042	11	1049	12	1026	13	1087	14	1004	15	1089	16	1084	17	1011	18	1034	19	1087	20	1015	21	1060	22	1035	23	1004	24	1075	25	1032	26	1059	27	1020	28	1044	29	1008	30	1023	31	1055	32	1095	33	1014	34	1046	35	1094	36	1074	37	1033	38	1063	39	1079	
	0	1090	1	1075	2	1028	3	1033	4	1003	5	1047	6	1006	7	1001	8	1046	9	1024	10	1028	11	1025	12	1004	13	1051	14	1068	15	1083	16	1099	17	1010	18	1088	19	1046	20	1001	21	1088	22	1092	23	1065	24	1058	25	1029	26	1042	27	1009	28	1031	29	1065	30	1018	31	1057	32	1000	33	1086	34	1059	35	1087	36	1098	37	1091	38	1084	39	1002	
	0	1067	1	1050	2	1059	3	1061	4	1078	5	1050	6	1100	7	1057	8	1063	9	1059	10	1068	11	1004	12	1005	13	1058	14	1092	15	1013	16	1059	17	1077	18	1017	19	1062	20	1045	21	1046	22	1003	23	1057	24	1011	25	1017	26	1036	27	1083	28	1049	29	1070	30	1068	31	1076	32	1041	33	1007	34	1035	35	1008	36	1089	37	1069	38	1037	39	1092	
	0	1000	1	1081	2	1036	3	1051	4	1100	5	1018	6	1063	7	1024	8	1044	9	1079	10	1070	11	1098	12	1042	13	1082	14	1086	15	1034	16	1026	17	1100	18	1031	19	1085	20	1025	21	1046	22	1020	23	1023	24	1080	25	1027	26	1063	27	1067	28	1062	29	1075	30	1032	31	1049	32	1040	33	1032	34	1037	35	1059	36	1090	37	1092	38	1096	39	1049	
	0	1064	1	1085	2	1046	3	1009	4	1015	5	1032	6	1048	7	1042	8	1026	9	1010	10	1094	11	1092	12	1054	13	1018	14	1033	15	1068	16	1009	17	1030	18	1047	19	1052	20	1082	21	1072	22	1035	23	1078	24	1078	25	1012	26	1071	27	1027	28	1087	29	1078	30	1010	31	1000	32	1045	33	1092	34	1099	35	1002	36	1006	37	1074	38	1023	39	1025	
	0	1033	1	1092	2	1004	3	1070	4	1036	5	1082	6	1073	7	1089	8	1015	9	1031	10	1100	11	1022	12	1040	13	1018	14	1021	15	1013	16	1018	17	1099	18	1099	19	1045	20	1077	21	1065	22	1063	23	1011	24	1021	25	1024	26	1021	27	1021	28	1059	29	1064	30	1008	31	1023	32	1097	33	1059	34	1096	35	1017	36	1037	37	1040	38	1015	39	1019	
	0	1034	1	1012	2	1036	3	1021	4	1077	5	1016	6	1006	7	1001	8	1004	9	1030	10	1080	11	1009	12	1006	13	1049	14	1069	15	1080	16	1024	17	1000	18	1055	19	1091	20	1067	21	1057	22	1075	23	1001	24	1085	25	1026	26	1098	27	1051	28	1065	29	1047	30	1093	31	1087	32	1084	33	1057	34	1050	35	1080	36	1088	37	1072	38	1098	39	1050	
	0	1074	1	1098	2	1000	3	1052	4	1002	5	1051	6	1003	7	1045	8	1051	9	1061	10	1075	11	1029	12	1075	13	1062	14	1097	15	1094	16	1043	17	1084	18	1079	19	1059	20	1019	21	1004	22	1096	23	1004	24	1083	25	1020	26	1073	27	1004	28	1082	29	1093	30	1074	31	1006	32	1002	33	1044	34	1031	35	1098	36	1069	37	1037	38	1037	39	1052	
	0	1059	1	1012	2	1008	3	1085	4	1018	5	1054	6	1065	7	1074	8	1083	9	1062	10	1023	11	1000	12	1037	13	1055	14	1089	15	1081	16	1078	17	1027	18	1049	19	1061	20	1007	21	1060	22	1091	23	1072	24	1046	25	1015	26	1046	27	1028	28	1013	29	1062	30	1087	31	1040	32	1053	33	1070	34	1034	35	1010	36	1035	37	1056	38	1030	39	1040	
	0	1002	1	1085	2	1010	3	1050	4	1036	5	1026	6	1017	7	1009	8	1081	9	1002	10	1089	11	1067	12	1001	13	1100	14	1025	15	1064	16	1063	17	1016	18	1039	19	1072	20	1064	21	1067	22	1046	23	1052	24	1041	25	1084	26	1016	27	1064	28	1080	29	1077	30	1094	31	1063	32	1015	33	1000	34	1038	35	1017	36	1017	37	1080	38	1019	39	1072	
	0	1016	1	1039	2	1010	3	1023	4	1000	5	1064	6	1040	7	1064	8	1011	9	1078	10	1060	11	1009	12	1005	13	1050	14	1044	15	1044	16	1037	17	1022	18	1054	19	1042	20	1097	21	1083	22	1024	23	1072	24	1068	25	1038	26	1031	27	1075	28	1079	29	1073	30	1073	31	1065	32	1064	33	1085	34	1057	35	1021	36	1079	37	1010	38	1053	39	1059	
	0	1086	1	1034	2	1024	3	1064	4	1003	5	1035	6	1066	7	1007	8	1029	9	1051	10	1024	11	1005	12	1008	13	1099	14	1027	15	1009	16	1067	17	1085	18	1080	19	1063	20	1042	21	1088	22	1004	23	1070	24	1057	25	1074	26	1071	27	1015	28	1042	29	1063	30	1033	31	1016	32	1027	33	1051	34	1037	35	1038	36	1026	37	1008	38	1097	39	1028	
	0	1079	1	1062	2	1083	3	1012	4	1095	5	1035	6	1076	7	1029	8	1029	9	1005	10	1086	11	1039	12	1061	13	1077	14	1042	15	1005	16	1009	17	1017	18	1003	19	1072	20	1022	21	1029	22	1024	23	1088	24	1015	25	1021	26	1026	27	1084	28	1012	29	1055	30	1092	31	1024	32	1073	33	1028	34	1053	35	1034	36	1085	37	1051	38	1083	39	1058	
	0	1047	1	1063	2	1035	3	1073	4	1014	5	1013	6	1062	7	1001	8	1083	9	1059	10	1062	11	1091	12	1032	13	1039	14	1038	15	1000	16	1058	17	1081	18	1091	19	1001	20	1069	21	1063	22	1043	23	1086	24	1062	25	1082	26	1043	27	1021	28	1072	29	1039	30	1013	31	1027	32	1067	33	1009	34	1055	35	1072	36	1041	37	1091	38	1034	39	1083	
	0	1068	1	1060	2	1043	3	1065	4	1033	5	1007	6	1003	7	1089	8	1035	9	1025	10	1017	11	1047	12	1020	13	1057	14	1097	15	1027	16	1086	17	1083	18	1082	19	1044	20	1007	21	1047	22	1032	23	1046	24	1086	25	1075	26	1026	27	1073	28	1094	29	1044	30	1078	31	1040	32	1007	33	1057	34	1010	35	1013	36	1089	37	1043	38	1053	39	1009	
	0	1035	1	1016	2	1090	3	1001	4	1087	5	1081	6	1039	7	1045	8	1086	9	1080	10	1013	11	1017	12	1025	13	1057	14	1026	15	1012	16	1003	17	1067	18	1008	19	1047	20	1004	21	1012	22	1006	23	1046	24	1005	25	1075	26	1100	27	1083	28	1015	29	1089	30	1002	31	1096	32	1049	33	1086	34	1097	35	1048	36	1041	37	1018	38	1003	39	1087	
	0	1041	1	1017	2	1055	3	1004	4	1068	5	1028	6	1100	7	1015	8	1078	9	1096	10	1062	11	1046	12	1001	13	1011	14	1055	15	1092	16	1007	17	1047	18	1055	19	1092	20	1055	21	1075	22	1059	23	1096	24	1030	25	1062	26	1024	27	1013	28	1003	29	1018	30	1036	31	1086	32	1092	33	1017	34	1099	35	1074	36	1085	37	1008	38	1032	39	1060	
	0	1016	1	1012	2	1044	3	1098	4	1004	5	1068	6	1090	7	1071	8	1066	9	1093	10	1065	11	1012	12	1017	13	1068	14	1060	15	1016	16	1063	17	1099	18	1055	19	1038	20	1010	21	1082	22	1020	23	1047	24	1006	25	1030	26	1017	27	1060	28	1024	29	1067	30	1056	31	1042	32	1094	33	1039	34	1006	35	1096	36	1064	37	1089	38	1034	39	1008	
	0	1079	1	1066	2	1031	3	1094	4	1000	5	1032	6	1049	7	1021	8	1037	9	1087	10	1019	11	1067	12	1016	13	1015	14	1003	15	1036	16	1055	17	1097	18	1054	19	1079	20	1008	21	1063	22	1024	23	1045	24	1043	25	1046	26	1094	27	1023	28	1093	29	1008	30	1024	31	1018	32	1083	33	1097	34	1036	35	1086	36	1061	37	1020	38	1004	39	1099	
	0	1077	1	1005	2	1084	3	1049	4	1015	5	1029	6	1029	7	1006	8	1084	9	1044	10	1070	11	1089	12	1094	13	1070	14	1062	15	1029	16	1044	17	1019	18	1013	19	1095	20	1033	21	1039	22	1061	23	1026	24	1048	25	1037	26	1074	27	1004	28	1082	29	1013	30	1070	31	1013	32	1060	33	1092	34	1088	35	1062	36	1017	37	1017	38	1088	39	1038	
	0	1026	1	1098	2	1078	3	1063	4	1011	5	1075	6	1050	7	1091	8	1008	9	1009	10	1080	11	1026	12	1012	13	1043	14	1034	15	1057	16	1096	17	1099	18	1051	19	1071	20	1033	21	1085	22	1015	23	1032	24	1057	25	1073	26	1022	27	1085	28	1016	29	1056	30	1069	31	1053	32	1024	33	1089	34	1015	35	1015	36	1006	37	1061	38	1046	39	1097	
	0	1005	1	1003	2	1049	3	1000	4	1044	5	1060	6	1084	7	1061	8	1052	9	1095	10	1013	11	1089	12	1028	13	1081	14	1030	15	1000	16	1074	17	1032	18	1062	19	1026	20	1048	21	1025	22	1025	23	1096	24	1007	25	1008	26	1016	27	1100	28	1079	29	1059	30	1084	31	1022	32	1077	33	1013	34	1038	35	1028	36	1078	37	1097	38	1018	39	1097	
	0	1053	1	1041	2	1081	3	1059	4	1068	5	1099	6	1073	7	1095	8	1041	9	1028	10	1091	11	1068	12	1098	13	1098	14	1045	15	1068	16	1027	17	1039	18	1002	19	1093	20	1089	21	1099	22	1034	23	1053	24	1100	25	1054	26	1037	27	1023	28	1059	29	1079	30	1013	31	1094	32	1097	33	1098	34	1067	35	1030	36	1018	37	1042	38	1023	39	1082	
	0	1036	1	1010	2	1062	3	1052	4	1006	5	1069	6	1005	7	1021	8	1077	9	1012	10	1038	11	1058	12	1075	13	1011	14	1083	15	1030	16	1065	17	1034	18	1062	19	1090	20	1047	21	1052	22	1034	23	1095	24	1069	25	1026	26	1015	27	1069	28	1011	29	1039	30	1066	31	1100	32	1023	33	1096	34	1046	35	1075	36	1029	37	1011	38	1061	39	1010	
	0	1031	1	1054	2	1026	3	1059	4	1028	5	1080	6	1005	7	1029	8	1038	9	1071	10	1071	11	1017	12	1068	13	1051	14	1067	15	1018	16	1017	17	1000	18	1016	19	1014	20	1046	21	1038	22	1097	23	1080	24	1061	25	1042	26	1078	27	1003	28	1081	29	1072	30	1043	31	1068	32	1011	33	1030	34	1025	35	1015	36	1044	37	1063	38	1079	39	1079	
	0	1043	1	1024	2	1030	3	1015	4	1058	5	1054	6	1008	7	1008	8	1010	9	1029	10	1072	11	1058	12	1099	13	1073	14	1029	15	1037	16	1088	17	1078	18	1032	19	1071	20	1006	21	1026	22	1075	23	1071	24	1098	25	1065	26	1014	27	1038	28	1072	29	1005	30	1075	31	1076	32	1018	33	1080	34	1001	35	1036	36	1085	37	1072	38	1039	39	1083	
	0	1093	1	1023	2	1047	3	1047	4	1086	5	1002	6	1074	7	1062	8	1013	9	1096	10	1087	11	1098	12	1044	13	1041	14	1055	15	1029	16	1069	17	1065	18	1063	19	1092	20	1000	21	1057	22	1013	23	1082	24	1034	25	1089	26	1043	27	1089	28	1049	29	1044	30	1040	31	1087	32	1075	33	1016	34	1029	35	1073	36	1097	37	1080	38	1098	39	1062	
	0	1095	1	1007	2	1058	3	1058	4	1069	5	1038	6	1052	7	1005	8	1089	9	1023	10	1012	11	1049	12	1014	13	1034	14	1033	15	1076	16	1051	17	1089	18	1073	19	1046	20	1000	21	1020	22	1004	23	1078	24	1081	25	1100	26	1080	27	1055	28	1005	29	1033	30	1023	31	1042	32	1035	33	1019	34	1053	35	1037	36	1070	37	1082	38	1012	39	1085	
	0	1054	1	1055	2	1084	3	1016	4	1012	5	1079	6	1019	7	1095	8	1066	9	1083	10	1071	11	1056	12	1074	13	1008	14	1024	15	1005	16	1026	17	1005	18	1055	19	1072	20	1061	21	1052	22	1059	23	1081	24	1076	25	1050	26	1027	27	1029	28	1008	29	1012	30	1003	31	1071	32	1027	33	1046	34	1021	35	1016	36	1074	37	1099	38	1015	39	1091	
	0	1073	1	1031	2	1092	3	1058	4	1061	5	1097	6	1034	7	1098	8	1058	9	1066	10	1090	11	1057	12	1082	13	1072	14	1023	15	1019	16	1019	17	1022	18	1059	19	1003	20	1007	21	1038	22	1007	23	1014	24	1054	25	1002	26	1002	27	1009	28	1043	29	1023	30	1070	31	1077	32	1078	33	1036	34	1063	35	1049	36	1010	37	1028	38	1004	39	1002	
	0	1057	1	1032	2	1019	3	1038	4	1071	5	1034	6	1030	7	1002	8	1034	9	1068	10	1030	11	1067	12	1050	13	1031	14	1052	15	1081	16	1066	17	1047	18	1000	19	1004	20	1066	21	1008	22	1085	23	1094	24	1055	25	1071	26	1040	27	1056	28	1067	29	1073	30	1048	31	1046	32	1002	33	1095	34	1056	35	1015	36	1064	37	1052	38	1044	39	1062	
	0	1091	1	1049	2	1059	3	1037	4	1018	5	1056	6	1085	7	1100	8	1084	9	1014	10	1045	11	1067	12	1049	13	1042	14	1072	15	1097	16	1097	17	1069	18	1051	19	1019	20	1059	21	1050	22	1018	23	1036	24	1001	25	1032	26	1010	27	1075	28	1062	29	1009	30	1057	31	1072	32	1018	33	1009	34	1031	35	1075	36	1005	37	1002	38	1093	39	1016	
	0	1093	1	1028	2	1024	3	1037	4	1030	5	1048	6	1018	7	1029	8	1003	9	1095	10	1042	11	1053	12	1073	13	1018	14	1017	15	1048	16	1077	17	1028	18	1032	19	1082	20	1036	21	1070	22	1037	23	1061	24	1027	25	1052	26	1025	27	1020	28	1099	29	1077	30	1025	31	1017	32	1011	33	1042	34	1034	35	1025	36	1041	37	1084	38	1009	39	1080	
	0	1065	1	1099	2	1042	3	1075	4	1099	5	1081	6	1028	7	1002	8	1053	9	1052	10	1063	11	1037	12	1048	13	1018	14	1071	15	1094	16	1011	17	1086	18	1037	19	1000	20	1036	21	1069	22	1038	23	1070	24	1049	25	1064	26	1025	27	1056	28	1017	29	1100	30	1079	31	1066	32	1015	33	1064	34	1010	35	1063	36	1070	37	1033	38	1062	39	1042	
	0	1004	1	1070	2	1009	3	1076	4	1071	5	1080	6	1029	7	1036	8	1056	9	1083	10	1055	11	1002	12	1067	13	1048	14	1062	15	1026	16	1084	17	1043	18	1002	19	1094	20	1099	21	1000	22	1075	23	1064	24	1088	25	1069	26	1072	27	1066	28	1003	29	1045	30	1086	31	1010	32	1030	33	1052	34	1023	35	1012	36	1001	37	1100	38	1077	39	1027	
	0	1019	1	1082	2	1004	3	1047	4	1060	5	1062	6	1064	7	1078	8	1023	9	1041	10	1045	11	1051	12	1037	13	1092	14	1081	15	1068	16	1030	17	1099	18	1039	19	1044	20	1100	21	1058	22	1076	23	1098	24	1031	25	1025	26	1073	27	1009	28	1035	29	1009	30	1030	31	1069	32	1096	33	1071	34	1092	35	1033	36	1004	37	1033	38	1077	39	1043	
	0	1028	1	1035	2	1095	3	1073	4	1043	5	1005	6	1034	7	1059	8	1021	9	1081	10	1050	11	1002	12	1014	13	1060	14	1080	15	1048	16	1037	17	1033	18	1059	19	1002	20	1095	21	1085	22	1025	23	1091	24	1044	25	1045	26	1025	27	1046	28	1096	29	1025	30	1039	31	1037	32	1047	33	1028	34	1022	35	1003	36	1060	37	1001	38	1016	39	1002	
	0	1065	1	1006	2	1034	3	1086	4	1088	5	1026	6	1003	7	1002	8	1048	9	1085	10	1014	11	1046	12	1062	13	1013	14	1006	15	1093	16	1065	17	1041	18	1087	19	1008	20	1088	21	1041	22	1073	23	1043	24	1077	25	1073	26	1028	27	1069	28	1042	29	1023	30	1081	31	1060	32	1100	33	1067	34	1090	35	1028	36	1007	37	1079	38	1081	39	1041	
	0	1015	1	1085	2	1079	3	1019	4	1028	5	1098	6	1015	7	1001	8	1018	9	1016	10	1045	11	1087	12	1088	13	1023	14	1049	15	1094	16	1043	17	1095	18	1092	19	1070	20	1078	21	1089	22	1029	23	1095	24	1022	25	1048	26	1084	27	1068	28	1072	29	1082	30	1085	31	1093	32	1042	33	1044	34	1070	35	1048	36	1043	37	1002	38	1011	39	1006	
	0	1078	1	1042	2	1043	3	1047	4	1085	5	1018	6	1084	7	1025	8	1037	9	1024	10	1015	11	1094	12	1064	13	1035	14	1075	15	1019	16	1036	17	1003	18	1039	19	1052	20	1014	21	1082	22	1041	23	1071	24	1058	25	1070	26	1090	27	1086	28	1089	29	1029	30	1085	31	1071	32	1035	33	1035	34	1007	35	1001	36	1096	37	1046	38	1083	39	1077	
	0	1067	1	1035	2	1060	3	1068	4	1097	5	1080	6	1063	7	1080	8	1006	9	1056	10	1077	11	1067	12	1024	13	1055	14	1042	15	1052	16	1070	17	1071	18	1053	19	1083	20	1013	21	1075	22	1004	23	1055	24	1001	25	1074	26	1019	27	1059	28	1069	29	1029	30	1094	31	1060	32	1037	33	1026	34	1071	35	1065	36	1059	37	1046	38	1015	39	1007	
	0	1040	1	1007	2	1035	3	1001	4	1073	5	1068	6	1024	7	1045	8	1038	9	1018	10	1097	11	1011	12	1063	13	1050	14	1061	15	1089	16	1028	17	1083	18	1017	19	1015	20	1044	21	1032	22	1069	23	1001	24	1043	25	1037	26	1053	27	1051	28	1076	29	1021	30	1091	31	1080	32	1009	33	1012	34	1056	35	1061	36	1059	37	1067	38	1017	39	1100	
	0	1050	1	1009	2	1073	3	1049	4	1063	5	1073	6	1002	7	1087	8	1064	9	1005	10	1056	11	1038	12	1032	13	1060	14	1070	15	1034	16	1087	17	1042	18	1052	19	1021	20	1039	21	1044	22	1069	23	1007	24	1065	25	1094	26	1076	27	1012	28	1034	29	1066	30	1022	31	1039	32	1079	33	1093	34	1019	35	1010	36	1076	37	1006	38	1004	39	1037	
	0	1086	1	1077	2	1033	3	1086	4	1022	5	1061	6	1046	7	1053	8	1019	9	1018	10	1042	11	1075	12	1003	13	1049	14	1032	15	1038	16	1021	17	1019	18	1052	19	1023	20	1038	21	1014	22	1004	23	1069	24	1025	25	1094	26	1017	27	1075	28	1002	29	1089	30	1041	31	1016	32	1069	33	1052	34	1068	35	1008	36	1079	37	1091	38	1027	39	1021	
	0	1063	1	1043	2	1085	3	1041	4	1010	5	1052	6	1087	7	1021	8	1041	9	1024	10	1025	11	1060	12	1026	13	1072	14	1064	15	1012	16	1099	17	1071	18	1031	19	1032	20	1057	21	1081	22	1074	23	1027	24	1011	25	1096	26	1019	27	1061	28	1019	29	1022	30	1052	31	1041	32	1056	33	1017	34	1003	35	1088	36	1023	37	1084	38	1014	39	1046	
	0	1055	1	1059	2	1017	3	1009	4	1098	5	1093	6	1033	7	1079	8	1045	9	1074	10	1057	11	1089	12	1093	13	1006	14	1051	15	1006	16	1084	17	1004	18	1087	19	1006	20	1027	21	1043	22	1012	23	1075	24	1023	25	1074	26	1085	27	1072	28	1092	29	1035	30	1082	31	1049	32	1007	33	1083	34	1072	35	1099	36	1049	37	1080	38	1017	39	1065	
	0	1024	1	1092	2	1097	3	1090	4	1028	5	1039	6	1089	7	1024	8	1062	9	1019	10	1085	11	1004	12	1008	13	1095	14	1039	15	1034	16	1062	17	1076	18	1002	19	1011	20	1053	21	1054	22	1032	23	1025	24	1011	25	1048	26	1084	27	1035	28	1067	29	1099	30	1025	31	1026	32	1097	33	1009	34	1040	35	1034	36	1095	37	1059	38	1067	39	1040	
	0	1068	1	1030	2	1031	3	1078	4	1085	5	1071	6	1054	7	1079	8	1013	9	1015	10	1034	11	1098	12	1036	13	1009	14	1034	15	1013	16	1097	17	1036	18	1083	19	1080	20	1080	21	1070	22	1015	23	1076	24	1025	25	1022	26	1065	27	1044	28	1017	29	1039	30	1038	31	1035	32	1019	33	1077	34	1050	35	1074	36	1027	37	1064	38	1049	39	1094	
	0	1031	1	1049	2	1065	3	1056	4	1068	5	1082	6	1089	7	1007	8	1025	9	1012	10	1006	11	1008	12	1046	13	1072	14	1056	15	1082	16	1015	17	1049	18	1086	19	1060	20	1082	21	1019	22	1048	23	1088	24	1083	25	1047	26	1074	27	1069	28	1063	29	1059	30	1058	31	1028	32	1059	33	1010	34	1051	35	1024	36	1076	37	1025	38	1084	39	1085	
	0	1012	1	1065	2	1083	3	1002	4	1094	5	1087	6	1077	7	1071	8	1011	9	1083	10	1018	11	1015	12	1067	13	1065	14	1036	15	1059	16	1075	17	1067	18	1007	19	1061	20	1053	21	1048	22	1047	23	1029	24	1002	25	1034	26	1076	27	1077	28	1001	29	1080	30	1081	31	1096	32	1006	33	1063	34	1009	35	1064	36	1010	37	1014	38	1097	39	1026	
	0	1030	1	1067	2	1026	3	1013	4	1037	5	1046	6	1015	7	1065	8	1067	9	1043	10	1091	11	1012	12	1078	13	1093	14	1011	15	1060	16	1055	17	1073	18	1020	19	1060	20	1044	21	1093	22	1014	23	1027	24	1037	25	1039	26	1082	27	1090	28	1049	29	1042	30	1012	31	1082	32	1013	33	1071	34	1082	35	1047	36	1061	37	1080	38	1008	39	1082	
	0	1031	1	1018	2	1005	3	1083	4	1062	5	1072	6	1047	7	1014	8	1074	9	1069	10	1039	11	1007	12	1074	13	1056	14	1017	15	1033	16	1071	17	1016	18	1041	19	1076	20	1039	21	1042	22	1024	23	1027	24	1019	25	1066	26	1047	27	1087	28	1088	29	1081	30	1011	31	1078	32	1030	33	1069	34	1074	35	1036	36	1038	37	1046	38	1099	39	1018	
	0	1046	1	1056	2	1077	3	1081	4	1078	5	1087	6	1035	7	1039	8	1055	9	1061	10	1009	11	1080	12	1023	13	1017	14	1030	15	1096	16	1031	17	1065	18	1060	19	1074	20	1086	21	1079	22	1061	23	1076	24	1053	25	1072	26	1084	27	1044	28	1051	29	1004	30	1089	31	1025	32	1078	33	1040	34	1057	35	1037	36	1082	37	1029	38	1058	39	1046	
	0	1036	1	1019	2	1042	3	1005	4	1099	5	1026	6	1084	7	1034	8	1079	9	1029	10	1018	11	1023	12	1082	13	1083	14	1091	15	1004	16	1080	17	1034	18	1073	19	1064	20	1100	21	1032	22	1047	23	1070	24	1064	25	1051	26	1051	27	1100	28	1062	29	1053	30	1046	31	1011	32	1074	33	1001	34	1066	35	1091	36	1084	37	1078	38	1058	39	1061	
	0	1068	1	1032	2	1027	3	1031	4	1041	5	1032	6	1092	7	1020	8	1065	9	1045	10	1013	11	1011	12	1054	13	1087	14	1088	15	1039	16	1051	17	1100	18	1041	19	1020	20	1041	21	1083	22	1042	23	1057	24	1029	25	1093	26	1048	27	1006	28	1021	29	1099	30	1009	31	1099	32	1024	33	1003	34	1015	35	1015	36	1036	37	1012	38	1031	39	1053	
	0	1027	1	1025	2	1053	3	1073	4	1041	5	1038	6	1063	7	1049	8	1054	9	1009	10	1007	11	1046	12	1004	13	1028	14	1035	15	1091	16	1005	17	1014	18	1063	19	1033	20	1070	21	1089	22	1067	23	1094	24	1088	25	1085	26	1045	27	1004	28	1046	29	1080	30	1002	31	1011	32	1048	33	1002	34	1088	35	1085	36	1010	37	1080	38	1059	39	1092	
	0	1056	1	1092	2	1040	3	1078	4	1061	5	1000	6	1018	7	1053	8	1003	9	1066	10	1071	11	1081	12	1075	13	1002	14	1006	15	1087	16	1078	17	1038	18	1098	19	1057	20	1005	21	1081	22	1041	23	1056	24	1070	25	1046	26	1087	27	1013	28	1064	29	1098	30	1097	31	1095	32	1035	33	1085	34	1070	35	1087	36	1036	37	1066	38	1029	39	1051	
	0	1000	1	1061	2	1095	3	1014	4	1020	5	1020	6	1007	7	1063	8	1041	9	1066	10	1075	11	1028	12	1037	13	1024	14	1098	15	1097	16	1050	17	1072	18	1099	19	1066	20	1099	21	1016	22	1015	23	1054	24	1001	25	1046	26	1100	27	1050	28	1035	29	1062	30	1086	31	1009	32	1065	33	1041	34	1062	35	1065	36	1025	37	1016	38	1091	39	1085	
	0	1016	1	1049	2	1050	3	1064	4	1076	5	1079	6	1053	7	1053	8	1011	9	1022	10	1028	11	1048	12	1084	13	1040	14	1026	15	1007	16	1006	17	1004	18	1011	19	1054	20	1003	21	1005	22	1004	23	1075	24	1008	25	1012	26	1096	27	1038	28	1098	29	1076	30	1084	31	1010	32	1070	33	1062	34	1041	35	1081	36	1092	37	1082	38	1012	39	1042	
	0	1041	1	1096	2	1057	3	1007	4	1084	5	1063	6	1012	7	1046	8	1049	9	1064	10	1011	11	1088	12	1065	13	1067	14	1041	15	1078	16	1031	17	1041	18	1028	19	1046	20	1020	21	1023	22	1054	23	1025	24	1014	25	1042	26	1047	27	1040	28	1044	29	1079	30	1081	31	1064	32	1093	33	1088	34	1087	35	1056	36	1048	37	1009	38	1003	39	1039	
	0	1091	1	1068	2	1059	3	1080	4	1017	5	1044	6	1058	7	1042	8	1036	9	1018	10	1063	11	1100	12	1004	13	1048	14	1078	15	1059	16	1010	17	1036	18	1094	19	1035	20	1044	21	1085	22	1023	23	1047	24	1100	25	1034	26	1081	27	1093	28	1041	29	1051	30	1025	31	1096	32	1078	33	1020	34	1053	35	1051	36	1005	37	1085	38	1005	39	1023	
	0	1081	1	1062	2	1059	3	1062	4	1071	5	1051	6	1048	7	1013	8	1038	9	1027	10	1035	11	1045	12	1035	13	1088	14	1030	15	1088	16	1065	17	1009	18	1091	19	1022	20	1047	21	1072	22	1060	23	1034	24	1093	25	1096	26	1006	27	1081	28	1059	29	1063	30	1033	31	1090	32	1087	33	1025	34	1100	35	1093	36	1094	37	1028	38	1035	39	1012	
	0	1092	1	1054	2	1025	3	1034	4	1084	5	1022	6	1033	7	1057	8	1021	9	1094	10	1094	11	1079	12	1018	13	1062	14	1047	15	1063	16	1048	17	1003	18	1086	19	1017	20	1034	21	1055	22	1014	23	1033	24	1061	25	1034	26	1019	27	1024	28	1016	29	1094	30	1036	31	1033	32	1039	33	1059	34	1086	35	1016	36	1069	37	1087	38	1071	39	1028	
	0	1001	1	1024	2	1005	3	1022	4	1015	5	1045	6	1098	7	1064	8	1020	9	1082	10	1033	11	1006	12	1085	13	1078	14	1072	15	1059	16	1034	17	1065	18	1011	19	1057	20	1058	21	1016	22	1072	23	1014	24	1048	25	1006	26	1045	27	1030	28	1031	29	1023	30	1030	31	1036	32	1087	33	1051	34	1039	35	1023	36	1004	37	1071	38	1080	39	1056	
	0	1048	1	1037	2	1015	3	1065	4	1013	5	1089	6	1004	7	1002	8	1087	9	1021	10	1091	11	1081	12	1088	13	1028	14	1066	15	1089	16	1033	17	1097	18	1066	19	1083	20	1051	21	1009	22	1068	23	1005	24	1056	25	1009	26	1012	27	1032	28	1050	29	1053	30	1048	31	1025	32	1002	33	1057	34	1063	35	1037	36	1078	37	1016	38	1061	39	1029	
	0	1084	1	1056	2	1074	3	1003	4	1062	5	1011	6	1081	7	1029	8	1036	9	1047	10	1051	11	1004	12	1050	13	1012	14	1051	15	1060	16	1089	17	1065	18	1057	19	1036	20	1050	21	1050	22	1018	23	1037	24	1035	25	1062	26	1070	27	1028	28	1080	29	1022	30	1014	31	1056	32	1032	33	1077	34	1088	35	1084	36	1062	37	1023	38	1031	39	1002	
	0	1040	1	1034	2	1034	3	1003	4	1059	5	1029	6	1067	7	1003	8	1091	9	1007	10	1084	11	1028	12	1007	13	1079	14	1013	15	1087	16	1053	17	1058	18	1042	19	1054	20	1072	21	1018	22	1035	23	1089	24	1022	25	1077	26	1049	27	1078	28	1089	29	1037	30	1021	31	1089	32	1066	33	1035	34	1085	35	1095	36	1068	37	1012	38	1096	39	1032	
	0	1015	1	1083	2	1082	3	1033	4	1080	5	1062	6	1091	7	1020	8	1074	9	1079	10	1044	11	1070	12	1053	13	1097	14	1086	15	1057	16	1012	17	1014	18	1078	19	1098	20	1036	21	1010	22	1094	23	1098	24	1015	25	1007	26	1028	27	1001	28	1053	29	1018	30	1009	31	1029	32	1081	33	1010	34	1073	35	1080	36	1066	37	1037	38	1004	39	1003	
	0	1073	1	1077	2	1036	3	1017	4	1050	5	1064	6	1067	7	1086	8	1069	9	1012	10	1058	11	1072	12	1045	13	1052	14	1071	15	1019	16	1062	17	1055	18	1083	19	1029	20	1045	21	1012	22	1073	23	1069	24	1064	25	1036	26	1034	27	1067	28	1098	29	1010	30	1090	31	1093	32	1088	33	1015	34	1097	35	1013	36	1077	37	1033	38	1054	39	1007	
	0	1090	1	1080	2	1017	3	1093	4	1036	5	1070	6	1000	7	1045	8	1044	9	1072	10	1046	11	1080	12	1044	13	1091	14	1070	15	1005	16	1066	17	1003	18	1006	19	1033	20	1002	21	1034	22	1071	23	1017	24	1034	25	1007	26	1035	27	1088	28	1089	29	1020	30	1057	31	1075	32	1007	33	1045	34	1058	35	1030	36	1028	37	1056	38	1037	39	1074	
	0	1052	1	1039	2	1023	3	1034	4	1009	5	1026	6	1063	7	1100	8	1066	9	1063	10	1007	11	1095	12	1015	13	1090	14	1066	15	1067	16	1050	17	1085	18	1072	19	1003	20	1045	21	1094	22	1062	23	1008	24	1043	25	1084	26	1015	27	1064	28	1001	29	1086	30	1087	31	1038	32	1048	33	1098	34	1051	35	1010	36	1091	37	1004	38	1085	39	1091	
	0	1034	1	1098	2	1095	3	1018	4	1047	5	1099	6	1086	7	1019	8	1094	9	1051	10	1029	11	1089	12	1038	13	1060	14	1042	15	1090	16	1048	17	1092	18	1061	19	1084	20	1014	21	1051	22	1057	23	1009	24	1075	25	1043	26	1022	27	1059	28	1008	29	1041	30	1082	31	1092	32	1094	33	1021	34	1003	35	1030	36	1011	37	1013	38	1012	39	1049	
	0	1054	1	1100	2	1054	3	1085	4	1022	5	1040	6	1001	7	1011	8	1089	9	1017	10	1095	11	1041	12	1085	13	1084	14	1006	15	1086	16	1032	17	1028	18	1072	19	1100	20	1042	21	1094	22	1074	23	1047	24	1055	25	1023	26	1034	27	1021	28	1036	29	1090	30	1025	31	1099	32	1030	33	1045	34	1028	35	1039	36	1080	37	1019	38	1068	39	1010	
	0	1051	1	1036	2	1092	3	1038	4	1043	5	1098	6	1059	7	1065	8	1015	9	1017	10	1065	11	1028	12	1025	13	1025	14	1023	15	1044	16	1098	17	1092	18	1006	19	1026	20	1006	21	1046	22	1032	23	1039	24	1013	25	1016	26	1003	27	1014	28	1058	29	1044	30	1044	31	1061	32	1064	33	1061	34	1033	35	1094	36	1049	37	1002	38	1091	39	1065	
	0	1080	1	1057	2	1084	3	1025	4	1091	5	1019	6	1054	7	1074	8	1085	9	1013	10	1007	11	1071	12	1053	13	1041	14	1040	15	1091	16	1042	17	1013	18	1026	19	1041	20	1067	21	1065	22	1011	23	1012	24	1068	25	1019	26	1061	27	1024	28	1026	29	1095	30	1046	31	1028	32	1069	33	1027	34	1014	35	1083	36	1019	37	1092	38	1046	39	1025	
	0	1026	1	1012	2	1001	3	1045	4	1038	5	1058	6	1010	7	1057	8	1092	9	1035	10	1090	11	1091	12	1022	13	1028	14	1029	15	1094	16	1069	17	1095	18	1044	19	1058	20	1081	21	1018	22	1026	23	1072	24	1008	25	1038	26	1028	27	1019	28	1071	29	1046	30	1012	31	1069	32	1079	33	1012	34	1066	35	1059	36	1062	37	1092	38	1015	39	1040	
	0	1070	1	1019	2	1067	3	1057	4	1050	5	1076	6	1006	7	1018	8	1079	9	1020	10	1038	11	1071	12	1072	13	1047	14	1073	15	1061	16	1022	17	1048	18	1067	19	1018	20	1055	21	1061	22	1097	23	1081	24	1091	25	1029	26	1027	27	1018	28	1089	29	1064	30	1006	31	1018	32	1048	33	1087	34	1016	35	1049	36	1000	37	1030	38	1051	39	1066	
	0	1098	1	1052	2	1065	3	1021	4	1014	5	1058	6	1026	7	1088	8	1054	9	1017	10	1052	11	1055	12	1048	13	1052	14	1066	15	1042	16	1050	17	1048	18	1048	19	1049	20	1002	21	1041	22	1059	23	1002	24	1000	25	1061	26	1094	27	1011	28	1082	29	1087	30	1083	31	1100	32	1022	33	1066	34	1006	35	1069	36	1049	37	1098	38	1080	39	1046	
	0	1069	1	1031	2	1074	3	1043	4	1091	5	1005	6	1075	7	1059	8	1053	9	1079	10	1086	11	1075	12	1009	13	1093	14	1030	15	1075	16	1046	17	1056	18	1002	19	1006	20	1084	21	1092	22	1060	23	1076	24	1030	25	1077	26	1091	27	1068	28	1081	29	1044	30	1100	31	1009	32	1007	33	1016	34	1063	35	1079	36	1013	37	1083	38	1050	39	1020	
	0	1096	1	1017	2	1008	3	1010	4	1039	5	1033	6	1013	7	1055	8	1052	9	1008	10	1061	11	1026	12	1052	13	1091	14	1070	15	1010	16	1050	17	1098	18	1089	19	1031	20	1035	21	1018	22	1020	23	1001	24	1075	25	1050	26	1042	27	1028	28	1063	29	1060	30	1047	31	1067	32	1088	33	1092	34	1006	35	1080	36	1096	37	1053	38	1021	39	1017	
	0	1058	1	1017	2	1025	3	1039	4	1010	5	1069	6	1097	7	1098	8	1048	9	1000	10	1045	11	1048	12	1028	13	1031	14	1000	15	1073	16	1083	17	1086	18	1097	19	1083	20	1083	21	1077	22	1032	23	1048	24	1071	25	1043	26	1058	27	1009	28	1035	29	1062	30	1024	31	1046	32	1056	33	1085	34	1041	35	1066	36	1007	37	1095	38	1025	39	1076	
	0	1100	1	1054	2	1014	3	1069	4	1020	5	1050	6	1014	7	1008	8	1038	9	1052	10	1086	11	1023	12	1022	13	1019	14	1026	15	1079	16	1080	17	1024	18	1038	19	1081	20	1097	21	1083	22	1083	23	1028	24	1018	25	1004	26	1083	27	1050	28	1074	29	1045	30	1083	31	1090	32	1006	33	1045	34	1027	35	1073	36	1048	37	1093	38	1048	39	1030	
	0	1003	1	1076	2	1085	3	1022	4	1074	5	1076	6	1018	7	1083	8	1037	9	1078	10	1040	11	1096	12	1058	13	1067	14	1073	15	1095	16	1021	17	1082	18	1048	19	1024	20	1010	21	1078	22	1054	23	1001	24	1002	25	1062	26	1034	27	1072	28	1007	29	1011	30	1022	31	1004	32	1080	33	1013	34	1094	35	1018	36	1033	37	1064	38	1000	39	1043	
	0	1035	1	1012	2	1068	3	1097	4	1010	5	1057	6	1069	7	1028	8	1011	9	1001	10	1051	11	1054	12	1014	13	1086	14	1068	15	1052	16	1071	17	1086	18	1008	19	1066	20	1043	21	1041	22	1027	23	1018	24	1089	25	1068	26	1070	27	1028	28	1095	29	1028	30	1079	31	1002	32	1016	33	1043	34	1084	35	1039	36	1032	37	1096	38	1058	39	1086	
	0	1042	1	1029	2	1026	3	1022	4	1035	5	1027	6	1088	7	1015	8	1047	9	1006	10	1068	11	1001	12	1068	13	1095	14	1046	15	1072	16	1049	17	1017	18	1073	19	1005	20	1029	21	1076	22	1064	23	1038	24	1068	25	1053	26	1093	27	1010	28	1038	29	1061	30	1002	31	1088	32	1011	33	1025	34	1037	35	1036	36	1042	37	1070	38	1005	39	1007	
	0	1003	1	1065	2	1015	3	1043	4	1009	5	1067	6	1089	7	1061	8	1019	9	1097	10	1063	11	1019	12	1099	13	1017	14	1007	15	1052	16	1087	17	1020	18	1041	19	1072	20	1030	21	1046	22	1045	23	1055	24	1072	25	1092	26	1028	27	1006	28	1015	29	1080	30	1013	31	1068	32	1058	33	1097	34	1100	35	1085	36	1026	37	1083	38	1090	39	1071	
	0	1095	1	1022	2	1004	3	1033	4	1025	5	1011	6	1060	7	1100	8	1021	9	1006	10	1090	11	1082	12	1098	13	1052	14	1051	15	1052	16	1081	17	1001	18	1015	19	1051	20	1083	21	1063	22	1045	23	1051	24	1051	25	1046	26	1056	27	1044	28	1085	29	1044	30	1038	31	1018	32	1076	33	1033	34	1001	35	1094	36	1059	37	1083	38	1064	39	1041	
	0	1092	1	1099	2	1044	3	1006	4	1043	5	1077	6	1035	7	1033	8	1016	9	1022	10	1016	11	1001	12	1051	13	1042	14	1080	15	1046	16	1018	17	1021	18	1048	19	1093	20	1034	21	1035	22	1080	23	1047	24	1059	25	1018	26	1095	27	1049	28	1028	29	1037	30	1033	31	1025	32	1077	33	1027	34	1005	35	1082	36	1028	37	1040	38	1023	39	1002	
	0	1100	1	1062	2	1027	3	1064	4	1012	5	1060	6	1066	7	1010	8	1010	9	1008	10	1047	11	1033	12	1082	13	1086	14	1049	15	1067	16	1093	17	1053	18	1095	19	1053	20	1003	21	1028	22	1080	23	1066	24	1016	25	1023	26	1097	27	1091	28	1015	29	1004	30	1094	31	1012	32	1023	33	1039	34	1027	35	1024	36	1010	37	1046	38	1037	39	1062	
	0	1029	1	1099	2	1040	3	1051	4	1030	5	1090	6	1072	7	1084	8	1097	9	1019	10	1082	11	1063	12	1063	13	1083	14	1087	15	1049	16	1053	17	1057	18	1005	19	1061	20	1055	21	1002	22	1062	23	1002	24	1013	25	1040	26	1007	27	1068	28	1055	29	1014	30	1081	31	1013	32	1006	33	1011	34	1021	35	1012	36	1082	37	1093	38	1035	39	1037	
	0	1006	1	1074	2	1031	3	1018	4	1011	5	1066	6	1090	7	1097	8	1013	9	1057	10	1021	11	1049	12	1006	13	1026	14	1037	15	1045	16	1063	17	1068	18	1022	19	1083	20	1054	21	1091	22	1091	23	1050	24	1046	25	1020	26	1001	27	1069	28	1036	29	1090	30	1021	31	1058	32	1018	33	1067	34	1009	35	1049	36	1032	37	1026	38	1014	39	1067	
	0	1036	1	1098	2	1015	3	1069	4	1075	5	1020	6	1094	7	1070	8	1040	9	1049	10	1097	11	1071	12	1070	13	1063	14	1050	15	1064	16	1071	17	1084	18	1078	19	1072	20	1025	21	1065	22	1016	23	1078	24	1027	25	1004	26	1037	27	1069	28	1095	29	1070	30	1016	31	1044	32	1098	33	1009	34	1027	35	1015	36	1040	37	1003	38	1012	39	1092	
	0	1029	1	1099	2	1065	3	1045	4	1051	5	1041	6	1031	7	1004	8	1094	9	1078	10	1011	11	1065	12	1071	13	1007	14	1075	15	1080	16	1027	17	1068	18	1081	19	1023	20	1095	21	1038	22	1048	23	1025	24	1060	25	1088	26	1061	27	1031	28	1039	29	1000	30	1070	31	1011	32	1075	33	1097	34	1085	35	1070	36	1096	37	1000	38	1013	39	1058	
	0	1065	1	1030	2	1000	3	1019	4	1085	5	1033	6	1037	7	1075	8	1040	9	1067	10	1040	11	1001	12	1044	13	1035	14	1054	15	1034	16	1017	17	1089	18	1072	19	1027	20	1011	21	1064	22	1065	23	1098	24	1037	25	1043	26	1095	27	1087	28	1087	29	1095	30	1100	31	1066	32	1047	33	1023	34	1040	35	1045	36	1089	37	1024	38	1024	39	1090	