100 20 1
20
	0	39	1	22	2	73	3	71	4	79	5	54	6	95	7	80	8	75	9	19	10	95	11	23	12	59	13	83	14	85	15	33	16	53	17	57	18	47	19	69	
	0	38	1	37	2	36	3	78	4	31	5	59	6	47	7	61	8	25	9	55	10	65	11	78	12	83	13	90	14	48	15	65	16	53	17	91	18	94	19	53	
	0	40	1	54	2	46	3	15	4	16	5	91	6	70	7	70	8	75	9	84	10	75	11	57	12	56	13	67	14	94	15	37	16	97	17	69	18	50	19	24	
	0	13	1	97	2	37	3	41	4	97	5	74	6	49	7	95	8	14	9	75	10	98	11	84	12	30	13	81	14	71	15	44	16	99	17	99	18	60	19	87	
	0	55	1	50	2	53	3	48	4	47	5	62	6	83	7	85	8	51	9	49	10	73	11	14	12	75	13	17	14	77	15	81	16	43	17	57	18	41	19	15	
	0	41	1	31	2	75	3	24	4	60	5	63	6	36	7	10	8	50	9	32	10	87	11	55	12	73	13	31	14	92	15	78	16	97	17	79	18	27	19	58	
	0	28	1	44	2	29	3	38	4	16	5	11	6	84	7	79	8	57	9	12	10	87	11	59	12	26	13	47	14	92	15	80	16	17	17	75	18	74	19	58	
	0	30	1	94	2	94	3	96	4	80	5	77	6	64	7	65	8	16	9	12	10	11	11	64	12	90	13	77	14	94	15	56	16	48	17	54	18	69	19	54	
	0	22	1	94	2	87	3	51	4	95	5	32	6	36	7	19	8	22	9	72	10	15	11	33	12	18	13	57	14	34	15	96	16	33	17	93	18	77	19	62	
	0	54	1	47	2	17	3	39	4	73	5	66	6	53	7	65	8	58	9	70	10	86	11	12	12	53	13	24	14	23	15	26	16	85	17	79	18	69	19	80	
	0	13	1	81	2	41	3	61	4	67	5	18	6	14	7	19	8	39	9	11	10	83	11	82	12	77	13	33	14	68	15	23	16	56	17	86	18	23	19	22	
	0	31	1	39	2	80	3	47	4	87	5	22	6	53	7	74	8	89	9	63	10	40	11	97	12	13	13	10	14	99	15	31	16	47	17	93	18	97	19	47	
	0	34	1	25	2	11	3	67	4	78	5	46	6	94	7	56	8	60	9	96	10	26	11	14	12	68	13	99	14	60	15	84	16	37	17	39	18	21	19	49	
	0	33	1	93	2	25	3	28	4	44	5	25	6	12	7	73	8	50	9	38	10	46	11	56	12	31	13	58	14	68	15	54	16	74	17	45	18	32	19	90	
	0	50	1	64	2	77	3	32	4	94	5	100	6	100	7	16	8	95	9	82	10	80	11	29	12	55	13	93	14	92	15	76	16	54	17	60	18	42	19	24	
	0	70	1	25	2	30	3	91	4	100	5	19	6	21	7	48	8	52	9	10	10	47	11	14	12	46	13	74	14	89	15	67	16	54	17	84	18	41	19	58	
	0	65	1	11	2	49	3	50	4	51	5	37	6	48	7	57	8	80	9	31	10	60	11	94	12	99	13	15	14	38	15	81	16	91	17	55	18	46	19	92	
	0	83	1	100	2	100	3	84	4	23	5	15	6	59	7	91	8	98	9	100	10	85	11	53	12	58	13	61	14	29	15	69	16	31	17	41	18	62	19	14	
	0	98	1	13	2	29	3	19	4	92	5	11	6	77	7	38	8	27	9	57	10	91	11	70	12	97	13	11	14	51	15	93	16	16	17	56	18	19	19	79	
	0	25	1	60	2	66	3	77	4	33	5	14	6	43	7	11	8	10	9	44	10	44	11	92	12	71	13	21	14	41	15	90	16	73	17	80	18	99	19	14	
	0	35	1	76	2	36	3	54	4	64	5	59	6	35	7	95	8	28	9	60	10	70	11	60	12	10	13	47	14	82	15	50	16	73	17	28	18	33	19	34	
	0	79	1	77	2	41	3	80	4	15	5	35	6	94	7	13	8	49	9	53	10	63	11	12	12	33	13	35	14	59	15	51	16	16	17	56	18	35	19	72	
	0	50	1	23	2	62	3	60	4	90	5	54	6	67	7	96	8	97	9	78	10	24	11	24	12	19	13	81	14	83	15	35	16	57	17	19	18	84	19	11	
	0	13	1	19	2	94	3	35	4	72	5	43	6	36	7	49	8	61	9	54	10	64	11	83	12	43	13	75	14	99	15	91	16	81	17	42	18	85	19	88	
	0	88	1	73	2	18	3	12	4	90	5	100	6	92	7	94	8	89	9	90	10	81	11	79	12	85	13	18	14	95	15	69	16	36	17	39	18	91	19	14	
	0	61	1	72	2	42	3	88	4	11	5	62	6	33	7	73	8	86	9	23	10	31	11	24	12	26	13	21	14	67	15	40	16	62	17	40	18	59	19	44	
	0	29	1	70	2	96	3	82	4	89	5	91	6	62	7	12	8	73	9	21	10	94	11	76	12	62	13	60	14	11	15	56	16	34	17	19	18	69	19	59	
	0	97	1	41	2	80	3	92	4	82	5	31	6	13	7	97	8	32	9	70	10	10	11	51	12	55	13	86	14	89	15	38	16	41	17	18	18	48	19	20	
	0	16	1	94	2	18	3	12	4	11	5	91	6	12	7	63	8	81	9	85	10	47	11	17	12	30	13	20	14	10	15	38	16	19	17	97	18	70	19	17	
	0	43	1	15	2	88	3	53	4	100	5	58	6	73	7	21	8	99	9	77	10	73	11	56	12	87	13	34	14	69	15	56	16	68	17	90	18	29	19	32	
	0	64	1	50	2	72	3	92	4	20	5	68	6	23	7	24	8	58	9	34	10	99	11	52	12	68	13	22	14	33	15	99	16	34	17	94	18	97	19	23	
	0	25	1	34	2	43	3	75	4	16	5	51	6	31	7	90	8	99	9	43	10	19	11	31	12	45	13	66	14	48	15	20	16	28	17	71	18	35	19	81	
	0	96	1	87	2	39	3	57	4	34	5	77	6	67	7	79	8	89	9	22	10	96	11	16	12	85	13	89	14	25	15	31	16	90	17	99	18	79	19	53	
	0	89	1	24	2	67	3	46	4	12	5	87	6	66	7	93	8	67	9	17	10	16	11	29	12	81	13	21	14	36	15	17	16	38	17	42	18	82	19	22	
	0	94	1	26	2	74	3	89	4	62	5	93	6	80	7	23	8	91	9	50	10	10	11	22	12	56	13	45	14	97	15	19	16	38	17	57	18	36	19	93	
	0	81	1	21	2	82	3	38	4	11	5	50	6	48	7	41	8	55	9	100	10	39	11	43	12	25	13	89	14	46	15	86	16	40	17	26	18	96	19	38	
	0	57	1	82	2	83	3	57	4	51	5	62	6	43	7	19	8	80	9	95	10	18	11	91	12	90	13	100	14	42	15	29	16	17	17	26	18	20	19	77	
	0	18	1	72	2	25	3	28	4	99	5	53	6	49	7	89	8	20	9	43	10	89	11	44	12	99	13	39	14	90	15	66	16	61	17	52	18	75	19	31	
	0	12	1	65	2	12	3	72	4	74	5	94	6	47	7	26	8	66	9	45	10	92	11	99	12	56	13	39	14	95	15	92	16	69	17	52	18	79	19	93	
	0	96	1	53	2	77	3	55	4	27	5	75	6	71	7	30	8	62	9	41	10	55	11	96	12	28	13	89	14	17	15	84	16	60	17	56	18	98	19	44	
	0	47	1	51	2	88	3	32	4	46	5	76	6	74	7	36	8	45	9	20	10	67	11	68	12	97	13	34	14	59	15	14	16	13	17	98	18	62	19	87	
	0	28	1	89	2	27	3	100	4	45	5	47	6	64	7	10	8	90	9	39	10	52	11	88	12	59	13	45	14	100	15	74	16	18	17	25	18	71	19	71	
	0	99	1	81	2	100	3	24	4	22	5	19	6	54	7	95	8	92	9	77	10	50	11	46	12	34	13	14	14	31	15	84	16	32	17	17	18	65	19	37	
	0	57	1	37	2	25	3	15	4	85	5	99	6	55	7	28	8	78	9	43	10	54	11	96	12	100	13	82	14	64	15	48	16	72	17	61	18	63	19	46	
	0	19	1	97	2	55	3	35	4	80	5	89	6	23	7	36	8	15	9	49	10	30	11	41	12	35	13	99	14	99	15	54	16	67	17	73	18	84	19	91	
	0	22	1	28	2	28	3	27	4	76	5	68	6	87	7	39	8	39	9	29	10	80	11	72	12	75	13	48	14	11	15	36	16	35	17	25	18	22	19	25	
	0	59	1	23	2	64	3	56	4	39	5	76	6	90	7	61	8	74	9	40	10	67	11	28	12	62	13	10	14	15	15	84	16	59	17	45	18	22	19	89	
	0	55	1	75	2	50	3	10	4	98	5	62	6	73	7	21	8	58	9	20	10	46	11	97	12	77	13	27	14	70	15	10	16	94	17	18	18	77	19	11	
	0	57	1	39	2	72	3	64	4	22	5	48	6	77	7	17	8	60	9	42	10	36	11	38	12	92	13	32	14	71	15	83	16	54	17	44	18	49	19	67	
	0	26	1	84	2	28	3	95	4	42	5	68	6	74	7	33	8	37	9	45	10	41	11	35	12	21	13	95	14	37	15	31	16	31	17	70	18	17	19	92	
	0	95	1	70	2	44	3	85	4	52	5	79	6	100	7	11	8	25	9	78	10	72	11	59	12	27	13	35	14	22	15	90	16	26	17	87	18	93	19	42	
	0	37	1	43	2	81	3	80	4	95	5	79	6	100	7	45	8	90	9	15	10	39	11	87	12	94	13	85	14	28	15	39	16	91	17	85	18	99	19	61	
	0	84	1	38	2	68	3	75	4	22	5	39	6	21	7	39	8	68	9	19	10	21	11	38	12	26	13	20	14	44	15	68	16	16	17	68	18	15	19	48	
	0	29	1	70	2	92	3	45	4	71	5	62	6	48	7	27	8	39	9	11	10	74	11	73	12	27	13	89	14	79	15	37	16	41	17	74	18	58	19	76	
	0	34	1	61	2	21	3	54	4	79	5	100	6	41	7	24	8	98	9	93	10	80	11	78	12	56	13	21	14	22	15	79	16	22	17	45	18	23	19	78	
	0	47	1	31	2	82	3	14	4	95	5	100	6	17	7	96	8	59	9	14	10	23	11	62	12	84	13	24	14	51	15	34	16	94	17	77	18	24	19	78	
	0	43	1	43	2	78	3	55	4	28	5	36	6	79	7	27	8	39	9	13	10	77	11	18	12	27	13	21	14	30	15	16	16	70	17	90	18	11	19	41	
	0	31	1	72	2	99	3	27	4	57	5	43	6	38	7	42	8	77	9	55	10	57	11	84	12	12	13	78	14	81	15	33	16	33	17	25	18	33	19	72	
	0	63	1	48	2	39	3	32	4	88	5	44	6	34	7	13	8	97	9	33	10	23	11	69	12	85	13	59	14	44	15	34	16	93	17	88	18	34	19	81	
	0	63	1	81	2	24	3	81	4	21	5	96	6	34	7	64	8	20	9	87	10	33	11	46	12	67	13	98	14	66	15	46	16	44	17	97	18	99	19	21	
	0	14	1	74	2	62	3	36	4	83	5	35	6	25	7	92	8	76	9	18	10	64	11	69	12	30	13	38	14	35	15	35	16	84	17	33	18	19	19	34	
	0	10	1	84	2	10	3	82	4	35	5	53	6	65	7	73	8	52	9	95	10	89	11	36	12	10	13	99	14	19	15	57	16	34	17	79	18	81	19	87	
	0	19	1	68	2	48	3	83	4	18	5	47	6	29	7	98	8	25	9	91	10	87	11	95	12	25	13	84	14	11	15	73	16	31	17	24	18	52	19	50	
	0	73	1	64	2	86	3	59	4	54	5	50	6	15	7	22	8	43	9	35	10	31	11	92	12	56	13	75	14	47	15	23	16	82	17	68	18	26	19	58	
	0	13	1	52	2	53	3	98	4	60	5	78	6	64	7	30	8	48	9	26	10	51	11	25	12	65	13	90	14	26	15	46	16	64	17	51	18	84	19	51	
	0	33	1	84	2	76	3	43	4	39	5	61	6	20	7	16	8	80	9	37	10	61	11	19	12	45	13	62	14	40	15	86	16	61	17	44	18	91	19	59	
	0	35	1	94	2	64	3	97	4	84	5	94	6	16	7	12	8	70	9	80	10	56	11	70	12	64	13	92	14	78	15	65	16	50	17	97	18	87	19	70	
	0	74	1	56	2	97	3	82	4	98	5	73	6	55	7	66	8	33	9	100	10	97	11	48	12	46	13	55	14	68	15	90	16	50	17	17	18	62	19	95	
	0	38	1	54	2	85	3	28	4	49	5	29	6	42	7	92	8	76	9	48	10	83	11	46	12	69	13	75	14	53	15	65	16	73	17	64	18	56	19	53	
	0	14	1	19	2	56	3	38	4	82	5	46	6	87	7	98	8	94	9	42	10	35	11	56	12	51	13	23	14	80	15	43	16	32	17	91	18	82	19	41	
	0	24	1	61	2	27	3	30	4	100	5	53	6	19	7	71	8	98	9	33	10	29	11	89	12	28	13	81	14	30	15	17	16	68	17	57	18	12	19	78	
	0	93	1	95	2	32	3	79	4	50	5	42	6	40	7	71	8	30	9	40	10	82	11	14	12	25	13	32	14	51	15	79	16	55	17	48	18	73	19	57	
	0	56	1	76	2	18	3	57	4	76	5	58	6	83	7	16	8	22	9	15	10	10	11	84	12	92	13	73	14	87	15	11	16	44	17	21	18	24	19	16	
	0	90	1	73	2	82	3	17	4	21	5	81	6	52	7	100	8	43	9	29	10	22	11	68	12	77	13	46	14	64	15	59	16	60	17	75	18	82	19	69	
	0	62	1	79	2	83	3	52	4	73	5	51	6	74	7	23	8	38	9	58	10	58	11	85	12	33	13	32	14	63	15	28	16	23	17	20	18	61	19	13	
	0	81	1	18	2	49	3	70	4	73	5	30	6	87	7	52	8	75	9	48	10	67	11	78	12	86	13	69	14	61	15	36	16	88	17	39	18	30	19	38	
	0	56	1	45	2	75	3	33	4	55	5	48	6	56	7	82	8	73	9	100	10	11	11	41	12	79	13	82	14	22	15	32	16	13	17	38	18	36	19	76	
	0	80	1	82	2	13	3	37	4	59	5	96	6	82	7	12	8	54	9	50	10	56	11	58	12	20	13	55	14	59	15	42	16	54	17	79	18	20	19	79	
	0	17	1	61	2	42	3	98	4	51	5	18	6	56	7	63	8	10	9	61	10	79	11	100	12	87	13	83	14	98	15	12	16	14	17	68	18	50	19	32	
	0	96	1	32	2	27	3	91	4	84	5	28	6	57	7	89	8	73	9	98	10	43	11	46	12	24	13	64	14	49	15	85	16	68	17	80	18	86	19	82	
	0	22	1	47	2	19	3	67	4	96	5	10	6	26	7	81	8	14	9	29	10	47	11	31	12	17	13	16	14	22	15	43	16	91	17	22	18	36	19	47	
	0	49	1	99	2	100	3	75	4	11	5	35	6	92	7	33	8	81	9	32	10	29	11	99	12	82	13	41	14	75	15	51	16	65	17	58	18	23	19	27	
	0	98	1	38	2	71	3	97	4	54	5	37	6	73	7	47	8	84	9	61	10	57	11	18	12	35	13	75	14	98	15	54	16	54	17	48	18	72	19	65	
	0	32	1	97	2	22	3	76	4	31	5	42	6	94	7	17	8	18	9	34	10	93	11	16	12	47	13	88	14	98	15	41	16	78	17	17	18	71	19	45	
	0	49	1	89	2	15	3	13	4	84	5	39	6	89	7	93	8	93	9	14	10	30	11	60	12	66	13	87	14	44	15	57	16	35	17	19	18	23	19	57	
	0	26	1	81	2	31	3	96	4	18	5	30	6	97	7	91	8	49	9	77	10	70	11	67	12	24	13	56	14	74	15	49	16	91	17	90	18	62	19	32	
	0	90	1	90	2	24	3	72	4	15	5	33	6	86	7	91	8	23	9	58	10	76	11	13	12	19	13	99	14	10	15	41	16	54	17	45	18	47	19	17	
	0	81	1	43	2	94	3	92	4	33	5	79	6	38	7	64	8	39	9	19	10	96	11	66	12	31	13	38	14	85	15	77	16	81	17	81	18	92	19	84	
	0	40	1	51	2	68	3	74	4	51	5	46	6	10	7	98	8	33	9	87	10	71	11	59	12	10	13	41	14	65	15	49	16	13	17	25	18	32	19	51	
	0	16	1	75	2	62	3	18	4	33	5	34	6	50	7	17	8	15	9	49	10	55	11	82	12	52	13	75	14	75	15	56	16	32	17	84	18	64	19	36	
	0	47	1	58	2	40	3	96	4	65	5	67	6	61	7	66	8	18	9	78	10	23	11	86	12	21	13	90	14	48	15	84	16	69	17	11	18	82	19	79	
	0	83	1	84	2	62	3	39	4	56	5	19	6	16	7	100	8	98	9	69	10	15	11	10	12	29	13	97	14	63	15	52	16	67	17	75	18	88	19	35	
	0	84	1	32	2	45	3	75	4	90	5	81	6	77	7	13	8	32	9	51	10	92	11	57	12	99	13	54	14	48	15	22	16	44	17	33	18	71	19	72	
	0	80	1	76	2	36	3	31	4	52	5	93	6	44	7	83	8	48	9	68	10	15	11	12	12	11	13	68	14	60	15	55	16	21	17	95	18	18	19	34	
	0	67	1	56	2	86	3	100	4	63	5	99	6	49	7	99	8	55	9	48	10	71	11	66	12	69	13	14	14	83	15	21	16	31	17	36	18	72	19	13	
	0	95	1	67	2	12	3	35	4	100	5	35	6	32	7	87	8	46	9	90	10	19	11	72	12	80	13	50	14	98	15	35	16	11	17	30	18	33	19	49	
	0	50	1	52	2	83	3	21	4	94	5	79	6	65	7	39	8	14	9	16	10	22	11	86	12	48	13	47	14	14	15	35	16	53	17	48	18	88	19	86	
	0	29	1	21	2	99	3	82	4	10	5	33	6	28	7	87	8	88	9	15	10	44	11	91	12	35	13	79	14	81	15	80	16	30	17	13	18	100	19	78	
	0	93	1	36	2	11	3	15	4	96	5	91	6	39	7	23	8	18	9	33	10	14	11	78	12	15	13	12	14	55	15	87	16	70	17	65	18	65	19	90	
	0	26	1	10	2	89	3	46	4	42	5	32	6	65	7	35	8	69	9	70	10	92	11	37	12	92	13	43	14	92	15	83	16	35	17	80	18	74	19	39	