100 30 1
30
	0	71	1	52	2	55	3	78	4	37	5	15	6	89	7	35	8	60	9	91	10	97	11	90	12	29	13	41	14	32	15	68	16	41	17	70	18	27	19	83	20	16	21	65	22	98	23	94	24	22	25	61	26	37	27	51	28	89	29	63	
	0	97	1	56	2	86	3	88	4	77	5	62	6	86	7	20	8	91	9	99	10	72	11	25	12	96	13	82	14	67	15	13	16	79	17	28	18	48	19	52	20	83	21	27	22	83	23	16	24	90	25	62	26	86	27	39	28	68	29	88	
	0	65	1	31	2	89	3	12	4	15	5	83	6	55	7	91	8	11	9	55	10	61	11	11	12	54	13	55	14	63	15	54	16	85	17	90	18	100	19	52	20	95	21	71	22	98	23	80	24	33	25	82	26	40	27	48	28	95	29	58	
	0	85	1	93	2	90	3	30	4	42	5	56	6	54	7	81	8	34	9	79	10	29	11	49	12	41	13	86	14	61	15	40	16	35	17	98	18	18	19	83	20	49	21	60	22	34	23	51	24	50	25	70	26	12	27	20	28	49	29	13	
	0	18	1	94	2	30	3	91	4	81	5	12	6	16	7	26	8	53	9	49	10	55	11	97	12	34	13	44	14	33	15	27	16	26	17	95	18	18	19	92	20	78	21	58	22	50	23	48	24	15	25	71	26	82	27	36	28	61	29	97	
	0	86	1	81	2	50	3	80	4	100	5	73	6	78	7	14	8	44	9	96	10	50	11	78	12	93	13	98	14	12	15	30	16	67	17	80	18	51	19	46	20	62	21	48	22	48	23	86	24	30	25	11	26	72	27	64	28	36	29	57	
	0	87	1	49	2	60	3	72	4	55	5	42	6	87	7	49	8	58	9	92	10	100	11	25	12	88	13	26	14	12	15	77	16	16	17	49	18	53	19	66	20	98	21	83	22	35	23	76	24	47	25	30	26	53	27	55	28	34	29	77	
	0	76	1	60	2	54	3	22	4	75	5	17	6	58	7	71	8	50	9	76	10	48	11	67	12	38	13	20	14	18	15	61	16	23	17	83	18	85	19	89	20	15	21	74	22	75	23	54	24	11	25	65	26	91	27	47	28	23	29	65	
	0	37	1	17	2	25	3	82	4	62	5	92	6	37	7	20	8	52	9	64	10	87	11	30	12	15	13	59	14	55	15	64	16	94	17	84	18	49	19	19	20	83	21	95	22	82	23	23	24	97	25	64	26	91	27	87	28	23	29	18	
	0	76	1	37	2	47	3	82	4	61	5	52	6	22	7	72	8	50	9	19	10	68	11	37	12	42	13	17	14	49	15	44	16	75	17	13	18	19	19	48	20	35	21	62	22	55	23	62	24	74	25	93	26	29	27	39	28	79	29	28	
	0	32	1	23	2	35	3	61	4	39	5	71	6	39	7	82	8	23	9	85	10	34	11	70	12	39	13	81	14	44	15	48	16	67	17	78	18	68	19	81	20	24	21	48	22	56	23	19	24	83	25	88	26	28	27	56	28	30	29	82	
	0	11	1	18	2	95	3	72	4	38	5	90	6	13	7	74	8	67	9	85	10	62	11	48	12	38	13	66	14	21	15	20	16	59	17	23	18	32	19	78	20	81	21	69	22	90	23	78	24	20	25	69	26	62	27	45	28	79	29	92	
	0	82	1	56	2	78	3	39	4	30	5	34	6	14	7	48	8	17	9	86	10	85	11	30	12	21	13	31	14	36	15	90	16	11	17	25	18	97	19	43	20	57	21	39	22	72	23	30	24	52	25	96	26	73	27	31	28	80	29	28	
	0	72	1	61	2	66	3	50	4	97	5	41	6	40	7	40	8	25	9	26	10	33	11	96	12	45	13	73	14	64	15	49	16	30	17	10	18	34	19	88	20	58	21	97	22	17	23	32	24	90	25	19	26	40	27	51	28	87	29	44	
	0	17	1	92	2	32	3	66	4	16	5	100	6	33	7	99	8	81	9	72	10	75	11	79	12	39	13	35	14	58	15	82	16	79	17	13	18	38	19	39	20	21	21	40	22	18	23	22	24	56	25	57	26	97	27	41	28	83	29	18	
	0	60	1	65	2	86	3	39	4	84	5	19	6	63	7	57	8	85	9	19	10	87	11	25	12	10	13	45	14	41	15	93	16	50	17	33	18	19	19	13	20	100	21	45	22	41	23	44	24	43	25	95	26	52	27	41	28	12	29	82	
	0	24	1	19	2	30	3	47	4	95	5	97	6	15	7	22	8	41	9	35	10	69	11	32	12	11	13	85	14	66	15	68	16	35	17	84	18	19	19	78	20	35	21	88	22	21	23	69	24	50	25	32	26	41	27	79	28	82	29	89	
	0	100	1	53	2	56	3	29	4	34	5	81	6	42	7	45	8	88	9	22	10	86	11	31	12	92	13	36	14	31	15	57	16	83	17	55	18	31	19	82	20	99	21	37	22	84	23	79	24	10	25	49	26	89	27	67	28	83	29	14	
	0	30	1	61	2	76	3	31	4	43	5	86	6	36	7	73	8	76	9	86	10	44	11	71	12	20	13	53	14	57	15	81	16	85	17	10	18	41	19	62	20	20	21	45	22	95	23	70	24	33	25	20	26	99	27	100	28	91	29	42	
	0	80	1	53	2	94	3	23	4	83	5	71	6	47	7	89	8	14	9	46	10	28	11	78	12	74	13	29	14	83	15	66	16	31	17	87	18	60	19	89	20	92	21	22	22	47	23	56	24	54	25	79	26	42	27	29	28	33	29	92	
	0	32	1	80	2	15	3	50	4	40	5	22	6	97	7	94	8	14	9	33	10	17	11	93	12	63	13	89	14	66	15	96	16	20	17	17	18	92	19	56	20	73	21	54	22	64	23	75	24	86	25	65	26	79	27	68	28	37	29	68	
	0	11	1	73	2	10	3	82	4	23	5	86	6	15	7	10	8	30	9	51	10	27	11	66	12	73	13	71	14	36	15	59	16	86	17	99	18	75	19	10	20	82	21	74	22	60	23	41	24	97	25	49	26	97	27	55	28	36	29	40	
	0	15	1	55	2	19	3	25	4	15	5	57	6	14	7	29	8	96	9	91	10	93	11	99	12	98	13	71	14	93	15	20	16	52	17	22	18	41	19	51	20	92	21	66	22	63	23	16	24	26	25	52	26	41	27	61	28	84	29	71	
	0	56	1	81	2	52	3	98	4	56	5	84	6	97	7	40	8	70	9	75	10	44	11	40	12	32	13	70	14	99	15	52	16	99	17	46	18	26	19	19	20	95	21	70	22	54	23	75	24	80	25	74	26	30	27	55	28	17	29	95	
	0	80	1	79	2	64	3	20	4	24	5	86	6	43	7	94	8	85	9	55	10	65	11	85	12	12	13	96	14	54	15	35	16	58	17	11	18	89	19	93	20	76	21	75	22	38	23	78	24	63	25	92	26	78	27	20	28	37	29	61	
	0	81	1	21	2	32	3	54	4	19	5	59	6	25	7	33	8	38	9	27	10	78	11	52	12	75	13	89	14	65	15	81	16	63	17	56	18	81	19	65	20	26	21	73	22	50	23	53	24	86	25	23	26	73	27	99	28	61	29	27	
	0	37	1	87	2	78	3	47	4	67	5	61	6	77	7	71	8	70	9	55	10	13	11	95	12	29	13	90	14	19	15	11	16	85	17	29	18	55	19	77	20	60	21	50	22	92	23	30	24	59	25	99	26	89	27	47	28	94	29	39	
	0	82	1	97	2	20	3	73	4	42	5	87	6	26	7	26	8	72	9	11	10	53	11	82	12	23	13	41	14	58	15	76	16	53	17	47	18	49	19	44	20	70	21	82	22	29	23	57	24	52	25	41	26	83	27	51	28	96	29	27	
	0	47	1	98	2	86	3	15	4	58	5	84	6	16	7	86	8	74	9	97	10	85	11	13	12	49	13	54	14	68	15	52	16	33	17	20	18	41	19	39	20	47	21	42	22	52	23	88	24	60	25	45	26	58	27	23	28	76	29	95	
	0	21	1	16	2	80	3	73	4	39	5	57	6	16	7	93	8	31	9	48	10	11	11	45	12	57	13	34	14	27	15	72	16	19	17	79	18	70	19	31	20	42	21	80	22	46	23	44	24	25	25	25	26	62	27	30	28	74	29	84	
	0	72	1	29	2	60	3	100	4	28	5	12	6	30	7	20	8	84	9	50	10	63	11	89	12	27	13	25	14	11	15	49	16	87	17	21	18	15	19	96	20	74	21	81	22	51	23	53	24	54	25	20	26	100	27	15	28	43	29	78	
	0	18	1	98	2	52	3	92	4	31	5	85	6	52	7	65	8	64	9	18	10	70	11	96	12	85	13	47	14	37	15	69	16	18	17	19	18	62	19	30	20	38	21	70	22	97	23	39	24	18	25	27	26	21	27	61	28	77	29	39	
	0	98	1	35	2	59	3	88	4	56	5	93	6	91	7	14	8	59	9	60	10	99	11	20	12	49	13	69	14	61	15	31	16	56	17	52	18	44	19	46	20	38	21	96	22	28	23	54	24	21	25	53	26	73	27	50	28	99	29	71	
	0	45	1	14	2	75	3	59	4	43	5	27	6	68	7	16	8	16	9	44	10	58	11	22	12	52	13	97	14	86	15	58	16	62	17	47	18	93	19	44	20	42	21	90	22	45	23	57	24	35	25	72	26	52	27	42	28	36	29	64	
	0	33	1	29	2	18	3	73	4	97	5	59	6	76	7	60	8	27	9	74	10	83	11	59	12	18	13	45	14	55	15	37	16	34	17	60	18	96	19	27	20	29	21	29	22	74	23	67	24	29	25	95	26	17	27	87	28	62	29	23	
	0	48	1	94	2	65	3	69	4	94	5	64	6	69	7	78	8	88	9	29	10	88	11	16	12	10	13	25	14	15	15	59	16	74	17	53	18	29	19	15	20	39	21	92	22	20	23	82	24	51	25	80	26	31	27	41	28	18	29	90	
	0	63	1	55	2	53	3	48	4	77	5	93	6	21	7	65	8	92	9	72	10	67	11	16	12	82	13	42	14	75	15	65	16	96	17	79	18	48	19	94	20	22	21	38	22	46	23	51	24	19	25	69	26	90	27	39	28	26	29	36	
	0	33	1	88	2	80	3	66	4	32	5	17	6	19	7	53	8	88	9	93	10	14	11	16	12	41	13	72	14	24	15	22	16	36	17	63	18	12	19	88	20	73	21	30	22	98	23	16	24	17	25	59	26	89	27	39	28	39	29	37	
	0	83	1	67	2	52	3	20	4	22	5	65	6	89	7	43	8	100	9	99	10	65	11	13	12	88	13	30	14	60	15	17	16	92	17	76	18	19	19	45	20	40	21	43	22	67	23	89	24	19	25	39	26	87	27	49	28	48	29	15	
	0	23	1	28	2	52	3	45	4	61	5	53	6	88	7	97	8	58	9	55	10	18	11	13	12	40	13	93	14	70	15	19	16	16	17	49	18	24	19	37	20	77	21	83	22	26	23	93	24	46	25	20	26	94	27	56	28	50	29	21	
	0	47	1	59	2	58	3	56	4	52	5	35	6	46	7	100	8	11	9	21	10	45	11	18	12	97	13	66	14	43	15	86	16	64	17	56	18	92	19	51	20	74	21	100	22	74	23	40	24	32	25	52	26	92	27	36	28	17	29	24	
	0	94	1	93	2	88	3	27	4	28	5	42	6	45	7	66	8	16	9	38	10	20	11	85	12	57	13	18	14	18	15	18	16	67	17	95	18	27	19	38	20	65	21	43	22	48	23	45	24	47	25	44	26	61	27	82	28	58	29	57	
	0	60	1	78	2	31	3	43	4	67	5	29	6	76	7	99	8	24	9	19	10	96	11	21	12	76	13	67	14	86	15	17	16	12	17	13	18	13	19	20	20	51	21	41	22	99	23	16	24	24	25	43	26	97	27	50	28	54	29	100	
	0	64	1	36	2	40	3	88	4	99	5	92	6	91	7	100	8	79	9	37	10	79	11	94	12	34	13	45	14	80	15	17	16	11	17	21	18	65	19	93	20	36	21	56	22	25	23	66	24	58	25	21	26	17	27	92	28	97	29	13	
	0	22	1	96	2	72	3	13	4	83	5	62	6	56	7	27	8	24	9	71	10	29	11	91	12	99	13	44	14	47	15	38	16	81	17	87	18	40	19	95	20	29	21	67	22	83	23	84	24	26	25	64	26	94	27	35	28	93	29	84	
	0	29	1	50	2	70	3	13	4	25	5	22	6	37	7	64	8	97	9	10	10	33	11	21	12	29	13	43	14	51	15	15	16	66	17	43	18	19	19	94	20	14	21	82	22	32	23	60	24	83	25	62	26	61	27	83	28	63	29	42	
	0	10	1	43	2	86	3	66	4	57	5	29	6	64	7	39	8	78	9	15	10	49	11	24	12	67	13	50	14	34	15	59	16	39	17	88	18	26	19	31	20	73	21	42	22	75	23	66	24	76	25	23	26	14	27	70	28	26	29	41	
	0	57	1	86	2	84	3	38	4	83	5	74	6	82	7	63	8	61	9	64	10	63	11	87	12	65	13	36	14	27	15	77	16	98	17	88	18	21	19	14	20	79	21	46	22	15	23	47	24	63	25	64	26	96	27	59	28	67	29	18	
	0	87	1	27	2	13	3	68	4	31	5	50	6	45	7	72	8	90	9	61	10	59	11	45	12	60	13	38	14	42	15	56	16	93	17	94	18	14	19	60	20	99	21	32	22	27	23	69	24	88	25	10	26	67	27	13	28	72	29	87	
	0	23	1	14	2	83	3	28	4	90	5	33	6	77	7	45	8	79	9	60	10	21	11	89	12	90	13	47	14	97	15	56	16	67	17	70	18	26	19	61	20	37	21	96	22	67	23	25	24	60	25	89	26	13	27	12	28	94	29	98	
	0	80	1	78	2	11	3	29	4	59	5	82	6	25	7	62	8	47	9	32	10	90	11	67	12	79	13	89	14	20	15	87	16	82	17	81	18	35	19	68	20	33	21	18	22	31	23	46	24	63	25	53	26	94	27	20	28	20	29	80	
	0	82	1	75	2	98	3	64	4	50	5	70	6	89	7	38	8	45	9	96	10	91	11	43	12	89	13	11	14	46	15	94	16	49	17	66	18	64	19	35	20	76	21	81	22	43	23	77	24	42	25	75	26	24	27	90	28	19	29	41	
	0	61	1	56	2	71	3	64	4	32	5	22	6	51	7	10	8	33	9	52	10	93	11	95	12	91	13	75	14	77	15	63	16	37	17	38	18	21	19	48	20	56	21	81	22	80	23	34	24	61	25	14	26	60	27	31	28	78	29	90	
	0	22	1	19	2	70	3	54	4	64	5	97	6	87	7	21	8	41	9	94	10	57	11	51	12	46	13	63	14	17	15	63	16	25	17	58	18	75	19	27	20	75	21	90	22	62	23	46	24	42	25	76	26	23	27	29	28	92	29	38	
	0	51	1	95	2	95	3	27	4	28	5	97	6	73	7	22	8	84	9	74	10	55	11	54	12	64	13	41	14	75	15	80	16	19	17	15	18	17	19	78	20	94	21	16	22	90	23	31	24	37	25	30	26	41	27	70	28	74	29	14	
	0	100	1	30	2	39	3	91	4	40	5	44	6	81	7	62	8	65	9	34	10	40	11	49	12	10	13	28	14	81	15	69	16	59	17	39	18	32	19	19	20	26	21	95	22	66	23	18	24	23	25	18	26	31	27	93	28	61	29	88	
	0	89	1	16	2	71	3	82	4	16	5	80	6	12	7	48	8	83	9	80	10	82	11	63	12	56	13	22	14	52	15	87	16	31	17	23	18	40	19	87	20	78	21	26	22	64	23	53	24	38	25	85	26	46	27	45	28	64	29	69	
	0	53	1	30	2	92	3	10	4	82	5	18	6	43	7	95	8	18	9	56	10	98	11	89	12	64	13	65	14	54	15	65	16	38	17	33	18	78	19	32	20	77	21	46	22	30	23	87	24	52	25	19	26	23	27	86	28	23	29	85	
	0	60	1	82	2	21	3	37	4	65	5	66	6	61	7	37	8	39	9	59	10	90	11	35	12	95	13	29	14	55	15	25	16	59	17	54	18	20	19	13	20	73	21	67	22	55	23	27	24	70	25	34	26	17	27	57	28	20	29	43	
	0	22	1	31	2	92	3	40	4	52	5	14	6	91	7	37	8	24	9	45	10	51	11	76	12	21	13	54	14	69	15	71	16	59	17	21	18	52	19	28	20	34	21	94	22	87	23	44	24	75	25	40	26	46	27	30	28	28	29	25	
	0	69	1	16	2	84	3	14	4	86	5	30	6	71	7	81	8	32	9	35	10	20	11	27	12	83	13	14	14	66	15	76	16	99	17	85	18	14	19	45	20	83	21	58	22	17	23	48	24	46	25	71	26	13	27	52	28	92	29	39	
	0	24	1	55	2	91	3	25	4	59	5	98	6	58	7	59	8	28	9	30	10	28	11	91	12	26	13	53	14	54	15	87	16	57	17	54	18	79	19	89	20	84	21	93	22	63	23	83	24	70	25	49	26	59	27	24	28	12	29	64	
	0	43	1	21	2	64	3	60	4	11	5	75	6	90	7	32	8	79	9	34	10	15	11	49	12	83	13	19	14	61	15	10	16	52	17	46	18	79	19	73	20	19	21	99	22	25	23	97	24	81	25	17	26	37	27	52	28	89	29	11	
	0	57	1	48	2	57	3	99	4	87	5	79	6	20	7	89	8	93	9	85	10	99	11	78	12	33	13	71	14	71	15	82	16	10	17	81	18	42	19	41	20	84	21	55	22	40	23	16	24	48	25	64	26	66	27	10	28	10	29	29	
	0	30	1	14	2	28	3	16	4	91	5	22	6	28	7	51	8	50	9	49	10	86	11	52	12	46	13	11	14	90	15	83	16	55	17	60	18	72	19	100	20	65	21	36	22	86	23	62	24	32	25	23	26	54	27	14	28	82	29	19	
	0	75	1	27	2	97	3	60	4	48	5	95	6	99	7	31	8	20	9	64	10	63	11	68	12	45	13	69	14	78	15	87	16	30	17	23	18	81	19	69	20	20	21	28	22	22	23	69	24	45	25	92	26	91	27	15	28	94	29	13	
	0	79	1	78	2	31	3	38	4	14	5	21	6	53	7	54	8	14	9	22	10	62	11	20	12	72	13	54	14	16	15	93	16	74	17	64	18	90	19	73	20	88	21	83	22	55	23	87	24	56	25	22	26	35	27	72	28	81	29	74	
	0	26	1	87	2	79	3	92	4	43	5	70	6	22	7	57	8	40	9	47	10	62	11	38	12	52	13	27	14	39	15	93	16	94	17	37	18	49	19	100	20	51	21	65	22	21	23	24	24	39	25	92	26	32	27	44	28	58	29	68	
	0	100	1	45	2	97	3	11	4	88	5	31	6	80	7	21	8	13	9	65	10	55	11	77	12	70	13	31	14	23	15	92	16	38	17	55	18	50	19	74	20	57	21	46	22	64	23	49	24	55	25	99	26	50	27	77	28	87	29	50	
	0	33	1	72	2	46	3	64	4	59	5	57	6	43	7	26	8	28	9	59	10	93	11	64	12	20	13	72	14	81	15	34	16	12	17	72	18	58	19	45	20	66	21	55	22	67	23	95	24	56	25	52	26	80	27	39	28	83	29	64	
	0	17	1	82	2	19	3	70	4	26	5	43	6	90	7	86	8	86	9	27	10	61	11	50	12	66	13	78	14	13	15	50	16	31	17	73	18	26	19	87	20	61	21	16	22	76	23	29	24	19	25	45	26	71	27	96	28	28	29	35	
	0	24	1	69	2	51	3	21	4	43	5	80	6	55	7	96	8	39	9	55	10	36	11	34	12	54	13	77	14	78	15	46	16	11	17	58	18	23	19	65	20	43	21	17	22	25	23	43	24	95	25	32	26	90	27	31	28	83	29	36	
	0	33	1	82	2	82	3	70	4	24	5	98	6	35	7	67	8	36	9	76	10	78	11	16	12	85	13	50	14	100	15	78	16	61	17	95	18	56	19	59	20	29	21	97	22	50	23	28	24	13	25	25	26	57	27	11	28	46	29	67	
	0	97	1	86	2	59	3	65	4	94	5	31	6	38	7	16	8	96	9	39	10	58	11	18	12	85	13	89	14	22	15	36	16	42	17	67	18	24	19	16	20	50	21	19	22	98	23	63	24	62	25	52	26	61	27	28	28	98	29	55	
	0	27	1	24	2	24	3	43	4	18	5	99	6	72	7	93	8	99	9	56	10	80	11	13	12	87	13	24	14	95	15	55	16	21	17	79	18	32	19	24	20	29	21	82	22	42	23	96	24	98	25	39	26	86	27	34	28	97	29	94	
	0	96	1	84	2	47	3	52	4	97	5	34	6	53	7	86	8	88	9	47	10	16	11	26	12	26	13	16	14	75	15	72	16	52	17	54	18	37	19	76	20	88	21	28	22	15	23	58	24	69	25	50	26	56	27	15	28	97	29	72	
	0	45	1	38	2	100	3	32	4	45	5	19	6	63	7	51	8	48	9	42	10	32	11	49	12	37	13	23	14	50	15	84	16	85	17	83	18	21	19	25	20	87	21	85	22	74	23	60	24	51	25	35	26	82	27	73	28	58	29	22	
	0	14	1	18	2	61	3	70	4	89	5	90	6	47	7	85	8	53	9	25	10	34	11	29	12	79	13	87	14	11	15	36	16	11	17	65	18	74	19	58	20	28	21	94	22	14	23	17	24	13	25	82	26	87	27	40	28	10	29	95	
	0	19	1	95	2	78	3	76	4	71	5	85	6	58	7	83	8	21	9	26	10	12	11	37	12	64	13	82	14	11	15	85	16	40	17	49	18	48	19	46	20	49	21	94	22	53	23	62	24	75	25	84	26	33	27	55	28	93	29	14	
	0	47	1	48	2	56	3	53	4	33	5	28	6	40	7	27	8	39	9	52	10	15	11	69	12	52	13	88	14	82	15	61	16	98	17	62	18	42	19	35	20	21	21	32	22	40	23	98	24	14	25	25	26	15	27	56	28	69	29	36	
	0	48	1	46	2	40	3	54	4	39	5	64	6	28	7	95	8	76	9	44	10	70	11	56	12	13	13	91	14	42	15	16	16	46	17	51	18	50	19	21	20	86	21	13	22	81	23	42	24	90	25	25	26	40	27	92	28	13	29	41	
	0	74	1	16	2	27	3	10	4	42	5	18	6	96	7	31	8	97	9	43	10	66	11	62	12	45	13	40	14	27	15	51	16	68	17	56	18	94	19	55	20	87	21	18	22	81	23	50	24	94	25	71	26	85	27	70	28	42	29	92	
	0	79	1	62	2	82	3	85	4	90	5	46	6	19	7	10	8	81	9	75	10	39	11	66	12	16	13	94	14	87	15	15	16	22	17	86	18	42	19	79	20	72	21	61	22	41	23	12	24	18	25	41	26	85	27	81	28	25	29	28	
	0	11	1	16	2	98	3	67	4	14	5	66	6	81	7	32	8	62	9	91	10	86	11	36	12	27	13	65	14	47	15	56	16	78	17	36	18	25	19	59	20	29	21	33	22	81	23	81	24	67	25	91	26	70	27	44	28	51	29	51	
	0	72	1	18	2	83	3	81	4	73	5	87	6	37	7	54	8	28	9	78	10	95	11	79	12	79	13	30	14	19	15	100	16	64	17	46	18	85	19	15	20	40	21	94	22	50	23	20	24	36	25	80	26	59	27	100	28	33	29	64	
	0	32	1	72	2	21	3	26	4	97	5	80	6	91	7	82	8	44	9	77	10	44	11	68	12	49	13	39	14	67	15	89	16	80	17	96	18	12	19	65	20	92	21	62	22	23	23	31	24	27	25	27	26	66	27	72	28	32	29	75	
	0	44	1	11	2	31	3	12	4	56	5	59	6	85	7	91	8	28	9	20	10	65	11	11	12	21	13	42	14	82	15	60	16	98	17	54	18	80	19	96	20	51	21	88	22	31	23	43	24	20	25	21	26	40	27	98	28	11	29	96	
	0	89	1	71	2	66	3	12	4	17	5	30	6	46	7	12	8	51	9	45	10	90	11	77	12	52	13	55	14	39	15	41	16	99	17	46	18	43	19	66	20	71	21	51	22	83	23	27	24	93	25	98	26	42	27	22	28	31	29	10	
	0	56	1	75	2	86	3	17	4	24	5	46	6	40	7	72	8	15	9	67	10	91	11	99	12	80	13	16	14	26	15	37	16	20	17	71	18	65	19	62	20	52	21	73	22	15	23	47	24	37	25	54	26	58	27	36	28	96	29	99	
	0	89	1	34	2	44	3	93	4	89	5	71	6	56	7	75	8	63	9	96	10	37	11	50	12	44	13	90	14	64	15	75	16	94	17	42	18	27	19	84	20	66	21	43	22	80	23	94	24	27	25	73	26	93	27	10	28	10	29	86	
	0	71	1	62	2	13	3	28	4	65	5	24	6	94	7	57	8	19	9	52	10	35	11	53	12	58	13	41	14	13	15	91	16	72	17	28	18	81	19	80	20	33	21	39	22	67	23	100	24	69	25	83	26	29	27	64	28	17	29	20	
	0	23	1	95	2	91	3	22	4	11	5	16	6	77	7	83	8	74	9	16	10	85	11	66	12	55	13	71	14	90	15	89	16	69	17	38	18	74	19	61	20	36	21	53	22	42	23	52	24	60	25	71	26	77	27	64	28	20	29	93	
	0	56	1	14	2	84	3	17	4	14	5	15	6	91	7	34	8	55	9	28	10	85	11	46	12	46	13	32	14	63	15	93	16	59	17	59	18	28	19	26	20	94	21	53	22	84	23	27	24	85	25	19	26	20	27	50	28	24	29	98	
	0	41	1	11	2	97	3	27	4	96	5	72	6	53	7	15	8	19	9	73	10	79	11	39	12	61	13	54	14	85	15	54	16	47	17	37	18	15	19	41	20	98	21	57	22	97	23	36	24	80	25	35	26	16	27	22	28	97	29	97	
	0	83	1	25	2	75	3	40	4	15	5	58	6	86	7	99	8	33	9	47	10	100	11	14	12	60	13	22	14	68	15	84	16	24	17	29	18	70	19	18	20	21	21	91	22	54	23	66	24	80	25	69	26	92	27	90	28	93	29	36	
	0	43	1	50	2	58	3	12	4	38	5	34	6	68	7	14	8	11	9	62	10	67	11	38	12	11	13	31	14	82	15	20	16	34	17	72	18	44	19	13	20	58	21	83	22	26	23	53	24	88	25	40	26	87	27	84	28	41	29	26	
	0	38	1	74	2	16	3	78	4	80	5	87	6	43	7	17	8	99	9	38	10	49	11	11	12	57	13	13	14	50	15	77	16	65	17	63	18	38	19	97	20	25	21	24	22	28	23	64	24	77	25	70	26	71	27	93	28	56	29	32	
	0	77	1	38	2	73	3	58	4	94	5	45	6	27	7	64	8	67	9	61	10	60	11	94	12	51	13	78	14	50	15	81	16	74	17	45	18	16	19	26	20	99	21	46	22	32	23	22	24	59	25	12	26	71	27	58	28	36	29	94	
	0	75	1	100	2	46	3	79	4	79	5	70	6	17	7	21	8	92	9	54	10	29	11	80	12	73	13	90	14	21	15	26	16	60	17	37	18	73	19	79	20	10	21	29	22	95	23	34	24	29	25	32	26	56	27	38	28	31	29	20	
	0	66	1	25	2	100	3	65	4	59	5	44	6	75	7	70	8	58	9	17	10	85	11	35	12	100	13	95	14	57	15	20	16	69	17	20	18	10	19	48	20	70	21	86	22	24	23	26	24	39	25	26	26	68	27	93	28	72	29	54	