100 30 1
30
	0	42	1	58	2	27	3	18	4	61	5	59	6	67	7	39	8	52	9	28	10	90	11	96	12	32	13	66	14	70	15	59	16	16	17	13	18	62	19	45	20	24	21	33	22	46	23	29	24	81	25	70	26	77	27	27	28	76	29	48	
	0	95	1	90	2	87	3	68	4	91	5	60	6	65	7	49	8	89	9	13	10	79	11	38	12	76	13	78	14	55	15	46	16	20	17	52	18	72	19	81	20	68	21	95	22	69	23	81	24	80	25	75	26	81	27	96	28	95	29	11	
	0	46	1	43	2	97	3	24	4	20	5	23	6	12	7	43	8	63	9	64	10	15	11	38	12	84	13	87	14	41	15	13	16	96	17	32	18	75	19	62	20	42	21	81	22	94	23	51	24	71	25	74	26	83	27	29	28	98	29	36	
	0	100	1	78	2	98	3	37	4	89	5	71	6	32	7	75	8	30	9	39	10	42	11	76	12	96	13	99	14	88	15	65	16	71	17	96	18	21	19	44	20	12	21	89	22	14	23	43	24	11	25	57	26	60	27	17	28	78	29	54	
	0	32	1	73	2	95	3	26	4	50	5	77	6	28	7	27	8	97	9	95	10	20	11	43	12	20	13	42	14	95	15	65	16	57	17	60	18	63	19	64	20	57	21	21	22	20	23	42	24	36	25	59	26	45	27	59	28	30	29	12	
	0	33	1	62	2	12	3	81	4	30	5	27	6	21	7	39	8	32	9	72	10	19	11	61	12	51	13	57	14	35	15	11	16	19	17	83	18	29	19	51	20	32	21	29	22	18	23	63	24	36	25	32	26	91	27	22	28	15	29	28	
	0	13	1	41	2	55	3	52	4	92	5	76	6	59	7	23	8	76	9	57	10	88	11	32	12	41	13	99	14	98	15	38	16	35	17	80	18	90	19	14	20	76	21	39	22	50	23	30	24	28	25	28	26	72	27	55	28	58	29	10	
	0	45	1	67	2	42	3	43	4	15	5	97	6	78	7	26	8	36	9	31	10	57	11	100	12	35	13	97	14	10	15	81	16	90	17	61	18	64	19	56	20	30	21	62	22	33	23	57	24	39	25	73	26	67	27	96	28	32	29	55	
	0	66	1	32	2	14	3	90	4	100	5	69	6	100	7	74	8	29	9	94	10	64	11	57	12	80	13	48	14	53	15	62	16	96	17	80	18	17	19	23	20	36	21	51	22	83	23	20	24	97	25	56	26	39	27	49	28	10	29	54	
	0	18	1	65	2	100	3	22	4	85	5	33	6	42	7	85	8	77	9	75	10	95	11	23	12	25	13	37	14	90	15	25	16	35	17	76	18	90	19	76	20	76	21	52	22	36	23	19	24	83	25	37	26	44	27	56	28	33	29	49	
	0	31	1	41	2	65	3	65	4	46	5	25	6	66	7	27	8	100	9	59	10	27	11	52	12	62	13	58	14	21	15	38	16	74	17	30	18	17	19	28	20	94	21	30	22	33	23	95	24	80	25	22	26	64	27	28	28	87	29	71	
	0	77	1	89	2	21	3	73	4	84	5	94	6	74	7	83	8	77	9	81	10	25	11	95	12	53	13	48	14	39	15	22	16	14	17	98	18	18	19	85	20	61	21	68	22	60	23	49	24	15	25	23	26	77	27	92	28	88	29	86	
	0	92	1	77	2	39	3	31	4	44	5	45	6	73	7	44	8	58	9	36	10	36	11	93	12	28	13	86	14	92	15	61	16	63	17	37	18	26	19	43	20	54	21	56	22	30	23	34	24	61	25	28	26	69	27	86	28	69	29	28	
	0	41	1	46	2	37	3	92	4	16	5	16	6	24	7	93	8	97	9	13	10	51	11	23	12	77	13	19	14	19	15	35	16	28	17	31	18	56	19	19	20	34	21	89	22	20	23	24	24	49	25	68	26	60	27	62	28	95	29	94	
	0	85	1	99	2	28	3	67	4	44	5	95	6	94	7	69	8	25	9	55	10	89	11	59	12	23	13	53	14	58	15	33	16	19	17	19	18	12	19	86	20	34	21	76	22	42	23	49	24	30	25	59	26	13	27	14	28	95	29	34	
	0	70	1	86	2	82	3	63	4	20	5	57	6	57	7	31	8	32	9	42	10	14	11	100	12	13	13	95	14	26	15	99	16	75	17	44	18	80	19	20	20	100	21	72	22	21	23	93	24	87	25	79	26	92	27	78	28	67	29	71	
	0	10	1	37	2	44	3	10	4	97	5	31	6	40	7	58	8	62	9	99	10	45	11	35	12	84	13	54	14	79	15	30	16	71	17	52	18	65	19	28	20	95	21	23	22	75	23	33	24	70	25	89	26	91	27	64	28	61	29	50	
	0	71	1	94	2	89	3	52	4	44	5	74	6	77	7	11	8	76	9	30	10	50	11	38	12	81	13	31	14	48	15	86	16	30	17	13	18	55	19	22	20	11	21	82	22	49	23	35	24	37	25	46	26	53	27	18	28	44	29	45	
	0	88	1	26	2	82	3	65	4	24	5	76	6	75	7	16	8	25	9	49	10	69	11	72	12	94	13	36	14	49	15	39	16	62	17	78	18	64	19	38	20	68	21	21	22	42	23	26	24	89	25	11	26	79	27	27	28	23	29	58	
	0	97	1	79	2	80	3	24	4	29	5	34	6	80	7	12	8	86	9	60	10	20	11	83	12	76	13	89	14	74	15	52	16	29	17	20	18	41	19	50	20	48	21	78	22	99	23	22	24	100	25	91	26	11	27	89	28	81	29	76	
	0	34	1	50	2	14	3	74	4	96	5	44	6	88	7	57	8	37	9	70	10	86	11	22	12	87	13	59	14	82	15	41	16	32	17	43	18	89	19	100	20	52	21	45	22	10	23	30	24	48	25	26	26	58	27	66	28	79	29	80	
	0	15	1	76	2	20	3	71	4	10	5	10	6	35	7	98	8	92	9	81	10	46	11	28	12	45	13	32	14	83	15	31	16	95	17	63	18	22	19	87	20	93	21	58	22	48	23	90	24	88	25	12	26	10	27	51	28	79	29	98	
	0	61	1	97	2	13	3	15	4	54	5	87	6	60	7	79	8	20	9	19	10	77	11	89	12	53	13	23	14	58	15	49	16	67	17	20	18	21	19	39	20	82	21	13	22	84	23	70	24	81	25	31	26	48	27	99	28	26	29	82	
	0	34	1	56	2	32	3	97	4	36	5	62	6	99	7	31	8	41	9	47	10	25	11	22	12	79	13	13	14	70	15	35	16	60	17	11	18	38	19	69	20	24	21	30	22	14	23	49	24	78	25	23	26	71	27	16	28	68	29	33	
	0	92	1	78	2	28	3	92	4	11	5	52	6	61	7	68	8	24	9	80	10	24	11	10	12	19	13	75	14	14	15	19	16	14	17	58	18	97	19	55	20	60	21	22	22	45	23	58	24	64	25	74	26	65	27	40	28	72	29	24	
	0	58	1	74	2	90	3	61	4	75	5	82	6	80	7	23	8	47	9	70	10	66	11	45	12	15	13	33	14	33	15	75	16	25	17	89	18	88	19	94	20	11	21	14	22	28	23	52	24	54	25	15	26	67	27	58	28	97	29	94	
	0	72	1	85	2	14	3	62	4	42	5	73	6	61	7	92	8	55	9	81	10	10	11	67	12	94	13	26	14	29	15	93	16	97	17	15	18	60	19	94	20	93	21	22	22	21	23	48	24	66	25	84	26	42	27	53	28	91	29	21	
	0	62	1	47	2	100	3	39	4	33	5	96	6	96	7	100	8	31	9	55	10	12	11	15	12	39	13	12	14	65	15	26	16	48	17	38	18	55	19	20	20	97	21	97	22	60	23	54	24	73	25	25	26	24	27	46	28	55	29	78	
	0	39	1	79	2	88	3	11	4	30	5	25	6	43	7	44	8	46	9	61	10	75	11	23	12	83	13	82	14	60	15	55	16	97	17	21	18	75	19	85	20	24	21	72	22	93	23	60	24	48	25	63	26	87	27	48	28	94	29	12	
	0	42	1	22	2	52	3	14	4	54	5	62	6	34	7	27	8	88	9	94	10	80	11	65	12	39	13	60	14	65	15	63	16	36	17	47	18	97	19	67	20	57	21	35	22	25	23	81	24	34	25	47	26	97	27	72	28	51	29	16	
	0	79	1	29	2	94	3	73	4	23	5	56	6	92	7	10	8	15	9	88	10	91	11	43	12	76	13	13	14	56	15	56	16	30	17	65	18	76	19	13	20	44	21	10	22	82	23	51	24	61	25	11	26	32	27	10	28	27	29	24	
	0	21	1	61	2	92	3	61	4	58	5	58	6	21	7	30	8	39	9	10	10	77	11	79	12	66	13	93	14	70	15	73	16	18	17	37	18	83	19	54	20	79	21	19	22	25	23	26	24	64	25	35	26	76	27	19	28	59	29	99	
	0	54	1	78	2	53	3	28	4	81	5	52	6	80	7	13	8	58	9	88	10	12	11	57	12	54	13	24	14	74	15	50	16	65	17	10	18	42	19	36	20	90	21	29	22	73	23	61	24	38	25	46	26	35	27	59	28	58	29	38	
	0	28	1	95	2	83	3	86	4	65	5	71	6	22	7	35	8	79	9	39	10	40	11	71	12	37	13	58	14	57	15	47	16	89	17	84	18	17	19	100	20	72	21	41	22	63	23	86	24	69	25	17	26	20	27	74	28	62	29	93	
	0	77	1	41	2	77	3	97	4	89	5	67	6	72	7	67	8	23	9	13	10	59	11	27	12	25	13	16	14	68	15	81	16	70	17	74	18	58	19	19	20	93	21	51	22	59	23	45	24	32	25	78	26	60	27	29	28	41	29	33	
	0	61	1	40	2	58	3	93	4	10	5	17	6	59	7	11	8	87	9	57	10	91	11	34	12	14	13	87	14	32	15	30	16	42	17	48	18	97	19	63	20	22	21	10	22	16	23	14	24	55	25	65	26	45	27	88	28	98	29	15	
	0	13	1	70	2	50	3	91	4	68	5	89	6	30	7	22	8	80	9	89	10	88	11	31	12	87	13	52	14	64	15	77	16	60	17	51	18	87	19	20	20	64	21	14	22	100	23	16	24	54	25	17	26	36	27	11	28	36	29	93	
	0	56	1	29	2	60	3	69	4	87	5	63	6	19	7	23	8	48	9	10	10	54	11	40	12	22	13	16	14	30	15	88	16	51	17	35	18	25	19	35	20	26	21	81	22	79	23	68	24	38	25	16	26	98	27	50	28	72	29	53	
	0	91	1	37	2	29	3	43	4	31	5	31	6	24	7	80	8	75	9	12	10	24	11	41	12	81	13	14	14	13	15	55	16	30	17	65	18	58	19	31	20	55	21	40	22	62	23	27	24	48	25	36	26	50	27	58	28	50	29	78	
	0	41	1	72	2	99	3	47	4	70	5	90	6	31	7	47	8	88	9	88	10	33	11	24	12	93	13	80	14	68	15	44	16	79	17	42	18	72	19	57	20	26	21	75	22	97	23	27	24	54	25	16	26	36	27	100	28	53	29	93	
	0	100	1	89	2	11	3	58	4	36	5	16	6	56	7	59	8	32	9	23	10	35	11	19	12	13	13	98	14	28	15	21	16	100	17	68	18	64	19	60	20	33	21	62	22	23	23	28	24	30	25	51	26	15	27	82	28	37	29	79	
	0	69	1	58	2	82	3	37	4	96	5	71	6	77	7	23	8	74	9	14	10	84	11	29	12	34	13	13	14	91	15	68	16	78	17	93	18	73	19	12	20	63	21	99	22	32	23	80	24	20	25	30	26	94	27	65	28	43	29	23	
	0	81	1	12	2	95	3	80	4	10	5	83	6	43	7	47	8	42	9	29	10	74	11	13	12	68	13	18	14	79	15	33	16	50	17	76	18	33	19	47	20	52	21	35	22	49	23	20	24	51	25	63	26	87	27	14	28	76	29	65	
	0	71	1	15	2	92	3	68	4	98	5	70	6	50	7	87	8	77	9	76	10	57	11	26	12	32	13	91	14	74	15	40	16	34	17	60	18	57	19	76	20	78	21	75	22	87	23	23	24	86	25	42	26	41	27	98	28	54	29	35	
	0	80	1	78	2	95	3	44	4	55	5	27	6	31	7	89	8	46	9	93	10	15	11	11	12	25	13	29	14	69	15	78	16	97	17	37	18	43	19	17	20	34	21	73	22	94	23	67	24	36	25	60	26	86	27	83	28	51	29	95	
	0	67	1	97	2	100	3	38	4	58	5	34	6	94	7	88	8	23	9	58	10	31	11	95	12	10	13	77	14	34	15	26	16	59	17	19	18	54	19	44	20	17	21	82	22	41	23	80	24	25	25	34	26	37	27	55	28	39	29	37	
	0	53	1	36	2	83	3	34	4	44	5	48	6	89	7	73	8	89	9	29	10	10	11	54	12	30	13	90	14	83	15	22	16	43	17	50	18	71	19	71	20	43	21	33	22	53	23	66	24	82	25	27	26	11	27	96	28	63	29	64	
	0	26	1	85	2	67	3	81	4	46	5	76	6	17	7	47	8	85	9	11	10	66	11	64	12	54	13	14	14	52	15	94	16	55	17	33	18	81	19	74	20	40	21	80	22	55	23	27	24	88	25	83	26	89	27	65	28	46	29	89	
	0	38	1	66	2	65	3	20	4	100	5	37	6	98	7	18	8	15	9	39	10	83	11	52	12	62	13	47	14	19	15	78	16	90	17	12	18	82	19	90	20	77	21	66	22	37	23	50	24	94	25	93	26	11	27	34	28	49	29	71	
	0	24	1	69	2	68	3	38	4	58	5	38	6	85	7	12	8	50	9	55	10	64	11	11	12	93	13	72	14	100	15	59	16	90	17	93	18	93	19	62	20	26	21	11	22	12	23	22	24	59	25	56	26	54	27	17	28	19	29	13	
	0	80	1	63	2	64	3	72	4	70	5	35	6	66	7	22	8	79	9	97	10	74	11	88	12	11	13	53	14	36	15	85	16	60	17	57	18	10	19	64	20	49	21	68	22	54	23	90	24	76	25	18	26	40	27	35	28	57	29	24	
	0	80	1	46	2	80	3	100	4	18	5	17	6	82	7	57	8	50	9	24	10	33	11	24	12	18	13	44	14	39	15	11	16	60	17	20	18	87	19	92	20	68	21	29	22	81	23	15	24	97	25	55	26	55	27	68	28	18	29	68	
	0	74	1	80	2	85	3	93	4	23	5	43	6	12	7	20	8	45	9	75	10	28	11	92	12	84	13	90	14	66	15	35	16	22	17	69	18	34	19	47	20	81	21	15	22	80	23	33	24	76	25	79	26	35	27	20	28	81	29	14	
	0	38	1	59	2	48	3	95	4	72	5	85	6	96	7	18	8	18	9	54	10	75	11	71	12	87	13	16	14	69	15	35	16	89	17	47	18	78	19	17	20	70	21	83	22	21	23	15	24	60	25	66	26	98	27	60	28	74	29	71	
	0	71	1	74	2	65	3	22	4	37	5	46	6	91	7	17	8	86	9	12	10	60	11	58	12	74	13	87	14	83	15	31	16	15	17	57	18	86	19	12	20	74	21	23	22	100	23	17	24	29	25	64	26	98	27	55	28	88	29	28	
	0	95	1	55	2	23	3	17	4	57	5	58	6	57	7	23	8	61	9	18	10	90	11	98	12	22	13	23	14	97	15	56	16	79	17	32	18	57	19	12	20	83	21	17	22	11	23	93	24	39	25	71	26	44	27	85	28	38	29	72	
	0	91	1	97	2	53	3	80	4	28	5	36	6	38	7	63	8	86	9	40	10	35	11	92	12	70	13	44	14	11	15	93	16	75	17	97	18	76	19	29	20	32	21	36	22	53	23	31	24	93	25	86	26	48	27	68	28	44	29	20	
	0	81	1	12	2	80	3	96	4	41	5	29	6	37	7	71	8	14	9	49	10	30	11	24	12	39	13	89	14	73	15	35	16	23	17	50	18	41	19	64	20	13	21	63	22	90	23	89	24	28	25	53	26	98	27	80	28	84	29	74	
	0	49	1	37	2	48	3	10	4	35	5	87	6	72	7	23	8	21	9	33	10	42	11	84	12	17	13	88	14	21	15	45	16	30	17	77	18	56	19	96	20	63	21	67	22	21	23	68	24	52	25	46	26	58	27	63	28	78	29	67	
	0	25	1	62	2	23	3	94	4	45	5	88	6	30	7	25	8	39	9	23	10	15	11	76	12	64	13	26	14	41	15	25	16	100	17	41	18	70	19	44	20	60	21	55	22	14	23	29	24	67	25	14	26	71	27	48	28	55	29	84	
	0	62	1	95	2	88	3	19	4	32	5	12	6	94	7	34	8	20	9	13	10	82	11	62	12	41	13	22	14	94	15	26	16	95	17	76	18	90	19	100	20	65	21	63	22	31	23	79	24	22	25	52	26	75	27	73	28	70	29	96	
	0	28	1	50	2	49	3	62	4	12	5	11	6	26	7	96	8	43	9	82	10	72	11	57	12	44	13	60	14	17	15	17	16	29	17	47	18	75	19	25	20	35	21	92	22	26	23	34	24	100	25	26	26	66	27	74	28	100	29	78	
	0	89	1	58	2	33	3	75	4	17	5	48	6	68	7	98	8	58	9	62	10	33	11	67	12	74	13	85	14	61	15	41	16	94	17	22	18	46	19	29	20	41	21	93	22	86	23	69	24	72	25	85	26	50	27	29	28	98	29	46	
	0	96	1	20	2	42	3	50	4	43	5	36	6	79	7	52	8	13	9	76	10	18	11	56	12	81	13	70	14	83	15	78	16	18	17	59	18	22	19	81	20	62	21	46	22	12	23	17	24	69	25	14	26	57	27	73	28	62	29	65	
	0	65	1	13	2	92	3	51	4	26	5	58	6	36	7	11	8	77	9	93	10	19	11	80	12	63	13	65	14	82	15	34	16	75	17	75	18	18	19	62	20	38	21	16	22	80	23	33	24	24	25	90	26	86	27	14	28	98	29	93	
	0	64	1	13	2	56	3	77	4	58	5	38	6	69	7	58	8	25	9	76	10	66	11	12	12	17	13	51	14	24	15	39	16	53	17	42	18	49	19	68	20	42	21	22	22	53	23	70	24	86	25	67	26	47	27	62	28	81	29	38	
	0	42	1	67	2	20	3	53	4	19	5	79	6	39	7	36	8	14	9	17	10	93	11	11	12	16	13	96	14	88	15	79	16	67	17	10	18	52	19	44	20	25	21	74	22	94	23	55	24	32	25	72	26	76	27	70	28	96	29	14	
	0	67	1	82	2	43	3	34	4	35	5	55	6	35	7	36	8	80	9	31	10	76	11	56	12	60	13	36	14	42	15	12	16	52	17	27	18	89	19	65	20	93	21	18	22	21	23	49	24	28	25	24	26	23	27	80	28	49	29	19	
	0	19	1	95	2	66	3	78	4	30	5	12	6	50	7	67	8	29	9	27	10	16	11	87	12	35	13	68	14	85	15	38	16	88	17	46	18	68	19	53	20	74	21	90	22	64	23	19	24	42	25	39	26	10	27	74	28	79	29	11	
	0	73	1	68	2	94	3	74	4	77	5	28	6	77	7	32	8	24	9	10	10	65	11	72	12	26	13	52	14	20	15	39	16	46	17	16	18	32	19	61	20	48	21	99	22	62	23	40	24	93	25	68	26	39	27	13	28	86	29	70	
	0	78	1	29	2	45	3	73	4	57	5	42	6	99	7	21	8	21	9	68	10	41	11	42	12	41	13	68	14	91	15	97	16	20	17	71	18	84	19	25	20	24	21	75	22	87	23	36	24	77	25	59	26	100	27	28	28	76	29	30	
	0	90	1	99	2	64	3	70	4	77	5	45	6	70	7	69	8	38	9	35	10	27	11	92	12	52	13	67	14	83	15	94	16	53	17	60	18	85	19	74	20	60	21	47	22	25	23	86	24	27	25	23	26	82	27	93	28	83	29	34	
	0	25	1	49	2	74	3	91	4	48	5	87	6	14	7	56	8	21	9	91	10	70	11	74	12	74	13	91	14	13	15	61	16	78	17	97	18	81	19	13	20	27	21	45	22	63	23	34	24	23	25	23	26	41	27	83	28	40	29	64	
	0	38	1	68	2	60	3	42	4	66	5	99	6	66	7	69	8	67	9	88	10	61	11	61	12	65	13	37	14	16	15	13	16	51	17	94	18	25	19	61	20	59	21	42	22	13	23	82	24	87	25	38	26	61	27	11	28	82	29	62	
	0	48	1	71	2	36	3	43	4	22	5	45	6	14	7	28	8	71	9	55	10	71	11	43	12	73	13	74	14	18	15	39	16	79	17	20	18	23	19	31	20	41	21	74	22	78	23	31	24	13	25	10	26	73	27	23	28	15	29	13	
	0	53	1	80	2	17	3	23	4	31	5	13	6	87	7	63	8	63	9	64	10	85	11	64	12	50	13	81	14	63	15	95	16	52	17	16	18	65	19	32	20	55	21	66	22	74	23	54	24	55	25	56	26	88	27	21	28	51	29	98	
	0	26	1	87	2	13	3	82	4	86	5	50	6	49	7	29	8	39	9	16	10	29	11	58	12	91	13	20	14	54	15	88	16	33	17	72	18	35	19	75	20	16	21	65	22	35	23	40	24	72	25	70	26	63	27	50	28	31	29	91	
	0	43	1	20	2	96	3	64	4	62	5	35	6	76	7	50	8	42	9	38	10	25	11	84	12	39	13	59	14	31	15	51	16	61	17	22	18	93	19	27	20	69	21	61	22	85	23	36	24	99	25	46	26	99	27	31	28	99	29	39	
	0	19	1	54	2	44	3	92	4	99	5	65	6	47	7	29	8	89	9	43	10	36	11	70	12	55	13	76	14	10	15	10	16	18	17	72	18	25	19	75	20	52	21	80	22	33	23	52	24	33	25	60	26	78	27	35	28	81	29	65	
	0	13	1	95	2	79	3	34	4	71	5	73	6	71	7	17	8	74	9	82	10	81	11	25	12	81	13	84	14	87	15	93	16	75	17	46	18	75	19	29	20	23	21	12	22	63	23	49	24	23	25	96	26	29	27	68	28	10	29	61	
	0	78	1	72	2	73	3	86	4	45	5	91	6	73	7	45	8	41	9	91	10	23	11	19	12	50	13	81	14	63	15	47	16	28	17	47	18	69	19	42	20	52	21	91	22	24	23	99	24	84	25	21	26	35	27	83	28	54	29	56	
	0	65	1	28	2	76	3	37	4	84	5	75	6	32	7	65	8	87	9	57	10	84	11	48	12	85	13	92	14	55	15	47	16	15	17	74	18	70	19	18	20	12	21	56	22	19	23	56	24	86	25	92	26	23	27	24	28	20	29	13	
	0	62	1	24	2	98	3	25	4	59	5	92	6	81	7	59	8	46	9	19	10	29	11	89	12	58	13	10	14	48	15	20	16	24	17	44	18	50	19	75	20	90	21	72	22	48	23	97	24	53	25	39	26	57	27	70	28	76	29	93	
	0	62	1	39	2	70	3	94	4	53	5	40	6	60	7	40	8	72	9	16	10	68	11	95	12	47	13	51	14	76	15	23	16	31	17	49	18	72	19	81	20	58	21	78	22	10	23	24	24	47	25	95	26	73	27	11	28	40	29	60	
	0	50	1	52	2	12	3	73	4	31	5	91	6	70	7	51	8	77	9	36	10	57	11	69	12	73	13	93	14	78	15	59	16	36	17	88	18	42	19	77	20	66	21	13	22	55	23	73	24	58	25	41	26	22	27	66	28	92	29	33	
	0	19	1	85	2	73	3	28	4	86	5	47	6	11	7	19	8	19	9	36	10	17	11	33	12	59	13	36	14	57	15	70	16	75	17	41	18	62	19	39	20	15	21	17	22	57	23	80	24	12	25	87	26	45	27	47	28	92	29	67	
	0	42	1	67	2	87	3	80	4	15	5	11	6	93	7	45	8	41	9	94	10	52	11	42	12	75	13	21	14	41	15	20	16	87	17	42	18	20	19	97	20	93	21	69	22	36	23	61	24	35	25	67	26	83	27	88	28	75	29	25	
	0	70	1	86	2	35	3	58	4	36	5	76	6	10	7	13	8	55	9	40	10	41	11	23	12	69	13	68	14	26	15	18	16	65	17	89	18	23	19	47	20	66	21	91	22	35	23	98	24	33	25	29	26	19	27	40	28	44	29	37	
	0	44	1	99	2	48	3	91	4	13	5	36	6	71	7	51	8	52	9	31	10	15	11	46	12	64	13	32	14	42	15	20	16	81	17	49	18	71	19	68	20	97	21	20	22	17	23	68	24	77	25	38	26	52	27	31	28	40	29	75	
	0	87	1	71	2	62	3	40	4	24	5	25	6	39	7	33	8	56	9	31	10	51	11	100	12	54	13	36	14	61	15	92	16	28	17	17	18	43	19	46	20	16	21	37	22	100	23	92	24	38	25	76	26	10	27	86	28	52	29	66	
	0	78	1	55	2	52	3	65	4	27	5	29	6	96	7	35	8	27	9	68	10	46	11	30	12	70	13	75	14	87	15	63	16	29	17	33	18	31	19	20	20	32	21	69	22	12	23	100	24	94	25	79	26	15	27	77	28	84	29	30	
	0	14	1	100	2	28	3	100	4	90	5	92	6	11	7	37	8	29	9	39	10	77	11	100	12	88	13	64	14	37	15	31	16	15	17	31	18	12	19	26	20	94	21	14	22	20	23	85	24	20	25	72	26	37	27	79	28	76	29	90	
	0	38	1	47	2	61	3	86	4	84	5	41	6	98	7	37	8	55	9	90	10	42	11	40	12	15	13	32	14	67	15	99	16	26	17	23	18	70	19	68	20	64	21	81	22	87	23	52	24	29	25	57	26	58	27	75	28	84	29	44	
	0	65	1	88	2	31	3	48	4	32	5	38	6	77	7	79	8	96	9	45	10	52	11	54	12	50	13	17	14	85	15	56	16	54	17	67	18	97	19	20	20	80	21	72	22	83	23	82	24	14	25	68	26	66	27	42	28	15	29	19	
	0	80	1	32	2	67	3	16	4	72	5	77	6	93	7	45	8	61	9	13	10	69	11	100	12	79	13	42	14	70	15	99	16	94	17	73	18	29	19	48	20	47	21	100	22	100	23	24	24	13	25	36	26	60	27	73	28	25	29	94	
	0	95	1	57	2	71	3	48	4	63	5	25	6	42	7	81	8	90	9	81	10	47	11	32	12	64	13	39	14	36	15	52	16	35	17	35	18	15	19	77	20	77	21	100	22	100	23	76	24	54	25	77	26	16	27	54	28	81	29	92	
	0	61	1	19	2	21	3	95	4	99	5	60	6	56	7	28	8	93	9	96	10	93	11	42	12	29	13	40	14	100	15	76	16	54	17	33	18	37	19	98	20	68	21	56	22	35	23	75	24	25	25	19	26	99	27	26	28	97	29	45	
	0	59	1	99	2	40	3	72	4	35	5	92	6	22	7	100	8	74	9	65	10	79	11	17	12	30	13	14	14	68	15	96	16	51	17	56	18	70	19	100	20	20	21	97	22	48	23	64	24	18	25	11	26	36	27	13	28	31	29	32	
	0	70	1	14	2	60	3	36	4	10	5	69	6	33	7	54	8	97	9	73	10	46	11	98	12	52	13	45	14	59	15	80	16	77	17	56	18	70	19	22	20	35	21	90	22	77	23	99	24	78	25	58	26	11	27	20	28	15	29	79	
	0	40	1	64	2	32	3	58	4	48	5	49	6	20	7	83	8	98	9	14	10	11	11	80	12	54	13	97	14	58	15	81	16	100	17	96	18	52	19	73	20	19	21	63	22	98	23	14	24	61	25	80	26	75	27	63	28	76	29	56	