100 30 1
30
	0	22	1	34	2	18	3	99	4	39	5	63	6	71	7	45	8	52	9	54	10	49	11	92	12	67	13	43	14	55	15	28	16	22	17	72	18	21	19	34	20	24	21	58	22	82	23	34	24	32	25	47	26	61	27	21	28	62	29	50	
	0	28	1	27	2	58	3	62	4	36	5	53	6	57	7	80	8	28	9	55	10	23	11	83	12	10	13	64	14	55	15	32	16	69	17	84	18	78	19	30	20	87	21	11	22	56	23	28	24	24	25	83	26	53	27	94	28	68	29	61	
	0	39	1	15	2	63	3	70	4	96	5	73	6	73	7	62	8	73	9	69	10	41	11	11	12	35	13	68	14	56	15	30	16	80	17	100	18	38	19	92	20	70	21	97	22	88	23	11	24	82	25	14	26	39	27	82	28	45	29	31	
	0	47	1	40	2	98	3	52	4	65	5	35	6	70	7	62	8	50	9	89	10	84	11	12	12	84	13	90	14	44	15	82	16	52	17	35	18	50	19	17	20	43	21	75	22	45	23	74	24	69	25	29	26	84	27	79	28	24	29	97	
	0	25	1	99	2	16	3	68	4	57	5	52	6	48	7	12	8	41	9	32	10	13	11	66	12	75	13	72	14	38	15	33	16	33	17	64	18	49	19	12	20	40	21	41	22	29	23	69	24	19	25	36	26	45	27	23	28	88	29	96	
	0	38	1	95	2	38	3	89	4	64	5	16	6	23	7	39	8	23	9	40	10	80	11	13	12	37	13	74	14	73	15	78	16	86	17	81	18	64	19	96	20	41	21	39	22	47	23	99	24	35	25	66	26	98	27	51	28	21	29	79	
	0	95	1	38	2	44	3	97	4	55	5	44	6	44	7	92	8	95	9	13	10	51	11	27	12	28	13	49	14	16	15	11	16	62	17	50	18	59	19	24	20	43	21	89	22	91	23	50	24	61	25	86	26	25	27	35	28	73	29	22	
	0	38	1	31	2	22	3	43	4	59	5	73	6	47	7	97	8	77	9	93	10	99	11	60	12	94	13	84	14	10	15	87	16	44	17	93	18	36	19	76	20	31	21	96	22	62	23	95	24	91	25	22	26	41	27	54	28	74	29	28	
	0	100	1	13	2	67	3	36	4	51	5	11	6	48	7	57	8	45	9	22	10	71	11	24	12	38	13	47	14	40	15	21	16	29	17	74	18	79	19	57	20	51	21	10	22	17	23	99	24	57	25	36	26	18	27	92	28	87	29	86	
	0	58	1	54	2	41	3	46	4	40	5	63	6	85	7	62	8	50	9	42	10	68	11	64	12	82	13	26	14	79	15	38	16	91	17	95	18	10	19	37	20	28	21	16	22	35	23	43	24	20	25	16	26	62	27	47	28	25	29	40	
	0	83	1	17	2	67	3	99	4	21	5	82	6	22	7	93	8	27	9	91	10	49	11	56	12	72	13	31	14	54	15	45	16	15	17	60	18	21	19	76	20	29	21	85	22	23	23	17	24	14	25	59	26	42	27	36	28	82	29	16	
	0	100	1	100	2	29	3	98	4	92	5	26	6	32	7	40	8	76	9	64	10	36	11	91	12	88	13	86	14	15	15	35	16	42	17	38	18	90	19	49	20	32	21	100	22	58	23	18	24	47	25	15	26	27	27	57	28	76	29	90	
	0	17	1	20	2	43	3	62	4	80	5	86	6	98	7	24	8	24	9	99	10	67	11	75	12	29	13	54	14	28	15	64	16	50	17	77	18	75	19	100	20	99	21	84	22	36	23	34	24	72	25	86	26	89	27	91	28	71	29	88	
	0	28	1	59	2	71	3	46	4	46	5	22	6	86	7	11	8	59	9	25	10	10	11	45	12	35	13	39	14	64	15	39	16	69	17	11	18	89	19	98	20	39	21	63	22	92	23	24	24	23	25	54	26	52	27	66	28	30	29	74	
	0	30	1	46	2	96	3	95	4	73	5	93	6	69	7	67	8	15	9	21	10	37	11	27	12	37	13	72	14	92	15	84	16	69	17	83	18	84	19	31	20	79	21	17	22	14	23	90	24	28	25	66	26	79	27	58	28	78	29	74	
	0	60	1	97	2	68	3	95	4	87	5	62	6	64	7	80	8	71	9	80	10	53	11	97	12	68	13	21	14	22	15	24	16	38	17	22	18	95	19	89	20	80	21	59	22	52	23	42	24	20	25	33	26	73	27	58	28	66	29	84	
	0	51	1	76	2	83	3	44	4	19	5	51	6	57	7	96	8	42	9	52	10	33	11	73	12	62	13	13	14	87	15	45	16	15	17	20	18	59	19	14	20	11	21	28	22	49	23	49	24	59	25	33	26	48	27	77	28	33	29	51	
	0	88	1	12	2	92	3	36	4	80	5	22	6	73	7	77	8	84	9	10	10	92	11	59	12	63	13	26	14	39	15	46	16	55	17	19	18	13	19	46	20	77	21	48	22	22	23	28	24	98	25	82	26	35	27	12	28	71	29	78	
	0	48	1	84	2	44	3	13	4	71	5	86	6	68	7	92	8	100	9	43	10	35	11	60	12	97	13	28	14	32	15	28	16	35	17	94	18	74	19	97	20	32	21	43	22	16	23	62	24	62	25	97	26	50	27	66	28	30	29	78	
	0	88	1	87	2	13	3	49	4	66	5	62	6	77	7	48	8	99	9	42	10	37	11	85	12	86	13	28	14	32	15	16	16	87	17	86	18	71	19	34	20	41	21	65	22	89	23	48	24	80	25	20	26	72	27	28	28	45	29	90	
	0	47	1	25	2	80	3	15	4	46	5	12	6	100	7	68	8	64	9	50	10	27	11	34	12	11	13	34	14	37	15	16	16	89	17	59	18	60	19	27	20	72	21	23	22	36	23	75	24	60	25	70	26	78	27	19	28	13	29	52	
	0	95	1	71	2	50	3	93	4	93	5	65	6	67	7	63	8	52	9	52	10	19	11	40	12	84	13	22	14	42	15	59	16	15	17	68	18	87	19	48	20	94	21	66	22	39	23	96	24	94	25	86	26	27	27	51	28	72	29	38	
	0	49	1	74	2	40	3	16	4	98	5	95	6	94	7	93	8	38	9	94	10	71	11	73	12	41	13	76	14	45	15	46	16	20	17	33	18	26	19	30	20	32	21	24	22	84	23	16	24	63	25	94	26	15	27	67	28	46	29	80	
	0	66	1	59	2	40	3	58	4	78	5	80	6	38	7	80	8	98	9	21	10	61	11	97	12	81	13	75	14	73	15	75	16	33	17	78	18	84	19	86	20	10	21	97	22	87	23	33	24	71	25	38	26	91	27	88	28	53	29	47	
	0	95	1	70	2	81	3	37	4	71	5	13	6	26	7	63	8	63	9	26	10	41	11	50	12	88	13	10	14	36	15	70	16	16	17	74	18	23	19	67	20	68	21	13	22	77	23	100	24	83	25	81	26	20	27	66	28	14	29	78	
	0	74	1	80	2	50	3	99	4	42	5	38	6	62	7	67	8	72	9	52	10	94	11	13	12	45	13	29	14	38	15	42	16	57	17	92	18	35	19	71	20	47	21	86	22	86	23	24	24	42	25	15	26	14	27	21	28	44	29	65	
	0	25	1	98	2	98	3	60	4	42	5	56	6	95	7	49	8	57	9	97	10	52	11	38	12	32	13	93	14	42	15	82	16	32	17	76	18	71	19	85	20	62	21	67	22	50	23	24	24	24	25	60	26	26	27	80	28	22	29	42	
	0	56	1	93	2	79	3	82	4	45	5	53	6	65	7	29	8	65	9	39	10	20	11	24	12	11	13	46	14	60	15	35	16	20	17	67	18	71	19	42	20	70	21	64	22	67	23	22	24	90	25	33	26	59	27	55	28	26	29	77	
	0	56	1	95	2	61	3	96	4	75	5	43	6	47	7	39	8	91	9	12	10	45	11	59	12	94	13	46	14	71	15	67	16	73	17	29	18	60	19	45	20	34	21	20	22	42	23	88	24	76	25	28	26	67	27	99	28	53	29	49	
	0	87	1	12	2	91	3	29	4	35	5	84	6	30	7	24	8	80	9	71	10	41	11	34	12	26	13	31	14	13	15	95	16	44	17	100	18	53	19	14	20	58	21	32	22	25	23	81	24	39	25	12	26	30	27	83	28	24	29	26	
	0	94	1	69	2	11	3	100	4	49	5	43	6	78	7	54	8	91	9	76	10	32	11	69	12	82	13	47	14	65	15	51	16	24	17	26	18	85	19	36	20	82	21	19	22	32	23	81	24	62	25	34	26	22	27	59	28	95	29	47	
	0	16	1	72	2	59	3	11	4	79	5	88	6	68	7	71	8	62	9	78	10	24	11	14	12	25	13	67	14	36	15	90	16	52	17	13	18	20	19	97	20	14	21	97	22	29	23	92	24	98	25	78	26	75	27	79	28	77	29	86	
	0	56	1	23	2	57	3	15	4	84	5	63	6	59	7	42	8	73	9	97	10	89	11	57	12	11	13	52	14	68	15	20	16	79	17	76	18	29	19	91	20	37	21	78	22	65	23	39	24	12	25	45	26	87	27	64	28	86	29	21	
	0	74	1	79	2	72	3	59	4	61	5	69	6	88	7	90	8	50	9	82	10	38	11	60	12	93	13	79	14	97	15	86	16	39	17	64	18	24	19	50	20	43	21	55	22	25	23	86	24	37	25	72	26	76	27	15	28	10	29	39	
	0	58	1	78	2	48	3	69	4	86	5	36	6	58	7	68	8	74	9	15	10	70	11	66	12	26	13	53	14	82	15	68	16	28	17	76	18	13	19	70	20	83	21	39	22	55	23	97	24	50	25	64	26	79	27	66	28	61	29	52	
	0	38	1	43	2	37	3	34	4	25	5	15	6	26	7	17	8	14	9	46	10	83	11	90	12	20	13	73	14	83	15	87	16	24	17	77	18	16	19	27	20	99	21	21	22	36	23	61	24	41	25	98	26	75	27	16	28	43	29	58	
	0	59	1	20	2	58	3	30	4	54	5	35	6	89	7	97	8	57	9	26	10	82	11	12	12	52	13	31	14	69	15	23	16	28	17	53	18	49	19	68	20	55	21	59	22	29	23	17	24	44	25	84	26	73	27	13	28	72	29	48	
	0	83	1	21	2	31	3	64	4	49	5	37	6	13	7	89	8	98	9	10	10	89	11	100	12	21	13	32	14	29	15	88	16	35	17	26	18	76	19	94	20	24	21	29	22	21	23	55	24	32	25	77	26	38	27	14	28	32	29	45	
	0	57	1	89	2	56	3	16	4	62	5	40	6	60	7	66	8	95	9	12	10	52	11	19	12	80	13	85	14	68	15	97	16	50	17	64	18	31	19	18	20	62	21	28	22	60	23	24	24	31	25	24	26	81	27	49	28	83	29	52	
	0	97	1	33	2	27	3	20	4	21	5	19	6	19	7	16	8	39	9	68	10	11	11	82	12	14	13	55	14	72	15	98	16	70	17	95	18	36	19	69	20	10	21	49	22	85	23	95	24	23	25	50	26	25	27	98	28	48	29	38	
	0	38	1	51	2	100	3	62	4	87	5	89	6	72	7	87	8	69	9	47	10	42	11	27	12	62	13	96	14	30	15	20	16	58	17	88	18	92	19	11	20	67	21	57	22	10	23	22	24	40	25	49	26	65	27	53	28	77	29	10	
	0	18	1	45	2	49	3	84	4	38	5	17	6	78	7	44	8	77	9	73	10	60	11	99	12	67	13	22	14	18	15	42	16	19	17	86	18	33	19	78	20	70	21	52	22	46	23	90	24	27	25	48	26	43	27	74	28	93	29	41	
	0	75	1	49	2	31	3	49	4	69	5	57	6	77	7	57	8	75	9	99	10	92	11	81	12	45	13	97	14	41	15	73	16	75	17	84	18	45	19	51	20	74	21	25	22	38	23	97	24	61	25	49	26	14	27	73	28	18	29	86	
	0	66	1	69	2	76	3	82	4	99	5	11	6	64	7	82	8	47	9	86	10	35	11	33	12	73	13	51	14	95	15	67	16	92	17	19	18	20	19	25	20	69	21	76	22	56	23	78	24	58	25	25	26	13	27	71	28	61	29	20	
	0	74	1	11	2	96	3	51	4	80	5	20	6	68	7	35	8	31	9	44	10	39	11	63	12	22	13	45	14	28	15	28	16	83	17	40	18	44	19	79	20	39	21	63	22	24	23	70	24	83	25	37	26	66	27	33	28	37	29	19	
	0	61	1	93	2	51	3	32	4	95	5	37	6	52	7	77	8	74	9	82	10	55	11	50	12	60	13	51	14	57	15	47	16	64	17	41	18	50	19	87	20	63	21	62	22	66	23	69	24	11	25	53	26	25	27	12	28	13	29	100	
	0	35	1	78	2	11	3	42	4	19	5	49	6	69	7	64	8	67	9	79	10	37	11	73	12	78	13	94	14	78	15	16	16	43	17	42	18	40	19	38	20	58	21	76	22	91	23	46	24	41	25	61	26	36	27	84	28	100	29	48	
	0	50	1	40	2	70	3	74	4	23	5	63	6	16	7	98	8	63	9	22	10	47	11	63	12	93	13	52	14	32	15	91	16	73	17	48	18	31	19	98	20	87	21	51	22	39	23	38	24	82	25	19	26	37	27	55	28	12	29	29	
	0	52	1	99	2	15	3	47	4	78	5	100	6	22	7	21	8	21	9	34	10	61	11	36	12	55	13	78	14	89	15	63	16	58	17	60	18	55	19	64	20	55	21	17	22	81	23	80	24	16	25	87	26	38	27	25	28	85	29	79	
	0	80	1	17	2	64	3	11	4	40	5	66	6	74	7	100	8	53	9	87	10	100	11	99	12	57	13	86	14	61	15	17	16	46	17	83	18	81	19	70	20	11	21	38	22	24	23	58	24	51	25	53	26	74	27	96	28	11	29	97	
	0	23	1	22	2	59	3	34	4	54	5	93	6	75	7	55	8	54	9	92	10	88	11	14	12	21	13	58	14	62	15	95	16	27	17	62	18	33	19	30	20	18	21	28	22	27	23	31	24	13	25	85	26	100	27	16	28	63	29	74	
	0	39	1	86	2	47	3	10	4	43	5	93	6	81	7	75	8	72	9	82	10	87	11	54	12	44	13	24	14	44	15	68	16	95	17	46	18	77	19	81	20	99	21	22	22	75	23	89	24	65	25	46	26	62	27	52	28	16	29	55	
	0	85	1	58	2	30	3	36	4	66	5	71	6	53	7	70	8	65	9	79	10	81	11	97	12	86	13	51	14	68	15	17	16	52	17	93	18	79	19	25	20	27	21	83	22	94	23	45	24	100	25	26	26	15	27	39	28	93	29	12	
	0	50	1	46	2	63	3	41	4	55	5	96	6	90	7	26	8	51	9	93	10	34	11	100	12	36	13	88	14	16	15	23	16	42	17	80	18	59	19	58	20	85	21	11	22	15	23	82	24	28	25	84	26	75	27	13	28	78	29	31	
	0	57	1	46	2	80	3	65	4	42	5	27	6	70	7	26	8	56	9	89	10	25	11	10	12	10	13	78	14	38	15	93	16	46	17	68	18	16	19	12	20	45	21	78	22	56	23	52	24	40	25	29	26	36	27	85	28	27	29	38	
	0	67	1	12	2	14	3	28	4	85	5	14	6	88	7	13	8	44	9	69	10	10	11	50	12	11	13	29	14	32	15	59	16	28	17	68	18	74	19	11	20	98	21	96	22	86	23	64	24	88	25	40	26	55	27	11	28	85	29	52	
	0	81	1	87	2	20	3	33	4	85	5	75	6	54	7	78	8	70	9	42	10	76	11	35	12	63	13	26	14	22	15	32	16	19	17	52	18	91	19	86	20	72	21	26	22	72	23	52	24	44	25	14	26	38	27	72	28	18	29	82	
	0	76	1	47	2	23	3	54	4	52	5	70	6	27	7	93	8	14	9	37	10	31	11	86	12	56	13	24	14	80	15	87	16	93	17	41	18	24	19	82	20	97	21	54	22	26	23	14	24	87	25	98	26	21	27	27	28	96	29	53	
	0	34	1	34	2	75	3	54	4	70	5	27	6	93	7	84	8	56	9	34	10	35	11	16	12	31	13	39	14	19	15	51	16	10	17	47	18	40	19	36	20	27	21	61	22	90	23	68	24	73	25	89	26	75	27	25	28	55	29	39	
	0	74	1	38	2	65	3	54	4	87	5	91	6	89	7	90	8	37	9	81	10	11	11	79	12	80	13	34	14	86	15	91	16	69	17	16	18	72	19	19	20	45	21	93	22	47	23	79	24	58	25	46	26	71	27	87	28	65	29	29	
	0	98	1	89	2	88	3	95	4	21	5	10	6	84	7	72	8	91	9	88	10	48	11	15	12	87	13	96	14	66	15	15	16	24	17	34	18	29	19	88	20	100	21	54	22	84	23	92	24	70	25	82	26	95	27	36	28	37	29	57	
	0	88	1	99	2	95	3	99	4	84	5	54	6	31	7	11	8	67	9	32	10	96	11	86	12	77	13	78	14	91	15	51	16	51	17	32	18	75	19	38	20	23	21	19	22	46	23	42	24	82	25	56	26	30	27	14	28	17	29	60	
	0	60	1	21	2	57	3	19	4	33	5	21	6	83	7	98	8	44	9	77	10	35	11	32	12	80	13	91	14	64	15	20	16	17	17	81	18	43	19	62	20	57	21	46	22	24	23	88	24	98	25	81	26	92	27	19	28	83	29	99	
	0	69	1	85	2	95	3	44	4	62	5	17	6	61	7	83	8	11	9	28	10	37	11	20	12	79	13	88	14	55	15	78	16	35	17	80	18	30	19	22	20	26	21	41	22	85	23	96	24	26	25	23	26	12	27	41	28	52	29	60	
	0	24	1	28	2	45	3	75	4	45	5	33	6	62	7	33	8	30	9	20	10	42	11	78	12	77	13	85	14	82	15	28	16	98	17	22	18	41	19	68	20	82	21	81	22	84	23	93	24	98	25	47	26	41	27	51	28	10	29	48	
	0	60	1	54	2	30	3	20	4	94	5	12	6	50	7	68	8	90	9	42	10	10	11	73	12	56	13	86	14	24	15	75	16	20	17	23	18	51	19	49	20	38	21	60	22	60	23	78	24	15	25	16	26	46	27	10	28	73	29	55	
	0	73	1	63	2	22	3	14	4	95	5	62	6	91	7	40	8	85	9	23	10	100	11	23	12	66	13	70	14	61	15	32	16	46	17	33	18	47	19	47	20	54	21	97	22	84	23	94	24	97	25	52	26	59	27	94	28	83	29	21	
	0	76	1	54	2	59	3	17	4	100	5	54	6	97	7	19	8	81	9	62	10	75	11	95	12	77	13	84	14	17	15	11	16	41	17	82	18	67	19	69	20	98	21	42	22	89	23	63	24	81	25	14	26	29	27	47	28	24	29	53	
	0	92	1	35	2	36	3	100	4	10	5	48	6	48	7	98	8	95	9	16	10	71	11	80	12	93	13	74	14	51	15	61	16	31	17	92	18	44	19	19	20	14	21	34	22	98	23	17	24	45	25	32	26	97	27	39	28	59	29	86	
	0	71	1	82	2	84	3	19	4	62	5	79	6	48	7	82	8	81	9	95	10	36	11	92	12	19	13	12	14	48	15	41	16	57	17	86	18	67	19	27	20	18	21	60	22	60	23	95	24	25	25	60	26	73	27	62	28	27	29	97	
	0	70	1	37	2	16	3	31	4	10	5	74	6	56	7	80	8	46	9	77	10	89	11	70	12	78	13	12	14	77	15	42	16	19	17	64	18	33	19	59	20	21	21	26	22	68	23	14	24	43	25	72	26	66	27	29	28	40	29	45	
	0	42	1	84	2	52	3	76	4	79	5	12	6	94	7	39	8	47	9	97	10	50	11	89	12	82	13	57	14	31	15	30	16	61	17	13	18	17	19	79	20	51	21	49	22	28	23	88	24	54	25	32	26	39	27	79	28	86	29	81	
	0	56	1	15	2	74	3	71	4	57	5	46	6	40	7	95	8	14	9	15	10	27	11	14	12	79	13	77	14	90	15	64	16	75	17	19	18	75	19	76	20	51	21	18	22	68	23	61	24	73	25	64	26	49	27	82	28	24	29	12	
	0	56	1	89	2	25	3	35	4	11	5	15	6	27	7	58	8	90	9	94	10	73	11	40	12	39	13	84	14	43	15	26	16	42	17	98	18	70	19	90	20	10	21	69	22	83	23	15	24	53	25	56	26	24	27	57	28	56	29	63	
	0	79	1	53	2	73	3	83	4	19	5	65	6	85	7	27	8	99	9	84	10	29	11	99	12	17	13	31	14	71	15	70	16	39	17	58	18	86	19	32	20	41	21	48	22	90	23	90	24	94	25	70	26	42	27	42	28	63	29	29	
	0	60	1	46	2	69	3	37	4	31	5	90	6	18	7	25	8	80	9	24	10	89	11	15	12	99	13	22	14	34	15	85	16	55	17	85	18	57	19	62	20	75	21	51	22	90	23	37	24	19	25	66	26	29	27	91	28	23	29	23	
	0	62	1	56	2	19	3	19	4	78	5	57	6	70	7	50	8	71	9	54	10	71	11	100	12	17	13	45	14	57	15	68	16	80	17	14	18	48	19	18	20	96	21	25	22	93	23	34	24	35	25	29	26	36	27	60	28	21	29	55	
	0	94	1	44	2	15	3	54	4	95	5	90	6	79	7	91	8	75	9	52	10	14	11	18	12	41	13	81	14	71	15	69	16	78	17	100	18	100	19	14	20	15	21	47	22	56	23	37	24	94	25	17	26	31	27	54	28	86	29	29	
	0	33	1	82	2	96	3	58	4	37	5	36	6	52	7	15	8	99	9	34	10	25	11	39	12	50	13	60	14	73	15	53	16	39	17	99	18	21	19	69	20	33	21	61	22	98	23	36	24	36	25	62	26	10	27	83	28	38	29	30	
	0	76	1	17	2	15	3	33	4	82	5	62	6	10	7	78	8	73	9	30	10	27	11	64	12	47	13	47	14	61	15	14	16	48	17	97	18	55	19	19	20	67	21	37	22	30	23	43	24	48	25	64	26	96	27	71	28	59	29	38	
	0	26	1	34	2	36	3	13	4	72	5	95	6	62	7	31	8	88	9	13	10	24	11	39	12	93	13	54	14	46	15	34	16	15	17	41	18	53	19	53	20	61	21	43	22	52	23	37	24	34	25	89	26	50	27	35	28	26	29	57	
	0	57	1	91	2	28	3	67	4	81	5	56	6	42	7	33	8	57	9	96	10	80	11	66	12	46	13	96	14	47	15	81	16	20	17	76	18	27	19	49	20	52	21	44	22	76	23	46	24	43	25	72	26	74	27	16	28	18	29	39	
	0	11	1	30	2	70	3	32	4	100	5	26	6	95	7	54	8	19	9	83	10	56	11	45	12	80	13	85	14	21	15	42	16	48	17	30	18	50	19	78	20	86	21	53	22	60	23	53	24	60	25	32	26	82	27	12	28	92	29	71	
	0	95	1	66	2	41	3	64	4	32	5	69	6	66	7	66	8	14	9	59	10	46	11	63	12	79	13	58	14	99	15	37	16	46	17	46	18	48	19	49	20	78	21	33	22	56	23	83	24	15	25	58	26	11	27	88	28	79	29	48	
	0	51	1	17	2	78	3	53	4	26	5	17	6	56	7	76	8	46	9	22	10	12	11	59	12	26	13	41	14	80	15	67	16	61	17	59	18	43	19	74	20	14	21	32	22	46	23	45	24	17	25	62	26	53	27	95	28	97	29	97	
	0	96	1	39	2	57	3	78	4	88	5	70	6	35	7	34	8	36	9	33	10	47	11	60	12	35	13	24	14	30	15	15	16	84	17	25	18	79	19	60	20	88	21	62	22	48	23	92	24	14	25	23	26	48	27	10	28	14	29	41	
	0	12	1	94	2	54	3	16	4	26	5	75	6	62	7	28	8	75	9	80	10	41	11	72	12	75	13	75	14	41	15	90	16	29	17	76	18	70	19	34	20	27	21	79	22	64	23	80	24	73	25	81	26	56	27	72	28	14	29	37	
	0	83	1	56	2	96	3	32	4	94	5	19	6	52	7	89	8	35	9	12	10	66	11	83	12	29	13	22	14	18	15	14	16	26	17	71	18	71	19	23	20	55	21	78	22	34	23	86	24	40	25	45	26	89	27	16	28	58	29	24	
	0	72	1	40	2	74	3	77	4	72	5	77	6	24	7	51	8	78	9	84	10	67	11	71	12	35	13	61	14	11	15	80	16	62	17	70	18	33	19	10	20	69	21	96	22	41	23	14	24	21	25	83	26	79	27	46	28	56	29	86	
	0	37	1	88	2	21	3	14	4	12	5	45	6	96	7	93	8	58	9	30	10	44	11	97	12	70	13	39	14	77	15	83	16	68	17	94	18	100	19	69	20	62	21	67	22	15	23	68	24	96	25	88	26	53	27	48	28	57	29	77	
	0	19	1	74	2	85	3	34	4	56	5	68	6	35	7	87	8	81	9	23	10	70	11	40	12	36	13	66	14	76	15	65	16	70	17	55	18	74	19	64	20	84	21	71	22	50	23	80	24	54	25	62	26	76	27	11	28	21	29	49	
	0	43	1	51	2	97	3	38	4	87	5	31	6	59	7	23	8	100	9	32	10	40	11	28	12	14	13	83	14	11	15	91	16	35	17	13	18	52	19	53	20	37	21	78	22	15	23	34	24	90	25	43	26	87	27	60	28	29	29	61	
	0	79	1	67	2	40	3	36	4	90	5	100	6	39	7	49	8	41	9	93	10	83	11	67	12	82	13	72	14	70	15	41	16	94	17	28	18	81	19	99	20	82	21	19	22	82	23	35	24	90	25	14	26	80	27	38	28	77	29	24	
	0	80	1	35	2	79	3	31	4	96	5	33	6	29	7	21	8	80	9	64	10	48	11	52	12	69	13	37	14	88	15	63	16	12	17	18	18	83	19	40	20	67	21	36	22	53	23	62	24	11	25	11	26	74	27	11	28	57	29	67	
	0	62	1	13	2	84	3	92	4	64	5	30	6	40	7	71	8	50	9	82	10	73	11	61	12	49	13	85	14	57	15	80	16	20	17	77	18	57	19	73	20	46	21	34	22	71	23	30	24	19	25	73	26	22	27	39	28	66	29	20	
	0	45	1	32	2	59	3	60	4	100	5	54	6	43	7	89	8	70	9	45	10	15	11	19	12	53	13	93	14	25	15	87	16	94	17	92	18	72	19	53	20	30	21	80	22	66	23	77	24	46	25	40	26	65	27	100	28	96	29	55	
	0	34	1	51	2	77	3	49	4	86	5	73	6	44	7	49	8	12	9	99	10	80	11	55	12	68	13	81	14	80	15	40	16	70	17	99	18	72	19	15	20	30	21	11	22	16	23	19	24	72	25	57	26	97	27	35	28	46	29	59	
	0	46	1	60	2	26	3	31	4	33	5	14	6	37	7	64	8	78	9	14	10	80	11	56	12	56	13	41	14	47	15	46	16	10	17	97	18	36	19	35	20	77	21	28	22	51	23	15	24	35	25	46	26	46	27	64	28	40	29	63	
	0	59	1	93	2	19	3	23	4	46	5	24	6	42	7	77	8	17	9	63	10	37	11	63	12	35	13	76	14	50	15	20	16	85	17	63	18	18	19	67	20	49	21	48	22	21	23	40	24	64	25	80	26	99	27	24	28	60	29	87	
	0	52	1	74	2	36	3	60	4	47	5	14	6	89	7	74	8	76	9	67	10	56	11	35	12	100	13	30	14	12	15	62	16	76	17	24	18	46	19	47	20	77	21	90	22	84	23	45	24	83	25	94	26	53	27	98	28	62	29	12	