100 40 1
40
	0	67	1	52	2	63	3	13	4	77	5	25	6	25	7	14	8	21	9	80	10	50	11	76	12	41	13	65	14	26	15	14	16	94	17	30	18	67	19	15	20	55	21	10	22	76	23	16	24	92	25	81	26	61	27	85	28	86	29	30	30	80	31	47	32	88	33	14	34	75	35	76	36	77	37	24	38	51	39	99	
	0	67	1	71	2	45	3	18	4	82	5	97	6	100	7	31	8	68	9	96	10	84	11	87	12	42	13	54	14	89	15	51	16	58	17	85	18	22	19	21	20	100	21	36	22	43	23	57	24	46	25	12	26	91	27	72	28	93	29	35	30	29	31	19	32	33	33	87	34	19	35	12	36	18	37	60	38	82	39	53	
	0	69	1	26	2	82	3	36	4	27	5	86	6	38	7	23	8	42	9	45	10	73	11	51	12	92	13	94	14	63	15	95	16	75	17	61	18	18	19	49	20	49	21	57	22	57	23	41	24	55	25	89	26	67	27	95	28	70	29	54	30	16	31	33	32	88	33	18	34	98	35	21	36	28	37	22	38	50	39	86	
	0	36	1	96	2	68	3	33	4	67	5	30	6	61	7	37	8	32	9	98	10	86	11	19	12	19	13	41	14	100	15	24	16	26	17	72	18	15	19	29	20	83	21	79	22	79	23	90	24	53	25	74	26	43	27	58	28	92	29	95	30	66	31	16	32	93	33	48	34	55	35	75	36	86	37	12	38	93	39	39	
	0	16	1	97	2	36	3	93	4	37	5	14	6	88	7	18	8	30	9	34	10	37	11	63	12	83	13	64	14	79	15	20	16	37	17	95	18	35	19	30	20	62	21	75	22	66	23	44	24	74	25	56	26	98	27	76	28	59	29	49	30	41	31	12	32	47	33	19	34	58	35	48	36	95	37	52	38	32	39	98	
	0	88	1	16	2	65	3	84	4	36	5	24	6	55	7	88	8	40	9	20	10	16	11	78	12	83	13	20	14	81	15	38	16	95	17	100	18	26	19	82	20	48	21	77	22	68	23	53	24	16	25	27	26	48	27	53	28	90	29	19	30	91	31	83	32	15	33	92	34	20	35	21	36	11	37	64	38	97	39	36	
	0	50	1	16	2	21	3	50	4	62	5	44	6	65	7	58	8	98	9	32	10	93	11	98	12	19	13	75	14	55	15	84	16	77	17	14	18	14	19	32	20	76	21	11	22	10	23	76	24	70	25	39	26	63	27	73	28	20	29	25	30	12	31	43	32	67	33	28	34	73	35	53	36	62	37	92	38	95	39	87	
	0	76	1	50	2	70	3	40	4	14	5	48	6	42	7	18	8	33	9	20	10	17	11	30	12	33	13	95	14	48	15	28	16	85	17	51	18	53	19	40	20	95	21	27	22	97	23	20	24	77	25	99	26	13	27	100	28	25	29	92	30	44	31	26	32	30	33	19	34	50	35	13	36	74	37	25	38	78	39	78	
	0	100	1	50	2	82	3	60	4	11	5	69	6	72	7	41	8	50	9	64	10	61	11	86	12	13	13	91	14	10	15	29	16	34	17	88	18	62	19	69	20	97	21	38	22	91	23	33	24	79	25	57	26	17	27	60	28	14	29	96	30	13	31	72	32	28	33	74	34	23	35	97	36	38	37	29	38	99	39	15	
	0	37	1	48	2	92	3	97	4	82	5	81	6	33	7	97	8	62	9	91	10	85	11	52	12	22	13	61	14	61	15	60	16	45	17	19	18	60	19	67	20	25	21	34	22	92	23	86	24	29	25	53	26	77	27	98	28	30	29	41	30	72	31	48	32	96	33	22	34	61	35	57	36	46	37	86	38	37	39	23	
	0	57	1	69	2	29	3	61	4	73	5	96	6	64	7	93	8	81	9	67	10	38	11	21	12	86	13	84	14	14	15	16	16	14	17	61	18	35	19	73	20	86	21	59	22	19	23	57	24	14	25	92	26	68	27	91	28	53	29	100	30	25	31	76	32	25	33	36	34	88	35	68	36	62	37	62	38	53	39	91	
	0	84	1	47	2	27	3	93	4	31	5	26	6	61	7	84	8	17	9	86	10	69	11	100	12	59	13	96	14	64	15	36	16	65	17	61	18	42	19	27	20	20	21	14	22	82	23	94	24	11	25	48	26	65	27	60	28	45	29	77	30	42	31	25	32	41	33	21	34	22	35	50	36	51	37	74	38	48	39	32	
	0	54	1	60	2	71	3	39	4	41	5	81	6	47	7	80	8	16	9	24	10	52	11	16	12	21	13	68	14	55	15	74	16	30	17	77	18	36	19	18	20	21	21	64	22	19	23	28	24	36	25	98	26	22	27	66	28	50	29	40	30	25	31	41	32	63	33	20	34	12	35	88	36	82	37	43	38	97	39	75	
	0	65	1	92	2	19	3	56	4	97	5	67	6	86	7	21	8	68	9	11	10	63	11	11	12	92	13	43	14	30	15	51	16	54	17	47	18	71	19	37	20	94	21	92	22	51	23	96	24	78	25	77	26	71	27	84	28	26	29	33	30	31	31	33	32	68	33	44	34	58	35	67	36	43	37	93	38	15	39	59	
	0	42	1	59	2	52	3	68	4	24	5	40	6	14	7	87	8	19	9	50	10	55	11	92	12	36	13	79	14	14	15	86	16	77	17	13	18	55	19	81	20	77	21	69	22	32	23	63	24	46	25	51	26	99	27	47	28	61	29	80	30	19	31	76	32	52	33	28	34	83	35	33	36	45	37	63	38	72	39	95	
	0	69	1	98	2	70	3	53	4	91	5	32	6	23	7	38	8	39	9	12	10	78	11	90	12	32	13	53	14	20	15	23	16	28	17	13	18	20	19	75	20	44	21	94	22	12	23	30	24	12	25	13	26	67	27	20	28	23	29	36	30	30	31	23	32	65	33	55	34	71	35	34	36	35	37	89	38	94	39	53	
	0	52	1	46	2	10	3	93	4	43	5	50	6	26	7	21	8	32	9	97	10	12	11	100	12	72	13	61	14	100	15	50	16	59	17	53	18	71	19	27	20	72	21	75	22	98	23	67	24	41	25	42	26	60	27	52	28	24	29	45	30	73	31	53	32	47	33	83	34	73	35	13	36	17	37	59	38	41	39	80	
	0	14	1	60	2	78	3	88	4	65	5	74	6	48	7	58	8	34	9	30	10	46	11	34	12	95	13	70	14	76	15	82	16	40	17	94	18	40	19	86	20	59	21	27	22	73	23	18	24	15	25	29	26	70	27	63	28	88	29	31	30	55	31	20	32	18	33	42	34	94	35	30	36	92	37	74	38	98	39	48	
	0	54	1	57	2	43	3	52	4	78	5	21	6	81	7	44	8	59	9	19	10	77	11	79	12	93	13	27	14	44	15	58	16	62	17	78	18	88	19	19	20	48	21	46	22	45	23	24	24	68	25	91	26	32	27	100	28	80	29	93	30	36	31	78	32	59	33	75	34	50	35	33	36	81	37	72	38	24	39	25	
	0	36	1	99	2	18	3	21	4	24	5	38	6	83	7	63	8	65	9	89	10	24	11	51	12	40	13	99	14	48	15	58	16	98	17	94	18	45	19	13	20	43	21	50	22	55	23	43	24	69	25	49	26	49	27	89	28	74	29	88	30	46	31	43	32	10	33	70	34	77	35	71	36	16	37	82	38	49	39	52	
	0	19	1	92	2	69	3	34	4	100	5	29	6	22	7	76	8	87	9	100	10	25	11	51	12	87	13	59	14	22	15	64	16	59	17	88	18	64	19	35	20	25	21	20	22	65	23	91	24	82	25	64	26	62	27	24	28	41	29	21	30	24	31	55	32	15	33	50	34	10	35	13	36	41	37	43	38	85	39	97	
	0	42	1	90	2	24	3	36	4	100	5	62	6	67	7	32	8	25	9	56	10	67	11	82	12	43	13	15	14	66	15	16	16	87	17	79	18	35	19	45	20	79	21	70	22	100	23	96	24	92	25	29	26	54	27	13	28	100	29	63	30	13	31	79	32	54	33	62	34	75	35	88	36	43	37	49	38	100	39	51	
	0	24	1	45	2	70	3	53	4	75	5	92	6	45	7	95	8	81	9	69	10	47	11	15	12	48	13	63	14	79	15	46	16	82	17	81	18	69	19	21	20	28	21	56	22	45	23	92	24	17	25	99	26	77	27	59	28	74	29	16	30	12	31	74	32	84	33	34	34	19	35	36	36	84	37	71	38	64	39	55	
	0	21	1	89	2	85	3	50	4	38	5	37	6	31	7	15	8	100	9	54	10	22	11	42	12	42	13	72	14	42	15	65	16	83	17	62	18	77	19	96	20	37	21	81	22	18	23	79	24	61	25	68	26	68	27	23	28	20	29	70	30	60	31	29	32	91	33	53	34	27	35	100	36	57	37	98	38	22	39	93	
	0	48	1	50	2	36	3	51	4	80	5	37	6	84	7	66	8	85	9	35	10	92	11	22	12	26	13	27	14	78	15	67	16	59	17	66	18	61	19	14	20	100	21	96	22	56	23	27	24	90	25	15	26	62	27	67	28	94	29	55	30	36	31	22	32	40	33	13	34	16	35	60	36	99	37	38	38	18	39	67	
	0	54	1	45	2	73	3	34	4	22	5	45	6	96	7	26	8	75	9	78	10	44	11	93	12	41	13	75	14	86	15	90	16	94	17	12	18	44	19	28	20	69	21	88	22	74	23	82	24	69	25	55	26	49	27	44	28	91	29	45	30	23	31	50	32	93	33	83	34	58	35	87	36	92	37	44	38	17	39	17	
	0	55	1	62	2	64	3	97	4	44	5	18	6	89	7	35	8	87	9	95	10	14	11	31	12	95	13	35	14	50	15	60	16	63	17	44	18	49	19	89	20	86	21	74	22	43	23	18	24	58	25	29	26	96	27	31	28	61	29	91	30	70	31	69	32	41	33	93	34	61	35	53	36	86	37	59	38	17	39	56	
	0	34	1	48	2	92	3	49	4	20	5	57	6	55	7	36	8	58	9	67	10	51	11	52	12	70	13	14	14	14	15	70	16	89	17	70	18	23	19	21	20	88	21	80	22	30	23	39	24	65	25	70	26	75	27	84	28	41	29	48	30	75	31	66	32	86	33	70	34	65	35	86	36	77	37	71	38	41	39	78	
	0	30	1	90	2	36	3	81	4	73	5	24	6	60	7	34	8	89	9	31	10	69	11	91	12	87	13	50	14	18	15	95	16	15	17	94	18	32	19	11	20	37	21	76	22	81	23	65	24	22	25	40	26	17	27	90	28	88	29	64	30	60	31	19	32	50	33	76	34	99	35	54	36	22	37	38	38	31	39	78	
	0	22	1	59	2	76	3	45	4	94	5	55	6	91	7	94	8	17	9	80	10	61	11	58	12	16	13	20	14	61	15	41	16	70	17	76	18	74	19	88	20	65	21	40	22	57	23	16	24	84	25	88	26	41	27	82	28	46	29	71	30	27	31	44	32	46	33	26	34	79	35	13	36	76	37	52	38	91	39	73	
	0	78	1	75	2	54	3	90	4	38	5	87	6	38	7	41	8	83	9	78	10	47	11	77	12	10	13	95	14	10	15	31	16	68	17	64	18	83	19	88	20	83	21	29	22	50	23	78	24	43	25	44	26	25	27	42	28	31	29	71	30	13	31	19	32	45	33	79	34	71	35	43	36	63	37	57	38	40	39	72	
	0	37	1	20	2	26	3	47	4	37	5	87	6	74	7	72	8	33	9	39	10	51	11	11	12	14	13	40	14	53	15	100	16	51	17	16	18	65	19	89	20	44	21	22	22	77	23	39	24	64	25	81	26	52	27	94	28	71	29	82	30	94	31	45	32	63	33	33	34	28	35	48	36	69	37	72	38	84	39	17	
	0	45	1	83	2	64	3	46	4	52	5	77	6	45	7	80	8	64	9	20	10	34	11	92	12	48	13	54	14	26	15	45	16	23	17	100	18	99	19	69	20	69	21	96	22	31	23	14	24	54	25	59	26	42	27	61	28	43	29	33	30	28	31	24	32	75	33	51	34	13	35	76	36	80	37	50	38	25	39	57	
	0	43	1	38	2	60	3	73	4	48	5	39	6	58	7	66	8	68	9	30	10	45	11	67	12	88	13	74	14	91	15	68	16	95	17	24	18	95	19	10	20	100	21	76	22	53	23	95	24	41	25	34	26	69	27	65	28	90	29	40	30	63	31	94	32	86	33	34	34	10	35	33	36	20	37	33	38	12	39	80	
	0	70	1	29	2	16	3	71	4	48	5	76	6	79	7	57	8	22	9	39	10	100	11	78	12	18	13	29	14	93	15	67	16	44	17	23	18	91	19	14	20	45	21	76	22	17	23	14	24	88	25	71	26	39	27	27	28	51	29	22	30	54	31	83	32	31	33	77	34	34	35	80	36	58	37	83	38	43	39	38	
	0	62	1	28	2	42	3	99	4	79	5	36	6	50	7	86	8	48	9	49	10	77	11	27	12	21	13	56	14	70	15	74	16	27	17	32	18	10	19	95	20	41	21	99	22	52	23	94	24	39	25	12	26	63	27	98	28	55	29	88	30	53	31	85	32	93	33	24	34	84	35	69	36	12	37	68	38	75	39	72	
	0	90	1	33	2	27	3	97	4	95	5	92	6	51	7	100	8	36	9	31	10	82	11	32	12	74	13	92	14	31	15	46	16	69	17	54	18	100	19	51	20	89	21	32	22	90	23	33	24	17	25	31	26	59	27	62	28	13	29	22	30	85	31	21	32	36	33	77	34	38	35	78	36	42	37	92	38	49	39	63	
	0	90	1	41	2	71	3	54	4	52	5	77	6	78	7	38	8	100	9	83	10	81	11	88	12	88	13	81	14	92	15	45	16	75	17	86	18	68	19	96	20	56	21	11	22	68	23	58	24	46	25	72	26	50	27	55	28	65	29	19	30	93	31	62	32	16	33	65	34	79	35	78	36	35	37	98	38	11	39	55	
	0	87	1	98	2	93	3	90	4	58	5	87	6	53	7	56	8	90	9	83	10	11	11	11	12	88	13	28	14	86	15	10	16	88	17	77	18	22	19	90	20	36	21	81	22	41	23	44	24	22	25	85	26	11	27	88	28	69	29	41	30	43	31	62	32	23	33	24	34	89	35	67	36	47	37	57	38	65	39	58	
	0	38	1	79	2	32	3	94	4	35	5	17	6	48	7	50	8	41	9	29	10	55	11	91	12	95	13	88	14	27	15	85	16	21	17	21	18	30	19	71	20	20	21	68	22	33	23	35	24	77	25	52	26	39	27	86	28	25	29	86	30	19	31	86	32	80	33	59	34	15	35	95	36	30	37	60	38	84	39	64	
	0	64	1	82	2	94	3	62	4	79	5	62	6	31	7	31	8	53	9	40	10	27	11	75	12	63	13	80	14	89	15	78	16	43	17	72	18	48	19	11	20	85	21	46	22	84	23	50	24	45	25	96	26	49	27	68	28	33	29	30	30	26	31	16	32	93	33	33	34	46	35	32	36	23	37	46	38	41	39	76	
	0	63	1	34	2	88	3	84	4	18	5	55	6	56	7	17	8	75	9	83	10	72	11	85	12	68	13	89	14	52	15	42	16	81	17	84	18	12	19	57	20	38	21	89	22	66	23	31	24	12	25	26	26	36	27	21	28	64	29	18	30	69	31	61	32	70	33	24	34	94	35	55	36	99	37	51	38	39	39	80	
	0	61	1	75	2	61	3	51	4	44	5	67	6	45	7	41	8	87	9	67	10	75	11	39	12	20	13	78	14	13	15	30	16	10	17	68	18	13	19	94	20	72	21	72	22	28	23	40	24	34	25	90	26	18	27	76	28	95	29	75	30	19	31	100	32	10	33	47	34	26	35	11	36	48	37	35	38	16	39	35	
	0	86	1	91	2	63	3	91	4	73	5	20	6	31	7	99	8	25	9	10	10	54	11	75	12	39	13	59	14	49	15	98	16	63	17	57	18	24	19	41	20	13	21	71	22	46	23	26	24	77	25	33	26	31	27	90	28	92	29	77	30	17	31	15	32	44	33	99	34	64	35	82	36	92	37	36	38	61	39	54	
	0	41	1	34	2	24	3	12	4	23	5	16	6	90	7	86	8	81	9	69	10	43	11	11	12	88	13	30	14	11	15	25	16	67	17	89	18	74	19	35	20	78	21	29	22	87	23	76	24	74	25	11	26	92	27	89	28	93	29	42	30	24	31	28	32	97	33	14	34	33	35	10	36	98	37	17	38	39	39	81	
	0	51	1	54	2	86	3	62	4	14	5	26	6	76	7	85	8	61	9	76	10	44	11	70	12	20	13	73	14	75	15	24	16	66	17	85	18	52	19	98	20	62	21	29	22	29	23	48	24	60	25	72	26	17	27	30	28	82	29	48	30	74	31	92	32	82	33	47	34	58	35	97	36	17	37	75	38	61	39	81	
	0	98	1	52	2	73	3	51	4	55	5	79	6	34	7	44	8	23	9	35	10	50	11	54	12	84	13	72	14	92	15	50	16	23	17	82	18	34	19	99	20	86	21	94	22	47	23	39	24	94	25	50	26	46	27	51	28	19	29	60	30	36	31	87	32	49	33	35	34	14	35	53	36	18	37	80	38	35	39	46	
	0	69	1	84	2	60	3	11	4	33	5	40	6	57	7	98	8	83	9	40	10	69	11	76	12	69	13	62	14	88	15	24	16	59	17	39	18	52	19	71	20	26	21	59	22	29	23	49	24	22	25	80	26	46	27	88	28	48	29	85	30	65	31	38	32	25	33	15	34	66	35	52	36	41	37	61	38	69	39	16	
	0	70	1	94	2	34	3	73	4	22	5	60	6	13	7	24	8	19	9	14	10	49	11	44	12	86	13	69	14	14	15	26	16	72	17	85	18	31	19	12	20	71	21	84	22	63	23	21	24	33	25	37	26	32	27	15	28	93	29	10	30	11	31	94	32	21	33	15	34	26	35	32	36	77	37	96	38	85	39	18	
	0	75	1	54	2	73	3	85	4	80	5	48	6	24	7	79	8	89	9	10	10	84	11	90	12	82	13	54	14	16	15	11	16	69	17	93	18	31	19	45	20	83	21	31	22	89	23	88	24	62	25	59	26	66	27	27	28	84	29	62	30	85	31	54	32	75	33	48	34	28	35	58	36	87	37	23	38	73	39	26	
	0	49	1	100	2	27	3	41	4	30	5	14	6	23	7	92	8	40	9	60	10	14	11	42	12	75	13	59	14	41	15	48	16	28	17	99	18	24	19	30	20	40	21	62	22	88	23	78	24	94	25	51	26	26	27	96	28	76	29	60	30	68	31	98	32	28	33	85	34	35	35	60	36	52	37	51	38	72	39	57	
	0	61	1	66	2	63	3	79	4	84	5	100	6	72	7	21	8	44	9	34	10	60	11	58	12	27	13	10	14	64	15	68	16	84	17	84	18	17	19	28	20	94	21	62	22	40	23	41	24	49	25	22	26	23	27	28	28	62	29	58	30	29	31	25	32	68	33	79	34	66	35	13	36	45	37	29	38	52	39	39	
	0	41	1	89	2	18	3	58	4	89	5	79	6	97	7	61	8	70	9	19	10	82	11	14	12	22	13	76	14	69	15	26	16	89	17	43	18	90	19	56	20	86	21	34	22	38	23	74	24	32	25	83	26	50	27	25	28	85	29	52	30	95	31	28	32	51	33	77	34	64	35	85	36	84	37	33	38	16	39	63	
	0	70	1	32	2	75	3	73	4	97	5	12	6	58	7	47	8	50	9	78	10	60	11	80	12	17	13	95	14	88	15	57	16	34	17	99	18	51	19	61	20	53	21	44	22	51	23	62	24	52	25	51	26	37	27	64	28	90	29	82	30	18	31	62	32	69	33	10	34	29	35	24	36	17	37	41	38	90	39	30	
	0	91	1	32	2	97	3	99	4	16	5	14	6	20	7	54	8	91	9	32	10	96	11	94	12	78	13	81	14	39	15	89	16	87	17	41	18	77	19	27	20	12	21	72	22	87	23	74	24	90	25	96	26	29	27	97	28	37	29	21	30	75	31	56	32	10	33	46	34	42	35	37	36	47	37	76	38	72	39	22	
	0	96	1	81	2	79	3	87	4	10	5	93	6	33	7	81	8	12	9	10	10	33	11	98	12	50	13	42	14	66	15	54	16	60	17	36	18	39	19	93	20	48	21	59	22	83	23	33	24	48	25	33	26	51	27	38	28	53	29	71	30	80	31	38	32	12	33	79	34	16	35	55	36	85	37	63	38	58	39	25	
	0	14	1	43	2	63	3	89	4	70	5	89	6	49	7	89	8	40	9	86	10	24	11	17	12	56	13	79	14	41	15	48	16	84	17	98	18	13	19	53	20	43	21	63	22	26	23	60	24	27	25	77	26	22	27	40	28	15	29	23	30	92	31	59	32	85	33	59	34	54	35	45	36	80	37	95	38	48	39	31	
	0	60	1	92	2	42	3	27	4	36	5	96	6	70	7	21	8	14	9	26	10	65	11	49	12	32	13	96	14	94	15	26	16	46	17	93	18	79	19	71	20	19	21	71	22	68	23	77	24	83	25	38	26	94	27	68	28	84	29	40	30	78	31	92	32	56	33	38	34	95	35	71	36	54	37	82	38	63	39	11	
	0	20	1	28	2	66	3	64	4	25	5	92	6	60	7	24	8	56	9	58	10	33	11	13	12	74	13	76	14	87	15	47	16	84	17	94	18	47	19	67	20	100	21	90	22	67	23	13	24	32	25	91	26	88	27	76	28	16	29	38	30	72	31	50	32	84	33	73	34	94	35	88	36	10	37	91	38	17	39	67	
	0	64	1	76	2	10	3	70	4	86	5	75	6	13	7	15	8	74	9	35	10	56	11	52	12	98	13	85	14	47	15	13	16	91	17	63	18	88	19	80	20	91	21	56	22	93	23	66	24	93	25	99	26	73	27	85	28	21	29	94	30	81	31	72	32	88	33	24	34	54	35	96	36	73	37	67	38	53	39	23	
	0	39	1	25	2	22	3	32	4	31	5	41	6	13	7	35	8	50	9	85	10	38	11	77	12	86	13	62	14	60	15	16	16	96	17	72	18	58	19	56	20	78	21	16	22	18	23	94	24	33	25	49	26	46	27	41	28	18	29	100	30	31	31	75	32	30	33	98	34	31	35	13	36	33	37	28	38	96	39	47	
	0	56	1	81	2	21	3	17	4	96	5	64	6	85	7	60	8	17	9	96	10	64	11	38	12	68	13	59	14	58	15	63	16	58	17	44	18	38	19	77	20	19	21	65	22	87	23	34	24	70	25	15	26	100	27	64	28	35	29	87	30	44	31	40	32	13	33	81	34	21	35	29	36	79	37	29	38	98	39	49	
	0	62	1	23	2	62	3	23	4	24	5	18	6	50	7	54	8	75	9	72	10	21	11	95	12	46	13	87	14	77	15	47	16	80	17	17	18	14	19	57	20	96	21	66	22	30	23	47	24	94	25	100	26	71	27	25	28	29	29	15	30	70	31	24	32	72	33	41	34	47	35	36	36	68	37	17	38	38	39	71	
	0	73	1	80	2	60	3	93	4	73	5	49	6	84	7	90	8	65	9	21	10	70	11	64	12	64	13	58	14	27	15	18	16	29	17	52	18	16	19	99	20	47	21	75	22	58	23	83	24	80	25	54	26	63	27	61	28	29	29	55	30	29	31	27	32	29	33	29	34	47	35	36	36	70	37	71	38	97	39	12	
	0	24	1	56	2	70	3	92	4	75	5	50	6	18	7	100	8	24	9	89	10	73	11	17	12	85	13	28	14	11	15	35	16	40	17	91	18	32	19	73	20	64	21	90	22	25	23	41	24	54	25	17	26	27	27	25	28	91	29	88	30	14	31	45	32	56	33	61	34	43	35	90	36	17	37	26	38	63	39	13	
	0	37	1	12	2	76	3	61	4	45	5	98	6	35	7	89	8	82	9	39	10	39	11	70	12	69	13	27	14	28	15	93	16	79	17	23	18	67	19	17	20	39	21	36	22	58	23	64	24	50	25	27	26	17	27	81	28	40	29	87	30	40	31	81	32	78	33	47	34	25	35	74	36	68	37	80	38	17	39	64	
	0	51	1	41	2	75	3	68	4	34	5	59	6	83	7	57	8	54	9	83	10	50	11	85	12	86	13	10	14	26	15	91	16	15	17	41	18	94	19	68	20	94	21	67	22	35	23	28	24	70	25	100	26	46	27	79	28	68	29	39	30	15	31	87	32	88	33	50	34	68	35	25	36	47	37	75	38	50	39	58	
	0	18	1	76	2	53	3	43	4	97	5	87	6	47	7	89	8	92	9	84	10	37	11	57	12	63	13	20	14	71	15	20	16	38	17	76	18	64	19	63	20	41	21	47	22	56	23	61	24	79	25	89	26	37	27	33	28	38	29	60	30	85	31	85	32	86	33	66	34	15	35	99	36	48	37	42	38	26	39	86	
	0	96	1	84	2	51	3	59	4	59	5	84	6	28	7	13	8	62	9	38	10	54	11	95	12	23	13	16	14	54	15	17	16	24	17	97	18	66	19	64	20	100	21	54	22	17	23	93	24	10	25	48	26	40	27	77	28	64	29	86	30	12	31	61	32	12	33	79	34	36	35	56	36	84	37	46	38	96	39	95	
	0	12	1	55	2	73	3	47	4	67	5	99	6	61	7	72	8	11	9	72	10	98	11	71	12	26	13	59	14	53	15	99	16	83	17	35	18	42	19	80	20	55	21	51	22	71	23	65	24	34	25	33	26	34	27	65	28	92	29	23	30	84	31	90	32	98	33	82	34	13	35	92	36	76	37	21	38	27	39	24	
	0	28	1	18	2	25	3	38	4	38	5	40	6	88	7	53	8	49	9	49	10	74	11	96	12	96	13	82	14	90	15	85	16	79	17	22	18	97	19	94	20	68	21	40	22	33	23	71	24	47	25	60	26	16	27	10	28	22	29	16	30	60	31	40	32	59	33	25	34	68	35	29	36	60	37	76	38	65	39	37	
	0	57	1	94	2	43	3	49	4	83	5	87	6	54	7	81	8	36	9	52	10	94	11	68	12	61	13	33	14	93	15	28	16	32	17	73	18	40	19	84	20	10	21	92	22	71	23	50	24	67	25	69	26	31	27	22	28	31	29	67	30	97	31	38	32	54	33	95	34	83	35	76	36	50	37	42	38	88	39	99	
	0	46	1	81	2	95	3	87	4	76	5	33	6	46	7	24	8	36	9	62	10	25	11	11	12	85	13	84	14	42	15	75	16	95	17	44	18	13	19	65	20	74	21	73	22	80	23	43	24	38	25	91	26	26	27	31	28	50	29	89	30	90	31	47	32	83	33	45	34	86	35	86	36	16	37	99	38	94	39	88	
	0	65	1	44	2	53	3	66	4	97	5	57	6	23	7	38	8	20	9	48	10	53	11	19	12	80	13	96	14	71	15	24	16	62	17	81	18	28	19	44	20	27	21	29	22	33	23	21	24	24	25	28	26	79	27	51	28	49	29	22	30	95	31	64	32	24	33	73	34	83	35	84	36	32	37	93	38	64	39	30	
	0	91	1	67	2	57	3	58	4	63	5	96	6	99	7	85	8	40	9	59	10	87	11	20	12	40	13	69	14	58	15	15	16	11	17	62	18	31	19	87	20	40	21	43	22	54	23	78	24	62	25	52	26	49	27	75	28	44	29	46	30	97	31	24	32	38	33	100	34	12	35	87	36	58	37	14	38	28	39	85	
	0	51	1	94	2	16	3	32	4	69	5	80	6	68	7	23	8	93	9	94	10	97	11	75	12	18	13	90	14	25	15	86	16	44	17	50	18	55	19	27	20	31	21	98	22	76	23	33	24	26	25	29	26	30	27	94	28	95	29	25	30	65	31	48	32	29	33	40	34	77	35	52	36	63	37	65	38	55	39	75	
	0	69	1	21	2	78	3	98	4	22	5	49	6	51	7	36	8	80	9	10	10	47	11	23	12	55	13	93	14	65	15	17	16	72	17	20	18	17	19	25	20	45	21	91	22	72	23	80	24	59	25	51	26	17	27	66	28	97	29	77	30	97	31	87	32	39	33	17	34	63	35	35	36	90	37	64	38	50	39	42	
	0	13	1	82	2	52	3	50	4	89	5	60	6	12	7	56	8	26	9	78	10	10	11	99	12	34	13	19	14	85	15	84	16	74	17	41	18	100	19	16	20	51	21	82	22	10	23	95	24	34	25	52	26	13	27	51	28	77	29	68	30	54	31	63	32	99	33	15	34	23	35	68	36	44	37	62	38	39	39	19	
	0	97	1	50	2	52	3	43	4	37	5	19	6	57	7	93	8	17	9	75	10	81	11	39	12	19	13	54	14	34	15	46	16	13	17	90	18	77	19	50	20	57	21	46	22	34	23	41	24	74	25	19	26	48	27	95	28	70	29	92	30	99	31	36	32	26	33	36	34	82	35	11	36	36	37	70	38	36	39	21	
	0	58	1	39	2	46	3	82	4	27	5	30	6	36	7	74	8	37	9	62	10	63	11	85	12	27	13	19	14	71	15	68	16	13	17	48	18	62	19	29	20	26	21	76	22	28	23	74	24	31	25	24	26	45	27	73	28	61	29	87	30	35	31	79	32	68	33	92	34	93	35	92	36	17	37	45	38	30	39	49	
	0	21	1	74	2	52	3	96	4	63	5	55	6	74	7	55	8	77	9	85	10	58	11	20	12	99	13	51	14	37	15	34	16	100	17	98	18	60	19	59	20	56	21	10	22	33	23	93	24	17	25	48	26	15	27	29	28	56	29	99	30	85	31	67	32	95	33	16	34	48	35	53	36	40	37	54	38	97	39	47	
	0	78	1	93	2	86	3	69	4	57	5	28	6	70	7	90	8	21	9	30	10	59	11	66	12	47	13	71	14	75	15	96	16	92	17	12	18	50	19	19	20	66	21	81	22	48	23	63	24	11	25	35	26	95	27	67	28	15	29	28	30	43	31	68	32	42	33	37	34	18	35	56	36	28	37	86	38	17	39	96	
	0	95	1	94	2	92	3	67	4	87	5	14	6	90	7	99	8	98	9	44	10	34	11	67	12	26	13	88	14	80	15	74	16	25	17	91	18	70	19	69	20	87	21	13	22	51	23	38	24	53	25	96	26	74	27	87	28	49	29	63	30	89	31	72	32	28	33	94	34	73	35	39	36	26	37	31	38	28	39	27	
	0	13	1	60	2	42	3	60	4	31	5	57	6	88	7	69	8	99	9	46	10	13	11	42	12	30	13	52	14	95	15	10	16	68	17	30	18	41	19	90	20	29	21	96	22	14	23	54	24	82	25	42	26	18	27	37	28	77	29	68	30	24	31	13	32	87	33	63	34	13	35	98	36	58	37	72	38	85	39	33	
	0	73	1	97	2	18	3	31	4	13	5	36	6	28	7	76	8	31	9	10	10	62	11	43	12	41	13	21	14	94	15	18	16	67	17	84	18	91	19	17	20	24	21	11	22	30	23	81	24	53	25	30	26	30	27	29	28	52	29	26	30	75	31	69	32	99	33	54	34	91	35	59	36	34	37	95	38	52	39	98	
	0	75	1	94	2	20	3	81	4	31	5	24	6	71	7	35	8	33	9	17	10	15	11	59	12	100	13	17	14	69	15	84	16	47	17	35	18	69	19	93	20	24	21	91	22	82	23	39	24	94	25	22	26	33	27	41	28	14	29	27	30	77	31	94	32	35	33	65	34	48	35	89	36	50	37	39	38	97	39	56	
	0	68	1	20	2	45	3	93	4	53	5	65	6	93	7	48	8	96	9	90	10	92	11	15	12	44	13	70	14	23	15	38	16	72	17	50	18	75	19	30	20	38	21	59	22	25	23	86	24	16	25	42	26	72	27	55	28	90	29	62	30	79	31	88	32	11	33	73	34	64	35	51	36	26	37	92	38	23	39	87	
	0	61	1	66	2	94	3	20	4	98	5	29	6	39	7	80	8	68	9	20	10	50	11	69	12	65	13	11	14	85	15	59	16	45	17	23	18	48	19	83	20	76	21	37	22	49	23	19	24	81	25	86	26	74	27	29	28	84	29	91	30	48	31	86	32	91	33	40	34	82	35	53	36	97	37	30	38	81	39	44	
	0	45	1	83	2	52	3	84	4	35	5	21	6	51	7	68	8	80	9	64	10	24	11	42	12	13	13	97	14	57	15	45	16	69	17	73	18	24	19	60	20	72	21	90	22	35	23	53	24	58	25	39	26	31	27	99	28	78	29	89	30	64	31	44	32	21	33	25	34	100	35	73	36	63	37	35	38	17	39	71	
	0	52	1	96	2	29	3	19	4	82	5	97	6	94	7	10	8	50	9	32	10	78	11	36	12	18	13	32	14	48	15	55	16	92	17	49	18	64	19	90	20	53	21	71	22	60	23	31	24	92	25	40	26	98	27	77	28	84	29	93	30	26	31	88	32	25	33	86	34	67	35	10	36	45	37	100	38	78	39	54	
	0	18	1	86	2	20	3	80	4	58	5	46	6	88	7	22	8	52	9	87	10	93	11	67	12	93	13	46	14	61	15	96	16	50	17	75	18	75	19	33	20	59	21	22	22	23	23	18	24	81	25	47	26	43	27	83	28	17	29	81	30	81	31	81	32	76	33	29	34	33	35	37	36	83	37	10	38	94	39	76	
	0	28	1	62	2	95	3	76	4	10	5	22	6	83	7	21	8	69	9	20	10	15	11	70	12	36	13	57	14	83	15	76	16	80	17	74	18	83	19	78	20	53	21	40	22	89	23	80	24	44	25	28	26	14	27	96	28	55	29	36	30	17	31	29	32	92	33	18	34	23	35	81	36	27	37	96	38	23	39	67	
	0	74	1	25	2	37	3	32	4	53	5	99	6	94	7	75	8	73	9	26	10	89	11	48	12	60	13	20	14	93	15	53	16	28	17	71	18	12	19	79	20	62	21	96	22	53	23	19	24	91	25	84	26	25	27	75	28	91	29	97	30	18	31	66	32	12	33	79	34	70	35	82	36	49	37	38	38	26	39	66	
	0	28	1	46	2	59	3	29	4	90	5	84	6	72	7	13	8	61	9	37	10	78	11	50	12	42	13	91	14	70	15	38	16	72	17	60	18	50	19	97	20	67	21	80	22	77	23	33	24	97	25	24	26	32	27	71	28	69	29	56	30	84	31	31	32	56	33	94	34	55	35	72	36	79	37	18	38	83	39	14	
	0	11	1	21	2	46	3	37	4	15	5	22	6	93	7	75	8	53	9	79	10	97	11	32	12	92	13	42	14	87	15	97	16	38	17	58	18	65	19	55	20	63	21	74	22	56	23	52	24	16	25	93	26	58	27	20	28	66	29	14	30	78	31	69	32	56	33	45	34	27	35	24	36	26	37	50	38	65	39	62	
	0	53	1	17	2	74	3	95	4	15	5	16	6	55	7	25	8	27	9	21	10	46	11	21	12	46	13	54	14	28	15	32	16	28	17	17	18	34	19	47	20	18	21	44	22	10	23	16	24	40	25	10	26	13	27	54	28	11	29	12	30	13	31	51	32	58	33	41	34	56	35	77	36	40	37	14	38	41	39	91	
	0	67	1	59	2	80	3	85	4	87	5	63	6	59	7	33	8	80	9	11	10	20	11	81	12	78	13	80	14	15	15	71	16	59	17	88	18	27	19	55	20	75	21	66	22	82	23	48	24	27	25	75	26	26	27	48	28	59	29	39	30	47	31	53	32	93	33	87	34	57	35	10	36	88	37	91	38	30	39	60	
	0	33	1	72	2	84	3	74	4	60	5	49	6	85	7	31	8	79	9	31	10	40	11	91	12	67	13	84	14	71	15	58	16	21	17	99	18	38	19	84	20	19	21	25	22	44	23	67	24	27	25	82	26	85	27	68	28	17	29	94	30	100	31	41	32	86	33	32	34	39	35	25	36	56	37	68	38	74	39	40	
	0	29	1	90	2	72	3	82	4	65	5	47	6	37	7	11	8	29	9	11	10	95	11	26	12	92	13	93	14	87	15	58	16	54	17	93	18	78	19	73	20	96	21	23	22	98	23	70	24	11	25	32	26	67	27	25	28	50	29	22	30	79	31	69	32	55	33	91	34	59	35	49	36	93	37	56	38	67	39	19	
	0	30	1	38	2	33	3	89	4	69	5	83	6	39	7	62	8	84	9	57	10	55	11	90	12	70	13	60	14	25	15	34	16	56	17	78	18	42	19	63	20	71	21	78	22	74	23	50	24	38	25	95	26	62	27	16	28	69	29	23	30	34	31	50	32	25	33	19	34	32	35	70	36	98	37	21	38	19	39	26	