100 50 1
50
	0	79	1	95	2	90	3	64	4	67	5	27	6	23	7	66	8	97	9	33	10	48	11	85	12	83	13	91	14	49	15	18	16	51	17	11	18	97	19	18	20	70	21	26	22	100	23	74	24	34	25	23	26	72	27	69	28	45	29	94	30	45	31	90	32	62	33	97	34	86	35	66	36	11	37	75	38	41	39	59	40	80	41	50	42	29	43	34	44	59	45	59	46	30	47	75	48	84	49	67	
	0	74	1	10	2	56	3	95	4	66	5	84	6	19	7	16	8	13	9	44	10	17	11	87	12	61	13	20	14	40	15	71	16	67	17	50	18	100	19	20	20	18	21	10	22	45	23	79	24	80	25	76	26	25	27	65	28	85	29	11	30	46	31	63	32	30	33	65	34	24	35	100	36	42	37	93	38	87	39	12	40	32	41	92	42	16	43	31	44	41	45	88	46	70	47	35	48	31	49	72	
	0	79	1	48	2	11	3	57	4	12	5	29	6	84	7	31	8	67	9	41	10	63	11	78	12	80	13	32	14	77	15	76	16	58	17	79	18	55	19	84	20	19	21	44	22	81	23	37	24	48	25	97	26	13	27	60	28	63	29	72	30	10	31	26	32	82	33	14	34	75	35	67	36	65	37	96	38	73	39	11	40	23	41	63	42	81	43	69	44	62	45	82	46	61	47	30	48	50	49	45	
	0	55	1	66	2	42	3	59	4	95	5	27	6	27	7	63	8	59	9	49	10	14	11	16	12	28	13	66	14	29	15	42	16	95	17	77	18	57	19	90	20	39	21	88	22	88	23	92	24	37	25	60	26	83	27	41	28	91	29	76	30	86	31	20	32	44	33	85	34	19	35	54	36	26	37	38	38	24	39	27	40	72	41	20	42	32	43	25	44	19	45	35	46	53	47	83	48	76	49	57	
	0	49	1	68	2	100	3	65	4	86	5	94	6	47	7	13	8	50	9	44	10	93	11	57	12	40	13	100	14	95	15	45	16	12	17	28	18	94	19	16	20	16	21	65	22	31	23	13	24	38	25	72	26	100	27	40	28	95	29	28	30	30	31	57	32	52	33	83	34	75	35	41	36	29	37	67	38	11	39	81	40	50	41	80	42	88	43	48	44	51	45	69	46	47	47	96	48	15	49	19	
	0	16	1	27	2	52	3	88	4	74	5	77	6	13	7	53	8	13	9	36	10	50	11	63	12	38	13	59	14	83	15	95	16	30	17	39	18	70	19	37	20	28	21	13	22	78	23	22	24	75	25	44	26	53	27	42	28	32	29	74	30	30	31	10	32	55	33	14	34	86	35	59	36	73	37	71	38	59	39	75	40	52	41	64	42	86	43	88	44	58	45	24	46	41	47	21	48	82	49	35	
	0	18	1	92	2	13	3	24	4	28	5	26	6	78	7	18	8	14	9	17	10	53	11	86	12	33	13	90	14	38	15	38	16	28	17	49	18	18	19	21	20	85	21	14	22	79	23	42	24	68	25	66	26	30	27	48	28	32	29	23	30	72	31	58	32	17	33	82	34	18	35	61	36	59	37	64	38	82	39	45	40	87	41	36	42	64	43	53	44	53	45	38	46	45	47	60	48	57	49	75	
	0	34	1	66	2	95	3	23	4	46	5	89	6	73	7	89	8	67	9	97	10	74	11	34	12	54	13	57	14	93	15	54	16	86	17	33	18	18	19	55	20	73	21	31	22	92	23	49	24	73	25	60	26	81	27	82	28	96	29	34	30	65	31	41	32	13	33	93	34	59	35	65	36	90	37	32	38	11	39	48	40	87	41	67	42	34	43	96	44	19	45	14	46	38	47	55	48	16	49	10	
	0	14	1	74	2	87	3	63	4	81	5	36	6	63	7	79	8	29	9	46	10	85	11	32	12	20	13	32	14	87	15	99	16	64	17	88	18	24	19	63	20	23	21	58	22	41	23	71	24	98	25	64	26	73	27	30	28	21	29	31	30	39	31	57	32	99	33	92	34	84	35	59	36	84	37	83	38	74	39	40	40	63	41	59	42	83	43	96	44	32	45	73	46	12	47	19	48	23	49	12	
	0	95	1	24	2	75	3	86	4	41	5	25	6	61	7	94	8	28	9	19	10	42	11	71	12	53	13	30	14	67	15	23	16	42	17	22	18	55	19	14	20	21	21	65	22	70	23	67	24	81	25	99	26	57	27	90	28	65	29	39	30	85	31	45	32	85	33	54	34	59	35	98	36	24	37	100	38	39	39	13	40	82	41	61	42	53	43	57	44	34	45	51	46	10	47	90	48	86	49	31	
	0	56	1	85	2	63	3	25	4	64	5	12	6	78	7	85	8	72	9	16	10	74	11	79	12	42	13	49	14	69	15	77	16	58	17	77	18	43	19	33	20	36	21	74	22	34	23	42	24	30	25	84	26	95	27	70	28	21	29	42	30	43	31	29	32	50	33	92	34	53	35	80	36	54	37	35	38	21	39	42	40	24	41	25	42	63	43	74	44	32	45	14	46	87	47	45	48	91	49	43	
	0	31	1	41	2	36	3	94	4	63	5	62	6	60	7	10	8	18	9	69	10	47	11	32	12	49	13	17	14	56	15	18	16	35	17	72	18	36	19	64	20	79	21	99	22	33	23	16	24	33	25	93	26	11	27	78	28	66	29	92	30	42	31	80	32	82	33	32	34	41	35	23	36	61	37	34	38	89	39	76	40	31	41	29	42	93	43	22	44	48	45	22	46	43	47	69	48	40	49	78	
	0	50	1	12	2	79	3	43	4	61	5	45	6	55	7	28	8	22	9	65	10	28	11	52	12	42	13	95	14	99	15	32	16	71	17	43	18	40	19	35	20	21	21	92	22	59	23	75	24	94	25	34	26	98	27	42	28	77	29	33	30	65	31	23	32	60	33	93	34	75	35	27	36	17	37	47	38	49	39	31	40	10	41	37	42	46	43	97	44	95	45	60	46	19	47	83	48	46	49	83	
	0	90	1	38	2	38	3	73	4	87	5	51	6	83	7	100	8	21	9	45	10	23	11	46	12	77	13	10	14	34	15	74	16	42	17	39	18	34	19	12	20	53	21	16	22	35	23	95	24	80	25	67	26	38	27	52	28	96	29	46	30	90	31	20	32	30	33	52	34	11	35	96	36	30	37	64	38	84	39	49	40	70	41	96	42	99	43	30	44	77	45	20	46	75	47	35	48	40	49	42	
	0	95	1	67	2	25	3	21	4	52	5	71	6	57	7	98	8	14	9	21	10	97	11	60	12	66	13	66	14	30	15	33	16	11	17	30	18	41	19	82	20	80	21	46	22	23	23	14	24	20	25	97	26	46	27	23	28	12	29	16	30	13	31	22	32	84	33	49	34	78	35	78	36	14	37	42	38	29	39	47	40	60	41	77	42	36	43	25	44	88	45	100	46	16	47	20	48	93	49	74	
	0	44	1	61	2	43	3	74	4	37	5	73	6	81	7	60	8	66	9	94	10	39	11	17	12	20	13	34	14	20	15	83	16	40	17	42	18	27	19	86	20	31	21	97	22	55	23	31	24	27	25	26	26	86	27	13	28	65	29	63	30	28	31	97	32	12	33	33	34	55	35	18	36	89	37	33	38	84	39	27	40	46	41	13	42	77	43	47	44	18	45	78	46	13	47	25	48	17	49	76	
	0	55	1	82	2	48	3	99	4	34	5	28	6	58	7	23	8	13	9	12	10	34	11	35	12	80	13	50	14	17	15	94	16	41	17	36	18	17	19	17	20	95	21	22	22	33	23	12	24	90	25	65	26	23	27	90	28	16	29	48	30	52	31	53	32	46	33	67	34	70	35	25	36	50	37	78	38	27	39	52	40	98	41	69	42	37	43	21	44	90	45	54	46	33	47	72	48	52	49	27	
	0	18	1	48	2	69	3	73	4	23	5	87	6	10	7	90	8	87	9	98	10	79	11	77	12	39	13	69	14	95	15	85	16	91	17	59	18	57	19	24	20	62	21	80	22	73	23	14	24	31	25	28	26	74	27	78	28	23	29	30	30	68	31	53	32	22	33	77	34	61	35	16	36	49	37	46	38	92	39	89	40	60	41	14	42	59	43	99	44	10	45	19	46	10	47	86	48	32	49	24	
	0	93	1	97	2	85	3	10	4	32	5	84	6	97	7	84	8	50	9	25	10	10	11	63	12	79	13	45	14	28	15	98	16	93	17	28	18	66	19	58	20	37	21	65	22	22	23	23	24	91	25	41	26	31	27	18	28	100	29	24	30	22	31	32	32	36	33	50	34	79	35	96	36	69	37	69	38	88	39	56	40	36	41	74	42	66	43	90	44	57	45	92	46	47	47	34	48	52	49	32	
	0	78	1	43	2	78	3	40	4	63	5	69	6	74	7	19	8	94	9	17	10	91	11	82	12	27	13	62	14	80	15	93	16	40	17	92	18	99	19	99	20	87	21	41	22	85	23	55	24	62	25	22	26	75	27	12	28	43	29	48	30	59	31	12	32	11	33	18	34	43	35	90	36	76	37	52	38	39	39	64	40	49	41	76	42	46	43	41	44	55	45	17	46	74	47	39	48	79	49	99	
	0	52	1	77	2	46	3	67	4	96	5	63	6	45	7	42	8	59	9	48	10	22	11	10	12	38	13	97	14	67	15	36	16	85	17	90	18	80	19	87	20	83	21	20	22	36	23	47	24	14	25	41	26	11	27	60	28	42	29	15	30	78	31	61	32	18	33	26	34	62	35	72	36	84	37	75	38	60	39	88	40	81	41	41	42	66	43	13	44	32	45	60	46	13	47	29	48	64	49	81	
	0	55	1	53	2	22	3	25	4	61	5	17	6	46	7	60	8	12	9	59	10	83	11	22	12	21	13	75	14	53	15	29	16	50	17	86	18	24	19	59	20	21	21	45	22	17	23	96	24	19	25	92	26	15	27	45	28	67	29	39	30	72	31	83	32	41	33	73	34	78	35	87	36	94	37	61	38	66	39	37	40	32	41	62	42	98	43	14	44	35	45	39	46	40	47	15	48	64	49	48	
	0	17	1	41	2	68	3	23	4	70	5	69	6	94	7	29	8	44	9	25	10	58	11	84	12	16	13	70	14	99	15	43	16	33	17	22	18	10	19	39	20	90	21	69	22	89	23	23	24	31	25	64	26	38	27	61	28	76	29	74	30	63	31	51	32	46	33	86	34	53	35	71	36	28	37	44	38	57	39	90	40	18	41	69	42	98	43	31	44	18	45	71	46	50	47	77	48	94	49	71	
	0	96	1	54	2	34	3	62	4	42	5	80	6	10	7	51	8	81	9	75	10	97	11	42	12	11	13	62	14	99	15	38	16	47	17	67	18	55	19	36	20	26	21	69	22	93	23	33	24	29	25	43	26	90	27	37	28	86	29	42	30	35	31	30	32	85	33	57	34	46	35	11	36	14	37	29	38	51	39	33	40	92	41	55	42	47	43	52	44	28	45	75	46	78	47	100	48	91	49	18	
	0	86	1	22	2	11	3	60	4	58	5	69	6	21	7	77	8	18	9	14	10	72	11	34	12	35	13	67	14	20	15	81	16	97	17	53	18	93	19	56	20	90	21	40	22	64	23	30	24	50	25	95	26	11	27	67	28	73	29	22	30	95	31	26	32	90	33	91	34	59	35	11	36	38	37	28	38	69	39	82	40	14	41	16	42	68	43	45	44	55	45	32	46	53	47	62	48	32	49	52	
	0	36	1	40	2	51	3	65	4	96	5	89	6	84	7	83	8	30	9	77	10	25	11	19	12	49	13	46	14	99	15	71	16	56	17	90	18	85	19	82	20	32	21	42	22	60	23	13	24	29	25	28	26	78	27	25	28	83	29	20	30	68	31	62	32	99	33	41	34	26	35	65	36	42	37	68	38	12	39	61	40	79	41	66	42	98	43	66	44	63	45	69	46	10	47	16	48	64	49	65	
	0	56	1	59	2	30	3	67	4	62	5	42	6	54	7	62	8	28	9	75	10	11	11	25	12	24	13	19	14	40	15	11	16	99	17	71	18	38	19	50	20	24	21	64	22	15	23	87	24	18	25	54	26	44	27	81	28	98	29	63	30	42	31	49	32	29	33	96	34	56	35	45	36	21	37	17	38	12	39	43	40	23	41	23	42	60	43	100	44	16	45	93	46	34	47	75	48	45	49	76	
	0	80	1	92	2	61	3	77	4	95	5	59	6	56	7	69	8	98	9	19	10	89	11	79	12	27	13	23	14	36	15	83	16	17	17	30	18	52	19	37	20	23	21	57	22	97	23	57	24	18	25	83	26	20	27	53	28	18	29	29	30	23	31	51	32	29	33	50	34	38	35	18	36	33	37	50	38	50	39	45	40	95	41	70	42	58	43	17	44	74	45	36	46	65	47	35	48	47	49	86	
	0	72	1	89	2	74	3	24	4	14	5	77	6	70	7	36	8	13	9	78	10	38	11	70	12	80	13	97	14	100	15	27	16	77	17	89	18	37	19	92	20	29	21	53	22	33	23	89	24	33	25	44	26	48	27	39	28	87	29	86	30	60	31	88	32	67	33	50	34	90	35	44	36	92	37	69	38	89	39	64	40	44	41	17	42	26	43	44	44	28	45	93	46	82	47	68	48	73	49	18	
	0	55	1	68	2	35	3	88	4	56	5	76	6	32	7	84	8	63	9	32	10	76	11	33	12	25	13	24	14	43	15	45	16	64	17	94	18	41	19	88	20	51	21	43	22	92	23	69	24	46	25	80	26	85	27	59	28	49	29	49	30	31	31	11	32	79	33	26	34	74	35	40	36	27	37	38	38	39	39	94	40	82	41	35	42	43	43	56	44	81	45	66	46	48	47	29	48	93	49	83	
	0	52	1	30	2	25	3	70	4	53	5	37	6	88	7	44	8	12	9	52	10	39	11	68	12	73	13	90	14	10	15	48	16	87	17	54	18	39	19	14	20	87	21	68	22	22	23	81	24	94	25	85	26	60	27	66	28	43	29	76	30	41	31	85	32	74	33	11	34	11	35	70	36	18	37	95	38	53	39	77	40	64	41	72	42	15	43	89	44	14	45	12	46	13	47	77	48	15	49	15	
	0	57	1	41	2	40	3	29	4	77	5	54	6	24	7	52	8	25	9	98	10	39	11	15	12	60	13	57	14	59	15	49	16	47	17	84	18	84	19	78	20	68	21	37	22	47	23	41	24	45	25	64	26	20	27	15	28	100	29	11	30	17	31	94	32	100	33	81	34	24	35	39	36	22	37	47	38	42	39	76	40	10	41	100	42	50	43	86	44	13	45	81	46	43	47	63	48	72	49	61	
	0	58	1	61	2	33	3	39	4	38	5	49	6	74	7	41	8	95	9	25	10	33	11	25	12	65	13	86	14	40	15	38	16	80	17	32	18	17	19	90	20	19	21	14	22	40	23	82	24	30	25	11	26	100	27	66	28	43	29	21	30	54	31	68	32	11	33	24	34	55	35	32	36	99	37	14	38	19	39	90	40	30	41	67	42	100	43	90	44	12	45	50	46	16	47	16	48	41	49	46	
	0	33	1	91	2	26	3	25	4	22	5	25	6	11	7	88	8	79	9	23	10	57	11	84	12	43	13	26	14	34	15	93	16	78	17	79	18	95	19	93	20	17	21	74	22	36	23	53	24	31	25	92	26	100	27	16	28	39	29	66	30	91	31	83	32	84	33	73	34	33	35	56	36	75	37	11	38	24	39	81	40	23	41	39	42	40	43	49	44	32	45	36	46	95	47	81	48	99	49	90	
	0	73	1	44	2	80	3	18	4	96	5	73	6	48	7	88	8	30	9	38	10	34	11	61	12	21	13	50	14	45	15	21	16	27	17	99	18	63	19	10	20	41	21	61	22	29	23	19	24	82	25	50	26	53	27	32	28	26	29	56	30	11	31	99	32	40	33	26	34	59	35	30	36	83	37	45	38	66	39	51	40	68	41	70	42	91	43	15	44	53	45	14	46	75	47	87	48	36	49	81	
	0	41	1	44	2	85	3	78	4	86	5	36	6	13	7	16	8	27	9	14	10	75	11	81	12	26	13	93	14	100	15	84	16	60	17	98	18	82	19	88	20	97	21	13	22	30	23	97	24	94	25	84	26	59	27	38	28	64	29	87	30	55	31	70	32	99	33	29	34	64	35	23	36	16	37	68	38	41	39	87	40	79	41	41	42	20	43	33	44	98	45	80	46	21	47	93	48	13	49	15	
	0	72	1	60	2	39	3	19	4	24	5	78	6	76	7	84	8	55	9	17	10	98	11	55	12	74	13	71	14	28	15	42	16	25	17	63	18	14	19	52	20	60	21	31	22	74	23	33	24	61	25	63	26	71	27	36	28	80	29	70	30	15	31	41	32	99	33	66	34	35	35	95	36	13	37	65	38	62	39	80	40	66	41	49	42	50	43	84	44	56	45	65	46	90	47	16	48	16	49	49	
	0	30	1	17	2	68	3	18	4	42	5	70	6	93	7	67	8	74	9	19	10	20	11	93	12	45	13	12	14	69	15	59	16	53	17	91	18	90	19	41	20	38	21	89	22	36	23	29	24	18	25	41	26	26	27	90	28	93	29	81	30	37	31	26	32	28	33	64	34	77	35	82	36	87	37	41	38	48	39	56	40	28	41	86	42	56	43	50	44	20	45	26	46	30	47	86	48	71	49	95	
	0	12	1	34	2	48	3	66	4	19	5	36	6	78	7	66	8	15	9	68	10	40	11	16	12	95	13	60	14	27	15	53	16	14	17	63	18	36	19	28	20	100	21	17	22	77	23	75	24	38	25	15	26	93	27	58	28	62	29	65	30	82	31	99	32	98	33	53	34	90	35	14	36	43	37	44	38	38	39	32	40	60	41	73	42	91	43	61	44	38	45	38	46	50	47	53	48	90	49	60	
	0	75	1	17	2	94	3	30	4	83	5	75	6	36	7	70	8	70	9	61	10	26	11	56	12	55	13	83	14	62	15	80	16	73	17	97	18	63	19	27	20	32	21	78	22	59	23	65	24	26	25	93	26	35	27	82	28	15	29	22	30	76	31	95	32	33	33	78	34	56	35	68	36	52	37	87	38	100	39	20	40	62	41	49	42	14	43	70	44	16	45	21	46	51	47	30	48	84	49	63	
	0	42	1	67	2	57	3	15	4	48	5	58	6	87	7	57	8	95	9	37	10	15	11	94	12	18	13	72	14	35	15	18	16	24	17	39	18	69	19	30	20	68	21	84	22	83	23	91	24	74	25	71	26	58	27	39	28	96	29	30	30	28	31	29	32	95	33	20	34	11	35	97	36	93	37	91	38	84	39	31	40	64	41	14	42	61	43	15	44	38	45	62	46	11	47	17	48	52	49	37	
	0	90	1	70	2	14	3	91	4	27	5	38	6	37	7	57	8	82	9	42	10	32	11	93	12	73	13	71	14	25	15	78	16	29	17	77	18	27	19	54	20	52	21	30	22	10	23	82	24	88	25	96	26	11	27	92	28	48	29	27	30	48	31	33	32	59	33	16	34	33	35	53	36	32	37	20	38	17	39	70	40	17	41	25	42	48	43	76	44	39	45	51	46	96	47	76	48	73	49	94	
	0	17	1	63	2	99	3	74	4	46	5	77	6	26	7	100	8	18	9	90	10	50	11	93	12	74	13	54	14	77	15	88	16	97	17	60	18	82	19	63	20	48	21	48	22	23	23	64	24	35	25	52	26	83	27	93	28	55	29	84	30	91	31	70	32	84	33	16	34	29	35	44	36	89	37	14	38	57	39	28	40	57	41	65	42	24	43	87	44	63	45	30	46	74	47	20	48	56	49	13	
	0	79	1	32	2	73	3	45	4	49	5	51	6	48	7	98	8	94	9	74	10	51	11	61	12	82	13	85	14	18	15	41	16	96	17	72	18	53	19	39	20	90	21	58	22	99	23	94	24	34	25	57	26	28	27	96	28	29	29	53	30	31	31	85	32	80	33	21	34	33	35	41	36	95	37	59	38	99	39	90	40	67	41	96	42	30	43	29	44	75	45	88	46	65	47	25	48	75	49	34	
	0	59	1	19	2	14	3	29	4	26	5	61	6	97	7	10	8	97	9	22	10	38	11	81	12	96	13	68	14	29	15	80	16	59	17	49	18	17	19	18	20	29	21	45	22	15	23	74	24	52	25	35	26	96	27	88	28	26	29	97	30	21	31	99	32	18	33	27	34	24	35	55	36	15	37	21	38	48	39	41	40	91	41	91	42	55	43	73	44	71	45	38	46	82	47	50	48	53	49	69	
	0	37	1	13	2	49	3	88	4	38	5	28	6	82	7	52	8	33	9	85	10	95	11	89	12	87	13	76	14	27	15	77	16	80	17	34	18	62	19	18	20	47	21	28	22	90	23	35	24	80	25	66	26	30	27	87	28	74	29	61	30	59	31	67	32	57	33	63	34	20	35	19	36	81	37	36	38	66	39	13	40	11	41	17	42	67	43	25	44	32	45	13	46	25	47	12	48	28	49	24	
	0	47	1	83	2	84	3	69	4	89	5	68	6	82	7	31	8	19	9	69	10	95	11	82	12	81	13	71	14	21	15	17	16	25	17	52	18	73	19	89	20	44	21	73	22	80	23	66	24	13	25	85	26	33	27	71	28	65	29	73	30	97	31	62	32	95	33	77	34	73	35	21	36	76	37	98	38	66	39	35	40	76	41	89	42	52	43	64	44	25	45	58	46	18	47	100	48	33	49	99	
	0	71	1	86	2	99	3	44	4	26	5	17	6	79	7	74	8	22	9	81	10	89	11	28	12	36	13	70	14	58	15	82	16	71	17	78	18	97	19	12	20	13	21	30	22	44	23	84	24	81	25	56	26	56	27	68	28	50	29	33	30	23	31	99	32	81	33	76	34	24	35	83	36	53	37	14	38	66	39	36	40	91	41	56	42	100	43	66	44	96	45	23	46	76	47	93	48	74	49	49	
	0	83	1	38	2	87	3	24	4	32	5	61	6	93	7	48	8	82	9	100	10	72	11	61	12	59	13	16	14	32	15	27	16	85	17	57	18	79	19	71	20	72	21	69	22	61	23	91	24	98	25	54	26	89	27	65	28	19	29	76	30	97	31	35	32	25	33	92	34	59	35	55	36	98	37	100	38	47	39	61	40	50	41	33	42	61	43	70	44	52	45	35	46	74	47	45	48	55	49	89	
	0	81	1	10	2	93	3	97	4	89	5	86	6	75	7	36	8	28	9	37	10	24	11	85	12	18	13	11	14	48	15	40	16	18	17	67	18	30	19	38	20	52	21	80	22	81	23	63	24	62	25	60	26	15	27	75	28	76	29	28	30	93	31	62	32	50	33	59	34	63	35	99	36	20	37	27	38	10	39	34	40	64	41	78	42	53	43	19	44	44	45	23	46	45	47	97	48	31	49	77	
	0	91	1	79	2	49	3	64	4	31	5	47	6	45	7	32	8	98	9	28	10	95	11	70	12	31	13	22	14	65	15	60	16	65	17	66	18	56	19	76	20	85	21	21	22	93	23	58	24	22	25	36	26	83	27	19	28	40	29	13	30	39	31	89	32	97	33	40	34	55	35	88	36	90	37	52	38	75	39	91	40	65	41	61	42	97	43	69	44	45	45	33	46	19	47	95	48	25	49	58	
	0	79	1	80	2	79	3	30	4	28	5	31	6	63	7	89	8	63	9	19	10	92	11	31	12	11	13	75	14	12	15	86	16	53	17	12	18	51	19	96	20	84	21	25	22	54	23	48	24	75	25	55	26	37	27	94	28	21	29	30	30	66	31	11	32	66	33	21	34	36	35	38	36	67	37	60	38	44	39	76	40	13	41	47	42	74	43	72	44	90	45	42	46	64	47	37	48	31	49	81	
	0	54	1	20	2	24	3	80	4	58	5	77	6	56	7	89	8	59	9	92	10	87	11	17	12	67	13	75	14	69	15	38	16	50	17	46	18	91	19	69	20	56	21	80	22	53	23	80	24	71	25	32	26	76	27	59	28	86	29	24	30	72	31	58	32	73	33	48	34	39	35	96	36	93	37	54	38	95	39	13	40	54	41	85	42	24	43	56	44	18	45	98	46	97	47	68	48	10	49	100	
	0	40	1	40	2	24	3	72	4	26	5	62	6	28	7	56	8	15	9	23	10	66	11	90	12	62	13	17	14	93	15	21	16	62	17	85	18	64	19	94	20	51	21	49	22	82	23	47	24	72	25	97	26	32	27	13	28	93	29	71	30	38	31	83	32	53	33	47	34	15	35	20	36	84	37	80	38	89	39	84	40	21	41	22	42	17	43	84	44	24	45	37	46	98	47	26	48	24	49	35	
	0	86	1	88	2	77	3	14	4	33	5	100	6	72	7	40	8	16	9	48	10	78	11	48	12	21	13	35	14	62	15	44	16	58	17	19	18	24	19	46	20	19	21	91	22	71	23	38	24	14	25	23	26	62	27	26	28	97	29	24	30	29	31	92	32	21	33	20	34	82	35	70	36	84	37	81	38	85	39	50	40	48	41	12	42	99	43	43	44	61	45	84	46	79	47	81	48	72	49	44	
	0	16	1	85	2	53	3	95	4	25	5	67	6	16	7	93	8	34	9	98	10	72	11	51	12	61	13	82	14	32	15	83	16	69	17	89	18	89	19	18	20	54	21	87	22	86	23	100	24	28	25	54	26	84	27	60	28	10	29	14	30	51	31	81	32	54	33	99	34	36	35	67	36	40	37	79	38	24	39	76	40	94	41	45	42	13	43	54	44	95	45	20	46	75	47	38	48	19	49	40	
	0	62	1	45	2	77	3	76	4	42	5	50	6	59	7	65	8	16	9	63	10	26	11	89	12	39	13	10	14	45	15	93	16	58	17	30	18	65	19	78	20	43	21	90	22	35	23	98	24	61	25	52	26	69	27	57	28	29	29	72	30	55	31	83	32	31	33	16	34	58	35	39	36	88	37	78	38	64	39	86	40	70	41	45	42	14	43	61	44	99	45	22	46	96	47	66	48	68	49	76	
	0	93	1	19	2	74	3	25	4	90	5	57	6	73	7	88	8	88	9	48	10	82	11	49	12	74	13	28	14	19	15	78	16	37	17	43	18	31	19	81	20	35	21	90	22	76	23	50	24	97	25	75	26	86	27	81	28	91	29	11	30	66	31	93	32	32	33	37	34	65	35	84	36	59	37	14	38	72	39	91	40	10	41	33	42	67	43	33	44	32	45	38	46	88	47	12	48	47	49	22	
	0	32	1	54	2	39	3	99	4	71	5	82	6	81	7	33	8	26	9	93	10	42	11	40	12	41	13	68	14	58	15	64	16	22	17	45	18	59	19	100	20	12	21	58	22	38	23	20	24	74	25	75	26	82	27	48	28	41	29	95	30	42	31	53	32	23	33	39	34	98	35	58	36	57	37	43	38	26	39	95	40	96	41	100	42	19	43	51	44	12	45	34	46	30	47	50	48	71	49	88	
	0	82	1	29	2	92	3	15	4	23	5	40	6	36	7	85	8	42	9	53	10	100	11	92	12	92	13	37	14	55	15	43	16	98	17	91	18	52	19	95	20	46	21	16	22	35	23	21	24	71	25	43	26	60	27	78	28	88	29	96	30	27	31	52	32	100	33	14	34	19	35	11	36	88	37	11	38	86	39	32	40	54	41	95	42	26	43	71	44	79	45	63	46	86	47	81	48	23	49	100	
	0	77	1	31	2	91	3	28	4	99	5	97	6	12	7	94	8	96	9	63	10	14	11	87	12	51	13	92	14	19	15	100	16	50	17	70	18	21	19	41	20	95	21	25	22	29	23	43	24	96	25	61	26	49	27	46	28	11	29	69	30	76	31	99	32	75	33	74	34	53	35	66	36	21	37	84	38	24	39	54	40	86	41	50	42	19	43	17	44	38	45	39	46	41	47	17	48	66	49	85	
	0	96	1	86	2	44	3	41	4	16	5	90	6	76	7	11	8	87	9	82	10	72	11	11	12	50	13	74	14	64	15	71	16	83	17	21	18	34	19	43	20	14	21	89	22	21	23	59	24	26	25	24	26	94	27	86	28	25	29	58	30	45	31	91	32	18	33	57	34	73	35	90	36	80	37	80	38	15	39	54	40	51	41	46	42	89	43	41	44	82	45	12	46	89	47	70	48	37	49	55	
	0	71	1	91	2	38	3	25	4	94	5	100	6	41	7	55	8	48	9	55	10	23	11	76	12	76	13	97	14	58	15	100	16	79	17	63	18	44	19	48	20	24	21	94	22	65	23	54	24	56	25	46	26	81	27	12	28	92	29	28	30	45	31	68	32	14	33	38	34	33	35	21	36	55	37	59	38	41	39	97	40	93	41	21	42	87	43	71	44	39	45	36	46	70	47	31	48	80	49	82	
	0	81	1	89	2	94	3	20	4	64	5	84	6	45	7	45	8	29	9	71	10	73	11	78	12	13	13	82	14	58	15	32	16	77	17	57	18	13	19	34	20	31	21	26	22	10	23	64	24	20	25	45	26	58	27	51	28	25	29	23	30	78	31	85	32	34	33	12	34	82	35	19	36	47	37	31	38	42	39	12	40	14	41	51	42	44	43	38	44	46	45	46	46	58	47	56	48	58	49	56	
	0	49	1	91	2	23	3	62	4	97	5	28	6	43	7	97	8	30	9	90	10	41	11	88	12	11	13	60	14	34	15	32	16	74	17	44	18	48	19	23	20	37	21	22	22	87	23	81	24	89	25	64	26	97	27	19	28	96	29	10	30	14	31	17	32	96	33	73	34	85	35	76	36	61	37	38	38	72	39	23	40	62	41	69	42	14	43	28	44	94	45	28	46	96	47	90	48	20	49	87	
	0	15	1	79	2	96	3	96	4	92	5	85	6	89	7	26	8	39	9	73	10	52	11	91	12	59	13	20	14	86	15	72	16	79	17	98	18	29	19	72	20	92	21	34	22	21	23	64	24	76	25	76	26	35	27	98	28	26	29	31	30	18	31	15	32	85	33	36	34	38	35	59	36	92	37	88	38	51	39	41	40	96	41	41	42	28	43	45	44	22	45	28	46	13	47	77	48	29	49	90	
	0	70	1	48	2	82	3	98	4	96	5	13	6	93	7	34	8	55	9	66	10	27	11	67	12	94	13	75	14	18	15	98	16	76	17	61	18	67	19	88	20	21	21	47	22	99	23	71	24	68	25	12	26	70	27	25	28	90	29	56	30	73	31	99	32	18	33	79	34	74	35	93	36	39	37	95	38	49	39	24	40	58	41	22	42	96	43	76	44	61	45	59	46	57	47	46	48	52	49	73	
	0	78	1	20	2	60	3	84	4	43	5	88	6	78	7	71	8	11	9	36	10	48	11	94	12	66	13	94	14	65	15	37	16	25	17	30	18	60	19	80	20	12	21	29	22	37	23	63	24	33	25	83	26	10	27	47	28	54	29	49	30	71	31	90	32	48	33	89	34	40	35	16	36	52	37	100	38	42	39	68	40	97	41	57	42	66	43	77	44	50	45	40	46	61	47	69	48	99	49	38	
	0	81	1	47	2	22	3	33	4	17	5	15	6	96	7	61	8	28	9	90	10	87	11	57	12	25	13	57	14	63	15	99	16	62	17	77	18	37	19	45	20	58	21	26	22	30	23	26	24	55	25	67	26	91	27	31	28	50	29	80	30	28	31	73	32	28	33	53	34	80	35	77	36	71	37	57	38	70	39	83	40	16	41	51	42	52	43	33	44	66	45	82	46	19	47	25	48	82	49	39	
	0	33	1	97	2	80	3	47	4	45	5	21	6	10	7	12	8	87	9	11	10	17	11	85	12	37	13	83	14	42	15	24	16	93	17	91	18	64	19	86	20	84	21	99	22	63	23	18	24	17	25	55	26	11	27	23	28	44	29	22	30	51	31	34	32	19	33	40	34	45	35	70	36	79	37	48	38	10	39	44	40	69	41	95	42	20	43	28	44	93	45	12	46	40	47	30	48	95	49	46	
	0	63	1	88	2	52	3	64	4	71	5	61	6	92	7	94	8	62	9	23	10	43	11	71	12	57	13	78	14	50	15	35	16	88	17	76	18	86	19	44	20	11	21	35	22	49	23	29	24	21	25	38	26	85	27	39	28	64	29	32	30	77	31	63	32	51	33	10	34	73	35	28	36	18	37	14	38	91	39	17	40	42	41	48	42	98	43	100	44	35	45	43	46	43	47	100	48	66	49	83	
	0	42	1	21	2	15	3	39	4	38	5	48	6	79	7	44	8	97	9	50	10	67	11	13	12	29	13	61	14	86	15	82	16	50	17	70	18	15	19	37	20	66	21	13	22	96	23	10	24	79	25	17	26	88	27	58	28	48	29	17	30	96	31	25	32	71	33	52	34	27	35	29	36	13	37	87	38	36	39	57	40	45	41	45	42	47	43	85	44	68	45	92	46	84	47	16	48	70	49	96	
	0	95	1	23	2	40	3	45	4	33	5	92	6	85	7	90	8	19	9	39	10	96	11	69	12	98	13	10	14	36	15	15	16	18	17	59	18	62	19	73	20	11	21	39	22	18	23	16	24	12	25	11	26	59	27	79	28	69	29	55	30	90	31	44	32	26	33	18	34	76	35	35	36	94	37	33	38	87	39	72	40	81	41	81	42	32	43	25	44	38	45	62	46	32	47	71	48	11	49	71	
	0	91	1	80	2	94	3	32	4	64	5	53	6	96	7	44	8	53	9	45	10	56	11	17	12	28	13	37	14	22	15	89	16	12	17	85	18	19	19	72	20	37	21	59	22	90	23	74	24	86	25	53	26	54	27	49	28	82	29	90	30	29	31	20	32	50	33	37	34	92	35	73	36	12	37	100	38	31	39	88	40	26	41	80	42	40	43	49	44	40	45	79	46	31	47	26	48	99	49	83	
	0	15	1	10	2	13	3	93	4	30	5	40	6	64	7	20	8	59	9	34	10	62	11	65	12	25	13	17	14	21	15	76	16	36	17	86	18	71	19	86	20	14	21	48	22	27	23	43	24	10	25	18	26	29	27	60	28	91	29	25	30	10	31	26	32	86	33	21	34	97	35	51	36	80	37	48	38	56	39	64	40	82	41	28	42	65	43	81	44	52	45	20	46	75	47	95	48	60	49	38	
	0	69	1	51	2	88	3	59	4	20	5	99	6	32	7	31	8	66	9	41	10	48	11	94	12	31	13	27	14	92	15	84	16	58	17	31	18	62	19	73	20	79	21	71	22	51	23	48	24	22	25	43	26	32	27	64	28	96	29	84	30	72	31	87	32	62	33	86	34	22	35	63	36	10	37	42	38	42	39	16	40	94	41	96	42	98	43	88	44	16	45	23	46	61	47	54	48	81	49	90	
	0	89	1	60	2	13	3	47	4	27	5	62	6	86	7	82	8	65	9	89	10	56	11	63	12	95	13	80	14	100	15	47	16	26	17	100	18	99	19	89	20	60	21	33	22	74	23	35	24	59	25	78	26	93	27	52	28	73	29	37	30	27	31	24	32	50	33	95	34	51	35	43	36	57	37	90	38	65	39	72	40	15	41	41	42	15	43	31	44	25	45	99	46	11	47	24	48	47	49	46	
	0	100	1	69	2	77	3	27	4	13	5	49	6	16	7	28	8	93	9	91	10	83	11	89	12	55	13	77	14	98	15	47	16	48	17	13	18	18	19	91	20	100	21	26	22	43	23	11	24	38	25	22	26	53	27	40	28	15	29	85	30	85	31	22	32	12	33	32	34	11	35	90	36	71	37	88	38	86	39	12	40	79	41	57	42	24	43	80	44	25	45	55	46	66	47	50	48	47	49	78	
	0	22	1	42	2	49	3	31	4	36	5	51	6	91	7	83	8	22	9	26	10	87	11	98	12	15	13	84	14	74	15	99	16	52	17	38	18	22	19	20	20	54	21	97	22	38	23	100	24	31	25	71	26	24	27	54	28	93	29	60	30	42	31	91	32	70	33	61	34	62	35	13	36	17	37	44	38	23	39	27	40	39	41	20	42	82	43	24	44	12	45	43	46	26	47	43	48	41	49	15	
	0	12	1	44	2	43	3	99	4	63	5	22	6	99	7	58	8	45	9	48	10	68	11	45	12	83	13	58	14	95	15	33	16	84	17	86	18	88	19	60	20	30	21	26	22	96	23	67	24	44	25	18	26	35	27	96	28	52	29	83	30	26	31	37	32	90	33	52	34	40	35	48	36	66	37	46	38	32	39	91	40	94	41	79	42	28	43	63	44	11	45	10	46	33	47	76	48	31	49	20	
	0	83	1	17	2	95	3	95	4	83	5	39	6	81	7	76	8	100	9	17	10	11	11	39	12	30	13	59	14	77	15	15	16	51	17	73	18	59	19	13	20	83	21	94	22	96	23	31	24	67	25	63	26	11	27	56	28	96	29	70	30	27	31	71	32	76	33	41	34	66	35	75	36	49	37	89	38	35	39	51	40	34	41	53	42	57	43	51	44	86	45	15	46	29	47	99	48	41	49	15	
	0	15	1	77	2	95	3	84	4	65	5	54	6	49	7	35	8	30	9	60	10	28	11	17	12	64	13	46	14	22	15	11	16	11	17	38	18	88	19	47	20	89	21	90	22	85	23	68	24	42	25	73	26	27	27	24	28	59	29	56	30	86	31	12	32	77	33	32	34	100	35	84	36	22	37	22	38	98	39	43	40	52	41	84	42	63	43	27	44	94	45	65	46	20	47	98	48	23	49	25	
	0	24	1	31	2	22	3	19	4	93	5	34	6	98	7	80	8	62	9	59	10	99	11	24	12	30	13	44	14	31	15	78	16	85	17	33	18	14	19	13	20	25	21	70	22	36	23	35	24	40	25	15	26	24	27	63	28	43	29	14	30	58	31	23	32	60	33	55	34	48	35	39	36	56	37	25	38	43	39	44	40	97	41	96	42	85	43	93	44	61	45	13	46	18	47	79	48	48	49	65	
	0	79	1	93	2	79	3	35	4	42	5	63	6	96	7	16	8	17	9	32	10	29	11	75	12	82	13	17	14	91	15	31	16	97	17	67	18	52	19	74	20	19	21	37	22	44	23	89	24	84	25	19	26	70	27	74	28	51	29	87	30	93	31	62	32	69	33	39	34	44	35	19	36	29	37	87	38	92	39	80	40	33	41	26	42	31	43	13	44	88	45	15	46	51	47	34	48	32	49	39	
	0	27	1	72	2	30	3	96	4	45	5	37	6	49	7	27	8	16	9	91	10	78	11	75	12	90	13	82	14	88	15	23	16	84	17	83	18	29	19	15	20	92	21	61	22	50	23	50	24	41	25	69	26	85	27	95	28	61	29	74	30	81	31	15	32	78	33	69	34	48	35	30	36	17	37	16	38	41	39	18	40	87	41	22	42	67	43	24	44	23	45	40	46	89	47	77	48	21	49	44	
	0	39	1	69	2	12	3	19	4	63	5	91	6	40	7	38	8	98	9	69	10	81	11	28	12	35	13	77	14	57	15	24	16	75	17	48	18	90	19	78	20	88	21	34	22	45	23	52	24	16	25	75	26	22	27	50	28	41	29	35	30	93	31	50	32	86	33	74	34	87	35	19	36	59	37	46	38	59	39	70	40	95	41	51	42	63	43	61	44	11	45	42	46	94	47	24	48	25	49	59	
	0	71	1	68	2	39	3	79	4	67	5	100	6	95	7	54	8	19	9	37	10	39	11	63	12	77	13	39	14	23	15	14	16	64	17	53	18	36	19	100	20	12	21	33	22	90	23	21	24	56	25	25	26	34	27	30	28	93	29	93	30	17	31	37	32	96	33	22	34	95	35	41	36	88	37	23	38	45	39	71	40	58	41	24	42	41	43	31	44	43	45	19	46	50	47	41	48	43	49	11	
	0	63	1	51	2	62	3	42	4	13	5	19	6	61	7	60	8	68	9	48	10	14	11	11	12	78	13	85	14	72	15	32	16	94	17	65	18	63	19	57	20	51	21	90	22	80	23	79	24	39	25	61	26	84	27	51	28	76	29	83	30	36	31	92	32	10	33	12	34	75	35	24	36	96	37	46	38	89	39	92	40	61	41	68	42	86	43	90	44	25	45	99	46	66	47	84	48	97	49	20	
	0	23	1	14	2	34	3	88	4	14	5	96	6	10	7	16	8	42	9	68	10	54	11	52	12	82	13	38	14	68	15	64	16	38	17	12	18	46	19	30	20	90	21	25	22	50	23	94	24	50	25	98	26	24	27	91	28	40	29	77	30	30	31	53	32	10	33	49	34	52	35	78	36	83	37	12	38	65	39	88	40	13	41	87	42	12	43	94	44	31	45	21	46	50	47	51	48	33	49	25	
	0	83	1	46	2	90	3	41	4	19	5	82	6	20	7	26	8	68	9	29	10	89	11	55	12	67	13	49	14	96	15	29	16	94	17	13	18	67	19	38	20	97	21	52	22	29	23	67	24	12	25	89	26	13	27	65	28	82	29	28	30	98	31	14	32	71	33	72	34	77	35	55	36	49	37	99	38	46	39	95	40	89	41	17	42	85	43	46	44	94	45	11	46	88	47	70	48	83	49	32	
	0	21	1	16	2	46	3	79	4	58	5	15	6	53	7	76	8	69	9	46	10	20	11	21	12	95	13	56	14	78	15	90	16	81	17	62	18	86	19	24	20	28	21	96	22	42	23	75	24	17	25	86	26	60	27	23	28	78	29	37	30	86	31	15	32	49	33	53	34	59	35	11	36	66	37	59	38	78	39	41	40	16	41	10	42	88	43	20	44	46	45	19	46	63	47	89	48	68	49	99	
	0	34	1	52	2	91	3	77	4	98	5	31	6	46	7	14	8	45	9	27	10	47	11	70	12	53	13	77	14	19	15	72	16	14	17	27	18	24	19	73	20	79	21	27	22	48	23	13	24	13	25	24	26	27	27	68	28	32	29	48	30	14	31	92	32	71	33	38	34	87	35	11	36	33	37	77	38	48	39	96	40	64	41	99	42	33	43	16	44	70	45	100	46	20	47	39	48	68	49	58	
	0	48	1	32	2	13	3	60	4	63	5	63	6	70	7	40	8	90	9	23	10	30	11	54	12	52	13	32	14	76	15	28	16	96	17	84	18	61	19	75	20	57	21	20	22	72	23	32	24	56	25	32	26	41	27	37	28	54	29	69	30	73	31	87	32	78	33	93	34	88	35	60	36	85	37	40	38	95	39	92	40	91	41	27	42	19	43	23	44	79	45	53	46	49	47	45	48	19	49	10	
	0	64	1	32	2	89	3	12	4	95	5	94	6	29	7	43	8	56	9	96	10	65	11	38	12	24	13	93	14	96	15	33	16	26	17	85	18	44	19	19	20	63	21	95	22	32	23	91	24	83	25	66	26	96	27	38	28	33	29	46	30	47	31	84	32	23	33	47	34	88	35	58	36	49	37	97	38	23	39	78	40	61	41	84	42	87	43	86	44	25	45	91	46	45	47	33	48	33	49	20	
	0	87	1	71	2	89	3	45	4	22	5	46	6	97	7	31	8	71	9	89	10	46	11	24	12	65	13	24	14	37	15	38	16	77	17	29	18	37	19	26	20	99	21	58	22	46	23	84	24	72	25	59	26	62	27	89	28	32	29	61	30	12	31	93	32	99	33	10	34	67	35	33	36	28	37	36	38	23	39	46	40	48	41	93	42	76	43	40	44	90	45	36	46	29	47	13	48	22	49	19	
	0	31	1	36	2	10	3	31	4	29	5	32	6	82	7	100	8	33	9	57	10	68	11	25	12	25	13	64	14	13	15	36	16	95	17	22	18	15	19	85	20	43	21	72	22	21	23	62	24	32	25	29	26	22	27	53	28	33	29	32	30	72	31	42	32	75	33	67	34	28	35	90	36	29	37	47	38	46	39	43	40	23	41	46	42	44	43	46	44	41	45	43	46	20	47	39	48	83	49	94	
	0	19	1	52	2	15	3	32	4	77	5	34	6	33	7	53	8	25	9	96	10	89	11	77	12	16	13	50	14	44	15	22	16	92	17	90	18	69	19	47	20	26	21	97	22	91	23	62	24	80	25	66	26	45	27	45	28	27	29	28	30	25	31	74	32	90	33	18	34	37	35	28	36	99	37	95	38	89	39	95	40	62	41	71	42	65	43	13	44	10	45	75	46	37	47	42	48	71	49	98	
	0	32	1	59	2	83	3	60	4	58	5	33	6	59	7	89	8	16	9	74	10	96	11	70	12	22	13	63	14	37	15	79	16	94	17	63	18	82	19	83	20	22	21	12	22	73	23	46	24	56	25	52	26	66	27	72	28	63	29	87	30	74	31	95	32	66	33	56	34	42	35	65	36	79	37	67	38	57	39	58	40	70	41	13	42	47	43	36	44	78	45	32	46	73	47	60	48	99	49	30	
	0	32	1	75	2	82	3	100	4	27	5	29	6	60	7	86	8	82	9	51	10	12	11	79	12	10	13	14	14	91	15	82	16	70	17	29	18	91	19	93	20	12	21	80	22	62	23	92	24	79	25	42	26	17	27	24	28	18	29	62	30	87	31	98	32	56	33	94	34	71	35	86	36	20	37	30	38	28	39	64	40	54	41	38	42	66	43	56	44	11	45	13	46	70	47	89	48	93	49	78	
	0	99	1	54	2	39	3	70	4	49	5	80	6	59	7	96	8	67	9	16	10	41	11	14	12	93	13	54	14	75	15	92	16	44	17	64	18	72	19	82	20	93	21	18	22	29	23	50	24	50	25	100	26	19	27	80	28	87	29	80	30	16	31	68	32	82	33	21	34	35	35	84	36	74	37	21	38	33	39	82	40	38	41	75	42	65	43	31	44	89	45	79	46	32	47	28	48	54	49	64	