100 50 1
50
	0	82	1	40	2	44	3	48	4	49	5	32	6	32	7	25	8	74	9	42	10	97	11	67	12	19	13	20	14	88	15	44	16	14	17	58	18	21	19	48	20	56	21	22	22	19	23	62	24	84	25	34	26	11	27	72	28	96	29	33	30	38	31	11	32	66	33	38	34	38	35	61	36	23	37	87	38	36	39	56	40	82	41	34	42	59	43	97	44	98	45	68	46	71	47	57	48	81	49	10	
	0	67	1	48	2	69	3	55	4	52	5	31	6	94	7	43	8	58	9	31	10	50	11	33	12	67	13	94	14	54	15	20	16	30	17	35	18	21	19	46	20	80	21	55	22	62	23	85	24	50	25	45	26	22	27	52	28	100	29	23	30	70	31	94	32	71	33	31	34	48	35	21	36	42	37	37	38	80	39	90	40	59	41	65	42	93	43	88	44	16	45	78	46	96	47	90	48	20	49	59	
	0	80	1	56	2	32	3	78	4	40	5	31	6	28	7	63	8	92	9	53	10	79	11	58	12	21	13	44	14	87	15	55	16	75	17	17	18	69	19	80	20	23	21	19	22	93	23	25	24	82	25	72	26	48	27	99	28	12	29	64	30	34	31	10	32	76	33	100	34	41	35	89	36	14	37	81	38	62	39	17	40	13	41	27	42	98	43	15	44	18	45	64	46	96	47	24	48	64	49	45	
	0	40	1	27	2	55	3	63	4	31	5	89	6	91	7	11	8	22	9	67	10	48	11	74	12	83	13	72	14	60	15	21	16	78	17	13	18	64	19	69	20	56	21	84	22	34	23	98	24	76	25	50	26	50	27	61	28	83	29	42	30	45	31	14	32	82	33	98	34	38	35	10	36	32	37	33	38	42	39	51	40	20	41	94	42	20	43	100	44	94	45	47	46	94	47	84	48	97	49	82	
	0	21	1	80	2	55	3	34	4	47	5	13	6	51	7	49	8	69	9	43	10	55	11	42	12	42	13	19	14	42	15	82	16	34	17	59	18	16	19	25	20	42	21	89	22	40	23	63	24	52	25	40	26	46	27	27	28	70	29	21	30	20	31	22	32	72	33	39	34	69	35	46	36	49	37	70	38	37	39	35	40	28	41	33	42	91	43	71	44	19	45	92	46	53	47	60	48	75	49	17	
	0	17	1	70	2	64	3	37	4	67	5	55	6	35	7	94	8	100	9	10	10	16	11	21	12	96	13	51	14	45	15	35	16	57	17	15	18	30	19	53	20	91	21	22	22	56	23	77	24	38	25	23	26	21	27	82	28	77	29	59	30	75	31	23	32	94	33	19	34	82	35	75	36	99	37	94	38	54	39	69	40	48	41	87	42	67	43	51	44	49	45	76	46	31	47	71	48	36	49	23	
	0	16	1	17	2	11	3	89	4	65	5	32	6	69	7	88	8	62	9	12	10	87	11	33	12	49	13	20	14	24	15	63	16	48	17	86	18	85	19	82	20	60	21	33	22	63	23	87	24	97	25	51	26	83	27	19	28	39	29	100	30	52	31	53	32	67	33	49	34	27	35	74	36	42	37	55	38	59	39	34	40	29	41	31	42	71	43	17	44	69	45	45	46	37	47	67	48	68	49	60	
	0	64	1	44	2	60	3	11	4	86	5	80	6	28	7	49	8	39	9	78	10	68	11	61	12	10	13	69	14	99	15	34	16	82	17	39	18	86	19	34	20	18	21	54	22	23	23	33	24	23	25	28	26	37	27	63	28	12	29	89	30	40	31	91	32	14	33	50	34	87	35	79	36	25	37	16	38	70	39	32	40	47	41	21	42	37	43	76	44	85	45	68	46	80	47	68	48	51	49	100	
	0	30	1	21	2	91	3	28	4	90	5	12	6	56	7	15	8	57	9	96	10	12	11	61	12	84	13	46	14	54	15	26	16	51	17	31	18	86	19	32	20	29	21	26	22	28	23	58	24	36	25	33	26	73	27	86	28	34	29	70	30	11	31	13	32	89	33	19	34	83	35	41	36	87	37	46	38	51	39	17	40	47	41	21	42	100	43	85	44	63	45	78	46	49	47	28	48	21	49	22	
	0	50	1	86	2	84	3	68	4	69	5	47	6	61	7	15	8	67	9	50	10	97	11	98	12	63	13	36	14	58	15	79	16	81	17	17	18	74	19	71	20	57	21	54	22	11	23	48	24	69	25	50	26	14	27	35	28	47	29	22	30	98	31	100	32	20	33	52	34	66	35	29	36	63	37	64	38	66	39	59	40	46	41	54	42	15	43	39	44	72	45	12	46	45	47	12	48	60	49	45	
	0	90	1	36	2	96	3	61	4	32	5	39	6	82	7	76	8	47	9	43	10	23	11	58	12	14	13	80	14	46	15	20	16	73	17	48	18	60	19	19	20	57	21	42	22	19	23	45	24	80	25	79	26	100	27	71	28	57	29	97	30	14	31	35	32	91	33	67	34	25	35	70	36	73	37	71	38	87	39	28	40	52	41	64	42	65	43	84	44	28	45	59	46	58	47	55	48	84	49	22	
	0	90	1	62	2	75	3	44	4	77	5	63	6	81	7	70	8	34	9	87	10	99	11	13	12	36	13	85	14	43	15	29	16	11	17	36	18	69	19	37	20	38	21	70	22	83	23	20	24	89	25	89	26	72	27	84	28	82	29	44	30	73	31	20	32	16	33	68	34	15	35	17	36	71	37	33	38	31	39	86	40	97	41	51	42	68	43	64	44	79	45	57	46	77	47	14	48	92	49	31	
	0	57	1	49	2	58	3	25	4	46	5	58	6	29	7	61	8	92	9	10	10	15	11	22	12	24	13	41	14	57	15	65	16	15	17	46	18	69	19	21	20	48	21	12	22	26	23	30	24	35	25	100	26	71	27	18	28	20	29	33	30	61	31	68	32	35	33	98	34	37	35	17	36	61	37	74	38	15	39	31	40	51	41	69	42	52	43	72	44	53	45	14	46	10	47	67	48	70	49	57	
	0	50	1	80	2	92	3	74	4	59	5	69	6	94	7	52	8	21	9	90	10	49	11	28	12	23	13	70	14	76	15	20	16	36	17	25	18	24	19	14	20	60	21	22	22	98	23	97	24	11	25	99	26	67	27	30	28	89	29	63	30	41	31	44	32	40	33	70	34	30	35	71	36	35	37	86	38	73	39	27	40	94	41	39	42	75	43	28	44	16	45	63	46	45	47	63	48	99	49	33	
	0	39	1	31	2	22	3	87	4	57	5	56	6	69	7	14	8	88	9	27	10	28	11	10	12	55	13	26	14	62	15	61	16	42	17	20	18	13	19	40	20	24	21	42	22	59	23	49	24	71	25	87	26	64	27	35	28	84	29	38	30	19	31	32	32	13	33	24	34	50	35	68	36	11	37	74	38	69	39	25	40	11	41	27	42	56	43	55	44	53	45	67	46	32	47	62	48	54	49	18	
	0	13	1	91	2	34	3	96	4	76	5	89	6	100	7	31	8	38	9	79	10	93	11	88	12	23	13	86	14	33	15	64	16	18	17	68	18	49	19	98	20	41	21	12	22	27	23	44	24	77	25	40	26	84	27	73	28	83	29	64	30	41	31	75	32	40	33	40	34	16	35	16	36	25	37	95	38	23	39	67	40	92	41	75	42	52	43	21	44	30	45	87	46	13	47	75	48	70	49	35	
	0	10	1	53	2	72	3	24	4	54	5	36	6	26	7	40	8	22	9	13	10	66	11	51	12	83	13	55	14	82	15	31	16	87	17	92	18	77	19	76	20	79	21	76	22	45	23	15	24	73	25	44	26	98	27	81	28	72	29	66	30	97	31	25	32	47	33	76	34	43	35	67	36	19	37	62	38	65	39	59	40	75	41	67	42	25	43	99	44	98	45	60	46	76	47	75	48	60	49	11	
	0	43	1	25	2	64	3	87	4	89	5	95	6	75	7	94	8	97	9	92	10	46	11	58	12	53	13	23	14	58	15	12	16	69	17	79	18	73	19	84	20	13	21	60	22	79	23	91	24	75	25	42	26	73	27	44	28	48	29	41	30	38	31	21	32	97	33	11	34	46	35	27	36	25	37	57	38	83	39	16	40	87	41	99	42	49	43	81	44	36	45	12	46	40	47	48	48	53	49	77	
	0	59	1	44	2	60	3	56	4	16	5	72	6	11	7	55	8	80	9	30	10	21	11	34	12	80	13	10	14	73	15	27	16	34	17	31	18	29	19	46	20	59	21	15	22	40	23	18	24	76	25	30	26	64	27	58	28	53	29	99	30	67	31	65	32	12	33	10	34	85	35	70	36	31	37	54	38	68	39	14	40	95	41	78	42	28	43	82	44	83	45	12	46	83	47	50	48	77	49	29	
	0	57	1	93	2	63	3	39	4	57	5	94	6	56	7	74	8	22	9	68	10	88	11	67	12	45	13	26	14	48	15	60	16	43	17	34	18	60	19	54	20	100	21	60	22	84	23	47	24	65	25	43	26	86	27	69	28	36	29	71	30	32	31	48	32	93	33	75	34	39	35	68	36	37	37	41	38	60	39	57	40	36	41	82	42	17	43	86	44	46	45	57	46	65	47	95	48	50	49	100	
	0	88	1	24	2	93	3	40	4	64	5	31	6	34	7	24	8	88	9	70	10	22	11	83	12	74	13	20	14	23	15	54	16	25	17	77	18	49	19	10	20	32	21	18	22	32	23	27	24	99	25	29	26	20	27	82	28	12	29	13	30	44	31	38	32	40	33	11	34	48	35	60	36	63	37	10	38	19	39	83	40	90	41	91	42	94	43	74	44	42	45	45	46	89	47	19	48	91	49	95	
	0	41	1	92	2	54	3	98	4	27	5	57	6	89	7	94	8	47	9	68	10	17	11	40	12	71	13	26	14	14	15	88	16	44	17	53	18	82	19	20	20	97	21	36	22	97	23	58	24	32	25	29	26	19	27	59	28	53	29	69	30	51	31	38	32	16	33	56	34	67	35	76	36	83	37	96	38	48	39	33	40	40	41	69	42	92	43	99	44	77	45	37	46	78	47	21	48	37	49	27	
	0	71	1	78	2	32	3	79	4	83	5	40	6	59	7	89	8	21	9	50	10	91	11	51	12	83	13	78	14	44	15	35	16	12	17	22	18	88	19	62	20	10	21	66	22	33	23	21	24	33	25	25	26	64	27	15	28	62	29	59	30	66	31	77	32	98	33	79	34	61	35	34	36	93	37	58	38	81	39	48	40	24	41	34	42	82	43	10	44	83	45	59	46	36	47	24	48	38	49	28	
	0	26	1	11	2	12	3	89	4	28	5	48	6	61	7	91	8	69	9	34	10	35	11	34	12	34	13	94	14	59	15	30	16	63	17	21	18	45	19	27	20	44	21	35	22	53	23	21	24	55	25	45	26	28	27	87	28	49	29	49	30	96	31	64	32	63	33	56	34	93	35	50	36	22	37	98	38	12	39	57	40	85	41	84	42	77	43	72	44	16	45	45	46	16	47	12	48	45	49	53	
	0	81	1	37	2	51	3	82	4	11	5	13	6	15	7	98	8	28	9	19	10	43	11	38	12	18	13	36	14	13	15	30	16	22	17	51	18	47	19	82	20	22	21	55	22	23	23	67	24	99	25	93	26	89	27	39	28	58	29	60	30	38	31	48	32	71	33	29	34	45	35	25	36	27	37	63	38	99	39	100	40	79	41	68	42	54	43	66	44	37	45	90	46	48	47	57	48	80	49	27	
	0	66	1	44	2	95	3	61	4	14	5	46	6	56	7	33	8	75	9	87	10	70	11	58	12	58	13	30	14	55	15	67	16	84	17	24	18	47	19	76	20	75	21	91	22	72	23	47	24	61	25	38	26	46	27	33	28	53	29	63	30	53	31	99	32	41	33	54	34	71	35	50	36	28	37	15	38	40	39	100	40	99	41	19	42	71	43	44	44	81	45	56	46	87	47	52	48	94	49	90	
	0	80	1	55	2	23	3	24	4	97	5	21	6	68	7	15	8	96	9	23	10	28	11	81	12	12	13	71	14	86	15	58	16	25	17	88	18	38	19	80	20	69	21	85	22	100	23	34	24	43	25	24	26	59	27	67	28	37	29	22	30	92	31	81	32	81	33	70	34	47	35	58	36	68	37	85	38	59	39	81	40	74	41	94	42	94	43	48	44	45	45	80	46	65	47	92	48	63	49	71	
	0	50	1	50	2	24	3	23	4	85	5	94	6	100	7	49	8	22	9	36	10	28	11	29	12	43	13	72	14	21	15	26	16	34	17	48	18	67	19	87	20	48	21	93	22	69	23	62	24	27	25	15	26	75	27	81	28	92	29	13	30	62	31	68	32	56	33	83	34	91	35	74	36	89	37	62	38	45	39	69	40	70	41	31	42	91	43	47	44	23	45	15	46	76	47	85	48	36	49	25	
	0	91	1	61	2	100	3	60	4	87	5	14	6	62	7	61	8	69	9	18	10	35	11	66	12	82	13	43	14	25	15	86	16	26	17	42	18	19	19	25	20	93	21	59	22	92	23	78	24	35	25	96	26	63	27	38	28	47	29	83	30	18	31	63	32	60	33	45	34	73	35	48	36	35	37	86	38	62	39	42	40	26	41	98	42	73	43	61	44	89	45	72	46	43	47	70	48	66	49	96	
	0	74	1	36	2	96	3	62	4	79	5	52	6	41	7	21	8	84	9	52	10	63	11	26	12	34	13	94	14	79	15	57	16	23	17	28	18	47	19	39	20	53	21	44	22	83	23	61	24	40	25	59	26	56	27	87	28	54	29	89	30	33	31	34	32	89	33	46	34	10	35	48	36	43	37	17	38	40	39	98	40	50	41	52	42	22	43	100	44	77	45	94	46	79	47	26	48	51	49	83	
	0	88	1	75	2	94	3	72	4	50	5	42	6	13	7	14	8	16	9	64	10	46	11	78	12	89	13	74	14	76	15	97	16	59	17	18	18	56	19	40	20	80	21	54	22	92	23	10	24	24	25	92	26	81	27	19	28	64	29	91	30	19	31	90	32	75	33	29	34	98	35	55	36	87	37	23	38	67	39	25	40	17	41	51	42	57	43	96	44	85	45	18	46	82	47	48	48	48	49	20	
	0	69	1	49	2	10	3	80	4	24	5	13	6	62	7	78	8	23	9	33	10	59	11	34	12	12	13	89	14	31	15	37	16	94	17	95	18	28	19	92	20	17	21	83	22	98	23	11	24	67	25	50	26	28	27	70	28	84	29	26	30	93	31	23	32	62	33	60	34	70	35	90	36	91	37	32	38	50	39	83	40	42	41	22	42	74	43	80	44	73	45	81	46	17	47	92	48	95	49	87	
	0	74	1	85	2	47	3	25	4	65	5	37	6	83	7	98	8	14	9	13	10	56	11	77	12	15	13	85	14	78	15	61	16	87	17	16	18	55	19	23	20	95	21	26	22	59	23	29	24	56	25	22	26	99	27	50	28	11	29	92	30	85	31	27	32	94	33	70	34	100	35	12	36	49	37	67	38	82	39	75	40	97	41	52	42	38	43	10	44	78	45	77	46	41	47	24	48	45	49	13	
	0	71	1	91	2	14	3	21	4	72	5	83	6	14	7	63	8	14	9	67	10	24	11	85	12	43	13	27	14	100	15	70	16	26	17	94	18	43	19	71	20	98	21	75	22	91	23	95	24	100	25	85	26	29	27	47	28	97	29	93	30	42	31	54	32	31	33	49	34	14	35	53	36	24	37	72	38	54	39	16	40	28	41	71	42	44	43	97	44	90	45	35	46	44	47	68	48	61	49	62	
	0	79	1	90	2	65	3	44	4	80	5	38	6	36	7	11	8	79	9	18	10	45	11	97	12	77	13	90	14	12	15	92	16	64	17	80	18	15	19	64	20	35	21	86	22	44	23	90	24	49	25	15	26	81	27	82	28	44	29	62	30	39	31	58	32	57	33	16	34	77	35	42	36	36	37	43	38	12	39	54	40	73	41	64	42	45	43	24	44	55	45	59	46	72	47	83	48	72	49	95	
	0	41	1	99	2	71	3	37	4	22	5	41	6	53	7	12	8	82	9	26	10	98	11	97	12	70	13	50	14	10	15	47	16	71	17	63	18	73	19	68	20	51	21	16	22	80	23	59	24	20	25	32	26	39	27	38	28	71	29	96	30	17	31	71	32	10	33	91	34	72	35	51	36	66	37	92	38	96	39	28	40	84	41	68	42	73	43	78	44	90	45	38	46	60	47	57	48	95	49	63	
	0	87	1	43	2	87	3	33	4	82	5	23	6	55	7	52	8	57	9	97	10	66	11	31	12	94	13	94	14	74	15	75	16	51	17	37	18	22	19	19	20	42	21	10	22	43	23	73	24	27	25	42	26	93	27	46	28	52	29	60	30	65	31	81	32	82	33	31	34	75	35	91	36	26	37	86	38	17	39	36	40	54	41	20	42	49	43	32	44	74	45	92	46	42	47	50	48	59	49	60	
	0	64	1	89	2	32	3	89	4	94	5	74	6	78	7	54	8	49	9	25	10	29	11	75	12	42	13	19	14	34	15	51	16	77	17	15	18	100	19	35	20	93	21	16	22	99	23	46	24	19	25	64	26	99	27	17	28	30	29	76	30	11	31	26	32	28	33	87	34	86	35	68	36	88	37	25	38	91	39	54	40	53	41	40	42	29	43	86	44	71	45	41	46	78	47	11	48	12	49	67	
	0	26	1	77	2	26	3	10	4	93	5	79	6	27	7	38	8	28	9	59	10	83	11	27	12	27	13	81	14	35	15	32	16	60	17	52	18	11	19	44	20	24	21	69	22	86	23	14	24	61	25	48	26	64	27	67	28	34	29	88	30	42	31	39	32	22	33	17	34	67	35	13	36	65	37	71	38	22	39	62	40	69	41	31	42	72	43	12	44	89	45	95	46	71	47	71	48	100	49	47	
	0	41	1	30	2	61	3	82	4	60	5	33	6	75	7	24	8	86	9	96	10	53	11	32	12	61	13	28	14	81	15	28	16	87	17	25	18	94	19	99	20	60	21	22	22	97	23	32	24	57	25	36	26	12	27	79	28	31	29	61	30	55	31	24	32	55	33	85	34	33	35	24	36	26	37	34	38	82	39	21	40	100	41	23	42	29	43	32	44	66	45	17	46	83	47	14	48	62	49	31	
	0	34	1	56	2	99	3	83	4	68	5	27	6	27	7	87	8	50	9	75	10	85	11	78	12	54	13	61	14	64	15	82	16	62	17	66	18	62	19	37	20	74	21	85	22	32	23	28	24	82	25	48	26	96	27	99	28	87	29	15	30	79	31	17	32	57	33	40	34	14	35	39	36	28	37	92	38	75	39	50	40	78	41	55	42	58	43	33	44	45	45	43	46	67	47	82	48	47	49	13	
	0	26	1	99	2	53	3	75	4	86	5	22	6	60	7	12	8	98	9	15	10	64	11	42	12	18	13	73	14	93	15	44	16	53	17	13	18	58	19	27	20	26	21	54	22	47	23	59	24	35	25	62	26	77	27	74	28	74	29	26	30	19	31	39	32	59	33	31	34	16	35	30	36	27	37	72	38	48	39	80	40	38	41	28	42	17	43	57	44	23	45	100	46	65	47	88	48	64	49	20	
	0	17	1	14	2	33	3	82	4	30	5	92	6	54	7	51	8	43	9	69	10	82	11	31	12	35	13	94	14	37	15	11	16	83	17	55	18	58	19	95	20	46	21	98	22	92	23	84	24	28	25	93	26	43	27	87	28	16	29	16	30	54	31	51	32	48	33	71	34	93	35	29	36	81	37	77	38	16	39	95	40	46	41	93	42	56	43	58	44	40	45	67	46	54	47	25	48	44	49	93	
	0	38	1	67	2	74	3	67	4	28	5	43	6	23	7	12	8	95	9	69	10	63	11	54	12	59	13	58	14	35	15	61	16	71	17	40	18	61	19	63	20	65	21	12	22	50	23	17	24	47	25	96	26	80	27	12	28	12	29	61	30	61	31	73	32	44	33	38	34	44	35	34	36	46	37	94	38	43	39	63	40	73	41	97	42	86	43	87	44	98	45	35	46	59	47	92	48	26	49	89	
	0	67	1	75	2	100	3	91	4	63	5	10	6	51	7	90	8	47	9	13	10	64	11	60	12	24	13	89	14	88	15	74	16	41	17	36	18	42	19	94	20	74	21	59	22	13	23	21	24	80	25	37	26	12	27	37	28	17	29	93	30	86	31	97	32	83	33	31	34	30	35	25	36	97	37	47	38	57	39	63	40	52	41	29	42	71	43	24	44	51	45	26	46	79	47	35	48	27	49	63	
	0	37	1	39	2	14	3	17	4	23	5	75	6	92	7	21	8	11	9	100	10	13	11	57	12	32	13	34	14	98	15	56	16	44	17	49	18	54	19	30	20	77	21	67	22	10	23	78	24	74	25	29	26	17	27	52	28	82	29	64	30	40	31	31	32	16	33	84	34	36	35	20	36	20	37	62	38	77	39	64	40	57	41	43	42	11	43	17	44	99	45	78	46	50	47	69	48	69	49	84	
	0	15	1	98	2	94	3	10	4	99	5	46	6	41	7	89	8	28	9	58	10	90	11	50	12	77	13	17	14	69	15	89	16	59	17	37	18	39	19	75	20	53	21	94	22	15	23	55	24	89	25	38	26	39	27	51	28	32	29	70	30	91	31	38	32	71	33	42	34	22	35	79	36	94	37	87	38	59	39	48	40	38	41	19	42	42	43	37	44	54	45	34	46	60	47	47	48	91	49	58	
	0	14	1	41	2	73	3	79	4	76	5	47	6	51	7	53	8	99	9	56	10	62	11	76	12	85	13	39	14	93	15	80	16	97	17	19	18	43	19	92	20	55	21	42	22	23	23	28	24	14	25	27	26	22	27	93	28	85	29	68	30	75	31	96	32	41	33	82	34	40	35	33	36	74	37	95	38	73	39	36	40	96	41	86	42	77	43	11	44	68	45	70	46	26	47	74	48	24	49	32	
	0	27	1	78	2	40	3	30	4	49	5	13	6	64	7	62	8	15	9	21	10	95	11	25	12	80	13	61	14	79	15	82	16	69	17	98	18	81	19	42	20	60	21	66	22	73	23	62	24	25	25	41	26	75	27	37	28	52	29	12	30	88	31	72	32	26	33	29	34	24	35	28	36	89	37	56	38	35	39	87	40	12	41	44	42	35	43	26	44	81	45	42	46	96	47	100	48	21	49	14	
	0	37	1	69	2	90	3	77	4	64	5	22	6	70	7	27	8	35	9	74	10	100	11	24	12	84	13	12	14	99	15	49	16	38	17	70	18	71	19	34	20	60	21	96	22	95	23	31	24	74	25	20	26	20	27	93	28	62	29	54	30	55	31	40	32	33	33	79	34	76	35	94	36	45	37	84	38	17	39	29	40	88	41	94	42	24	43	82	44	71	45	89	46	37	47	14	48	79	49	16	
	0	90	1	92	2	93	3	60	4	11	5	38	6	48	7	55	8	19	9	41	10	92	11	24	12	72	13	69	14	21	15	17	16	36	17	42	18	24	19	11	20	74	21	48	22	63	23	89	24	25	25	47	26	92	27	48	28	41	29	31	30	89	31	97	32	97	33	46	34	32	35	72	36	24	37	86	38	73	39	94	40	33	41	21	42	76	43	28	44	36	45	97	46	35	47	29	48	75	49	74	
	0	39	1	64	2	52	3	74	4	50	5	98	6	80	7	46	8	41	9	42	10	66	11	72	12	23	13	67	14	57	15	67	16	37	17	67	18	57	19	39	20	36	21	71	22	66	23	51	24	68	25	71	26	10	27	18	28	57	29	59	30	96	31	52	32	51	33	42	34	94	35	92	36	55	37	83	38	67	39	24	40	47	41	13	42	55	43	25	44	42	45	12	46	30	47	93	48	34	49	68	
	0	88	1	16	2	40	3	98	4	31	5	34	6	19	7	58	8	33	9	62	10	12	11	100	12	10	13	13	14	17	15	32	16	71	17	85	18	11	19	53	20	53	21	64	22	14	23	64	24	33	25	72	26	12	27	44	28	81	29	94	30	19	31	71	32	75	33	78	34	77	35	70	36	62	37	33	38	44	39	39	40	17	41	67	42	37	43	41	44	60	45	86	46	44	47	58	48	68	49	45	
	0	47	1	45	2	66	3	67	4	56	5	84	6	67	7	28	8	71	9	42	10	74	11	75	12	30	13	64	14	67	15	100	16	45	17	17	18	25	19	60	20	44	21	31	22	44	23	71	24	60	25	12	26	34	27	68	28	90	29	20	30	42	31	52	32	47	33	48	34	22	35	70	36	52	37	60	38	99	39	77	40	91	41	79	42	39	43	62	44	58	45	45	46	32	47	90	48	75	49	30	
	0	69	1	49	2	67	3	35	4	28	5	77	6	42	7	10	8	56	9	60	10	95	11	69	12	56	13	47	14	29	15	13	16	38	17	33	18	20	19	84	20	71	21	35	22	89	23	74	24	34	25	12	26	21	27	64	28	80	29	75	30	20	31	52	32	69	33	73	34	10	35	41	36	67	37	33	38	79	39	12	40	62	41	76	42	52	43	95	44	48	45	39	46	81	47	42	48	15	49	48	
	0	81	1	97	2	40	3	67	4	86	5	34	6	94	7	46	8	38	9	36	10	56	11	77	12	84	13	37	14	24	15	34	16	89	17	97	18	73	19	77	20	71	21	33	22	31	23	10	24	58	25	73	26	38	27	98	28	100	29	50	30	90	31	19	32	99	33	84	34	66	35	91	36	25	37	27	38	77	39	58	40	22	41	39	42	50	43	10	44	49	45	27	46	18	47	86	48	50	49	100	
	0	73	1	52	2	99	3	40	4	43	5	18	6	42	7	28	8	96	9	90	10	10	11	79	12	89	13	95	14	48	15	100	16	96	17	52	18	91	19	44	20	33	21	38	22	66	23	79	24	86	25	19	26	91	27	61	28	38	29	62	30	15	31	15	32	52	33	75	34	80	35	83	36	41	37	29	38	85	39	86	40	56	41	17	42	23	43	25	44	42	45	32	46	70	47	14	48	28	49	87	
	0	49	1	19	2	75	3	95	4	75	5	85	6	87	7	34	8	90	9	13	10	38	11	13	12	50	13	14	14	27	15	47	16	59	17	44	18	90	19	55	20	93	21	51	22	78	23	44	24	31	25	57	26	56	27	44	28	28	29	26	30	45	31	18	32	26	33	50	34	49	35	58	36	60	37	11	38	92	39	30	40	52	41	36	42	73	43	59	44	55	45	19	46	91	47	49	48	45	49	26	
	0	34	1	21	2	78	3	77	4	42	5	75	6	21	7	50	8	94	9	42	10	26	11	59	12	54	13	55	14	27	15	22	16	45	17	26	18	64	19	76	20	68	21	84	22	67	23	28	24	73	25	84	26	68	27	28	28	42	29	99	30	40	31	62	32	33	33	36	34	67	35	93	36	44	37	91	38	47	39	16	40	43	41	97	42	97	43	68	44	23	45	30	46	42	47	59	48	33	49	92	
	0	41	1	84	2	28	3	80	4	64	5	56	6	49	7	52	8	15	9	28	10	66	11	38	12	74	13	86	14	73	15	48	16	92	17	38	18	94	19	37	20	58	21	41	22	49	23	72	24	57	25	74	26	59	27	99	28	25	29	12	30	40	31	97	32	54	33	73	34	23	35	50	36	91	37	58	38	85	39	86	40	30	41	79	42	11	43	53	44	55	45	79	46	15	47	83	48	90	49	33	
	0	19	1	50	2	16	3	92	4	10	5	66	6	46	7	90	8	44	9	63	10	33	11	77	12	74	13	30	14	46	15	99	16	75	17	87	18	89	19	67	20	62	21	46	22	12	23	34	24	28	25	21	26	15	27	94	28	21	29	26	30	13	31	97	32	80	33	95	34	92	35	64	36	51	37	63	38	36	39	77	40	81	41	66	42	58	43	61	44	61	45	100	46	76	47	37	48	66	49	22	
	0	96	1	18	2	41	3	57	4	40	5	97	6	11	7	95	8	86	9	57	10	93	11	27	12	64	13	64	14	88	15	62	16	86	17	51	18	52	19	46	20	10	21	39	22	81	23	57	24	32	25	99	26	30	27	89	28	40	29	42	30	99	31	98	32	62	33	66	34	64	35	40	36	56	37	38	38	64	39	68	40	38	41	11	42	29	43	56	44	56	45	29	46	62	47	62	48	95	49	58	
	0	61	1	31	2	69	3	66	4	67	5	49	6	85	7	55	8	82	9	66	10	72	11	12	12	52	13	38	14	27	15	89	16	73	17	81	18	30	19	39	20	32	21	76	22	27	23	96	24	75	25	51	26	79	27	58	28	30	29	36	30	13	31	35	32	66	33	82	34	43	35	77	36	94	37	69	38	22	39	50	40	61	41	50	42	96	43	73	44	81	45	69	46	71	47	52	48	100	49	23	
	0	86	1	97	2	70	3	62	4	84	5	66	6	65	7	75	8	44	9	33	10	44	11	28	12	27	13	24	14	74	15	62	16	25	17	76	18	28	19	29	20	71	21	13	22	94	23	85	24	74	25	32	26	77	27	40	28	83	29	76	30	87	31	66	32	31	33	69	34	27	35	96	36	26	37	18	38	22	39	22	40	22	41	85	42	72	43	68	44	42	45	53	46	98	47	74	48	35	49	28	
	0	94	1	59	2	72	3	79	4	96	5	49	6	28	7	70	8	90	9	74	10	100	11	88	12	78	13	55	14	97	15	28	16	27	17	63	18	59	19	14	20	44	21	39	22	15	23	40	24	72	25	86	26	38	27	27	28	19	29	67	30	70	31	56	32	23	33	25	34	26	35	89	36	87	37	79	38	50	39	53	40	53	41	98	42	84	43	54	44	47	45	34	46	66	47	70	48	67	49	51	
	0	19	1	28	2	57	3	79	4	87	5	82	6	87	7	53	8	21	9	94	10	78	11	30	12	89	13	60	14	91	15	39	16	44	17	34	18	66	19	66	20	43	21	88	22	58	23	84	24	37	25	81	26	31	27	50	28	46	29	51	30	70	31	56	32	75	33	24	34	64	35	14	36	57	37	72	38	87	39	52	40	80	41	71	42	83	43	75	44	48	45	62	46	22	47	52	48	29	49	41	
	0	36	1	96	2	17	3	19	4	15	5	99	6	86	7	90	8	66	9	43	10	44	11	56	12	20	13	31	14	77	15	33	16	26	17	25	18	71	19	47	20	29	21	59	22	90	23	10	24	62	25	18	26	89	27	82	28	44	29	48	30	83	31	39	32	55	33	86	34	86	35	34	36	87	37	87	38	72	39	49	40	76	41	93	42	75	43	64	44	32	45	15	46	10	47	25	48	67	49	73	
	0	21	1	56	2	13	3	58	4	59	5	17	6	69	7	27	8	72	9	88	10	77	11	65	12	31	13	11	14	100	15	29	16	60	17	90	18	39	19	65	20	77	21	56	22	37	23	62	24	50	25	74	26	98	27	42	28	60	29	22	30	23	31	11	32	16	33	31	34	39	35	84	36	81	37	83	38	88	39	14	40	83	41	27	42	82	43	50	44	10	45	86	46	67	47	49	48	40	49	14	
	0	80	1	17	2	50	3	82	4	70	5	20	6	67	7	95	8	82	9	96	10	96	11	14	12	87	13	60	14	13	15	83	16	88	17	76	18	88	19	31	20	40	21	48	22	99	23	12	24	51	25	89	26	93	27	38	28	98	29	24	30	90	31	68	32	97	33	76	34	78	35	73	36	87	37	13	38	64	39	25	40	84	41	40	42	100	43	86	44	54	45	90	46	42	47	13	48	31	49	28	
	0	85	1	51	2	100	3	20	4	97	5	51	6	55	7	73	8	37	9	95	10	80	11	82	12	80	13	15	14	10	15	83	16	57	17	84	18	68	19	44	20	43	21	77	22	99	23	53	24	79	25	92	26	79	27	23	28	47	29	43	30	98	31	72	32	92	33	57	34	88	35	70	36	92	37	23	38	20	39	42	40	33	41	26	42	26	43	61	44	38	45	99	46	78	47	91	48	74	49	93	
	0	50	1	73	2	93	3	98	4	80	5	91	6	84	7	59	8	33	9	48	10	71	11	47	12	75	13	97	14	63	15	53	16	69	17	16	18	73	19	25	20	15	21	58	22	60	23	75	24	20	25	32	26	31	27	74	28	69	29	35	30	34	31	14	32	95	33	36	34	44	35	33	36	60	37	15	38	92	39	31	40	38	41	11	42	53	43	28	44	36	45	96	46	47	47	55	48	37	49	71	
	0	80	1	85	2	18	3	77	4	55	5	89	6	24	7	65	8	41	9	98	10	13	11	98	12	75	13	59	14	73	15	72	16	67	17	81	18	45	19	100	20	75	21	25	22	54	23	100	24	17	25	91	26	36	27	64	28	38	29	49	30	65	31	33	32	36	33	94	34	61	35	37	36	75	37	92	38	58	39	37	40	52	41	50	42	35	43	67	44	33	45	45	46	88	47	79	48	74	49	69	
	0	84	1	41	2	96	3	25	4	34	5	58	6	31	7	65	8	74	9	87	10	71	11	85	12	45	13	93	14	53	15	72	16	56	17	50	18	99	19	50	20	73	21	22	22	57	23	78	24	38	25	57	26	82	27	52	28	67	29	21	30	56	31	52	32	78	33	66	34	87	35	33	36	32	37	20	38	26	39	71	40	89	41	98	42	63	43	93	44	30	45	76	46	84	47	46	48	74	49	55	
	0	94	1	33	2	69	3	87	4	84	5	15	6	66	7	15	8	50	9	100	10	21	11	18	12	82	13	14	14	45	15	20	16	74	17	40	18	24	19	91	20	15	21	88	22	72	23	40	24	68	25	61	26	59	27	33	28	70	29	36	30	98	31	35	32	90	33	74	34	69	35	11	36	84	37	83	38	60	39	96	40	29	41	67	42	48	43	80	44	20	45	100	46	83	47	47	48	86	49	57	
	0	37	1	23	2	36	3	46	4	21	5	44	6	41	7	80	8	96	9	26	10	43	11	60	12	41	13	60	14	85	15	90	16	87	17	77	18	66	19	91	20	39	21	91	22	78	23	56	24	94	25	41	26	72	27	77	28	54	29	63	30	25	31	53	32	55	33	49	34	51	35	65	36	62	37	60	38	81	39	80	40	56	41	56	42	88	43	72	44	99	45	19	46	48	47	42	48	40	49	84	
	0	57	1	81	2	36	3	89	4	26	5	29	6	28	7	47	8	96	9	86	10	15	11	61	12	84	13	61	14	15	15	39	16	50	17	49	18	69	19	36	20	100	21	59	22	51	23	21	24	56	25	89	26	87	27	75	28	60	29	11	30	93	31	34	32	98	33	70	34	84	35	74	36	21	37	56	38	71	39	59	40	26	41	51	42	96	43	58	44	75	45	56	46	57	47	43	48	11	49	16	
	0	44	1	30	2	43	3	44	4	29	5	80	6	62	7	85	8	83	9	76	10	61	11	89	12	57	13	10	14	18	15	33	16	75	17	53	18	64	19	35	20	98	21	40	22	29	23	91	24	89	25	67	26	88	27	61	28	29	29	35	30	66	31	56	32	43	33	90	34	38	35	45	36	93	37	13	38	88	39	92	40	29	41	20	42	90	43	48	44	83	45	27	46	73	47	56	48	21	49	65	
	0	44	1	79	2	85	3	70	4	36	5	21	6	17	7	68	8	44	9	47	10	92	11	77	12	100	13	94	14	57	15	30	16	63	17	30	18	30	19	89	20	57	21	33	22	31	23	24	24	98	25	24	26	83	27	66	28	81	29	83	30	42	31	61	32	96	33	98	34	22	35	11	36	69	37	25	38	82	39	85	40	81	41	36	42	93	43	28	44	32	45	77	46	87	47	87	48	41	49	53	
	0	25	1	25	2	22	3	90	4	56	5	23	6	48	7	68	8	48	9	80	10	46	11	61	12	83	13	55	14	82	15	52	16	65	17	100	18	25	19	94	20	64	21	27	22	92	23	57	24	87	25	95	26	89	27	11	28	21	29	61	30	73	31	30	32	69	33	21	34	28	35	58	36	37	37	81	38	55	39	72	40	23	41	97	42	59	43	18	44	42	45	100	46	64	47	76	48	62	49	98	
	0	63	1	72	2	67	3	41	4	50	5	67	6	57	7	88	8	18	9	39	10	46	11	16	12	95	13	58	14	78	15	59	16	52	17	85	18	49	19	88	20	99	21	20	22	27	23	38	24	35	25	20	26	19	27	89	28	31	29	98	30	84	31	88	32	33	33	80	34	17	35	43	36	66	37	49	38	92	39	15	40	79	41	18	42	94	43	32	44	73	45	24	46	68	47	94	48	87	49	20	
	0	21	1	31	2	71	3	89	4	52	5	16	6	45	7	31	8	47	9	49	10	77	11	86	12	87	13	88	14	72	15	13	16	31	17	87	18	69	19	83	20	37	21	30	22	42	23	31	24	51	25	91	26	59	27	45	28	75	29	62	30	96	31	92	32	20	33	65	34	20	35	19	36	86	37	52	38	96	39	11	40	45	41	24	42	53	43	32	44	38	45	60	46	82	47	78	48	35	49	39	
	0	72	1	40	2	74	3	82	4	67	5	71	6	63	7	89	8	97	9	19	10	16	11	51	12	57	13	87	14	46	15	78	16	32	17	57	18	36	19	27	20	46	21	30	22	80	23	36	24	33	25	31	26	17	27	89	28	20	29	94	30	88	31	47	32	12	33	56	34	86	35	50	36	80	37	96	38	64	39	62	40	93	41	83	42	45	43	73	44	35	45	77	46	45	47	62	48	23	49	24	
	0	15	1	86	2	39	3	30	4	63	5	84	6	10	7	49	8	22	9	18	10	28	11	31	12	38	13	17	14	38	15	44	16	21	17	35	18	77	19	19	20	58	21	36	22	65	23	59	24	62	25	68	26	56	27	23	28	92	29	58	30	43	31	37	32	56	33	67	34	42	35	94	36	34	37	46	38	22	39	45	40	11	41	77	42	38	43	93	44	94	45	87	46	35	47	17	48	38	49	23	
	0	34	1	54	2	35	3	60	4	20	5	40	6	74	7	19	8	48	9	43	10	46	11	17	12	85	13	94	14	17	15	87	16	40	17	32	18	94	19	46	20	45	21	21	22	85	23	83	24	90	25	43	26	22	27	48	28	58	29	25	30	20	31	31	32	13	33	65	34	44	35	88	36	67	37	70	38	98	39	69	40	21	41	81	42	67	43	28	44	87	45	17	46	31	47	20	48	17	49	88	
	0	84	1	45	2	10	3	15	4	37	5	63	6	61	7	12	8	79	9	62	10	90	11	75	12	55	13	17	14	40	15	93	16	14	17	32	18	23	19	67	20	66	21	13	22	68	23	25	24	89	25	88	26	19	27	69	28	76	29	17	30	95	31	64	32	52	33	55	34	18	35	11	36	73	37	24	38	99	39	49	40	42	41	95	42	32	43	85	44	40	45	45	46	59	47	26	48	70	49	46	
	0	59	1	44	2	20	3	50	4	71	5	78	6	18	7	86	8	70	9	91	10	76	11	55	12	78	13	92	14	23	15	59	16	74	17	67	18	66	19	91	20	68	21	58	22	60	23	47	24	66	25	23	26	50	27	47	28	41	29	55	30	51	31	70	32	22	33	10	34	10	35	38	36	98	37	45	38	64	39	46	40	98	41	65	42	95	43	54	44	35	45	26	46	79	47	60	48	36	49	96	
	0	54	1	88	2	31	3	20	4	85	5	35	6	26	7	24	8	40	9	69	10	72	11	33	12	24	13	43	14	69	15	43	16	72	17	96	18	39	19	47	20	54	21	56	22	33	23	84	24	95	25	71	26	59	27	17	28	98	29	86	30	52	31	78	32	32	33	47	34	64	35	97	36	62	37	41	38	75	39	42	40	57	41	40	42	40	43	89	44	24	45	65	46	97	47	89	48	17	49	83	
	0	60	1	21	2	61	3	82	4	54	5	12	6	99	7	62	8	88	9	28	10	53	11	39	12	60	13	62	14	67	15	12	16	78	17	40	18	46	19	40	20	27	21	85	22	31	23	89	24	58	25	22	26	19	27	16	28	65	29	38	30	59	31	87	32	36	33	80	34	96	35	92	36	24	37	28	38	18	39	78	40	86	41	90	42	18	43	14	44	84	45	13	46	69	47	12	48	100	49	22	
	0	46	1	35	2	43	3	57	4	44	5	23	6	92	7	93	8	93	9	73	10	41	11	60	12	91	13	60	14	39	15	95	16	80	17	59	18	84	19	79	20	61	21	74	22	81	23	13	24	21	25	94	26	80	27	79	28	54	29	94	30	96	31	64	32	26	33	59	34	54	35	65	36	50	37	19	38	65	39	76	40	34	41	47	42	20	43	77	44	25	45	41	46	35	47	12	48	81	49	74	
	0	68	1	83	2	63	3	37	4	25	5	38	6	100	7	44	8	70	9	98	10	86	11	27	12	46	13	35	14	17	15	34	16	90	17	56	18	97	19	46	20	61	21	26	22	64	23	82	24	17	25	36	26	65	27	22	28	35	29	29	30	89	31	52	32	60	33	13	34	42	35	36	36	10	37	17	38	67	39	13	40	28	41	24	42	23	43	91	44	73	45	43	46	79	47	20	48	74	49	36	
	0	48	1	89	2	38	3	91	4	29	5	23	6	69	7	92	8	96	9	27	10	67	11	69	12	99	13	88	14	30	15	15	16	54	17	10	18	23	19	17	20	73	21	85	22	33	23	51	24	81	25	19	26	30	27	40	28	29	29	96	30	45	31	15	32	37	33	99	34	77	35	57	36	14	37	18	38	21	39	55	40	33	41	46	42	40	43	79	44	16	45	92	46	54	47	66	48	97	49	70	
	0	55	1	61	2	97	3	69	4	85	5	17	6	82	7	95	8	55	9	32	10	14	11	10	12	83	13	83	14	72	15	22	16	58	17	73	18	33	19	22	20	14	21	55	22	95	23	80	24	21	25	37	26	50	27	97	28	97	29	63	30	86	31	44	32	91	33	78	34	65	35	37	36	48	37	57	38	37	39	79	40	85	41	83	42	51	43	70	44	28	45	61	46	37	47	47	48	97	49	64	
	0	35	1	78	2	57	3	66	4	45	5	69	6	47	7	82	8	49	9	88	10	14	11	74	12	78	13	42	14	98	15	100	16	59	17	41	18	37	19	40	20	46	21	76	22	25	23	38	24	75	25	55	26	46	27	68	28	21	29	13	30	31	31	48	32	75	33	95	34	55	35	70	36	64	37	14	38	94	39	26	40	41	41	63	42	38	43	23	44	58	45	60	46	32	47	54	48	94	49	36	
	0	11	1	38	2	82	3	38	4	28	5	24	6	54	7	53	8	92	9	45	10	94	11	46	12	32	13	28	14	23	15	69	16	54	17	49	18	75	19	11	20	46	21	40	22	24	23	16	24	62	25	80	26	80	27	18	28	81	29	21	30	69	31	44	32	18	33	54	34	25	35	69	36	19	37	63	38	100	39	51	40	47	41	89	42	88	43	44	44	46	45	26	46	55	47	72	48	70	49	52	
	0	72	1	39	2	71	3	66	4	67	5	59	6	18	7	78	8	19	9	38	10	58	11	87	12	24	13	72	14	85	15	69	16	78	17	85	18	42	19	99	20	62	21	36	22	27	23	25	24	28	25	56	26	58	27	70	28	73	29	33	30	42	31	22	32	28	33	73	34	46	35	22	36	41	37	74	38	44	39	73	40	66	41	76	42	23	43	18	44	71	45	85	46	82	47	60	48	22	49	57	
	0	65	1	89	2	10	3	80	4	92	5	88	6	68	7	52	8	83	9	22	10	88	11	34	12	22	13	57	14	35	15	51	16	52	17	11	18	40	19	56	20	35	21	91	22	18	23	80	24	84	25	51	26	83	27	25	28	62	29	12	30	36	31	72	32	80	33	34	34	56	35	47	36	98	37	98	38	67	39	60	40	78	41	90	42	40	43	95	44	42	45	69	46	67	47	57	48	58	49	10	
	0	96	1	99	2	62	3	12	4	54	5	77	6	55	7	18	8	13	9	28	10	15	11	21	12	75	13	44	14	99	15	53	16	26	17	27	18	62	19	11	20	15	21	73	22	77	23	90	24	90	25	35	26	94	27	78	28	100	29	46	30	21	31	12	32	79	33	31	34	50	35	16	36	60	37	33	38	15	39	36	40	89	41	38	42	15	43	30	44	39	45	36	46	100	47	14	48	86	49	84	
	0	86	1	58	2	54	3	24	4	86	5	67	6	83	7	76	8	38	9	97	10	53	11	14	12	36	13	41	14	54	15	14	16	73	17	59	18	75	19	76	20	32	21	88	22	80	23	34	24	48	25	30	26	30	27	27	28	33	29	47	30	85	31	64	32	57	33	24	34	86	35	37	36	72	37	98	38	63	39	86	40	42	41	65	42	54	43	33	44	70	45	50	46	72	47	30	48	69	49	30	
	0	91	1	78	2	29	3	13	4	38	5	88	6	90	7	58	8	95	9	92	10	14	11	87	12	71	13	75	14	29	15	21	16	65	17	70	18	85	19	34	20	79	21	56	22	94	23	69	24	15	25	67	26	89	27	55	28	86	29	24	30	76	31	24	32	97	33	77	34	33	35	22	36	92	37	77	38	91	39	73	40	71	41	90	42	79	43	81	44	80	45	22	46	18	47	99	48	90	49	67	
	0	56	1	39	2	15	3	38	4	31	5	70	6	96	7	41	8	85	9	95	10	14	11	17	12	48	13	91	14	56	15	86	16	11	17	39	18	96	19	42	20	20	21	64	22	42	23	39	24	77	25	23	26	52	27	26	28	19	29	15	30	74	31	12	32	43	33	82	34	27	35	57	36	18	37	92	38	78	39	83	40	47	41	37	42	21	43	71	44	87	45	60	46	33	47	53	48	31	49	93	