200 10 1
10
	0	96	1	89	2	23	3	66	4	21	5	35	6	28	7	100	8	87	9	31	
	0	17	1	43	2	76	3	72	4	63	5	60	6	88	7	37	8	89	9	98	
	0	60	1	85	2	49	3	78	4	47	5	27	6	28	7	92	8	92	9	39	
	0	74	1	83	2	25	3	35	4	44	5	25	6	42	7	30	8	74	9	26	
	0	22	1	59	2	48	3	75	4	83	5	18	6	71	7	46	8	41	9	28	
	0	81	1	74	2	79	3	84	4	96	5	10	6	43	7	17	8	39	9	81	
	0	21	1	43	2	98	3	85	4	40	5	57	6	54	7	48	8	41	9	35	
	0	25	1	70	2	95	3	44	4	46	5	54	6	69	7	66	8	29	9	44	
	0	25	1	65	2	67	3	50	4	12	5	18	6	97	7	47	8	96	9	62	
	0	41	1	86	2	23	3	82	4	100	5	25	6	48	7	32	8	42	9	55	
	0	72	1	71	2	64	3	86	4	93	5	24	6	29	7	50	8	10	9	27	
	0	72	1	48	2	55	3	75	4	16	5	15	6	56	7	76	8	60	9	73	
	0	83	1	42	2	25	3	67	4	35	5	15	6	13	7	71	8	87	9	59	
	0	54	1	48	2	96	3	33	4	66	5	59	6	42	7	44	8	12	9	87	
	0	25	1	23	2	40	3	46	4	53	5	35	6	88	7	64	8	49	9	66	
	0	33	1	76	2	40	3	31	4	41	5	79	6	77	7	56	8	63	9	61	
	0	29	1	45	2	41	3	47	4	58	5	98	6	46	7	64	8	98	9	34	
	0	55	1	29	2	40	3	95	4	88	5	57	6	42	7	30	8	94	9	72	
	0	67	1	85	2	93	3	17	4	94	5	20	6	54	7	86	8	11	9	48	
	0	73	1	16	2	38	3	22	4	63	5	92	6	16	7	84	8	36	9	66	
	0	51	1	85	2	43	3	96	4	76	5	16	6	46	7	33	8	36	9	11	
	0	100	1	77	2	46	3	56	4	51	5	13	6	17	7	17	8	94	9	64	
	0	77	1	81	2	29	3	79	4	88	5	32	6	98	7	42	8	17	9	42	
	0	24	1	91	2	95	3	75	4	93	5	51	6	31	7	23	8	58	9	30	
	0	98	1	73	2	16	3	84	4	72	5	22	6	69	7	70	8	54	9	37	
	0	26	1	100	2	45	3	96	4	43	5	63	6	59	7	39	8	44	9	84	
	0	16	1	29	2	86	3	95	4	96	5	13	6	26	7	62	8	26	9	76	
	0	86	1	96	2	80	3	65	4	77	5	77	6	53	7	29	8	58	9	76	
	0	53	1	87	2	95	3	40	4	27	5	70	6	15	7	18	8	53	9	53	
	0	61	1	44	2	35	3	63	4	91	5	91	6	83	7	25	8	99	9	36	
	0	67	1	46	2	100	3	38	4	43	5	12	6	39	7	47	8	93	9	96	
	0	79	1	97	2	45	3	50	4	96	5	17	6	87	7	48	8	63	9	58	
	0	69	1	22	2	27	3	53	4	62	5	65	6	55	7	14	8	34	9	23	
	0	97	1	52	2	23	3	56	4	58	5	23	6	29	7	41	8	25	9	19	
	0	18	1	28	2	91	3	31	4	78	5	89	6	49	7	21	8	19	9	75	
	0	22	1	20	2	11	3	14	4	37	5	49	6	73	7	65	8	97	9	28	
	0	56	1	20	2	76	3	29	4	85	5	11	6	97	7	82	8	55	9	85	
	0	31	1	100	2	98	3	84	4	90	5	69	6	58	7	60	8	55	9	77	
	0	91	1	85	2	98	3	43	4	16	5	78	6	73	7	33	8	70	9	33	
	0	90	1	10	2	22	3	65	4	86	5	85	6	69	7	11	8	61	9	11	
	0	31	1	80	2	54	3	14	4	13	5	64	6	57	7	82	8	30	9	79	
	0	46	1	28	2	79	3	76	4	12	5	35	6	24	7	59	8	25	9	15	
	0	63	1	76	2	19	3	84	4	81	5	51	6	22	7	51	8	43	9	54	
	0	27	1	66	2	95	3	62	4	35	5	92	6	84	7	52	8	79	9	12	
	0	49	1	64	2	73	3	73	4	22	5	29	6	78	7	35	8	31	9	70	
	0	100	1	100	2	82	3	57	4	29	5	43	6	23	7	67	8	56	9	88	
	0	33	1	25	2	50	3	62	4	33	5	96	6	83	7	33	8	64	9	48	
	0	95	1	62	2	48	3	51	4	22	5	91	6	16	7	73	8	25	9	13	
	0	99	1	13	2	90	3	74	4	39	5	38	6	62	7	61	8	65	9	49	
	0	72	1	36	2	33	3	77	4	17	5	20	6	26	7	85	8	95	9	69	
	0	97	1	86	2	82	3	75	4	13	5	93	6	86	7	11	8	25	9	19	
	0	26	1	24	2	57	3	13	4	55	5	71	6	16	7	26	8	49	9	42	
	0	86	1	67	2	15	3	44	4	48	5	63	6	40	7	13	8	20	9	37	
	0	72	1	89	2	19	3	68	4	11	5	15	6	77	7	24	8	72	9	40	
	0	40	1	98	2	54	3	25	4	73	5	43	6	37	7	19	8	95	9	60	
	0	57	1	40	2	48	3	68	4	88	5	11	6	83	7	15	8	70	9	98	
	0	27	1	72	2	71	3	46	4	68	5	94	6	83	7	60	8	66	9	24	
	0	60	1	28	2	99	3	67	4	29	5	52	6	53	7	47	8	97	9	33	
	0	37	1	45	2	14	3	91	4	88	5	37	6	26	7	69	8	68	9	60	
	0	75	1	49	2	33	3	100	4	37	5	42	6	61	7	20	8	88	9	71	
	0	10	1	58	2	74	3	88	4	32	5	37	6	28	7	87	8	22	9	51	
	0	84	1	16	2	99	3	16	4	36	5	41	6	68	7	96	8	14	9	20	
	0	69	1	86	2	60	3	30	4	10	5	90	6	86	7	75	8	65	9	23	
	0	94	1	16	2	36	3	45	4	61	5	18	6	93	7	17	8	45	9	31	
	0	67	1	24	2	31	3	85	4	24	5	90	6	27	7	70	8	48	9	44	
	0	48	1	38	2	22	3	13	4	13	5	56	6	55	7	56	8	25	9	40	
	0	19	1	13	2	37	3	87	4	53	5	77	6	79	7	55	8	90	9	30	
	0	76	1	34	2	91	3	52	4	77	5	72	6	34	7	52	8	83	9	61	
	0	93	1	79	2	74	3	51	4	20	5	29	6	26	7	73	8	67	9	10	
	0	27	1	57	2	79	3	99	4	16	5	31	6	60	7	45	8	69	9	61	
	0	10	1	37	2	84	3	58	4	30	5	55	6	97	7	52	8	19	9	50	
	0	30	1	34	2	33	3	64	4	46	5	36	6	79	7	32	8	24	9	52	
	0	49	1	40	2	82	3	85	4	76	5	72	6	73	7	73	8	74	9	38	
	0	62	1	54	2	75	3	19	4	24	5	23	6	36	7	35	8	41	9	20	
	0	29	1	61	2	41	3	52	4	72	5	87	6	78	7	92	8	26	9	58	
	0	83	1	75	2	73	3	89	4	36	5	54	6	13	7	96	8	88	9	69	
	0	63	1	83	2	42	3	89	4	61	5	42	6	25	7	74	8	39	9	84	
	0	77	1	62	2	91	3	21	4	63	5	96	6	41	7	31	8	94	9	14	
	0	58	1	74	2	42	3	14	4	99	5	60	6	86	7	61	8	32	9	46	
	0	19	1	67	2	49	3	35	4	43	5	90	6	20	7	80	8	42	9	94	
	0	80	1	94	2	23	3	90	4	27	5	67	6	48	7	74	8	99	9	76	
	0	54	1	43	2	36	3	16	4	24	5	14	6	69	7	10	8	20	9	98	
	0	81	1	38	2	83	3	100	4	89	5	98	6	30	7	99	8	92	9	31	
	0	61	1	95	2	67	3	25	4	65	5	48	6	26	7	74	8	98	9	94	
	0	22	1	54	2	71	3	64	4	31	5	39	6	75	7	34	8	13	9	88	
	0	25	1	34	2	40	3	47	4	62	5	99	6	21	7	62	8	64	9	83	
	0	54	1	99	2	88	3	93	4	85	5	41	6	54	7	69	8	91	9	97	
	0	91	1	48	2	27	3	94	4	30	5	28	6	32	7	63	8	71	9	74	
	0	80	1	78	2	62	3	14	4	18	5	38	6	49	7	71	8	39	9	61	
	0	63	1	25	2	83	3	63	4	85	5	69	6	93	7	83	8	58	9	76	
	0	76	1	27	2	88	3	78	4	50	5	56	6	16	7	12	8	70	9	78	
	0	21	1	84	2	96	3	79	4	16	5	40	6	59	7	60	8	51	9	100	
	0	29	1	87	2	87	3	42	4	66	5	77	6	53	7	14	8	50	9	60	
	0	52	1	37	2	92	3	84	4	15	5	64	6	22	7	43	8	93	9	34	
	0	54	1	24	2	12	3	46	4	100	5	30	6	64	7	62	8	93	9	69	
	0	48	1	86	2	77	3	55	4	43	5	58	6	34	7	81	8	73	9	37	
	0	59	1	17	2	66	3	99	4	89	5	44	6	10	7	38	8	74	9	24	
	0	46	1	68	2	42	3	96	4	68	5	66	6	85	7	61	8	43	9	65	
	0	17	1	45	2	79	3	69	4	56	5	81	6	85	7	87	8	46	9	21	
	0	60	1	91	2	78	3	13	4	87	5	55	6	46	7	36	8	76	9	14	
	0	16	1	86	2	96	3	71	4	80	5	71	6	22	7	28	8	32	9	79	
	0	22	1	74	2	74	3	42	4	39	5	56	6	72	7	21	8	59	9	52	
	0	62	1	56	2	84	3	91	4	82	5	32	6	92	7	89	8	21	9	45	
	0	86	1	46	2	84	3	51	4	15	5	78	6	71	7	51	8	99	9	44	
	0	83	1	17	2	78	3	93	4	37	5	27	6	11	7	22	8	38	9	25	
	0	45	1	76	2	83	3	87	4	10	5	89	6	62	7	57	8	20	9	68	
	0	29	1	75	2	86	3	71	4	41	5	95	6	11	7	63	8	33	9	16	
	0	39	1	93	2	11	3	97	4	46	5	36	6	62	7	63	8	27	9	90	
	0	57	1	97	2	44	3	52	4	54	5	92	6	86	7	93	8	36	9	27	
	0	35	1	21	2	14	3	47	4	70	5	41	6	52	7	54	8	18	9	59	
	0	89	1	73	2	79	3	83	4	98	5	85	6	70	7	28	8	13	9	64	
	0	89	1	95	2	64	3	97	4	27	5	39	6	39	7	14	8	53	9	89	
	0	97	1	97	2	32	3	59	4	99	5	17	6	82	7	82	8	72	9	49	
	0	44	1	62	2	36	3	46	4	70	5	41	6	54	7	64	8	42	9	50	
	0	35	1	13	2	41	3	94	4	13	5	70	6	53	7	87	8	85	9	21	
	0	66	1	20	2	62	3	82	4	36	5	50	6	61	7	79	8	47	9	70	
	0	16	1	78	2	83	3	81	4	73	5	37	6	39	7	57	8	19	9	35	
	0	33	1	38	2	60	3	33	4	16	5	14	6	61	7	14	8	85	9	62	
	0	72	1	15	2	58	3	89	4	14	5	52	6	89	7	14	8	31	9	17	
	0	22	1	71	2	40	3	70	4	93	5	100	6	87	7	61	8	30	9	27	
	0	58	1	10	2	46	3	71	4	54	5	61	6	80	7	13	8	17	9	12	
	0	17	1	80	2	62	3	37	4	56	5	95	6	16	7	33	8	49	9	100	
	0	13	1	25	2	67	3	13	4	14	5	79	6	82	7	41	8	77	9	34	
	0	48	1	43	2	86	3	55	4	100	5	33	6	58	7	49	8	41	9	57	
	0	59	1	46	2	86	3	78	4	57	5	25	6	38	7	55	8	54	9	67	
	0	97	1	28	2	38	3	91	4	72	5	40	6	65	7	85	8	16	9	62	
	0	28	1	69	2	57	3	54	4	71	5	16	6	84	7	25	8	32	9	78	
	0	60	1	77	2	75	3	29	4	28	5	100	6	57	7	71	8	36	9	48	
	0	11	1	76	2	94	3	94	4	58	5	75	6	87	7	66	8	84	9	71	
	0	27	1	50	2	56	3	90	4	83	5	77	6	97	7	86	8	76	9	20	
	0	10	1	38	2	58	3	12	4	32	5	22	6	53	7	71	8	32	9	56	
	0	23	1	96	2	49	3	50	4	13	5	33	6	86	7	57	8	85	9	47	
	0	10	1	22	2	58	3	80	4	49	5	10	6	51	7	54	8	41	9	53	
	0	40	1	41	2	57	3	32	4	62	5	99	6	45	7	77	8	52	9	20	
	0	55	1	85	2	70	3	75	4	31	5	40	6	97	7	92	8	35	9	59	
	0	66	1	44	2	40	3	26	4	91	5	31	6	38	7	98	8	46	9	88	
	0	24	1	50	2	24	3	56	4	100	5	39	6	58	7	90	8	78	9	23	
	0	85	1	20	2	11	3	66	4	79	5	84	6	67	7	27	8	68	9	33	
	0	72	1	98	2	27	3	87	4	84	5	41	6	22	7	11	8	47	9	14	
	0	52	1	88	2	69	3	22	4	90	5	59	6	66	7	23	8	83	9	28	
	0	61	1	95	2	38	3	81	4	40	5	71	6	75	7	72	8	29	9	93	
	0	13	1	24	2	12	3	50	4	81	5	13	6	17	7	91	8	31	9	46	
	0	31	1	10	2	92	3	50	4	79	5	55	6	87	7	76	8	44	9	61	
	0	95	1	34	2	91	3	78	4	93	5	18	6	69	7	77	8	32	9	76	
	0	54	1	75	2	14	3	21	4	25	5	52	6	85	7	74	8	61	9	40	
	0	18	1	21	2	85	3	100	4	83	5	96	6	87	7	44	8	52	9	82	
	0	47	1	94	2	10	3	74	4	83	5	14	6	95	7	44	8	98	9	71	
	0	44	1	20	2	44	3	55	4	75	5	50	6	63	7	98	8	24	9	20	
	0	88	1	19	2	96	3	84	4	92	5	98	6	28	7	83	8	49	9	63	
	0	62	1	12	2	10	3	25	4	18	5	31	6	59	7	39	8	36	9	50	
	0	97	1	47	2	50	3	21	4	77	5	39	6	36	7	51	8	95	9	11	
	0	100	1	32	2	31	3	91	4	91	5	23	6	69	7	89	8	75	9	74	
	0	69	1	93	2	25	3	15	4	47	5	16	6	48	7	62	8	37	9	11	
	0	64	1	69	2	19	3	88	4	16	5	70	6	12	7	66	8	73	9	19	
	0	42	1	88	2	84	3	35	4	69	5	15	6	23	7	27	8	43	9	98	
	0	100	1	48	2	100	3	91	4	52	5	86	6	31	7	13	8	43	9	61	
	0	67	1	32	2	86	3	99	4	96	5	36	6	75	7	22	8	81	9	80	
	0	22	1	10	2	29	3	16	4	67	5	22	6	39	7	98	8	89	9	99	
	0	73	1	18	2	53	3	42	4	42	5	85	6	62	7	14	8	77	9	57	
	0	85	1	66	2	30	3	51	4	35	5	46	6	83	7	100	8	79	9	18	
	0	98	1	33	2	28	3	89	4	50	5	51	6	67	7	56	8	97	9	28	
	0	39	1	20	2	62	3	17	4	69	5	63	6	47	7	85	8	28	9	32	
	0	12	1	47	2	12	3	17	4	11	5	41	6	73	7	93	8	10	9	51	
	0	64	1	14	2	99	3	73	4	60	5	66	6	34	7	22	8	66	9	29	
	0	58	1	30	2	30	3	26	4	57	5	94	6	30	7	89	8	74	9	75	
	0	37	1	85	2	21	3	47	4	60	5	100	6	97	7	96	8	16	9	22	
	0	76	1	50	2	38	3	26	4	21	5	88	6	42	7	25	8	22	9	13	
	0	60	1	53	2	74	3	84	4	21	5	80	6	37	7	11	8	51	9	52	
	0	42	1	74	2	32	3	12	4	56	5	27	6	94	7	14	8	62	9	86	
	0	54	1	84	2	16	3	55	4	68	5	75	6	99	7	18	8	22	9	48	
	0	31	1	52	2	10	3	25	4	12	5	37	6	36	7	13	8	92	9	69	
	0	76	1	45	2	55	3	29	4	47	5	18	6	21	7	25	8	93	9	97	
	0	30	1	58	2	41	3	77	4	38	5	34	6	77	7	30	8	34	9	95	
	0	95	1	23	2	48	3	22	4	31	5	65	6	96	7	20	8	81	9	52	
	0	48	1	24	2	37	3	68	4	100	5	94	6	68	7	14	8	100	9	81	
	0	88	1	23	2	78	3	74	4	30	5	33	6	16	7	23	8	11	9	80	
	0	55	1	16	2	43	3	69	4	25	5	93	6	75	7	86	8	83	9	35	
	0	30	1	55	2	77	3	16	4	44	5	93	6	77	7	91	8	42	9	89	
	0	67	1	14	2	16	3	35	4	76	5	52	6	64	7	97	8	43	9	48	
	0	42	1	50	2	38	3	70	4	48	5	99	6	11	7	44	8	51	9	72	
	0	52	1	97	2	100	3	50	4	73	5	96	6	13	7	48	8	44	9	38	
	0	70	1	14	2	88	3	16	4	15	5	80	6	25	7	42	8	30	9	91	
	0	84	1	89	2	65	3	67	4	75	5	42	6	17	7	20	8	28	9	68	
	0	20	1	77	2	73	3	99	4	65	5	64	6	91	7	82	8	20	9	51	
	0	98	1	86	2	51	3	41	4	44	5	48	6	73	7	53	8	66	9	66	
	0	46	1	62	2	28	3	92	4	37	5	12	6	42	7	39	8	80	9	31	
	0	71	1	54	2	20	3	90	4	54	5	76	6	73	7	75	8	54	9	70	
	0	88	1	99	2	33	3	100	4	16	5	85	6	33	7	82	8	95	9	22	
	0	70	1	85	2	31	3	85	4	38	5	43	6	43	7	69	8	45	9	64	
	0	31	1	62	2	30	3	62	4	81	5	39	6	19	7	98	8	86	9	44	
	0	13	1	51	2	46	3	51	4	52	5	29	6	56	7	25	8	83	9	73	
	0	74	1	35	2	70	3	62	4	72	5	52	6	13	7	15	8	24	9	44	
	0	21	1	26	2	16	3	90	4	90	5	67	6	97	7	64	8	35	9	53	
	0	64	1	66	2	91	3	33	4	60	5	54	6	96	7	36	8	26	9	86	
	0	73	1	21	2	39	3	12	4	100	5	52	6	61	7	95	8	45	9	54	
	0	50	1	91	2	90	3	30	4	69	5	54	6	58	7	48	8	32	9	78	
	0	73	1	23	2	23	3	70	4	69	5	69	6	35	7	28	8	59	9	66	
	0	47	1	90	2	69	3	68	4	74	5	83	6	38	7	90	8	63	9	23	
	0	14	1	67	2	49	3	76	4	13	5	76	6	64	7	38	8	15	9	20	
	0	69	1	90	2	60	3	75	4	73	5	91	6	81	7	72	8	12	9	24	