200 30 1
30
	0	30	1	83	2	59	3	61	4	37	5	92	6	77	7	75	8	19	9	29	10	68	11	23	12	85	13	71	14	19	15	69	16	75	17	54	18	94	19	68	20	54	21	62	22	79	23	11	24	21	25	38	26	12	27	59	28	11	29	21	
	0	59	1	40	2	63	3	72	4	65	5	41	6	17	7	42	8	90	9	75	10	47	11	55	12	17	13	69	14	73	15	69	16	60	17	79	18	37	19	97	20	97	21	12	22	52	23	57	24	51	25	40	26	20	27	97	28	57	29	37	
	0	75	1	36	2	44	3	27	4	66	5	46	6	96	7	40	8	71	9	97	10	39	11	51	12	81	13	44	14	24	15	53	16	82	17	40	18	90	19	89	20	52	21	47	22	55	23	35	24	59	25	84	26	52	27	41	28	40	29	34	
	0	14	1	59	2	54	3	48	4	74	5	12	6	91	7	18	8	30	9	65	10	25	11	52	12	25	13	28	14	97	15	48	16	62	17	49	18	59	19	37	20	76	21	46	22	38	23	13	24	12	25	70	26	61	27	81	28	69	29	14	
	0	87	1	65	2	89	3	74	4	52	5	96	6	46	7	81	8	59	9	62	10	29	11	61	12	41	13	32	14	71	15	18	16	11	17	93	18	55	19	52	20	51	21	81	22	45	23	94	24	33	25	50	26	86	27	63	28	20	29	21	
	0	66	1	30	2	30	3	89	4	66	5	73	6	51	7	66	8	33	9	28	10	26	11	27	12	26	13	83	14	97	15	64	16	61	17	90	18	99	19	54	20	60	21	26	22	14	23	59	24	40	25	45	26	79	27	12	28	60	29	74	
	0	62	1	28	2	50	3	100	4	76	5	91	6	93	7	48	8	85	9	40	10	26	11	33	12	44	13	70	14	23	15	65	16	76	17	56	18	69	19	59	20	63	21	62	22	21	23	59	24	84	25	12	26	29	27	66	28	18	29	58	
	0	34	1	88	2	50	3	33	4	26	5	45	6	34	7	91	8	84	9	24	10	68	11	58	12	99	13	35	14	40	15	69	16	56	17	71	18	43	19	96	20	85	21	21	22	77	23	19	24	74	25	90	26	66	27	82	28	32	29	11	
	0	82	1	57	2	23	3	44	4	88	5	34	6	34	7	91	8	69	9	12	10	55	11	13	12	21	13	32	14	82	15	48	16	40	17	64	18	41	19	93	20	56	21	43	22	13	23	60	24	32	25	87	26	50	27	86	28	73	29	10	
	0	80	1	20	2	10	3	71	4	65	5	97	6	36	7	36	8	76	9	88	10	88	11	60	12	49	13	97	14	42	15	93	16	22	17	88	18	87	19	34	20	93	21	22	22	86	23	48	24	19	25	45	26	33	27	20	28	28	29	27	
	0	40	1	32	2	78	3	84	4	74	5	32	6	77	7	66	8	18	9	38	10	96	11	71	12	50	13	11	14	34	15	83	16	87	17	43	18	87	19	71	20	75	21	42	22	76	23	72	24	84	25	58	26	26	27	27	28	88	29	16	
	0	81	1	49	2	15	3	74	4	75	5	49	6	80	7	46	8	64	9	98	10	90	11	62	12	38	13	16	14	64	15	87	16	15	17	20	18	15	19	86	20	65	21	24	22	70	23	93	24	45	25	32	26	88	27	93	28	71	29	11	
	0	92	1	82	2	38	3	95	4	69	5	10	6	57	7	44	8	59	9	49	10	43	11	96	12	92	13	96	14	59	15	68	16	40	17	96	18	89	19	10	20	25	21	63	22	69	23	95	24	75	25	12	26	44	27	45	28	31	29	46	
	0	30	1	12	2	81	3	86	4	40	5	89	6	91	7	95	8	92	9	21	10	74	11	35	12	97	13	19	14	67	15	34	16	39	17	53	18	55	19	36	20	50	21	51	22	91	23	45	24	68	25	74	26	32	27	21	28	56	29	31	
	0	27	1	73	2	10	3	74	4	14	5	48	6	87	7	73	8	34	9	99	10	54	11	29	12	97	13	45	14	65	15	36	16	36	17	95	18	29	19	54	20	62	21	35	22	58	23	80	24	23	25	33	26	35	27	14	28	44	29	68	
	0	99	1	77	2	22	3	36	4	36	5	22	6	31	7	97	8	66	9	19	10	76	11	84	12	28	13	61	14	18	15	45	16	73	17	49	18	29	19	14	20	91	21	15	22	68	23	16	24	48	25	62	26	66	27	69	28	97	29	65	
	0	52	1	36	2	26	3	49	4	20	5	88	6	15	7	46	8	19	9	65	10	42	11	71	12	61	13	91	14	84	15	64	16	76	17	56	18	12	19	59	20	23	21	36	22	26	23	70	24	70	25	65	26	17	27	50	28	14	29	63	
	0	71	1	62	2	68	3	35	4	77	5	85	6	21	7	58	8	16	9	87	10	10	11	30	12	81	13	69	14	43	15	98	16	96	17	21	18	70	19	63	20	33	21	18	22	62	23	76	24	95	25	57	26	78	27	53	28	62	29	32	
	0	46	1	19	2	23	3	19	4	36	5	98	6	33	7	87	8	96	9	44	10	19	11	92	12	22	13	76	14	97	15	93	16	64	17	30	18	21	19	28	20	38	21	19	22	81	23	34	24	40	25	32	26	72	27	29	28	99	29	53	
	0	18	1	95	2	55	3	31	4	14	5	13	6	50	7	48	8	29	9	54	10	94	11	68	12	24	13	65	14	23	15	73	16	42	17	42	18	88	19	90	20	46	21	47	22	77	23	15	24	20	25	75	26	95	27	85	28	79	29	36	
	0	99	1	15	2	39	3	67	4	27	5	62	6	91	7	14	8	24	9	84	10	76	11	84	12	44	13	10	14	11	15	60	16	64	17	66	18	90	19	86	20	24	21	44	22	62	23	30	24	65	25	77	26	95	27	29	28	100	29	70	
	0	72	1	54	2	81	3	83	4	31	5	96	6	93	7	99	8	47	9	40	10	73	11	42	12	50	13	92	14	75	15	18	16	49	17	28	18	58	19	54	20	58	21	43	22	46	23	75	24	79	25	57	26	13	27	58	28	17	29	60	
	0	30	1	45	2	31	3	48	4	40	5	86	6	42	7	28	8	57	9	56	10	72	11	52	12	31	13	21	14	92	15	36	16	75	17	91	18	12	19	48	20	25	21	35	22	68	23	69	24	95	25	35	26	26	27	32	28	75	29	86	
	0	39	1	35	2	88	3	72	4	56	5	88	6	92	7	71	8	68	9	63	10	44	11	79	12	78	13	63	14	12	15	49	16	16	17	67	18	15	19	66	20	98	21	24	22	37	23	20	24	99	25	43	26	100	27	36	28	54	29	67	
	0	11	1	19	2	97	3	99	4	52	5	41	6	93	7	86	8	18	9	31	10	24	11	32	12	21	13	62	14	54	15	62	16	84	17	55	18	69	19	21	20	17	21	85	22	78	23	55	24	76	25	13	26	45	27	61	28	88	29	73	
	0	98	1	79	2	42	3	12	4	48	5	96	6	14	7	17	8	28	9	24	10	70	11	46	12	45	13	23	14	52	15	96	16	83	17	85	18	16	19	79	20	90	21	99	22	12	23	14	24	20	25	85	26	18	27	67	28	42	29	24	
	0	29	1	76	2	83	3	32	4	35	5	90	6	37	7	58	8	51	9	53	10	55	11	43	12	93	13	79	14	91	15	68	16	67	17	56	18	31	19	52	20	60	21	36	22	71	23	22	24	61	25	66	26	28	27	97	28	95	29	27	
	0	71	1	47	2	23	3	36	4	13	5	73	6	69	7	89	8	53	9	24	10	40	11	43	12	55	13	88	14	15	15	45	16	98	17	48	18	41	19	32	20	79	21	90	22	76	23	21	24	93	25	36	26	43	27	17	28	37	29	59	
	0	25	1	65	2	98	3	35	4	10	5	76	6	99	7	76	8	83	9	83	10	17	11	56	12	91	13	71	14	68	15	60	16	48	17	83	18	78	19	43	20	18	21	60	22	58	23	38	24	92	25	98	26	21	27	34	28	97	29	57	
	0	99	1	51	2	66	3	51	4	51	5	54	6	95	7	85	8	46	9	31	10	24	11	58	12	93	13	61	14	28	15	67	16	58	17	28	18	60	19	63	20	53	21	59	22	15	23	45	24	39	25	14	26	41	27	92	28	76	29	81	
	0	79	1	54	2	76	3	60	4	81	5	99	6	55	7	61	8	75	9	97	10	70	11	24	12	13	13	100	14	70	15	20	16	22	17	66	18	39	19	51	20	60	21	75	22	90	23	41	24	43	25	49	26	52	27	19	28	32	29	90	
	0	53	1	18	2	42	3	41	4	36	5	71	6	84	7	21	8	77	9	83	10	51	11	63	12	55	13	32	14	91	15	79	16	23	17	85	18	67	19	85	20	29	21	59	22	15	23	82	24	60	25	32	26	15	27	15	28	36	29	68	
	0	53	1	80	2	49	3	31	4	88	5	29	6	14	7	91	8	10	9	62	10	35	11	70	12	14	13	99	14	72	15	83	16	79	17	80	18	62	19	43	20	27	21	58	22	25	23	89	24	17	25	50	26	21	27	95	28	82	29	38	
	0	68	1	18	2	35	3	68	4	38	5	44	6	86	7	39	8	15	9	42	10	30	11	97	12	41	13	47	14	99	15	15	16	29	17	61	18	90	19	57	20	85	21	35	22	52	23	31	24	56	25	75	26	55	27	50	28	41	29	78	
	0	54	1	12	2	81	3	76	4	99	5	57	6	69	7	66	8	52	9	77	10	13	11	69	12	24	13	27	14	59	15	47	16	93	17	21	18	58	19	96	20	45	21	28	22	83	23	54	24	12	25	58	26	40	27	65	28	84	29	87	
	0	89	1	67	2	29	3	66	4	50	5	41	6	66	7	90	8	73	9	46	10	24	11	24	12	24	13	93	14	67	15	94	16	11	17	100	18	88	19	44	20	87	21	98	22	90	23	85	24	52	25	24	26	12	27	34	28	37	29	40	
	0	78	1	75	2	86	3	10	4	43	5	97	6	20	7	16	8	51	9	96	10	89	11	96	12	34	13	46	14	74	15	71	16	81	17	73	18	45	19	60	20	22	21	85	22	100	23	15	24	18	25	10	26	18	27	10	28	18	29	19	
	0	17	1	41	2	90	3	98	4	96	5	62	6	43	7	62	8	46	9	12	10	36	11	93	12	46	13	33	14	14	15	44	16	91	17	44	18	99	19	45	20	33	21	72	22	44	23	28	24	50	25	29	26	62	27	54	28	39	29	62	
	0	72	1	52	2	39	3	25	4	95	5	42	6	83	7	97	8	98	9	36	10	48	11	89	12	31	13	16	14	31	15	12	16	90	17	15	18	20	19	26	20	74	21	43	22	97	23	99	24	28	25	56	26	80	27	93	28	40	29	37	
	0	53	1	24	2	68	3	97	4	98	5	19	6	100	7	80	8	17	9	62	10	13	11	31	12	22	13	25	14	30	15	96	16	88	17	54	18	96	19	31	20	23	21	40	22	80	23	69	24	27	25	97	26	90	27	67	28	68	29	98	
	0	73	1	33	2	89	3	12	4	56	5	41	6	99	7	86	8	68	9	67	10	29	11	84	12	59	13	34	14	75	15	14	16	21	17	29	18	68	19	37	20	26	21	83	22	94	23	63	24	27	25	35	26	55	27	92	28	17	29	26	
	0	83	1	95	2	86	3	43	4	75	5	96	6	98	7	46	8	98	9	24	10	49	11	91	12	78	13	21	14	57	15	44	16	71	17	34	18	14	19	94	20	85	21	31	22	20	23	51	24	51	25	19	26	76	27	73	28	38	29	37	
	0	28	1	79	2	93	3	13	4	88	5	14	6	93	7	72	8	61	9	77	10	26	11	18	12	70	13	81	14	68	15	24	16	76	17	67	18	33	19	55	20	95	21	70	22	18	23	29	24	59	25	89	26	82	27	41	28	72	29	26	
	0	27	1	90	2	12	3	76	4	65	5	89	6	70	7	99	8	98	9	13	10	76	11	17	12	57	13	26	14	12	15	78	16	61	17	72	18	18	19	13	20	27	21	45	22	37	23	78	24	31	25	67	26	34	27	63	28	56	29	69	
	0	10	1	73	2	23	3	18	4	42	5	22	6	78	7	31	8	63	9	27	10	70	11	43	12	29	13	77	14	84	15	52	16	43	17	64	18	13	19	50	20	30	21	88	22	29	23	12	24	36	25	14	26	26	27	20	28	74	29	95	
	0	99	1	41	2	26	3	22	4	43	5	30	6	55	7	80	8	89	9	56	10	63	11	75	12	84	13	87	14	23	15	89	16	24	17	74	18	46	19	18	20	23	21	16	22	79	23	69	24	56	25	63	26	74	27	86	28	29	29	10	
	0	27	1	47	2	52	3	67	4	74	5	64	6	63	7	56	8	100	9	98	10	42	11	26	12	70	13	100	14	78	15	26	16	81	17	19	18	55	19	86	20	80	21	36	22	27	23	23	24	37	25	80	26	23	27	62	28	14	29	24	
	0	27	1	57	2	57	3	25	4	14	5	48	6	27	7	22	8	47	9	39	10	97	11	45	12	90	13	39	14	12	15	64	16	58	17	50	18	55	19	21	20	17	21	39	22	75	23	75	24	52	25	95	26	83	27	80	28	61	29	59	
	0	15	1	42	2	67	3	44	4	20	5	53	6	92	7	65	8	45	9	69	10	17	11	38	12	97	13	54	14	95	15	64	16	12	17	49	18	70	19	43	20	22	21	60	22	63	23	57	24	97	25	43	26	15	27	18	28	25	29	22	
	0	14	1	100	2	66	3	94	4	92	5	90	6	57	7	87	8	23	9	28	10	23	11	49	12	74	13	29	14	81	15	25	16	16	17	28	18	19	19	47	20	26	21	89	22	49	23	84	24	51	25	74	26	80	27	71	28	85	29	42	
	0	36	1	86	2	54	3	44	4	90	5	22	6	20	7	30	8	27	9	24	10	82	11	43	12	90	13	12	14	43	15	53	16	44	17	39	18	76	19	28	20	16	21	32	22	27	23	52	24	83	25	85	26	61	27	46	28	70	29	33	
	0	86	1	34	2	27	3	53	4	84	5	100	6	72	7	49	8	45	9	85	10	45	11	17	12	16	13	89	14	52	15	89	16	65	17	95	18	25	19	47	20	75	21	81	22	42	23	100	24	44	25	61	26	23	27	93	28	90	29	51	
	0	68	1	31	2	33	3	63	4	17	5	10	6	74	7	89	8	77	9	34	10	49	11	100	12	77	13	51	14	65	15	72	16	38	17	50	18	48	19	32	20	66	21	71	22	97	23	98	24	80	25	58	26	66	27	26	28	21	29	38	
	0	66	1	93	2	25	3	52	4	69	5	19	6	17	7	14	8	54	9	65	10	87	11	44	12	89	13	44	14	60	15	78	16	63	17	77	18	35	19	88	20	87	21	12	22	67	23	82	24	61	25	21	26	29	27	97	28	93	29	63	
	0	26	1	19	2	31	3	82	4	56	5	54	6	85	7	53	8	85	9	32	10	67	11	26	12	27	13	19	14	77	15	67	16	42	17	11	18	21	19	93	20	10	21	95	22	18	23	93	24	83	25	85	26	79	27	88	28	61	29	39	
	0	68	1	24	2	66	3	28	4	55	5	30	6	30	7	12	8	58	9	98	10	24	11	41	12	82	13	71	14	27	15	95	16	90	17	51	18	29	19	19	20	46	21	97	22	96	23	15	24	76	25	10	26	92	27	31	28	52	29	23	
	0	12	1	52	2	77	3	74	4	35	5	58	6	10	7	83	8	63	9	22	10	94	11	85	12	57	13	89	14	70	15	49	16	34	17	80	18	13	19	22	20	34	21	88	22	76	23	34	24	98	25	41	26	97	27	75	28	52	29	33	
	0	51	1	96	2	76	3	71	4	86	5	37	6	69	7	26	8	95	9	46	10	86	11	34	12	65	13	79	14	38	15	19	16	85	17	79	18	72	19	95	20	45	21	35	22	88	23	46	24	52	25	19	26	98	27	88	28	75	29	19	
	0	12	1	21	2	72	3	84	4	51	5	94	6	64	7	81	8	80	9	34	10	100	11	45	12	14	13	85	14	73	15	16	16	78	17	73	18	70	19	92	20	33	21	20	22	46	23	13	24	87	25	100	26	16	27	72	28	86	29	37	
	0	85	1	95	2	51	3	43	4	64	5	84	6	60	7	27	8	77	9	10	10	76	11	58	12	39	13	31	14	55	15	75	16	93	17	54	18	29	19	83	20	97	21	23	22	30	23	18	24	51	25	95	26	38	27	13	28	35	29	69	
	0	95	1	56	2	61	3	93	4	92	5	19	6	49	7	45	8	85	9	64	10	32	11	76	12	67	13	67	14	87	15	78	16	87	17	51	18	83	19	89	20	81	21	55	22	63	23	36	24	22	25	62	26	87	27	68	28	77	29	74	
	0	29	1	65	2	15	3	84	4	20	5	59	6	28	7	98	8	38	9	13	10	87	11	81	12	80	13	69	14	45	15	19	16	41	17	87	18	14	19	39	20	61	21	24	22	86	23	39	24	83	25	90	26	36	27	10	28	68	29	15	
	0	68	1	90	2	34	3	91	4	94	5	41	6	51	7	28	8	69	9	68	10	91	11	28	12	99	13	50	14	60	15	97	16	85	17	49	18	47	19	93	20	98	21	22	22	96	23	64	24	90	25	35	26	50	27	47	28	30	29	58	
	0	41	1	27	2	94	3	74	4	72	5	27	6	53	7	85	8	88	9	39	10	21	11	54	12	31	13	84	14	82	15	31	16	84	17	54	18	18	19	77	20	77	21	81	22	83	23	60	24	69	25	90	26	51	27	57	28	85	29	32	
	0	26	1	16	2	49	3	58	4	86	5	69	6	74	7	77	8	31	9	65	10	40	11	30	12	23	13	91	14	83	15	83	16	93	17	100	18	76	19	36	20	52	21	89	22	22	23	91	24	18	25	90	26	98	27	42	28	40	29	99	
	0	88	1	27	2	55	3	59	4	37	5	85	6	66	7	86	8	55	9	74	10	28	11	65	12	79	13	67	14	34	15	78	16	97	17	65	18	62	19	99	20	35	21	13	22	61	23	15	24	95	25	27	26	60	27	30	28	13	29	67	
	0	55	1	68	2	64	3	57	4	56	5	56	6	37	7	29	8	85	9	65	10	61	11	79	12	28	13	27	14	50	15	70	16	10	17	31	18	33	19	60	20	63	21	55	22	86	23	74	24	99	25	20	26	42	27	37	28	65	29	70	
	0	69	1	98	2	49	3	57	4	80	5	51	6	82	7	33	8	59	9	84	10	52	11	27	12	69	13	42	14	47	15	16	16	41	17	54	18	20	19	33	20	75	21	84	22	35	23	20	24	37	25	33	26	96	27	21	28	28	29	97	
	0	61	1	62	2	90	3	90	4	92	5	79	6	37	7	20	8	76	9	16	10	80	11	65	12	73	13	47	14	46	15	13	16	70	17	74	18	56	19	17	20	13	21	72	22	77	23	80	24	47	25	40	26	20	27	55	28	19	29	25	
	0	80	1	48	2	100	3	93	4	37	5	26	6	67	7	98	8	48	9	99	10	81	11	24	12	72	13	72	14	72	15	92	16	54	17	75	18	85	19	88	20	49	21	80	22	46	23	35	24	17	25	26	26	72	27	99	28	82	29	20	
	0	93	1	11	2	86	3	11	4	34	5	21	6	48	7	65	8	70	9	93	10	36	11	72	12	43	13	56	14	20	15	34	16	44	17	38	18	15	19	18	20	37	21	78	22	78	23	35	24	98	25	13	26	10	27	27	28	100	29	84	
	0	13	1	99	2	13	3	32	4	19	5	21	6	48	7	62	8	18	9	11	10	65	11	16	12	99	13	30	14	20	15	55	16	78	17	17	18	80	19	39	20	92	21	100	22	24	23	76	24	71	25	11	26	48	27	76	28	96	29	94	
	0	89	1	30	2	38	3	99	4	73	5	65	6	69	7	41	8	99	9	37	10	70	11	19	12	64	13	31	14	59	15	57	16	11	17	77	18	11	19	40	20	45	21	75	22	37	23	35	24	21	25	57	26	12	27	16	28	80	29	83	
	0	72	1	23	2	75	3	57	4	97	5	76	6	78	7	61	8	62	9	50	10	41	11	35	12	90	13	80	14	74	15	56	16	89	17	73	18	48	19	88	20	59	21	26	22	100	23	97	24	11	25	33	26	53	27	99	28	21	29	75	
	0	15	1	48	2	61	3	85	4	49	5	14	6	65	7	58	8	72	9	56	10	97	11	50	12	92	13	46	14	67	15	12	16	54	17	76	18	50	19	61	20	94	21	96	22	64	23	72	24	59	25	51	26	97	27	29	28	10	29	56	
	0	92	1	67	2	49	3	26	4	10	5	67	6	96	7	61	8	26	9	42	10	75	11	95	12	76	13	43	14	79	15	70	16	22	17	35	18	77	19	45	20	67	21	92	22	86	23	82	24	36	25	61	26	41	27	43	28	84	29	81	
	0	25	1	57	2	80	3	15	4	72	5	72	6	24	7	58	8	12	9	15	10	77	11	49	12	60	13	35	14	13	15	62	16	56	17	14	18	97	19	77	20	73	21	11	22	96	23	61	24	64	25	62	26	25	27	21	28	37	29	89	
	0	92	1	35	2	67	3	16	4	21	5	16	6	35	7	75	8	21	9	21	10	25	11	56	12	21	13	74	14	85	15	57	16	47	17	96	18	18	19	36	20	83	21	21	22	38	23	43	24	63	25	56	26	71	27	35	28	94	29	68	
	0	19	1	21	2	10	3	42	4	12	5	61	6	40	7	49	8	74	9	61	10	42	11	34	12	76	13	25	14	66	15	21	16	64	17	90	18	49	19	76	20	35	21	60	22	35	23	86	24	66	25	42	26	59	27	55	28	61	29	32	
	0	80	1	69	2	40	3	64	4	34	5	88	6	55	7	47	8	24	9	90	10	83	11	64	12	39	13	79	14	32	15	33	16	48	17	89	18	52	19	72	20	85	21	81	22	27	23	30	24	92	25	92	26	54	27	84	28	84	29	80	
	0	83	1	87	2	17	3	100	4	46	5	13	6	91	7	76	8	52	9	88	10	13	11	25	12	30	13	37	14	68	15	36	16	31	17	51	18	46	19	33	20	91	21	48	22	68	23	49	24	41	25	83	26	15	27	26	28	13	29	12	
	0	12	1	35	2	33	3	61	4	51	5	100	6	23	7	92	8	60	9	53	10	11	11	65	12	43	13	71	14	87	15	46	16	17	17	53	18	36	19	34	20	83	21	76	22	20	23	17	24	72	25	43	26	69	27	19	28	27	29	51	
	0	16	1	89	2	71	3	95	4	19	5	28	6	27	7	11	8	45	9	52	10	61	11	66	12	62	13	33	14	35	15	92	16	31	17	70	18	17	19	51	20	20	21	60	22	85	23	77	24	27	25	34	26	27	27	43	28	42	29	95	
	0	95	1	80	2	66	3	24	4	27	5	19	6	85	7	61	8	14	9	78	10	45	11	28	12	94	13	87	14	25	15	40	16	34	17	36	18	100	19	85	20	39	21	64	22	67	23	28	24	43	25	87	26	63	27	25	28	96	29	80	
	0	60	1	79	2	59	3	70	4	97	5	20	6	56	7	46	8	90	9	28	10	14	11	69	12	56	13	10	14	54	15	53	16	60	17	47	18	63	19	44	20	94	21	87	22	53	23	66	24	73	25	36	26	15	27	36	28	60	29	55	
	0	99	1	88	2	13	3	77	4	65	5	13	6	80	7	59	8	59	9	43	10	87	11	68	12	64	13	96	14	19	15	38	16	83	17	55	18	79	19	28	20	46	21	51	22	12	23	71	24	13	25	100	26	21	27	28	28	86	29	92	
	0	29	1	14	2	17	3	70	4	20	5	67	6	66	7	11	8	91	9	37	10	15	11	89	12	51	13	42	14	28	15	25	16	49	17	35	18	94	19	78	20	57	21	89	22	74	23	27	24	77	25	47	26	14	27	91	28	54	29	73	
	0	33	1	22	2	28	3	60	4	34	5	32	6	75	7	30	8	21	9	33	10	73	11	64	12	64	13	65	14	58	15	53	16	29	17	46	18	32	19	32	20	92	21	11	22	96	23	44	24	21	25	60	26	10	27	82	28	27	29	60	
	0	51	1	32	2	69	3	77	4	68	5	50	6	68	7	47	8	13	9	15	10	36	11	84	12	23	13	56	14	69	15	44	16	15	17	24	18	26	19	64	20	76	21	43	22	21	23	84	24	50	25	38	26	73	27	11	28	68	29	66	
	0	13	1	37	2	60	3	45	4	55	5	23	6	40	7	40	8	75	9	52	10	49	11	36	12	85	13	32	14	53	15	70	16	10	17	54	18	19	19	16	20	64	21	92	22	62	23	57	24	90	25	16	26	41	27	24	28	17	29	100	
	0	14	1	38	2	14	3	58	4	80	5	57	6	55	7	10	8	82	9	11	10	89	11	38	12	60	13	47	14	25	15	59	16	40	17	88	18	25	19	88	20	41	21	71	22	65	23	31	24	100	25	33	26	96	27	92	28	28	29	16	
	0	21	1	37	2	13	3	87	4	51	5	62	6	23	7	17	8	71	9	25	10	41	11	27	12	74	13	13	14	16	15	35	16	61	17	82	18	88	19	67	20	90	21	30	22	81	23	39	24	68	25	37	26	29	27	79	28	39	29	46	
	0	57	1	99	2	80	3	23	4	35	5	82	6	68	7	14	8	92	9	15	10	42	11	81	12	11	13	74	14	49	15	21	16	31	17	73	18	67	19	38	20	50	21	71	22	37	23	83	24	59	25	37	26	93	27	22	28	25	29	64	
	0	11	1	36	2	40	3	93	4	65	5	42	6	26	7	75	8	19	9	77	10	30	11	13	12	56	13	54	14	10	15	92	16	49	17	50	18	35	19	52	20	57	21	67	22	73	23	13	24	66	25	53	26	74	27	69	28	26	29	45	
	0	23	1	66	2	87	3	79	4	10	5	14	6	61	7	77	8	42	9	75	10	54	11	89	12	49	13	70	14	79	15	93	16	69	17	38	18	87	19	49	20	74	21	95	22	82	23	77	24	21	25	18	26	61	27	20	28	36	29	97	
	0	63	1	76	2	26	3	88	4	68	5	29	6	12	7	89	8	27	9	82	10	74	11	95	12	36	13	60	14	71	15	71	16	79	17	53	18	90	19	82	20	20	21	85	22	33	23	92	24	60	25	89	26	96	27	91	28	27	29	16	
	0	91	1	12	2	22	3	89	4	85	5	91	6	11	7	97	8	30	9	29	10	70	11	36	12	17	13	94	14	31	15	85	16	82	17	29	18	50	19	89	20	15	21	59	22	18	23	71	24	11	25	58	26	46	27	54	28	48	29	50	
	0	93	1	94	2	57	3	21	4	76	5	69	6	79	7	41	8	10	9	36	10	55	11	16	12	22	13	15	14	13	15	19	16	46	17	64	18	85	19	10	20	92	21	72	22	50	23	81	24	52	25	81	26	21	27	73	28	19	29	82	
	0	31	1	20	2	63	3	85	4	57	5	89	6	98	7	80	8	45	9	82	10	38	11	42	12	89	13	44	14	14	15	33	16	48	17	64	18	92	19	93	20	21	21	33	22	82	23	15	24	33	25	50	26	66	27	42	28	83	29	75	
	0	60	1	52	2	62	3	88	4	75	5	76	6	45	7	69	8	18	9	63	10	28	11	57	12	71	13	61	14	15	15	21	16	99	17	68	18	98	19	41	20	26	21	16	22	44	23	13	24	90	25	91	26	63	27	79	28	59	29	82	
	0	22	1	17	2	29	3	22	4	60	5	53	6	33	7	94	8	11	9	13	10	39	11	73	12	22	13	53	14	81	15	96	16	19	17	86	18	46	19	73	20	86	21	13	22	41	23	58	24	70	25	52	26	42	27	78	28	70	29	88	
	0	13	1	16	2	65	3	66	4	37	5	88	6	11	7	59	8	76	9	48	10	26	11	99	12	31	13	88	14	69	15	35	16	87	17	11	18	78	19	30	20	36	21	87	22	100	23	77	24	57	25	72	26	33	27	58	28	57	29	30	
	0	14	1	14	2	21	3	42	4	65	5	29	6	11	7	98	8	25	9	55	10	86	11	54	12	62	13	62	14	25	15	75	16	12	17	18	18	75	19	63	20	85	21	78	22	56	23	47	24	32	25	74	26	47	27	45	28	85	29	76	
	0	99	1	52	2	17	3	71	4	61	5	95	6	71	7	64	8	32	9	49	10	21	11	42	12	14	13	15	14	100	15	13	16	56	17	79	18	24	19	19	20	58	21	38	22	23	23	48	24	97	25	19	26	43	27	35	28	31	29	17	
	0	67	1	98	2	68	3	75	4	71	5	65	6	86	7	15	8	72	9	56	10	20	11	73	12	99	13	77	14	17	15	63	16	30	17	11	18	75	19	43	20	97	21	64	22	97	23	46	24	47	25	85	26	50	27	13	28	25	29	60	
	0	63	1	64	2	98	3	90	4	68	5	33	6	71	7	77	8	91	9	23	10	49	11	69	12	85	13	86	14	73	15	18	16	28	17	76	18	30	19	22	20	40	21	13	22	22	23	61	24	77	25	65	26	35	27	89	28	55	29	92	
	0	18	1	11	2	10	3	76	4	87	5	79	6	34	7	97	8	32	9	24	10	37	11	51	12	32	13	13	14	94	15	69	16	21	17	25	18	57	19	97	20	25	21	33	22	21	23	84	24	17	25	87	26	93	27	51	28	100	29	74	
	0	41	1	19	2	10	3	91	4	98	5	50	6	78	7	37	8	19	9	44	10	86	11	61	12	74	13	75	14	80	15	84	16	85	17	84	18	96	19	32	20	25	21	96	22	11	23	28	24	12	25	76	26	83	27	25	28	79	29	31	
	0	61	1	99	2	29	3	93	4	83	5	70	6	14	7	68	8	27	9	53	10	38	11	77	12	87	13	63	14	92	15	33	16	52	17	52	18	53	19	60	20	51	21	21	22	33	23	24	24	45	25	40	26	71	27	58	28	23	29	46	
	0	75	1	22	2	83	3	17	4	51	5	85	6	43	7	70	8	32	9	85	10	77	11	58	12	100	13	30	14	99	15	65	16	48	17	54	18	66	19	37	20	64	21	52	22	64	23	28	24	62	25	13	26	72	27	37	28	87	29	92	
	0	67	1	83	2	14	3	59	4	43	5	74	6	67	7	57	8	98	9	20	10	20	11	34	12	16	13	13	14	79	15	99	16	75	17	72	18	15	19	84	20	30	21	60	22	83	23	48	24	29	25	14	26	79	27	16	28	74	29	99	
	0	62	1	30	2	67	3	87	4	29	5	48	6	59	7	68	8	46	9	69	10	42	11	68	12	21	13	94	14	98	15	64	16	26	17	60	18	45	19	16	20	33	21	86	22	74	23	24	24	48	25	92	26	90	27	98	28	67	29	47	
	0	20	1	35	2	53	3	53	4	72	5	70	6	99	7	36	8	55	9	57	10	75	11	60	12	87	13	55	14	90	15	11	16	55	17	10	18	16	19	19	20	83	21	73	22	54	23	73	24	14	25	36	26	25	27	27	28	33	29	20	
	0	38	1	50	2	50	3	77	4	33	5	95	6	72	7	55	8	98	9	33	10	57	11	34	12	96	13	83	14	49	15	92	16	53	17	21	18	99	19	77	20	11	21	35	22	79	23	81	24	85	25	80	26	87	27	55	28	31	29	62	
	0	95	1	46	2	65	3	12	4	87	5	38	6	44	7	47	8	55	9	94	10	13	11	54	12	30	13	92	14	29	15	80	16	32	17	49	18	73	19	35	20	80	21	11	22	91	23	31	24	39	25	78	26	43	27	33	28	61	29	46	
	0	53	1	67	2	27	3	30	4	78	5	73	6	47	7	30	8	33	9	77	10	29	11	39	12	43	13	92	14	48	15	17	16	80	17	16	18	85	19	51	20	35	21	82	22	75	23	98	24	56	25	68	26	41	27	68	28	40	29	51	
	0	14	1	43	2	58	3	76	4	100	5	46	6	33	7	87	8	30	9	83	10	96	11	27	12	79	13	57	14	75	15	23	16	74	17	85	18	51	19	37	20	63	21	57	22	44	23	49	24	53	25	93	26	45	27	38	28	86	29	71	
	0	90	1	35	2	94	3	24	4	46	5	73	6	93	7	30	8	27	9	37	10	51	11	72	12	31	13	71	14	56	15	81	16	94	17	77	18	40	19	41	20	93	21	31	22	33	23	78	24	96	25	71	26	11	27	11	28	57	29	54	
	0	10	1	42	2	71	3	74	4	48	5	76	6	77	7	96	8	97	9	28	10	14	11	61	12	90	13	44	14	51	15	28	16	41	17	28	18	25	19	37	20	88	21	99	22	32	23	24	24	37	25	60	26	75	27	67	28	15	29	44	
	0	34	1	99	2	75	3	64	4	96	5	54	6	84	7	54	8	90	9	10	10	68	11	57	12	52	13	57	14	78	15	84	16	22	17	64	18	10	19	45	20	70	21	12	22	45	23	65	24	51	25	87	26	49	27	60	28	52	29	10	
	0	51	1	31	2	68	3	54	4	86	5	33	6	54	7	28	8	49	9	57	10	33	11	22	12	62	13	94	14	66	15	91	16	30	17	41	18	47	19	33	20	60	21	80	22	81	23	55	24	98	25	58	26	93	27	33	28	50	29	21	
	0	68	1	49	2	53	3	19	4	17	5	22	6	79	7	63	8	66	9	70	10	79	11	33	12	31	13	62	14	79	15	85	16	100	17	22	18	34	19	11	20	57	21	29	22	49	23	25	24	61	25	94	26	74	27	17	28	87	29	92	
	0	93	1	67	2	31	3	11	4	57	5	95	6	71	7	100	8	37	9	21	10	47	11	83	12	57	13	93	14	58	15	46	16	19	17	39	18	63	19	54	20	21	21	14	22	48	23	37	24	45	25	52	26	83	27	47	28	63	29	74	
	0	12	1	64	2	84	3	52	4	51	5	91	6	59	7	50	8	50	9	29	10	70	11	63	12	16	13	14	14	80	15	63	16	88	17	55	18	22	19	55	20	85	21	10	22	22	23	85	24	29	25	79	26	38	27	60	28	30	29	81	
	0	56	1	93	2	75	3	90	4	21	5	57	6	14	7	54	8	57	9	15	10	84	11	93	12	31	13	49	14	46	15	79	16	48	17	71	18	96	19	31	20	93	21	14	22	84	23	72	24	26	25	86	26	19	27	98	28	17	29	49	
	0	61	1	35	2	46	3	22	4	56	5	64	6	63	7	28	8	84	9	81	10	33	11	75	12	73	13	99	14	41	15	81	16	81	17	27	18	69	19	97	20	74	21	60	22	72	23	77	24	73	25	18	26	47	27	84	28	43	29	68	
	0	96	1	28	2	27	3	92	4	11	5	73	6	76	7	10	8	18	9	92	10	51	11	67	12	98	13	34	14	87	15	91	16	28	17	99	18	55	19	90	20	37	21	57	22	89	23	83	24	61	25	71	26	98	27	40	28	57	29	89	
	0	47	1	90	2	94	3	72	4	81	5	51	6	29	7	48	8	23	9	78	10	98	11	56	12	17	13	90	14	87	15	81	16	95	17	95	18	14	19	63	20	27	21	85	22	53	23	98	24	49	25	97	26	83	27	15	28	23	29	86	
	0	42	1	67	2	24	3	58	4	67	5	31	6	23	7	83	8	47	9	59	10	62	11	35	12	38	13	31	14	86	15	17	16	14	17	27	18	10	19	87	20	29	21	26	22	30	23	13	24	44	25	98	26	64	27	28	28	32	29	92	
	0	39	1	88	2	12	3	88	4	66	5	90	6	16	7	50	8	96	9	94	10	91	11	81	12	23	13	87	14	47	15	94	16	77	17	18	18	60	19	99	20	24	21	82	22	13	23	59	24	62	25	13	26	83	27	93	28	63	29	92	
	0	60	1	100	2	34	3	80	4	22	5	99	6	100	7	76	8	100	9	35	10	77	11	49	12	68	13	26	14	51	15	77	16	13	17	14	18	90	19	55	20	60	21	10	22	32	23	70	24	82	25	43	26	36	27	69	28	41	29	68	
	0	53	1	25	2	19	3	55	4	21	5	75	6	64	7	73	8	82	9	99	10	62	11	43	12	17	13	39	14	45	15	72	16	24	17	62	18	84	19	13	20	17	21	39	22	87	23	83	24	31	25	82	26	46	27	64	28	61	29	31	
	0	39	1	92	2	40	3	79	4	55	5	30	6	58	7	46	8	75	9	67	10	37	11	29	12	99	13	46	14	49	15	87	16	40	17	20	18	22	19	99	20	90	21	23	22	46	23	72	24	95	25	48	26	90	27	89	28	48	29	84	
	0	53	1	34	2	93	3	76	4	85	5	59	6	55	7	59	8	79	9	33	10	50	11	58	12	88	13	96	14	19	15	51	16	49	17	99	18	80	19	12	20	36	21	51	22	98	23	24	24	57	25	52	26	52	27	88	28	81	29	36	
	0	23	1	88	2	100	3	80	4	50	5	37	6	47	7	82	8	39	9	68	10	64	11	26	12	19	13	14	14	66	15	81	16	52	17	12	18	90	19	19	20	66	21	27	22	18	23	29	24	23	25	36	26	98	27	12	28	13	29	38	
	0	19	1	82	2	69	3	26	4	82	5	29	6	22	7	90	8	38	9	31	10	41	11	52	12	50	13	66	14	21	15	76	16	43	17	38	18	93	19	21	20	24	21	88	22	52	23	84	24	57	25	33	26	66	27	96	28	61	29	74	
	0	23	1	74	2	84	3	56	4	98	5	90	6	34	7	21	8	76	9	43	10	54	11	30	12	81	13	40	14	92	15	67	16	29	17	22	18	17	19	21	20	32	21	75	22	88	23	77	24	66	25	90	26	38	27	84	28	92	29	24	
	0	62	1	44	2	86	3	64	4	73	5	58	6	18	7	79	8	26	9	45	10	64	11	60	12	43	13	24	14	38	15	88	16	29	17	36	18	19	19	28	20	34	21	18	22	11	23	51	24	71	25	31	26	71	27	38	28	41	29	73	
	0	59	1	83	2	12	3	38	4	80	5	19	6	87	7	77	8	27	9	12	10	42	11	72	12	28	13	97	14	38	15	49	16	31	17	61	18	62	19	34	20	69	21	94	22	14	23	31	24	19	25	53	26	78	27	88	28	22	29	61	
	0	89	1	30	2	56	3	77	4	80	5	80	6	99	7	63	8	38	9	13	10	49	11	69	12	29	13	69	14	74	15	20	16	71	17	97	18	49	19	80	20	78	21	78	22	51	23	53	24	63	25	36	26	69	27	21	28	16	29	46	
	0	37	1	97	2	91	3	80	4	48	5	39	6	58	7	61	8	79	9	42	10	61	11	75	12	56	13	12	14	65	15	94	16	28	17	39	18	29	19	56	20	89	21	68	22	49	23	26	24	51	25	52	26	51	27	91	28	98	29	12	
	0	43	1	62	2	82	3	86	4	40	5	80	6	37	7	98	8	14	9	82	10	24	11	63	12	69	13	78	14	87	15	95	16	80	17	23	18	62	19	82	20	87	21	25	22	64	23	47	24	91	25	53	26	24	27	61	28	18	29	36	
	0	65	1	79	2	24	3	48	4	14	5	15	6	20	7	20	8	24	9	68	10	10	11	33	12	62	13	47	14	59	15	20	16	91	17	64	18	87	19	37	20	50	21	70	22	10	23	84	24	45	25	13	26	70	27	35	28	89	29	25	
	0	39	1	39	2	20	3	92	4	74	5	61	6	59	7	24	8	44	9	23	10	52	11	13	12	19	13	11	14	72	15	97	16	32	17	68	18	30	19	37	20	40	21	21	22	96	23	53	24	57	25	94	26	20	27	63	28	80	29	58	
	0	38	1	86	2	30	3	37	4	98	5	66	6	81	7	76	8	65	9	27	10	76	11	65	12	52	13	62	14	69	15	100	16	79	17	98	18	84	19	14	20	51	21	57	22	98	23	13	24	98	25	11	26	16	27	28	28	13	29	56	
	0	41	1	63	2	25	3	13	4	36	5	90	6	96	7	45	8	39	9	13	10	48	11	19	12	17	13	31	14	69	15	91	16	82	17	86	18	92	19	75	20	41	21	19	22	64	23	42	24	67	25	16	26	51	27	90	28	49	29	78	
	0	89	1	68	2	42	3	64	4	73	5	74	6	95	7	66	8	17	9	99	10	98	11	10	12	42	13	79	14	44	15	20	16	67	17	54	18	64	19	91	20	99	21	15	22	44	23	51	24	79	25	31	26	12	27	82	28	20	29	10	
	0	14	1	67	2	17	3	41	4	44	5	57	6	66	7	18	8	22	9	98	10	73	11	45	12	79	13	60	14	20	15	46	16	49	17	60	18	50	19	56	20	73	21	16	22	82	23	65	24	80	25	50	26	74	27	20	28	31	29	17	
	0	86	1	94	2	45	3	64	4	62	5	49	6	55	7	61	8	57	9	61	10	18	11	59	12	53	13	44	14	93	15	12	16	61	17	63	18	52	19	59	20	72	21	91	22	41	23	16	24	78	25	13	26	41	27	57	28	18	29	35	
	0	98	1	21	2	58	3	93	4	11	5	80	6	58	7	10	8	39	9	25	10	43	11	69	12	87	13	61	14	42	15	17	16	32	17	19	18	40	19	59	20	27	21	26	22	43	23	32	24	48	25	15	26	67	27	43	28	61	29	83	
	0	24	1	52	2	46	3	28	4	31	5	27	6	44	7	26	8	14	9	27	10	19	11	83	12	68	13	53	14	84	15	13	16	77	17	87	18	89	19	19	20	85	21	34	22	78	23	87	24	68	25	86	26	71	27	42	28	24	29	70	
	0	14	1	94	2	83	3	18	4	72	5	16	6	31	7	96	8	32	9	19	10	85	11	100	12	49	13	14	14	17	15	46	16	86	17	78	18	51	19	99	20	28	21	73	22	29	23	96	24	33	25	17	26	31	27	29	28	50	29	37	
	0	63	1	50	2	36	3	33	4	99	5	96	6	15	7	92	8	58	9	22	10	93	11	29	12	24	13	43	14	73	15	88	16	68	17	24	18	61	19	71	20	15	21	18	22	30	23	45	24	21	25	95	26	61	27	92	28	41	29	11	
	0	73	1	77	2	22	3	46	4	28	5	85	6	76	7	43	8	43	9	90	10	66	11	18	12	90	13	37	14	43	15	35	16	64	17	50	18	39	19	31	20	20	21	54	22	56	23	62	24	44	25	32	26	98	27	28	28	61	29	91	
	0	31	1	94	2	93	3	79	4	12	5	15	6	23	7	30	8	46	9	70	10	50	11	33	12	86	13	77	14	57	15	91	16	83	17	99	18	10	19	85	20	98	21	18	22	10	23	41	24	86	25	64	26	33	27	68	28	13	29	56	
	0	88	1	72	2	11	3	10	4	23	5	45	6	68	7	29	8	64	9	38	10	98	11	43	12	88	13	96	14	94	15	85	16	86	17	99	18	71	19	14	20	68	21	34	22	24	23	65	24	50	25	98	26	71	27	42	28	83	29	90	
	0	68	1	99	2	55	3	49	4	11	5	86	6	45	7	42	8	87	9	44	10	71	11	39	12	51	13	43	14	62	15	60	16	13	17	97	18	59	19	75	20	44	21	10	22	64	23	57	24	33	25	65	26	41	27	47	28	42	29	56	
	0	41	1	65	2	88	3	16	4	58	5	16	6	62	7	62	8	10	9	44	10	66	11	58	12	39	13	97	14	33	15	68	16	63	17	44	18	43	19	50	20	79	21	26	22	77	23	45	24	30	25	25	26	97	27	84	28	75	29	49	
	0	18	1	96	2	40	3	23	4	83	5	81	6	78	7	96	8	31	9	31	10	22	11	80	12	69	13	85	14	77	15	51	16	67	17	96	18	55	19	97	20	60	21	73	22	91	23	96	24	25	25	25	26	96	27	13	28	66	29	36	
	0	80	1	92	2	70	3	75	4	30	5	55	6	51	7	58	8	28	9	98	10	43	11	42	12	72	13	63	14	22	15	44	16	92	17	98	18	68	19	60	20	74	21	16	22	39	23	93	24	62	25	15	26	45	27	98	28	12	29	86	
	0	80	1	27	2	17	3	97	4	16	5	27	6	33	7	48	8	52	9	75	10	53	11	72	12	58	13	84	14	82	15	29	16	79	17	14	18	86	19	44	20	87	21	25	22	22	23	87	24	70	25	60	26	52	27	78	28	31	29	35	
	0	67	1	57	2	48	3	84	4	70	5	88	6	60	7	92	8	54	9	54	10	11	11	90	12	80	13	48	14	77	15	47	16	36	17	95	18	48	19	13	20	40	21	49	22	39	23	92	24	48	25	99	26	77	27	56	28	11	29	69	
	0	21	1	68	2	36	3	82	4	62	5	27	6	68	7	89	8	35	9	68	10	32	11	30	12	13	13	81	14	21	15	18	16	32	17	12	18	60	19	99	20	42	21	68	22	89	23	68	24	96	25	29	26	68	27	43	28	60	29	16	
	0	37	1	47	2	51	3	75	4	46	5	15	6	40	7	10	8	90	9	79	10	42	11	48	12	96	13	50	14	70	15	53	16	59	17	96	18	64	19	53	20	47	21	70	22	88	23	32	24	85	25	24	26	15	27	63	28	66	29	70	
	0	66	1	74	2	53	3	25	4	54	5	10	6	43	7	68	8	23	9	81	10	10	11	12	12	19	13	94	14	83	15	73	16	20	17	74	18	83	19	33	20	86	21	50	22	54	23	71	24	58	25	35	26	46	27	36	28	44	29	65	
	0	40	1	49	2	36	3	49	4	55	5	77	6	14	7	69	8	61	9	100	10	79	11	79	12	78	13	18	14	65	15	66	16	28	17	46	18	11	19	71	20	37	21	50	22	64	23	47	24	64	25	92	26	26	27	44	28	28	29	63	
	0	54	1	22	2	100	3	20	4	23	5	62	6	79	7	32	8	16	9	16	10	59	11	93	12	70	13	51	14	23	15	31	16	56	17	74	18	55	19	29	20	11	21	42	22	84	23	69	24	53	25	44	26	20	27	53	28	25	29	22	
	0	79	1	58	2	84	3	29	4	56	5	85	6	67	7	80	8	78	9	12	10	13	11	50	12	73	13	17	14	79	15	70	16	27	17	71	18	92	19	100	20	24	21	91	22	51	23	45	24	93	25	81	26	96	27	97	28	53	29	65	
	0	95	1	78	2	55	3	49	4	33	5	88	6	21	7	21	8	93	9	62	10	55	11	66	12	33	13	61	14	54	15	73	16	14	17	66	18	10	19	78	20	13	21	27	22	61	23	84	24	82	25	17	26	61	27	49	28	86	29	70	
	0	42	1	54	2	72	3	49	4	44	5	37	6	19	7	30	8	61	9	37	10	34	11	64	12	35	13	71	14	62	15	39	16	99	17	69	18	91	19	24	20	48	21	26	22	59	23	52	24	69	25	46	26	95	27	31	28	55	29	81	
	0	92	1	13	2	77	3	44	4	83	5	74	6	68	7	99	8	12	9	31	10	48	11	49	12	31	13	83	14	83	15	11	16	28	17	21	18	62	19	55	20	31	21	27	22	73	23	58	24	15	25	96	26	85	27	36	28	59	29	48	
	0	26	1	86	2	43	3	36	4	12	5	72	6	27	7	71	8	74	9	10	10	66	11	58	12	46	13	59	14	54	15	99	16	91	17	91	18	41	19	43	20	44	21	63	22	20	23	89	24	66	25	21	26	48	27	81	28	89	29	47	
	0	70	1	79	2	56	3	80	4	69	5	14	6	41	7	88	8	23	9	47	10	15	11	37	12	16	13	83	14	52	15	15	16	76	17	56	18	59	19	54	20	18	21	86	22	29	23	42	24	70	25	32	26	10	27	49	28	66	29	43	
	0	58	1	51	2	50	3	93	4	59	5	57	6	58	7	91	8	19	9	23	10	58	11	14	12	30	13	87	14	92	15	26	16	21	17	82	18	49	19	50	20	72	21	69	22	10	23	64	24	14	25	73	26	60	27	95	28	74	29	18	
	0	67	1	41	2	22	3	68	4	75	5	58	6	85	7	85	8	59	9	51	10	64	11	56	12	62	13	84	14	95	15	67	16	14	17	36	18	40	19	19	20	47	21	88	22	74	23	93	24	39	25	60	26	37	27	94	28	49	29	95	
	0	32	1	10	2	11	3	42	4	49	5	48	6	43	7	96	8	78	9	59	10	85	11	22	12	52	13	59	14	81	15	37	16	40	17	87	18	17	19	11	20	42	21	91	22	42	23	41	24	51	25	15	26	66	27	57	28	91	29	80	
	0	63	1	40	2	14	3	84	4	84	5	12	6	39	7	56	8	53	9	84	10	62	11	68	12	15	13	26	14	16	15	32	16	38	17	47	18	97	19	52	20	89	21	21	22	50	23	22	24	88	25	79	26	67	27	83	28	43	29	97	
	0	14	1	99	2	89	3	11	4	20	5	58	6	56	7	49	8	81	9	39	10	56	11	34	12	54	13	81	14	57	15	31	16	21	17	65	18	28	19	94	20	27	21	68	22	50	23	16	24	23	25	51	26	30	27	83	28	31	29	27	
	0	73	1	53	2	83	3	58	4	11	5	42	6	50	7	56	8	31	9	64	10	12	11	30	12	55	13	83	14	18	15	84	16	20	17	75	18	84	19	80	20	44	21	48	22	76	23	36	24	94	25	36	26	17	27	100	28	68	29	72	
	0	83	1	100	2	69	3	41	4	56	5	50	6	48	7	35	8	68	9	44	10	86	11	88	12	61	13	91	14	83	15	35	16	100	17	24	18	60	19	53	20	87	21	64	22	23	23	42	24	64	25	14	26	97	27	21	28	18	29	80	
	0	18	1	24	2	100	3	63	4	35	5	94	6	77	7	97	8	73	9	72	10	89	11	34	12	54	13	10	14	70	15	43	16	90	17	28	18	81	19	76	20	28	21	46	22	37	23	18	24	86	25	91	26	39	27	18	28	94	29	22	
	0	10	1	99	2	48	3	83	4	45	5	32	6	82	7	11	8	39	9	97	10	56	11	80	12	70	13	18	14	29	15	57	16	16	17	75	18	72	19	91	20	36	21	47	22	64	23	12	24	70	25	85	26	64	27	75	28	10	29	92	
	0	96	1	24	2	73	3	52	4	23	5	52	6	24	7	67	8	29	9	54	10	54	11	60	12	64	13	19	14	23	15	53	16	34	17	87	18	36	19	13	20	31	21	17	22	51	23	13	24	20	25	28	26	82	27	40	28	43	29	48	
	0	52	1	52	2	82	3	62	4	39	5	64	6	32	7	76	8	27	9	52	10	23	11	96	12	41	13	69	14	91	15	59	16	46	17	90	18	95	19	44	20	92	21	17	22	66	23	60	24	74	25	35	26	67	27	43	28	28	29	100	
	0	39	1	49	2	83	3	28	4	36	5	44	6	61	7	96	8	50	9	28	10	24	11	85	12	51	13	32	14	62	15	55	16	57	17	17	18	87	19	91	20	40	21	14	22	36	23	61	24	76	25	89	26	56	27	90	28	30	29	41	
	0	24	1	100	2	76	3	70	4	45	5	64	6	65	7	99	8	21	9	18	10	23	11	80	12	67	13	23	14	53	15	16	16	36	17	81	18	68	19	23	20	97	21	28	22	73	23	55	24	58	25	20	26	22	27	58	28	82	29	47	
	0	37	1	86	2	55	3	73	4	97	5	35	6	30	7	82	8	99	9	90	10	20	11	57	12	66	13	71	14	42	15	100	16	100	17	84	18	66	19	17	20	37	21	44	22	100	23	84	24	12	25	60	26	28	27	65	28	82	29	31	
	0	70	1	92	2	90	3	25	4	41	5	12	6	53	7	30	8	50	9	72	10	27	11	45	12	34	13	64	14	80	15	72	16	100	17	53	18	36	19	87	20	88	21	84	22	34	23	17	24	27	25	39	26	68	27	23	28	67	29	98	
	0	37	1	54	2	56	3	77	4	70	5	53	6	33	7	99	8	51	9	49	10	15	11	27	12	72	13	74	14	85	15	63	16	20	17	33	18	20	19	10	20	12	21	73	22	20	23	97	24	62	25	63	26	92	27	65	28	20	29	96	
	0	97	1	32	2	13	3	63	4	41	5	18	6	69	7	87	8	93	9	79	10	37	11	14	12	93	13	43	14	95	15	85	16	21	17	14	18	14	19	23	20	97	21	42	22	62	23	73	24	71	25	66	26	70	27	87	28	96	29	13	
	0	16	1	100	2	44	3	51	4	47	5	12	6	87	7	29	8	95	9	92	10	36	11	66	12	47	13	16	14	93	15	32	16	62	17	96	18	74	19	48	20	49	21	13	22	33	23	13	24	84	25	27	26	28	27	52	28	92	29	63	
	0	66	1	66	2	61	3	31	4	31	5	91	6	68	7	73	8	69	9	99	10	43	11	80	12	29	13	46	14	87	15	49	16	61	17	38	18	97	19	24	20	36	21	63	22	18	23	40	24	59	25	38	26	86	27	81	28	75	29	55	
	0	10	1	46	2	65	3	38	4	24	5	26	6	70	7	20	8	96	9	28	10	81	11	48	12	28	13	77	14	61	15	92	16	72	17	91	18	50	19	45	20	97	21	13	22	63	23	86	24	12	25	64	26	79	27	72	28	78	29	55	
	0	33	1	80	2	68	3	79	4	27	5	21	6	27	7	59	8	20	9	69	10	82	11	68	12	89	13	93	14	14	15	95	16	100	17	78	18	28	19	14	20	13	21	21	22	42	23	90	24	100	25	64	26	32	27	19	28	32	29	90	
	0	24	1	29	2	25	3	33	4	52	5	81	6	32	7	55	8	71	9	97	10	87	11	22	12	14	13	44	14	57	15	61	16	34	17	72	18	71	19	85	20	100	21	66	22	32	23	13	24	86	25	53	26	91	27	61	28	88	29	80	
	0	29	1	16	2	20	3	44	4	60	5	18	6	82	7	30	8	28	9	14	10	86	11	13	12	10	13	34	14	49	15	41	16	42	17	10	18	74	19	87	20	68	21	82	22	95	23	21	24	100	25	29	26	89	27	21	28	20	29	30	
	0	86	1	37	2	45	3	47	4	32	5	55	6	20	7	67	8	18	9	31	10	66	11	18	12	94	13	28	14	79	15	42	16	20	17	96	18	96	19	73	20	68	21	34	22	30	23	34	24	48	25	14	26	12	27	78	28	70	29	61	
	0	92	1	22	2	11	3	90	4	95	5	68	6	13	7	33	8	15	9	97	10	20	11	35	12	12	13	77	14	23	15	36	16	46	17	69	18	55	19	53	20	73	21	38	22	41	23	83	24	28	25	47	26	39	27	79	28	83	29	86	
	0	90	1	77	2	74	3	87	4	20	5	99	6	25	7	76	8	92	9	70	10	22	11	88	12	50	13	93	14	92	15	32	16	22	17	74	18	37	19	37	20	94	21	14	22	15	23	38	24	57	25	88	26	28	27	42	28	77	29	47	
	0	52	1	69	2	75	3	96	4	22	5	96	6	92	7	50	8	96	9	30	10	42	11	86	12	34	13	72	14	18	15	26	16	84	17	28	18	51	19	40	20	84	21	42	22	64	23	12	24	60	25	47	26	85	27	93	28	13	29	99	