200 30 1
30
	0	69	1	29	2	14	3	98	4	20	5	98	6	50	7	35	8	34	9	37	10	25	11	43	12	59	13	53	14	57	15	94	16	39	17	100	18	73	19	43	20	76	21	59	22	90	23	54	24	72	25	50	26	43	27	63	28	61	29	15	
	0	51	1	90	2	31	3	51	4	18	5	37	6	67	7	53	8	86	9	71	10	50	11	38	12	46	13	79	14	22	15	25	16	100	17	62	18	33	19	41	20	54	21	12	22	66	23	72	24	90	25	23	26	94	27	34	28	12	29	23	
	0	16	1	74	2	49	3	48	4	79	5	87	6	60	7	26	8	30	9	85	10	48	11	97	12	45	13	88	14	47	15	23	16	80	17	26	18	13	19	63	20	40	21	42	22	95	23	37	24	84	25	95	26	51	27	40	28	88	29	20	
	0	40	1	87	2	39	3	67	4	85	5	92	6	27	7	35	8	20	9	51	10	79	11	98	12	47	13	11	14	89	15	51	16	98	17	45	18	29	19	50	20	91	21	27	22	71	23	24	24	21	25	50	26	79	27	20	28	84	29	11	
	0	90	1	95	2	63	3	63	4	85	5	70	6	80	7	28	8	98	9	53	10	54	11	46	12	34	13	65	14	73	15	39	16	15	17	77	18	43	19	57	20	77	21	100	22	61	23	41	24	27	25	33	26	68	27	56	28	33	29	20	
	0	87	1	83	2	42	3	94	4	94	5	45	6	23	7	15	8	86	9	45	10	22	11	86	12	80	13	90	14	36	15	42	16	97	17	64	18	14	19	34	20	76	21	21	22	50	23	66	24	43	25	73	26	47	27	33	28	53	29	39	
	0	20	1	23	2	87	3	21	4	94	5	100	6	98	7	42	8	13	9	28	10	29	11	15	12	87	13	18	14	97	15	78	16	27	17	56	18	91	19	46	20	36	21	73	22	68	23	27	24	46	25	21	26	88	27	10	28	38	29	58	
	0	88	1	74	2	53	3	44	4	63	5	27	6	55	7	32	8	98	9	86	10	93	11	81	12	18	13	86	14	55	15	36	16	94	17	57	18	19	19	90	20	74	21	78	22	98	23	67	24	69	25	96	26	87	27	86	28	57	29	20	
	0	22	1	100	2	25	3	66	4	55	5	58	6	39	7	19	8	93	9	63	10	92	11	55	12	32	13	71	14	74	15	27	16	98	17	13	18	38	19	66	20	58	21	91	22	72	23	53	24	84	25	28	26	78	27	61	28	86	29	62	
	0	90	1	82	2	80	3	34	4	27	5	75	6	40	7	77	8	31	9	35	10	43	11	74	12	87	13	10	14	76	15	17	16	12	17	19	18	83	19	29	20	90	21	44	22	68	23	66	24	11	25	44	26	76	27	15	28	74	29	14	
	0	39	1	10	2	75	3	57	4	19	5	37	6	69	7	98	8	65	9	32	10	40	11	56	12	67	13	31	14	21	15	55	16	15	17	25	18	64	19	42	20	14	21	60	22	59	23	25	24	77	25	98	26	78	27	90	28	42	29	55	
	0	99	1	45	2	27	3	42	4	83	5	63	6	25	7	75	8	42	9	88	10	31	11	19	12	81	13	72	14	42	15	95	16	97	17	28	18	25	19	72	20	40	21	40	22	73	23	82	24	32	25	78	26	44	27	54	28	42	29	28	
	0	87	1	19	2	84	3	15	4	76	5	82	6	54	7	51	8	35	9	83	10	80	11	27	12	24	13	44	14	10	15	37	16	86	17	76	18	97	19	66	20	92	21	58	22	32	23	51	24	13	25	25	26	71	27	30	28	91	29	31	
	0	80	1	56	2	46	3	11	4	14	5	53	6	95	7	16	8	91	9	21	10	89	11	74	12	46	13	74	14	75	15	48	16	85	17	81	18	82	19	87	20	67	21	79	22	11	23	23	24	34	25	91	26	20	27	93	28	28	29	92	
	0	34	1	96	2	87	3	62	4	42	5	18	6	86	7	39	8	46	9	46	10	81	11	75	12	88	13	64	14	63	15	56	16	40	17	57	18	98	19	32	20	45	21	87	22	37	23	68	24	55	25	37	26	71	27	59	28	41	29	23	
	0	16	1	47	2	32	3	73	4	11	5	43	6	32	7	17	8	13	9	49	10	41	11	75	12	39	13	68	14	62	15	11	16	22	17	43	18	49	19	70	20	35	21	94	22	47	23	87	24	37	25	49	26	76	27	13	28	78	29	47	
	0	29	1	92	2	53	3	11	4	28	5	20	6	55	7	11	8	84	9	73	10	42	11	65	12	59	13	37	14	67	15	26	16	21	17	33	18	78	19	72	20	56	21	79	22	58	23	14	24	37	25	39	26	74	27	40	28	81	29	89	
	0	19	1	42	2	95	3	11	4	55	5	29	6	37	7	28	8	86	9	35	10	32	11	90	12	67	13	19	14	92	15	92	16	63	17	21	18	16	19	63	20	94	21	23	22	13	23	50	24	29	25	100	26	96	27	53	28	75	29	19	
	0	36	1	94	2	26	3	28	4	68	5	53	6	94	7	96	8	90	9	22	10	42	11	23	12	60	13	27	14	21	15	39	16	84	17	91	18	38	19	45	20	89	21	90	22	15	23	12	24	28	25	44	26	47	27	85	28	96	29	25	
	0	67	1	13	2	15	3	90	4	32	5	99	6	19	7	55	8	44	9	98	10	35	11	98	12	48	13	65	14	89	15	29	16	51	17	96	18	66	19	62	20	20	21	68	22	90	23	93	24	52	25	18	26	91	27	85	28	39	29	81	
	0	16	1	51	2	71	3	50	4	11	5	39	6	66	7	100	8	95	9	28	10	99	11	55	12	64	13	46	14	24	15	92	16	98	17	14	18	29	19	71	20	87	21	56	22	67	23	75	24	98	25	16	26	30	27	95	28	79	29	17	
	0	69	1	98	2	55	3	35	4	85	5	85	6	10	7	34	8	12	9	41	10	24	11	75	12	55	13	68	14	32	15	64	16	78	17	13	18	46	19	27	20	19	21	84	22	99	23	38	24	50	25	76	26	23	27	11	28	53	29	13	
	0	92	1	28	2	69	3	70	4	81	5	33	6	74	7	15	8	46	9	57	10	43	11	57	12	93	13	24	14	22	15	30	16	14	17	70	18	95	19	64	20	14	21	23	22	79	23	51	24	22	25	11	26	86	27	16	28	11	29	26	
	0	62	1	70	2	63	3	71	4	85	5	41	6	63	7	46	8	37	9	55	10	80	11	44	12	76	13	39	14	72	15	33	16	29	17	75	18	90	19	73	20	82	21	10	22	27	23	72	24	95	25	70	26	76	27	79	28	27	29	24	
	0	45	1	14	2	41	3	44	4	11	5	32	6	21	7	97	8	52	9	54	10	31	11	41	12	77	13	38	14	64	15	53	16	82	17	86	18	17	19	54	20	95	21	36	22	97	23	47	24	40	25	35	26	62	27	65	28	50	29	18	
	0	68	1	17	2	32	3	35	4	86	5	59	6	32	7	80	8	90	9	10	10	32	11	27	12	49	13	39	14	12	15	76	16	62	17	21	18	39	19	90	20	10	21	15	22	76	23	26	24	17	25	100	26	15	27	74	28	61	29	24	
	0	41	1	18	2	21	3	38	4	86	5	87	6	65	7	65	8	82	9	92	10	11	11	15	12	67	13	54	14	65	15	76	16	14	17	16	18	85	19	10	20	16	21	45	22	42	23	91	24	43	25	73	26	88	27	22	28	14	29	29	
	0	13	1	64	2	25	3	94	4	79	5	11	6	25	7	53	8	23	9	84	10	77	11	59	12	31	13	36	14	34	15	79	16	81	17	77	18	44	19	12	20	34	21	100	22	76	23	31	24	30	25	77	26	13	27	91	28	74	29	65	
	0	57	1	64	2	85	3	75	4	19	5	83	6	50	7	26	8	92	9	68	10	43	11	34	12	50	13	49	14	96	15	67	16	23	17	88	18	87	19	92	20	75	21	40	22	71	23	84	24	91	25	63	26	52	27	53	28	21	29	79	
	0	86	1	30	2	71	3	75	4	40	5	67	6	93	7	50	8	70	9	80	10	84	11	25	12	78	13	87	14	66	15	79	16	70	17	38	18	15	19	28	20	79	21	54	22	95	23	63	24	27	25	62	26	70	27	92	28	42	29	44	
	0	44	1	56	2	15	3	51	4	27	5	51	6	98	7	33	8	52	9	10	10	82	11	87	12	13	13	66	14	25	15	39	16	18	17	14	18	92	19	40	20	83	21	63	22	16	23	37	24	66	25	37	26	86	27	60	28	40	29	38	
	0	97	1	50	2	19	3	91	4	41	5	46	6	47	7	96	8	58	9	40	10	74	11	68	12	70	13	23	14	64	15	89	16	58	17	63	18	91	19	81	20	63	21	19	22	90	23	82	24	55	25	58	26	87	27	69	28	54	29	27	
	0	51	1	29	2	66	3	48	4	57	5	32	6	16	7	32	8	63	9	16	10	49	11	88	12	68	13	90	14	39	15	51	16	37	17	47	18	54	19	65	20	90	21	95	22	71	23	54	24	12	25	27	26	74	27	83	28	11	29	86	
	0	56	1	77	2	61	3	23	4	65	5	46	6	24	7	94	8	78	9	79	10	65	11	97	12	35	13	19	14	14	15	38	16	54	17	42	18	29	19	78	20	86	21	18	22	87	23	46	24	48	25	94	26	85	27	36	28	100	29	93	
	0	39	1	100	2	78	3	92	4	94	5	46	6	79	7	89	8	75	9	20	10	71	11	45	12	47	13	13	14	100	15	36	16	71	17	48	18	53	19	90	20	53	21	79	22	73	23	23	24	23	25	42	26	26	27	54	28	19	29	11	
	0	39	1	68	2	60	3	49	4	52	5	43	6	17	7	32	8	18	9	17	10	48	11	80	12	75	13	45	14	29	15	63	16	95	17	66	18	54	19	95	20	34	21	36	22	80	23	11	24	66	25	14	26	15	27	49	28	76	29	69	
	0	58	1	85	2	62	3	46	4	31	5	50	6	99	7	50	8	34	9	54	10	96	11	48	12	64	13	41	14	26	15	31	16	29	17	78	18	73	19	92	20	38	21	32	22	28	23	16	24	30	25	17	26	36	27	69	28	87	29	43	
	0	88	1	98	2	65	3	51	4	40	5	90	6	21	7	98	8	69	9	34	10	46	11	89	12	82	13	86	14	54	15	58	16	27	17	90	18	86	19	66	20	35	21	99	22	97	23	74	24	57	25	84	26	91	27	69	28	62	29	21	
	0	40	1	18	2	59	3	96	4	70	5	66	6	68	7	82	8	95	9	83	10	68	11	47	12	99	13	44	14	53	15	70	16	51	17	54	18	44	19	77	20	13	21	36	22	30	23	93	24	80	25	49	26	58	27	48	28	85	29	29	
	0	72	1	26	2	83	3	84	4	32	5	20	6	39	7	40	8	35	9	68	10	36	11	66	12	55	13	25	14	76	15	45	16	97	17	31	18	56	19	93	20	54	21	68	22	72	23	88	24	70	25	66	26	29	27	69	28	21	29	43	
	0	32	1	10	2	37	3	87	4	10	5	23	6	40	7	52	8	79	9	34	10	92	11	89	12	41	13	95	14	69	15	53	16	90	17	63	18	23	19	62	20	50	21	62	22	17	23	99	24	23	25	34	26	41	27	100	28	55	29	65	
	0	64	1	25	2	66	3	71	4	99	5	20	6	88	7	80	8	92	9	41	10	24	11	90	12	65	13	41	14	75	15	64	16	28	17	30	18	63	19	68	20	60	21	36	22	65	23	46	24	22	25	66	26	49	27	24	28	82	29	48	
	0	35	1	65	2	47	3	35	4	43	5	46	6	29	7	96	8	59	9	72	10	70	11	29	12	81	13	23	14	99	15	33	16	43	17	76	18	95	19	43	20	42	21	17	22	15	23	43	24	14	25	73	26	67	27	26	28	62	29	64	
	0	46	1	79	2	38	3	92	4	84	5	21	6	57	7	45	8	36	9	74	10	99	11	51	12	12	13	38	14	83	15	58	16	37	17	26	18	87	19	51	20	43	21	100	22	80	23	38	24	76	25	24	26	50	27	25	28	20	29	100	
	0	17	1	95	2	53	3	55	4	14	5	47	6	38	7	16	8	40	9	41	10	30	11	74	12	82	13	50	14	74	15	66	16	89	17	40	18	61	19	87	20	80	21	13	22	64	23	50	24	64	25	37	26	58	27	92	28	91	29	35	
	0	70	1	89	2	81	3	58	4	32	5	64	6	63	7	22	8	51	9	74	10	55	11	26	12	99	13	100	14	98	15	33	16	42	17	54	18	62	19	15	20	10	21	51	22	50	23	19	24	29	25	85	26	37	27	24	28	50	29	84	
	0	13	1	65	2	78	3	10	4	37	5	28	6	66	7	32	8	40	9	84	10	18	11	23	12	11	13	77	14	82	15	95	16	91	17	14	18	43	19	63	20	100	21	98	22	54	23	95	24	20	25	53	26	16	27	51	28	69	29	54	
	0	23	1	15	2	95	3	24	4	29	5	69	6	66	7	67	8	67	9	64	10	71	11	15	12	22	13	66	14	69	15	26	16	72	17	11	18	68	19	17	20	67	21	15	22	69	23	71	24	34	25	100	26	81	27	96	28	33	29	92	
	0	89	1	33	2	22	3	60	4	43	5	33	6	54	7	66	8	74	9	55	10	37	11	61	12	31	13	29	14	82	15	41	16	22	17	78	18	36	19	64	20	45	21	52	22	71	23	35	24	80	25	54	26	64	27	96	28	32	29	63	
	0	15	1	11	2	56	3	85	4	85	5	16	6	83	7	23	8	83	9	69	10	63	11	73	12	85	13	48	14	18	15	32	16	70	17	62	18	19	19	52	20	32	21	14	22	27	23	73	24	46	25	10	26	73	27	67	28	44	29	41	
	0	34	1	39	2	70	3	10	4	88	5	28	6	37	7	90	8	30	9	35	10	36	11	17	12	16	13	88	14	19	15	66	16	54	17	56	18	94	19	55	20	99	21	56	22	44	23	71	24	12	25	56	26	46	27	89	28	92	29	49	
	0	65	1	40	2	29	3	72	4	81	5	84	6	86	7	67	8	58	9	32	10	88	11	86	12	20	13	95	14	33	15	94	16	42	17	67	18	59	19	51	20	86	21	51	22	13	23	61	24	29	25	19	26	23	27	29	28	89	29	39	
	0	89	1	51	2	77	3	57	4	79	5	34	6	29	7	10	8	20	9	47	10	88	11	93	12	75	13	20	14	88	15	94	16	45	17	13	18	31	19	48	20	52	21	90	22	58	23	76	24	36	25	19	26	43	27	12	28	28	29	44	
	0	99	1	16	2	85	3	45	4	91	5	18	6	83	7	44	8	78	9	38	10	11	11	69	12	11	13	83	14	32	15	67	16	71	17	96	18	46	19	40	20	20	21	63	22	70	23	28	24	100	25	97	26	37	27	80	28	41	29	86	
	0	47	1	86	2	88	3	82	4	44	5	64	6	29	7	36	8	89	9	13	10	60	11	77	12	18	13	10	14	32	15	46	16	82	17	65	18	85	19	42	20	76	21	81	22	83	23	12	24	20	25	20	26	12	27	95	28	10	29	59	
	0	51	1	60	2	53	3	60	4	13	5	87	6	34	7	79	8	48	9	52	10	81	11	41	12	83	13	71	14	94	15	71	16	74	17	65	18	32	19	87	20	37	21	97	22	61	23	56	24	18	25	93	26	59	27	100	28	18	29	88	
	0	53	1	61	2	25	3	49	4	15	5	56	6	12	7	52	8	57	9	49	10	46	11	25	12	60	13	82	14	36	15	49	16	36	17	68	18	11	19	86	20	76	21	42	22	62	23	61	24	29	25	96	26	47	27	88	28	48	29	66	
	0	63	1	40	2	42	3	75	4	89	5	18	6	16	7	97	8	48	9	64	10	25	11	60	12	79	13	58	14	97	15	22	16	21	17	37	18	91	19	11	20	74	21	84	22	67	23	37	24	69	25	86	26	52	27	85	28	20	29	75	
	0	72	1	16	2	81	3	92	4	54	5	47	6	62	7	41	8	24	9	49	10	45	11	99	12	55	13	45	14	10	15	74	16	80	17	70	18	35	19	49	20	55	21	89	22	91	23	97	24	89	25	64	26	63	27	75	28	76	29	53	
	0	92	1	99	2	65	3	95	4	45	5	31	6	41	7	26	8	83	9	20	10	37	11	60	12	42	13	94	14	27	15	67	16	16	17	79	18	85	19	79	20	12	21	49	22	82	23	99	24	42	25	15	26	24	27	15	28	27	29	25	
	0	18	1	92	2	17	3	69	4	60	5	54	6	29	7	14	8	88	9	91	10	92	11	88	12	88	13	89	14	41	15	21	16	23	17	26	18	53	19	20	20	62	21	35	22	33	23	40	24	80	25	94	26	19	27	42	28	50	29	11	
	0	43	1	69	2	90	3	48	4	59	5	56	6	42	7	29	8	85	9	59	10	22	11	14	12	78	13	55	14	64	15	47	16	83	17	31	18	58	19	51	20	94	21	60	22	51	23	55	24	80	25	93	26	22	27	50	28	44	29	59	
	0	76	1	71	2	30	3	97	4	97	5	86	6	74	7	42	8	24	9	26	10	56	11	84	12	70	13	68	14	62	15	84	16	31	17	66	18	20	19	87	20	71	21	23	22	95	23	86	24	98	25	22	26	50	27	67	28	72	29	57	
	0	28	1	73	2	68	3	20	4	87	5	95	6	46	7	100	8	65	9	10	10	36	11	44	12	62	13	29	14	29	15	75	16	32	17	81	18	30	19	30	20	30	21	93	22	14	23	82	24	39	25	70	26	96	27	99	28	61	29	47	
	0	96	1	69	2	57	3	87	4	17	5	47	6	46	7	50	8	39	9	87	10	90	11	25	12	39	13	56	14	61	15	83	16	23	17	72	18	61	19	65	20	23	21	85	22	93	23	43	24	33	25	57	26	64	27	24	28	49	29	87	
	0	53	1	41	2	75	3	58	4	15	5	98	6	15	7	41	8	18	9	17	10	93	11	94	12	84	13	48	14	52	15	27	16	19	17	83	18	38	19	81	20	25	21	10	22	98	23	20	24	34	25	99	26	38	27	65	28	30	29	70	
	0	70	1	87	2	87	3	26	4	69	5	50	6	10	7	68	8	29	9	65	10	98	11	17	12	44	13	81	14	99	15	67	16	41	17	16	18	12	19	66	20	91	21	43	22	36	23	13	24	29	25	81	26	35	27	29	28	58	29	70	
	0	49	1	81	2	84	3	84	4	17	5	25	6	82	7	59	8	16	9	38	10	59	11	83	12	54	13	71	14	54	15	85	16	78	17	76	18	47	19	17	20	34	21	73	22	50	23	39	24	39	25	67	26	30	27	23	28	57	29	26	
	0	39	1	11	2	32	3	70	4	98	5	24	6	94	7	86	8	35	9	82	10	15	11	93	12	20	13	69	14	69	15	89	16	40	17	65	18	34	19	80	20	83	21	20	22	75	23	46	24	23	25	98	26	43	27	81	28	51	29	88	
	0	53	1	34	2	10	3	71	4	39	5	82	6	97	7	81	8	75	9	99	10	53	11	83	12	71	13	88	14	56	15	31	16	50	17	37	18	26	19	97	20	71	21	82	22	16	23	54	24	93	25	76	26	96	27	56	28	35	29	36	
	0	92	1	52	2	58	3	55	4	17	5	37	6	77	7	71	8	96	9	73	10	69	11	100	12	94	13	41	14	70	15	49	16	29	17	34	18	83	19	49	20	90	21	38	22	55	23	54	24	92	25	90	26	99	27	20	28	60	29	71	
	0	14	1	42	2	13	3	32	4	82	5	59	6	95	7	33	8	67	9	77	10	90	11	43	12	95	13	93	14	87	15	93	16	94	17	21	18	32	19	27	20	87	21	43	22	26	23	99	24	88	25	56	26	76	27	82	28	98	29	53	
	0	100	1	61	2	53	3	73	4	89	5	84	6	45	7	10	8	69	9	60	10	44	11	63	12	16	13	98	14	73	15	95	16	10	17	85	18	84	19	49	20	37	21	62	22	37	23	51	24	33	25	49	26	53	27	52	28	23	29	55	
	0	79	1	25	2	39	3	60	4	28	5	22	6	73	7	36	8	14	9	13	10	48	11	55	12	86	13	50	14	58	15	97	16	44	17	61	18	90	19	80	20	30	21	97	22	29	23	28	24	34	25	26	26	34	27	50	28	45	29	98	
	0	59	1	26	2	21	3	87	4	22	5	15	6	71	7	43	8	27	9	51	10	72	11	47	12	11	13	49	14	74	15	20	16	81	17	66	18	58	19	84	20	54	21	33	22	42	23	78	24	38	25	94	26	93	27	52	28	39	29	51	
	0	56	1	94	2	15	3	82	4	50	5	22	6	14	7	68	8	94	9	95	10	48	11	62	12	22	13	37	14	58	15	13	16	78	17	51	18	14	19	19	20	61	21	39	22	59	23	72	24	83	25	23	26	27	27	100	28	93	29	83	
	0	61	1	20	2	40	3	35	4	89	5	72	6	55	7	85	8	24	9	67	10	70	11	74	12	96	13	28	14	81	15	35	16	26	17	70	18	46	19	10	20	40	21	27	22	14	23	94	24	75	25	78	26	74	27	41	28	82	29	42	
	0	86	1	93	2	62	3	54	4	70	5	89	6	70	7	96	8	77	9	99	10	87	11	78	12	85	13	62	14	69	15	46	16	54	17	23	18	40	19	32	20	76	21	35	22	13	23	98	24	13	25	61	26	88	27	60	28	86	29	80	
	0	71	1	41	2	92	3	51	4	40	5	36	6	83	7	34	8	94	9	56	10	21	11	44	12	88	13	59	14	24	15	50	16	37	17	70	18	73	19	50	20	100	21	16	22	85	23	54	24	46	25	76	26	47	27	88	28	60	29	22	
	0	67	1	80	2	20	3	46	4	96	5	60	6	22	7	73	8	60	9	33	10	43	11	62	12	37	13	32	14	49	15	73	16	68	17	80	18	58	19	19	20	89	21	19	22	94	23	67	24	63	25	47	26	94	27	27	28	33	29	99	
	0	26	1	35	2	60	3	16	4	62	5	55	6	63	7	89	8	40	9	45	10	35	11	44	12	89	13	83	14	25	15	90	16	16	17	91	18	47	19	94	20	78	21	81	22	27	23	19	24	58	25	69	26	93	27	88	28	84	29	38	
	0	95	1	73	2	33	3	90	4	71	5	20	6	15	7	47	8	86	9	80	10	63	11	21	12	16	13	26	14	78	15	15	16	38	17	18	18	40	19	12	20	92	21	43	22	18	23	87	24	46	25	71	26	63	27	65	28	87	29	89	
	0	91	1	64	2	47	3	95	4	69	5	36	6	46	7	15	8	87	9	10	10	70	11	83	12	21	13	93	14	48	15	14	16	35	17	87	18	93	19	24	20	72	21	74	22	30	23	98	24	93	25	30	26	53	27	62	28	11	29	52	
	0	27	1	60	2	38	3	49	4	55	5	84	6	78	7	33	8	100	9	16	10	97	11	42	12	48	13	84	14	97	15	30	16	36	17	60	18	20	19	62	20	37	21	19	22	55	23	74	24	89	25	97	26	33	27	93	28	65	29	14	
	0	13	1	51	2	84	3	11	4	10	5	30	6	66	7	76	8	53	9	45	10	63	11	41	12	94	13	15	14	84	15	36	16	86	17	26	18	23	19	46	20	63	21	11	22	70	23	24	24	63	25	45	26	84	27	97	28	20	29	72	
	0	58	1	71	2	76	3	85	4	34	5	27	6	44	7	54	8	36	9	67	10	62	11	19	12	75	13	89	14	65	15	20	16	12	17	20	18	86	19	26	20	90	21	96	22	25	23	75	24	61	25	26	26	84	27	42	28	69	29	29	
	0	58	1	19	2	92	3	90	4	77	5	83	6	55	7	70	8	61	9	21	10	48	11	93	12	33	13	31	14	72	15	85	16	14	17	92	18	44	19	29	20	90	21	84	22	91	23	46	24	12	25	96	26	67	27	96	28	29	29	44	
	0	48	1	52	2	24	3	88	4	72	5	27	6	97	7	68	8	31	9	70	10	15	11	49	12	26	13	48	14	75	15	40	16	57	17	86	18	65	19	10	20	38	21	79	22	45	23	73	24	21	25	87	26	34	27	60	28	14	29	48	
	0	13	1	15	2	81	3	61	4	20	5	93	6	14	7	73	8	72	9	87	10	42	11	51	12	64	13	52	14	98	15	65	16	55	17	88	18	29	19	84	20	85	21	27	22	79	23	95	24	23	25	25	26	20	27	89	28	30	29	87	
	0	96	1	72	2	21	3	33	4	44	5	28	6	41	7	94	8	73	9	91	10	52	11	60	12	80	13	34	14	59	15	28	16	70	17	35	18	82	19	99	20	81	21	59	22	29	23	90	24	88	25	23	26	67	27	89	28	67	29	96	
	0	33	1	89	2	96	3	80	4	22	5	33	6	26	7	70	8	67	9	24	10	16	11	58	12	94	13	60	14	84	15	27	16	58	17	10	18	22	19	34	20	94	21	14	22	84	23	66	24	65	25	77	26	56	27	92	28	49	29	31	
	0	13	1	33	2	62	3	50	4	71	5	69	6	59	7	96	8	12	9	79	10	19	11	53	12	26	13	64	14	41	15	82	16	62	17	96	18	32	19	18	20	63	21	43	22	13	23	12	24	74	25	42	26	15	27	31	28	98	29	76	
	0	96	1	35	2	13	3	70	4	28	5	34	6	87	7	21	8	77	9	21	10	60	11	65	12	11	13	76	14	26	15	41	16	21	17	21	18	67	19	38	20	90	21	99	22	81	23	69	24	88	25	62	26	77	27	62	28	79	29	99	
	0	31	1	66	2	76	3	50	4	20	5	50	6	59	7	33	8	49	9	45	10	42	11	19	12	79	13	19	14	12	15	96	16	31	17	14	18	23	19	24	20	42	21	56	22	70	23	99	24	31	25	22	26	57	27	90	28	51	29	12	
	0	12	1	15	2	28	3	59	4	34	5	73	6	84	7	82	8	50	9	29	10	67	11	22	12	71	13	74	14	100	15	45	16	21	17	44	18	16	19	13	20	59	21	66	22	90	23	40	24	54	25	29	26	71	27	21	28	86	29	16	
	0	18	1	21	2	26	3	66	4	54	5	21	6	27	7	36	8	84	9	100	10	29	11	58	12	11	13	45	14	43	15	78	16	63	17	18	18	59	19	57	20	25	21	84	22	34	23	85	24	84	25	70	26	13	27	53	28	91	29	30	
	0	17	1	64	2	52	3	47	4	70	5	66	6	11	7	41	8	51	9	60	10	22	11	77	12	22	13	82	14	92	15	67	16	47	17	65	18	86	19	94	20	18	21	79	22	58	23	48	24	72	25	52	26	41	27	70	28	61	29	91	
	0	78	1	60	2	71	3	98	4	46	5	80	6	12	7	23	8	16	9	67	10	19	11	80	12	52	13	61	14	65	15	66	16	33	17	45	18	50	19	15	20	35	21	82	22	59	23	77	24	59	25	26	26	63	27	31	28	39	29	93	
	0	68	1	16	2	49	3	12	4	67	5	84	6	20	7	36	8	99	9	87	10	87	11	61	12	24	13	56	14	56	15	11	16	23	17	32	18	64	19	69	20	77	21	69	22	63	23	63	24	50	25	93	26	61	27	81	28	33	29	18	
	0	34	1	76	2	75	3	49	4	60	5	15	6	97	7	89	8	45	9	69	10	77	11	12	12	26	13	28	14	57	15	24	16	66	17	25	18	44	19	40	20	94	21	90	22	65	23	50	24	67	25	52	26	82	27	82	28	73	29	16	
	0	17	1	37	2	46	3	85	4	63	5	21	6	66	7	91	8	49	9	49	10	59	11	99	12	44	13	83	14	16	15	94	16	82	17	11	18	24	19	100	20	54	21	70	22	23	23	13	24	92	25	48	26	63	27	88	28	27	29	44	
	0	96	1	69	2	69	3	86	4	40	5	87	6	79	7	39	8	89	9	70	10	20	11	77	12	71	13	40	14	37	15	95	16	30	17	86	18	77	19	57	20	91	21	57	22	98	23	94	24	80	25	26	26	58	27	15	28	92	29	60	
	0	73	1	29	2	71	3	68	4	51	5	19	6	13	7	92	8	42	9	22	10	27	11	94	12	67	13	59	14	30	15	60	16	77	17	59	18	91	19	46	20	86	21	84	22	47	23	55	24	22	25	25	26	61	27	58	28	81	29	89	
	0	85	1	16	2	12	3	85	4	73	5	20	6	80	7	92	8	91	9	53	10	12	11	35	12	98	13	18	14	74	15	15	16	99	17	78	18	22	19	29	20	71	21	64	22	91	23	81	24	65	25	46	26	92	27	54	28	72	29	100	
	0	20	1	81	2	29	3	25	4	35	5	32	6	83	7	97	8	11	9	65	10	80	11	78	12	61	13	68	14	63	15	29	16	14	17	76	18	57	19	86	20	66	21	92	22	16	23	49	24	53	25	82	26	52	27	72	28	44	29	56	
	0	69	1	71	2	21	3	42	4	89	5	51	6	90	7	17	8	70	9	21	10	19	11	18	12	100	13	29	14	88	15	47	16	66	17	94	18	46	19	18	20	81	21	38	22	14	23	83	24	39	25	53	26	18	27	77	28	21	29	53	
	0	82	1	82	2	99	3	41	4	31	5	27	6	51	7	48	8	65	9	33	10	98	11	86	12	61	13	96	14	89	15	75	16	62	17	42	18	87	19	14	20	71	21	56	22	71	23	100	24	52	25	18	26	40	27	25	28	33	29	22	
	0	10	1	20	2	22	3	33	4	71	5	10	6	67	7	92	8	29	9	88	10	94	11	79	12	92	13	33	14	10	15	16	16	27	17	93	18	20	19	36	20	80	21	80	22	84	23	70	24	80	25	88	26	71	27	28	28	58	29	99	
	0	88	1	36	2	100	3	29	4	37	5	75	6	20	7	47	8	19	9	18	10	43	11	25	12	12	13	99	14	86	15	31	16	88	17	24	18	90	19	80	20	76	21	15	22	64	23	26	24	51	25	43	26	72	27	84	28	61	29	93	
	0	62	1	38	2	30	3	73	4	11	5	91	6	92	7	23	8	51	9	13	10	39	11	100	12	89	13	56	14	33	15	19	16	49	17	39	18	12	19	49	20	86	21	83	22	83	23	59	24	35	25	85	26	43	27	13	28	88	29	44	
	0	34	1	41	2	95	3	72	4	54	5	70	6	96	7	21	8	54	9	89	10	38	11	61	12	34	13	59	14	48	15	33	16	63	17	35	18	55	19	42	20	39	21	73	22	19	23	79	24	61	25	21	26	43	27	18	28	29	29	90	
	0	36	1	99	2	12	3	93	4	77	5	81	6	15	7	59	8	70	9	41	10	59	11	10	12	90	13	83	14	68	15	19	16	17	17	92	18	24	19	52	20	12	21	32	22	26	23	51	24	100	25	74	26	80	27	53	28	38	29	61	
	0	48	1	96	2	19	3	62	4	71	5	63	6	98	7	97	8	70	9	43	10	48	11	88	12	88	13	55	14	54	15	57	16	51	17	95	18	75	19	45	20	36	21	86	22	23	23	14	24	14	25	51	26	92	27	65	28	78	29	56	
	0	79	1	19	2	67	3	14	4	83	5	14	6	79	7	73	8	77	9	47	10	57	11	94	12	32	13	42	14	12	15	59	16	25	17	56	18	63	19	45	20	21	21	84	22	49	23	31	24	90	25	26	26	23	27	92	28	83	29	86	
	0	39	1	67	2	79	3	90	4	84	5	59	6	45	7	16	8	50	9	39	10	39	11	11	12	100	13	25	14	82	15	38	16	86	17	95	18	66	19	67	20	58	21	92	22	47	23	83	24	63	25	85	26	11	27	20	28	11	29	71	
	0	15	1	76	2	48	3	93	4	92	5	11	6	93	7	92	8	38	9	32	10	93	11	37	12	33	13	77	14	69	15	77	16	45	17	62	18	90	19	64	20	84	21	61	22	19	23	43	24	28	25	67	26	56	27	67	28	44	29	73	
	0	62	1	45	2	93	3	92	4	51	5	45	6	99	7	63	8	39	9	80	10	24	11	48	12	32	13	54	14	21	15	18	16	74	17	54	18	29	19	83	20	86	21	97	22	84	23	84	24	98	25	33	26	38	27	95	28	19	29	97	
	0	65	1	10	2	22	3	79	4	58	5	92	6	19	7	60	8	50	9	19	10	91	11	96	12	43	13	27	14	19	15	76	16	78	17	20	18	46	19	82	20	51	21	74	22	78	23	66	24	66	25	77	26	91	27	11	28	57	29	30	
	0	96	1	97	2	25	3	94	4	48	5	39	6	82	7	52	8	69	9	15	10	51	11	87	12	92	13	81	14	69	15	33	16	76	17	50	18	59	19	49	20	35	21	92	22	79	23	75	24	23	25	51	26	93	27	40	28	44	29	15	
	0	96	1	19	2	88	3	62	4	70	5	38	6	33	7	24	8	44	9	41	10	92	11	66	12	18	13	100	14	22	15	56	16	85	17	68	18	31	19	24	20	24	21	16	22	88	23	46	24	15	25	39	26	52	27	68	28	20	29	75	
	0	76	1	11	2	69	3	33	4	49	5	89	6	92	7	93	8	51	9	13	10	63	11	93	12	10	13	87	14	84	15	56	16	32	17	68	18	83	19	48	20	32	21	64	22	30	23	25	24	32	25	14	26	24	27	59	28	49	29	77	
	0	33	1	56	2	13	3	66	4	27	5	21	6	16	7	49	8	97	9	14	10	86	11	12	12	61	13	40	14	33	15	100	16	60	17	87	18	61	19	85	20	61	21	72	22	79	23	79	24	82	25	55	26	45	27	43	28	48	29	57	
	0	94	1	13	2	49	3	41	4	42	5	79	6	78	7	17	8	97	9	93	10	24	11	20	12	38	13	60	14	41	15	55	16	77	17	61	18	15	19	53	20	54	21	30	22	87	23	36	24	23	25	80	26	100	27	83	28	91	29	46	
	0	68	1	52	2	54	3	82	4	67	5	22	6	73	7	18	8	38	9	93	10	91	11	75	12	92	13	59	14	18	15	68	16	66	17	23	18	58	19	46	20	65	21	95	22	74	23	38	24	40	25	92	26	53	27	52	28	63	29	33	
	0	45	1	44	2	36	3	13	4	15	5	81	6	58	7	72	8	21	9	91	10	44	11	28	12	55	13	22	14	92	15	92	16	31	17	84	18	68	19	48	20	14	21	41	22	17	23	10	24	20	25	84	26	84	27	46	28	52	29	42	
	0	50	1	64	2	86	3	51	4	98	5	86	6	58	7	80	8	22	9	90	10	90	11	41	12	36	13	43	14	56	15	89	16	74	17	44	18	75	19	61	20	40	21	12	22	36	23	51	24	71	25	65	26	10	27	94	28	43	29	31	
	0	64	1	28	2	64	3	75	4	37	5	83	6	86	7	25	8	46	9	43	10	73	11	21	12	95	13	94	14	17	15	88	16	25	17	87	18	38	19	71	20	84	21	26	22	29	23	81	24	64	25	88	26	75	27	44	28	76	29	77	
	0	51	1	61	2	55	3	94	4	91	5	73	6	77	7	91	8	80	9	77	10	46	11	25	12	62	13	54	14	79	15	71	16	54	17	14	18	25	19	97	20	67	21	27	22	47	23	92	24	91	25	61	26	27	27	30	28	10	29	70	
	0	20	1	10	2	46	3	74	4	72	5	12	6	86	7	25	8	20	9	40	10	96	11	46	12	45	13	73	14	17	15	81	16	68	17	66	18	51	19	79	20	74	21	15	22	76	23	31	24	41	25	26	26	78	27	44	28	97	29	91	
	0	51	1	94	2	92	3	48	4	34	5	93	6	45	7	75	8	72	9	91	10	12	11	28	12	15	13	61	14	20	15	16	16	37	17	45	18	55	19	80	20	25	21	99	22	29	23	99	24	68	25	90	26	14	27	38	28	56	29	29	
	0	64	1	84	2	99	3	49	4	41	5	33	6	19	7	62	8	34	9	34	10	35	11	65	12	46	13	50	14	58	15	31	16	27	17	77	18	94	19	39	20	17	21	32	22	85	23	65	24	46	25	66	26	100	27	79	28	61	29	68	
	0	85	1	56	2	17	3	16	4	23	5	30	6	48	7	18	8	76	9	54	10	82	11	65	12	86	13	32	14	74	15	74	16	24	17	96	18	15	19	41	20	69	21	68	22	19	23	24	24	17	25	91	26	96	27	93	28	33	29	23	
	0	16	1	27	2	14	3	78	4	37	5	55	6	25	7	46	8	35	9	94	10	16	11	22	12	66	13	18	14	93	15	51	16	23	17	66	18	37	19	76	20	58	21	73	22	42	23	99	24	36	25	98	26	89	27	91	28	16	29	100	
	0	37	1	65	2	69	3	46	4	55	5	18	6	89	7	41	8	82	9	88	10	80	11	71	12	26	13	91	14	80	15	27	16	14	17	55	18	28	19	43	20	10	21	62	22	63	23	54	24	53	25	49	26	31	27	10	28	92	29	14	
	0	67	1	62	2	99	3	27	4	35	5	66	6	96	7	72	8	19	9	61	10	78	11	83	12	55	13	74	14	19	15	63	16	53	17	65	18	22	19	69	20	78	21	90	22	52	23	100	24	30	25	45	26	59	27	83	28	97	29	63	
	0	77	1	81	2	12	3	60	4	85	5	47	6	37	7	54	8	15	9	82	10	67	11	87	12	44	13	54	14	46	15	51	16	26	17	58	18	79	19	91	20	17	21	27	22	100	23	53	24	47	25	83	26	55	27	69	28	23	29	22	
	0	63	1	71	2	72	3	81	4	31	5	55	6	93	7	94	8	43	9	98	10	94	11	30	12	62	13	50	14	88	15	80	16	53	17	76	18	18	19	19	20	22	21	38	22	67	23	87	24	91	25	50	26	94	27	52	28	53	29	73	
	0	83	1	52	2	41	3	90	4	44	5	23	6	46	7	45	8	88	9	50	10	98	11	62	12	73	13	86	14	61	15	49	16	60	17	34	18	67	19	73	20	20	21	87	22	97	23	64	24	27	25	87	26	87	27	58	28	21	29	21	
	0	26	1	63	2	57	3	37	4	58	5	94	6	14	7	51	8	16	9	60	10	52	11	88	12	74	13	86	14	52	15	62	16	64	17	100	18	92	19	44	20	87	21	37	22	16	23	16	24	35	25	19	26	20	27	52	28	65	29	86	
	0	23	1	15	2	96	3	16	4	85	5	12	6	52	7	36	8	83	9	95	10	66	11	76	12	26	13	94	14	75	15	90	16	19	17	81	18	91	19	68	20	65	21	97	22	51	23	15	24	63	25	37	26	50	27	43	28	91	29	42	
	0	58	1	71	2	18	3	91	4	41	5	64	6	17	7	45	8	52	9	12	10	37	11	39	12	22	13	76	14	53	15	72	16	48	17	24	18	61	19	72	20	64	21	19	22	12	23	39	24	44	25	70	26	75	27	66	28	23	29	45	
	0	93	1	21	2	57	3	71	4	46	5	60	6	94	7	14	8	73	9	21	10	69	11	46	12	35	13	47	14	49	15	10	16	51	17	27	18	56	19	85	20	17	21	92	22	36	23	79	24	100	25	41	26	92	27	71	28	82	29	59	
	0	61	1	70	2	68	3	99	4	70	5	86	6	18	7	38	8	90	9	80	10	82	11	19	12	41	13	41	14	19	15	58	16	83	17	23	18	34	19	58	20	98	21	89	22	92	23	73	24	58	25	85	26	19	27	35	28	95	29	93	
	0	43	1	54	2	16	3	86	4	97	5	83	6	45	7	24	8	56	9	59	10	36	11	69	12	47	13	96	14	91	15	31	16	55	17	39	18	50	19	33	20	74	21	29	22	42	23	56	24	13	25	31	26	29	27	70	28	82	29	95	
	0	81	1	56	2	63	3	99	4	45	5	20	6	70	7	99	8	71	9	73	10	21	11	16	12	78	13	86	14	39	15	64	16	52	17	61	18	22	19	75	20	51	21	18	22	61	23	70	24	78	25	95	26	62	27	75	28	79	29	38	
	0	39	1	32	2	23	3	52	4	78	5	45	6	44	7	46	8	58	9	48	10	49	11	48	12	89	13	61	14	65	15	35	16	65	17	25	18	39	19	59	20	16	21	13	22	16	23	51	24	33	25	67	26	78	27	54	28	91	29	32	
	0	57	1	62	2	30	3	79	4	95	5	89	6	59	7	10	8	90	9	86	10	31	11	31	12	64	13	93	14	50	15	24	16	69	17	74	18	68	19	94	20	30	21	74	22	54	23	19	24	71	25	50	26	39	27	67	28	33	29	16	
	0	39	1	76	2	27	3	64	4	16	5	89	6	55	7	64	8	98	9	55	10	43	11	93	12	20	13	69	14	46	15	43	16	69	17	49	18	63	19	74	20	47	21	26	22	97	23	76	24	83	25	75	26	42	27	26	28	32	29	95	
	0	15	1	53	2	54	3	11	4	55	5	68	6	41	7	58	8	52	9	18	10	95	11	60	12	81	13	41	14	100	15	60	16	88	17	80	18	53	19	36	20	68	21	64	22	73	23	38	24	89	25	19	26	38	27	99	28	12	29	44	
	0	63	1	85	2	55	3	16	4	17	5	65	6	18	7	57	8	84	9	27	10	89	11	17	12	75	13	94	14	97	15	88	16	31	17	29	18	97	19	69	20	56	21	71	22	36	23	76	24	26	25	46	26	57	27	85	28	53	29	86	
	0	52	1	35	2	91	3	39	4	92	5	36	6	59	7	41	8	77	9	98	10	65	11	78	12	73	13	47	14	91	15	30	16	86	17	36	18	27	19	48	20	38	21	24	22	70	23	64	24	42	25	18	26	77	27	60	28	67	29	39	
	0	28	1	95	2	72	3	100	4	89	5	61	6	69	7	17	8	65	9	86	10	10	11	46	12	93	13	74	14	23	15	29	16	76	17	17	18	79	19	69	20	50	21	83	22	90	23	87	24	19	25	93	26	66	27	18	28	59	29	41	
	0	29	1	45	2	65	3	75	4	62	5	47	6	60	7	11	8	14	9	26	10	66	11	56	12	72	13	72	14	82	15	11	16	92	17	89	18	73	19	85	20	32	21	60	22	86	23	86	24	91	25	31	26	75	27	73	28	31	29	84	
	0	56	1	60	2	41	3	10	4	24	5	45	6	94	7	50	8	73	9	97	10	52	11	65	12	44	13	79	14	26	15	42	16	42	17	91	18	51	19	95	20	96	21	75	22	27	23	17	24	67	25	51	26	62	27	77	28	38	29	57	
	0	21	1	60	2	10	3	49	4	30	5	39	6	64	7	23	8	14	9	13	10	100	11	86	12	47	13	78	14	25	15	48	16	63	17	74	18	99	19	57	20	47	21	55	22	28	23	94	24	64	25	70	26	52	27	22	28	87	29	81	
	0	36	1	77	2	57	3	91	4	48	5	13	6	92	7	38	8	10	9	79	10	91	11	52	12	97	13	30	14	22	15	29	16	24	17	64	18	64	19	42	20	52	21	71	22	15	23	43	24	28	25	59	26	54	27	23	28	41	29	64	
	0	91	1	95	2	49	3	57	4	94	5	61	6	14	7	100	8	18	9	16	10	58	11	43	12	53	13	91	14	30	15	33	16	24	17	46	18	60	19	17	20	82	21	68	22	45	23	79	24	77	25	77	26	52	27	95	28	80	29	97	
	0	15	1	92	2	46	3	28	4	53	5	46	6	64	7	28	8	16	9	81	10	30	11	89	12	19	13	37	14	81	15	12	16	23	17	26	18	85	19	77	20	71	21	45	22	96	23	16	24	10	25	50	26	20	27	32	28	95	29	77	
	0	37	1	78	2	79	3	91	4	11	5	94	6	39	7	88	8	30	9	33	10	94	11	78	12	68	13	81	14	48	15	15	16	54	17	47	18	13	19	63	20	42	21	83	22	89	23	90	24	48	25	41	26	52	27	57	28	90	29	60	
	0	34	1	19	2	66	3	92	4	83	5	78	6	76	7	31	8	95	9	79	10	45	11	73	12	76	13	68	14	88	15	56	16	34	17	22	18	88	19	78	20	39	21	22	22	36	23	52	24	62	25	42	26	93	27	24	28	77	29	92	
	0	30	1	19	2	65	3	78	4	83	5	17	6	56	7	68	8	41	9	99	10	71	11	69	12	27	13	25	14	82	15	61	16	12	17	41	18	78	19	63	20	77	21	91	22	100	23	25	24	79	25	28	26	65	27	56	28	14	29	15	
	0	64	1	48	2	38	3	96	4	84	5	23	6	22	7	31	8	72	9	87	10	37	11	58	12	29	13	64	14	14	15	98	16	98	17	68	18	99	19	89	20	56	21	49	22	11	23	55	24	40	25	78	26	46	27	42	28	34	29	93	
	0	68	1	50	2	14	3	59	4	80	5	17	6	11	7	86	8	83	9	97	10	80	11	14	12	19	13	31	14	14	15	49	16	88	17	96	18	29	19	23	20	52	21	92	22	81	23	35	24	85	25	37	26	60	27	73	28	28	29	97	
	0	99	1	100	2	57	3	73	4	39	5	34	6	40	7	72	8	98	9	78	10	11	11	52	12	96	13	55	14	45	15	57	16	88	17	69	18	24	19	56	20	85	21	23	22	57	23	92	24	61	25	55	26	100	27	49	28	61	29	66	
	0	41	1	49	2	84	3	94	4	43	5	90	6	77	7	61	8	92	9	98	10	91	11	28	12	96	13	22	14	98	15	45	16	39	17	31	18	56	19	43	20	65	21	47	22	66	23	95	24	91	25	45	26	47	27	47	28	40	29	55	
	0	89	1	35	2	11	3	16	4	38	5	68	6	89	7	15	8	78	9	50	10	51	11	83	12	69	13	91	14	10	15	61	16	50	17	20	18	71	19	32	20	56	21	97	22	76	23	37	24	38	25	16	26	58	27	43	28	15	29	90	
	0	76	1	21	2	62	3	82	4	16	5	71	6	59	7	13	8	62	9	18	10	69	11	54	12	27	13	55	14	20	15	13	16	56	17	44	18	85	19	59	20	35	21	62	22	36	23	98	24	24	25	93	26	69	27	43	28	83	29	34	
	0	81	1	23	2	73	3	91	4	81	5	66	6	28	7	91	8	12	9	35	10	31	11	10	12	35	13	48	14	68	15	85	16	31	17	84	18	73	19	13	20	71	21	89	22	53	23	88	24	49	25	79	26	50	27	81	28	16	29	51	
	0	20	1	44	2	57	3	80	4	72	5	22	6	67	7	57	8	91	9	33	10	23	11	29	12	34	13	25	14	74	15	44	16	39	17	58	18	78	19	18	20	39	21	99	22	19	23	87	24	73	25	81	26	59	27	89	28	72	29	18	
	0	11	1	43	2	88	3	51	4	68	5	14	6	54	7	15	8	87	9	70	10	56	11	22	12	82	13	11	14	63	15	86	16	16	17	29	18	91	19	22	20	38	21	52	22	62	23	27	24	56	25	51	26	13	27	33	28	46	29	16	
	0	95	1	68	2	70	3	89	4	50	5	88	6	41	7	64	8	98	9	10	10	63	11	84	12	56	13	62	14	85	15	80	16	91	17	21	18	27	19	56	20	30	21	83	22	67	23	38	24	88	25	69	26	19	27	65	28	47	29	97	
	0	78	1	30	2	60	3	28	4	15	5	23	6	99	7	97	8	87	9	39	10	68	11	66	12	82	13	13	14	18	15	89	16	80	17	65	18	96	19	74	20	37	21	25	22	88	23	93	24	74	25	44	26	97	27	10	28	98	29	95	
	0	54	1	70	2	19	3	81	4	32	5	81	6	54	7	16	8	68	9	98	10	83	11	34	12	37	13	58	14	59	15	61	16	74	17	49	18	23	19	32	20	21	21	67	22	68	23	41	24	93	25	70	26	86	27	72	28	13	29	32	
	0	32	1	60	2	69	3	49	4	54	5	73	6	41	7	35	8	36	9	48	10	17	11	49	12	82	13	60	14	49	15	26	16	88	17	77	18	77	19	18	20	86	21	59	22	23	23	23	24	76	25	99	26	62	27	47	28	21	29	65	
	0	37	1	86	2	100	3	35	4	46	5	35	6	35	7	96	8	56	9	47	10	39	11	34	12	13	13	53	14	60	15	80	16	100	17	53	18	87	19	55	20	85	21	53	22	83	23	74	24	46	25	75	26	12	27	90	28	90	29	16	
	0	84	1	91	2	71	3	99	4	29	5	73	6	53	7	58	8	86	9	34	10	89	11	48	12	44	13	34	14	15	15	77	16	73	17	61	18	58	19	22	20	14	21	45	22	63	23	21	24	28	25	85	26	49	27	73	28	50	29	77	
	0	35	1	81	2	99	3	19	4	51	5	49	6	92	7	18	8	87	9	90	10	90	11	66	12	88	13	25	14	64	15	74	16	27	17	47	18	96	19	88	20	62	21	22	22	42	23	35	24	30	25	42	26	81	27	35	28	34	29	13	
	0	15	1	39	2	49	3	33	4	25	5	64	6	20	7	75	8	94	9	74	10	37	11	42	12	99	13	35	14	78	15	16	16	50	17	57	18	81	19	16	20	50	21	47	22	44	23	36	24	47	25	41	26	84	27	38	28	17	29	73	
	0	89	1	84	2	96	3	52	4	16	5	67	6	14	7	25	8	88	9	38	10	18	11	46	12	58	13	18	14	15	15	100	16	48	17	35	18	44	19	85	20	14	21	13	22	69	23	41	24	21	25	76	26	15	27	98	28	83	29	86	
	0	35	1	29	2	14	3	36	4	56	5	95	6	46	7	29	8	11	9	19	10	63	11	43	12	42	13	64	14	14	15	92	16	40	17	74	18	28	19	40	20	51	21	83	22	88	23	57	24	99	25	33	26	55	27	41	28	73	29	88	
	0	79	1	67	2	29	3	64	4	52	5	47	6	64	7	82	8	33	9	11	10	41	11	74	12	96	13	49	14	10	15	80	16	85	17	91	18	91	19	99	20	18	21	10	22	66	23	44	24	31	25	25	26	47	27	55	28	78	29	73	
	0	46	1	60	2	47	3	30	4	60	5	58	6	46	7	58	8	93	9	26	10	79	11	89	12	42	13	36	14	66	15	23	16	92	17	72	18	63	19	69	20	30	21	26	22	86	23	32	24	22	25	19	26	71	27	56	28	81	29	82	
	0	94	1	87	2	45	3	40	4	90	5	22	6	69	7	47	8	52	9	82	10	98	11	76	12	38	13	66	14	36	15	24	16	78	17	66	18	42	19	23	20	35	21	85	22	66	23	52	24	73	25	33	26	64	27	28	28	38	29	99	
	0	46	1	29	2	34	3	45	4	40	5	46	6	49	7	50	8	18	9	76	10	41	11	21	12	49	13	76	14	54	15	18	16	34	17	21	18	80	19	93	20	17	21	42	22	24	23	28	24	78	25	56	26	79	27	35	28	93	29	41	
	0	36	1	99	2	78	3	98	4	55	5	64	6	16	7	19	8	70	9	58	10	24	11	29	12	24	13	41	14	49	15	75	16	76	17	71	18	16	19	96	20	17	21	27	22	92	23	52	24	40	25	26	26	33	27	39	28	29	29	27	
	0	53	1	58	2	12	3	60	4	56	5	45	6	78	7	83	8	68	9	29	10	16	11	73	12	99	13	95	14	58	15	80	16	70	17	53	18	50	19	36	20	65	21	84	22	13	23	88	24	17	25	87	26	77	27	47	28	98	29	27	
	0	59	1	83	2	41	3	24	4	55	5	26	6	56	7	88	8	25	9	81	10	22	11	53	12	82	13	22	14	96	15	54	16	22	17	58	18	43	19	78	20	63	21	72	22	94	23	12	24	30	25	54	26	87	27	61	28	96	29	55	
	0	63	1	44	2	67	3	70	4	29	5	34	6	11	7	52	8	44	9	17	10	19	11	35	12	50	13	80	14	56	15	92	16	69	17	26	18	95	19	22	20	84	21	14	22	70	23	27	24	77	25	79	26	18	27	95	28	22	29	85	
	0	43	1	33	2	64	3	71	4	94	5	18	6	55	7	50	8	77	9	82	10	27	11	43	12	77	13	86	14	68	15	62	16	65	17	39	18	76	19	71	20	41	21	78	22	70	23	81	24	86	25	26	26	28	27	81	28	43	29	20	
	0	23	1	80	2	11	3	33	4	14	5	45	6	40	7	79	8	88	9	36	10	76	11	53	12	22	13	71	14	95	15	52	16	47	17	35	18	14	19	10	20	11	21	77	22	84	23	62	24	85	25	53	26	35	27	42	28	12	29	39	
	0	73	1	55	2	75	3	84	4	24	5	80	6	62	7	94	8	17	9	29	10	40	11	62	12	84	13	34	14	26	15	58	16	38	17	47	18	98	19	15	20	32	21	49	22	57	23	52	24	66	25	79	26	36	27	11	28	93	29	80	
	0	39	1	64	2	17	3	51	4	17	5	17	6	50	7	89	8	29	9	69	10	60	11	50	12	63	13	56	14	95	15	66	16	82	17	72	18	49	19	71	20	83	21	96	22	43	23	96	24	81	25	65	26	41	27	17	28	24	29	55	
	0	30	1	24	2	94	3	83	4	74	5	86	6	68	7	14	8	64	9	39	10	81	11	51	12	45	13	45	14	61	15	73	16	84	17	100	18	53	19	64	20	97	21	34	22	22	23	91	24	30	25	85	26	91	27	25	28	75	29	53	
	0	48	1	37	2	52	3	47	4	80	5	14	6	78	7	16	8	27	9	48	10	95	11	93	12	98	13	74	14	60	15	28	16	81	17	71	18	15	19	84	20	18	21	89	22	74	23	90	24	39	25	28	26	97	27	87	28	44	29	19	
	0	34	1	91	2	54	3	88	4	71	5	53	6	34	7	56	8	30	9	70	10	13	11	14	12	13	13	89	14	44	15	39	16	45	17	98	18	42	19	51	20	75	21	10	22	70	23	63	24	85	25	69	26	57	27	43	28	59	29	44	
	0	66	1	12	2	91	3	72	4	73	5	42	6	78	7	38	8	77	9	87	10	48	11	18	12	54	13	77	14	20	15	80	16	77	17	86	18	24	19	55	20	59	21	92	22	81	23	86	24	77	25	18	26	44	27	69	28	40	29	33	
	0	20	1	93	2	27	3	86	4	98	5	42	6	86	7	56	8	47	9	48	10	19	11	35	12	13	13	27	14	29	15	61	16	15	17	45	18	83	19	86	20	38	21	73	22	13	23	76	24	82	25	61	26	66	27	83	28	53	29	15	
	0	82	1	24	2	24	3	11	4	65	5	86	6	68	7	41	8	76	9	80	10	49	11	25	12	48	13	14	14	59	15	77	16	89	17	98	18	50	19	97	20	22	21	88	22	25	23	94	24	18	25	29	26	24	27	67	28	27	29	76	
	0	15	1	91	2	43	3	24	4	66	5	91	6	72	7	13	8	94	9	48	10	33	11	87	12	86	13	99	14	22	15	30	16	52	17	18	18	46	19	48	20	56	21	40	22	63	23	27	24	89	25	27	26	41	27	18	28	54	29	47	
	0	60	1	68	2	45	3	89	4	67	5	16	6	22	7	35	8	35	9	37	10	45	11	65	12	10	13	63	14	52	15	59	16	25	17	70	18	32	19	66	20	77	21	53	22	84	23	77	24	32	25	57	26	73	27	59	28	18	29	20	