200 40 1
40
	0	52	1	78	2	50	3	72	4	34	5	16	6	26	7	91	8	11	9	72	10	70	11	21	12	67	13	50	14	27	15	89	16	99	17	24	18	84	19	62	20	99	21	43	22	99	23	47	24	73	25	38	26	94	27	60	28	98	29	10	30	14	31	39	32	97	33	77	34	97	35	25	36	71	37	96	38	20	39	73	
	0	33	1	67	2	10	3	91	4	24	5	20	6	62	7	39	8	36	9	78	10	66	11	57	12	12	13	33	14	20	15	69	16	50	17	22	18	30	19	60	20	96	21	83	22	21	23	77	24	78	25	86	26	30	27	84	28	89	29	79	30	45	31	78	32	13	33	75	34	32	35	46	36	98	37	27	38	82	39	68	
	0	55	1	89	2	39	3	91	4	28	5	47	6	98	7	37	8	82	9	56	10	51	11	59	12	25	13	48	14	73	15	46	16	54	17	40	18	29	19	88	20	31	21	25	22	19	23	40	24	73	25	16	26	23	27	16	28	83	29	35	30	10	31	47	32	43	33	30	34	52	35	55	36	66	37	20	38	81	39	50	
	0	87	1	59	2	50	3	39	4	35	5	74	6	81	7	52	8	82	9	73	10	34	11	53	12	83	13	90	14	73	15	83	16	31	17	29	18	55	19	11	20	50	21	84	22	87	23	14	24	57	25	29	26	12	27	14	28	14	29	13	30	77	31	23	32	44	33	15	34	64	35	96	36	89	37	91	38	40	39	68	
	0	80	1	42	2	30	3	22	4	14	5	88	6	56	7	89	8	56	9	58	10	48	11	64	12	79	13	17	14	44	15	97	16	21	17	28	18	88	19	19	20	61	21	14	22	23	23	42	24	76	25	78	26	89	27	69	28	87	29	99	30	31	31	84	32	62	33	43	34	53	35	26	36	95	37	27	38	81	39	81	
	0	12	1	81	2	27	3	16	4	77	5	89	6	45	7	26	8	35	9	69	10	43	11	60	12	89	13	54	14	17	15	40	16	83	17	43	18	61	19	66	20	70	21	11	22	32	23	32	24	69	25	47	26	31	27	76	28	94	29	66	30	28	31	40	32	93	33	98	34	61	35	33	36	81	37	47	38	71	39	38	
	0	88	1	88	2	81	3	72	4	82	5	23	6	84	7	57	8	78	9	80	10	46	11	11	12	39	13	19	14	91	15	55	16	90	17	48	18	96	19	37	20	39	21	99	22	10	23	33	24	97	25	76	26	84	27	80	28	32	29	19	30	11	31	80	32	53	33	22	34	90	35	47	36	51	37	40	38	49	39	24	
	0	61	1	74	2	55	3	95	4	61	5	100	6	94	7	98	8	35	9	75	10	75	11	31	12	48	13	16	14	30	15	75	16	84	17	56	18	57	19	30	20	52	21	93	22	21	23	65	24	68	25	100	26	33	27	15	28	77	29	22	30	42	31	98	32	93	33	42	34	77	35	33	36	67	37	92	38	44	39	60	
	0	69	1	43	2	87	3	83	4	77	5	29	6	72	7	69	8	44	9	77	10	48	11	88	12	85	13	34	14	46	15	62	16	57	17	23	18	72	19	60	20	75	21	10	22	32	23	74	24	34	25	24	26	26	27	66	28	54	29	21	30	41	31	87	32	73	33	39	34	13	35	24	36	94	37	70	38	19	39	13	
	0	97	1	26	2	98	3	58	4	10	5	66	6	21	7	37	8	32	9	34	10	56	11	69	12	10	13	87	14	78	15	99	16	29	17	97	18	62	19	33	20	75	21	82	22	39	23	99	24	52	25	60	26	26	27	19	28	61	29	38	30	64	31	60	32	46	33	36	34	73	35	22	36	17	37	38	38	51	39	32	
	0	64	1	43	2	99	3	59	4	75	5	28	6	82	7	88	8	52	9	88	10	90	11	45	12	93	13	91	14	66	15	95	16	90	17	40	18	79	19	41	20	76	21	11	22	14	23	23	24	100	25	76	26	61	27	93	28	49	29	51	30	55	31	90	32	55	33	47	34	59	35	89	36	93	37	84	38	93	39	82	
	0	37	1	81	2	26	3	44	4	30	5	86	6	83	7	21	8	59	9	19	10	52	11	29	12	81	13	87	14	15	15	70	16	76	17	24	18	37	19	64	20	81	21	62	22	50	23	54	24	12	25	83	26	24	27	16	28	29	29	14	30	51	31	70	32	19	33	54	34	49	35	82	36	68	37	66	38	59	39	97	
	0	83	1	95	2	81	3	80	4	48	5	62	6	20	7	13	8	91	9	72	10	48	11	59	12	36	13	32	14	22	15	93	16	37	17	14	18	46	19	72	20	97	21	35	22	65	23	29	24	85	25	10	26	35	27	44	28	82	29	26	30	39	31	30	32	70	33	26	34	68	35	65	36	48	37	28	38	20	39	92	
	0	95	1	79	2	34	3	54	4	42	5	84	6	56	7	65	8	47	9	88	10	77	11	86	12	27	13	55	14	25	15	72	16	60	17	83	18	77	19	92	20	24	21	46	22	81	23	40	24	94	25	17	26	58	27	54	28	13	29	49	30	13	31	32	32	48	33	60	34	55	35	83	36	24	37	76	38	10	39	68	
	0	51	1	39	2	13	3	62	4	79	5	50	6	85	7	88	8	45	9	18	10	17	11	46	12	52	13	28	14	34	15	69	16	77	17	97	18	73	19	32	20	29	21	77	22	46	23	40	24	21	25	78	26	11	27	16	28	38	29	19	30	79	31	77	32	92	33	16	34	63	35	19	36	95	37	60	38	55	39	11	
	0	90	1	26	2	25	3	64	4	37	5	74	6	89	7	53	8	10	9	81	10	81	11	91	12	98	13	58	14	28	15	100	16	25	17	33	18	83	19	75	20	43	21	45	22	60	23	75	24	51	25	35	26	77	27	61	28	47	29	80	30	54	31	10	32	60	33	62	34	76	35	39	36	49	37	26	38	29	39	12	
	0	38	1	28	2	100	3	87	4	40	5	46	6	80	7	39	8	44	9	90	10	17	11	43	12	53	13	45	14	28	15	77	16	51	17	54	18	100	19	89	20	15	21	41	22	79	23	40	24	22	25	41	26	11	27	52	28	71	29	80	30	98	31	47	32	53	33	79	34	85	35	59	36	50	37	61	38	39	39	72	
	0	43	1	58	2	89	3	69	4	23	5	12	6	21	7	60	8	57	9	56	10	64	11	70	12	47	13	84	14	66	15	11	16	100	17	69	18	99	19	20	20	97	21	29	22	75	23	39	24	80	25	95	26	14	27	21	28	82	29	59	30	53	31	64	32	89	33	16	34	29	35	22	36	36	37	50	38	75	39	87	
	0	83	1	93	2	76	3	78	4	31	5	74	6	95	7	50	8	72	9	76	10	17	11	54	12	75	13	39	14	21	15	57	16	81	17	43	18	20	19	44	20	54	21	68	22	58	23	28	24	24	25	63	26	33	27	42	28	44	29	16	30	53	31	53	32	74	33	41	34	38	35	31	36	87	37	95	38	87	39	31	
	0	23	1	66	2	82	3	87	4	30	5	24	6	72	7	87	8	62	9	25	10	56	11	93	12	15	13	11	14	55	15	23	16	51	17	43	18	26	19	87	20	24	21	63	22	42	23	97	24	10	25	68	26	35	27	84	28	77	29	57	30	99	31	48	32	71	33	58	34	90	35	74	36	77	37	36	38	21	39	51	
	0	31	1	98	2	41	3	83	4	21	5	57	6	77	7	66	8	82	9	14	10	93	11	89	12	98	13	51	14	65	15	50	16	77	17	75	18	26	19	36	20	69	21	31	22	15	23	73	24	49	25	67	26	37	27	97	28	25	29	15	30	89	31	76	32	84	33	45	34	20	35	73	36	54	37	30	38	29	39	34	
	0	51	1	24	2	46	3	56	4	72	5	16	6	43	7	24	8	91	9	94	10	75	11	47	12	56	13	81	14	45	15	50	16	64	17	46	18	28	19	46	20	52	21	23	22	88	23	29	24	82	25	46	26	10	27	33	28	50	29	85	30	28	31	91	32	62	33	22	34	65	35	66	36	51	37	13	38	87	39	68	
	0	52	1	53	2	12	3	83	4	90	5	85	6	91	7	11	8	53	9	47	10	16	11	45	12	48	13	99	14	58	15	20	16	33	17	11	18	73	19	70	20	25	21	43	22	89	23	33	24	37	25	26	26	89	27	48	28	13	29	57	30	71	31	30	32	57	33	28	34	25	35	17	36	98	37	69	38	64	39	51	
	0	15	1	22	2	38	3	99	4	35	5	86	6	72	7	58	8	61	9	45	10	100	11	94	12	53	13	92	14	14	15	50	16	56	17	31	18	44	19	29	20	80	21	98	22	45	23	80	24	56	25	26	26	37	27	55	28	16	29	67	30	68	31	19	32	42	33	56	34	83	35	35	36	68	37	39	38	17	39	11	
	0	50	1	13	2	51	3	90	4	28	5	10	6	52	7	57	8	76	9	17	10	48	11	53	12	78	13	73	14	36	15	79	16	62	17	79	18	34	19	89	20	10	21	89	22	17	23	89	24	73	25	95	26	50	27	23	28	60	29	62	30	89	31	30	32	21	33	41	34	89	35	84	36	44	37	23	38	74	39	69	
	0	99	1	33	2	84	3	13	4	59	5	45	6	84	7	58	8	28	9	50	10	94	11	14	12	48	13	97	14	63	15	76	16	44	17	92	18	17	19	90	20	60	21	44	22	99	23	44	24	85	25	94	26	37	27	21	28	96	29	20	30	11	31	24	32	16	33	72	34	63	35	65	36	45	37	93	38	58	39	99	
	0	89	1	80	2	97	3	45	4	14	5	67	6	84	7	81	8	12	9	44	10	93	11	73	12	71	13	63	14	33	15	81	16	27	17	72	18	17	19	15	20	48	21	100	22	57	23	73	24	41	25	34	26	71	27	25	28	85	29	20	30	59	31	75	32	89	33	74	34	82	35	75	36	49	37	82	38	61	39	14	
	0	83	1	44	2	99	3	22	4	97	5	22	6	56	7	32	8	84	9	78	10	98	11	73	12	23	13	51	14	73	15	12	16	35	17	32	18	99	19	82	20	46	21	23	22	66	23	73	24	16	25	55	26	92	27	77	28	100	29	77	30	57	31	57	32	12	33	54	34	38	35	93	36	31	37	73	38	52	39	57	
	0	92	1	55	2	25	3	100	4	18	5	19	6	74	7	89	8	86	9	56	10	73	11	19	12	91	13	17	14	22	15	54	16	59	17	84	18	29	19	25	20	12	21	72	22	16	23	85	24	75	25	63	26	90	27	69	28	22	29	40	30	26	31	19	32	76	33	51	34	40	35	43	36	31	37	93	38	96	39	60	
	0	12	1	70	2	51	3	85	4	23	5	83	6	14	7	30	8	71	9	48	10	18	11	44	12	25	13	45	14	100	15	59	16	56	17	96	18	77	19	55	20	21	21	67	22	45	23	53	24	36	25	47	26	42	27	62	28	18	29	38	30	31	31	71	32	53	33	48	34	64	35	33	36	10	37	70	38	61	39	97	
	0	56	1	41	2	38	3	59	4	14	5	40	6	87	7	47	8	72	9	63	10	16	11	47	12	73	13	99	14	64	15	38	16	64	17	27	18	96	19	39	20	16	21	72	22	17	23	76	24	82	25	30	26	78	27	43	28	26	29	71	30	84	31	34	32	14	33	56	34	27	35	17	36	41	37	45	38	88	39	27	
	0	28	1	30	2	84	3	34	4	75	5	59	6	18	7	55	8	17	9	55	10	97	11	30	12	86	13	15	14	75	15	41	16	61	17	74	18	69	19	39	20	37	21	13	22	83	23	79	24	58	25	53	26	37	27	94	28	91	29	45	30	94	31	55	32	16	33	99	34	93	35	83	36	90	37	92	38	23	39	36	
	0	12	1	81	2	91	3	42	4	15	5	81	6	17	7	69	8	32	9	70	10	61	11	32	12	49	13	47	14	66	15	77	16	57	17	76	18	90	19	18	20	64	21	91	22	100	23	46	24	48	25	64	26	18	27	29	28	64	29	76	30	51	31	29	32	37	33	54	34	40	35	17	36	93	37	52	38	27	39	24	
	0	56	1	49	2	85	3	46	4	10	5	64	6	53	7	39	8	55	9	96	10	13	11	67	12	40	13	57	14	61	15	29	16	31	17	74	18	72	19	96	20	99	21	20	22	82	23	38	24	49	25	92	26	69	27	22	28	95	29	45	30	34	31	43	32	86	33	35	34	59	35	48	36	65	37	82	38	63	39	61	
	0	18	1	59	2	37	3	32	4	15	5	51	6	27	7	94	8	90	9	54	10	27	11	67	12	47	13	13	14	78	15	36	16	80	17	26	18	98	19	94	20	34	21	33	22	87	23	14	24	65	25	31	26	48	27	89	28	13	29	67	30	74	31	94	32	38	33	20	34	80	35	14	36	11	37	56	38	92	39	23	
	0	43	1	59	2	64	3	20	4	52	5	61	6	33	7	27	8	34	9	69	10	81	11	94	12	100	13	54	14	22	15	24	16	51	17	17	18	81	19	99	20	62	21	74	22	83	23	39	24	88	25	75	26	14	27	25	28	69	29	75	30	35	31	15	32	83	33	77	34	65	35	40	36	63	37	12	38	63	39	64	
	0	85	1	56	2	73	3	13	4	45	5	75	6	84	7	17	8	36	9	74	10	88	11	50	12	85	13	34	14	84	15	93	16	73	17	63	18	67	19	21	20	10	21	87	22	16	23	98	24	75	25	60	26	50	27	58	28	74	29	22	30	73	31	51	32	43	33	50	34	24	35	23	36	43	37	48	38	54	39	87	
	0	10	1	93	2	96	3	82	4	97	5	89	6	42	7	85	8	62	9	64	10	22	11	95	12	55	13	99	14	34	15	35	16	33	17	52	18	85	19	34	20	67	21	43	22	80	23	65	24	69	25	91	26	25	27	39	28	100	29	79	30	57	31	44	32	42	33	77	34	57	35	88	36	84	37	25	38	97	39	47	
	0	24	1	76	2	87	3	32	4	98	5	56	6	90	7	23	8	82	9	77	10	93	11	48	12	88	13	54	14	65	15	54	16	100	17	50	18	94	19	75	20	58	21	95	22	51	23	82	24	55	25	66	26	92	27	64	28	28	29	45	30	92	31	15	32	68	33	58	34	35	35	23	36	68	37	93	38	48	39	15	
	0	66	1	48	2	28	3	86	4	94	5	50	6	26	7	17	8	75	9	65	10	36	11	90	12	37	13	79	14	95	15	99	16	29	17	38	18	60	19	41	20	20	21	50	22	34	23	30	24	89	25	71	26	38	27	53	28	48	29	12	30	15	31	70	32	33	33	22	34	43	35	29	36	14	37	81	38	43	39	49	
	0	23	1	31	2	28	3	50	4	97	5	80	6	87	7	95	8	91	9	69	10	21	11	43	12	68	13	57	14	15	15	47	16	58	17	71	18	83	19	70	20	55	21	70	22	31	23	18	24	38	25	56	26	98	27	29	28	64	29	70	30	93	31	79	32	91	33	10	34	86	35	88	36	63	37	38	38	41	39	27	
	0	23	1	30	2	14	3	95	4	43	5	49	6	66	7	42	8	44	9	36	10	98	11	54	12	86	13	13	14	54	15	47	16	68	17	44	18	57	19	93	20	59	21	31	22	35	23	24	24	95	25	88	26	99	27	25	28	88	29	10	30	42	31	86	32	100	33	32	34	62	35	92	36	36	37	57	38	86	39	95	
	0	31	1	59	2	30	3	69	4	16	5	92	6	68	7	37	8	34	9	23	10	92	11	91	12	94	13	75	14	14	15	24	16	20	17	64	18	42	19	24	20	31	21	78	22	66	23	17	24	18	25	80	26	79	27	32	28	17	29	17	30	69	31	20	32	41	33	73	34	67	35	39	36	43	37	100	38	91	39	69	
	0	57	1	93	2	20	3	10	4	34	5	76	6	65	7	41	8	92	9	35	10	95	11	34	12	20	13	43	14	18	15	52	16	56	17	67	18	69	19	74	20	62	21	61	22	62	23	54	24	91	25	86	26	26	27	61	28	41	29	27	30	75	31	49	32	55	33	46	34	89	35	48	36	100	37	73	38	74	39	92	
	0	79	1	99	2	59	3	91	4	57	5	16	6	37	7	93	8	98	9	59	10	58	11	41	12	66	13	71	14	67	15	73	16	26	17	91	18	51	19	50	20	86	21	10	22	60	23	19	24	80	25	33	26	72	27	78	28	51	29	49	30	93	31	23	32	23	33	12	34	62	35	96	36	26	37	18	38	28	39	18	
	0	32	1	32	2	11	3	68	4	16	5	88	6	52	7	20	8	70	9	10	10	26	11	17	12	63	13	95	14	22	15	80	16	69	17	86	18	91	19	66	20	42	21	42	22	55	23	93	24	57	25	12	26	98	27	15	28	26	29	90	30	25	31	13	32	65	33	13	34	80	35	95	36	60	37	56	38	10	39	56	
	0	34	1	14	2	19	3	58	4	65	5	54	6	57	7	50	8	10	9	38	10	79	11	59	12	89	13	43	14	23	15	36	16	99	17	68	18	27	19	84	20	93	21	16	22	88	23	48	24	78	25	14	26	59	27	20	28	20	29	72	30	39	31	67	32	48	33	37	34	12	35	49	36	27	37	52	38	99	39	24	
	0	61	1	13	2	33	3	74	4	42	5	95	6	93	7	78	8	100	9	54	10	26	11	55	12	94	13	50	14	66	15	91	16	76	17	56	18	95	19	25	20	69	21	51	22	38	23	82	24	75	25	81	26	72	27	20	28	68	29	53	30	37	31	62	32	19	33	91	34	58	35	58	36	97	37	56	38	26	39	95	
	0	16	1	82	2	73	3	50	4	59	5	92	6	80	7	81	8	55	9	91	10	19	11	54	12	68	13	40	14	38	15	76	16	68	17	46	18	14	19	47	20	76	21	17	22	24	23	91	24	67	25	71	26	77	27	25	28	62	29	29	30	15	31	41	32	16	33	90	34	28	35	30	36	35	37	42	38	99	39	72	
	0	64	1	40	2	75	3	28	4	71	5	11	6	91	7	83	8	71	9	97	10	86	11	83	12	52	13	32	14	48	15	28	16	51	17	10	18	92	19	72	20	26	21	49	22	20	23	31	24	31	25	80	26	36	27	73	28	82	29	18	30	15	31	94	32	18	33	17	34	31	35	53	36	89	37	60	38	76	39	74	
	0	21	1	92	2	68	3	83	4	23	5	84	6	86	7	29	8	91	9	78	10	91	11	74	12	45	13	93	14	57	15	34	16	91	17	69	18	10	19	76	20	64	21	32	22	20	23	93	24	37	25	24	26	68	27	100	28	16	29	43	30	36	31	85	32	26	33	36	34	95	35	36	36	62	37	45	38	23	39	79	
	0	89	1	46	2	90	3	73	4	85	5	95	6	94	7	91	8	96	9	47	10	97	11	61	12	26	13	59	14	94	15	59	16	43	17	29	18	26	19	19	20	92	21	95	22	17	23	46	24	77	25	94	26	100	27	73	28	62	29	45	30	62	31	72	32	37	33	84	34	25	35	45	36	97	37	22	38	13	39	38	
	0	86	1	72	2	64	3	26	4	30	5	10	6	56	7	68	8	92	9	36	10	25	11	46	12	37	13	90	14	100	15	26	16	62	17	63	18	58	19	80	20	47	21	65	22	54	23	58	24	62	25	84	26	62	27	81	28	55	29	98	30	95	31	66	32	92	33	62	34	70	35	99	36	68	37	59	38	62	39	78	
	0	31	1	76	2	14	3	15	4	88	5	16	6	62	7	52	8	22	9	18	10	20	11	99	12	56	13	93	14	20	15	48	16	20	17	66	18	72	19	61	20	48	21	31	22	66	23	54	24	12	25	29	26	82	27	70	28	97	29	21	30	37	31	80	32	67	33	32	34	94	35	20	36	99	37	19	38	11	39	95	
	0	52	1	20	2	84	3	80	4	24	5	63	6	100	7	17	8	16	9	45	10	30	11	85	12	26	13	98	14	72	15	46	16	59	17	14	18	61	19	83	20	91	21	23	22	97	23	95	24	40	25	83	26	12	27	86	28	42	29	67	30	12	31	10	32	60	33	20	34	87	35	67	36	28	37	38	38	79	39	74	
	0	14	1	90	2	55	3	68	4	31	5	96	6	80	7	17	8	85	9	46	10	98	11	12	12	81	13	36	14	22	15	38	16	70	17	83	18	98	19	30	20	61	21	22	22	19	23	37	24	47	25	91	26	95	27	28	28	100	29	76	30	95	31	47	32	57	33	47	34	96	35	58	36	32	37	93	38	39	39	70	
	0	52	1	73	2	70	3	88	4	45	5	51	6	22	7	56	8	98	9	44	10	63	11	32	12	32	13	62	14	72	15	18	16	46	17	36	18	89	19	16	20	24	21	35	22	16	23	27	24	100	25	73	26	45	27	98	28	89	29	61	30	74	31	100	32	32	33	98	34	41	35	50	36	100	37	98	38	73	39	11	
	0	78	1	44	2	59	3	84	4	97	5	26	6	52	7	78	8	67	9	65	10	67	11	14	12	57	13	45	14	23	15	80	16	44	17	69	18	100	19	13	20	34	21	56	22	28	23	66	24	11	25	52	26	97	27	72	28	81	29	86	30	41	31	48	32	68	33	81	34	60	35	71	36	70	37	31	38	76	39	99	
	0	11	1	33	2	22	3	36	4	40	5	17	6	40	7	27	8	14	9	16	10	53	11	51	12	51	13	27	14	48	15	90	16	92	17	18	18	12	19	83	20	47	21	90	22	43	23	81	24	61	25	20	26	93	27	58	28	34	29	97	30	44	31	59	32	94	33	78	34	46	35	32	36	84	37	76	38	55	39	56	
	0	37	1	45	2	54	3	98	4	30	5	22	6	96	7	40	8	17	9	13	10	81	11	14	12	80	13	80	14	77	15	57	16	72	17	68	18	94	19	53	20	41	21	98	22	54	23	92	24	76	25	89	26	25	27	84	28	45	29	100	30	10	31	74	32	38	33	60	34	23	35	45	36	20	37	11	38	32	39	59	
	0	100	1	37	2	67	3	40	4	15	5	11	6	60	7	52	8	74	9	70	10	59	11	28	12	99	13	64	14	18	15	41	16	78	17	72	18	87	19	76	20	38	21	67	22	13	23	73	24	26	25	33	26	40	27	12	28	35	29	29	30	24	31	45	32	40	33	57	34	87	35	65	36	70	37	62	38	81	39	17	
	0	75	1	50	2	96	3	77	4	99	5	19	6	11	7	75	8	54	9	96	10	34	11	53	12	72	13	40	14	69	15	78	16	18	17	48	18	92	19	24	20	79	21	46	22	85	23	12	24	70	25	16	26	80	27	13	28	47	29	70	30	68	31	55	32	94	33	45	34	87	35	87	36	64	37	37	38	42	39	53	
	0	30	1	33	2	25	3	74	4	22	5	18	6	86	7	61	8	34	9	79	10	84	11	66	12	71	13	45	14	61	15	88	16	22	17	30	18	90	19	89	20	74	21	23	22	33	23	87	24	63	25	35	26	17	27	80	28	45	29	43	30	91	31	19	32	88	33	89	34	50	35	71	36	33	37	55	38	35	39	28	
	0	94	1	80	2	83	3	59	4	99	5	58	6	61	7	93	8	77	9	49	10	68	11	56	12	47	13	60	14	26	15	28	16	28	17	68	18	76	19	100	20	16	21	44	22	77	23	63	24	13	25	76	26	40	27	97	28	75	29	61	30	95	31	46	32	33	33	34	34	95	35	80	36	85	37	63	38	68	39	87	
	0	66	1	50	2	63	3	69	4	29	5	37	6	42	7	59	8	72	9	44	10	24	11	96	12	28	13	53	14	19	15	69	16	97	17	20	18	27	19	69	20	58	21	87	22	98	23	47	24	55	25	19	26	12	27	22	28	27	29	46	30	34	31	35	32	14	33	38	34	24	35	88	36	13	37	54	38	97	39	98	
	0	58	1	36	2	98	3	46	4	23	5	30	6	94	7	86	8	33	9	26	10	23	11	14	12	28	13	91	14	41	15	55	16	69	17	55	18	59	19	26	20	37	21	93	22	38	23	77	24	29	25	76	26	45	27	53	28	54	29	56	30	65	31	42	32	46	33	54	34	66	35	40	36	36	37	15	38	14	39	61	
	0	95	1	83	2	83	3	32	4	84	5	31	6	96	7	63	8	11	9	31	10	10	11	81	12	77	13	39	14	60	15	56	16	38	17	44	18	47	19	82	20	11	21	51	22	71	23	51	24	32	25	21	26	30	27	36	28	98	29	64	30	39	31	71	32	70	33	68	34	74	35	54	36	100	37	81	38	72	39	93	
	0	49	1	26	2	53	3	38	4	28	5	69	6	78	7	55	8	95	9	61	10	15	11	55	12	57	13	44	14	52	15	43	16	44	17	78	18	69	19	48	20	48	21	69	22	65	23	70	24	83	25	49	26	63	27	92	28	16	29	82	30	20	31	35	32	41	33	26	34	77	35	89	36	79	37	83	38	24	39	25	
	0	16	1	51	2	49	3	45	4	45	5	49	6	22	7	27	8	23	9	64	10	33	11	35	12	88	13	41	14	87	15	16	16	90	17	88	18	77	19	88	20	50	21	45	22	50	23	44	24	93	25	60	26	84	27	39	28	69	29	32	30	34	31	28	32	86	33	61	34	23	35	17	36	52	37	93	38	55	39	76	
	0	84	1	27	2	69	3	29	4	63	5	98	6	11	7	41	8	10	9	29	10	27	11	38	12	77	13	26	14	96	15	93	16	43	17	10	18	77	19	14	20	56	21	66	22	67	23	74	24	34	25	43	26	30	27	64	28	34	29	98	30	11	31	98	32	70	33	43	34	38	35	89	36	82	37	23	38	64	39	33	
	0	49	1	61	2	83	3	20	4	53	5	71	6	100	7	19	8	35	9	17	10	67	11	64	12	36	13	73	14	85	15	63	16	49	17	81	18	28	19	63	20	75	21	35	22	76	23	62	24	51	25	84	26	53	27	75	28	85	29	88	30	31	31	97	32	62	33	85	34	55	35	70	36	28	37	90	38	65	39	38	
	0	98	1	26	2	70	3	10	4	94	5	22	6	44	7	80	8	50	9	44	10	69	11	33	12	15	13	94	14	22	15	41	16	79	17	81	18	66	19	29	20	44	21	100	22	67	23	31	24	40	25	28	26	53	27	39	28	84	29	44	30	36	31	25	32	39	33	26	34	64	35	15	36	69	37	62	38	43	39	99	
	0	60	1	21	2	11	3	68	4	78	5	90	6	91	7	96	8	81	9	56	10	51	11	93	12	67	13	58	14	95	15	66	16	29	17	40	18	28	19	52	20	19	21	55	22	24	23	24	24	90	25	83	26	33	27	96	28	78	29	17	30	49	31	77	32	33	33	44	34	13	35	51	36	50	37	59	38	25	39	83	
	0	76	1	17	2	16	3	96	4	97	5	62	6	69	7	66	8	34	9	99	10	90	11	76	12	18	13	25	14	45	15	59	16	60	17	39	18	32	19	82	20	41	21	92	22	86	23	53	24	23	25	89	26	41	27	31	28	35	29	81	30	37	31	44	32	34	33	98	34	88	35	21	36	44	37	43	38	76	39	89	
	0	57	1	27	2	80	3	16	4	54	5	29	6	15	7	69	8	29	9	22	10	95	11	20	12	56	13	48	14	99	15	48	16	37	17	64	18	51	19	38	20	44	21	12	22	26	23	20	24	15	25	44	26	45	27	37	28	91	29	14	30	37	31	47	32	90	33	63	34	65	35	82	36	26	37	28	38	35	39	87	
	0	79	1	16	2	71	3	79	4	100	5	65	6	16	7	57	8	53	9	43	10	18	11	17	12	49	13	64	14	80	15	35	16	96	17	19	18	37	19	74	20	64	21	46	22	56	23	32	24	97	25	49	26	22	27	26	28	73	29	92	30	80	31	28	32	99	33	97	34	23	35	100	36	95	37	26	38	92	39	21	
	0	66	1	51	2	18	3	65	4	79	5	63	6	87	7	43	8	51	9	99	10	79	11	24	12	43	13	84	14	27	15	28	16	16	17	46	18	34	19	60	20	100	21	95	22	72	23	95	24	89	25	42	26	50	27	51	28	64	29	74	30	70	31	55	32	21	33	95	34	74	35	85	36	29	37	75	38	83	39	75	
	0	57	1	90	2	51	3	53	4	64	5	75	6	78	7	80	8	13	9	15	10	13	11	73	12	95	13	64	14	43	15	100	16	92	17	94	18	83	19	32	20	53	21	67	22	40	23	17	24	10	25	16	26	69	27	88	28	59	29	20	30	20	31	38	32	17	33	34	34	17	35	56	36	64	37	55	38	54	39	83	
	0	59	1	95	2	42	3	93	4	91	5	98	6	46	7	98	8	47	9	27	10	33	11	35	12	73	13	54	14	23	15	10	16	39	17	12	18	75	19	20	20	18	21	77	22	48	23	49	24	62	25	31	26	92	27	45	28	43	29	81	30	95	31	72	32	38	33	15	34	11	35	70	36	33	37	50	38	98	39	34	
	0	55	1	53	2	95	3	15	4	46	5	84	6	72	7	78	8	57	9	24	10	43	11	35	12	13	13	92	14	67	15	68	16	51	17	16	18	89	19	65	20	58	21	12	22	98	23	41	24	46	25	30	26	21	27	62	28	52	29	47	30	62	31	51	32	83	33	95	34	59	35	62	36	62	37	84	38	29	39	66	
	0	35	1	44	2	58	3	17	4	13	5	28	6	47	7	70	8	36	9	82	10	18	11	100	12	78	13	76	14	28	15	49	16	74	17	93	18	76	19	56	20	77	21	84	22	56	23	19	24	21	25	39	26	71	27	55	28	16	29	32	30	10	31	86	32	85	33	26	34	92	35	19	36	83	37	81	38	13	39	60	
	0	39	1	40	2	33	3	21	4	58	5	11	6	60	7	89	8	70	9	57	10	73	11	27	12	24	13	40	14	78	15	67	16	84	17	17	18	85	19	20	20	35	21	47	22	24	23	27	24	24	25	57	26	38	27	94	28	87	29	87	30	95	31	83	32	94	33	89	34	62	35	82	36	62	37	13	38	85	39	64	
	0	89	1	77	2	43	3	33	4	47	5	19	6	88	7	47	8	80	9	73	10	21	11	43	12	12	13	56	14	64	15	68	16	77	17	33	18	95	19	54	20	66	21	67	22	86	23	75	24	64	25	40	26	22	27	78	28	46	29	11	30	60	31	34	32	93	33	20	34	91	35	47	36	96	37	41	38	53	39	29	
	0	37	1	21	2	25	3	39	4	71	5	99	6	62	7	54	8	10	9	37	10	26	11	75	12	61	13	81	14	30	15	53	16	45	17	79	18	55	19	19	20	46	21	15	22	62	23	58	24	86	25	15	26	76	27	46	28	16	29	81	30	17	31	63	32	51	33	76	34	93	35	90	36	49	37	50	38	93	39	76	
	0	70	1	59	2	55	3	79	4	32	5	79	6	40	7	28	8	98	9	29	10	93	11	41	12	78	13	48	14	41	15	58	16	36	17	87	18	28	19	20	20	42	21	53	22	30	23	94	24	25	25	47	26	93	27	94	28	42	29	68	30	24	31	94	32	75	33	58	34	29	35	47	36	65	37	22	38	68	39	27	
	0	86	1	25	2	56	3	65	4	58	5	16	6	94	7	75	8	88	9	90	10	17	11	19	12	13	13	29	14	31	15	73	16	53	17	85	18	80	19	33	20	74	21	40	22	38	23	90	24	86	25	33	26	68	27	21	28	95	29	73	30	17	31	92	32	91	33	81	34	77	35	44	36	57	37	56	38	43	39	20	
	0	89	1	46	2	58	3	41	4	24	5	14	6	18	7	54	8	83	9	47	10	10	11	94	12	24	13	49	14	71	15	47	16	76	17	74	18	15	19	84	20	14	21	19	22	77	23	64	24	79	25	66	26	29	27	96	28	65	29	86	30	33	31	88	32	53	33	97	34	44	35	23	36	87	37	96	38	78	39	27	
	0	37	1	68	2	55	3	63	4	43	5	38	6	47	7	47	8	70	9	43	10	98	11	58	12	19	13	94	14	71	15	79	16	64	17	39	18	39	19	62	20	51	21	82	22	10	23	13	24	79	25	66	26	71	27	57	28	18	29	74	30	14	31	30	32	24	33	99	34	24	35	92	36	41	37	92	38	51	39	18	
	0	34	1	43	2	13	3	96	4	65	5	12	6	33	7	76	8	19	9	81	10	96	11	30	12	64	13	61	14	30	15	31	16	11	17	92	18	46	19	29	20	29	21	85	22	98	23	74	24	56	25	30	26	22	27	68	28	47	29	66	30	24	31	80	32	93	33	35	34	37	35	64	36	92	37	78	38	60	39	20	
	0	26	1	68	2	39	3	20	4	96	5	93	6	97	7	49	8	98	9	29	10	39	11	25	12	73	13	22	14	93	15	85	16	90	17	11	18	67	19	52	20	76	21	10	22	71	23	56	24	41	25	90	26	45	27	26	28	21	29	85	30	63	31	84	32	100	33	28	34	35	35	100	36	50	37	66	38	31	39	83	
	0	52	1	33	2	90	3	76	4	19	5	69	6	47	7	99	8	72	9	79	10	46	11	100	12	70	13	66	14	52	15	92	16	92	17	19	18	22	19	98	20	29	21	93	22	68	23	44	24	63	25	30	26	12	27	16	28	27	29	58	30	13	31	59	32	84	33	95	34	56	35	36	36	19	37	32	38	21	39	10	
	0	33	1	55	2	94	3	36	4	16	5	96	6	75	7	74	8	36	9	22	10	77	11	43	12	98	13	12	14	76	15	50	16	81	17	76	18	29	19	78	20	61	21	21	22	36	23	57	24	28	25	51	26	60	27	16	28	87	29	75	30	19	31	41	32	18	33	56	34	19	35	35	36	52	37	51	38	27	39	10	
	0	26	1	79	2	89	3	11	4	54	5	46	6	30	7	24	8	59	9	44	10	49	11	49	12	37	13	97	14	74	15	67	16	51	17	46	18	17	19	64	20	100	21	78	22	42	23	26	24	20	25	61	26	97	27	31	28	33	29	29	30	48	31	51	32	50	33	99	34	48	35	91	36	51	37	36	38	33	39	24	
	0	76	1	55	2	33	3	13	4	66	5	46	6	29	7	22	8	99	9	97	10	96	11	93	12	95	13	10	14	37	15	55	16	81	17	88	18	82	19	56	20	74	21	65	22	73	23	48	24	87	25	80	26	57	27	70	28	18	29	94	30	79	31	100	32	70	33	14	34	35	35	59	36	28	37	56	38	58	39	35	
	0	50	1	73	2	26	3	44	4	52	5	15	6	18	7	67	8	44	9	30	10	72	11	41	12	43	13	78	14	36	15	99	16	35	17	49	18	68	19	72	20	92	21	54	22	76	23	86	24	88	25	57	26	24	27	39	28	50	29	17	30	24	31	39	32	94	33	43	34	44	35	92	36	64	37	45	38	13	39	74	
	0	62	1	29	2	81	3	80	4	28	5	92	6	55	7	96	8	23	9	92	10	63	11	21	12	86	13	48	14	33	15	96	16	31	17	80	18	42	19	35	20	15	21	65	22	63	23	19	24	96	25	62	26	23	27	27	28	36	29	42	30	15	31	35	32	97	33	30	34	51	35	65	36	99	37	98	38	84	39	64	
	0	51	1	88	2	91	3	99	4	66	5	31	6	83	7	69	8	82	9	94	10	97	11	74	12	83	13	65	14	60	15	74	16	93	17	87	18	47	19	22	20	91	21	46	22	58	23	53	24	98	25	77	26	57	27	33	28	67	29	69	30	59	31	82	32	68	33	67	34	23	35	20	36	99	37	51	38	36	39	73	
	0	92	1	88	2	69	3	29	4	84	5	18	6	35	7	51	8	25	9	80	10	47	11	51	12	93	13	65	14	55	15	21	16	60	17	50	18	51	19	15	20	62	21	22	22	16	23	93	24	75	25	66	26	48	27	66	28	48	29	45	30	76	31	19	32	76	33	32	34	23	35	89	36	82	37	19	38	73	39	31	
	0	45	1	76	2	76	3	74	4	13	5	68	6	91	7	17	8	58	9	75	10	60	11	70	12	68	13	13	14	23	15	30	16	23	17	67	18	32	19	89	20	56	21	15	22	44	23	45	24	55	25	92	26	87	27	64	28	98	29	62	30	67	31	34	32	57	33	13	34	90	35	73	36	45	37	93	38	45	39	60	
	0	47	1	60	2	38	3	72	4	34	5	50	6	90	7	57	8	69	9	46	10	62	11	90	12	39	13	88	14	43	15	54	16	52	17	27	18	10	19	71	20	86	21	19	22	45	23	32	24	30	25	49	26	99	27	56	28	60	29	76	30	44	31	61	32	15	33	12	34	73	35	54	36	36	37	96	38	100	39	94	
	0	98	1	15	2	45	3	47	4	46	5	25	6	71	7	52	8	15	9	18	10	88	11	73	12	45	13	54	14	42	15	85	16	19	17	83	18	47	19	96	20	70	21	69	22	93	23	35	24	97	25	34	26	13	27	25	28	98	29	95	30	55	31	78	32	35	33	58	34	96	35	80	36	62	37	56	38	98	39	70	
	0	66	1	68	2	38	3	66	4	91	5	63	6	17	7	53	8	20	9	62	10	37	11	73	12	54	13	61	14	86	15	33	16	52	17	77	18	67	19	65	20	62	21	88	22	94	23	69	24	26	25	15	26	74	27	91	28	82	29	23	30	47	31	24	32	90	33	25	34	16	35	88	36	82	37	22	38	36	39	28	
	0	28	1	71	2	48	3	62	4	14	5	36	6	31	7	18	8	57	9	27	10	39	11	94	12	80	13	82	14	22	15	11	16	16	17	64	18	81	19	88	20	63	21	62	22	56	23	24	24	72	25	87	26	76	27	22	28	52	29	60	30	77	31	73	32	58	33	46	34	45	35	58	36	71	37	45	38	66	39	21	
	0	66	1	25	2	74	3	85	4	67	5	80	6	16	7	87	8	93	9	58	10	24	11	82	12	30	13	49	14	57	15	72	16	43	17	88	18	45	19	44	20	55	21	28	22	61	23	30	24	67	25	87	26	37	27	19	28	97	29	87	30	12	31	10	32	89	33	26	34	47	35	61	36	36	37	83	38	33	39	17	
	0	36	1	59	2	72	3	20	4	97	5	91	6	24	7	54	8	39	9	100	10	36	11	58	12	22	13	48	14	22	15	87	16	58	17	44	18	49	19	43	20	52	21	80	22	100	23	91	24	65	25	99	26	98	27	56	28	27	29	25	30	62	31	81	32	45	33	26	34	56	35	23	36	35	37	66	38	62	39	12	
	0	17	1	25	2	40	3	10	4	76	5	60	6	58	7	88	8	27	9	31	10	57	11	64	12	39	13	50	14	64	15	26	16	96	17	100	18	35	19	65	20	32	21	48	22	35	23	78	24	56	25	52	26	92	27	52	28	34	29	12	30	57	31	44	32	44	33	21	34	32	35	99	36	57	37	33	38	47	39	71	
	0	87	1	60	2	16	3	50	4	21	5	91	6	52	7	43	8	83	9	68	10	65	11	56	12	33	13	54	14	25	15	74	16	13	17	26	18	21	19	64	20	48	21	39	22	37	23	77	24	52	25	33	26	87	27	57	28	54	29	46	30	66	31	93	32	52	33	32	34	75	35	27	36	49	37	98	38	96	39	16	
	0	69	1	86	2	43	3	10	4	40	5	30	6	96	7	82	8	68	9	73	10	95	11	14	12	59	13	99	14	99	15	72	16	11	17	72	18	63	19	70	20	28	21	31	22	86	23	34	24	73	25	26	26	42	27	39	28	100	29	22	30	97	31	49	32	87	33	90	34	27	35	16	36	46	37	58	38	29	39	14	
	0	19	1	59	2	48	3	96	4	51	5	56	6	65	7	63	8	62	9	52	10	93	11	85	12	15	13	12	14	62	15	48	16	61	17	11	18	77	19	93	20	80	21	12	22	71	23	84	24	81	25	92	26	40	27	87	28	66	29	19	30	56	31	18	32	37	33	35	34	55	35	61	36	13	37	68	38	19	39	31	
	0	91	1	70	2	52	3	76	4	17	5	55	6	94	7	80	8	85	9	88	10	89	11	42	12	44	13	29	14	13	15	11	16	51	17	38	18	29	19	32	20	63	21	35	22	98	23	74	24	86	25	66	26	97	27	45	28	51	29	68	30	11	31	76	32	33	33	53	34	22	35	18	36	33	37	72	38	66	39	95	
	0	73	1	65	2	86	3	82	4	88	5	51	6	81	7	16	8	15	9	42	10	55	11	20	12	77	13	87	14	86	15	82	16	48	17	42	18	50	19	63	20	98	21	47	22	68	23	63	24	79	25	64	26	49	27	25	28	81	29	42	30	16	31	72	32	71	33	85	34	10	35	36	36	89	37	68	38	57	39	37	
	0	82	1	18	2	71	3	93	4	86	5	66	6	44	7	38	8	61	9	81	10	80	11	50	12	34	13	98	14	32	15	17	16	24	17	85	18	93	19	31	20	52	21	58	22	81	23	61	24	23	25	100	26	77	27	37	28	26	29	43	30	10	31	39	32	37	33	67	34	43	35	90	36	71	37	68	38	69	39	67	
	0	90	1	23	2	50	3	29	4	44	5	73	6	80	7	97	8	19	9	27	10	55	11	38	12	17	13	78	14	18	15	20	16	99	17	44	18	35	19	83	20	58	21	48	22	92	23	62	24	75	25	34	26	89	27	52	28	51	29	10	30	61	31	69	32	85	33	39	34	60	35	19	36	98	37	92	38	85	39	47	
	0	24	1	14	2	34	3	98	4	49	5	74	6	81	7	65	8	59	9	81	10	65	11	30	12	65	13	28	14	21	15	42	16	38	17	39	18	34	19	84	20	90	21	96	22	45	23	45	24	27	25	80	26	46	27	69	28	64	29	87	30	22	31	41	32	58	33	15	34	74	35	80	36	28	37	26	38	17	39	71	
	0	97	1	19	2	28	3	29	4	34	5	97	6	10	7	79	8	28	9	79	10	58	11	98	12	28	13	37	14	43	15	65	16	21	17	56	18	24	19	99	20	35	21	70	22	48	23	30	24	28	25	41	26	90	27	21	28	57	29	43	30	13	31	70	32	42	33	16	34	65	35	61	36	24	37	71	38	38	39	65	
	0	15	1	25	2	12	3	52	4	96	5	48	6	55	7	68	8	73	9	67	10	11	11	69	12	41	13	67	14	54	15	88	16	51	17	49	18	73	19	92	20	29	21	77	22	67	23	90	24	31	25	77	26	40	27	19	28	97	29	32	30	14	31	81	32	82	33	27	34	71	35	77	36	87	37	43	38	96	39	90	
	0	100	1	13	2	65	3	67	4	37	5	74	6	31	7	76	8	24	9	59	10	42	11	49	12	91	13	27	14	65	15	23	16	36	17	69	18	22	19	60	20	54	21	68	22	77	23	62	24	97	25	100	26	82	27	13	28	60	29	26	30	63	31	47	32	90	33	35	34	55	35	38	36	27	37	61	38	49	39	31	
	0	59	1	24	2	77	3	96	4	24	5	67	6	35	7	96	8	41	9	63	10	77	11	37	12	75	13	99	14	39	15	99	16	16	17	29	18	31	19	79	20	34	21	60	22	26	23	33	24	80	25	26	26	58	27	88	28	86	29	95	30	21	31	49	32	52	33	54	34	25	35	97	36	68	37	63	38	80	39	58	
	0	53	1	65	2	21	3	48	4	92	5	67	6	62	7	43	8	63	9	52	10	52	11	24	12	38	13	31	14	89	15	44	16	75	17	19	18	52	19	83	20	74	21	37	22	85	23	30	24	10	25	62	26	51	27	12	28	95	29	56	30	60	31	73	32	60	33	86	34	81	35	90	36	72	37	38	38	37	39	26	
	0	75	1	97	2	90	3	48	4	54	5	89	6	27	7	65	8	54	9	41	10	35	11	55	12	33	13	24	14	77	15	10	16	21	17	24	18	60	19	81	20	11	21	70	22	34	23	42	24	19	25	100	26	60	27	19	28	10	29	65	30	95	31	82	32	38	33	75	34	87	35	70	36	85	37	100	38	100	39	78	
	0	12	1	71	2	58	3	98	4	26	5	43	6	42	7	30	8	52	9	27	10	19	11	88	12	52	13	53	14	16	15	54	16	11	17	48	18	94	19	28	20	87	21	56	22	27	23	10	24	92	25	17	26	88	27	28	28	82	29	55	30	85	31	33	32	28	33	26	34	84	35	90	36	16	37	67	38	77	39	41	
	0	30	1	15	2	83	3	90	4	18	5	42	6	41	7	24	8	23	9	92	10	10	11	41	12	98	13	43	14	42	15	83	16	31	17	96	18	40	19	23	20	79	21	66	22	64	23	37	24	47	25	26	26	53	27	89	28	77	29	77	30	90	31	76	32	60	33	46	34	67	35	25	36	90	37	57	38	16	39	93	
	0	62	1	58	2	64	3	82	4	19	5	52	6	59	7	69	8	91	9	29	10	60	11	21	12	26	13	18	14	92	15	36	16	16	17	91	18	99	19	89	20	37	21	49	22	86	23	30	24	87	25	87	26	15	27	63	28	24	29	54	30	18	31	26	32	42	33	77	34	44	35	33	36	19	37	30	38	34	39	55	
	0	79	1	50	2	77	3	34	4	35	5	84	6	43	7	57	8	68	9	88	10	45	11	73	12	77	13	19	14	19	15	74	16	57	17	25	18	14	19	56	20	91	21	82	22	68	23	20	24	45	25	76	26	70	27	20	28	25	29	28	30	24	31	57	32	12	33	45	34	16	35	37	36	44	37	82	38	100	39	64	
	0	27	1	25	2	34	3	86	4	100	5	52	6	78	7	61	8	55	9	12	10	19	11	56	12	43	13	82	14	45	15	49	16	84	17	91	18	89	19	44	20	13	21	55	22	93	23	46	24	15	25	10	26	97	27	70	28	61	29	59	30	27	31	12	32	73	33	17	34	20	35	30	36	27	37	98	38	82	39	59	
	0	71	1	96	2	61	3	28	4	57	5	47	6	93	7	11	8	79	9	58	10	50	11	58	12	81	13	69	14	60	15	47	16	40	17	65	18	27	19	22	20	50	21	29	22	79	23	95	24	44	25	44	26	83	27	85	28	53	29	45	30	87	31	85	32	94	33	27	34	10	35	93	36	73	37	52	38	61	39	15	
	0	13	1	58	2	26	3	73	4	41	5	35	6	66	7	33	8	87	9	70	10	71	11	73	12	79	13	31	14	17	15	99	16	37	17	41	18	37	19	10	20	67	21	99	22	63	23	51	24	77	25	75	26	38	27	51	28	71	29	40	30	86	31	32	32	62	33	20	34	49	35	64	36	70	37	96	38	61	39	60	
	0	98	1	29	2	78	3	59	4	89	5	100	6	69	7	85	8	30	9	22	10	25	11	80	12	78	13	87	14	52	15	82	16	98	17	15	18	16	19	63	20	74	21	20	22	14	23	93	24	47	25	66	26	34	27	84	28	52	29	70	30	39	31	27	32	34	33	51	34	49	35	17	36	29	37	69	38	81	39	42	
	0	81	1	32	2	95	3	27	4	88	5	100	6	52	7	32	8	63	9	83	10	21	11	13	12	31	13	25	14	33	15	37	16	44	17	55	18	53	19	56	20	13	21	32	22	98	23	34	24	21	25	22	26	90	27	34	28	28	29	49	30	37	31	18	32	47	33	71	34	41	35	28	36	69	37	79	38	20	39	85	
	0	28	1	58	2	81	3	67	4	79	5	83	6	73	7	87	8	35	9	42	10	99	11	34	12	13	13	45	14	26	15	43	16	19	17	30	18	26	19	77	20	22	21	83	22	74	23	74	24	45	25	42	26	72	27	22	28	92	29	45	30	92	31	41	32	33	33	100	34	97	35	45	36	37	37	19	38	39	39	100	
	0	91	1	64	2	58	3	69	4	56	5	37	6	36	7	52	8	100	9	10	10	50	11	81	12	63	13	64	14	57	15	77	16	81	17	72	18	28	19	98	20	23	21	68	22	98	23	82	24	64	25	30	26	31	27	71	28	20	29	71	30	24	31	80	32	64	33	60	34	22	35	83	36	54	37	43	38	10	39	66	
	0	39	1	70	2	44	3	77	4	71	5	36	6	18	7	93	8	84	9	55	10	23	11	59	12	56	13	59	14	88	15	14	16	12	17	69	18	70	19	36	20	65	21	79	22	45	23	55	24	32	25	76	26	99	27	49	28	71	29	33	30	45	31	31	32	57	33	27	34	100	35	38	36	99	37	80	38	91	39	77	
	0	83	1	98	2	76	3	11	4	11	5	61	6	14	7	44	8	51	9	26	10	42	11	25	12	10	13	57	14	39	15	66	16	40	17	36	18	70	19	28	20	34	21	48	22	22	23	37	24	55	25	52	26	62	27	64	28	17	29	89	30	74	31	18	32	64	33	59	34	92	35	32	36	95	37	69	38	58	39	21	
	0	21	1	94	2	99	3	53	4	53	5	60	6	87	7	58	8	57	9	92	10	90	11	74	12	54	13	50	14	27	15	50	16	40	17	17	18	39	19	33	20	81	21	99	22	62	23	83	24	28	25	99	26	34	27	67	28	29	29	83	30	27	31	39	32	18	33	32	34	88	35	57	36	36	37	92	38	41	39	57	
	0	15	1	89	2	82	3	13	4	98	5	94	6	84	7	25	8	42	9	50	10	96	11	60	12	30	13	10	14	64	15	99	16	27	17	20	18	86	19	42	20	95	21	81	22	95	23	35	24	19	25	51	26	92	27	93	28	88	29	20	30	39	31	30	32	22	33	17	34	61	35	13	36	26	37	58	38	75	39	30	
	0	79	1	36	2	77	3	35	4	56	5	32	6	64	7	17	8	18	9	65	10	10	11	94	12	72	13	70	14	58	15	34	16	37	17	88	18	64	19	84	20	45	21	49	22	31	23	39	24	29	25	24	26	50	27	82	28	30	29	16	30	25	31	91	32	79	33	95	34	57	35	49	36	52	37	37	38	25	39	59	
	0	99	1	10	2	20	3	23	4	23	5	72	6	25	7	94	8	14	9	61	10	94	11	13	12	37	13	47	14	83	15	86	16	56	17	75	18	50	19	73	20	57	21	27	22	56	23	36	24	91	25	76	26	35	27	86	28	94	29	50	30	10	31	13	32	42	33	45	34	77	35	94	36	45	37	37	38	49	39	15	
	0	69	1	65	2	26	3	77	4	31	5	42	6	96	7	61	8	99	9	43	10	96	11	96	12	79	13	22	14	48	15	96	16	20	17	57	18	41	19	21	20	95	21	32	22	33	23	60	24	61	25	74	26	27	27	62	28	51	29	43	30	64	31	77	32	11	33	18	34	21	35	14	36	81	37	90	38	47	39	84	
	0	37	1	100	2	83	3	49	4	51	5	80	6	31	7	88	8	49	9	23	10	51	11	84	12	32	13	90	14	49	15	13	16	57	17	27	18	28	19	51	20	69	21	44	22	23	23	57	24	10	25	84	26	99	27	24	28	39	29	62	30	37	31	25	32	94	33	66	34	80	35	65	36	63	37	35	38	47	39	76	
	0	68	1	32	2	17	3	95	4	12	5	19	6	57	7	27	8	66	9	35	10	18	11	86	12	97	13	79	14	90	15	15	16	28	17	95	18	92	19	12	20	49	21	86	22	40	23	16	24	23	25	10	26	50	27	75	28	34	29	47	30	41	31	95	32	36	33	72	34	69	35	72	36	62	37	81	38	22	39	25	
	0	90	1	61	2	85	3	50	4	72	5	82	6	57	7	100	8	58	9	71	10	25	11	36	12	44	13	19	14	40	15	76	16	92	17	22	18	21	19	47	20	37	21	79	22	95	23	74	24	41	25	34	26	93	27	56	28	47	29	89	30	13	31	26	32	83	33	37	34	95	35	22	36	71	37	42	38	58	39	31	
	0	88	1	95	2	97	3	84	4	36	5	90	6	23	7	64	8	54	9	17	10	15	11	50	12	15	13	35	14	25	15	77	16	65	17	62	18	60	19	72	20	44	21	36	22	52	23	88	24	66	25	54	26	38	27	72	28	81	29	72	30	81	31	92	32	78	33	19	34	95	35	36	36	17	37	97	38	61	39	30	
	0	63	1	21	2	20	3	22	4	70	5	46	6	76	7	43	8	40	9	44	10	23	11	37	12	17	13	33	14	11	15	32	16	70	17	61	18	16	19	30	20	52	21	15	22	90	23	91	24	94	25	96	26	29	27	27	28	33	29	86	30	51	31	69	32	78	33	74	34	65	35	51	36	16	37	80	38	60	39	29	
	0	41	1	65	2	41	3	72	4	47	5	18	6	70	7	84	8	61	9	83	10	69	11	79	12	50	13	26	14	55	15	75	16	45	17	24	18	49	19	87	20	46	21	13	22	12	23	33	24	97	25	70	26	73	27	73	28	77	29	86	30	76	31	86	32	93	33	79	34	32	35	56	36	93	37	46	38	27	39	47	
	0	61	1	54	2	20	3	100	4	20	5	56	6	29	7	60	8	93	9	27	10	37	11	68	12	85	13	71	14	69	15	90	16	69	17	22	18	50	19	62	20	91	21	64	22	81	23	85	24	51	25	81	26	25	27	28	28	59	29	33	30	80	31	46	32	46	33	39	34	92	35	49	36	44	37	63	38	70	39	35	
	0	80	1	51	2	74	3	55	4	74	5	45	6	99	7	88	8	33	9	75	10	100	11	86	12	28	13	100	14	18	15	48	16	83	17	45	18	82	19	50	20	63	21	16	22	74	23	94	24	89	25	83	26	52	27	59	28	68	29	41	30	94	31	86	32	63	33	71	34	96	35	84	36	52	37	34	38	43	39	50	
	0	25	1	30	2	95	3	30	4	98	5	23	6	20	7	78	8	95	9	28	10	43	11	89	12	79	13	93	14	37	15	82	16	45	17	37	18	85	19	83	20	94	21	44	22	24	23	84	24	40	25	31	26	24	27	93	28	78	29	47	30	45	31	70	32	28	33	19	34	36	35	30	36	23	37	99	38	52	39	49	
	0	19	1	36	2	62	3	74	4	100	5	42	6	68	7	12	8	66	9	51	10	41	11	20	12	59	13	95	14	82	15	81	16	23	17	47	18	80	19	68	20	19	21	39	22	45	23	72	24	11	25	35	26	39	27	19	28	10	29	87	30	17	31	62	32	44	33	15	34	28	35	71	36	88	37	43	38	76	39	73	
	0	30	1	16	2	81	3	76	4	89	5	94	6	61	7	80	8	96	9	32	10	24	11	38	12	87	13	87	14	78	15	60	16	86	17	46	18	82	19	84	20	77	21	32	22	86	23	65	24	30	25	53	26	83	27	93	28	95	29	43	30	58	31	29	32	29	33	18	34	12	35	83	36	52	37	74	38	76	39	75	
	0	87	1	55	2	88	3	90	4	64	5	100	6	59	7	35	8	67	9	37	10	44	11	46	12	63	13	32	14	30	15	99	16	15	17	21	18	90	19	56	20	47	21	56	22	47	23	68	24	54	25	31	26	19	27	29	28	71	29	43	30	94	31	62	32	96	33	82	34	80	35	48	36	30	37	73	38	27	39	97	
	0	50	1	30	2	65	3	57	4	54	5	85	6	72	7	64	8	98	9	33	10	26	11	39	12	11	13	58	14	46	15	74	16	21	17	95	18	67	19	46	20	41	21	74	22	26	23	52	24	68	25	76	26	20	27	56	28	55	29	32	30	71	31	16	32	92	33	14	34	70	35	73	36	45	37	28	38	97	39	56	
	0	44	1	89	2	56	3	47	4	16	5	99	6	24	7	56	8	21	9	59	10	82	11	54	12	95	13	28	14	30	15	17	16	94	17	73	18	43	19	52	20	71	21	36	22	46	23	68	24	74	25	83	26	27	27	47	28	44	29	23	30	65	31	21	32	47	33	20	34	100	35	91	36	25	37	36	38	67	39	28	
	0	96	1	65	2	61	3	12	4	26	5	40	6	35	7	47	8	94	9	57	10	76	11	97	12	31	13	36	14	42	15	78	16	69	17	62	18	83	19	73	20	98	21	42	22	48	23	85	24	56	25	33	26	31	27	76	28	57	29	26	30	21	31	28	32	94	33	51	34	95	35	45	36	70	37	58	38	67	39	75	
	0	14	1	65	2	79	3	99	4	80	5	70	6	21	7	64	8	93	9	49	10	86	11	92	12	38	13	11	14	17	15	43	16	97	17	34	18	67	19	47	20	22	21	54	22	87	23	67	24	50	25	32	26	94	27	69	28	35	29	62	30	11	31	58	32	17	33	12	34	87	35	54	36	99	37	25	38	30	39	35	
	0	33	1	87	2	36	3	16	4	90	5	64	6	40	7	94	8	18	9	98	10	39	11	67	12	90	13	11	14	29	15	70	16	85	17	71	18	65	19	90	20	41	21	19	22	61	23	48	24	98	25	51	26	22	27	52	28	51	29	12	30	74	31	65	32	12	33	89	34	60	35	16	36	75	37	54	38	90	39	29	
	0	80	1	37	2	15	3	88	4	70	5	38	6	90	7	14	8	96	9	30	10	64	11	89	12	38	13	80	14	36	15	58	16	73	17	22	18	26	19	49	20	41	21	70	22	13	23	92	24	15	25	63	26	51	27	46	28	23	29	62	30	72	31	72	32	44	33	79	34	79	35	92	36	16	37	56	38	73	39	81	
	0	32	1	66	2	99	3	42	4	91	5	90	6	27	7	48	8	70	9	58	10	54	11	23	12	28	13	96	14	70	15	56	16	42	17	21	18	54	19	57	20	50	21	80	22	69	23	91	24	49	25	27	26	45	27	62	28	53	29	86	30	12	31	84	32	70	33	12	34	16	35	90	36	16	37	86	38	79	39	32	
	0	11	1	42	2	85	3	55	4	95	5	56	6	87	7	43	8	90	9	38	10	93	11	11	12	66	13	97	14	65	15	31	16	67	17	51	18	89	19	70	20	44	21	43	22	58	23	28	24	46	25	33	26	45	27	70	28	59	29	97	30	95	31	56	32	10	33	46	34	90	35	40	36	81	37	60	38	16	39	92	
	0	79	1	44	2	99	3	45	4	72	5	30	6	35	7	68	8	76	9	89	10	30	11	65	12	63	13	30	14	11	15	34	16	92	17	99	18	60	19	78	20	68	21	71	22	45	23	14	24	18	25	53	26	77	27	97	28	19	29	70	30	79	31	25	32	91	33	58	34	40	35	82	36	69	37	100	38	63	39	41	
	0	85	1	32	2	82	3	86	4	58	5	94	6	86	7	13	8	15	9	88	10	71	11	31	12	97	13	87	14	41	15	42	16	95	17	71	18	61	19	68	20	65	21	49	22	15	23	81	24	15	25	44	26	10	27	98	28	31	29	38	30	81	31	42	32	33	33	76	34	82	35	59	36	93	37	82	38	47	39	46	
	0	52	1	56	2	35	3	75	4	45	5	92	6	84	7	79	8	21	9	92	10	62	11	78	12	90	13	13	14	46	15	97	16	37	17	20	18	75	19	17	20	57	21	87	22	49	23	95	24	37	25	74	26	10	27	47	28	60	29	70	30	95	31	89	32	99	33	26	34	99	35	40	36	17	37	19	38	36	39	50	
	0	40	1	30	2	58	3	90	4	33	5	56	6	78	7	83	8	84	9	44	10	37	11	98	12	15	13	94	14	18	15	58	16	25	17	67	18	29	19	75	20	27	21	56	22	20	23	24	24	65	25	76	26	86	27	98	28	40	29	10	30	47	31	57	32	71	33	93	34	86	35	53	36	10	37	25	38	47	39	78	
	0	33	1	76	2	15	3	66	4	43	5	72	6	45	7	78	8	37	9	50	10	56	11	49	12	57	13	39	14	96	15	42	16	27	17	71	18	65	19	85	20	26	21	35	22	78	23	19	24	87	25	52	26	22	27	10	28	40	29	87	30	65	31	77	32	43	33	100	34	45	35	46	36	68	37	87	38	61	39	19	
	0	10	1	84	2	100	3	68	4	47	5	24	6	27	7	53	8	40	9	65	10	70	11	51	12	26	13	36	14	89	15	14	16	38	17	48	18	38	19	78	20	17	21	81	22	31	23	67	24	34	25	96	26	26	27	42	28	93	29	78	30	29	31	96	32	12	33	13	34	12	35	79	36	75	37	71	38	76	39	28	
	0	50	1	79	2	39	3	52	4	39	5	16	6	32	7	74	8	90	9	34	10	78	11	82	12	54	13	53	14	70	15	14	16	13	17	98	18	96	19	67	20	15	21	23	22	64	23	12	24	60	25	98	26	19	27	83	28	31	29	77	30	22	31	53	32	87	33	36	34	10	35	34	36	43	37	47	38	52	39	63	
	0	82	1	24	2	66	3	38	4	12	5	20	6	12	7	99	8	45	9	78	10	87	11	18	12	10	13	54	14	78	15	94	16	34	17	51	18	39	19	37	20	93	21	88	22	59	23	63	24	72	25	28	26	31	27	16	28	10	29	27	30	95	31	17	32	44	33	59	34	90	35	83	36	73	37	100	38	44	39	52	
	0	92	1	67	2	81	3	36	4	70	5	24	6	10	7	66	8	48	9	65	10	30	11	32	12	28	13	94	14	10	15	61	16	92	17	88	18	24	19	18	20	51	21	27	22	42	23	33	24	59	25	79	26	65	27	11	28	16	29	17	30	63	31	47	32	25	33	25	34	75	35	80	36	74	37	96	38	84	39	61	
	0	70	1	68	2	72	3	16	4	13	5	44	6	54	7	89	8	64	9	66	10	91	11	70	12	52	13	63	14	69	15	73	16	50	17	13	18	20	19	100	20	20	21	80	22	49	23	36	24	21	25	56	26	32	27	89	28	90	29	27	30	62	31	53	32	98	33	12	34	97	35	74	36	78	37	63	38	17	39	27	
	0	86	1	55	2	43	3	10	4	49	5	51	6	64	7	21	8	22	9	80	10	25	11	95	12	70	13	66	14	48	15	10	16	21	17	89	18	24	19	83	20	41	21	48	22	93	23	59	24	77	25	89	26	75	27	32	28	16	29	71	30	36	31	30	32	75	33	25	34	30	35	59	36	46	37	66	38	64	39	53	
	0	87	1	13	2	99	3	100	4	98	5	71	6	25	7	10	8	20	9	92	10	58	11	93	12	17	13	63	14	80	15	17	16	77	17	72	18	55	19	30	20	62	21	37	22	13	23	99	24	25	25	87	26	32	27	65	28	51	29	77	30	31	31	14	32	75	33	59	34	61	35	68	36	15	37	61	38	36	39	23	
	0	26	1	54	2	71	3	20	4	35	5	19	6	20	7	23	8	48	9	46	10	99	11	11	12	73	13	83	14	71	15	84	16	39	17	100	18	39	19	72	20	87	21	100	22	53	23	50	24	45	25	17	26	79	27	24	28	17	29	53	30	97	31	37	32	35	33	80	34	85	35	20	36	57	37	40	38	28	39	28	
	0	98	1	41	2	79	3	10	4	96	5	29	6	14	7	69	8	76	9	94	10	87	11	46	12	43	13	64	14	38	15	47	16	78	17	31	18	94	19	38	20	32	21	60	22	82	23	23	24	28	25	79	26	35	27	21	28	46	29	71	30	37	31	49	32	24	33	55	34	51	35	89	36	74	37	46	38	62	39	51	
	0	85	1	59	2	19	3	84	4	42	5	65	6	94	7	10	8	46	9	36	10	12	11	27	12	66	13	97	14	97	15	49	16	86	17	87	18	65	19	11	20	85	21	31	22	93	23	50	24	18	25	47	26	15	27	42	28	28	29	69	30	100	31	47	32	27	33	23	34	52	35	60	36	12	37	19	38	18	39	57	
	0	78	1	88	2	70	3	82	4	17	5	76	6	32	7	88	8	86	9	36	10	98	11	35	12	24	13	85	14	54	15	40	16	43	17	18	18	87	19	59	20	19	21	97	22	50	23	50	24	28	25	100	26	81	27	30	28	99	29	28	30	24	31	97	32	38	33	91	34	46	35	77	36	19	37	44	38	20	39	36	
	0	16	1	10	2	11	3	79	4	56	5	11	6	49	7	78	8	74	9	81	10	79	11	12	12	17	13	15	14	98	15	95	16	88	17	78	18	48	19	47	20	71	21	62	22	88	23	30	24	96	25	49	26	55	27	49	28	19	29	45	30	77	31	53	32	35	33	48	34	11	35	47	36	40	37	81	38	62	39	79	
	0	67	1	30	2	11	3	35	4	99	5	35	6	81	7	48	8	68	9	68	10	16	11	61	12	75	13	95	14	74	15	85	16	65	17	42	18	25	19	68	20	24	21	39	22	89	23	71	24	14	25	31	26	81	27	27	28	42	29	81	30	29	31	31	32	85	33	12	34	38	35	11	36	61	37	21	38	58	39	81	
	0	95	1	44	2	74	3	96	4	44	5	62	6	32	7	45	8	15	9	47	10	42	11	60	12	99	13	80	14	98	15	33	16	99	17	20	18	75	19	36	20	94	21	36	22	60	23	24	24	89	25	43	26	75	27	51	28	84	29	44	30	77	31	14	32	68	33	60	34	88	35	46	36	15	37	56	38	52	39	11	
	0	37	1	86	2	94	3	45	4	95	5	28	6	15	7	35	8	40	9	29	10	19	11	84	12	17	13	14	14	51	15	42	16	77	17	28	18	44	19	89	20	95	21	85	22	95	23	24	24	65	25	73	26	70	27	43	28	94	29	82	30	35	31	68	32	94	33	100	34	37	35	69	36	80	37	44	38	37	39	96	
	0	67	1	52	2	11	3	21	4	70	5	69	6	11	7	96	8	30	9	36	10	44	11	11	12	81	13	78	14	91	15	54	16	70	17	45	18	11	19	47	20	56	21	84	22	15	23	96	24	82	25	14	26	59	27	31	28	28	29	52	30	37	31	66	32	35	33	91	34	90	35	84	36	30	37	52	38	26	39	91	
	0	78	1	90	2	75	3	80	4	34	5	68	6	71	7	91	8	98	9	41	10	85	11	90	12	72	13	92	14	88	15	39	16	81	17	18	18	39	19	59	20	42	21	76	22	76	23	91	24	12	25	40	26	99	27	10	28	45	29	29	30	13	31	26	32	55	33	62	34	23	35	78	36	78	37	18	38	81	39	43	
	0	52	1	34	2	39	3	96	4	99	5	46	6	58	7	86	8	67	9	98	10	32	11	29	12	50	13	81	14	63	15	64	16	28	17	76	18	56	19	40	20	22	21	80	22	69	23	27	24	22	25	23	26	17	27	37	28	12	29	55	30	60	31	69	32	89	33	33	34	83	35	46	36	19	37	42	38	37	39	77	
	0	92	1	21	2	24	3	71	4	76	5	40	6	23	7	39	8	48	9	24	10	16	11	15	12	14	13	38	14	25	15	68	16	28	17	48	18	18	19	33	20	76	21	73	22	16	23	46	24	30	25	36	26	41	27	20	28	58	29	45	30	80	31	35	32	90	33	16	34	75	35	57	36	30	37	93	38	83	39	33	
	0	59	1	55	2	64	3	10	4	86	5	30	6	45	7	70	8	46	9	82	10	62	11	69	12	86	13	18	14	86	15	35	16	38	17	56	18	83	19	26	20	65	21	56	22	18	23	50	24	90	25	10	26	49	27	80	28	77	29	58	30	14	31	76	32	76	33	54	34	37	35	17	36	43	37	70	38	46	39	68	
	0	33	1	16	2	31	3	18	4	57	5	70	6	13	7	87	8	67	9	75	10	40	11	95	12	38	13	72	14	44	15	55	16	80	17	85	18	37	19	68	20	53	21	52	22	65	23	88	24	100	25	81	26	50	27	71	28	12	29	87	30	18	31	42	32	93	33	96	34	83	35	59	36	82	37	92	38	100	39	71	
	0	42	1	52	2	98	3	53	4	45	5	100	6	57	7	62	8	93	9	23	10	58	11	85	12	79	13	29	14	82	15	38	16	95	17	29	18	16	19	22	20	10	21	79	22	17	23	65	24	77	25	19	26	85	27	88	28	75	29	10	30	19	31	49	32	54	33	85	34	44	35	51	36	91	37	79	38	80	39	52	
	0	67	1	20	2	20	3	45	4	19	5	81	6	31	7	82	8	96	9	65	10	54	11	54	12	14	13	99	14	22	15	50	16	75	17	93	18	31	19	66	20	19	21	55	22	32	23	11	24	17	25	51	26	13	27	34	28	71	29	71	30	63	31	60	32	28	33	72	34	67	35	35	36	28	37	94	38	83	39	13	
	0	28	1	57	2	11	3	16	4	68	5	50	6	66	7	28	8	71	9	23	10	34	11	88	12	12	13	96	14	34	15	54	16	91	17	78	18	24	19	60	20	25	21	80	22	18	23	85	24	95	25	84	26	87	27	11	28	39	29	90	30	54	31	91	32	72	33	75	34	17	35	58	36	58	37	59	38	87	39	83	
	0	98	1	33	2	41	3	42	4	39	5	60	6	77	7	62	8	65	9	40	10	26	11	20	12	57	13	76	14	34	15	16	16	40	17	26	18	19	19	53	20	42	21	22	22	54	23	42	24	41	25	99	26	71	27	71	28	56	29	38	30	87	31	24	32	95	33	17	34	17	35	15	36	94	37	95	38	16	39	42	
	0	97	1	13	2	11	3	17	4	69	5	67	6	53	7	25	8	82	9	56	10	81	11	53	12	16	13	11	14	51	15	53	16	99	17	70	18	30	19	37	20	71	21	24	22	30	23	46	24	21	25	48	26	58	27	23	28	92	29	88	30	59	31	48	32	50	33	86	34	56	35	94	36	15	37	77	38	65	39	27	
	0	61	1	64	2	54	3	63	4	31	5	96	6	61	7	45	8	53	9	77	10	21	11	50	12	24	13	33	14	30	15	92	16	90	17	53	18	75	19	66	20	63	21	54	22	40	23	73	24	89	25	46	26	51	27	76	28	76	29	66	30	51	31	98	32	91	33	62	34	79	35	90	36	64	37	29	38	43	39	74	
	0	97	1	64	2	68	3	27	4	47	5	98	6	60	7	55	8	70	9	33	10	82	11	52	12	22	13	42	14	75	15	59	16	74	17	96	18	21	19	38	20	80	21	31	22	62	23	12	24	58	25	87	26	36	27	93	28	16	29	43	30	74	31	94	32	30	33	100	34	91	35	88	36	66	37	10	38	94	39	63	
	0	58	1	33	2	55	3	49	4	23	5	11	6	51	7	41	8	58	9	61	10	53	11	24	12	18	13	29	14	20	15	85	16	54	17	62	18	14	19	70	20	24	21	74	22	32	23	86	24	28	25	72	26	83	27	79	28	25	29	95	30	66	31	64	32	43	33	28	34	67	35	20	36	42	37	56	38	66	39	12	
	0	100	1	31	2	13	3	54	4	81	5	37	6	59	7	84	8	46	9	70	10	18	11	59	12	31	13	51	14	39	15	42	16	28	17	86	18	93	19	15	20	41	21	83	22	59	23	92	24	30	25	32	26	70	27	38	28	24	29	61	30	49	31	54	32	92	33	95	34	45	35	37	36	72	37	21	38	61	39	75	
	0	50	1	35	2	79	3	14	4	54	5	36	6	51	7	83	8	20	9	78	10	78	11	79	12	24	13	29	14	88	15	60	16	23	17	50	18	23	19	12	20	28	21	74	22	12	23	95	24	24	25	27	26	72	27	34	28	20	29	48	30	13	31	85	32	37	33	92	34	39	35	24	36	35	37	20	38	57	39	93	
	0	23	1	70	2	39	3	62	4	54	5	65	6	15	7	30	8	25	9	61	10	63	11	64	12	63	13	70	14	89	15	56	16	62	17	41	18	29	19	77	20	98	21	73	22	49	23	68	24	20	25	18	26	60	27	14	28	16	29	63	30	86	31	21	32	91	33	29	34	79	35	20	36	84	37	99	38	85	39	77	
	0	28	1	47	2	26	3	86	4	40	5	76	6	31	7	76	8	50	9	33	10	15	11	74	12	48	13	45	14	13	15	43	16	11	17	39	18	64	19	97	20	41	21	78	22	27	23	37	24	22	25	53	26	96	27	24	28	74	29	68	30	88	31	63	32	13	33	66	34	27	35	38	36	72	37	55	38	36	39	82	
	0	41	1	46	2	49	3	18	4	88	5	96	6	69	7	16	8	56	9	34	10	51	11	60	12	70	13	67	14	46	15	57	16	16	17	13	18	54	19	66	20	10	21	52	22	31	23	97	24	47	25	68	26	95	27	12	28	45	29	84	30	65	31	68	32	37	33	68	34	70	35	50	36	98	37	32	38	79	39	82	
	0	29	1	88	2	99	3	65	4	77	5	94	6	71	7	92	8	58	9	26	10	62	11	84	12	94	13	10	14	27	15	90	16	13	17	89	18	13	19	85	20	46	21	79	22	84	23	73	24	80	25	76	26	16	27	77	28	32	29	80	30	29	31	14	32	85	33	44	34	85	35	31	36	30	37	59	38	52	39	84	
	0	39	1	98	2	43	3	13	4	58	5	56	6	43	7	16	8	92	9	14	10	28	11	38	12	15	13	20	14	11	15	16	16	60	17	50	18	55	19	95	20	73	21	71	22	20	23	63	24	37	25	31	26	90	27	87	28	77	29	26	30	59	31	34	32	44	33	34	34	38	35	34	36	50	37	13	38	55	39	97	
	0	82	1	16	2	32	3	20	4	15	5	91	6	11	7	14	8	11	9	33	10	78	11	16	12	81	13	15	14	91	15	41	16	63	17	47	18	49	19	62	20	69	21	50	22	96	23	68	24	19	25	60	26	63	27	53	28	88	29	68	30	83	31	79	32	44	33	43	34	33	35	60	36	63	37	23	38	67	39	46	