200 40 1
40
	0	57	1	23	2	50	3	93	4	90	5	64	6	99	7	10	8	57	9	89	10	22	11	77	12	68	13	52	14	50	15	49	16	80	17	26	18	78	19	13	20	16	21	90	22	83	23	78	24	83	25	61	26	64	27	30	28	71	29	88	30	73	31	47	32	69	33	88	34	93	35	53	36	79	37	65	38	11	39	29	
	0	75	1	34	2	15	3	73	4	12	5	76	6	52	7	95	8	66	9	19	10	70	11	41	12	39	13	45	14	45	15	53	16	71	17	23	18	30	19	33	20	70	21	67	22	86	23	81	24	14	25	76	26	48	27	18	28	60	29	56	30	25	31	78	32	85	33	88	34	25	35	22	36	93	37	91	38	20	39	17	
	0	67	1	24	2	83	3	59	4	40	5	16	6	97	7	71	8	32	9	29	10	13	11	60	12	33	13	33	14	59	15	25	16	70	17	21	18	99	19	98	20	86	21	79	22	62	23	44	24	93	25	21	26	94	27	44	28	78	29	60	30	95	31	25	32	54	33	53	34	71	35	14	36	47	37	79	38	93	39	43	
	0	94	1	27	2	36	3	16	4	11	5	23	6	22	7	75	8	33	9	56	10	83	11	59	12	33	13	64	14	78	15	89	16	75	17	89	18	32	19	22	20	12	21	67	22	29	23	89	24	98	25	48	26	66	27	92	28	41	29	12	30	29	31	74	32	32	33	61	34	28	35	93	36	88	37	79	38	56	39	12	
	0	19	1	68	2	65	3	35	4	38	5	99	6	21	7	90	8	69	9	17	10	81	11	55	12	24	13	30	14	86	15	61	16	84	17	15	18	73	19	41	20	69	21	57	22	44	23	13	24	76	25	43	26	46	27	58	28	33	29	20	30	73	31	86	32	93	33	66	34	20	35	51	36	87	37	65	38	33	39	39	
	0	48	1	50	2	83	3	81	4	91	5	17	6	17	7	43	8	20	9	68	10	59	11	31	12	94	13	75	14	92	15	96	16	72	17	15	18	88	19	83	20	30	21	58	22	88	23	42	24	98	25	73	26	52	27	49	28	82	29	53	30	44	31	62	32	80	33	48	34	87	35	81	36	31	37	91	38	31	39	92	
	0	60	1	84	2	32	3	26	4	71	5	70	6	95	7	94	8	17	9	38	10	30	11	96	12	62	13	98	14	76	15	49	16	25	17	38	18	35	19	75	20	98	21	14	22	36	23	72	24	57	25	48	26	11	27	85	28	42	29	87	30	84	31	60	32	10	33	77	34	69	35	95	36	23	37	30	38	49	39	47	
	0	24	1	47	2	95	3	13	4	91	5	40	6	19	7	89	8	26	9	64	10	68	11	22	12	65	13	51	14	67	15	35	16	63	17	10	18	94	19	96	20	66	21	87	22	53	23	12	24	50	25	20	26	16	27	26	28	81	29	65	30	57	31	84	32	35	33	83	34	50	35	67	36	15	37	74	38	34	39	92	
	0	20	1	80	2	54	3	81	4	99	5	91	6	86	7	12	8	96	9	48	10	83	11	79	12	19	13	60	14	100	15	89	16	76	17	80	18	81	19	39	20	12	21	53	22	28	23	57	24	28	25	93	26	100	27	81	28	21	29	83	30	46	31	81	32	41	33	70	34	40	35	61	36	59	37	82	38	16	39	11	
	0	32	1	27	2	100	3	81	4	60	5	27	6	14	7	13	8	39	9	47	10	92	11	77	12	18	13	19	14	70	15	36	16	68	17	58	18	77	19	90	20	26	21	36	22	94	23	12	24	72	25	50	26	79	27	42	28	52	29	98	30	20	31	58	32	14	33	32	34	22	35	94	36	26	37	100	38	85	39	31	
	0	95	1	83	2	89	3	79	4	38	5	18	6	30	7	52	8	16	9	98	10	71	11	11	12	77	13	83	14	90	15	39	16	65	17	55	18	59	19	71	20	35	21	93	22	78	23	52	24	12	25	15	26	60	27	61	28	74	29	91	30	17	31	92	32	90	33	84	34	56	35	91	36	83	37	100	38	48	39	74	
	0	95	1	58	2	59	3	21	4	93	5	95	6	65	7	38	8	54	9	75	10	15	11	61	12	63	13	52	14	55	15	22	16	77	17	47	18	23	19	34	20	47	21	80	22	17	23	30	24	47	25	14	26	66	27	59	28	14	29	36	30	68	31	47	32	67	33	52	34	26	35	20	36	35	37	46	38	59	39	62	
	0	73	1	24	2	80	3	77	4	63	5	70	6	99	7	33	8	38	9	89	10	12	11	100	12	87	13	51	14	43	15	70	16	17	17	95	18	86	19	99	20	73	21	29	22	93	23	100	24	94	25	11	26	96	27	42	28	33	29	79	30	27	31	80	32	15	33	33	34	23	35	97	36	79	37	60	38	16	39	80	
	0	10	1	16	2	96	3	44	4	50	5	73	6	28	7	29	8	66	9	52	10	55	11	43	12	56	13	95	14	22	15	51	16	97	17	28	18	65	19	65	20	79	21	15	22	49	23	22	24	31	25	17	26	90	27	73	28	37	29	97	30	95	31	75	32	34	33	35	34	30	35	30	36	65	37	15	38	43	39	12	
	0	100	1	37	2	25	3	91	4	54	5	36	6	36	7	54	8	38	9	17	10	25	11	80	12	62	13	91	14	17	15	60	16	16	17	56	18	13	19	28	20	92	21	30	22	58	23	39	24	61	25	65	26	67	27	69	28	86	29	92	30	82	31	66	32	43	33	99	34	35	35	88	36	34	37	96	38	67	39	100	
	0	14	1	99	2	36	3	29	4	97	5	27	6	92	7	27	8	97	9	98	10	91	11	32	12	100	13	40	14	90	15	74	16	94	17	75	18	14	19	83	20	42	21	14	22	32	23	75	24	25	25	94	26	39	27	49	28	23	29	64	30	47	31	99	32	100	33	73	34	92	35	72	36	10	37	79	38	14	39	50	
	0	30	1	93	2	74	3	38	4	46	5	83	6	100	7	99	8	56	9	37	10	29	11	89	12	32	13	100	14	62	15	23	16	35	17	13	18	45	19	87	20	12	21	97	22	63	23	31	24	14	25	42	26	37	27	25	28	13	29	83	30	39	31	21	32	87	33	84	34	37	35	85	36	18	37	18	38	61	39	51	
	0	37	1	70	2	73	3	69	4	97	5	17	6	86	7	66	8	19	9	65	10	20	11	48	12	35	13	44	14	34	15	98	16	41	17	18	18	36	19	57	20	23	21	86	22	70	23	44	24	54	25	27	26	39	27	90	28	49	29	89	30	22	31	91	32	31	33	65	34	57	35	23	36	97	37	83	38	57	39	39	
	0	98	1	84	2	93	3	58	4	78	5	92	6	41	7	19	8	87	9	84	10	84	11	19	12	23	13	81	14	94	15	92	16	76	17	15	18	45	19	18	20	83	21	97	22	97	23	50	24	44	25	52	26	29	27	34	28	21	29	33	30	46	31	21	32	92	33	86	34	61	35	10	36	33	37	38	38	67	39	56	
	0	93	1	81	2	52	3	64	4	94	5	76	6	29	7	32	8	16	9	85	10	23	11	15	12	51	13	73	14	65	15	52	16	83	17	19	18	100	19	34	20	12	21	20	22	62	23	19	24	22	25	63	26	53	27	62	28	10	29	99	30	47	31	82	32	20	33	61	34	22	35	91	36	24	37	83	38	74	39	59	
	0	33	1	78	2	90	3	77	4	77	5	18	6	14	7	45	8	47	9	17	10	30	11	31	12	12	13	23	14	68	15	70	16	79	17	41	18	56	19	64	20	36	21	64	22	94	23	24	24	51	25	26	26	95	27	26	28	84	29	13	30	89	31	58	32	31	33	64	34	58	35	11	36	30	37	34	38	50	39	84	
	0	60	1	21	2	21	3	46	4	89	5	29	6	74	7	14	8	17	9	63	10	35	11	93	12	10	13	73	14	48	15	28	16	13	17	55	18	47	19	52	20	76	21	92	22	41	23	29	24	98	25	29	26	19	27	18	28	81	29	76	30	57	31	87	32	19	33	32	34	61	35	93	36	11	37	72	38	82	39	37	
	0	28	1	42	2	72	3	80	4	76	5	17	6	79	7	32	8	36	9	30	10	69	11	88	12	27	13	99	14	18	15	98	16	55	17	10	18	60	19	49	20	84	21	83	22	94	23	70	24	58	25	94	26	46	27	82	28	20	29	29	30	40	31	64	32	58	33	50	34	79	35	19	36	72	37	20	38	80	39	82	
	0	23	1	51	2	73	3	36	4	80	5	100	6	48	7	65	8	22	9	68	10	98	11	68	12	60	13	48	14	25	15	53	16	18	17	37	18	42	19	89	20	71	21	16	22	22	23	100	24	55	25	84	26	17	27	86	28	28	29	97	30	44	31	83	32	65	33	18	34	18	35	86	36	68	37	57	38	71	39	58	
	0	45	1	38	2	49	3	71	4	56	5	17	6	20	7	85	8	36	9	54	10	38	11	90	12	40	13	56	14	43	15	14	16	85	17	12	18	73	19	43	20	100	21	71	22	54	23	20	24	64	25	87	26	64	27	91	28	47	29	49	30	27	31	95	32	18	33	41	34	16	35	35	36	64	37	97	38	17	39	16	
	0	25	1	71	2	71	3	86	4	70	5	73	6	61	7	75	8	87	9	56	10	95	11	70	12	28	13	35	14	65	15	76	16	68	17	65	18	82	19	28	20	31	21	56	22	38	23	77	24	74	25	71	26	56	27	66	28	52	29	52	30	35	31	68	32	24	33	80	34	53	35	42	36	93	37	18	38	66	39	51	
	0	15	1	90	2	24	3	75	4	89	5	36	6	18	7	60	8	65	9	73	10	29	11	59	12	97	13	82	14	92	15	86	16	21	17	65	18	71	19	86	20	43	21	29	22	67	23	67	24	55	25	62	26	58	27	49	28	72	29	32	30	82	31	95	32	68	33	90	34	72	35	93	36	56	37	20	38	86	39	73	
	0	79	1	63	2	13	3	95	4	74	5	55	6	87	7	64	8	12	9	32	10	59	11	69	12	47	13	40	14	67	15	61	16	21	17	97	18	100	19	93	20	25	21	44	22	49	23	39	24	41	25	70	26	75	27	51	28	92	29	89	30	16	31	44	32	54	33	15	34	18	35	22	36	25	37	55	38	62	39	11	
	0	76	1	48	2	96	3	60	4	60	5	85	6	73	7	89	8	59	9	62	10	24	11	18	12	14	13	56	14	37	15	72	16	99	17	22	18	22	19	33	20	77	21	94	22	20	23	27	24	61	25	38	26	61	27	92	28	17	29	44	30	13	31	25	32	68	33	15	34	48	35	32	36	80	37	27	38	17	39	70	
	0	71	1	55	2	44	3	20	4	89	5	68	6	99	7	30	8	52	9	31	10	55	11	12	12	91	13	57	14	60	15	25	16	78	17	15	18	58	19	68	20	14	21	45	22	56	23	15	24	92	25	35	26	96	27	17	28	67	29	70	30	55	31	37	32	21	33	87	34	95	35	63	36	32	37	21	38	59	39	23	
	0	47	1	33	2	43	3	65	4	12	5	94	6	22	7	34	8	39	9	35	10	50	11	56	12	38	13	38	14	51	15	63	16	95	17	96	18	42	19	90	20	63	21	29	22	44	23	58	24	36	25	27	26	14	27	60	28	86	29	94	30	99	31	77	32	66	33	59	34	37	35	83	36	74	37	23	38	58	39	99	
	0	68	1	44	2	57	3	75	4	75	5	83	6	24	7	46	8	60	9	95	10	48	11	39	12	47	13	60	14	92	15	82	16	97	17	12	18	13	19	23	20	89	21	75	22	83	23	85	24	60	25	44	26	38	27	52	28	88	29	34	30	90	31	61	32	76	33	38	34	48	35	48	36	62	37	72	38	92	39	13	
	0	35	1	65	2	30	3	69	4	52	5	87	6	25	7	92	8	87	9	56	10	100	11	28	12	85	13	41	14	66	15	87	16	30	17	58	18	21	19	67	20	20	21	30	22	11	23	52	24	63	25	23	26	45	27	27	28	19	29	99	30	84	31	49	32	68	33	66	34	40	35	21	36	89	37	68	38	82	39	31	
	0	17	1	55	2	18	3	30	4	98	5	22	6	65	7	47	8	62	9	15	10	60	11	39	12	54	13	58	14	96	15	56	16	87	17	27	18	76	19	80	20	18	21	16	22	77	23	24	24	69	25	65	26	41	27	20	28	93	29	71	30	66	31	86	32	67	33	54	34	75	35	63	36	80	37	95	38	40	39	42	
	0	94	1	88	2	68	3	40	4	21	5	46	6	62	7	38	8	84	9	10	10	39	11	47	12	27	13	22	14	97	15	27	16	44	17	46	18	11	19	24	20	59	21	68	22	12	23	44	24	81	25	51	26	53	27	77	28	93	29	77	30	62	31	52	32	12	33	64	34	70	35	99	36	15	37	10	38	15	39	30	
	0	28	1	93	2	80	3	37	4	17	5	62	6	55	7	41	8	54	9	39	10	74	11	48	12	49	13	90	14	90	15	67	16	76	17	89	18	83	19	57	20	46	21	50	22	20	23	55	24	93	25	89	26	80	27	76	28	79	29	68	30	43	31	20	32	16	33	68	34	84	35	49	36	95	37	99	38	62	39	75	
	0	87	1	91	2	75	3	46	4	38	5	88	6	61	7	57	8	58	9	84	10	36	11	78	12	80	13	74	14	40	15	46	16	38	17	29	18	54	19	25	20	20	21	18	22	70	23	18	24	94	25	83	26	21	27	70	28	87	29	14	30	39	31	54	32	24	33	33	34	65	35	19	36	40	37	12	38	28	39	77	
	0	89	1	12	2	63	3	30	4	61	5	50	6	21	7	98	8	80	9	73	10	87	11	37	12	12	13	41	14	79	15	90	16	94	17	45	18	93	19	70	20	64	21	78	22	74	23	33	24	64	25	11	26	21	27	69	28	16	29	48	30	18	31	28	32	21	33	46	34	99	35	96	36	29	37	97	38	58	39	100	
	0	100	1	86	2	46	3	17	4	85	5	88	6	59	7	19	8	88	9	71	10	87	11	59	12	37	13	91	14	58	15	23	16	92	17	87	18	30	19	98	20	54	21	15	22	97	23	95	24	16	25	77	26	84	27	44	28	41	29	91	30	24	31	84	32	46	33	70	34	21	35	85	36	15	37	18	38	99	39	29	
	0	90	1	50	2	78	3	58	4	37	5	62	6	28	7	77	8	16	9	92	10	24	11	92	12	32	13	18	14	86	15	16	16	44	17	93	18	27	19	72	20	82	21	52	22	48	23	78	24	74	25	83	26	47	27	24	28	63	29	25	30	80	31	43	32	80	33	100	34	34	35	28	36	71	37	86	38	53	39	48	
	0	91	1	80	2	72	3	38	4	42	5	40	6	13	7	26	8	75	9	100	10	68	11	55	12	21	13	93	14	92	15	55	16	73	17	92	18	15	19	63	20	61	21	58	22	16	23	56	24	52	25	23	26	41	27	87	28	73	29	31	30	26	31	35	32	37	33	47	34	49	35	47	36	90	37	91	38	40	39	52	
	0	65	1	92	2	71	3	25	4	46	5	11	6	24	7	94	8	88	9	60	10	28	11	36	12	61	13	41	14	99	15	17	16	21	17	86	18	36	19	37	20	29	21	32	22	36	23	25	24	46	25	78	26	31	27	54	28	39	29	93	30	23	31	87	32	29	33	78	34	73	35	23	36	23	37	66	38	73	39	59	
	0	23	1	39	2	70	3	20	4	31	5	87	6	19	7	30	8	21	9	76	10	49	11	63	12	47	13	25	14	75	15	23	16	62	17	39	18	93	19	60	20	79	21	78	22	37	23	16	24	24	25	63	26	17	27	59	28	99	29	30	30	92	31	91	32	63	33	26	34	37	35	91	36	64	37	61	38	87	39	50	
	0	27	1	36	2	12	3	97	4	60	5	98	6	29	7	49	8	38	9	48	10	24	11	96	12	16	13	98	14	53	15	77	16	54	17	99	18	51	19	96	20	36	21	13	22	25	23	71	24	96	25	47	26	58	27	17	28	95	29	56	30	20	31	30	32	82	33	56	34	53	35	20	36	51	37	29	38	40	39	61	
	0	33	1	93	2	94	3	41	4	60	5	71	6	95	7	98	8	42	9	55	10	19	11	48	12	39	13	85	14	65	15	59	16	24	17	53	18	27	19	32	20	46	21	50	22	65	23	90	24	97	25	90	26	45	27	36	28	17	29	77	30	67	31	22	32	74	33	47	34	45	35	11	36	51	37	38	38	11	39	76	
	0	61	1	51	2	15	3	21	4	42	5	68	6	65	7	65	8	38	9	63	10	54	11	59	12	67	13	49	14	76	15	19	16	31	17	72	18	15	19	55	20	59	21	38	22	31	23	46	24	81	25	23	26	89	27	90	28	62	29	54	30	89	31	57	32	69	33	87	34	14	35	51	36	33	37	99	38	49	39	58	
	0	11	1	100	2	70	3	83	4	11	5	18	6	88	7	28	8	97	9	24	10	18	11	22	12	18	13	93	14	35	15	80	16	70	17	58	18	69	19	43	20	19	21	16	22	81	23	98	24	46	25	88	26	52	27	86	28	76	29	24	30	59	31	50	32	45	33	18	34	15	35	96	36	46	37	87	38	63	39	13	
	0	99	1	51	2	32	3	65	4	59	5	68	6	57	7	45	8	94	9	51	10	38	11	92	12	95	13	32	14	78	15	83	16	80	17	50	18	13	19	59	20	98	21	47	22	47	23	99	24	59	25	77	26	97	27	19	28	56	29	34	30	70	31	48	32	27	33	80	34	90	35	17	36	43	37	87	38	31	39	35	
	0	47	1	96	2	90	3	18	4	13	5	49	6	23	7	63	8	35	9	99	10	66	11	80	12	99	13	23	14	84	15	75	16	20	17	45	18	20	19	52	20	93	21	62	22	76	23	31	24	42	25	95	26	10	27	62	28	44	29	95	30	91	31	68	32	40	33	50	34	74	35	38	36	23	37	79	38	78	39	50	
	0	11	1	45	2	86	3	45	4	17	5	36	6	81	7	29	8	41	9	23	10	13	11	78	12	36	13	95	14	18	15	43	16	97	17	96	18	34	19	23	20	20	21	88	22	65	23	98	24	21	25	30	26	37	27	59	28	99	29	19	30	90	31	97	32	12	33	33	34	39	35	83	36	61	37	29	38	33	39	48	
	0	78	1	15	2	60	3	90	4	27	5	77	6	19	7	51	8	93	9	25	10	50	11	41	12	25	13	18	14	60	15	55	16	75	17	31	18	51	19	37	20	23	21	89	22	45	23	59	24	15	25	33	26	52	27	91	28	88	29	49	30	46	31	62	32	94	33	75	34	46	35	12	36	22	37	48	38	43	39	64	
	0	81	1	36	2	83	3	71	4	98	5	21	6	62	7	40	8	50	9	89	10	59	11	64	12	49	13	11	14	85	15	28	16	36	17	66	18	74	19	55	20	12	21	83	22	51	23	14	24	67	25	27	26	56	27	35	28	34	29	44	30	100	31	82	32	75	33	39	34	28	35	67	36	65	37	78	38	12	39	74	
	0	29	1	100	2	63	3	94	4	88	5	71	6	10	7	82	8	10	9	18	10	68	11	51	12	30	13	53	14	69	15	34	16	55	17	86	18	39	19	22	20	100	21	57	22	51	23	19	24	83	25	78	26	28	27	75	28	15	29	57	30	32	31	86	32	13	33	50	34	43	35	91	36	56	37	87	38	69	39	50	
	0	82	1	32	2	43	3	91	4	21	5	43	6	57	7	76	8	34	9	28	10	38	11	60	12	57	13	57	14	56	15	71	16	59	17	63	18	80	19	12	20	62	21	86	22	40	23	88	24	56	25	50	26	41	27	25	28	37	29	35	30	45	31	21	32	70	33	23	34	90	35	57	36	48	37	67	38	68	39	49	
	0	75	1	44	2	76	3	81	4	94	5	11	6	51	7	45	8	85	9	38	10	70	11	83	12	20	13	34	14	99	15	32	16	73	17	29	18	80	19	63	20	22	21	89	22	61	23	91	24	100	25	31	26	95	27	29	28	20	29	12	30	25	31	13	32	80	33	27	34	95	35	51	36	17	37	80	38	19	39	38	
	0	29	1	21	2	100	3	63	4	52	5	86	6	26	7	11	8	77	9	66	10	95	11	62	12	29	13	79	14	50	15	42	16	33	17	75	18	93	19	38	20	22	21	51	22	68	23	77	24	48	25	57	26	17	27	53	28	100	29	13	30	81	31	42	32	78	33	54	34	35	35	36	36	50	37	18	38	93	39	78	
	0	64	1	39	2	64	3	82	4	95	5	82	6	69	7	27	8	10	9	70	10	27	11	31	12	54	13	10	14	97	15	20	16	11	17	66	18	44	19	30	20	97	21	61	22	89	23	70	24	22	25	86	26	48	27	38	28	18	29	47	30	98	31	69	32	16	33	77	34	82	35	66	36	19	37	83	38	90	39	53	
	0	95	1	25	2	69	3	71	4	39	5	64	6	22	7	77	8	90	9	77	10	15	11	65	12	37	13	67	14	84	15	64	16	39	17	91	18	90	19	43	20	43	21	87	22	47	23	40	24	86	25	46	26	51	27	59	28	98	29	82	30	30	31	74	32	22	33	28	34	12	35	34	36	48	37	37	38	44	39	72	
	0	82	1	22	2	21	3	67	4	100	5	50	6	53	7	25	8	94	9	63	10	77	11	41	12	56	13	47	14	38	15	62	16	36	17	32	18	34	19	54	20	61	21	77	22	24	23	63	24	27	25	62	26	87	27	44	28	21	29	51	30	20	31	24	32	26	33	56	34	17	35	91	36	83	37	35	38	28	39	79	
	0	58	1	12	2	99	3	72	4	45	5	91	6	19	7	31	8	53	9	29	10	19	11	74	12	39	13	97	14	72	15	91	16	96	17	28	18	37	19	31	20	53	21	93	22	12	23	14	24	92	25	42	26	29	27	28	28	58	29	84	30	56	31	79	32	28	33	96	34	57	35	84	36	47	37	26	38	76	39	61	
	0	78	1	79	2	63	3	53	4	11	5	96	6	94	7	79	8	49	9	39	10	50	11	11	12	34	13	27	14	22	15	59	16	84	17	62	18	90	19	17	20	67	21	97	22	21	23	14	24	98	25	43	26	50	27	46	28	48	29	82	30	98	31	29	32	41	33	23	34	72	35	12	36	16	37	10	38	95	39	70	
	0	89	1	17	2	43	3	42	4	28	5	86	6	54	7	41	8	78	9	90	10	90	11	79	12	67	13	36	14	18	15	79	16	98	17	85	18	14	19	62	20	48	21	14	22	36	23	13	24	80	25	87	26	65	27	20	28	76	29	78	30	85	31	34	32	67	33	73	34	75	35	23	36	90	37	72	38	13	39	89	
	0	44	1	25	2	44	3	24	4	64	5	100	6	83	7	46	8	10	9	68	10	77	11	25	12	14	13	42	14	79	15	37	16	98	17	10	18	42	19	57	20	34	21	13	22	85	23	80	24	24	25	16	26	76	27	36	28	68	29	33	30	86	31	56	32	26	33	91	34	35	35	38	36	28	37	99	38	63	39	25	
	0	73	1	79	2	41	3	31	4	52	5	79	6	26	7	24	8	41	9	30	10	76	11	36	12	85	13	71	14	87	15	86	16	25	17	81	18	88	19	68	20	44	21	73	22	73	23	88	24	85	25	58	26	34	27	92	28	48	29	94	30	68	31	50	32	32	33	86	34	86	35	70	36	66	37	15	38	23	39	43	
	0	69	1	96	2	86	3	54	4	83	5	91	6	46	7	79	8	48	9	76	10	20	11	59	12	53	13	23	14	60	15	11	16	79	17	49	18	100	19	35	20	26	21	79	22	84	23	51	24	79	25	35	26	80	27	13	28	20	29	15	30	10	31	96	32	14	33	71	34	74	35	27	36	72	37	76	38	87	39	36	
	0	34	1	64	2	40	3	83	4	76	5	90	6	19	7	60	8	36	9	58	10	17	11	90	12	58	13	57	14	27	15	44	16	75	17	78	18	80	19	84	20	13	21	99	22	15	23	44	24	99	25	49	26	100	27	78	28	82	29	13	30	12	31	69	32	88	33	22	34	13	35	78	36	83	37	100	38	78	39	75	
	0	20	1	48	2	17	3	38	4	41	5	25	6	80	7	42	8	74	9	85	10	77	11	90	12	32	13	30	14	45	15	45	16	80	17	80	18	52	19	30	20	28	21	74	22	97	23	55	24	70	25	87	26	51	27	46	28	58	29	51	30	78	31	88	32	47	33	80	34	88	35	28	36	49	37	99	38	67	39	27	
	0	56	1	73	2	42	3	41	4	41	5	77	6	89	7	16	8	77	9	46	10	11	11	79	12	83	13	18	14	30	15	58	16	95	17	79	18	79	19	39	20	50	21	81	22	100	23	76	24	74	25	93	26	95	27	68	28	78	29	16	30	55	31	22	32	56	33	51	34	49	35	63	36	77	37	19	38	17	39	100	
	0	67	1	29	2	32	3	25	4	30	5	82	6	69	7	28	8	27	9	39	10	53	11	28	12	57	13	57	14	35	15	85	16	72	17	28	18	12	19	13	20	42	21	98	22	46	23	56	24	14	25	99	26	50	27	51	28	47	29	78	30	35	31	90	32	59	33	43	34	53	35	26	36	62	37	89	38	64	39	81	
	0	70	1	80	2	79	3	85	4	48	5	92	6	50	7	56	8	87	9	94	10	62	11	59	12	22	13	66	14	12	15	41	16	78	17	33	18	39	19	87	20	44	21	32	22	11	23	82	24	93	25	92	26	90	27	89	28	87	29	24	30	50	31	68	32	52	33	84	34	92	35	50	36	58	37	66	38	71	39	24	
	0	18	1	74	2	54	3	94	4	56	5	80	6	65	7	91	8	12	9	16	10	90	11	43	12	83	13	99	14	16	15	76	16	70	17	70	18	79	19	33	20	54	21	23	22	85	23	23	24	100	25	56	26	98	27	47	28	11	29	32	30	95	31	53	32	51	33	57	34	44	35	66	36	24	37	47	38	52	39	93	
	0	32	1	60	2	87	3	65	4	33	5	80	6	28	7	29	8	60	9	65	10	71	11	69	12	16	13	51	14	84	15	24	16	17	17	28	18	34	19	66	20	83	21	27	22	18	23	93	24	74	25	95	26	22	27	96	28	75	29	84	30	45	31	22	32	79	33	50	34	76	35	69	36	47	37	41	38	98	39	37	
	0	56	1	89	2	35	3	93	4	47	5	76	6	92	7	37	8	85	9	80	10	45	11	46	12	78	13	72	14	34	15	29	16	88	17	39	18	62	19	61	20	24	21	42	22	12	23	70	24	85	25	33	26	59	27	75	28	68	29	98	30	72	31	99	32	77	33	17	34	97	35	74	36	60	37	59	38	36	39	36	
	0	96	1	70	2	75	3	22	4	94	5	27	6	96	7	27	8	91	9	17	10	68	11	58	12	37	13	18	14	75	15	93	16	89	17	99	18	36	19	14	20	62	21	31	22	59	23	34	24	44	25	43	26	66	27	87	28	51	29	36	30	45	31	27	32	33	33	84	34	26	35	15	36	69	37	15	38	21	39	77	
	0	96	1	46	2	43	3	22	4	35	5	40	6	58	7	92	8	58	9	52	10	81	11	32	12	83	13	97	14	33	15	18	16	51	17	68	18	69	19	88	20	15	21	66	22	26	23	46	24	61	25	32	26	52	27	41	28	90	29	13	30	81	31	51	32	96	33	82	34	18	35	59	36	11	37	33	38	25	39	45	
	0	16	1	92	2	13	3	24	4	14	5	93	6	83	7	50	8	56	9	79	10	74	11	33	12	57	13	32	14	96	15	32	16	93	17	52	18	83	19	36	20	90	21	33	22	58	23	69	24	51	25	59	26	100	27	84	28	40	29	96	30	63	31	79	32	71	33	10	34	28	35	23	36	11	37	39	38	26	39	66	
	0	55	1	45	2	97	3	24	4	33	5	76	6	11	7	84	8	50	9	26	10	97	11	54	12	38	13	26	14	74	15	43	16	67	17	87	18	68	19	65	20	52	21	35	22	82	23	20	24	99	25	60	26	55	27	75	28	99	29	81	30	98	31	99	32	32	33	90	34	48	35	54	36	84	37	65	38	77	39	42	
	0	21	1	12	2	86	3	70	4	45	5	30	6	68	7	51	8	58	9	96	10	23	11	93	12	30	13	93	14	29	15	96	16	74	17	77	18	18	19	39	20	88	21	91	22	64	23	61	24	48	25	58	26	28	27	50	28	37	29	41	30	45	31	37	32	98	33	99	34	99	35	18	36	16	37	92	38	27	39	66	
	0	20	1	23	2	56	3	48	4	74	5	33	6	78	7	81	8	15	9	98	10	98	11	98	12	50	13	89	14	79	15	69	16	62	17	50	18	75	19	16	20	100	21	43	22	67	23	17	24	73	25	61	26	58	27	88	28	65	29	18	30	69	31	87	32	65	33	100	34	89	35	70	36	18	37	20	38	55	39	85	
	0	50	1	43	2	33	3	28	4	60	5	52	6	95	7	61	8	51	9	69	10	33	11	10	12	72	13	44	14	29	15	43	16	53	17	30	18	76	19	79	20	94	21	10	22	56	23	100	24	80	25	55	26	17	27	91	28	28	29	66	30	40	31	29	32	49	33	26	34	50	35	21	36	89	37	65	38	36	39	46	
	0	35	1	89	2	66	3	87	4	84	5	17	6	16	7	54	8	66	9	14	10	29	11	64	12	29	13	67	14	64	15	96	16	16	17	39	18	97	19	91	20	92	21	11	22	93	23	64	24	25	25	47	26	45	27	72	28	99	29	93	30	67	31	18	32	85	33	57	34	10	35	44	36	60	37	34	38	98	39	67	
	0	57	1	43	2	83	3	37	4	19	5	76	6	36	7	11	8	72	9	40	10	45	11	52	12	92	13	59	14	67	15	62	16	27	17	53	18	67	19	98	20	86	21	34	22	48	23	32	24	72	25	27	26	95	27	93	28	34	29	37	30	70	31	62	32	24	33	37	34	37	35	39	36	53	37	46	38	33	39	12	
	0	12	1	69	2	22	3	47	4	44	5	73	6	54	7	16	8	62	9	96	10	27	11	67	12	32	13	26	14	100	15	83	16	57	17	75	18	59	19	48	20	90	21	19	22	48	23	46	24	85	25	85	26	44	27	98	28	67	29	57	30	95	31	50	32	37	33	22	34	28	35	98	36	34	37	59	38	97	39	37	
	0	54	1	46	2	43	3	63	4	60	5	21	6	99	7	22	8	64	9	20	10	64	11	84	12	80	13	94	14	90	15	27	16	49	17	62	18	48	19	53	20	27	21	28	22	19	23	35	24	27	25	17	26	57	27	57	28	10	29	26	30	30	31	82	32	10	33	77	34	33	35	38	36	30	37	52	38	34	39	51	
	0	36	1	91	2	23	3	96	4	66	5	27	6	37	7	95	8	38	9	91	10	40	11	96	12	25	13	47	14	22	15	41	16	66	17	76	18	93	19	19	20	38	21	24	22	58	23	31	24	24	25	76	26	98	27	24	28	96	29	50	30	14	31	87	32	54	33	96	34	93	35	12	36	41	37	20	38	79	39	71	
	0	31	1	55	2	74	3	19	4	74	5	79	6	37	7	53	8	52	9	10	10	73	11	25	12	45	13	19	14	77	15	94	16	52	17	84	18	55	19	43	20	54	21	29	22	30	23	26	24	96	25	22	26	71	27	88	28	47	29	53	30	68	31	98	32	48	33	37	34	91	35	89	36	90	37	58	38	67	39	85	
	0	44	1	25	2	99	3	55	4	90	5	29	6	46	7	29	8	19	9	24	10	24	11	94	12	65	13	11	14	46	15	69	16	22	17	15	18	61	19	86	20	50	21	51	22	19	23	18	24	68	25	40	26	49	27	81	28	37	29	57	30	41	31	45	32	33	33	23	34	24	35	22	36	79	37	58	38	85	39	33	
	0	95	1	71	2	72	3	96	4	91	5	37	6	35	7	89	8	52	9	75	10	44	11	47	12	69	13	33	14	36	15	70	16	11	17	32	18	33	19	10	20	61	21	16	22	91	23	82	24	42	25	36	26	73	27	79	28	67	29	88	30	17	31	72	32	44	33	82	34	49	35	92	36	39	37	25	38	24	39	72	
	0	78	1	53	2	36	3	44	4	27	5	55	6	17	7	91	8	67	9	71	10	11	11	24	12	62	13	75	14	99	15	42	16	42	17	39	18	10	19	73	20	74	21	49	22	98	23	59	24	94	25	46	26	68	27	16	28	81	29	95	30	45	31	79	32	98	33	19	34	72	35	19	36	18	37	67	38	38	39	80	
	0	10	1	18	2	41	3	69	4	32	5	20	6	95	7	70	8	66	9	26	10	19	11	11	12	44	13	19	14	96	15	52	16	78	17	78	18	11	19	24	20	32	21	27	22	93	23	87	24	73	25	33	26	42	27	35	28	27	29	81	30	24	31	76	32	40	33	82	34	18	35	59	36	57	37	46	38	94	39	30	
	0	12	1	68	2	19	3	72	4	74	5	91	6	31	7	85	8	38	9	46	10	51	11	96	12	56	13	14	14	87	15	23	16	41	17	37	18	58	19	90	20	63	21	60	22	19	23	76	24	23	25	32	26	57	27	52	28	24	29	80	30	89	31	20	32	42	33	99	34	23	35	16	36	76	37	96	38	82	39	98	
	0	48	1	51	2	64	3	28	4	90	5	34	6	50	7	60	8	35	9	97	10	30	11	39	12	49	13	30	14	80	15	64	16	22	17	19	18	24	19	44	20	64	21	59	22	17	23	10	24	36	25	20	26	38	27	33	28	61	29	21	30	65	31	44	32	35	33	80	34	21	35	52	36	78	37	57	38	95	39	46	
	0	91	1	56	2	77	3	47	4	100	5	66	6	82	7	43	8	62	9	24	10	17	11	78	12	69	13	13	14	70	15	73	16	26	17	72	18	83	19	11	20	89	21	49	22	50	23	24	24	40	25	70	26	52	27	96	28	69	29	12	30	63	31	40	32	64	33	95	34	32	35	81	36	63	37	56	38	61	39	18	
	0	53	1	86	2	62	3	40	4	36	5	93	6	62	7	57	8	80	9	29	10	17	11	18	12	88	13	11	14	91	15	82	16	46	17	59	18	42	19	35	20	60	21	83	22	83	23	31	24	37	25	40	26	78	27	56	28	70	29	42	30	19	31	68	32	58	33	73	34	29	35	48	36	56	37	70	38	26	39	89	
	0	20	1	97	2	96	3	22	4	81	5	32	6	94	7	11	8	94	9	11	10	59	11	72	12	44	13	62	14	68	15	47	16	53	17	70	18	32	19	53	20	81	21	92	22	21	23	53	24	85	25	24	26	82	27	68	28	53	29	11	30	69	31	39	32	89	33	36	34	87	35	31	36	57	37	59	38	17	39	35	
	0	64	1	22	2	88	3	75	4	33	5	90	6	99	7	12	8	60	9	30	10	72	11	18	12	100	13	54	14	89	15	13	16	74	17	76	18	64	19	17	20	92	21	95	22	100	23	39	24	27	25	78	26	68	27	46	28	94	29	74	30	40	31	100	32	84	33	56	34	80	35	31	36	62	37	90	38	57	39	68	
	0	43	1	10	2	97	3	95	4	38	5	31	6	80	7	43	8	83	9	57	10	75	11	95	12	98	13	59	14	51	15	73	16	57	17	75	18	39	19	61	20	54	21	60	22	58	23	51	24	91	25	79	26	69	27	66	28	53	29	12	30	28	31	41	32	82	33	77	34	88	35	25	36	67	37	65	38	41	39	14	
	0	61	1	20	2	91	3	69	4	14	5	97	6	47	7	69	8	16	9	43	10	13	11	47	12	87	13	53	14	68	15	83	16	12	17	32	18	38	19	18	20	15	21	26	22	54	23	30	24	23	25	100	26	69	27	37	28	45	29	98	30	47	31	89	32	48	33	27	34	38	35	33	36	55	37	53	38	26	39	89	
	0	66	1	82	2	92	3	26	4	70	5	24	6	38	7	21	8	97	9	76	10	32	11	94	12	11	13	79	14	28	15	84	16	27	17	49	18	58	19	52	20	60	21	23	22	90	23	32	24	23	25	60	26	34	27	40	28	87	29	82	30	25	31	54	32	50	33	78	34	26	35	36	36	16	37	98	38	27	39	43	
	0	93	1	94	2	24	3	17	4	90	5	10	6	79	7	93	8	27	9	10	10	56	11	23	12	28	13	31	14	78	15	20	16	19	17	12	18	58	19	63	20	21	21	29	22	75	23	50	24	39	25	94	26	98	27	98	28	34	29	53	30	67	31	31	32	57	33	96	34	14	35	81	36	14	37	96	38	14	39	58	
	0	12	1	42	2	87	3	73	4	93	5	69	6	91	7	54	8	92	9	81	10	74	11	40	12	50	13	59	14	70	15	80	16	69	17	19	18	68	19	53	20	68	21	33	22	38	23	36	24	12	25	91	26	56	27	58	28	20	29	43	30	84	31	65	32	15	33	14	34	94	35	97	36	46	37	72	38	37	39	43	
	0	52	1	11	2	68	3	27	4	50	5	26	6	85	7	49	8	81	9	20	10	98	11	35	12	67	13	39	14	91	15	68	16	81	17	58	18	20	19	75	20	22	21	66	22	27	23	44	24	75	25	57	26	24	27	39	28	16	29	36	30	88	31	85	32	42	33	90	34	34	35	42	36	98	37	23	38	87	39	14	
	0	16	1	12	2	62	3	20	4	24	5	95	6	57	7	57	8	81	9	10	10	66	11	56	12	80	13	47	14	50	15	73	16	11	17	28	18	28	19	85	20	44	21	80	22	89	23	45	24	67	25	60	26	81	27	13	28	10	29	14	30	27	31	88	32	58	33	45	34	23	35	80	36	89	37	13	38	100	39	86	
	0	79	1	84	2	42	3	80	4	58	5	94	6	42	7	45	8	62	9	93	10	86	11	74	12	75	13	74	14	98	15	38	16	37	17	92	18	95	19	84	20	27	21	43	22	59	23	66	24	24	25	54	26	72	27	59	28	76	29	93	30	68	31	78	32	54	33	40	34	39	35	51	36	10	37	34	38	57	39	38	
	0	34	1	35	2	77	3	28	4	76	5	59	6	91	7	74	8	70	9	97	10	87	11	81	12	12	13	35	14	70	15	43	16	17	17	28	18	10	19	63	20	50	21	19	22	41	23	88	24	12	25	19	26	30	27	60	28	75	29	93	30	74	31	64	32	81	33	57	34	55	35	26	36	33	37	20	38	68	39	57	
	0	95	1	63	2	38	3	31	4	61	5	20	6	29	7	57	8	63	9	100	10	99	11	65	12	98	13	86	14	41	15	37	16	46	17	71	18	24	19	96	20	35	21	42	22	70	23	12	24	43	25	52	26	50	27	55	28	65	29	96	30	30	31	52	32	84	33	83	34	99	35	60	36	79	37	11	38	73	39	41	
	0	87	1	25	2	38	3	80	4	37	5	65	6	67	7	87	8	35	9	73	10	69	11	98	12	67	13	26	14	42	15	12	16	22	17	47	18	57	19	72	20	93	21	20	22	87	23	15	24	20	25	85	26	30	27	94	28	22	29	34	30	27	31	12	32	83	33	21	34	85	35	13	36	69	37	54	38	43	39	57	
	0	38	1	34	2	61	3	63	4	67	5	84	6	67	7	81	8	25	9	80	10	48	11	43	12	87	13	49	14	55	15	78	16	36	17	17	18	86	19	15	20	86	21	53	22	15	23	60	24	19	25	77	26	87	27	34	28	87	29	87	30	73	31	64	32	34	33	97	34	83	35	19	36	63	37	17	38	71	39	35	
	0	13	1	89	2	78	3	76	4	37	5	19	6	79	7	36	8	73	9	54	10	19	11	77	12	31	13	61	14	92	15	68	16	99	17	83	18	45	19	34	20	79	21	80	22	33	23	17	24	79	25	40	26	42	27	91	28	52	29	36	30	14	31	85	32	34	33	77	34	10	35	46	36	90	37	71	38	95	39	46	
	0	40	1	36	2	15	3	83	4	45	5	70	6	98	7	48	8	15	9	18	10	94	11	31	12	38	13	85	14	52	15	60	16	30	17	21	18	60	19	69	20	17	21	24	22	21	23	12	24	75	25	58	26	80	27	25	28	53	29	41	30	60	31	28	32	78	33	82	34	87	35	27	36	75	37	20	38	19	39	63	
	0	10	1	54	2	14	3	56	4	19	5	88	6	99	7	78	8	42	9	16	10	13	11	37	12	96	13	95	14	29	15	91	16	79	17	44	18	19	19	69	20	39	21	53	22	40	23	82	24	76	25	20	26	88	27	39	28	17	29	23	30	56	31	56	32	11	33	15	34	69	35	11	36	78	37	27	38	58	39	66	
	0	32	1	28	2	34	3	77	4	36	5	51	6	69	7	87	8	13	9	87	10	51	11	51	12	35	13	91	14	45	15	21	16	77	17	66	18	96	19	23	20	45	21	40	22	92	23	69	24	46	25	20	26	70	27	31	28	50	29	97	30	30	31	40	32	15	33	96	34	54	35	22	36	83	37	72	38	67	39	33	
	0	36	1	100	2	81	3	94	4	27	5	34	6	94	7	62	8	43	9	100	10	77	11	90	12	39	13	39	14	66	15	46	16	80	17	73	18	72	19	90	20	22	21	67	22	38	23	11	24	53	25	88	26	66	27	29	28	13	29	99	30	26	31	58	32	94	33	28	34	19	35	52	36	43	37	43	38	51	39	69	
	0	59	1	47	2	17	3	51	4	50	5	84	6	57	7	46	8	53	9	72	10	38	11	31	12	42	13	65	14	56	15	42	16	24	17	64	18	10	19	74	20	32	21	24	22	41	23	19	24	57	25	45	26	64	27	22	28	84	29	28	30	65	31	60	32	34	33	52	34	10	35	88	36	45	37	96	38	36	39	80	
	0	30	1	99	2	87	3	77	4	13	5	89	6	99	7	44	8	84	9	32	10	20	11	25	12	86	13	42	14	60	15	92	16	68	17	59	18	47	19	37	20	87	21	27	22	33	23	74	24	22	25	94	26	28	27	73	28	36	29	99	30	71	31	91	32	79	33	71	34	73	35	73	36	22	37	86	38	43	39	41	
	0	96	1	27	2	84	3	100	4	98	5	98	6	47	7	97	8	44	9	14	10	34	11	19	12	92	13	86	14	62	15	34	16	15	17	55	18	63	19	77	20	62	21	99	22	28	23	29	24	14	25	87	26	86	27	80	28	32	29	47	30	22	31	95	32	94	33	30	34	60	35	44	36	46	37	83	38	39	39	33	
	0	53	1	86	2	11	3	29	4	31	5	50	6	70	7	76	8	45	9	93	10	65	11	60	12	39	13	97	14	23	15	12	16	85	17	88	18	95	19	87	20	22	21	48	22	94	23	59	24	80	25	80	26	48	27	70	28	84	29	46	30	30	31	66	32	73	33	83	34	12	35	13	36	48	37	39	38	55	39	88	
	0	67	1	71	2	66	3	57	4	44	5	53	6	28	7	29	8	86	9	62	10	50	11	46	12	78	13	68	14	28	15	44	16	37	17	17	18	69	19	16	20	57	21	86	22	80	23	76	24	78	25	51	26	81	27	92	28	18	29	48	30	44	31	48	32	97	33	23	34	68	35	67	36	71	37	48	38	91	39	23	
	0	71	1	37	2	73	3	20	4	59	5	99	6	55	7	97	8	55	9	88	10	74	11	63	12	40	13	65	14	48	15	95	16	11	17	59	18	93	19	10	20	20	21	56	22	71	23	39	24	64	25	70	26	28	27	51	28	94	29	96	30	75	31	33	32	22	33	40	34	78	35	73	36	45	37	86	38	82	39	48	
	0	40	1	25	2	31	3	35	4	99	5	66	6	31	7	98	8	49	9	90	10	72	11	92	12	63	13	59	14	91	15	55	16	16	17	23	18	65	19	42	20	31	21	40	22	80	23	14	24	59	25	69	26	34	27	31	28	51	29	100	30	78	31	41	32	48	33	83	34	51	35	86	36	15	37	98	38	49	39	17	
	0	76	1	73	2	62	3	59	4	70	5	22	6	50	7	52	8	83	9	37	10	17	11	66	12	80	13	42	14	71	15	80	16	97	17	49	18	42	19	11	20	12	21	98	22	91	23	13	24	20	25	82	26	59	27	39	28	47	29	90	30	78	31	53	32	98	33	14	34	57	35	13	36	30	37	89	38	58	39	52	
	0	29	1	78	2	73	3	32	4	21	5	54	6	75	7	77	8	89	9	26	10	26	11	40	12	41	13	61	14	25	15	96	16	24	17	32	18	85	19	16	20	46	21	83	22	56	23	29	24	82	25	42	26	66	27	28	28	27	29	62	30	57	31	45	32	36	33	75	34	52	35	34	36	19	37	96	38	83	39	31	
	0	83	1	14	2	47	3	17	4	15	5	32	6	44	7	39	8	11	9	10	10	40	11	35	12	76	13	13	14	77	15	56	16	52	17	69	18	77	19	88	20	65	21	19	22	33	23	39	24	73	25	59	26	74	27	99	28	34	29	61	30	58	31	78	32	18	33	70	34	49	35	94	36	45	37	20	38	23	39	46	
	0	30	1	92	2	12	3	80	4	88	5	98	6	58	7	81	8	77	9	30	10	24	11	52	12	13	13	58	14	87	15	73	16	57	17	66	18	87	19	75	20	87	21	40	22	56	23	32	24	19	25	58	26	19	27	41	28	18	29	44	30	84	31	28	32	54	33	71	34	72	35	55	36	28	37	64	38	44	39	93	
	0	46	1	32	2	71	3	14	4	63	5	41	6	67	7	10	8	48	9	61	10	19	11	21	12	68	13	61	14	46	15	24	16	58	17	36	18	62	19	60	20	56	21	89	22	16	23	41	24	91	25	83	26	21	27	31	28	24	29	62	30	100	31	26	32	94	33	24	34	52	35	47	36	82	37	93	38	89	39	27	
	0	66	1	81	2	94	3	48	4	54	5	53	6	47	7	83	8	12	9	81	10	90	11	80	12	60	13	12	14	72	15	64	16	17	17	86	18	24	19	67	20	87	21	39	22	58	23	67	24	21	25	90	26	90	27	95	28	70	29	69	30	35	31	82	32	97	33	58	34	12	35	53	36	54	37	75	38	77	39	42	
	0	44	1	82	2	12	3	99	4	27	5	49	6	66	7	52	8	30	9	48	10	43	11	15	12	26	13	49	14	93	15	77	16	49	17	78	18	29	19	73	20	29	21	99	22	69	23	93	24	21	25	20	26	72	27	41	28	61	29	11	30	79	31	28	32	93	33	60	34	44	35	56	36	50	37	11	38	23	39	34	
	0	89	1	89	2	43	3	68	4	90	5	11	6	86	7	95	8	66	9	17	10	60	11	96	12	31	13	36	14	27	15	37	16	80	17	20	18	71	19	62	20	81	21	75	22	90	23	37	24	54	25	95	26	70	27	67	28	95	29	83	30	53	31	98	32	31	33	47	34	54	35	11	36	65	37	14	38	49	39	82	
	0	78	1	89	2	30	3	23	4	51	5	82	6	49	7	35	8	75	9	91	10	33	11	82	12	64	13	27	14	92	15	66	16	44	17	69	18	78	19	78	20	72	21	84	22	78	23	32	24	78	25	40	26	30	27	74	28	100	29	21	30	59	31	86	32	93	33	41	34	93	35	75	36	75	37	44	38	93	39	37	
	0	49	1	76	2	45	3	33	4	78	5	34	6	46	7	72	8	33	9	91	10	52	11	29	12	91	13	31	14	24	15	80	16	14	17	15	18	83	19	88	20	64	21	100	22	60	23	71	24	73	25	26	26	43	27	67	28	24	29	59	30	78	31	95	32	33	33	11	34	88	35	78	36	39	37	34	38	37	39	21	
	0	47	1	44	2	72	3	16	4	62	5	36	6	61	7	24	8	12	9	90	10	77	11	25	12	88	13	35	14	52	15	74	16	86	17	68	18	51	19	100	20	90	21	68	22	19	23	17	24	96	25	22	26	23	27	75	28	15	29	62	30	12	31	37	32	56	33	88	34	44	35	54	36	97	37	76	38	12	39	65	
	0	77	1	55	2	24	3	38	4	30	5	11	6	58	7	32	8	93	9	80	10	37	11	94	12	86	13	29	14	64	15	11	16	31	17	100	18	85	19	78	20	74	21	39	22	28	23	43	24	27	25	66	26	73	27	72	28	26	29	91	30	64	31	66	32	44	33	40	34	90	35	71	36	64	37	22	38	99	39	72	
	0	28	1	34	2	63	3	64	4	72	5	43	6	28	7	23	8	29	9	37	10	97	11	22	12	29	13	17	14	43	15	23	16	54	17	37	18	69	19	10	20	72	21	49	22	61	23	25	24	46	25	68	26	35	27	58	28	91	29	50	30	77	31	79	32	39	33	65	34	10	35	45	36	24	37	83	38	31	39	36	
	0	73	1	74	2	99	3	16	4	94	5	29	6	55	7	95	8	34	9	63	10	98	11	85	12	97	13	15	14	76	15	29	16	93	17	19	18	10	19	35	20	75	21	69	22	87	23	70	24	37	25	59	26	17	27	58	28	16	29	30	30	38	31	70	32	42	33	29	34	29	35	88	36	91	37	48	38	16	39	68	
	0	47	1	55	2	69	3	78	4	42	5	67	6	27	7	20	8	71	9	77	10	92	11	47	12	10	13	73	14	11	15	97	16	76	17	46	18	10	19	28	20	87	21	64	22	58	23	36	24	64	25	75	26	99	27	12	28	79	29	86	30	57	31	13	32	23	33	46	34	78	35	52	36	86	37	43	38	58	39	10	
	0	20	1	86	2	27	3	36	4	91	5	30	6	37	7	77	8	65	9	87	10	60	11	82	12	81	13	58	14	30	15	18	16	65	17	68	18	85	19	23	20	24	21	69	22	14	23	53	24	100	25	19	26	11	27	29	28	90	29	28	30	96	31	51	32	39	33	25	34	32	35	65	36	70	37	39	38	97	39	98	
	0	55	1	83	2	54	3	41	4	59	5	59	6	48	7	33	8	32	9	55	10	83	11	63	12	45	13	86	14	79	15	100	16	17	17	75	18	100	19	89	20	52	21	100	22	92	23	65	24	96	25	17	26	50	27	84	28	85	29	53	30	99	31	98	32	45	33	47	34	48	35	37	36	43	37	33	38	23	39	36	
	0	76	1	55	2	55	3	100	4	45	5	90	6	24	7	90	8	90	9	92	10	29	11	51	12	36	13	78	14	86	15	61	16	53	17	21	18	22	19	70	20	58	21	100	22	48	23	21	24	62	25	84	26	95	27	33	28	20	29	51	30	95	31	35	32	56	33	83	34	28	35	92	36	15	37	36	38	85	39	75	
	0	47	1	73	2	37	3	99	4	16	5	28	6	33	7	26	8	88	9	28	10	89	11	25	12	70	13	72	14	22	15	17	16	57	17	80	18	69	19	99	20	76	21	34	22	26	23	75	24	28	25	50	26	17	27	49	28	38	29	52	30	94	31	50	32	73	33	84	34	66	35	80	36	88	37	58	38	86	39	43	
	0	16	1	19	2	28	3	41	4	23	5	92	6	70	7	26	8	46	9	62	10	83	11	15	12	15	13	90	14	63	15	57	16	46	17	72	18	15	19	64	20	92	21	25	22	67	23	10	24	31	25	30	26	64	27	88	28	13	29	67	30	46	31	49	32	15	33	64	34	85	35	72	36	33	37	30	38	29	39	40	
	0	15	1	62	2	37	3	33	4	53	5	34	6	48	7	39	8	48	9	46	10	47	11	30	12	36	13	17	14	71	15	67	16	98	17	50	18	45	19	83	20	74	21	58	22	74	23	51	24	66	25	73	26	84	27	92	28	75	29	12	30	60	31	67	32	65	33	58	34	31	35	66	36	61	37	57	38	58	39	41	
	0	99	1	91	2	77	3	17	4	48	5	58	6	31	7	56	8	51	9	82	10	38	11	83	12	24	13	60	14	29	15	20	16	28	17	75	18	80	19	13	20	10	21	45	22	25	23	57	24	78	25	70	26	91	27	29	28	91	29	47	30	79	31	96	32	92	33	49	34	96	35	52	36	68	37	28	38	50	39	71	
	0	49	1	61	2	59	3	94	4	69	5	33	6	75	7	86	8	78	9	56	10	32	11	71	12	62	13	66	14	38	15	98	16	92	17	61	18	46	19	46	20	91	21	17	22	60	23	82	24	47	25	49	26	32	27	13	28	77	29	52	30	23	31	97	32	97	33	18	34	21	35	50	36	23	37	72	38	72	39	53	
	0	62	1	45	2	34	3	60	4	10	5	86	6	50	7	94	8	64	9	81	10	51	11	22	12	89	13	30	14	11	15	19	16	10	17	57	18	96	19	82	20	81	21	99	22	42	23	15	24	21	25	14	26	25	27	51	28	71	29	34	30	43	31	60	32	90	33	62	34	77	35	72	36	95	37	99	38	52	39	46	
	0	11	1	63	2	42	3	63	4	30	5	47	6	63	7	49	8	65	9	50	10	36	11	21	12	29	13	45	14	70	15	53	16	94	17	95	18	57	19	10	20	36	21	68	22	52	23	57	24	12	25	68	26	85	27	26	28	52	29	82	30	72	31	89	32	50	33	11	34	15	35	34	36	54	37	30	38	66	39	48	
	0	14	1	11	2	56	3	18	4	39	5	40	6	99	7	73	8	97	9	32	10	57	11	93	12	93	13	99	14	25	15	31	16	86	17	54	18	70	19	91	20	30	21	50	22	25	23	21	24	35	25	28	26	20	27	62	28	78	29	79	30	36	31	17	32	60	33	17	34	71	35	41	36	75	37	50	38	75	39	35	
	0	65	1	45	2	27	3	55	4	58	5	93	6	79	7	95	8	36	9	48	10	25	11	28	12	38	13	59	14	10	15	21	16	75	17	91	18	37	19	48	20	19	21	55	22	20	23	26	24	18	25	17	26	93	27	62	28	14	29	19	30	80	31	35	32	38	33	96	34	82	35	44	36	99	37	12	38	56	39	56	
	0	14	1	75	2	79	3	60	4	88	5	15	6	73	7	43	8	71	9	49	10	76	11	18	12	80	13	92	14	72	15	10	16	88	17	89	18	55	19	41	20	51	21	27	22	10	23	64	24	80	25	39	26	55	27	67	28	51	29	50	30	50	31	13	32	32	33	77	34	23	35	69	36	17	37	58	38	71	39	77	
	0	89	1	32	2	61	3	77	4	71	5	84	6	94	7	48	8	85	9	65	10	12	11	46	12	56	13	91	14	59	15	79	16	55	17	21	18	23	19	63	20	19	21	24	22	23	23	14	24	30	25	38	26	50	27	94	28	100	29	89	30	81	31	63	32	63	33	66	34	18	35	41	36	57	37	52	38	58	39	22	
	0	10	1	89	2	57	3	69	4	73	5	68	6	86	7	25	8	22	9	75	10	96	11	43	12	58	13	17	14	30	15	29	16	19	17	29	18	95	19	71	20	89	21	13	22	52	23	12	24	69	25	96	26	82	27	21	28	32	29	94	30	25	31	83	32	46	33	68	34	79	35	32	36	44	37	97	38	75	39	14	
	0	33	1	80	2	63	3	87	4	36	5	94	6	90	7	46	8	55	9	65	10	80	11	73	12	97	13	72	14	52	15	26	16	15	17	16	18	24	19	10	20	93	21	20	22	58	23	41	24	77	25	99	26	38	27	80	28	13	29	12	30	44	31	92	32	68	33	58	34	48	35	73	36	95	37	45	38	87	39	95	
	0	80	1	58	2	65	3	22	4	18	5	50	6	62	7	50	8	62	9	32	10	15	11	19	12	84	13	59	14	87	15	28	16	83	17	93	18	27	19	18	20	35	21	92	22	71	23	97	24	77	25	19	26	20	27	32	28	84	29	87	30	72	31	30	32	68	33	38	34	48	35	36	36	31	37	55	38	93	39	11	
	0	67	1	71	2	25	3	18	4	96	5	51	6	16	7	66	8	73	9	25	10	97	11	92	12	59	13	64	14	72	15	44	16	61	17	99	18	54	19	93	20	20	21	76	22	30	23	44	24	22	25	55	26	92	27	50	28	25	29	37	30	62	31	33	32	81	33	52	34	31	35	46	36	44	37	61	38	29	39	34	
	0	49	1	48	2	100	3	28	4	85	5	83	6	35	7	98	8	19	9	27	10	58	11	44	12	89	13	69	14	45	15	47	16	26	17	54	18	60	19	76	20	37	21	38	22	80	23	99	24	13	25	16	26	49	27	35	28	93	29	35	30	99	31	25	32	69	33	56	34	89	35	49	36	86	37	16	38	74	39	28	
	0	61	1	68	2	59	3	36	4	74	5	72	6	29	7	71	8	78	9	86	10	69	11	10	12	41	13	91	14	78	15	26	16	81	17	83	18	68	19	18	20	10	21	42	22	20	23	96	24	24	25	30	26	48	27	48	28	84	29	22	30	80	31	77	32	42	33	44	34	27	35	38	36	99	37	37	38	56	39	98	
	0	64	1	41	2	56	3	32	4	86	5	52	6	15	7	38	8	44	9	92	10	16	11	51	12	53	13	22	14	31	15	74	16	11	17	13	18	68	19	14	20	25	21	17	22	19	23	19	24	67	25	82	26	15	27	83	28	29	29	84	30	42	31	28	32	99	33	57	34	12	35	70	36	89	37	26	38	82	39	52	
	0	61	1	97	2	70	3	14	4	84	5	18	6	81	7	37	8	42	9	42	10	60	11	40	12	77	13	76	14	42	15	79	16	18	17	51	18	61	19	87	20	89	21	19	22	31	23	70	24	80	25	74	26	80	27	47	28	39	29	10	30	34	31	42	32	48	33	41	34	64	35	74	36	84	37	23	38	57	39	91	
	0	32	1	26	2	68	3	100	4	98	5	47	6	85	7	19	8	34	9	59	10	98	11	62	12	100	13	20	14	23	15	12	16	11	17	29	18	21	19	97	20	28	21	31	22	88	23	40	24	73	25	99	26	35	27	48	28	47	29	33	30	72	31	58	32	75	33	91	34	95	35	27	36	67	37	24	38	67	39	20	
	0	13	1	63	2	75	3	58	4	12	5	76	6	30	7	12	8	85	9	39	10	22	11	40	12	36	13	48	14	77	15	63	16	49	17	46	18	86	19	63	20	28	21	48	22	34	23	57	24	29	25	15	26	91	27	91	28	13	29	18	30	90	31	60	32	73	33	100	34	53	35	53	36	35	37	56	38	29	39	67	
	0	58	1	77	2	69	3	36	4	63	5	97	6	88	7	17	8	57	9	85	10	22	11	41	12	70	13	45	14	85	15	22	16	10	17	10	18	91	19	23	20	38	21	89	22	47	23	70	24	69	25	38	26	95	27	32	28	77	29	24	30	85	31	91	32	52	33	48	34	82	35	86	36	84	37	11	38	68	39	63	
	0	63	1	62	2	88	3	33	4	82	5	82	6	24	7	31	8	57	9	67	10	42	11	67	12	14	13	17	14	82	15	82	16	100	17	63	18	55	19	50	20	67	21	55	22	93	23	15	24	98	25	74	26	17	27	15	28	82	29	99	30	21	31	86	32	60	33	94	34	12	35	61	36	72	37	86	38	58	39	48	
	0	74	1	90	2	18	3	43	4	84	5	52	6	95	7	76	8	81	9	51	10	19	11	53	12	51	13	44	14	77	15	16	16	59	17	55	18	68	19	93	20	78	21	20	22	70	23	16	24	55	25	17	26	18	27	62	28	28	29	59	30	83	31	63	32	96	33	35	34	99	35	78	36	43	37	26	38	74	39	18	
	0	80	1	44	2	98	3	30	4	73	5	77	6	51	7	62	8	93	9	41	10	62	11	27	12	86	13	65	14	61	15	86	16	45	17	48	18	88	19	32	20	23	21	61	22	66	23	39	24	17	25	52	26	60	27	40	28	82	29	68	30	42	31	60	32	84	33	48	34	51	35	51	36	78	37	17	38	89	39	48	
	0	94	1	31	2	98	3	92	4	86	5	50	6	90	7	77	8	77	9	24	10	62	11	64	12	20	13	27	14	99	15	21	16	36	17	89	18	50	19	84	20	69	21	98	22	26	23	84	24	64	25	39	26	30	27	42	28	17	29	100	30	59	31	15	32	71	33	54	34	13	35	24	36	41	37	42	38	51	39	98	
	0	22	1	30	2	32	3	86	4	56	5	72	6	34	7	33	8	60	9	62	10	96	11	27	12	21	13	18	14	47	15	70	16	42	17	95	18	83	19	40	20	100	21	86	22	42	23	83	24	20	25	58	26	75	27	42	28	54	29	44	30	83	31	91	32	72	33	30	34	100	35	38	36	97	37	10	38	82	39	56	
	0	37	1	70	2	67	3	19	4	51	5	59	6	14	7	65	8	28	9	44	10	44	11	68	12	55	13	28	14	25	15	66	16	77	17	56	18	65	19	22	20	48	21	94	22	87	23	80	24	21	25	97	26	55	27	52	28	50	29	92	30	91	31	32	32	53	33	68	34	14	35	86	36	48	37	35	38	15	39	54	
	0	95	1	74	2	72	3	40	4	30	5	75	6	80	7	36	8	67	9	78	10	78	11	59	12	25	13	40	14	52	15	74	16	86	17	71	18	70	19	36	20	36	21	65	22	87	23	35	24	49	25	49	26	72	27	30	28	31	29	71	30	31	31	42	32	27	33	60	34	26	35	83	36	58	37	77	38	19	39	70	
	0	71	1	65	2	42	3	62	4	20	5	81	6	51	7	44	8	99	9	41	10	47	11	30	12	63	13	64	14	62	15	83	16	80	17	23	18	56	19	97	20	36	21	49	22	36	23	79	24	26	25	69	26	25	27	96	28	78	29	38	30	69	31	60	32	22	33	67	34	68	35	51	36	33	37	77	38	98	39	100	
	0	74	1	23	2	16	3	38	4	54	5	67	6	88	7	93	8	88	9	14	10	79	11	82	12	91	13	24	14	57	15	29	16	59	17	75	18	42	19	53	20	81	21	100	22	46	23	100	24	57	25	18	26	70	27	37	28	44	29	58	30	64	31	75	32	84	33	66	34	40	35	94	36	66	37	20	38	43	39	32	
	0	12	1	57	2	96	3	42	4	27	5	71	6	41	7	70	8	60	9	14	10	26	11	75	12	67	13	89	14	30	15	85	16	92	17	13	18	79	19	26	20	81	21	23	22	44	23	97	24	98	25	44	26	13	27	89	28	36	29	30	30	58	31	93	32	42	33	81	34	65	35	39	36	93	37	18	38	27	39	13	
	0	14	1	53	2	93	3	59	4	92	5	70	6	71	7	65	8	55	9	49	10	15	11	77	12	48	13	44	14	82	15	60	16	16	17	82	18	99	19	50	20	62	21	26	22	30	23	87	24	32	25	30	26	21	27	56	28	25	29	85	30	18	31	96	32	23	33	31	34	30	35	57	36	67	37	74	38	31	39	27	
	0	90	1	99	2	10	3	25	4	43	5	13	6	89	7	89	8	13	9	15	10	34	11	25	12	58	13	60	14	78	15	88	16	81	17	96	18	66	19	95	20	94	21	61	22	95	23	82	24	50	25	23	26	84	27	32	28	16	29	95	30	63	31	18	32	82	33	41	34	37	35	87	36	98	37	93	38	100	39	68	
	0	39	1	67	2	19	3	99	4	99	5	18	6	13	7	47	8	63	9	20	10	89	11	53	12	87	13	95	14	100	15	58	16	68	17	40	18	21	19	92	20	50	21	21	22	90	23	43	24	28	25	55	26	51	27	61	28	34	29	20	30	21	31	40	32	94	33	73	34	87	35	34	36	15	37	72	38	30	39	73	
	0	73	1	36	2	18	3	49	4	31	5	99	6	44	7	30	8	12	9	57	10	98	11	12	12	48	13	31	14	16	15	55	16	95	17	81	18	53	19	44	20	80	21	100	22	32	23	52	24	37	25	42	26	95	27	95	28	91	29	28	30	34	31	43	32	53	33	41	34	37	35	87	36	45	37	94	38	37	39	63	
	0	43	1	10	2	21	3	11	4	71	5	96	6	14	7	85	8	82	9	57	10	88	11	25	12	45	13	98	14	69	15	99	16	57	17	66	18	96	19	46	20	56	21	43	22	74	23	72	24	56	25	23	26	85	27	18	28	65	29	55	30	56	31	99	32	16	33	57	34	26	35	55	36	49	37	52	38	45	39	14	
	0	29	1	85	2	66	3	67	4	88	5	80	6	87	7	86	8	43	9	25	10	66	11	88	12	36	13	90	14	37	15	69	16	86	17	94	18	80	19	47	20	51	21	12	22	23	23	62	24	88	25	47	26	55	27	52	28	83	29	82	30	77	31	100	32	27	33	68	34	87	35	67	36	31	37	51	38	82	39	22	
	0	80	1	40	2	45	3	69	4	58	5	23	6	88	7	74	8	98	9	38	10	11	11	64	12	79	13	83	14	57	15	46	16	72	17	91	18	70	19	86	20	99	21	36	22	91	23	57	24	15	25	99	26	15	27	13	28	68	29	86	30	97	31	27	32	63	33	84	34	53	35	28	36	15	37	30	38	35	39	55	
	0	89	1	59	2	97	3	64	4	49	5	38	6	90	7	16	8	97	9	11	10	61	11	26	12	86	13	91	14	20	15	33	16	98	17	43	18	15	19	40	20	12	21	19	22	48	23	26	24	50	25	64	26	21	27	91	28	55	29	40	30	81	31	66	32	40	33	38	34	28	35	99	36	99	37	70	38	17	39	36	
	0	11	1	38	2	91	3	50	4	37	5	57	6	39	7	32	8	58	9	14	10	29	11	44	12	13	13	66	14	96	15	68	16	26	17	31	18	99	19	41	20	90	21	77	22	91	23	41	24	48	25	50	26	83	27	65	28	75	29	18	30	84	31	69	32	53	33	24	34	23	35	40	36	10	37	64	38	94	39	74	
	0	80	1	54	2	12	3	56	4	99	5	59	6	29	7	75	8	45	9	22	10	58	11	34	12	99	13	46	14	30	15	80	16	14	17	82	18	51	19	10	20	27	21	51	22	18	23	35	24	22	25	31	26	71	27	46	28	74	29	47	30	37	31	65	32	23	33	31	34	45	35	18	36	87	37	100	38	43	39	46	
	0	53	1	67	2	25	3	58	4	16	5	63	6	84	7	67	8	66	9	22	10	29	11	85	12	87	13	54	14	32	15	90	16	27	17	34	18	62	19	87	20	58	21	23	22	66	23	66	24	45	25	57	26	89	27	62	28	19	29	88	30	100	31	26	32	12	33	61	34	31	35	24	36	28	37	84	38	40	39	74	
	0	82	1	39	2	63	3	15	4	49	5	59	6	41	7	87	8	42	9	34	10	26	11	49	12	32	13	83	14	40	15	91	16	40	17	26	18	86	19	11	20	86	21	10	22	70	23	42	24	10	25	81	26	66	27	24	28	70	29	73	30	47	31	60	32	79	33	30	34	78	35	63	36	49	37	57	38	43	39	18	
	0	47	1	39	2	44	3	80	4	96	5	57	6	30	7	75	8	66	9	20	10	54	11	81	12	42	13	21	14	84	15	26	16	20	17	31	18	52	19	75	20	45	21	78	22	34	23	99	24	99	25	39	26	74	27	30	28	81	29	21	30	85	31	44	32	88	33	95	34	78	35	94	36	94	37	94	38	97	39	78	
	0	21	1	24	2	97	3	42	4	40	5	55	6	59	7	76	8	12	9	14	10	65	11	97	12	83	13	26	14	20	15	99	16	36	17	57	18	66	19	75	20	67	21	69	22	39	23	65	24	90	25	16	26	62	27	59	28	48	29	87	30	49	31	25	32	79	33	82	34	87	35	18	36	25	37	98	38	41	39	82	
	0	90	1	47	2	28	3	92	4	75	5	67	6	24	7	24	8	49	9	96	10	52	11	12	12	70	13	96	14	66	15	95	16	36	17	40	18	39	19	96	20	73	21	26	22	54	23	39	24	74	25	81	26	81	27	43	28	17	29	14	30	29	31	84	32	56	33	98	34	69	35	14	36	15	37	75	38	28	39	37	
	0	41	1	30	2	85	3	45	4	99	5	55	6	33	7	36	8	35	9	93	10	60	11	37	12	83	13	61	14	96	15	17	16	43	17	21	18	82	19	82	20	72	21	74	22	30	23	61	24	62	25	90	26	65	27	26	28	64	29	58	30	70	31	36	32	78	33	90	34	20	35	70	36	20	37	85	38	67	39	41	
	0	16	1	66	2	33	3	41	4	40	5	92	6	52	7	62	8	12	9	38	10	17	11	63	12	92	13	70	14	89	15	93	16	38	17	80	18	88	19	48	20	74	21	88	22	15	23	25	24	84	25	43	26	23	27	45	28	24	29	20	30	35	31	13	32	40	33	46	34	25	35	56	36	82	37	55	38	15	39	68	
	0	20	1	90	2	100	3	65	4	66	5	99	6	45	7	95	8	53	9	10	10	53	11	29	12	90	13	86	14	65	15	71	16	95	17	28	18	93	19	29	20	53	21	71	22	62	23	77	24	91	25	41	26	47	27	18	28	42	29	66	30	72	31	100	32	16	33	52	34	78	35	67	36	87	37	38	38	16	39	42	
	0	57	1	72	2	64	3	30	4	50	5	96	6	54	7	46	8	49	9	87	10	57	11	66	12	39	13	11	14	44	15	31	16	90	17	51	18	97	19	73	20	55	21	10	22	37	23	94	24	24	25	43	26	29	27	25	28	96	29	77	30	56	31	41	32	33	33	27	34	78	35	83	36	36	37	78	38	53	39	65	
	0	35	1	28	2	17	3	27	4	63	5	88	6	17	7	92	8	94	9	50	10	63	11	35	12	27	13	38	14	23	15	92	16	37	17	67	18	49	19	55	20	82	21	36	22	48	23	41	24	34	25	56	26	28	27	13	28	68	29	33	30	88	31	54	32	90	33	99	34	35	35	59	36	43	37	55	38	89	39	40	
	0	39	1	83	2	98	3	84	4	76	5	19	6	40	7	77	8	38	9	14	10	48	11	64	12	37	13	16	14	87	15	42	16	82	17	19	18	60	19	51	20	36	21	27	22	74	23	29	24	64	25	58	26	44	27	70	28	58	29	32	30	55	31	56	32	33	33	18	34	87	35	82	36	98	37	66	38	46	39	62	
	0	70	1	99	2	47	3	22	4	50	5	96	6	40	7	74	8	49	9	86	10	73	11	10	12	28	13	89	14	20	15	87	16	14	17	52	18	79	19	75	20	26	21	69	22	92	23	86	24	73	25	47	26	29	27	86	28	28	29	90	30	71	31	36	32	69	33	100	34	37	35	41	36	42	37	47	38	43	39	48	
	0	87	1	46	2	39	3	54	4	46	5	51	6	57	7	97	8	92	9	52	10	72	11	86	12	93	13	41	14	79	15	27	16	26	17	80	18	51	19	60	20	49	21	74	22	79	23	31	24	28	25	98	26	37	27	64	28	89	29	94	30	10	31	100	32	77	33	62	34	47	35	62	36	32	37	75	38	11	39	36	
	0	28	1	46	2	42	3	22	4	96	5	75	6	94	7	61	8	89	9	70	10	30	11	56	12	30	13	27	14	21	15	60	16	11	17	85	18	94	19	100	20	72	21	91	22	50	23	44	24	33	25	87	26	94	27	82	28	84	29	14	30	90	31	75	32	57	33	99	34	73	35	42	36	94	37	39	38	16	39	90	
	0	17	1	50	2	70	3	55	4	48	5	12	6	26	7	97	8	68	9	95	10	70	11	89	12	45	13	89	14	68	15	42	16	95	17	13	18	82	19	30	20	30	21	41	22	50	23	30	24	56	25	57	26	64	27	24	28	45	29	63	30	55	31	55	32	56	33	26	34	68	35	41	36	20	37	58	38	81	39	49	
	0	57	1	48	2	39	3	65	4	73	5	71	6	62	7	87	8	28	9	99	10	44	11	76	12	47	13	24	14	86	15	12	16	87	17	98	18	56	19	25	20	41	21	50	22	66	23	58	24	55	25	38	26	67	27	98	28	90	29	92	30	100	31	39	32	62	33	59	34	82	35	30	36	100	37	78	38	97	39	96	
	0	100	1	91	2	79	3	14	4	67	5	62	6	26	7	22	8	28	9	84	10	81	11	100	12	37	13	77	14	37	15	49	16	47	17	38	18	12	19	77	20	48	21	67	22	56	23	13	24	41	25	58	26	70	27	21	28	97	29	77	30	76	31	50	32	74	33	72	34	65	35	13	36	66	37	13	38	51	39	16	
	0	44	1	20	2	88	3	16	4	94	5	21	6	32	7	84	8	16	9	33	10	88	11	62	12	12	13	25	14	100	15	57	16	93	17	52	18	67	19	17	20	78	21	47	22	36	23	37	24	67	25	71	26	25	27	22	28	78	29	39	30	52	31	74	32	36	33	27	34	25	35	90	36	89	37	61	38	27	39	70	
	0	38	1	98	2	59	3	88	4	15	5	49	6	96	7	41	8	22	9	19	10	93	11	56	12	19	13	99	14	98	15	22	16	79	17	77	18	14	19	16	20	43	21	62	22	90	23	40	24	39	25	51	26	31	27	24	28	26	29	79	30	85	31	95	32	37	33	24	34	10	35	66	36	69	37	87	38	63	39	40	
	0	66	1	91	2	16	3	86	4	60	5	50	6	65	7	48	8	79	9	99	10	87	11	25	12	68	13	52	14	94	15	21	16	73	17	43	18	26	19	50	20	14	21	50	22	79	23	90	24	21	25	91	26	93	27	27	28	97	29	81	30	85	31	99	32	56	33	21	34	40	35	34	36	57	37	37	38	17	39	34	