200 50 1
50
	0	97	1	59	2	58	3	40	4	72	5	69	6	17	7	60	8	71	9	98	10	71	11	96	12	41	13	72	14	89	15	75	16	43	17	73	18	93	19	80	20	93	21	86	22	93	23	29	24	42	25	35	26	94	27	33	28	31	29	81	30	66	31	59	32	36	33	29	34	45	35	48	36	91	37	77	38	43	39	80	40	77	41	18	42	45	43	82	44	51	45	85	46	93	47	77	48	63	49	53	
	0	26	1	79	2	89	3	59	4	31	5	37	6	55	7	50	8	75	9	20	10	12	11	13	12	92	13	64	14	28	15	25	16	11	17	94	18	18	19	45	20	33	21	32	22	48	23	94	24	86	25	28	26	90	27	78	28	35	29	29	30	54	31	18	32	33	33	25	34	64	35	28	36	97	37	69	38	79	39	70	40	77	41	33	42	56	43	90	44	71	45	15	46	96	47	39	48	88	49	85	
	0	87	1	33	2	83	3	28	4	84	5	23	6	38	7	76	8	49	9	72	10	20	11	96	12	86	13	65	14	81	15	47	16	10	17	17	18	16	19	39	20	98	21	56	22	11	23	95	24	45	25	89	26	57	27	23	28	73	29	48	30	16	31	43	32	27	33	59	34	44	35	74	36	24	37	74	38	21	39	28	40	39	41	31	42	46	43	35	44	91	45	30	46	10	47	86	48	55	49	12	
	0	14	1	35	2	45	3	65	4	55	5	64	6	61	7	64	8	19	9	30	10	16	11	35	12	83	13	41	14	69	15	78	16	58	17	26	18	76	19	87	20	44	21	51	22	24	23	36	24	88	25	51	26	51	27	72	28	65	29	98	30	28	31	51	32	82	33	26	34	95	35	90	36	52	37	53	38	51	39	98	40	75	41	15	42	81	43	13	44	95	45	63	46	37	47	66	48	54	49	64	
	0	57	1	99	2	92	3	50	4	52	5	27	6	75	7	79	8	39	9	13	10	21	11	16	12	59	13	85	14	39	15	42	16	40	17	46	18	10	19	55	20	56	21	82	22	97	23	92	24	75	25	41	26	89	27	36	28	57	29	46	30	34	31	27	32	100	33	95	34	81	35	86	36	51	37	94	38	94	39	46	40	92	41	91	42	72	43	86	44	93	45	56	46	10	47	58	48	77	49	90	
	0	68	1	48	2	20	3	47	4	15	5	27	6	84	7	79	8	31	9	49	10	64	11	63	12	94	13	64	14	19	15	79	16	38	17	61	18	56	19	49	20	56	21	69	22	25	23	41	24	32	25	37	26	28	27	70	28	94	29	32	30	69	31	60	32	43	33	18	34	87	35	19	36	45	37	21	38	21	39	58	40	64	41	45	42	100	43	14	44	21	45	87	46	16	47	60	48	85	49	30	
	0	64	1	12	2	88	3	77	4	87	5	26	6	61	7	59	8	38	9	23	10	91	11	68	12	51	13	67	14	73	15	38	16	35	17	57	18	10	19	25	20	49	21	99	22	92	23	35	24	37	25	76	26	48	27	74	28	12	29	34	30	100	31	74	32	32	33	27	34	55	35	65	36	59	37	17	38	58	39	65	40	45	41	48	42	35	43	21	44	98	45	100	46	92	47	88	48	69	49	68	
	0	22	1	59	2	43	3	58	4	26	5	52	6	14	7	42	8	42	9	29	10	63	11	54	12	56	13	93	14	12	15	98	16	10	17	19	18	70	19	26	20	37	21	100	22	94	23	94	24	20	25	95	26	24	27	39	28	84	29	54	30	92	31	32	32	58	33	60	34	100	35	64	36	68	37	26	38	20	39	82	40	71	41	49	42	17	43	12	44	88	45	20	46	68	47	59	48	29	49	30	
	0	20	1	30	2	39	3	44	4	47	5	85	6	23	7	79	8	44	9	57	10	35	11	40	12	87	13	60	14	57	15	57	16	52	17	35	18	30	19	40	20	41	21	24	22	65	23	39	24	41	25	75	26	60	27	63	28	87	29	93	30	43	31	48	32	43	33	11	34	92	35	73	36	32	37	26	38	25	39	88	40	79	41	20	42	39	43	10	44	33	45	100	46	65	47	47	48	52	49	31	
	0	61	1	32	2	72	3	34	4	83	5	44	6	77	7	59	8	62	9	65	10	48	11	70	12	27	13	36	14	38	15	70	16	14	17	54	18	33	19	93	20	13	21	36	22	99	23	70	24	51	25	99	26	46	27	82	28	41	29	45	30	86	31	79	32	15	33	75	34	70	35	92	36	10	37	51	38	65	39	98	40	67	41	93	42	86	43	87	44	27	45	31	46	52	47	71	48	23	49	22	
	0	16	1	71	2	89	3	99	4	99	5	75	6	100	7	33	8	99	9	15	10	67	11	59	12	78	13	10	14	91	15	40	16	57	17	31	18	33	19	29	20	31	21	21	22	81	23	84	24	100	25	68	26	87	27	30	28	11	29	53	30	63	31	49	32	97	33	70	34	48	35	41	36	25	37	27	38	40	39	51	40	70	41	54	42	51	43	32	44	64	45	99	46	61	47	83	48	30	49	76	
	0	63	1	96	2	73	3	22	4	81	5	31	6	86	7	75	8	96	9	30	10	61	11	55	12	49	13	68	14	41	15	47	16	12	17	18	18	34	19	81	20	75	21	51	22	75	23	58	24	36	25	56	26	77	27	62	28	29	29	71	30	69	31	61	32	83	33	75	34	35	35	59	36	77	37	68	38	28	39	65	40	57	41	88	42	18	43	87	44	66	45	32	46	68	47	95	48	28	49	53	
	0	21	1	99	2	69	3	11	4	82	5	40	6	66	7	23	8	76	9	43	10	78	11	93	12	28	13	77	14	11	15	53	16	92	17	78	18	43	19	69	20	15	21	62	22	36	23	30	24	94	25	69	26	66	27	25	28	57	29	10	30	43	31	53	32	75	33	24	34	54	35	62	36	17	37	15	38	71	39	50	40	71	41	34	42	80	43	13	44	95	45	37	46	91	47	83	48	43	49	11	
	0	80	1	40	2	86	3	10	4	34	5	41	6	46	7	56	8	45	9	78	10	75	11	42	12	100	13	54	14	19	15	79	16	68	17	11	18	57	19	85	20	100	21	81	22	59	23	86	24	59	25	26	26	47	27	87	28	54	29	68	30	25	31	94	32	83	33	50	34	25	35	83	36	54	37	51	38	45	39	43	40	44	41	82	42	48	43	42	44	64	45	13	46	11	47	46	48	41	49	48	
	0	95	1	50	2	67	3	19	4	22	5	12	6	51	7	60	8	32	9	95	10	98	11	41	12	20	13	25	14	52	15	51	16	37	17	73	18	29	19	88	20	42	21	80	22	38	23	93	24	38	25	28	26	96	27	31	28	68	29	69	30	53	31	29	32	80	33	56	34	66	35	82	36	73	37	47	38	85	39	87	40	34	41	47	42	26	43	43	44	100	45	19	46	45	47	76	48	73	49	68	
	0	15	1	51	2	83	3	17	4	46	5	26	6	52	7	63	8	39	9	95	10	56	11	61	12	55	13	79	14	16	15	57	16	44	17	95	18	38	19	43	20	33	21	21	22	23	23	86	24	61	25	66	26	81	27	25	28	27	29	35	30	79	31	52	32	53	33	26	34	37	35	61	36	80	37	33	38	94	39	11	40	93	41	53	42	49	43	35	44	34	45	100	46	61	47	42	48	36	49	18	
	0	79	1	86	2	23	3	93	4	60	5	26	6	36	7	62	8	56	9	72	10	62	11	47	12	15	13	28	14	42	15	61	16	34	17	43	18	25	19	32	20	20	21	27	22	69	23	27	24	34	25	96	26	79	27	54	28	86	29	85	30	43	31	67	32	32	33	73	34	31	35	53	36	36	37	55	38	88	39	91	40	91	41	73	42	100	43	87	44	97	45	35	46	63	47	17	48	25	49	47	
	0	60	1	70	2	96	3	50	4	77	5	90	6	78	7	59	8	57	9	100	10	97	11	36	12	55	13	74	14	61	15	47	16	51	17	75	18	97	19	99	20	45	21	13	22	25	23	55	24	51	25	16	26	64	27	38	28	16	29	48	30	89	31	64	32	56	33	14	34	24	35	28	36	92	37	97	38	27	39	48	40	96	41	82	42	17	43	27	44	98	45	91	46	85	47	63	48	81	49	65	
	0	50	1	84	2	32	3	25	4	96	5	82	6	51	7	90	8	87	9	88	10	51	11	35	12	59	13	15	14	33	15	93	16	13	17	23	18	97	19	70	20	45	21	92	22	91	23	68	24	65	25	35	26	81	27	14	28	29	29	52	30	52	31	64	32	36	33	99	34	68	35	81	36	71	37	59	38	59	39	10	40	93	41	20	42	38	43	92	44	81	45	95	46	53	47	65	48	53	49	40	
	0	23	1	42	2	13	3	17	4	12	5	20	6	50	7	58	8	90	9	18	10	42	11	77	12	30	13	35	14	24	15	75	16	23	17	27	18	88	19	46	20	14	21	18	22	93	23	48	24	46	25	72	26	42	27	69	28	66	29	66	30	73	31	16	32	99	33	40	34	60	35	65	36	25	37	26	38	14	39	96	40	14	41	64	42	80	43	86	44	98	45	75	46	55	47	62	48	79	49	54	
	0	61	1	18	2	27	3	96	4	75	5	41	6	50	7	20	8	79	9	78	10	95	11	52	12	64	13	49	14	21	15	94	16	62	17	89	18	88	19	79	20	71	21	54	22	34	23	57	24	68	25	22	26	28	27	51	28	76	29	50	30	55	31	45	32	46	33	11	34	39	35	84	36	72	37	98	38	62	39	46	40	61	41	49	42	15	43	45	44	99	45	21	46	94	47	50	48	38	49	87	
	0	69	1	61	2	38	3	64	4	58	5	35	6	64	7	99	8	15	9	58	10	14	11	84	12	26	13	72	14	16	15	67	16	52	17	16	18	39	19	84	20	67	21	32	22	94	23	15	24	48	25	30	26	60	27	34	28	72	29	12	30	58	31	72	32	42	33	41	34	63	35	44	36	76	37	99	38	85	39	28	40	67	41	22	42	78	43	34	44	18	45	22	46	96	47	12	48	73	49	35	
	0	79	1	81	2	67	3	95	4	91	5	78	6	94	7	57	8	69	9	77	10	49	11	11	12	30	13	60	14	54	15	51	16	95	17	55	18	86	19	34	20	87	21	45	22	40	23	58	24	62	25	46	26	99	27	97	28	45	29	84	30	27	31	81	32	66	33	49	34	45	35	35	36	73	37	73	38	83	39	82	40	46	41	59	42	41	43	43	44	35	45	26	46	84	47	39	48	15	49	92	
	0	34	1	73	2	46	3	42	4	71	5	91	6	40	7	67	8	96	9	29	10	63	11	47	12	13	13	15	14	49	15	60	16	24	17	75	18	96	19	76	20	19	21	69	22	14	23	45	24	49	25	27	26	16	27	65	28	21	29	75	30	38	31	25	32	88	33	14	34	48	35	74	36	50	37	86	38	28	39	40	40	48	41	66	42	51	43	70	44	83	45	33	46	61	47	24	48	13	49	95	
	0	42	1	11	2	83	3	50	4	93	5	75	6	53	7	92	8	86	9	94	10	21	11	97	12	21	13	98	14	44	15	49	16	74	17	94	18	87	19	25	20	32	21	98	22	57	23	41	24	85	25	25	26	92	27	69	28	71	29	41	30	42	31	99	32	47	33	88	34	60	35	43	36	26	37	58	38	88	39	26	40	42	41	42	42	43	43	59	44	94	45	50	46	73	47	41	48	17	49	70	
	0	24	1	43	2	54	3	56	4	64	5	39	6	69	7	53	8	95	9	87	10	97	11	23	12	38	13	69	14	53	15	77	16	66	17	77	18	50	19	65	20	42	21	73	22	88	23	72	24	80	25	95	26	30	27	80	28	62	29	93	30	20	31	11	32	26	33	82	34	97	35	72	36	48	37	76	38	78	39	95	40	29	41	18	42	21	43	56	44	84	45	20	46	16	47	94	48	51	49	92	
	0	98	1	26	2	95	3	100	4	98	5	93	6	59	7	71	8	87	9	84	10	10	11	68	12	56	13	27	14	86	15	68	16	69	17	85	18	45	19	61	20	25	21	76	22	49	23	68	24	69	25	46	26	80	27	70	28	92	29	28	30	19	31	71	32	15	33	32	34	87	35	69	36	43	37	95	38	32	39	27	40	69	41	33	42	20	43	63	44	98	45	89	46	72	47	91	48	20	49	66	
	0	36	1	44	2	84	3	37	4	65	5	98	6	87	7	38	8	55	9	59	10	33	11	38	12	84	13	52	14	97	15	80	16	79	17	19	18	99	19	97	20	64	21	83	22	90	23	27	24	69	25	87	26	99	27	74	28	31	29	99	30	98	31	85	32	39	33	77	34	80	35	16	36	18	37	52	38	88	39	64	40	37	41	50	42	82	43	40	44	73	45	78	46	63	47	97	48	41	49	60	
	0	47	1	11	2	15	3	73	4	90	5	36	6	47	7	66	8	19	9	70	10	71	11	44	12	88	13	90	14	15	15	35	16	25	17	42	18	65	19	27	20	19	21	19	22	42	23	81	24	58	25	87	26	95	27	75	28	93	29	65	30	92	31	49	32	46	33	26	34	67	35	90	36	38	37	25	38	35	39	53	40	69	41	81	42	31	43	100	44	62	45	67	46	22	47	96	48	51	49	71	
	0	18	1	46	2	13	3	48	4	26	5	76	6	47	7	20	8	75	9	99	10	44	11	11	12	79	13	51	14	76	15	95	16	71	17	58	18	93	19	56	20	41	21	55	22	15	23	25	24	59	25	35	26	11	27	40	28	87	29	26	30	91	31	35	32	19	33	50	34	88	35	58	36	74	37	40	38	81	39	77	40	55	41	54	42	82	43	31	44	75	45	27	46	34	47	42	48	51	49	70	
	0	100	1	32	2	89	3	89	4	61	5	16	6	91	7	39	8	20	9	60	10	62	11	92	12	37	13	84	14	37	15	17	16	92	17	24	18	75	19	72	20	93	21	18	22	62	23	37	24	15	25	58	26	43	27	63	28	18	29	86	30	65	31	64	32	38	33	18	34	17	35	62	36	70	37	15	38	44	39	46	40	98	41	85	42	48	43	11	44	33	45	83	46	62	47	15	48	20	49	96	
	0	36	1	55	2	16	3	84	4	59	5	44	6	53	7	98	8	97	9	18	10	19	11	69	12	30	13	53	14	100	15	87	16	21	17	88	18	51	19	15	20	64	21	47	22	83	23	25	24	54	25	39	26	52	27	57	28	11	29	87	30	67	31	35	32	10	33	20	34	66	35	43	36	25	37	100	38	71	39	32	40	75	41	56	42	50	43	94	44	94	45	82	46	45	47	24	48	39	49	20	
	0	53	1	13	2	86	3	24	4	69	5	28	6	22	7	83	8	85	9	51	10	54	11	16	12	25	13	92	14	39	15	41	16	26	17	39	18	53	19	87	20	83	21	70	22	72	23	94	24	78	25	34	26	40	27	71	28	41	29	65	30	57	31	85	32	83	33	93	34	94	35	27	36	40	37	53	38	12	39	91	40	41	41	77	42	100	43	36	44	21	45	38	46	86	47	11	48	92	49	81	
	0	12	1	36	2	49	3	74	4	58	5	75	6	24	7	61	8	25	9	81	10	87	11	33	12	36	13	26	14	75	15	92	16	16	17	69	18	41	19	71	20	13	21	88	22	84	23	29	24	14	25	16	26	80	27	97	28	40	29	86	30	65	31	47	32	71	33	87	34	66	35	84	36	59	37	91	38	51	39	11	40	91	41	95	42	51	43	73	44	42	45	22	46	11	47	80	48	92	49	86	
	0	85	1	33	2	59	3	42	4	99	5	28	6	59	7	36	8	57	9	10	10	12	11	36	12	28	13	66	14	95	15	71	16	10	17	42	18	93	19	67	20	21	21	61	22	81	23	77	24	27	25	100	26	94	27	99	28	56	29	54	30	15	31	55	32	33	33	88	34	71	35	52	36	98	37	97	38	88	39	99	40	95	41	98	42	33	43	26	44	98	45	92	46	55	47	67	48	77	49	16	
	0	57	1	48	2	31	3	15	4	80	5	79	6	91	7	25	8	95	9	73	10	56	11	72	12	47	13	35	14	61	15	71	16	15	17	63	18	33	19	35	20	64	21	14	22	89	23	47	24	82	25	98	26	95	27	53	28	34	29	95	30	99	31	51	32	67	33	61	34	14	35	81	36	95	37	60	38	72	39	72	40	72	41	49	42	73	43	38	44	37	45	60	46	90	47	39	48	93	49	33	
	0	76	1	88	2	63	3	35	4	100	5	13	6	44	7	33	8	40	9	89	10	22	11	72	12	87	13	72	14	31	15	52	16	20	17	46	18	23	19	76	20	95	21	17	22	91	23	49	24	47	25	93	26	20	27	63	28	71	29	81	30	11	31	97	32	52	33	52	34	54	35	47	36	46	37	29	38	95	39	14	40	90	41	71	42	69	43	31	44	29	45	45	46	40	47	62	48	49	49	89	
	0	52	1	94	2	36	3	73	4	87	5	84	6	92	7	99	8	44	9	86	10	28	11	89	12	78	13	14	14	11	15	43	16	22	17	10	18	86	19	18	20	77	21	68	22	17	23	72	24	16	25	28	26	28	27	14	28	91	29	99	30	73	31	88	32	32	33	34	34	68	35	54	36	21	37	29	38	46	39	86	40	26	41	46	42	68	43	68	44	92	45	98	46	37	47	66	48	45	49	68	
	0	58	1	36	2	79	3	43	4	42	5	29	6	46	7	82	8	32	9	25	10	22	11	59	12	50	13	10	14	98	15	87	16	35	17	39	18	97	19	51	20	25	21	57	22	99	23	48	24	36	25	82	26	85	27	72	28	44	29	85	30	26	31	20	32	77	33	78	34	98	35	20	36	42	37	18	38	95	39	82	40	11	41	20	42	94	43	73	44	93	45	61	46	68	47	80	48	54	49	82	
	0	20	1	81	2	98	3	48	4	51	5	87	6	25	7	33	8	94	9	85	10	75	11	21	12	92	13	81	14	36	15	75	16	95	17	48	18	72	19	58	20	95	21	22	22	74	23	99	24	49	25	23	26	74	27	93	28	50	29	62	30	36	31	54	32	87	33	14	34	89	35	77	36	11	37	60	38	81	39	20	40	91	41	34	42	27	43	86	44	35	45	79	46	93	47	13	48	11	49	16	
	0	16	1	95	2	48	3	30	4	47	5	46	6	13	7	81	8	48	9	63	10	29	11	25	12	61	13	44	14	89	15	28	16	22	17	58	18	44	19	44	20	29	21	90	22	31	23	87	24	23	25	64	26	53	27	23	28	79	29	34	30	97	31	50	32	56	33	58	34	86	35	82	36	85	37	49	38	71	39	83	40	58	41	77	42	26	43	52	44	14	45	56	46	27	47	14	48	45	49	65	
	0	49	1	93	2	88	3	32	4	16	5	66	6	96	7	58	8	90	9	28	10	81	11	32	12	87	13	16	14	44	15	84	16	80	17	62	18	65	19	17	20	74	21	15	22	21	23	53	24	29	25	33	26	94	27	60	28	38	29	73	30	91	31	69	32	63	33	18	34	71	35	48	36	96	37	43	38	41	39	28	40	89	41	54	42	90	43	34	44	53	45	83	46	24	47	44	48	30	49	39	
	0	100	1	62	2	22	3	64	4	30	5	93	6	56	7	26	8	40	9	36	10	64	11	78	12	65	13	36	14	57	15	14	16	42	17	82	18	45	19	82	20	43	21	82	22	21	23	20	24	51	25	84	26	54	27	16	28	32	29	51	30	38	31	95	32	21	33	21	34	29	35	56	36	51	37	35	38	39	39	79	40	51	41	23	42	72	43	59	44	33	45	87	46	58	47	30	48	79	49	61	
	0	95	1	56	2	71	3	45	4	69	5	12	6	77	7	18	8	69	9	44	10	87	11	74	12	53	13	17	14	20	15	31	16	80	17	67	18	93	19	99	20	99	21	37	22	62	23	48	24	21	25	71	26	71	27	73	28	63	29	71	30	52	31	23	32	25	33	17	34	57	35	24	36	46	37	64	38	55	39	76	40	31	41	14	42	45	43	31	44	27	45	35	46	11	47	56	48	61	49	93	
	0	37	1	77	2	95	3	34	4	35	5	35	6	71	7	91	8	27	9	57	10	30	11	41	12	85	13	100	14	72	15	36	16	15	17	62	18	27	19	23	20	67	21	65	22	66	23	24	24	22	25	22	26	24	27	93	28	54	29	100	30	55	31	40	32	89	33	95	34	95	35	43	36	78	37	98	38	48	39	100	40	25	41	68	42	43	43	87	44	21	45	70	46	29	47	12	48	38	49	10	
	0	27	1	57	2	19	3	67	4	82	5	67	6	21	7	72	8	22	9	45	10	69	11	83	12	34	13	28	14	93	15	65	16	12	17	53	18	47	19	22	20	91	21	17	22	81	23	66	24	39	25	29	26	97	27	11	28	98	29	56	30	39	31	80	32	28	33	92	34	55	35	11	36	52	37	49	38	10	39	37	40	61	41	91	42	72	43	96	44	60	45	75	46	10	47	57	48	40	49	66	
	0	11	1	11	2	57	3	72	4	59	5	24	6	10	7	26	8	53	9	34	10	25	11	96	12	18	13	65	14	60	15	52	16	45	17	22	18	10	19	58	20	54	21	43	22	47	23	19	24	85	25	40	26	22	27	42	28	61	29	23	30	71	31	17	32	32	33	12	34	78	35	29	36	91	37	58	38	27	39	67	40	23	41	98	42	14	43	36	44	56	45	75	46	38	47	28	48	42	49	10	
	0	91	1	70	2	91	3	91	4	30	5	30	6	55	7	68	8	14	9	54	10	68	11	23	12	57	13	78	14	80	15	35	16	99	17	63	18	90	19	18	20	61	21	86	22	18	23	41	24	96	25	62	26	99	27	53	28	72	29	66	30	14	31	90	32	100	33	20	34	17	35	83	36	50	37	72	38	11	39	84	40	61	41	18	42	96	43	41	44	29	45	40	46	88	47	98	48	26	49	44	
	0	22	1	28	2	53	3	59	4	28	5	85	6	65	7	93	8	36	9	51	10	73	11	66	12	92	13	72	14	69	15	23	16	68	17	12	18	92	19	79	20	55	21	40	22	70	23	39	24	25	25	30	26	36	27	18	28	27	29	72	30	89	31	66	32	42	33	51	34	37	35	76	36	98	37	57	38	29	39	96	40	51	41	28	42	71	43	89	44	20	45	93	46	76	47	96	48	44	49	15	
	0	46	1	47	2	64	3	53	4	84	5	15	6	56	7	76	8	21	9	99	10	87	11	44	12	48	13	51	14	40	15	59	16	85	17	60	18	63	19	37	20	56	21	50	22	81	23	41	24	87	25	74	26	58	27	90	28	36	29	24	30	97	31	94	32	81	33	44	34	40	35	95	36	17	37	12	38	17	39	26	40	10	41	95	42	76	43	68	44	15	45	66	46	90	47	72	48	90	49	87	
	0	33	1	26	2	38	3	76	4	95	5	98	6	42	7	59	8	26	9	100	10	83	11	10	12	13	13	47	14	82	15	49	16	90	17	75	18	85	19	88	20	62	21	52	22	65	23	62	24	92	25	90	26	35	27	16	28	96	29	48	30	35	31	98	32	31	33	77	34	64	35	70	36	50	37	61	38	49	39	34	40	49	41	87	42	89	43	47	44	76	45	68	46	50	47	63	48	61	49	19	
	0	28	1	34	2	96	3	39	4	54	5	83	6	83	7	100	8	38	9	66	10	43	11	46	12	98	13	46	14	37	15	72	16	30	17	80	18	17	19	73	20	63	21	14	22	28	23	26	24	53	25	81	26	89	27	64	28	45	29	10	30	56	31	83	32	32	33	72	34	83	35	89	36	31	37	73	38	43	39	91	40	44	41	99	42	86	43	61	44	26	45	88	46	38	47	41	48	36	49	23	
	0	68	1	60	2	56	3	64	4	49	5	47	6	73	7	66	8	10	9	28	10	33	11	82	12	92	13	86	14	66	15	38	16	59	17	26	18	54	19	31	20	10	21	83	22	67	23	28	24	24	25	89	26	36	27	63	28	23	29	29	30	50	31	82	32	90	33	15	34	51	35	15	36	52	37	79	38	27	39	10	40	74	41	84	42	84	43	23	44	46	45	67	46	27	47	32	48	78	49	67	
	0	84	1	95	2	37	3	79	4	75	5	67	6	82	7	15	8	17	9	49	10	36	11	22	12	11	13	65	14	81	15	38	16	88	17	32	18	19	19	17	20	71	21	70	22	100	23	13	24	76	25	88	26	51	27	63	28	64	29	67	30	60	31	96	32	36	33	42	34	48	35	36	36	57	37	87	38	87	39	39	40	81	41	45	42	14	43	50	44	64	45	66	46	29	47	52	48	39	49	34	
	0	70	1	42	2	90	3	97	4	69	5	70	6	65	7	38	8	64	9	65	10	72	11	43	12	91	13	63	14	16	15	69	16	57	17	70	18	13	19	47	20	28	21	64	22	50	23	61	24	50	25	71	26	65	27	29	28	10	29	53	30	44	31	79	32	14	33	19	34	54	35	93	36	18	37	17	38	43	39	66	40	19	41	34	42	53	43	54	44	92	45	54	46	52	47	12	48	81	49	28	
	0	100	1	11	2	46	3	15	4	23	5	30	6	49	7	79	8	68	9	19	10	17	11	15	12	11	13	94	14	40	15	43	16	33	17	64	18	34	19	62	20	42	21	42	22	21	23	13	24	42	25	60	26	32	27	17	28	92	29	86	30	83	31	98	32	56	33	67	34	69	35	62	36	75	37	37	38	86	39	97	40	15	41	62	42	89	43	40	44	46	45	57	46	92	47	23	48	11	49	47	
	0	29	1	81	2	76	3	58	4	57	5	85	6	48	7	54	8	92	9	80	10	74	11	33	12	42	13	39	14	73	15	46	16	54	17	92	18	68	19	90	20	44	21	62	22	62	23	95	24	34	25	23	26	29	27	51	28	20	29	76	30	18	31	76	32	72	33	25	34	66	35	19	36	68	37	89	38	73	39	56	40	18	41	32	42	42	43	29	44	30	45	36	46	39	47	31	48	20	49	76	
	0	27	1	69	2	17	3	67	4	69	5	15	6	68	7	65	8	36	9	31	10	39	11	82	12	85	13	79	14	45	15	64	16	44	17	60	18	43	19	58	20	12	21	20	22	27	23	44	24	10	25	51	26	54	27	95	28	35	29	52	30	35	31	51	32	66	33	15	34	68	35	50	36	93	37	71	38	14	39	19	40	87	41	86	42	84	43	61	44	57	45	10	46	91	47	76	48	60	49	11	
	0	26	1	63	2	51	3	48	4	19	5	26	6	53	7	92	8	82	9	47	10	56	11	64	12	53	13	95	14	66	15	86	16	83	17	40	18	41	19	12	20	61	21	96	22	13	23	30	24	56	25	73	26	45	27	98	28	55	29	21	30	12	31	67	32	47	33	15	34	81	35	37	36	76	37	56	38	57	39	63	40	100	41	65	42	100	43	51	44	92	45	93	46	78	47	96	48	13	49	40	
	0	95	1	45	2	60	3	95	4	67	5	85	6	82	7	73	8	31	9	52	10	62	11	83	12	25	13	71	14	53	15	45	16	52	17	39	18	100	19	85	20	93	21	57	22	97	23	94	24	19	25	49	26	50	27	52	28	97	29	95	30	28	31	20	32	71	33	14	34	65	35	34	36	55	37	88	38	35	39	13	40	57	41	72	42	81	43	64	44	85	45	75	46	31	47	35	48	38	49	69	
	0	12	1	20	2	83	3	88	4	16	5	62	6	26	7	100	8	58	9	25	10	93	11	23	12	80	13	61	14	32	15	31	16	64	17	69	18	60	19	62	20	57	21	91	22	41	23	23	24	74	25	19	26	66	27	41	28	50	29	53	30	91	31	77	32	76	33	31	34	30	35	21	36	78	37	18	38	75	39	89	40	50	41	24	42	45	43	68	44	56	45	46	46	83	47	67	48	50	49	17	
	0	60	1	23	2	35	3	42	4	98	5	87	6	56	7	80	8	13	9	94	10	73	11	51	12	42	13	47	14	32	15	51	16	58	17	68	18	26	19	84	20	40	21	49	22	38	23	88	24	54	25	38	26	20	27	68	28	92	29	26	30	21	31	19	32	39	33	42	34	36	35	71	36	81	37	63	38	16	39	19	40	10	41	58	42	61	43	54	44	40	45	22	46	84	47	15	48	22	49	42	
	0	78	1	85	2	95	3	11	4	21	5	61	6	72	7	50	8	34	9	15	10	57	11	64	12	20	13	40	14	68	15	44	16	64	17	19	18	13	19	57	20	65	21	96	22	18	23	90	24	93	25	38	26	76	27	36	28	44	29	15	30	66	31	11	32	11	33	42	34	35	35	34	36	47	37	23	38	56	39	60	40	68	41	72	42	76	43	19	44	78	45	94	46	59	47	55	48	31	49	13	
	0	74	1	95	2	41	3	14	4	18	5	89	6	38	7	50	8	33	9	84	10	75	11	47	12	10	13	61	14	76	15	82	16	43	17	26	18	66	19	64	20	73	21	88	22	65	23	65	24	29	25	30	26	72	27	19	28	43	29	95	30	66	31	82	32	16	33	66	34	79	35	41	36	87	37	41	38	99	39	76	40	11	41	100	42	77	43	56	44	46	45	28	46	38	47	29	48	67	49	55	
	0	80	1	20	2	61	3	13	4	29	5	38	6	55	7	27	8	89	9	52	10	88	11	64	12	96	13	99	14	36	15	92	16	60	17	58	18	17	19	45	20	99	21	28	22	75	23	23	24	45	25	32	26	77	27	80	28	22	29	96	30	32	31	57	32	12	33	46	34	42	35	57	36	49	37	38	38	76	39	43	40	48	41	72	42	62	43	63	44	63	45	82	46	97	47	82	48	28	49	95	
	0	49	1	92	2	16	3	42	4	99	5	59	6	25	7	26	8	49	9	28	10	21	11	64	12	78	13	72	14	23	15	31	16	60	17	29	18	34	19	31	20	21	21	25	22	61	23	57	24	52	25	44	26	12	27	35	28	53	29	86	30	10	31	19	32	12	33	72	34	16	35	28	36	19	37	37	38	44	39	16	40	11	41	97	42	50	43	93	44	35	45	26	46	66	47	50	48	59	49	90	
	0	56	1	67	2	37	3	58	4	95	5	80	6	74	7	63	8	78	9	34	10	21	11	39	12	91	13	15	14	87	15	33	16	21	17	23	18	10	19	87	20	62	21	58	22	34	23	93	24	54	25	27	26	27	27	79	28	18	29	12	30	37	31	61	32	26	33	47	34	48	35	96	36	97	37	54	38	17	39	24	40	82	41	62	42	52	43	23	44	89	45	64	46	10	47	90	48	79	49	26	
	0	64	1	27	2	54	3	14	4	49	5	21	6	21	7	45	8	95	9	66	10	65	11	25	12	79	13	13	14	10	15	19	16	72	17	64	18	17	19	76	20	14	21	69	22	25	23	46	24	76	25	86	26	63	27	71	28	99	29	83	30	44	31	73	32	26	33	64	34	23	35	53	36	73	37	98	38	51	39	87	40	54	41	20	42	70	43	32	44	16	45	58	46	47	47	91	48	57	49	47	
	0	30	1	25	2	65	3	68	4	36	5	84	6	99	7	87	8	15	9	16	10	28	11	73	12	16	13	22	14	27	15	78	16	24	17	83	18	69	19	29	20	36	21	51	22	45	23	12	24	92	25	81	26	73	27	95	28	41	29	88	30	39	31	56	32	80	33	60	34	89	35	48	36	15	37	51	38	61	39	27	40	21	41	14	42	56	43	17	44	24	45	37	46	15	47	54	48	59	49	50	
	0	76	1	48	2	85	3	75	4	98	5	99	6	13	7	76	8	65	9	79	10	22	11	85	12	62	13	41	14	36	15	99	16	13	17	37	18	41	19	69	20	54	21	23	22	69	23	95	24	86	25	59	26	56	27	58	28	88	29	54	30	51	31	18	32	54	33	22	34	43	35	37	36	48	37	10	38	62	39	73	40	62	41	69	42	75	43	29	44	72	45	66	46	49	47	93	48	12	49	57	
	0	85	1	92	2	41	3	62	4	51	5	66	6	65	7	44	8	92	9	22	10	82	11	48	12	99	13	47	14	62	15	19	16	20	17	56	18	48	19	53	20	28	21	76	22	47	23	90	24	80	25	49	26	91	27	35	28	72	29	74	30	59	31	12	32	52	33	10	34	70	35	47	36	30	37	40	38	11	39	87	40	70	41	12	42	53	43	78	44	41	45	99	46	72	47	99	48	52	49	83	
	0	83	1	52	2	10	3	57	4	89	5	60	6	54	7	88	8	19	9	91	10	47	11	12	12	87	13	67	14	19	15	10	16	21	17	44	18	96	19	52	20	28	21	23	22	56	23	18	24	71	25	35	26	26	27	84	28	92	29	56	30	92	31	35	32	58	33	38	34	16	35	41	36	13	37	40	38	49	39	61	40	68	41	81	42	28	43	10	44	74	45	12	46	98	47	55	48	98	49	94	
	0	92	1	86	2	75	3	89	4	38	5	20	6	68	7	60	8	39	9	94	10	80	11	75	12	94	13	60	14	13	15	80	16	42	17	28	18	95	19	67	20	34	21	80	22	58	23	47	24	49	25	24	26	26	27	25	28	59	29	46	30	55	31	28	32	94	33	56	34	71	35	14	36	14	37	83	38	21	39	97	40	56	41	31	42	95	43	42	44	82	45	48	46	65	47	35	48	98	49	81	
	0	70	1	83	2	78	3	85	4	100	5	63	6	46	7	44	8	21	9	99	10	66	11	60	12	71	13	78	14	22	15	42	16	100	17	42	18	66	19	94	20	43	21	73	22	17	23	46	24	94	25	60	26	83	27	78	28	83	29	46	30	69	31	17	32	63	33	47	34	77	35	95	36	63	37	26	38	37	39	86	40	74	41	65	42	77	43	44	44	87	45	94	46	41	47	93	48	70	49	39	
	0	20	1	62	2	73	3	68	4	68	5	74	6	29	7	11	8	69	9	58	10	98	11	35	12	26	13	10	14	96	15	58	16	23	17	47	18	56	19	23	20	78	21	38	22	22	23	53	24	29	25	79	26	14	27	74	28	97	29	13	30	69	31	45	32	57	33	39	34	45	35	96	36	28	37	17	38	13	39	88	40	71	41	20	42	15	43	59	44	30	45	39	46	51	47	94	48	50	49	88	
	0	98	1	44	2	97	3	12	4	35	5	69	6	52	7	32	8	19	9	43	10	78	11	64	12	58	13	56	14	95	15	41	16	86	17	29	18	10	19	65	20	26	21	23	22	44	23	35	24	11	25	93	26	54	27	81	28	33	29	17	30	48	31	93	32	20	33	37	34	56	35	35	36	93	37	82	38	28	39	54	40	92	41	85	42	87	43	97	44	18	45	64	46	53	47	85	48	38	49	52	
	0	19	1	46	2	27	3	72	4	35	5	17	6	75	7	15	8	78	9	17	10	77	11	81	12	62	13	75	14	98	15	36	16	32	17	29	18	29	19	17	20	76	21	65	22	55	23	58	24	20	25	67	26	63	27	55	28	50	29	18	30	79	31	41	32	77	33	51	34	67	35	33	36	98	37	13	38	43	39	88	40	20	41	43	42	27	43	75	44	42	45	50	46	51	47	75	48	57	49	39	
	0	19	1	14	2	15	3	11	4	74	5	45	6	21	7	24	8	81	9	17	10	63	11	85	12	12	13	68	14	87	15	99	16	84	17	83	18	65	19	10	20	76	21	48	22	70	23	36	24	57	25	27	26	97	27	91	28	16	29	12	30	72	31	59	32	84	33	44	34	79	35	72	36	99	37	97	38	49	39	25	40	15	41	63	42	65	43	92	44	38	45	68	46	33	47	69	48	32	49	47	
	0	18	1	100	2	81	3	35	4	43	5	72	6	26	7	22	8	71	9	98	10	97	11	15	12	25	13	89	14	46	15	77	16	68	17	24	18	29	19	72	20	22	21	66	22	55	23	20	24	72	25	48	26	49	27	32	28	25	29	77	30	63	31	87	32	10	33	93	34	85	35	38	36	47	37	32	38	90	39	97	40	44	41	46	42	67	43	26	44	16	45	63	46	72	47	73	48	54	49	74	
	0	76	1	45	2	74	3	74	4	13	5	81	6	28	7	37	8	91	9	88	10	71	11	65	12	36	13	17	14	19	15	36	16	47	17	92	18	79	19	92	20	34	21	17	22	50	23	93	24	69	25	22	26	94	27	59	28	37	29	78	30	79	31	80	32	72	33	78	34	16	35	52	36	61	37	47	38	40	39	14	40	52	41	24	42	86	43	65	44	22	45	41	46	86	47	23	48	70	49	21	
	0	41	1	19	2	26	3	67	4	25	5	46	6	55	7	100	8	93	9	22	10	49	11	50	12	16	13	88	14	65	15	78	16	49	17	70	18	24	19	32	20	22	21	97	22	75	23	73	24	87	25	65	26	13	27	47	28	90	29	35	30	62	31	86	32	50	33	38	34	48	35	78	36	83	37	35	38	98	39	94	40	63	41	36	42	10	43	99	44	93	45	34	46	47	47	28	48	75	49	44	
	0	64	1	35	2	100	3	74	4	93	5	85	6	41	7	75	8	87	9	34	10	47	11	100	12	20	13	85	14	62	15	87	16	99	17	58	18	92	19	16	20	82	21	25	22	91	23	58	24	25	25	91	26	88	27	51	28	48	29	52	30	18	31	10	32	51	33	81	34	47	35	61	36	24	37	40	38	47	39	66	40	53	41	18	42	99	43	56	44	82	45	85	46	36	47	83	48	28	49	84	
	0	35	1	98	2	69	3	56	4	37	5	19	6	47	7	73	8	98	9	10	10	47	11	41	12	66	13	72	14	84	15	46	16	25	17	15	18	72	19	55	20	21	21	50	22	17	23	13	24	26	25	56	26	74	27	96	28	20	29	46	30	71	31	51	32	71	33	86	34	55	35	93	36	52	37	22	38	74	39	31	40	86	41	78	42	49	43	66	44	57	45	74	46	89	47	88	48	66	49	88	
	0	23	1	39	2	10	3	28	4	17	5	65	6	42	7	74	8	88	9	49	10	14	11	68	12	26	13	14	14	93	15	24	16	34	17	39	18	21	19	32	20	22	21	65	22	53	23	66	24	76	25	67	26	60	27	93	28	54	29	92	30	68	31	79	32	76	33	60	34	12	35	88	36	68	37	80	38	27	39	82	40	62	41	82	42	80	43	18	44	54	45	28	46	13	47	97	48	53	49	52	
	0	61	1	36	2	55	3	41	4	53	5	46	6	78	7	42	8	35	9	71	10	20	11	28	12	63	13	21	14	84	15	16	16	67	17	57	18	55	19	57	20	100	21	31	22	34	23	24	24	91	25	34	26	75	27	29	28	80	29	39	30	44	31	10	32	95	33	69	34	69	35	41	36	44	37	19	38	94	39	35	40	42	41	98	42	94	43	50	44	54	45	70	46	37	47	90	48	84	49	75	
	0	89	1	36	2	38	3	57	4	50	5	90	6	91	7	58	8	29	9	57	10	88	11	10	12	39	13	30	14	23	15	29	16	29	17	22	18	89	19	10	20	98	21	36	22	61	23	16	24	44	25	15	26	97	27	14	28	43	29	77	30	87	31	54	32	51	33	90	34	81	35	66	36	15	37	43	38	30	39	56	40	51	41	57	42	82	43	42	44	25	45	62	46	75	47	53	48	97	49	52	
	0	32	1	19	2	98	3	92	4	37	5	12	6	18	7	95	8	54	9	82	10	69	11	71	12	72	13	10	14	38	15	48	16	71	17	60	18	74	19	73	20	92	21	21	22	21	23	48	24	22	25	65	26	13	27	23	28	78	29	10	30	91	31	27	32	58	33	32	34	98	35	87	36	73	37	47	38	75	39	96	40	78	41	42	42	86	43	21	44	60	45	86	46	89	47	48	48	26	49	17	
	0	11	1	92	2	70	3	80	4	51	5	93	6	37	7	73	8	24	9	80	10	79	11	10	12	88	13	23	14	77	15	13	16	82	17	77	18	52	19	92	20	70	21	63	22	80	23	41	24	17	25	21	26	56	27	77	28	12	29	24	30	77	31	19	32	47	33	80	34	96	35	35	36	45	37	98	38	73	39	27	40	85	41	50	42	10	43	97	44	92	45	32	46	78	47	76	48	59	49	65	
	0	33	1	75	2	23	3	25	4	12	5	15	6	36	7	64	8	93	9	75	10	91	11	82	12	14	13	26	14	91	15	31	16	30	17	91	18	57	19	81	20	10	21	48	22	71	23	55	24	10	25	16	26	16	27	27	28	31	29	40	30	31	31	67	32	81	33	79	34	71	35	35	36	45	37	71	38	21	39	54	40	53	41	79	42	42	43	60	44	30	45	71	46	54	47	48	48	61	49	82	
	0	90	1	88	2	99	3	87	4	51	5	68	6	66	7	84	8	98	9	92	10	42	11	49	12	34	13	55	14	58	15	25	16	66	17	20	18	43	19	14	20	48	21	14	22	13	23	20	24	22	25	60	26	81	27	29	28	20	29	34	30	27	31	47	32	70	33	35	34	83	35	15	36	92	37	71	38	10	39	18	40	70	41	43	42	68	43	84	44	82	45	41	46	71	47	23	48	26	49	94	
	0	12	1	49	2	84	3	77	4	61	5	96	6	82	7	45	8	77	9	80	10	36	11	15	12	98	13	23	14	25	15	68	16	16	17	82	18	79	19	99	20	13	21	36	22	62	23	27	24	23	25	71	26	64	27	100	28	95	29	94	30	88	31	31	32	30	33	57	34	74	35	88	36	63	37	77	38	81	39	51	40	49	41	97	42	84	43	78	44	27	45	27	46	92	47	53	48	22	49	90	
	0	86	1	69	2	94	3	44	4	88	5	74	6	27	7	86	8	46	9	85	10	88	11	93	12	26	13	83	14	66	15	39	16	89	17	53	18	39	19	35	20	46	21	53	22	42	23	18	24	31	25	14	26	91	27	88	28	21	29	52	30	14	31	70	32	90	33	23	34	91	35	29	36	43	37	53	38	25	39	82	40	92	41	38	42	97	43	34	44	31	45	34	46	93	47	40	48	18	49	47	
	0	83	1	73	2	37	3	15	4	26	5	50	6	24	7	48	8	94	9	79	10	18	11	39	12	64	13	96	14	84	15	15	16	15	17	12	18	76	19	42	20	51	21	64	22	35	23	35	24	33	25	19	26	37	27	20	28	90	29	82	30	71	31	56	32	91	33	32	34	27	35	91	36	25	37	57	38	38	39	95	40	94	41	31	42	30	43	83	44	10	45	20	46	53	47	85	48	83	49	65	
	0	12	1	66	2	86	3	86	4	47	5	70	6	19	7	98	8	40	9	36	10	51	11	56	12	11	13	85	14	98	15	25	16	76	17	71	18	24	19	38	20	13	21	11	22	65	23	99	24	82	25	64	26	86	27	19	28	66	29	26	30	89	31	68	32	61	33	64	34	35	35	27	36	52	37	86	38	18	39	35	40	36	41	51	42	79	43	26	44	49	45	70	46	47	47	19	48	69	49	48	
	0	42	1	54	2	62	3	97	4	32	5	10	6	93	7	48	8	57	9	88	10	19	11	20	12	93	13	71	14	25	15	98	16	72	17	13	18	96	19	59	20	88	21	15	22	54	23	89	24	15	25	96	26	51	27	78	28	42	29	60	30	13	31	29	32	23	33	37	34	27	35	84	36	61	37	60	38	23	39	37	40	38	41	39	42	18	43	17	44	82	45	28	46	81	47	98	48	94	49	43	
	0	55	1	32	2	76	3	89	4	50	5	38	6	85	7	38	8	78	9	13	10	23	11	34	12	65	13	82	14	30	15	81	16	79	17	87	18	20	19	24	20	64	21	74	22	97	23	77	24	52	25	77	26	77	27	86	28	40	29	22	30	32	31	16	32	85	33	72	34	87	35	26	36	66	37	45	38	72	39	63	40	96	41	48	42	44	43	41	44	52	45	21	46	25	47	25	48	24	49	24	
	0	62	1	66	2	18	3	39	4	47	5	11	6	35	7	71	8	34	9	60	10	88	11	64	12	48	13	73	14	72	15	20	16	31	17	77	18	35	19	66	20	38	21	20	22	40	23	41	24	30	25	51	26	17	27	18	28	29	29	71	30	74	31	82	32	87	33	27	34	70	35	92	36	82	37	27	38	21	39	30	40	93	41	45	42	23	43	49	44	87	45	52	46	47	47	49	48	13	49	12	
	0	43	1	39	2	12	3	62	4	16	5	76	6	85	7	19	8	16	9	39	10	94	11	27	12	33	13	44	14	62	15	31	16	99	17	24	18	74	19	55	20	13	21	67	22	97	23	26	24	44	25	12	26	74	27	88	28	90	29	82	30	94	31	74	32	38	33	76	34	59	35	95	36	74	37	33	38	17	39	92	40	49	41	87	42	83	43	10	44	69	45	20	46	88	47	39	48	84	49	88	
	0	33	1	22	2	34	3	43	4	47	5	64	6	13	7	71	8	47	9	11	10	97	11	32	12	79	13	40	14	24	15	70	16	40	17	98	18	17	19	41	20	97	21	31	22	44	23	20	24	24	25	86	26	93	27	75	28	54	29	46	30	13	31	69	32	91	33	41	34	49	35	46	36	75	37	22	38	96	39	84	40	13	41	38	42	32	43	57	44	88	45	67	46	58	47	51	48	15	49	70	
	0	41	1	13	2	30	3	39	4	54	5	45	6	11	7	100	8	62	9	44	10	19	11	35	12	63	13	88	14	44	15	35	16	88	17	39	18	18	19	21	20	37	21	30	22	81	23	50	24	73	25	38	26	91	27	36	28	85	29	49	30	23	31	33	32	68	33	11	34	29	35	56	36	56	37	11	38	69	39	100	40	18	41	25	42	50	43	64	44	50	45	28	46	83	47	27	48	29	49	56	
	0	91	1	100	2	47	3	76	4	26	5	47	6	97	7	37	8	69	9	92	10	37	11	46	12	50	13	75	14	59	15	46	16	70	17	96	18	87	19	89	20	69	21	52	22	75	23	62	24	100	25	13	26	93	27	55	28	15	29	35	30	81	31	81	32	44	33	46	34	58	35	52	36	98	37	60	38	39	39	29	40	59	41	49	42	50	43	40	44	28	45	75	46	74	47	89	48	29	49	18	
	0	10	1	31	2	26	3	12	4	21	5	47	6	36	7	69	8	98	9	68	10	56	11	27	12	80	13	95	14	11	15	29	16	71	17	28	18	11	19	88	20	12	21	72	22	71	23	98	24	69	25	71	26	86	27	86	28	50	29	66	30	21	31	100	32	89	33	100	34	90	35	20	36	95	37	54	38	65	39	51	40	51	41	32	42	35	43	10	44	69	45	78	46	90	47	23	48	98	49	89	
	0	85	1	75	2	28	3	81	4	57	5	73	6	42	7	31	8	89	9	26	10	15	11	43	12	57	13	64	14	57	15	81	16	38	17	50	18	15	19	84	20	76	21	90	22	25	23	93	24	69	25	54	26	21	27	63	28	99	29	13	30	47	31	79	32	80	33	74	34	57	35	16	36	26	37	94	38	90	39	71	40	38	41	91	42	22	43	76	44	43	45	31	46	72	47	49	48	26	49	53	
	0	88	1	47	2	17	3	98	4	46	5	45	6	69	7	26	8	12	9	32	10	32	11	66	12	46	13	35	14	40	15	100	16	60	17	92	18	77	19	52	20	28	21	27	22	20	23	96	24	69	25	34	26	11	27	44	28	48	29	30	30	66	31	82	32	44	33	69	34	95	35	63	36	66	37	52	38	63	39	84	40	53	41	12	42	51	43	57	44	30	45	41	46	21	47	68	48	55	49	99	
	0	98	1	80	2	34	3	27	4	74	5	35	6	36	7	18	8	78	9	57	10	36	11	70	12	100	13	84	14	22	15	45	16	89	17	21	18	36	19	55	20	59	21	23	22	98	23	76	24	29	25	37	26	65	27	31	28	50	29	20	30	25	31	16	32	43	33	56	34	64	35	66	36	54	37	92	38	58	39	65	40	23	41	21	42	86	43	18	44	73	45	25	46	69	47	29	48	98	49	93	
	0	53	1	85	2	56	3	33	4	97	5	37	6	40	7	24	8	92	9	91	10	79	11	64	12	19	13	56	14	51	15	16	16	14	17	84	18	68	19	10	20	37	21	19	22	64	23	19	24	12	25	88	26	100	27	39	28	20	29	16	30	38	31	74	32	56	33	91	34	38	35	79	36	80	37	77	38	64	39	42	40	33	41	21	42	12	43	15	44	36	45	66	46	42	47	38	48	69	49	47	
	0	46	1	86	2	54	3	91	4	78	5	30	6	48	7	46	8	83	9	95	10	79	11	18	12	91	13	49	14	14	15	15	16	43	17	17	18	45	19	70	20	53	21	46	22	54	23	62	24	77	25	13	26	85	27	49	28	86	29	75	30	83	31	63	32	92	33	88	34	10	35	18	36	92	37	66	38	86	39	82	40	90	41	99	42	62	43	63	44	41	45	85	46	73	47	26	48	74	49	94	
	0	80	1	48	2	46	3	91	4	27	5	12	6	27	7	44	8	68	9	37	10	18	11	56	12	63	13	84	14	59	15	17	16	26	17	54	18	85	19	90	20	99	21	14	22	45	23	67	24	12	25	87	26	73	27	41	28	82	29	93	30	65	31	55	32	40	33	10	34	87	35	79	36	75	37	63	38	11	39	20	40	74	41	31	42	50	43	60	44	23	45	72	46	43	47	62	48	23	49	73	
	0	82	1	93	2	48	3	36	4	18	5	75	6	23	7	61	8	61	9	25	10	67	11	84	12	85	13	98	14	62	15	19	16	98	17	39	18	96	19	47	20	50	21	34	22	96	23	78	24	44	25	43	26	55	27	67	28	75	29	80	30	40	31	13	32	37	33	62	34	83	35	92	36	87	37	85	38	61	39	80	40	79	41	93	42	25	43	58	44	58	45	80	46	86	47	66	48	59	49	34	
	0	78	1	43	2	68	3	14	4	86	5	35	6	62	7	94	8	79	9	24	10	49	11	19	12	65	13	52	14	71	15	42	16	94	17	65	18	16	19	28	20	53	21	76	22	20	23	93	24	97	25	100	26	88	27	13	28	82	29	47	30	79	31	31	32	69	33	84	34	97	35	96	36	98	37	77	38	86	39	90	40	22	41	29	42	41	43	23	44	86	45	44	46	69	47	85	48	12	49	41	
	0	40	1	24	2	92	3	29	4	63	5	44	6	84	7	56	8	95	9	47	10	73	11	59	12	15	13	89	14	31	15	21	16	82	17	81	18	58	19	17	20	43	21	33	22	33	23	79	24	90	25	47	26	80	27	41	28	16	29	94	30	36	31	59	32	44	33	45	34	99	35	38	36	38	37	79	38	90	39	14	40	52	41	48	42	81	43	65	44	28	45	79	46	49	47	34	48	38	49	93	
	0	85	1	63	2	99	3	75	4	78	5	60	6	100	7	43	8	41	9	90	10	62	11	50	12	98	13	23	14	29	15	64	16	12	17	53	18	81	19	39	20	89	21	70	22	47	23	68	24	23	25	86	26	100	27	60	28	67	29	82	30	76	31	21	32	54	33	53	34	81	35	22	36	89	37	95	38	66	39	59	40	49	41	44	42	32	43	14	44	84	45	27	46	82	47	96	48	59	49	11	
	0	42	1	35	2	86	3	51	4	16	5	29	6	17	7	36	8	61	9	71	10	39	11	72	12	14	13	61	14	60	15	90	16	55	17	73	18	75	19	83	20	28	21	47	22	91	23	12	24	78	25	92	26	15	27	64	28	44	29	37	30	57	31	87	32	48	33	69	34	82	35	16	36	10	37	37	38	66	39	27	40	67	41	17	42	49	43	10	44	36	45	24	46	17	47	97	48	76	49	60	
	0	49	1	100	2	82	3	19	4	13	5	18	6	74	7	82	8	44	9	21	10	38	11	49	12	39	13	42	14	12	15	32	16	26	17	44	18	24	19	98	20	97	21	52	22	54	23	18	24	70	25	78	26	40	27	58	28	44	29	27	30	87	31	62	32	78	33	30	34	14	35	53	36	48	37	17	38	79	39	81	40	36	41	70	42	85	43	56	44	51	45	86	46	58	47	15	48	52	49	36	
	0	19	1	64	2	90	3	23	4	23	5	25	6	60	7	25	8	91	9	44	10	28	11	38	12	42	13	35	14	44	15	23	16	54	17	59	18	97	19	19	20	100	21	80	22	57	23	63	24	82	25	48	26	59	27	17	28	12	29	99	30	23	31	21	32	44	33	14	34	89	35	91	36	84	37	74	38	55	39	53	40	45	41	70	42	38	43	24	44	28	45	32	46	47	47	86	48	22	49	80	
	0	91	1	92	2	25	3	80	4	100	5	61	6	88	7	71	8	37	9	99	10	32	11	94	12	35	13	72	14	44	15	15	16	99	17	44	18	32	19	99	20	35	21	62	22	47	23	14	24	17	25	72	26	16	27	14	28	61	29	67	30	72	31	51	32	10	33	61	34	83	35	34	36	96	37	71	38	48	39	42	40	49	41	47	42	70	43	69	44	67	45	26	46	50	47	40	48	18	49	28	
	0	26	1	37	2	29	3	91	4	86	5	65	6	81	7	11	8	83	9	10	10	63	11	32	12	35	13	98	14	93	15	87	16	61	17	86	18	46	19	58	20	41	21	59	22	55	23	75	24	16	25	92	26	77	27	27	28	38	29	16	30	52	31	10	32	21	33	63	34	96	35	74	36	33	37	77	38	82	39	91	40	39	41	79	42	66	43	67	44	56	45	19	46	44	47	76	48	97	49	13	
	0	98	1	25	2	17	3	51	4	61	5	44	6	72	7	46	8	85	9	31	10	19	11	24	12	63	13	70	14	25	15	55	16	73	17	46	18	54	19	77	20	70	21	44	22	62	23	17	24	60	25	32	26	55	27	96	28	77	29	97	30	38	31	41	32	60	33	98	34	64	35	92	36	12	37	85	38	47	39	67	40	30	41	36	42	91	43	53	44	21	45	28	46	84	47	37	48	43	49	92	
	0	22	1	67	2	83	3	14	4	24	5	50	6	17	7	73	8	72	9	96	10	39	11	53	12	44	13	36	14	85	15	49	16	73	17	11	18	42	19	98	20	28	21	21	22	59	23	50	24	17	25	33	26	84	27	41	28	25	29	54	30	14	31	95	32	95	33	47	34	87	35	25	36	39	37	99	38	20	39	52	40	90	41	39	42	45	43	43	44	75	45	31	46	98	47	30	48	12	49	66	
	0	93	1	98	2	98	3	17	4	40	5	38	6	86	7	86	8	68	9	32	10	62	11	23	12	69	13	59	14	13	15	97	16	100	17	39	18	54	19	22	20	12	21	41	22	83	23	63	24	39	25	39	26	39	27	15	28	33	29	42	30	91	31	82	32	81	33	93	34	13	35	37	36	59	37	62	38	12	39	28	40	17	41	93	42	67	43	43	44	52	45	43	46	33	47	64	48	81	49	64	
	0	25	1	59	2	80	3	93	4	72	5	34	6	27	7	19	8	88	9	63	10	62	11	44	12	30	13	70	14	74	15	20	16	30	17	67	18	39	19	38	20	100	21	38	22	83	23	36	24	28	25	84	26	38	27	46	28	91	29	11	30	30	31	85	32	38	33	35	34	55	35	28	36	10	37	81	38	74	39	78	40	79	41	15	42	43	43	36	44	38	45	52	46	73	47	66	48	46	49	72	
	0	72	1	28	2	79	3	74	4	51	5	33	6	14	7	21	8	65	9	10	10	89	11	10	12	57	13	47	14	78	15	59	16	44	17	25	18	85	19	10	20	22	21	35	22	14	23	65	24	40	25	73	26	79	27	10	28	88	29	56	30	53	31	65	32	25	33	66	34	48	35	29	36	97	37	49	38	35	39	28	40	43	41	25	42	91	43	32	44	41	45	100	46	38	47	64	48	67	49	58	
	0	54	1	10	2	93	3	87	4	51	5	20	6	85	7	82	8	17	9	69	10	82	11	63	12	75	13	25	14	17	15	19	16	13	17	36	18	83	19	68	20	40	21	66	22	47	23	20	24	33	25	53	26	60	27	15	28	28	29	88	30	62	31	38	32	24	33	52	34	78	35	31	36	81	37	19	38	57	39	27	40	44	41	11	42	77	43	70	44	31	45	53	46	91	47	37	48	39	49	48	
	0	71	1	63	2	49	3	96	4	82	5	73	6	26	7	11	8	51	9	52	10	84	11	59	12	98	13	65	14	48	15	30	16	88	17	59	18	62	19	62	20	75	21	46	22	70	23	22	24	49	25	13	26	97	27	70	28	70	29	27	30	59	31	91	32	64	33	11	34	32	35	84	36	42	37	92	38	10	39	46	40	65	41	38	42	48	43	49	44	47	45	95	46	65	47	55	48	47	49	14	
	0	38	1	61	2	77	3	76	4	48	5	14	6	32	7	41	8	64	9	78	10	37	11	78	12	87	13	12	14	29	15	100	16	52	17	36	18	70	19	24	20	90	21	45	22	41	23	46	24	48	25	91	26	97	27	11	28	13	29	23	30	45	31	24	32	99	33	64	34	42	35	14	36	34	37	56	38	33	39	38	40	12	41	86	42	29	43	83	44	81	45	91	46	90	47	31	48	36	49	42	
	0	44	1	22	2	10	3	21	4	20	5	27	6	25	7	85	8	65	9	93	10	44	11	52	12	31	13	60	14	69	15	98	16	97	17	40	18	13	19	71	20	27	21	93	22	18	23	82	24	69	25	47	26	36	27	82	28	64	29	29	30	15	31	26	32	60	33	31	34	99	35	43	36	39	37	16	38	51	39	16	40	37	41	51	42	35	43	73	44	48	45	93	46	56	47	90	48	32	49	84	
	0	38	1	44	2	85	3	91	4	22	5	86	6	39	7	55	8	23	9	47	10	97	11	40	12	71	13	87	14	33	15	47	16	41	17	79	18	92	19	94	20	53	21	45	22	72	23	38	24	65	25	53	26	54	27	93	28	35	29	59	30	36	31	91	32	49	33	12	34	64	35	14	36	27	37	20	38	54	39	28	40	80	41	10	42	29	43	79	44	34	45	41	46	25	47	69	48	29	49	64	
	0	95	1	13	2	46	3	48	4	23	5	65	6	90	7	26	8	57	9	34	10	72	11	73	12	35	13	83	14	11	15	71	16	70	17	27	18	60	19	84	20	34	21	55	22	56	23	42	24	88	25	30	26	32	27	71	28	23	29	92	30	89	31	37	32	55	33	92	34	77	35	17	36	10	37	72	38	82	39	25	40	14	41	51	42	35	43	52	44	10	45	72	46	42	47	39	48	42	49	72	
	0	31	1	83	2	61	3	85	4	10	5	58	6	67	7	79	8	57	9	17	10	14	11	61	12	22	13	91	14	54	15	38	16	41	17	58	18	64	19	67	20	64	21	84	22	70	23	85	24	10	25	29	26	75	27	81	28	21	29	22	30	56	31	85	32	14	33	56	34	32	35	99	36	99	37	55	38	78	39	28	40	100	41	38	42	97	43	19	44	82	45	31	46	40	47	100	48	42	49	55	
	0	19	1	68	2	88	3	28	4	16	5	13	6	68	7	94	8	87	9	20	10	39	11	20	12	49	13	58	14	69	15	79	16	30	17	90	18	30	19	46	20	28	21	21	22	81	23	24	24	68	25	64	26	32	27	54	28	34	29	98	30	39	31	20	32	76	33	84	34	42	35	53	36	45	37	99	38	22	39	74	40	19	41	25	42	100	43	60	44	17	45	35	46	35	47	100	48	100	49	96	
	0	85	1	28	2	14	3	67	4	91	5	98	6	98	7	73	8	31	9	32	10	30	11	78	12	13	13	68	14	35	15	54	16	64	17	91	18	58	19	25	20	64	21	95	22	51	23	58	24	79	25	17	26	68	27	17	28	96	29	31	30	12	31	97	32	90	33	86	34	85	35	52	36	17	37	45	38	65	39	42	40	22	41	42	42	23	43	29	44	60	45	11	46	51	47	24	48	25	49	65	
	0	28	1	29	2	10	3	10	4	41	5	60	6	33	7	55	8	12	9	23	10	91	11	96	12	55	13	57	14	92	15	81	16	80	17	77	18	90	19	58	20	32	21	63	22	68	23	91	24	62	25	90	26	57	27	30	28	50	29	53	30	51	31	91	32	50	33	64	34	46	35	57	36	31	37	21	38	39	39	81	40	23	41	10	42	91	43	19	44	99	45	86	46	14	47	82	48	79	49	80	
	0	41	1	48	2	41	3	100	4	70	5	52	6	97	7	94	8	46	9	36	10	49	11	11	12	50	13	98	14	36	15	61	16	98	17	95	18	96	19	14	20	79	21	24	22	29	23	89	24	50	25	40	26	22	27	52	28	89	29	97	30	44	31	76	32	84	33	72	34	85	35	51	36	35	37	67	38	65	39	36	40	33	41	78	42	94	43	61	44	19	45	36	46	32	47	30	48	77	49	57	
	0	19	1	99	2	24	3	85	4	91	5	17	6	64	7	63	8	21	9	63	10	29	11	66	12	18	13	18	14	52	15	42	16	76	17	13	18	65	19	79	20	24	21	67	22	36	23	51	24	65	25	58	26	41	27	67	28	77	29	10	30	71	31	37	32	99	33	67	34	60	35	35	36	22	37	49	38	52	39	29	40	16	41	93	42	41	43	91	44	59	45	97	46	77	47	47	48	28	49	95	
	0	25	1	98	2	56	3	73	4	82	5	76	6	22	7	72	8	53	9	43	10	45	11	10	12	29	13	31	14	80	15	40	16	37	17	66	18	75	19	72	20	22	21	79	22	29	23	97	24	84	25	30	26	54	27	30	28	11	29	54	30	34	31	76	32	65	33	21	34	35	35	38	36	32	37	86	38	32	39	20	40	29	41	80	42	86	43	56	44	28	45	100	46	30	47	67	48	76	49	79	
	0	59	1	70	2	24	3	23	4	91	5	20	6	30	7	43	8	60	9	59	10	39	11	97	12	68	13	85	14	46	15	25	16	30	17	27	18	99	19	47	20	82	21	21	22	19	23	29	24	24	25	46	26	35	27	10	28	73	29	69	30	90	31	88	32	60	33	14	34	44	35	87	36	67	37	28	38	55	39	70	40	99	41	95	42	25	43	46	44	49	45	51	46	49	47	87	48	23	49	17	
	0	53	1	79	2	95	3	52	4	29	5	31	6	43	7	13	8	32	9	23	10	45	11	64	12	90	13	51	14	60	15	29	16	31	17	91	18	56	19	85	20	22	21	34	22	45	23	41	24	89	25	36	26	91	27	27	28	47	29	28	30	69	31	34	32	63	33	98	34	40	35	48	36	81	37	82	38	59	39	26	40	67	41	83	42	67	43	87	44	81	45	51	46	35	47	27	48	73	49	39	
	0	62	1	51	2	65	3	13	4	79	5	82	6	28	7	11	8	97	9	32	10	52	11	34	12	10	13	74	14	42	15	13	16	81	17	10	18	74	19	98	20	58	21	94	22	66	23	53	24	11	25	67	26	91	27	53	28	73	29	77	30	25	31	80	32	92	33	15	34	10	35	58	36	26	37	65	38	71	39	58	40	37	41	84	42	70	43	86	44	74	45	99	46	13	47	53	48	44	49	14	
	0	87	1	88	2	34	3	40	4	25	5	41	6	23	7	71	8	56	9	86	10	18	11	36	12	37	13	26	14	67	15	93	16	16	17	72	18	55	19	99	20	34	21	29	22	74	23	96	24	56	25	84	26	31	27	47	28	84	29	95	30	53	31	28	32	41	33	77	34	70	35	63	36	76	37	22	38	82	39	64	40	73	41	75	42	68	43	44	44	42	45	96	46	57	47	37	48	14	49	74	
	0	48	1	62	2	33	3	89	4	60	5	74	6	76	7	74	8	72	9	49	10	83	11	82	12	72	13	49	14	25	15	75	16	88	17	25	18	41	19	91	20	93	21	96	22	14	23	48	24	81	25	82	26	69	27	42	28	75	29	46	30	49	31	87	32	48	33	75	34	81	35	56	36	81	37	94	38	16	39	69	40	100	41	13	42	98	43	34	44	60	45	13	46	81	47	10	48	100	49	45	
	0	56	1	49	2	93	3	38	4	18	5	11	6	18	7	33	8	30	9	94	10	18	11	38	12	54	13	24	14	72	15	80	16	33	17	11	18	16	19	10	20	91	21	62	22	100	23	31	24	79	25	37	26	24	27	37	28	12	29	83	30	28	31	81	32	16	33	78	34	85	35	77	36	61	37	47	38	49	39	84	40	73	41	83	42	94	43	18	44	47	45	30	46	44	47	62	48	22	49	87	
	0	23	1	21	2	77	3	20	4	63	5	80	6	59	7	35	8	67	9	93	10	10	11	81	12	15	13	74	14	51	15	18	16	95	17	40	18	14	19	88	20	24	21	87	22	61	23	50	24	63	25	65	26	60	27	63	28	64	29	31	30	43	31	18	32	98	33	19	34	99	35	89	36	64	37	70	38	35	39	48	40	64	41	16	42	93	43	66	44	96	45	29	46	55	47	77	48	64	49	16	
	0	61	1	58	2	25	3	73	4	43	5	59	6	60	7	16	8	72	9	65	10	58	11	19	12	58	13	25	14	51	15	68	16	82	17	11	18	52	19	89	20	93	21	22	22	59	23	65	24	48	25	69	26	99	27	83	28	53	29	75	30	48	31	60	32	51	33	79	34	71	35	29	36	87	37	96	38	71	39	84	40	61	41	20	42	47	43	14	44	40	45	50	46	49	47	100	48	99	49	47	
	0	17	1	34	2	17	3	17	4	54	5	26	6	19	7	78	8	55	9	11	10	99	11	82	12	72	13	25	14	40	15	81	16	26	17	48	18	56	19	77	20	71	21	24	22	22	23	42	24	10	25	10	26	71	27	69	28	75	29	77	30	83	31	39	32	35	33	80	34	45	35	27	36	49	37	46	38	52	39	11	40	95	41	47	42	26	43	43	44	37	45	60	46	92	47	69	48	97	49	47	
	0	53	1	84	2	100	3	85	4	66	5	17	6	52	7	84	8	65	9	30	10	28	11	67	12	14	13	13	14	81	15	58	16	90	17	95	18	47	19	20	20	67	21	58	22	27	23	58	24	56	25	92	26	53	27	20	28	77	29	51	30	11	31	32	32	38	33	30	34	50	35	58	36	70	37	32	38	69	39	73	40	31	41	29	42	56	43	32	44	99	45	69	46	95	47	65	48	57	49	21	
	0	12	1	48	2	22	3	15	4	48	5	11	6	65	7	33	8	10	9	72	10	72	11	32	12	89	13	85	14	72	15	76	16	78	17	17	18	57	19	15	20	58	21	46	22	46	23	56	24	16	25	21	26	86	27	57	28	96	29	74	30	23	31	77	32	79	33	96	34	55	35	98	36	59	37	78	38	30	39	89	40	95	41	79	42	29	43	59	44	65	45	21	46	56	47	82	48	100	49	36	
	0	26	1	44	2	60	3	33	4	49	5	54	6	87	7	23	8	92	9	29	10	67	11	47	12	76	13	24	14	72	15	15	16	28	17	61	18	95	19	64	20	88	21	74	22	57	23	72	24	96	25	75	26	36	27	97	28	48	29	10	30	51	31	80	32	14	33	21	34	54	35	49	36	33	37	61	38	17	39	51	40	56	41	13	42	45	43	53	44	77	45	10	46	87	47	35	48	21	49	69	
	0	92	1	54	2	27	3	56	4	43	5	89	6	87	7	56	8	75	9	23	10	41	11	45	12	12	13	75	14	98	15	50	16	99	17	23	18	18	19	79	20	94	21	66	22	38	23	12	24	76	25	86	26	71	27	19	28	51	29	60	30	77	31	91	32	100	33	35	34	45	35	94	36	33	37	20	38	60	39	34	40	16	41	65	42	38	43	77	44	27	45	32	46	23	47	82	48	47	49	57	
	0	10	1	53	2	91	3	64	4	66	5	23	6	53	7	86	8	31	9	99	10	17	11	56	12	81	13	87	14	87	15	91	16	18	17	94	18	53	19	44	20	71	21	83	22	74	23	67	24	31	25	45	26	45	27	67	28	60	29	52	30	36	31	43	32	31	33	17	34	60	35	23	36	61	37	54	38	77	39	10	40	29	41	44	42	89	43	27	44	72	45	94	46	90	47	98	48	47	49	83	
	0	100	1	51	2	59	3	65	4	26	5	21	6	76	7	36	8	74	9	60	10	35	11	46	12	78	13	41	14	52	15	59	16	37	17	16	18	17	19	31	20	26	21	47	22	97	23	58	24	11	25	47	26	49	27	71	28	24	29	87	30	26	31	27	32	11	33	12	34	52	35	54	36	10	37	47	38	65	39	13	40	66	41	33	42	16	43	19	44	17	45	72	46	32	47	38	48	58	49	89	
	0	22	1	95	2	20	3	31	4	70	5	30	6	81	7	18	8	17	9	61	10	65	11	92	12	94	13	33	14	81	15	10	16	19	17	10	18	61	19	24	20	45	21	11	22	63	23	37	24	94	25	73	26	54	27	56	28	32	29	38	30	90	31	46	32	13	33	56	34	94	35	38	36	85	37	68	38	67	39	100	40	29	41	76	42	13	43	18	44	62	45	40	46	14	47	71	48	90	49	71	
	0	27	1	37	2	24	3	61	4	43	5	78	6	74	7	15	8	92	9	38	10	31	11	56	12	25	13	28	14	98	15	12	16	67	17	25	18	50	19	36	20	75	21	65	22	56	23	41	24	20	25	47	26	37	27	93	28	18	29	77	30	91	31	100	32	71	33	44	34	97	35	70	36	80	37	36	38	56	39	43	40	16	41	77	42	62	43	63	44	32	45	44	46	33	47	87	48	39	49	96	
	0	29	1	28	2	67	3	75	4	26	5	70	6	11	7	69	8	67	9	59	10	12	11	88	12	45	13	85	14	47	15	34	16	41	17	71	18	53	19	57	20	33	21	98	22	99	23	37	24	85	25	16	26	66	27	85	28	34	29	80	30	45	31	19	32	71	33	86	34	40	35	61	36	68	37	49	38	94	39	35	40	58	41	59	42	24	43	35	44	64	45	84	46	71	47	90	48	44	49	99	
	0	37	1	21	2	52	3	74	4	66	5	16	6	12	7	93	8	75	9	78	10	45	11	66	12	76	13	40	14	32	15	61	16	75	17	90	18	94	19	33	20	74	21	68	22	100	23	64	24	94	25	52	26	61	27	42	28	95	29	21	30	53	31	53	32	33	33	35	34	56	35	50	36	64	37	66	38	32	39	88	40	53	41	36	42	78	43	82	44	54	45	57	46	34	47	31	48	48	49	56	
	0	44	1	42	2	44	3	91	4	36	5	86	6	84	7	31	8	31	9	46	10	28	11	77	12	70	13	83	14	94	15	74	16	21	17	30	18	96	19	17	20	63	21	51	22	77	23	72	24	72	25	30	26	89	27	68	28	60	29	21	30	89	31	71	32	78	33	45	34	79	35	14	36	51	37	48	38	38	39	34	40	48	41	46	42	87	43	18	44	65	45	98	46	60	47	88	48	44	49	15	
	0	37	1	51	2	49	3	12	4	44	5	69	6	59	7	49	8	86	9	24	10	87	11	59	12	86	13	79	14	37	15	76	16	96	17	39	18	63	19	39	20	100	21	37	22	54	23	35	24	31	25	80	26	47	27	98	28	18	29	98	30	96	31	70	32	78	33	83	34	93	35	13	36	74	37	37	38	32	39	17	40	40	41	27	42	39	43	89	44	62	45	25	46	34	47	11	48	60	49	17	
	0	35	1	11	2	19	3	28	4	89	5	68	6	77	7	28	8	35	9	23	10	86	11	96	12	46	13	78	14	32	15	88	16	79	17	64	18	60	19	61	20	60	21	82	22	86	23	15	24	44	25	30	26	52	27	90	28	53	29	31	30	60	31	35	32	86	33	93	34	46	35	17	36	96	37	89	38	37	39	31	40	39	41	77	42	22	43	84	44	84	45	91	46	32	47	43	48	59	49	91	
	0	24	1	47	2	20	3	63	4	69	5	37	6	90	7	77	8	36	9	28	10	85	11	75	12	69	13	70	14	47	15	35	16	58	17	25	18	78	19	37	20	55	21	87	22	93	23	55	24	62	25	32	26	96	27	30	28	82	29	55	30	24	31	31	32	19	33	55	34	11	35	76	36	12	37	34	38	41	39	37	40	28	41	32	42	54	43	32	44	82	45	41	46	33	47	34	48	75	49	55	
	0	49	1	40	2	94	3	38	4	23	5	95	6	56	7	86	8	28	9	45	10	91	11	31	12	11	13	82	14	40	15	29	16	55	17	53	18	41	19	81	20	37	21	52	22	85	23	88	24	48	25	18	26	59	27	91	28	32	29	86	30	35	31	84	32	39	33	47	34	50	35	98	36	34	37	91	38	20	39	68	40	10	41	95	42	16	43	29	44	86	45	42	46	29	47	83	48	28	49	14	
	0	52	1	89	2	70	3	37	4	15	5	10	6	14	7	78	8	48	9	66	10	66	11	11	12	16	13	74	14	45	15	57	16	19	17	73	18	94	19	23	20	54	21	93	22	98	23	70	24	96	25	83	26	59	27	59	28	41	29	90	30	78	31	32	32	33	33	92	34	68	35	43	36	100	37	59	38	10	39	50	40	67	41	64	42	80	43	83	44	17	45	67	46	73	47	35	48	38	49	74	
	0	39	1	62	2	50	3	39	4	36	5	42	6	83	7	52	8	57	9	40	10	82	11	59	12	53	13	49	14	58	15	80	16	66	17	59	18	44	19	59	20	98	21	89	22	97	23	89	24	76	25	89	26	49	27	28	28	98	29	19	30	85	31	30	32	52	33	93	34	95	35	46	36	49	37	85	38	48	39	31	40	54	41	24	42	63	43	25	44	36	45	26	46	74	47	81	48	53	49	41	
	0	87	1	30	2	39	3	91	4	95	5	36	6	32	7	17	8	23	9	63	10	23	11	19	12	11	13	33	14	84	15	53	16	30	17	32	18	47	19	84	20	100	21	10	22	77	23	22	24	26	25	84	26	89	27	47	28	39	29	77	30	67	31	28	32	75	33	46	34	95	35	11	36	37	37	36	38	60	39	60	40	99	41	15	42	87	43	75	44	17	45	86	46	28	47	50	48	30	49	17	
	0	69	1	22	2	12	3	88	4	55	5	16	6	22	7	24	8	51	9	41	10	57	11	28	12	87	13	10	14	54	15	20	16	76	17	54	18	90	19	55	20	28	21	31	22	76	23	48	24	19	25	18	26	24	27	87	28	16	29	63	30	49	31	35	32	79	33	60	34	70	35	84	36	72	37	48	38	12	39	87	40	88	41	88	42	86	43	65	44	18	45	50	46	40	47	82	48	32	49	44	
	0	44	1	72	2	92	3	25	4	54	5	75	6	47	7	56	8	36	9	67	10	90	11	57	12	63	13	27	14	27	15	68	16	80	17	18	18	39	19	11	20	81	21	71	22	80	23	20	24	20	25	43	26	17	27	53	28	28	29	25	30	34	31	92	32	76	33	39	34	69	35	17	36	25	37	39	38	72	39	87	40	93	41	55	42	48	43	40	44	40	45	70	46	50	47	64	48	62	49	52	
	0	51	1	91	2	96	3	92	4	15	5	77	6	13	7	26	8	89	9	33	10	40	11	27	12	44	13	46	14	68	15	62	16	56	17	14	18	76	19	90	20	18	21	59	22	23	23	36	24	71	25	89	26	37	27	80	28	39	29	13	30	31	31	84	32	48	33	24	34	35	35	42	36	18	37	43	38	65	39	28	40	29	41	36	42	52	43	74	44	87	45	86	46	54	47	96	48	45	49	71	
	0	85	1	76	2	89	3	76	4	97	5	67	6	37	7	53	8	30	9	85	10	71	11	96	12	96	13	80	14	44	15	95	16	75	17	27	18	85	19	25	20	91	21	56	22	47	23	50	24	38	25	29	26	31	27	52	28	19	29	35	30	11	31	48	32	95	33	20	34	34	35	98	36	51	37	64	38	18	39	50	40	41	41	71	42	21	43	67	44	28	45	43	46	35	47	72	48	50	49	66	
	0	21	1	27	2	10	3	43	4	40	5	54	6	89	7	60	8	67	9	95	10	32	11	86	12	57	13	63	14	82	15	52	16	94	17	93	18	25	19	85	20	48	21	41	22	28	23	73	24	98	25	59	26	14	27	88	28	95	29	96	30	63	31	39	32	95	33	77	34	85	35	19	36	61	37	75	38	97	39	69	40	61	41	44	42	90	43	98	44	58	45	79	46	65	47	40	48	75	49	18	
	0	46	1	47	2	39	3	85	4	52	5	35	6	71	7	12	8	58	9	23	10	59	11	42	12	59	13	47	14	56	15	82	16	10	17	76	18	95	19	100	20	88	21	26	22	14	23	99	24	80	25	82	26	44	27	60	28	21	29	41	30	81	31	60	32	44	33	73	34	55	35	70	36	74	37	18	38	54	39	19	40	47	41	90	42	17	43	81	44	81	45	75	46	70	47	19	48	28	49	39	
	0	77	1	35	2	85	3	56	4	57	5	55	6	74	7	57	8	97	9	45	10	78	11	60	12	24	13	95	14	86	15	87	16	98	17	63	18	80	19	69	20	62	21	72	22	70	23	50	24	97	25	31	26	52	27	29	28	15	29	33	30	70	31	49	32	95	33	82	34	72	35	64	36	93	37	88	38	41	39	67	40	87	41	43	42	36	43	75	44	37	45	89	46	59	47	17	48	45	49	72	
	0	68	1	36	2	17	3	36	4	58	5	85	6	80	7	81	8	77	9	75	10	77	11	89	12	52	13	36	14	73	15	44	16	66	17	37	18	65	19	75	20	47	21	60	22	44	23	13	24	14	25	86	26	100	27	77	28	64	29	47	30	18	31	73	32	16	33	85	34	61	35	15	36	19	37	51	38	93	39	46	40	14	41	24	42	37	43	26	44	25	45	49	46	89	47	71	48	85	49	18	
	0	78	1	72	2	68	3	54	4	80	5	22	6	48	7	98	8	67	9	98	10	19	11	74	12	93	13	90	14	88	15	35	16	24	17	44	18	60	19	39	20	82	21	31	22	75	23	24	24	94	25	70	26	59	27	96	28	27	29	42	30	53	31	79	32	36	33	94	34	75	35	32	36	76	37	85	38	84	39	84	40	14	41	26	42	62	43	80	44	72	45	73	46	39	47	60	48	60	49	67	
	0	77	1	42	2	66	3	21	4	77	5	23	6	86	7	21	8	40	9	58	10	92	11	69	12	38	13	76	14	30	15	33	16	19	17	22	18	72	19	51	20	24	21	32	22	14	23	79	24	63	25	15	26	70	27	53	28	18	29	92	30	51	31	56	32	73	33	40	34	50	35	81	36	90	37	77	38	93	39	14	40	94	41	38	42	45	43	23	44	24	45	94	46	73	47	53	48	15	49	76	
	0	19	1	95	2	11	3	94	4	24	5	20	6	21	7	18	8	96	9	83	10	30	11	74	12	98	13	27	14	63	15	97	16	76	17	14	18	44	19	27	20	81	21	77	22	56	23	65	24	36	25	28	26	65	27	21	28	21	29	66	30	18	31	89	32	48	33	49	34	23	35	27	36	45	37	25	38	69	39	39	40	76	41	40	42	73	43	12	44	78	45	40	46	51	47	72	48	11	49	62	
	0	69	1	57	2	45	3	79	4	19	5	52	6	37	7	64	8	10	9	69	10	37	11	92	12	66	13	57	14	71	15	12	16	61	17	19	18	60	19	10	20	23	21	36	22	59	23	89	24	26	25	71	26	52	27	79	28	26	29	48	30	90	31	58	32	100	33	54	34	84	35	77	36	77	37	93	38	34	39	32	40	17	41	88	42	20	43	23	44	77	45	54	46	21	47	19	48	78	49	26	
	0	62	1	62	2	13	3	41	4	46	5	100	6	92	7	89	8	24	9	16	10	90	11	85	12	47	13	57	14	56	15	41	16	78	17	23	18	25	19	63	20	92	21	54	22	68	23	86	24	55	25	25	26	87	27	43	28	25	29	66	30	49	31	70	32	48	33	71	34	36	35	65	36	93	37	17	38	19	39	32	40	64	41	63	42	33	43	76	44	26	45	19	46	56	47	14	48	58	49	94	
	0	13	1	86	2	32	3	49	4	36	5	59	6	31	7	93	8	90	9	11	10	94	11	30	12	42	13	25	14	62	15	40	16	13	17	76	18	31	19	77	20	36	21	23	22	78	23	58	24	96	25	18	26	91	27	10	28	25	29	90	30	62	31	28	32	27	33	20	34	25	35	59	36	51	37	53	38	14	39	13	40	90	41	78	42	84	43	68	44	47	45	55	46	44	47	35	48	78	49	68	
	0	15	1	35	2	52	3	43	4	59	5	92	6	47	7	13	8	66	9	33	10	27	11	54	12	83	13	29	14	28	15	72	16	96	17	14	18	47	19	79	20	56	21	15	22	77	23	57	24	33	25	23	26	37	27	50	28	12	29	40	30	87	31	49	32	12	33	32	34	51	35	94	36	61	37	67	38	52	39	77	40	45	41	86	42	24	43	80	44	48	45	66	46	31	47	60	48	98	49	60	
	0	43	1	74	2	20	3	100	4	54	5	56	6	42	7	95	8	26	9	97	10	21	11	58	12	11	13	25	14	98	15	43	16	76	17	40	18	100	19	56	20	38	21	98	22	54	23	19	24	35	25	76	26	11	27	84	28	96	29	39	30	80	31	22	32	17	33	30	34	28	35	78	36	41	37	18	38	71	39	17	40	68	41	73	42	16	43	48	44	73	45	62	46	24	47	85	48	32	49	30	
	0	17	1	39	2	96	3	42	4	10	5	83	6	34	7	90	8	98	9	16	10	95	11	31	12	83	13	14	14	49	15	66	16	44	17	100	18	98	19	100	20	90	21	87	22	58	23	44	24	99	25	27	26	43	27	75	28	87	29	15	30	48	31	24	32	95	33	61	34	50	35	50	36	22	37	46	38	24	39	36	40	72	41	42	42	23	43	37	44	82	45	66	46	32	47	45	48	55	49	61	
	0	25	1	84	2	10	3	73	4	19	5	25	6	34	7	46	8	65	9	83	10	21	11	58	12	21	13	78	14	97	15	12	16	56	17	37	18	64	19	98	20	31	21	67	22	55	23	23	24	78	25	83	26	64	27	29	28	20	29	83	30	11	31	46	32	71	33	26	34	60	35	30	36	23	37	19	38	91	39	29	40	32	41	14	42	92	43	17	44	98	45	96	46	82	47	72	48	46	49	79	
	0	12	1	52	2	48	3	54	4	73	5	21	6	20	7	80	8	28	9	68	10	72	11	58	12	66	13	99	14	67	15	86	16	74	17	93	18	69	19	63	20	28	21	62	22	99	23	22	24	20	25	90	26	53	27	70	28	67	29	86	30	94	31	92	32	21	33	58	34	70	35	75	36	79	37	77	38	49	39	79	40	91	41	99	42	95	43	47	44	96	45	92	46	63	47	60	48	59	49	61	
	0	58	1	93	2	35	3	89	4	91	5	12	6	16	7	98	8	19	9	41	10	60	11	92	12	99	13	67	14	81	15	48	16	82	17	72	18	21	19	20	20	69	21	41	22	87	23	100	24	50	25	88	26	54	27	55	28	45	29	84	30	22	31	27	32	62	33	44	34	48	35	77	36	43	37	45	38	90	39	75	40	38	41	78	42	73	43	91	44	93	45	10	46	84	47	46	48	13	49	76	
	0	82	1	39	2	87	3	51	4	45	5	50	6	39	7	51	8	70	9	55	10	71	11	72	12	51	13	91	14	68	15	92	16	52	17	52	18	76	19	33	20	30	21	96	22	63	23	44	24	10	25	97	26	95	27	67	28	43	29	76	30	58	31	56	32	31	33	27	34	64	35	12	36	62	37	62	38	64	39	76	40	53	41	22	42	12	43	38	44	27	45	44	46	99	47	78	48	100	49	57	
	0	76	1	12	2	88	3	81	4	86	5	94	6	15	7	11	8	16	9	79	10	27	11	25	12	78	13	48	14	50	15	68	16	89	17	68	18	31	19	19	20	57	21	23	22	59	23	78	24	14	25	53	26	60	27	46	28	83	29	49	30	54	31	95	32	37	33	47	34	91	35	37	36	40	37	14	38	61	39	64	40	26	41	92	42	89	43	74	44	94	45	48	46	62	47	81	48	23	49	87	
	0	15	1	74	2	45	3	60	4	43	5	95	6	44	7	95	8	49	9	95	10	90	11	46	12	36	13	34	14	83	15	83	16	84	17	57	18	89	19	74	20	62	21	12	22	82	23	82	24	55	25	27	26	24	27	22	28	69	29	26	30	20	31	13	32	47	33	76	34	95	35	90	36	50	37	50	38	98	39	81	40	90	41	67	42	100	43	74	44	45	45	88	46	34	47	23	48	97	49	89	
	0	13	1	50	2	13	3	84	4	68	5	91	6	95	7	70	8	39	9	74	10	88	11	98	12	60	13	74	14	10	15	94	16	97	17	66	18	93	19	61	20	94	21	33	22	74	23	38	24	21	25	69	26	72	27	41	28	43	29	79	30	62	31	76	32	76	33	27	34	22	35	94	36	99	37	32	38	34	39	11	40	48	41	54	42	60	43	89	44	100	45	76	46	46	47	97	48	62	49	39	
	0	94	1	61	2	59	3	77	4	44	5	97	6	12	7	82	8	62	9	79	10	17	11	63	12	46	13	45	14	61	15	32	16	69	17	62	18	95	19	47	20	14	21	84	22	89	23	85	24	66	25	94	26	57	27	88	28	56	29	76	30	53	31	53	32	58	33	48	34	70	35	80	36	56	37	10	38	92	39	92	40	88	41	73	42	77	43	23	44	79	45	68	46	20	47	33	48	46	49	29	
	0	15	1	29	2	47	3	31	4	41	5	84	6	83	7	69	8	35	9	73	10	30	11	85	12	67	13	31	14	15	15	69	16	65	17	26	18	24	19	100	20	26	21	63	22	47	23	10	24	98	25	37	26	25	27	87	28	37	29	98	30	13	31	66	32	29	33	82	34	37	35	62	36	86	37	11	38	93	39	13	40	29	41	52	42	11	43	76	44	84	45	48	46	68	47	15	48	39	49	84	
	0	92	1	68	2	25	3	20	4	75	5	71	6	26	7	38	8	41	9	38	10	40	11	82	12	22	13	67	14	98	15	96	16	58	17	98	18	94	19	77	20	48	21	46	22	55	23	93	24	11	25	66	26	91	27	19	28	13	29	85	30	20	31	60	32	89	33	90	34	72	35	32	36	63	37	83	38	29	39	93	40	28	41	19	42	51	43	53	44	73	45	67	46	12	47	19	48	21	49	44	
	0	73	1	69	2	25	3	70	4	18	5	26	6	38	7	57	8	67	9	65	10	58	11	20	12	65	13	100	14	87	15	68	16	55	17	66	18	56	19	50	20	51	21	77	22	25	23	82	24	32	25	54	26	22	27	98	28	71	29	22	30	74	31	27	32	11	33	12	34	47	35	51	36	42	37	18	38	98	39	28	40	83	41	15	42	16	43	96	44	42	45	93	46	70	47	27	48	50	49	34	
	0	16	1	34	2	80	3	22	4	47	5	30	6	54	7	47	8	53	9	26	10	55	11	83	12	84	13	28	14	34	15	28	16	89	17	61	18	93	19	86	20	78	21	31	22	16	23	10	24	91	25	14	26	19	27	39	28	60	29	36	30	42	31	47	32	58	33	75	34	92	35	49	36	63	37	12	38	12	39	70	40	63	41	22	42	14	43	87	44	12	45	11	46	33	47	77	48	30	49	31	
	0	70	1	94	2	67	3	74	4	40	5	97	6	65	7	50	8	98	9	77	10	38	11	98	12	46	13	17	14	68	15	32	16	17	17	20	18	43	19	76	20	76	21	45	22	28	23	29	24	98	25	51	26	59	27	26	28	29	29	55	30	46	31	61	32	32	33	18	34	32	35	25	36	27	37	51	38	28	39	66	40	98	41	35	42	40	43	18	44	74	45	16	46	80	47	40	48	46	49	51	
	0	31	1	69	2	43	3	12	4	20	5	65	6	19	7	19	8	62	9	44	10	12	11	86	12	45	13	15	14	57	15	45	16	52	17	61	18	65	19	55	20	51	21	29	22	96	23	58	24	31	25	19	26	22	27	76	28	51	29	88	30	80	31	62	32	83	33	13	34	72	35	37	36	23	37	10	38	80	39	70	40	77	41	62	42	62	43	22	44	48	45	19	46	37	47	66	48	76	49	35	
	0	80	1	91	2	98	3	66	4	28	5	80	6	14	7	85	8	58	9	34	10	49	11	30	12	29	13	28	14	62	15	76	16	26	17	25	18	13	19	66	20	80	21	36	22	31	23	39	24	79	25	15	26	50	27	14	28	45	29	67	30	60	31	76	32	30	33	93	34	34	35	41	36	57	37	50	38	22	39	89	40	32	41	69	42	71	43	40	44	62	45	86	46	68	47	50	48	62	49	87	
	0	49	1	67	2	30	3	32	4	15	5	55	6	47	7	19	8	42	9	22	10	10	11	74	12	69	13	50	14	78	15	96	16	33	17	97	18	81	19	92	20	35	21	99	22	43	23	71	24	57	25	18	26	74	27	17	28	70	29	42	30	19	31	50	32	97	33	43	34	85	35	89	36	41	37	28	38	98	39	96	40	66	41	52	42	35	43	96	44	48	45	78	46	99	47	64	48	16	49	76	
	0	88	1	41	2	73	3	85	4	19	5	50	6	61	7	23	8	40	9	89	10	38	11	69	12	40	13	74	14	66	15	83	16	54	17	47	18	15	19	96	20	89	21	48	22	58	23	12	24	80	25	88	26	44	27	54	28	15	29	80	30	48	31	88	32	37	33	32	34	69	35	86	36	40	37	22	38	38	39	36	40	10	41	100	42	35	43	30	44	31	45	80	46	70	47	82	48	81	49	54	
	0	86	1	26	2	65	3	92	4	20	5	22	6	97	7	82	8	63	9	24	10	22	11	97	12	59	13	17	14	29	15	93	16	60	17	83	18	84	19	34	20	86	21	48	22	11	23	64	24	23	25	32	26	88	27	63	28	45	29	68	30	88	31	72	32	83	33	94	34	17	35	78	36	91	37	42	38	26	39	40	40	74	41	57	42	19	43	51	44	86	45	44	46	93	47	17	48	56	49	89	
	0	96	1	66	2	91	3	65	4	44	5	30	6	85	7	19	8	84	9	41	10	82	11	29	12	55	13	61	14	42	15	61	16	50	17	55	18	17	19	31	20	25	21	56	22	97	23	65	24	67	25	54	26	17	27	66	28	100	29	31	30	89	31	23	32	92	33	48	34	70	35	20	36	85	37	72	38	61	39	94	40	91	41	69	42	60	43	79	44	43	45	83	46	22	47	90	48	94	49	31	
	0	41	1	54	2	53	3	91	4	34	5	20	6	69	7	53	8	48	9	87	10	23	11	82	12	60	13	96	14	87	15	10	16	36	17	56	18	42	19	81	20	11	21	66	22	14	23	13	24	42	25	75	26	97	27	19	28	39	29	28	30	77	31	63	32	61	33	50	34	76	35	83	36	68	37	41	38	46	39	40	40	32	41	85	42	62	43	64	44	13	45	65	46	71	47	44	48	12	49	78	
	0	73	1	38	2	11	3	33	4	26	5	26	6	26	7	66	8	74	9	37	10	40	11	96	12	30	13	72	14	71	15	54	16	64	17	63	18	71	19	34	20	37	21	32	22	37	23	97	24	77	25	87	26	29	27	59	28	41	29	87	30	37	31	72	32	69	33	58	34	27	35	99	36	86	37	60	38	100	39	55	40	49	41	30	42	80	43	65	44	16	45	41	46	67	47	49	48	53	49	92	