100 20 1
20
	0	112	1	173	2	113	3	117	4	175	5	155	6	188	7	171	8	121	9	176	10	190	11	128	12	158	13	148	14	188	15	194	16	182	17	169	18	143	19	145	
	0	168	1	154	2	160	3	182	4	109	5	138	6	149	7	101	8	165	9	110	10	149	11	163	12	146	13	185	14	177	15	133	16	198	17	197	18	103	19	120	
	0	194	1	172	2	164	3	162	4	165	5	151	6	111	7	199	8	181	9	140	10	157	11	169	12	111	13	183	14	124	15	198	16	194	17	121	18	176	19	135	
	0	186	1	180	2	140	3	167	4	160	5	151	6	178	7	198	8	197	9	182	10	138	11	148	12	137	13	120	14	169	15	110	16	165	17	161	18	123	19	154	
	0	196	1	143	2	158	3	148	4	155	5	120	6	162	7	182	8	120	9	153	10	167	11	134	12	102	13	119	14	178	15	135	16	144	17	179	18	149	19	176	
	0	187	1	110	2	141	3	169	4	138	5	146	6	113	7	164	8	149	9	143	10	100	11	109	12	126	13	117	14	115	15	143	16	161	17	159	18	131	19	190	
	0	193	1	155	2	171	3	169	4	112	5	116	6	139	7	140	8	112	9	129	10	141	11	104	12	149	13	152	14	183	15	160	16	113	17	123	18	182	19	124	
	0	106	1	160	2	118	3	186	4	171	5	148	6	168	7	116	8	160	9	169	10	149	11	137	12	151	13	101	14	188	15	196	16	197	17	199	18	151	19	106	
	0	106	1	110	2	142	3	177	4	135	5	144	6	122	7	105	8	118	9	164	10	174	11	195	12	132	13	173	14	193	15	142	16	147	17	115	18	164	19	101	
	0	113	1	157	2	161	3	184	4	149	5	192	6	116	7	119	8	105	9	155	10	130	11	141	12	122	13	136	14	125	15	199	16	125	17	103	18	173	19	139	
	0	102	1	187	2	109	3	176	4	115	5	173	6	169	7	120	8	114	9	154	10	111	11	138	12	100	13	193	14	103	15	135	16	115	17	157	18	106	19	159	
	0	195	1	132	2	108	3	133	4	142	5	108	6	178	7	190	8	122	9	197	10	167	11	192	12	140	13	158	14	178	15	108	16	106	17	113	18	169	19	138	
	0	152	1	120	2	157	3	169	4	120	5	133	6	175	7	194	8	154	9	186	10	151	11	191	12	112	13	123	14	136	15	157	16	147	17	146	18	168	19	147	
	0	186	1	157	2	166	3	178	4	187	5	135	6	121	7	169	8	105	9	140	10	195	11	190	12	174	13	143	14	171	15	108	16	118	17	166	18	125	19	180	
	0	120	1	157	2	117	3	147	4	136	5	144	6	140	7	114	8	126	9	147	10	119	11	141	12	147	13	124	14	192	15	150	16	165	17	199	18	195	19	181	
	0	142	1	139	2	109	3	101	4	118	5	150	6	153	7	138	8	122	9	187	10	181	11	183	12	199	13	176	14	196	15	196	16	102	17	134	18	146	19	184	
	0	114	1	149	2	187	3	116	4	175	5	197	6	102	7	132	8	190	9	103	10	135	11	112	12	119	13	194	14	148	15	199	16	174	17	113	18	154	19	156	
	0	199	1	157	2	106	3	133	4	129	5	125	6	182	7	109	8	155	9	162	10	127	11	131	12	143	13	166	14	158	15	137	16	175	17	169	18	144	19	119	
	0	160	1	190	2	181	3	132	4	145	5	140	6	165	7	176	8	169	9	140	10	170	11	184	12	179	13	136	14	138	15	135	16	116	17	170	18	114	19	178	
	0	167	1	151	2	195	3	110	4	197	5	128	6	113	7	187	8	118	9	107	10	122	11	172	12	180	13	119	14	162	15	135	16	191	17	117	18	170	19	123	
	0	147	1	123	2	137	3	196	4	107	5	199	6	163	7	181	8	115	9	169	10	145	11	171	12	125	13	102	14	174	15	166	16	148	17	149	18	138	19	102	
	0	133	1	120	2	104	3	168	4	139	5	196	6	145	7	144	8	186	9	170	10	196	11	153	12	121	13	166	14	116	15	144	16	146	17	130	18	175	19	182	
	0	114	1	100	2	137	3	129	4	174	5	190	6	124	7	167	8	148	9	139	10	164	11	154	12	112	13	127	14	158	15	128	16	124	17	175	18	143	19	131	
	0	162	1	159	2	191	3	106	4	101	5	161	6	167	7	186	8	118	9	158	10	100	11	123	12	186	13	185	14	130	15	195	16	185	17	112	18	189	19	137	
	0	134	1	116	2	112	3	100	4	162	5	109	6	108	7	135	8	139	9	130	10	179	11	153	12	118	13	135	14	122	15	122	16	149	17	156	18	117	19	108	
	0	139	1	147	2	179	3	172	4	133	5	131	6	118	7	197	8	148	9	159	10	145	11	140	12	105	13	126	14	157	15	199	16	168	17	113	18	117	19	163	
	0	168	1	112	2	166	3	101	4	135	5	166	6	183	7	172	8	116	9	131	10	174	11	157	12	151	13	192	14	108	15	157	16	121	17	174	18	124	19	112	
	0	148	1	180	2	128	3	195	4	160	5	143	6	127	7	199	8	102	9	188	10	175	11	126	12	183	13	197	14	143	15	155	16	173	17	158	18	141	19	193	
	0	149	1	134	2	171	3	126	4	140	5	182	6	183	7	142	8	169	9	185	10	125	11	127	12	148	13	131	14	165	15	143	16	149	17	122	18	167	19	113	
	0	107	1	169	2	112	3	178	4	153	5	184	6	174	7	152	8	151	9	172	10	195	11	165	12	195	13	141	14	159	15	173	16	106	17	192	18	104	19	186	
	0	169	1	178	2	111	3	138	4	118	5	103	6	162	7	164	8	100	9	170	10	116	11	132	12	164	13	109	14	146	15	159	16	132	17	147	18	116	19	122	
	0	122	1	143	2	139	3	132	4	139	5	113	6	146	7	168	8	170	9	115	10	131	11	154	12	141	13	184	14	118	15	189	16	163	17	156	18	129	19	162	
	0	135	1	185	2	107	3	156	4	136	5	136	6	171	7	183	8	130	9	117	10	116	11	179	12	178	13	148	14	155	15	178	16	130	17	104	18	173	19	170	
	0	176	1	110	2	164	3	186	4	161	5	171	6	173	7	105	8	158	9	167	10	188	11	132	12	143	13	146	14	163	15	161	16	193	17	125	18	196	19	144	
	0	182	1	166	2	119	3	167	4	190	5	126	6	141	7	110	8	133	9	163	10	171	11	156	12	140	13	190	14	146	15	186	16	194	17	195	18	124	19	105	
	0	173	1	120	2	173	3	140	4	173	5	184	6	157	7	148	8	173	9	141	10	125	11	111	12	104	13	190	14	180	15	196	16	103	17	130	18	147	19	157	
	0	134	1	158	2	185	3	121	4	173	5	134	6	171	7	177	8	182	9	168	10	144	11	133	12	145	13	194	14	121	15	112	16	172	17	109	18	111	19	128	
	0	164	1	143	2	190	3	120	4	172	5	185	6	135	7	196	8	137	9	155	10	106	11	107	12	119	13	178	14	106	15	157	16	136	17	139	18	105	19	109	
	0	151	1	190	2	136	3	190	4	169	5	173	6	192	7	157	8	132	9	100	10	124	11	153	12	184	13	115	14	163	15	171	16	162	17	119	18	149	19	174	
	0	155	1	135	2	182	3	124	4	127	5	101	6	135	7	192	8	145	9	136	10	142	11	180	12	112	13	137	14	144	15	142	16	111	17	151	18	142	19	150	
	0	185	1	157	2	158	3	147	4	114	5	150	6	128	7	183	8	171	9	148	10	149	11	107	12	198	13	166	14	139	15	140	16	179	17	112	18	143	19	183	
	0	147	1	194	2	196	3	134	4	181	5	185	6	109	7	104	8	192	9	161	10	163	11	189	12	151	13	136	14	197	15	191	16	145	17	120	18	136	19	133	
	0	198	1	124	2	135	3	109	4	122	5	157	6	148	7	146	8	193	9	176	10	170	11	161	12	183	13	169	14	184	15	105	16	163	17	186	18	110	19	161	
	0	111	1	165	2	146	3	116	4	146	5	165	6	185	7	128	8	127	9	144	10	117	11	109	12	162	13	111	14	152	15	198	16	150	17	139	18	115	19	139	
	0	114	1	139	2	121	3	106	4	184	5	144	6	170	7	131	8	128	9	108	10	184	11	183	12	169	13	143	14	189	15	108	16	119	17	108	18	131	19	159	
	0	109	1	191	2	130	3	155	4	173	5	181	6	108	7	142	8	139	9	125	10	123	11	131	12	191	13	127	14	187	15	118	16	176	17	143	18	158	19	182	
	0	106	1	111	2	198	3	141	4	102	5	158	6	179	7	193	8	189	9	113	10	122	11	186	12	123	13	132	14	146	15	123	16	195	17	166	18	110	19	151	
	0	113	1	107	2	171	3	101	4	151	5	194	6	140	7	194	8	164	9	151	10	160	11	196	12	199	13	115	14	169	15	199	16	185	17	175	18	147	19	122	
	0	156	1	164	2	131	3	155	4	124	5	132	6	106	7	108	8	154	9	154	10	178	11	183	12	191	13	168	14	177	15	175	16	138	17	170	18	177	19	173	
	0	175	1	108	2	104	3	129	4	133	5	192	6	140	7	157	8	131	9	142	10	163	11	180	12	184	13	189	14	125	15	193	16	133	17	134	18	139	19	167	
	0	199	1	125	2	133	3	173	4	198	5	125	6	199	7	143	8	196	9	113	10	106	11	144	12	123	13	101	14	113	15	179	16	179	17	194	18	131	19	124	
	0	140	1	125	2	113	3	143	4	121	5	100	6	149	7	185	8	137	9	135	10	151	11	152	12	155	13	192	14	178	15	166	16	117	17	137	18	162	19	138	
	0	101	1	169	2	157	3	141	4	137	5	182	6	125	7	152	8	145	9	118	10	171	11	147	12	191	13	171	14	190	15	171	16	175	17	189	18	138	19	169	
	0	157	1	111	2	139	3	115	4	117	5	121	6	117	7	140	8	133	9	104	10	166	11	180	12	110	13	117	14	169	15	134	16	120	17	149	18	142	19	153	
	0	144	1	194	2	147	3	118	4	145	5	118	6	182	7	160	8	163	9	124	10	152	11	155	12	145	13	113	14	175	15	103	16	149	17	173	18	159	19	153	
	0	146	1	108	2	164	3	160	4	193	5	180	6	131	7	198	8	106	9	175	10	158	11	194	12	106	13	167	14	119	15	126	16	134	17	170	18	141	19	121	
	0	167	1	141	2	156	3	107	4	113	5	141	6	103	7	166	8	179	9	160	10	151	11	121	12	140	13	166	14	129	15	100	16	140	17	196	18	141	19	154	
	0	164	1	119	2	175	3	103	4	181	5	105	6	176	7	154	8	113	9	180	10	159	11	124	12	161	13	121	14	101	15	155	16	104	17	128	18	102	19	190	
	0	183	1	127	2	198	3	158	4	174	5	125	6	140	7	154	8	198	9	156	10	195	11	168	12	181	13	146	14	154	15	155	16	100	17	149	18	198	19	110	
	0	195	1	156	2	152	3	103	4	192	5	194	6	124	7	181	8	170	9	178	10	198	11	167	12	121	13	148	14	127	15	190	16	129	17	198	18	136	19	171	
	0	175	1	139	2	163	3	114	4	107	5	147	6	132	7	111	8	199	9	125	10	192	11	151	12	164	13	165	14	116	15	150	16	100	17	105	18	180	19	172	
	0	117	1	102	2	194	3	127	4	118	5	157	6	174	7	176	8	168	9	172	10	105	11	114	12	143	13	111	14	180	15	192	16	127	17	183	18	143	19	171	
	0	154	1	115	2	170	3	151	4	191	5	195	6	142	7	103	8	118	9	150	10	153	11	149	12	127	13	140	14	129	15	152	16	141	17	128	18	168	19	137	
	0	100	1	129	2	158	3	193	4	194	5	151	6	143	7	104	8	140	9	105	10	152	11	139	12	169	13	101	14	168	15	108	16	157	17	104	18	152	19	128	
	0	124	1	166	2	100	3	159	4	125	5	177	6	152	7	112	8	121	9	190	10	188	11	183	12	125	13	153	14	101	15	130	16	141	17	155	18	130	19	188	
	0	167	1	155	2	186	3	103	4	176	5	125	6	175	7	142	8	166	9	145	10	128	11	146	12	132	13	187	14	112	15	198	16	118	17	153	18	112	19	129	
	0	176	1	116	2	119	3	152	4	171	5	109	6	120	7	170	8	143	9	131	10	101	11	179	12	164	13	101	14	191	15	126	16	196	17	169	18	143	19	171	
	0	113	1	180	2	132	3	101	4	104	5	126	6	118	7	114	8	107	9	103	10	179	11	115	12	126	13	168	14	180	15	191	16	105	17	180	18	149	19	157	
	0	195	1	135	2	174	3	102	4	118	5	104	6	114	7	197	8	104	9	175	10	162	11	113	12	155	13	137	14	162	15	125	16	190	17	112	18	109	19	155	
	0	156	1	116	2	166	3	188	4	145	5	124	6	100	7	197	8	143	9	111	10	114	11	198	12	171	13	179	14	180	15	195	16	102	17	147	18	182	19	152	
	0	104	1	137	2	179	3	135	4	120	5	143	6	107	7	198	8	109	9	131	10	101	11	122	12	100	13	159	14	149	15	106	16	142	17	123	18	114	19	117	
	0	151	1	182	2	148	3	115	4	115	5	131	6	164	7	184	8	104	9	175	10	153	11	195	12	116	13	197	14	143	15	126	16	171	17	103	18	119	19	143	
	0	122	1	161	2	163	3	166	4	180	5	109	6	120	7	182	8	194	9	124	10	114	11	183	12	163	13	196	14	187	15	158	16	177	17	159	18	120	19	121	
	0	107	1	180	2	101	3	153	4	168	5	137	6	144	7	188	8	129	9	152	10	142	11	133	12	143	13	180	14	130	15	128	16	172	17	173	18	151	19	172	
	0	108	1	149	2	169	3	175	4	160	5	113	6	195	7	184	8	186	9	139	10	136	11	124	12	172	13	145	14	135	15	115	16	104	17	159	18	146	19	143	
	0	133	1	167	2	124	3	120	4	194	5	134	6	159	7	130	8	119	9	148	10	130	11	192	12	116	13	185	14	186	15	110	16	109	17	126	18	148	19	177	
	0	119	1	163	2	195	3	187	4	147	5	147	6	104	7	165	8	181	9	134	10	112	11	103	12	145	13	180	14	113	15	171	16	145	17	177	18	137	19	174	
	0	126	1	177	2	124	3	153	4	118	5	151	6	105	7	163	8	175	9	139	10	121	11	128	12	179	13	187	14	169	15	193	16	127	17	157	18	114	19	199	
	0	110	1	142	2	198	3	142	4	178	5	161	6	100	7	108	8	146	9	159	10	140	11	108	12	157	13	101	14	155	15	132	16	126	17	113	18	191	19	162	
	0	130	1	151	2	124	3	194	4	134	5	103	6	150	7	191	8	169	9	155	10	114	11	173	12	162	13	150	14	160	15	126	16	143	17	169	18	191	19	105	
	0	156	1	199	2	169	3	170	4	139	5	192	6	185	7	157	8	145	9	186	10	132	11	171	12	177	13	127	14	184	15	167	16	136	17	135	18	124	19	115	
	0	177	1	135	2	176	3	110	4	175	5	164	6	155	7	158	8	174	9	186	10	176	11	179	12	187	13	104	14	148	15	118	16	121	17	185	18	100	19	164	
	0	153	1	126	2	162	3	183	4	149	5	118	6	136	7	155	8	173	9	111	10	128	11	155	12	142	13	134	14	187	15	163	16	189	17	111	18	139	19	123	
	0	124	1	108	2	185	3	129	4	188	5	168	6	175	7	151	8	143	9	156	10	134	11	156	12	196	13	188	14	136	15	161	16	106	17	145	18	113	19	118	
	0	193	1	176	2	172	3	178	4	185	5	199	6	101	7	100	8	154	9	123	10	111	11	175	12	140	13	196	14	116	15	161	16	149	17	118	18	180	19	186	
	0	188	1	142	2	128	3	151	4	189	5	158	6	107	7	145	8	143	9	163	10	136	11	199	12	153	13	148	14	123	15	165	16	174	17	115	18	185	19	149	
	0	191	1	184	2	155	3	176	4	168	5	182	6	138	7	109	8	120	9	194	10	131	11	117	12	189	13	139	14	154	15	179	16	108	17	195	18	185	19	192	
	0	121	1	185	2	147	3	143	4	160	5	152	6	158	7	119	8	196	9	193	10	146	11	145	12	177	13	114	14	144	15	153	16	153	17	149	18	144	19	102	
	0	151	1	171	2	107	3	106	4	182	5	118	6	164	7	149	8	197	9	159	10	181	11	141	12	156	13	150	14	159	15	174	16	114	17	172	18	184	19	104	
	0	124	1	107	2	194	3	162	4	159	5	149	6	161	7	159	8	110	9	106	10	156	11	128	12	188	13	175	14	100	15	172	16	158	17	152	18	102	19	136	
	0	188	1	138	2	184	3	164	4	159	5	139	6	196	7	180	8	107	9	141	10	166	11	180	12	166	13	133	14	119	15	182	16	105	17	133	18	154	19	129	
	0	129	1	100	2	139	3	179	4	143	5	169	6	107	7	168	8	102	9	172	10	188	11	102	12	154	13	176	14	177	15	186	16	107	17	148	18	186	19	104	
	0	183	1	189	2	146	3	112	4	169	5	104	6	182	7	198	8	199	9	170	10	160	11	115	12	175	13	199	14	116	15	114	16	110	17	161	18	139	19	133	
	0	145	1	174	2	173	3	181	4	174	5	141	6	141	7	137	8	159	9	140	10	101	11	100	12	126	13	142	14	143	15	115	16	106	17	155	18	151	19	161	
	0	157	1	172	2	194	3	177	4	155	5	137	6	105	7	134	8	182	9	115	10	112	11	199	12	161	13	164	14	115	15	198	16	175	17	181	18	131	19	131	
	0	193	1	127	2	112	3	126	4	125	5	182	6	102	7	141	8	168	9	143	10	155	11	169	12	179	13	183	14	129	15	144	16	166	17	111	18	125	19	187	
	0	196	1	183	2	127	3	146	4	187	5	195	6	121	7	117	8	147	9	144	10	107	11	188	12	199	13	114	14	129	15	111	16	182	17	182	18	142	19	198	
	0	140	1	144	2	187	3	172	4	190	5	151	6	120	7	187	8	108	9	104	10	191	11	173	12	110	13	149	14	112	15	199	16	130	17	198	18	110	19	193	
	0	174	1	126	2	182	3	146	4	197	5	125	6	146	7	130	8	175	9	135	10	120	11	147	12	166	13	185	14	122	15	139	16	161	17	100	18	140	19	118	
	0	184	1	105	2	113	3	195	4	150	5	185	6	105	7	125	8	192	9	110	10	147	11	180	12	178	13	176	14	119	15	155	16	144	17	151	18	145	19	161	