100 20 1
20
	0	113	1	131	2	173	3	184	4	107	5	129	6	156	7	109	8	153	9	167	10	183	11	154	12	154	13	119	14	197	15	121	16	102	17	168	18	187	19	148	
	0	113	1	176	2	176	3	116	4	125	5	172	6	161	7	167	8	130	9	128	10	130	11	153	12	170	13	115	14	149	15	163	16	150	17	156	18	123	19	179	
	0	134	1	151	2	165	3	136	4	129	5	173	6	152	7	173	8	190	9	170	10	129	11	120	12	175	13	173	14	125	15	101	16	167	17	171	18	132	19	114	
	0	131	1	162	2	197	3	165	4	173	5	129	6	118	7	188	8	153	9	137	10	194	11	134	12	165	13	142	14	130	15	140	16	129	17	124	18	116	19	153	
	0	180	1	125	2	135	3	183	4	147	5	199	6	199	7	156	8	156	9	180	10	112	11	144	12	147	13	110	14	135	15	166	16	188	17	118	18	169	19	155	
	0	124	1	196	2	181	3	148	4	198	5	104	6	113	7	154	8	146	9	121	10	121	11	187	12	118	13	148	14	104	15	133	16	125	17	177	18	167	19	116	
	0	138	1	197	2	108	3	171	4	121	5	103	6	172	7	119	8	185	9	188	10	161	11	178	12	170	13	142	14	168	15	135	16	153	17	166	18	131	19	167	
	0	151	1	186	2	147	3	160	4	115	5	146	6	112	7	107	8	101	9	176	10	122	11	155	12	112	13	183	14	172	15	186	16	154	17	133	18	144	19	137	
	0	187	1	168	2	187	3	127	4	192	5	163	6	183	7	163	8	163	9	158	10	123	11	110	12	145	13	199	14	117	15	188	16	139	17	109	18	140	19	148	
	0	126	1	107	2	126	3	191	4	174	5	143	6	177	7	166	8	141	9	165	10	126	11	156	12	102	13	106	14	138	15	157	16	101	17	146	18	165	19	142	
	0	130	1	190	2	145	3	155	4	103	5	132	6	189	7	159	8	174	9	132	10	187	11	152	12	100	13	171	14	192	15	118	16	120	17	123	18	182	19	146	
	0	168	1	191	2	116	3	175	4	102	5	199	6	166	7	197	8	110	9	191	10	176	11	114	12	164	13	176	14	130	15	198	16	198	17	191	18	102	19	124	
	0	101	1	103	2	146	3	160	4	121	5	115	6	148	7	172	8	102	9	101	10	100	11	106	12	185	13	110	14	129	15	131	16	184	17	181	18	108	19	174	
	0	115	1	180	2	150	3	100	4	132	5	189	6	113	7	124	8	170	9	191	10	119	11	161	12	166	13	198	14	128	15	119	16	111	17	188	18	121	19	155	
	0	108	1	151	2	170	3	178	4	100	5	111	6	156	7	173	8	130	9	129	10	163	11	148	12	107	13	118	14	100	15	148	16	194	17	150	18	155	19	140	
	0	166	1	146	2	130	3	156	4	167	5	105	6	137	7	137	8	195	9	106	10	125	11	113	12	167	13	151	14	160	15	110	16	115	17	177	18	154	19	162	
	0	106	1	176	2	164	3	179	4	155	5	139	6	111	7	166	8	138	9	106	10	187	11	146	12	196	13	140	14	193	15	153	16	131	17	175	18	126	19	126	
	0	176	1	168	2	159	3	143	4	158	5	107	6	191	7	155	8	160	9	128	10	116	11	101	12	135	13	192	14	122	15	199	16	179	17	131	18	177	19	130	
	0	104	1	164	2	158	3	191	4	189	5	118	6	137	7	186	8	150	9	110	10	142	11	123	12	143	13	190	14	154	15	141	16	141	17	141	18	134	19	172	
	0	171	1	162	2	136	3	109	4	141	5	139	6	153	7	141	8	150	9	173	10	187	11	115	12	125	13	118	14	151	15	125	16	176	17	104	18	154	19	193	
	0	112	1	157	2	138	3	195	4	180	5	117	6	188	7	135	8	112	9	115	10	126	11	190	12	189	13	164	14	167	15	193	16	196	17	119	18	178	19	132	
	0	177	1	102	2	109	3	154	4	188	5	162	6	198	7	178	8	119	9	185	10	160	11	112	12	153	13	152	14	129	15	182	16	166	17	121	18	151	19	168	
	0	123	1	191	2	118	3	192	4	122	5	113	6	105	7	118	8	193	9	154	10	165	11	137	12	156	13	129	14	154	15	171	16	112	17	166	18	172	19	118	
	0	162	1	177	2	191	3	156	4	182	5	119	6	143	7	125	8	166	9	129	10	169	11	194	12	146	13	132	14	138	15	166	16	150	17	171	18	130	19	156	
	0	130	1	126	2	128	3	178	4	174	5	199	6	156	7	185	8	111	9	133	10	168	11	179	12	195	13	113	14	103	15	128	16	137	17	166	18	177	19	175	
	0	120	1	121	2	136	3	191	4	154	5	109	6	127	7	168	8	188	9	166	10	114	11	198	12	101	13	181	14	185	15	185	16	180	17	180	18	126	19	102	
	0	108	1	150	2	114	3	187	4	168	5	149	6	132	7	103	8	180	9	146	10	159	11	192	12	115	13	131	14	157	15	180	16	162	17	128	18	104	19	198	
	0	129	1	195	2	184	3	190	4	173	5	137	6	116	7	114	8	186	9	111	10	111	11	104	12	136	13	155	14	179	15	134	16	186	17	148	18	189	19	104	
	0	142	1	137	2	143	3	172	4	172	5	140	6	132	7	124	8	117	9	156	10	198	11	153	12	120	13	125	14	166	15	134	16	146	17	128	18	164	19	115	
	0	151	1	136	2	157	3	160	4	105	5	175	6	103	7	162	8	192	9	143	10	176	11	104	12	175	13	176	14	115	15	116	16	195	17	194	18	177	19	108	
	0	121	1	109	2	100	3	132	4	199	5	185	6	114	7	111	8	120	9	189	10	121	11	174	12	104	13	180	14	190	15	158	16	197	17	166	18	116	19	101	
	0	143	1	161	2	135	3	115	4	163	5	187	6	159	7	171	8	143	9	109	10	167	11	125	12	130	13	142	14	150	15	120	16	159	17	175	18	146	19	124	
	0	131	1	171	2	180	3	170	4	129	5	154	6	175	7	153	8	114	9	116	10	156	11	102	12	111	13	179	14	160	15	136	16	123	17	110	18	198	19	125	
	0	117	1	140	2	168	3	169	4	130	5	113	6	141	7	123	8	151	9	134	10	136	11	103	12	192	13	120	14	172	15	192	16	149	17	191	18	141	19	131	
	0	122	1	168	2	199	3	189	4	179	5	156	6	149	7	185	8	161	9	194	10	104	11	166	12	177	13	164	14	199	15	156	16	178	17	177	18	180	19	191	
	0	133	1	126	2	133	3	138	4	117	5	155	6	137	7	102	8	181	9	123	10	166	11	122	12	144	13	156	14	140	15	187	16	124	17	181	18	167	19	132	
	0	195	1	121	2	110	3	143	4	154	5	136	6	175	7	148	8	191	9	118	10	104	11	128	12	178	13	124	14	133	15	122	16	192	17	124	18	160	19	162	
	0	177	1	141	2	103	3	183	4	137	5	179	6	111	7	143	8	185	9	149	10	166	11	154	12	160	13	108	14	151	15	195	16	157	17	141	18	194	19	179	
	0	184	1	124	2	140	3	140	4	177	5	116	6	164	7	123	8	124	9	127	10	108	11	115	12	132	13	134	14	159	15	169	16	191	17	169	18	169	19	109	
	0	120	1	161	2	122	3	191	4	128	5	188	6	171	7	135	8	173	9	123	10	126	11	126	12	149	13	163	14	101	15	193	16	135	17	121	18	150	19	113	
	0	145	1	139	2	174	3	166	4	151	5	105	6	196	7	194	8	139	9	114	10	141	11	153	12	139	13	197	14	171	15	194	16	127	17	199	18	147	19	141	
	0	108	1	173	2	124	3	197	4	106	5	135	6	102	7	182	8	180	9	168	10	159	11	127	12	192	13	166	14	109	15	114	16	109	17	111	18	157	19	120	
	0	102	1	170	2	132	3	176	4	194	5	107	6	113	7	112	8	165	9	186	10	114	11	119	12	179	13	183	14	141	15	180	16	139	17	168	18	103	19	171	
	0	152	1	164	2	103	3	134	4	139	5	139	6	142	7	115	8	132	9	167	10	158	11	164	12	143	13	161	14	185	15	161	16	191	17	194	18	124	19	145	
	0	103	1	194	2	189	3	104	4	133	5	142	6	179	7	162	8	180	9	130	10	121	11	101	12	118	13	118	14	162	15	138	16	160	17	154	18	112	19	177	
	0	118	1	101	2	146	3	134	4	198	5	191	6	168	7	144	8	143	9	144	10	171	11	189	12	180	13	149	14	119	15	193	16	128	17	150	18	135	19	148	
	0	150	1	193	2	107	3	151	4	154	5	125	6	155	7	119	8	133	9	199	10	143	11	193	12	123	13	167	14	195	15	189	16	131	17	137	18	154	19	190	
	0	105	1	193	2	136	3	108	4	199	5	137	6	189	7	121	8	141	9	118	10	172	11	110	12	164	13	105	14	117	15	181	16	118	17	158	18	196	19	137	
	0	196	1	114	2	192	3	142	4	160	5	171	6	187	7	179	8	150	9	149	10	122	11	146	12	159	13	187	14	173	15	149	16	102	17	172	18	162	19	160	
	0	140	1	142	2	164	3	168	4	142	5	183	6	136	7	132	8	116	9	124	10	143	11	111	12	124	13	155	14	122	15	176	16	129	17	117	18	107	19	194	
	0	112	1	132	2	113	3	136	4	170	5	167	6	132	7	162	8	112	9	124	10	106	11	162	12	160	13	131	14	142	15	133	16	132	17	189	18	176	19	142	
	0	181	1	132	2	125	3	154	4	109	5	166	6	121	7	199	8	186	9	126	10	111	11	119	12	179	13	142	14	198	15	176	16	194	17	135	18	127	19	133	
	0	162	1	103	2	186	3	180	4	129	5	161	6	145	7	107	8	186	9	144	10	163	11	182	12	148	13	173	14	179	15	146	16	132	17	196	18	174	19	100	
	0	134	1	113	2	159	3	125	4	109	5	107	6	110	7	167	8	154	9	147	10	107	11	122	12	190	13	183	14	153	15	181	16	185	17	183	18	187	19	140	
	0	100	1	168	2	183	3	101	4	114	5	152	6	139	7	199	8	103	9	135	10	141	11	190	12	146	13	139	14	131	15	122	16	113	17	156	18	179	19	168	
	0	131	1	106	2	120	3	111	4	134	5	135	6	132	7	133	8	114	9	138	10	170	11	121	12	115	13	166	14	104	15	193	16	175	17	149	18	158	19	124	
	0	184	1	100	2	188	3	113	4	177	5	172	6	183	7	156	8	187	9	195	10	136	11	143	12	108	13	121	14	150	15	142	16	120	17	166	18	198	19	136	
	0	121	1	105	2	120	3	153	4	109	5	128	6	169	7	184	8	178	9	171	10	184	11	190	12	102	13	127	14	178	15	186	16	148	17	183	18	167	19	112	
	0	159	1	169	2	166	3	101	4	130	5	187	6	121	7	132	8	166	9	102	10	179	11	135	12	105	13	101	14	107	15	122	16	180	17	127	18	114	19	113	
	0	156	1	178	2	136	3	113	4	189	5	160	6	104	7	104	8	163	9	180	10	122	11	114	12	114	13	179	14	183	15	137	16	133	17	193	18	185	19	141	
	0	175	1	122	2	188	3	165	4	107	5	177	6	196	7	146	8	155	9	100	10	164	11	113	12	141	13	119	14	124	15	113	16	193	17	180	18	188	19	115	
	0	101	1	192	2	130	3	162	4	134	5	191	6	163	7	135	8	117	9	106	10	141	11	125	12	196	13	154	14	144	15	130	16	135	17	170	18	191	19	162	
	0	130	1	193	2	194	3	122	4	180	5	178	6	103	7	145	8	190	9	177	10	130	11	187	12	111	13	147	14	102	15	155	16	117	17	130	18	129	19	171	
	0	157	1	163	2	167	3	127	4	123	5	158	6	140	7	127	8	181	9	119	10	192	11	166	12	106	13	124	14	113	15	143	16	106	17	118	18	104	19	131	
	0	173	1	100	2	104	3	161	4	149	5	176	6	169	7	166	8	158	9	145	10	101	11	162	12	150	13	159	14	185	15	105	16	101	17	181	18	151	19	131	
	0	140	1	181	2	151	3	117	4	141	5	187	6	124	7	140	8	158	9	116	10	185	11	141	12	148	13	170	14	177	15	164	16	139	17	132	18	112	19	163	
	0	165	1	142	2	168	3	131	4	187	5	147	6	101	7	165	8	147	9	137	10	181	11	102	12	124	13	196	14	100	15	192	16	109	17	128	18	163	19	122	
	0	194	1	123	2	176	3	104	4	109	5	137	6	102	7	112	8	124	9	138	10	187	11	198	12	122	13	131	14	145	15	162	16	193	17	155	18	173	19	111	
	0	148	1	165	2	111	3	132	4	107	5	158	6	174	7	192	8	168	9	173	10	143	11	132	12	104	13	176	14	106	15	184	16	199	17	146	18	153	19	118	
	0	136	1	174	2	147	3	158	4	157	5	107	6	120	7	171	8	108	9	190	10	154	11	153	12	136	13	169	14	116	15	118	16	163	17	162	18	139	19	142	
	0	132	1	160	2	191	3	102	4	184	5	170	6	187	7	128	8	170	9	158	10	174	11	185	12	113	13	174	14	158	15	125	16	147	17	133	18	134	19	119	
	0	155	1	160	2	160	3	197	4	103	5	173	6	109	7	131	8	121	9	118	10	149	11	193	12	160	13	143	14	148	15	132	16	147	17	146	18	160	19	125	
	0	190	1	187	2	168	3	109	4	173	5	139	6	108	7	165	8	171	9	119	10	194	11	193	12	151	13	166	14	159	15	132	16	125	17	121	18	141	19	115	
	0	132	1	155	2	122	3	144	4	196	5	188	6	185	7	175	8	185	9	195	10	147	11	191	12	164	13	127	14	115	15	110	16	192	17	172	18	115	19	186	
	0	120	1	195	2	129	3	166	4	188	5	124	6	151	7	178	8	175	9	181	10	116	11	115	12	197	13	108	14	120	15	106	16	177	17	186	18	158	19	190	
	0	134	1	110	2	184	3	126	4	118	5	140	6	107	7	193	8	152	9	179	10	174	11	142	12	184	13	127	14	114	15	136	16	177	17	157	18	152	19	135	
	0	108	1	149	2	135	3	150	4	192	5	173	6	188	7	168	8	185	9	168	10	176	11	165	12	141	13	154	14	165	15	130	16	126	17	124	18	130	19	117	
	0	115	1	128	2	153	3	176	4	150	5	126	6	114	7	161	8	199	9	158	10	182	11	147	12	187	13	105	14	145	15	108	16	108	17	151	18	146	19	130	
	0	130	1	192	2	190	3	153	4	171	5	100	6	125	7	138	8	151	9	178	10	105	11	142	12	137	13	100	14	127	15	183	16	191	17	168	18	160	19	180	
	0	122	1	134	2	141	3	161	4	162	5	121	6	107	7	189	8	182	9	122	10	150	11	139	12	163	13	117	14	161	15	177	16	175	17	115	18	163	19	147	
	0	149	1	145	2	138	3	101	4	164	5	122	6	178	7	100	8	109	9	136	10	172	11	118	12	174	13	117	14	108	15	106	16	100	17	134	18	136	19	174	
	0	174	1	193	2	184	3	197	4	180	5	199	6	144	7	141	8	147	9	172	10	177	11	125	12	116	13	115	14	152	15	189	16	138	17	103	18	100	19	118	
	0	154	1	132	2	115	3	110	4	194	5	157	6	173	7	110	8	178	9	182	10	101	11	182	12	111	13	181	14	100	15	130	16	153	17	193	18	151	19	173	
	0	185	1	107	2	141	3	120	4	148	5	135	6	156	7	130	8	119	9	107	10	146	11	183	12	164	13	163	14	172	15	160	16	166	17	119	18	122	19	152	
	0	110	1	194	2	196	3	153	4	126	5	177	6	118	7	171	8	198	9	169	10	143	11	166	12	157	13	143	14	169	15	163	16	122	17	148	18	137	19	112	
	0	153	1	121	2	176	3	141	4	189	5	185	6	136	7	136	8	199	9	134	10	184	11	182	12	105	13	194	14	124	15	183	16	178	17	130	18	181	19	195	
	0	180	1	110	2	120	3	199	4	100	5	136	6	183	7	124	8	148	9	176	10	131	11	192	12	194	13	113	14	187	15	101	16	160	17	194	18	106	19	115	
	0	141	1	195	2	163	3	186	4	192	5	119	6	102	7	181	8	177	9	175	10	171	11	140	12	137	13	160	14	112	15	116	16	194	17	167	18	192	19	141	
	0	168	1	142	2	131	3	125	4	138	5	184	6	105	7	135	8	102	9	150	10	182	11	143	12	172	13	197	14	139	15	177	16	174	17	183	18	181	19	102	
	0	137	1	129	2	170	3	156	4	171	5	135	6	181	7	173	8	102	9	104	10	136	11	163	12	189	13	186	14	149	15	123	16	162	17	114	18	154	19	123	
	0	157	1	113	2	153	3	199	4	147	5	182	6	100	7	170	8	127	9	163	10	122	11	147	12	142	13	124	14	156	15	104	16	173	17	135	18	191	19	107	
	0	150	1	114	2	147	3	129	4	171	5	100	6	155	7	170	8	170	9	142	10	188	11	168	12	142	13	107	14	150	15	192	16	115	17	130	18	146	19	131	
	0	151	1	156	2	115	3	198	4	197	5	118	6	171	7	192	8	135	9	172	10	105	11	101	12	111	13	158	14	121	15	189	16	134	17	136	18	135	19	175	
	0	130	1	149	2	194	3	196	4	102	5	100	6	102	7	188	8	184	9	154	10	125	11	114	12	119	13	112	14	135	15	197	16	106	17	138	18	172	19	132	
	0	150	1	198	2	167	3	144	4	184	5	123	6	154	7	121	8	123	9	169	10	137	11	137	12	141	13	186	14	119	15	105	16	160	17	152	18	124	19	174	
	0	157	1	125	2	133	3	132	4	137	5	108	6	179	7	151	8	117	9	190	10	175	11	159	12	180	13	101	14	130	15	182	16	131	17	130	18	137	19	190	
	0	148	1	177	2	192	3	185	4	136	5	122	6	109	7	127	8	132	9	143	10	128	11	178	12	135	13	180	14	109	15	157	16	199	17	177	18	126	19	165	
	0	153	1	122	2	120	3	118	4	186	5	189	6	137	7	145	8	197	9	194	10	176	11	107	12	183	13	187	14	160	15	189	16	150	17	112	18	182	19	176	
	0	150	1	113	2	195	3	149	4	170	5	187	6	135	7	137	8	104	9	133	10	149	11	186	12	127	13	147	14	175	15	105	16	109	17	118	18	196	19	144	
	0	153	1	160	2	157	3	182	4	135	5	131	6	126	7	147	8	141	9	141	10	148	11	102	12	122	13	174	14	148	15	173	16	181	17	197	18	177	19	175	