100 20 1
20
	0	183	1	184	2	144	3	196	4	114	5	186	6	199	7	118	8	160	9	123	10	181	11	159	12	113	13	183	14	159	15	165	16	165	17	116	18	106	19	108	
	0	111	1	181	2	111	3	153	4	148	5	121	6	184	7	160	8	152	9	193	10	104	11	162	12	185	13	192	14	164	15	180	16	181	17	196	18	198	19	139	
	0	173	1	187	2	175	3	161	4	104	5	198	6	158	7	138	8	180	9	147	10	124	11	160	12	138	13	142	14	115	15	101	16	181	17	160	18	123	19	130	
	0	129	1	159	2	167	3	194	4	115	5	194	6	117	7	197	8	156	9	197	10	197	11	103	12	140	13	147	14	112	15	197	16	144	17	136	18	174	19	173	
	0	139	1	174	2	169	3	159	4	106	5	135	6	137	7	141	8	175	9	196	10	162	11	117	12	165	13	158	14	137	15	130	16	167	17	134	18	164	19	199	
	0	142	1	153	2	128	3	144	4	121	5	117	6	132	7	143	8	116	9	158	10	155	11	112	12	137	13	184	14	162	15	150	16	168	17	130	18	186	19	141	
	0	108	1	146	2	154	3	112	4	103	5	179	6	178	7	115	8	199	9	120	10	124	11	195	12	112	13	171	14	194	15	179	16	152	17	174	18	101	19	155	
	0	149	1	191	2	193	3	137	4	114	5	167	6	131	7	195	8	139	9	196	10	136	11	188	12	134	13	100	14	151	15	115	16	104	17	130	18	162	19	113	
	0	193	1	181	2	145	3	108	4	154	5	187	6	173	7	104	8	101	9	159	10	141	11	114	12	167	13	184	14	112	15	177	16	178	17	138	18	155	19	136	
	0	108	1	148	2	180	3	191	4	168	5	143	6	199	7	186	8	148	9	138	10	137	11	148	12	129	13	171	14	160	15	190	16	116	17	194	18	104	19	182	
	0	125	1	182	2	192	3	159	4	182	5	124	6	164	7	127	8	165	9	177	10	122	11	157	12	131	13	188	14	190	15	162	16	190	17	156	18	137	19	122	
	0	162	1	111	2	107	3	184	4	165	5	147	6	153	7	137	8	177	9	100	10	178	11	139	12	199	13	169	14	101	15	147	16	117	17	188	18	168	19	113	
	0	131	1	159	2	152	3	148	4	171	5	172	6	102	7	137	8	153	9	153	10	190	11	198	12	159	13	126	14	147	15	196	16	150	17	109	18	187	19	130	
	0	161	1	144	2	157	3	157	4	122	5	110	6	112	7	184	8	132	9	111	10	114	11	113	12	105	13	150	14	130	15	151	16	137	17	161	18	140	19	139	
	0	155	1	100	2	152	3	162	4	123	5	195	6	191	7	105	8	193	9	146	10	122	11	148	12	150	13	199	14	123	15	169	16	100	17	190	18	138	19	192	
	0	161	1	138	2	104	3	108	4	137	5	177	6	164	7	137	8	109	9	138	10	104	11	170	12	162	13	115	14	183	15	163	16	197	17	173	18	177	19	119	
	0	133	1	160	2	150	3	111	4	170	5	108	6	113	7	155	8	137	9	126	10	198	11	155	12	110	13	129	14	151	15	194	16	173	17	188	18	109	19	111	
	0	150	1	120	2	121	3	156	4	144	5	156	6	193	7	124	8	170	9	121	10	174	11	114	12	106	13	149	14	125	15	132	16	170	17	184	18	171	19	182	
	0	103	1	149	2	172	3	183	4	128	5	115	6	132	7	199	8	136	9	135	10	109	11	131	12	186	13	191	14	137	15	102	16	175	17	133	18	177	19	161	
	0	154	1	114	2	194	3	169	4	140	5	191	6	100	7	102	8	109	9	126	10	129	11	103	12	123	13	126	14	169	15	174	16	122	17	152	18	121	19	126	
	0	166	1	166	2	136	3	115	4	194	5	170	6	142	7	128	8	182	9	124	10	192	11	182	12	172	13	177	14	145	15	117	16	147	17	124	18	125	19	189	
	0	196	1	199	2	179	3	151	4	198	5	135	6	128	7	175	8	105	9	117	10	163	11	164	12	160	13	169	14	191	15	179	16	121	17	109	18	126	19	137	
	0	105	1	139	2	144	3	184	4	193	5	125	6	171	7	138	8	163	9	146	10	183	11	173	12	155	13	190	14	153	15	179	16	171	17	174	18	178	19	154	
	0	133	1	122	2	162	3	197	4	108	5	132	6	158	7	121	8	105	9	161	10	103	11	178	12	129	13	152	14	161	15	190	16	112	17	123	18	188	19	140	
	0	101	1	179	2	151	3	175	4	157	5	176	6	195	7	166	8	198	9	133	10	106	11	124	12	121	13	138	14	129	15	181	16	196	17	119	18	140	19	127	
	0	134	1	198	2	198	3	103	4	148	5	194	6	169	7	172	8	135	9	186	10	148	11	131	12	132	13	101	14	192	15	194	16	103	17	112	18	116	19	198	
	0	155	1	139	2	125	3	164	4	114	5	125	6	150	7	119	8	143	9	198	10	105	11	168	12	158	13	179	14	135	15	184	16	168	17	189	18	171	19	175	
	0	155	1	167	2	147	3	198	4	115	5	126	6	122	7	186	8	173	9	175	10	158	11	181	12	154	13	168	14	178	15	150	16	128	17	197	18	128	19	196	
	0	160	1	169	2	198	3	133	4	119	5	133	6	182	7	109	8	148	9	120	10	112	11	118	12	135	13	134	14	116	15	170	16	116	17	129	18	174	19	136	
	0	110	1	100	2	195	3	117	4	196	5	191	6	117	7	135	8	130	9	187	10	190	11	172	12	142	13	132	14	126	15	184	16	113	17	195	18	151	19	173	
	0	152	1	125	2	146	3	101	4	145	5	122	6	165	7	179	8	155	9	141	10	151	11	183	12	143	13	152	14	129	15	166	16	159	17	170	18	187	19	137	
	0	117	1	134	2	154	3	171	4	130	5	192	6	141	7	123	8	157	9	178	10	114	11	197	12	176	13	135	14	117	15	184	16	130	17	139	18	148	19	157	
	0	110	1	120	2	114	3	143	4	167	5	199	6	186	7	138	8	121	9	136	10	163	11	126	12	117	13	175	14	170	15	189	16	161	17	111	18	124	19	157	
	0	175	1	137	2	119	3	197	4	164	5	182	6	104	7	188	8	197	9	138	10	127	11	187	12	102	13	157	14	194	15	116	16	140	17	164	18	199	19	187	
	0	181	1	189	2	166	3	122	4	185	5	133	6	140	7	109	8	188	9	170	10	190	11	179	12	163	13	149	14	109	15	121	16	137	17	154	18	151	19	140	
	0	196	1	199	2	116	3	199	4	116	5	127	6	172	7	115	8	124	9	140	10	192	11	154	12	111	13	121	14	163	15	175	16	138	17	161	18	122	19	156	
	0	177	1	133	2	164	3	168	4	160	5	177	6	118	7	152	8	141	9	119	10	167	11	156	12	184	13	109	14	176	15	195	16	127	17	196	18	170	19	159	
	0	127	1	122	2	105	3	127	4	191	5	188	6	106	7	183	8	116	9	178	10	197	11	182	12	138	13	105	14	109	15	172	16	139	17	114	18	192	19	124	
	0	150	1	101	2	191	3	141	4	120	5	184	6	139	7	136	8	143	9	171	10	175	11	148	12	131	13	106	14	118	15	170	16	185	17	190	18	164	19	125	
	0	142	1	158	2	169	3	183	4	178	5	104	6	138	7	191	8	128	9	111	10	153	11	135	12	115	13	108	14	191	15	121	16	130	17	166	18	173	19	165	
	0	116	1	196	2	197	3	158	4	177	5	117	6	111	7	186	8	182	9	179	10	160	11	182	12	117	13	101	14	138	15	195	16	178	17	167	18	138	19	174	
	0	130	1	129	2	191	3	149	4	140	5	184	6	180	7	147	8	187	9	108	10	178	11	164	12	170	13	191	14	192	15	198	16	152	17	119	18	131	19	108	
	0	113	1	179	2	190	3	188	4	189	5	148	6	155	7	177	8	160	9	179	10	145	11	112	12	178	13	176	14	131	15	184	16	154	17	105	18	101	19	104	
	0	138	1	152	2	145	3	179	4	177	5	164	6	132	7	103	8	102	9	151	10	196	11	144	12	169	13	190	14	131	15	193	16	129	17	174	18	146	19	166	
	0	169	1	134	2	164	3	165	4	151	5	163	6	149	7	138	8	151	9	135	10	147	11	186	12	176	13	142	14	116	15	115	16	126	17	183	18	198	19	190	
	0	168	1	114	2	141	3	130	4	132	5	192	6	171	7	125	8	134	9	156	10	110	11	130	12	198	13	114	14	126	15	177	16	159	17	110	18	149	19	153	
	0	129	1	150	2	189	3	104	4	165	5	109	6	170	7	136	8	132	9	168	10	137	11	193	12	114	13	135	14	165	15	174	16	178	17	141	18	193	19	166	
	0	104	1	122	2	158	3	180	4	110	5	105	6	139	7	117	8	187	9	110	10	195	11	163	12	146	13	154	14	188	15	178	16	164	17	114	18	166	19	109	
	0	175	1	135	2	174	3	110	4	167	5	199	6	173	7	103	8	189	9	117	10	181	11	118	12	182	13	151	14	112	15	134	16	125	17	133	18	128	19	156	
	0	182	1	191	2	147	3	136	4	184	5	171	6	175	7	136	8	102	9	113	10	198	11	147	12	143	13	128	14	132	15	184	16	120	17	193	18	110	19	170	
	0	114	1	164	2	168	3	128	4	165	5	136	6	178	7	146	8	115	9	176	10	117	11	187	12	126	13	136	14	168	15	154	16	162	17	129	18	154	19	135	
	0	199	1	104	2	128	3	126	4	108	5	131	6	196	7	192	8	176	9	174	10	134	11	143	12	174	13	123	14	113	15	169	16	148	17	176	18	169	19	181	
	0	124	1	112	2	160	3	168	4	160	5	117	6	120	7	167	8	124	9	109	10	182	11	138	12	138	13	134	14	105	15	170	16	142	17	128	18	193	19	176	
	0	108	1	194	2	194	3	106	4	148	5	164	6	168	7	123	8	168	9	175	10	125	11	163	12	117	13	176	14	152	15	161	16	187	17	120	18	125	19	156	
	0	123	1	105	2	110	3	117	4	188	5	109	6	129	7	115	8	122	9	155	10	159	11	126	12	124	13	104	14	102	15	114	16	188	17	112	18	134	19	160	
	0	129	1	147	2	123	3	151	4	172	5	167	6	182	7	149	8	197	9	178	10	193	11	165	12	117	13	186	14	122	15	117	16	173	17	165	18	152	19	124	
	0	178	1	132	2	135	3	146	4	180	5	168	6	190	7	185	8	190	9	171	10	142	11	188	12	103	13	101	14	164	15	111	16	127	17	111	18	148	19	133	
	0	191	1	122	2	138	3	182	4	176	5	172	6	155	7	189	8	140	9	167	10	158	11	143	12	180	13	188	14	144	15	182	16	107	17	103	18	169	19	197	
	0	106	1	138	2	129	3	129	4	193	5	100	6	135	7	149	8	169	9	111	10	186	11	179	12	100	13	161	14	117	15	106	16	147	17	164	18	197	19	133	
	0	138	1	143	2	103	3	146	4	119	5	173	6	131	7	148	8	189	9	121	10	137	11	102	12	152	13	115	14	194	15	125	16	104	17	193	18	195	19	146	
	0	146	1	178	2	102	3	125	4	198	5	154	6	119	7	142	8	178	9	124	10	199	11	166	12	175	13	152	14	167	15	185	16	111	17	124	18	111	19	183	
	0	108	1	101	2	117	3	110	4	117	5	128	6	141	7	135	8	127	9	163	10	180	11	105	12	106	13	122	14	107	15	107	16	146	17	186	18	162	19	150	
	0	145	1	190	2	161	3	186	4	146	5	194	6	113	7	134	8	173	9	141	10	116	11	176	12	118	13	179	14	156	15	195	16	112	17	111	18	159	19	188	
	0	139	1	120	2	149	3	104	4	117	5	190	6	118	7	131	8	107	9	164	10	199	11	122	12	152	13	160	14	151	15	191	16	196	17	111	18	135	19	151	
	0	151	1	137	2	147	3	162	4	104	5	144	6	163	7	147	8	116	9	177	10	183	11	126	12	104	13	132	14	152	15	149	16	164	17	166	18	185	19	159	
	0	114	1	198	2	133	3	190	4	123	5	120	6	134	7	161	8	137	9	100	10	175	11	129	12	123	13	194	14	131	15	197	16	133	17	168	18	183	19	120	
	0	183	1	199	2	146	3	187	4	102	5	124	6	107	7	133	8	158	9	110	10	168	11	166	12	127	13	144	14	182	15	137	16	111	17	160	18	186	19	102	
	0	168	1	191	2	155	3	144	4	159	5	189	6	181	7	101	8	106	9	134	10	130	11	182	12	113	13	103	14	107	15	186	16	100	17	159	18	128	19	172	
	0	106	1	102	2	197	3	137	4	133	5	119	6	105	7	140	8	171	9	102	10	109	11	136	12	194	13	104	14	125	15	136	16	109	17	183	18	112	19	170	
	0	183	1	147	2	153	3	123	4	108	5	163	6	183	7	156	8	110	9	174	10	113	11	113	12	178	13	146	14	195	15	190	16	145	17	134	18	141	19	191	
	0	127	1	184	2	154	3	146	4	179	5	114	6	114	7	105	8	192	9	162	10	108	11	169	12	135	13	106	14	160	15	189	16	197	17	114	18	189	19	100	
	0	186	1	165	2	163	3	186	4	162	5	122	6	199	7	151	8	183	9	126	10	148	11	122	12	119	13	112	14	178	15	165	16	174	17	154	18	166	19	122	
	0	105	1	172	2	150	3	177	4	139	5	196	6	115	7	101	8	117	9	147	10	141	11	126	12	138	13	119	14	174	15	117	16	144	17	174	18	135	19	184	
	0	166	1	199	2	196	3	152	4	131	5	108	6	111	7	103	8	176	9	103	10	157	11	164	12	146	13	135	14	181	15	187	16	147	17	192	18	158	19	199	
	0	183	1	176	2	172	3	102	4	175	5	196	6	114	7	107	8	181	9	182	10	123	11	143	12	123	13	172	14	186	15	182	16	111	17	170	18	161	19	158	
	0	144	1	198	2	107	3	119	4	165	5	153	6	106	7	145	8	118	9	135	10	193	11	143	12	127	13	196	14	101	15	113	16	132	17	161	18	155	19	156	
	0	126	1	146	2	114	3	182	4	170	5	118	6	195	7	128	8	116	9	145	10	119	11	138	12	160	13	199	14	188	15	150	16	152	17	152	18	108	19	137	
	0	173	1	128	2	187	3	160	4	197	5	162	6	124	7	110	8	134	9	110	10	112	11	191	12	150	13	118	14	100	15	100	16	114	17	180	18	113	19	186	
	0	145	1	153	2	121	3	185	4	189	5	176	6	199	7	195	8	121	9	182	10	199	11	119	12	132	13	140	14	162	15	163	16	185	17	188	18	154	19	125	
	0	161	1	150	2	183	3	113	4	129	5	186	6	177	7	138	8	116	9	174	10	157	11	132	12	153	13	169	14	191	15	197	16	150	17	156	18	110	19	116	
	0	187	1	174	2	160	3	157	4	178	5	187	6	176	7	128	8	132	9	157	10	171	11	186	12	164	13	166	14	123	15	194	16	123	17	102	18	139	19	146	
	0	124	1	154	2	167	3	173	4	110	5	175	6	150	7	177	8	121	9	161	10	107	11	186	12	122	13	167	14	143	15	101	16	100	17	176	18	151	19	119	
	0	192	1	113	2	193	3	174	4	172	5	113	6	191	7	122	8	168	9	186	10	115	11	186	12	125	13	181	14	182	15	174	16	176	17	150	18	114	19	134	
	0	147	1	187	2	112	3	176	4	111	5	159	6	110	7	166	8	126	9	167	10	149	11	127	12	179	13	167	14	159	15	160	16	177	17	124	18	184	19	169	
	0	104	1	139	2	111	3	177	4	124	5	194	6	112	7	123	8	117	9	138	10	130	11	162	12	159	13	171	14	119	15	184	16	188	17	193	18	159	19	197	
	0	175	1	197	2	135	3	130	4	120	5	129	6	142	7	104	8	110	9	138	10	135	11	158	12	176	13	115	14	174	15	168	16	121	17	194	18	120	19	196	
	0	166	1	155	2	182	3	183	4	127	5	137	6	173	7	156	8	135	9	153	10	162	11	196	12	104	13	138	14	153	15	138	16	151	17	154	18	168	19	159	
	0	156	1	168	2	138	3	174	4	119	5	131	6	161	7	194	8	171	9	172	10	105	11	188	12	100	13	129	14	127	15	148	16	120	17	132	18	191	19	197	
	0	130	1	166	2	146	3	137	4	169	5	149	6	163	7	152	8	112	9	158	10	112	11	176	12	147	13	125	14	106	15	109	16	157	17	195	18	151	19	123	
	0	119	1	154	2	105	3	105	4	114	5	112	6	136	7	158	8	121	9	193	10	171	11	199	12	139	13	138	14	199	15	131	16	125	17	167	18	165	19	119	
	0	131	1	117	2	167	3	155	4	106	5	130	6	151	7	179	8	102	9	168	10	125	11	139	12	129	13	132	14	194	15	129	16	168	17	196	18	177	19	112	
	0	124	1	167	2	138	3	170	4	138	5	176	6	154	7	139	8	113	9	195	10	179	11	181	12	121	13	123	14	164	15	125	16	118	17	187	18	189	19	135	
	0	106	1	140	2	129	3	147	4	104	5	131	6	149	7	173	8	182	9	185	10	163	11	150	12	150	13	190	14	171	15	153	16	129	17	100	18	106	19	124	
	0	168	1	185	2	148	3	128	4	137	5	160	6	124	7	128	8	138	9	187	10	120	11	147	12	157	13	157	14	142	15	174	16	165	17	194	18	154	19	124	
	0	148	1	175	2	121	3	128	4	150	5	180	6	144	7	157	8	161	9	110	10	191	11	166	12	108	13	151	14	170	15	157	16	138	17	164	18	190	19	122	
	0	140	1	186	2	187	3	165	4	100	5	193	6	105	7	152	8	147	9	198	10	198	11	188	12	190	13	106	14	180	15	151	16	113	17	142	18	160	19	150	
	0	159	1	158	2	134	3	153	4	106	5	186	6	128	7	120	8	178	9	191	10	102	11	127	12	102	13	105	14	116	15	126	16	121	17	185	18	173	19	137	
	0	115	1	119	2	174	3	187	4	197	5	138	6	199	7	178	8	123	9	183	10	182	11	176	12	177	13	196	14	171	15	146	16	153	17	125	18	165	19	132	
	0	105	1	161	2	197	3	157	4	124	5	100	6	113	7	177	8	190	9	102	10	143	11	154	12	197	13	140	14	157	15	190	16	100	17	183	18	147	19	181	
	0	107	1	180	2	148	3	198	4	121	5	140	6	100	7	112	8	179	9	125	10	118	11	179	12	101	13	115	14	154	15	106	16	187	17	166	18	164	19	148	