100 30 1
30
	0	166	1	100	2	142	3	169	4	120	5	130	6	141	7	186	8	166	9	144	10	116	11	103	12	147	13	160	14	114	15	174	16	191	17	165	18	124	19	153	20	102	21	173	22	161	23	185	24	158	25	145	26	138	27	100	28	107	29	117	
	0	139	1	134	2	119	3	128	4	194	5	128	6	107	7	173	8	116	9	144	10	167	11	108	12	118	13	133	14	162	15	166	16	129	17	118	18	107	19	131	20	122	21	169	22	104	23	154	24	178	25	154	26	112	27	168	28	193	29	171	
	0	116	1	127	2	110	3	110	4	150	5	186	6	103	7	169	8	166	9	198	10	159	11	159	12	170	13	187	14	151	15	101	16	110	17	197	18	101	19	150	20	101	21	194	22	188	23	152	24	132	25	156	26	172	27	105	28	133	29	185	
	0	153	1	113	2	136	3	139	4	100	5	123	6	177	7	143	8	114	9	112	10	149	11	169	12	158	13	105	14	171	15	173	16	110	17	135	18	191	19	130	20	114	21	192	22	199	23	157	24	133	25	114	26	102	27	114	28	192	29	117	
	0	131	1	182	2	177	3	176	4	138	5	176	6	189	7	128	8	130	9	157	10	198	11	131	12	159	13	123	14	133	15	184	16	186	17	151	18	180	19	152	20	136	21	139	22	156	23	161	24	152	25	195	26	197	27	136	28	130	29	137	
	0	119	1	192	2	185	3	196	4	145	5	115	6	167	7	102	8	181	9	102	10	100	11	137	12	176	13	176	14	105	15	152	16	152	17	128	18	104	19	151	20	168	21	191	22	118	23	100	24	118	25	181	26	172	27	146	28	189	29	141	
	0	151	1	156	2	159	3	152	4	171	5	144	6	150	7	159	8	162	9	186	10	171	11	185	12	163	13	147	14	111	15	126	16	102	17	179	18	102	19	147	20	135	21	147	22	114	23	112	24	132	25	101	26	130	27	136	28	191	29	189	
	0	188	1	185	2	101	3	128	4	121	5	179	6	177	7	104	8	135	9	119	10	113	11	108	12	181	13	112	14	171	15	184	16	191	17	106	18	135	19	176	20	193	21	159	22	161	23	161	24	183	25	131	26	183	27	148	28	115	29	149	
	0	198	1	120	2	171	3	145	4	174	5	132	6	193	7	177	8	103	9	130	10	149	11	187	12	178	13	131	14	162	15	132	16	157	17	154	18	141	19	179	20	172	21	125	22	171	23	197	24	173	25	150	26	150	27	181	28	147	29	144	
	0	168	1	150	2	151	3	159	4	193	5	140	6	192	7	181	8	162	9	100	10	181	11	140	12	179	13	135	14	129	15	196	16	141	17	138	18	191	19	194	20	104	21	157	22	180	23	159	24	165	25	145	26	155	27	103	28	176	29	157	
	0	115	1	111	2	171	3	169	4	116	5	118	6	154	7	134	8	140	9	191	10	114	11	178	12	104	13	148	14	189	15	187	16	140	17	110	18	171	19	123	20	187	21	177	22	169	23	104	24	164	25	124	26	132	27	187	28	183	29	163	
	0	144	1	167	2	197	3	133	4	182	5	158	6	196	7	152	8	167	9	171	10	129	11	189	12	168	13	164	14	115	15	124	16	160	17	196	18	169	19	109	20	197	21	142	22	124	23	145	24	151	25	120	26	188	27	156	28	138	29	151	
	0	193	1	165	2	111	3	160	4	126	5	179	6	130	7	159	8	111	9	151	10	139	11	152	12	172	13	147	14	187	15	102	16	138	17	130	18	123	19	109	20	184	21	183	22	117	23	158	24	178	25	112	26	182	27	146	28	119	29	154	
	0	116	1	148	2	162	3	163	4	180	5	106	6	145	7	181	8	123	9	130	10	193	11	130	12	187	13	192	14	177	15	102	16	137	17	196	18	105	19	156	20	139	21	123	22	166	23	137	24	100	25	194	26	145	27	160	28	155	29	197	
	0	118	1	115	2	114	3	175	4	185	5	143	6	151	7	147	8	136	9	162	10	141	11	181	12	166	13	173	14	102	15	107	16	107	17	150	18	100	19	193	20	144	21	172	22	179	23	117	24	171	25	106	26	114	27	123	28	134	29	131	
	0	114	1	102	2	193	3	134	4	147	5	156	6	141	7	151	8	181	9	187	10	163	11	114	12	192	13	157	14	143	15	136	16	196	17	198	18	111	19	118	20	106	21	187	22	167	23	129	24	155	25	107	26	131	27	140	28	115	29	145	
	0	175	1	151	2	109	3	187	4	199	5	128	6	149	7	186	8	160	9	186	10	145	11	184	12	100	13	118	14	164	15	193	16	166	17	139	18	146	19	156	20	177	21	122	22	101	23	124	24	195	25	162	26	196	27	161	28	117	29	179	
	0	103	1	115	2	194	3	190	4	194	5	110	6	105	7	161	8	139	9	179	10	137	11	127	12	163	13	108	14	133	15	114	16	177	17	112	18	109	19	123	20	128	21	113	22	144	23	160	24	102	25	177	26	191	27	137	28	117	29	119	
	0	190	1	172	2	197	3	179	4	198	5	178	6	193	7	139	8	155	9	108	10	132	11	113	12	189	13	176	14	104	15	191	16	159	17	177	18	134	19	129	20	175	21	146	22	140	23	117	24	189	25	161	26	129	27	185	28	114	29	145	
	0	143	1	154	2	117	3	114	4	167	5	111	6	139	7	137	8	157	9	120	10	140	11	121	12	194	13	173	14	110	15	104	16	156	17	131	18	173	19	188	20	185	21	181	22	188	23	145	24	176	25	153	26	176	27	147	28	122	29	153	
	0	178	1	170	2	125	3	117	4	112	5	198	6	171	7	104	8	165	9	174	10	182	11	111	12	133	13	169	14	179	15	155	16	174	17	103	18	117	19	158	20	184	21	146	22	128	23	180	24	164	25	136	26	132	27	180	28	136	29	194	
	0	188	1	114	2	107	3	159	4	167	5	177	6	156	7	112	8	179	9	197	10	172	11	144	12	177	13	195	14	114	15	191	16	184	17	198	18	183	19	165	20	133	21	199	22	128	23	140	24	117	25	105	26	108	27	123	28	199	29	186	
	0	150	1	101	2	177	3	138	4	119	5	146	6	126	7	112	8	132	9	171	10	185	11	144	12	141	13	173	14	193	15	101	16	110	17	172	18	130	19	100	20	155	21	125	22	108	23	130	24	156	25	165	26	114	27	134	28	170	29	155	
	0	121	1	135	2	102	3	113	4	156	5	145	6	151	7	142	8	141	9	164	10	154	11	191	12	102	13	183	14	106	15	144	16	194	17	111	18	150	19	136	20	143	21	195	22	125	23	193	24	113	25	172	26	169	27	134	28	112	29	181	
	0	168	1	146	2	159	3	136	4	167	5	137	6	136	7	189	8	156	9	123	10	177	11	169	12	139	13	133	14	106	15	143	16	181	17	105	18	105	19	131	20	150	21	190	22	128	23	112	24	118	25	116	26	164	27	136	28	186	29	138	
	0	135	1	195	2	193	3	173	4	188	5	120	6	146	7	198	8	171	9	172	10	149	11	189	12	197	13	193	14	194	15	101	16	157	17	156	18	109	19	180	20	129	21	140	22	129	23	119	24	148	25	118	26	148	27	118	28	162	29	126	
	0	101	1	166	2	151	3	124	4	129	5	109	6	144	7	116	8	178	9	148	10	195	11	119	12	122	13	116	14	162	15	142	16	132	17	114	18	167	19	186	20	162	21	156	22	103	23	199	24	172	25	166	26	185	27	119	28	176	29	199	
	0	178	1	146	2	168	3	106	4	140	5	151	6	124	7	124	8	104	9	110	10	177	11	130	12	181	13	170	14	103	15	184	16	187	17	187	18	105	19	177	20	100	21	100	22	125	23	123	24	134	25	107	26	138	27	144	28	150	29	197	
	0	111	1	111	2	173	3	157	4	139	5	112	6	142	7	197	8	158	9	159	10	155	11	188	12	172	13	160	14	150	15	177	16	140	17	133	18	188	19	196	20	181	21	161	22	120	23	175	24	124	25	188	26	107	27	192	28	193	29	160	
	0	187	1	173	2	156	3	110	4	198	5	186	6	176	7	155	8	141	9	106	10	128	11	151	12	178	13	101	14	130	15	143	16	192	17	171	18	185	19	123	20	142	21	142	22	111	23	115	24	111	25	147	26	141	27	147	28	125	29	162	
	0	135	1	122	2	131	3	191	4	147	5	160	6	189	7	149	8	100	9	129	10	116	11	106	12	109	13	194	14	136	15	142	16	185	17	111	18	188	19	133	20	187	21	106	22	176	23	172	24	159	25	162	26	156	27	176	28	122	29	124	
	0	132	1	106	2	124	3	188	4	192	5	174	6	100	7	178	8	191	9	115	10	138	11	166	12	165	13	125	14	196	15	122	16	138	17	126	18	146	19	151	20	145	21	187	22	141	23	186	24	114	25	146	26	131	27	171	28	193	29	166	
	0	125	1	119	2	113	3	167	4	181	5	152	6	100	7	120	8	139	9	186	10	159	11	119	12	144	13	176	14	166	15	146	16	131	17	177	18	127	19	129	20	117	21	163	22	137	23	149	24	159	25	116	26	177	27	181	28	185	29	193	
	0	152	1	124	2	105	3	136	4	167	5	145	6	126	7	186	8	140	9	199	10	137	11	145	12	122	13	157	14	115	15	152	16	197	17	147	18	145	19	145	20	111	21	199	22	181	23	188	24	151	25	190	26	133	27	130	28	113	29	179	
	0	162	1	149	2	198	3	175	4	138	5	199	6	118	7	124	8	183	9	159	10	132	11	152	12	176	13	195	14	191	15	197	16	143	17	132	18	108	19	170	20	183	21	176	22	191	23	157	24	166	25	170	26	186	27	168	28	119	29	145	
	0	196	1	199	2	161	3	178	4	104	5	195	6	193	7	161	8	147	9	113	10	187	11	170	12	100	13	194	14	146	15	176	16	147	17	120	18	195	19	132	20	188	21	111	22	103	23	168	24	174	25	126	26	166	27	104	28	124	29	161	
	0	117	1	169	2	108	3	166	4	103	5	169	6	152	7	124	8	132	9	104	10	118	11	155	12	147	13	140	14	192	15	155	16	194	17	173	18	120	19	149	20	100	21	103	22	137	23	164	24	167	25	148	26	185	27	150	28	131	29	159	
	0	147	1	174	2	132	3	167	4	125	5	126	6	108	7	110	8	143	9	181	10	117	11	169	12	153	13	178	14	158	15	133	16	196	17	137	18	108	19	112	20	105	21	192	22	197	23	178	24	139	25	175	26	181	27	159	28	111	29	153	
	0	186	1	126	2	157	3	102	4	166	5	173	6	102	7	141	8	159	9	148	10	133	11	119	12	135	13	188	14	131	15	147	16	137	17	144	18	196	19	109	20	112	21	154	22	151	23	134	24	143	25	112	26	130	27	141	28	199	29	195	
	0	100	1	120	2	154	3	162	4	112	5	159	6	193	7	136	8	147	9	118	10	129	11	123	12	105	13	134	14	134	15	193	16	165	17	149	18	196	19	185	20	171	21	155	22	151	23	140	24	196	25	178	26	190	27	134	28	134	29	130	
	0	124	1	135	2	137	3	118	4	112	5	186	6	173	7	163	8	120	9	149	10	109	11	186	12	194	13	180	14	141	15	142	16	130	17	177	18	105	19	100	20	122	21	177	22	151	23	183	24	163	25	156	26	192	27	148	28	166	29	127	
	0	166	1	194	2	101	3	187	4	173	5	155	6	100	7	191	8	192	9	147	10	183	11	150	12	195	13	163	14	153	15	195	16	120	17	130	18	183	19	126	20	183	21	116	22	128	23	112	24	199	25	108	26	118	27	183	28	198	29	188	
	0	174	1	180	2	136	3	196	4	180	5	175	6	185	7	172	8	110	9	152	10	121	11	119	12	179	13	173	14	150	15	164	16	103	17	195	18	157	19	188	20	118	21	121	22	165	23	118	24	198	25	121	26	154	27	123	28	183	29	106	
	0	178	1	167	2	147	3	176	4	102	5	102	6	170	7	182	8	140	9	116	10	137	11	186	12	132	13	142	14	170	15	112	16	125	17	189	18	143	19	157	20	146	21	126	22	133	23	183	24	110	25	145	26	180	27	193	28	113	29	132	
	0	190	1	195	2	161	3	140	4	172	5	124	6	162	7	102	8	156	9	102	10	146	11	147	12	149	13	133	14	169	15	125	16	134	17	197	18	100	19	127	20	103	21	160	22	165	23	157	24	114	25	162	26	175	27	109	28	157	29	107	
	0	104	1	159	2	167	3	160	4	174	5	103	6	170	7	104	8	122	9	120	10	149	11	126	12	132	13	141	14	132	15	167	16	143	17	129	18	145	19	166	20	152	21	121	22	101	23	153	24	143	25	101	26	164	27	163	28	190	29	195	
	0	197	1	191	2	160	3	147	4	130	5	120	6	109	7	168	8	189	9	195	10	187	11	162	12	165	13	198	14	141	15	111	16	184	17	139	18	156	19	175	20	137	21	153	22	168	23	139	24	117	25	123	26	100	27	141	28	191	29	107	
	0	119	1	162	2	190	3	103	4	175	5	110	6	104	7	102	8	179	9	124	10	112	11	165	12	137	13	166	14	132	15	158	16	150	17	124	18	154	19	151	20	190	21	138	22	197	23	184	24	157	25	149	26	152	27	183	28	189	29	186	
	0	127	1	140	2	181	3	142	4	106	5	148	6	133	7	182	8	128	9	108	10	155	11	162	12	176	13	103	14	156	15	129	16	118	17	198	18	134	19	152	20	129	21	104	22	115	23	125	24	149	25	137	26	114	27	100	28	146	29	132	
	0	152	1	160	2	101	3	168	4	184	5	127	6	133	7	169	8	196	9	115	10	197	11	140	12	150	13	195	14	197	15	197	16	116	17	167	18	100	19	118	20	177	21	100	22	198	23	185	24	185	25	183	26	122	27	187	28	183	29	131	
	0	187	1	191	2	157	3	191	4	171	5	153	6	152	7	170	8	165	9	140	10	111	11	195	12	121	13	112	14	123	15	141	16	114	17	118	18	113	19	152	20	137	21	122	22	168	23	123	24	129	25	174	26	109	27	125	28	142	29	137	
	0	105	1	190	2	130	3	199	4	122	5	143	6	187	7	165	8	115	9	106	10	144	11	129	12	106	13	173	14	111	15	179	16	179	17	158	18	148	19	195	20	199	21	184	22	104	23	138	24	194	25	185	26	169	27	188	28	163	29	143	
	0	171	1	193	2	179	3	174	4	156	5	173	6	126	7	151	8	108	9	167	10	186	11	111	12	198	13	197	14	124	15	132	16	172	17	177	18	149	19	169	20	107	21	195	22	174	23	194	24	171	25	162	26	120	27	186	28	159	29	155	
	0	123	1	120	2	116	3	146	4	162	5	126	6	136	7	112	8	112	9	184	10	138	11	186	12	123	13	162	14	161	15	131	16	115	17	185	18	138	19	189	20	153	21	159	22	171	23	150	24	109	25	131	26	129	27	179	28	109	29	143	
	0	119	1	158	2	149	3	170	4	189	5	120	6	169	7	154	8	144	9	145	10	126	11	122	12	121	13	188	14	109	15	178	16	167	17	140	18	153	19	127	20	151	21	145	22	168	23	111	24	131	25	182	26	150	27	123	28	187	29	123	
	0	198	1	135	2	100	3	174	4	173	5	115	6	182	7	158	8	176	9	174	10	158	11	104	12	154	13	197	14	117	15	120	16	165	17	187	18	124	19	108	20	171	21	136	22	101	23	112	24	193	25	157	26	135	27	168	28	143	29	173	
	0	147	1	135	2	193	3	154	4	111	5	186	6	103	7	160	8	139	9	158	10	160	11	195	12	186	13	184	14	122	15	116	16	119	17	157	18	154	19	165	20	130	21	130	22	173	23	174	24	142	25	138	26	193	27	117	28	112	29	175	
	0	133	1	195	2	110	3	139	4	177	5	120	6	139	7	111	8	174	9	192	10	153	11	163	12	149	13	192	14	165	15	145	16	124	17	149	18	105	19	189	20	132	21	137	22	151	23	110	24	152	25	150	26	113	27	191	28	143	29	108	
	0	182	1	116	2	100	3	171	4	157	5	104	6	191	7	154	8	186	9	140	10	168	11	129	12	158	13	101	14	153	15	189	16	123	17	156	18	189	19	166	20	197	21	135	22	128	23	158	24	147	25	169	26	138	27	108	28	159	29	135	
	0	135	1	100	2	105	3	138	4	100	5	134	6	147	7	104	8	126	9	199	10	110	11	122	12	123	13	145	14	196	15	160	16	170	17	154	18	187	19	149	20	145	21	132	22	190	23	107	24	198	25	172	26	123	27	135	28	111	29	144	
	0	146	1	114	2	190	3	168	4	124	5	167	6	109	7	103	8	168	9	108	10	135	11	176	12	147	13	157	14	181	15	101	16	114	17	188	18	164	19	112	20	191	21	143	22	112	23	130	24	180	25	161	26	100	27	171	28	155	29	131	
	0	141	1	101	2	119	3	168	4	191	5	105	6	132	7	195	8	167	9	132	10	188	11	189	12	156	13	123	14	106	15	199	16	148	17	133	18	156	19	181	20	194	21	174	22	136	23	175	24	182	25	138	26	183	27	137	28	128	29	112	
	0	103	1	150	2	139	3	125	4	107	5	113	6	123	7	141	8	181	9	131	10	122	11	143	12	156	13	153	14	168	15	114	16	155	17	103	18	109	19	121	20	135	21	103	22	112	23	129	24	141	25	144	26	199	27	190	28	152	29	178	
	0	186	1	114	2	150	3	183	4	176	5	170	6	181	7	141	8	105	9	159	10	138	11	122	12	126	13	149	14	110	15	161	16	184	17	120	18	114	19	183	20	112	21	140	22	129	23	138	24	183	25	111	26	108	27	115	28	114	29	143	
	0	105	1	170	2	117	3	114	4	133	5	175	6	186	7	148	8	149	9	188	10	121	11	159	12	108	13	113	14	174	15	146	16	180	17	114	18	147	19	194	20	178	21	179	22	181	23	163	24	131	25	118	26	170	27	114	28	170	29	123	
	0	193	1	128	2	180	3	168	4	109	5	118	6	139	7	189	8	123	9	193	10	103	11	138	12	120	13	150	14	115	15	112	16	116	17	150	18	161	19	178	20	102	21	111	22	196	23	124	24	132	25	190	26	158	27	155	28	157	29	149	
	0	194	1	169	2	198	3	155	4	104	5	120	6	115	7	144	8	186	9	198	10	149	11	151	12	159	13	123	14	105	15	158	16	150	17	186	18	142	19	104	20	109	21	167	22	184	23	111	24	123	25	114	26	189	27	117	28	117	29	186	
	0	125	1	141	2	101	3	140	4	119	5	146	6	117	7	135	8	122	9	123	10	195	11	125	12	130	13	199	14	150	15	167	16	165	17	174	18	178	19	192	20	142	21	169	22	176	23	176	24	113	25	110	26	145	27	188	28	115	29	195	
	0	188	1	153	2	178	3	153	4	147	5	113	6	134	7	182	8	123	9	167	10	135	11	128	12	185	13	179	14	167	15	189	16	102	17	135	18	135	19	179	20	106	21	109	22	190	23	157	24	162	25	112	26	170	27	169	28	159	29	155	
	0	152	1	126	2	147	3	125	4	154	5	129	6	199	7	167	8	120	9	175	10	194	11	173	12	141	13	177	14	190	15	184	16	184	17	109	18	125	19	157	20	143	21	183	22	159	23	113	24	119	25	128	26	199	27	189	28	126	29	119	
	0	144	1	190	2	154	3	196	4	183	5	102	6	103	7	153	8	118	9	147	10	137	11	149	12	103	13	125	14	112	15	104	16	123	17	186	18	137	19	135	20	130	21	174	22	142	23	121	24	193	25	170	26	149	27	130	28	116	29	161	
	0	101	1	100	2	118	3	166	4	199	5	142	6	166	7	193	8	101	9	162	10	176	11	105	12	121	13	107	14	161	15	139	16	177	17	153	18	115	19	124	20	154	21	138	22	157	23	110	24	179	25	197	26	168	27	197	28	112	29	122	
	0	116	1	114	2	124	3	152	4	194	5	162	6	181	7	119	8	102	9	180	10	111	11	187	12	100	13	180	14	188	15	195	16	167	17	119	18	131	19	146	20	176	21	124	22	131	23	191	24	198	25	194	26	151	27	171	28	147	29	101	
	0	184	1	165	2	163	3	107	4	175	5	180	6	143	7	155	8	145	9	189	10	114	11	124	12	193	13	152	14	175	15	164	16	102	17	199	18	139	19	173	20	163	21	169	22	195	23	154	24	103	25	126	26	154	27	180	28	189	29	180	
	0	151	1	143	2	113	3	115	4	153	5	116	6	129	7	111	8	158	9	180	10	191	11	162	12	102	13	102	14	172	15	153	16	193	17	162	18	171	19	159	20	145	21	174	22	168	23	141	24	127	25	199	26	136	27	178	28	155	29	169	
	0	185	1	175	2	163	3	178	4	106	5	176	6	150	7	176	8	182	9	121	10	119	11	146	12	111	13	103	14	106	15	104	16	187	17	131	18	153	19	114	20	178	21	109	22	199	23	108	24	150	25	183	26	138	27	103	28	144	29	161	
	0	163	1	106	2	104	3	141	4	176	5	108	6	197	7	199	8	178	9	141	10	134	11	123	12	197	13	196	14	121	15	116	16	130	17	152	18	151	19	177	20	164	21	139	22	105	23	159	24	134	25	116	26	134	27	186	28	161	29	129	
	0	105	1	105	2	181	3	149	4	173	5	144	6	110	7	165	8	153	9	113	10	158	11	166	12	186	13	108	14	150	15	131	16	117	17	160	18	118	19	168	20	151	21	199	22	142	23	130	24	198	25	134	26	131	27	167	28	163	29	130	
	0	155	1	182	2	177	3	127	4	153	5	108	6	117	7	166	8	181	9	130	10	181	11	170	12	144	13	119	14	162	15	100	16	155	17	186	18	103	19	169	20	151	21	146	22	103	23	102	24	198	25	166	26	163	27	102	28	161	29	183	
	0	190	1	191	2	169	3	113	4	109	5	182	6	155	7	153	8	167	9	107	10	104	11	146	12	138	13	146	14	118	15	184	16	193	17	167	18	103	19	166	20	175	21	141	22	184	23	196	24	148	25	137	26	153	27	128	28	158	29	135	
	0	148	1	190	2	174	3	101	4	163	5	119	6	181	7	168	8	147	9	146	10	172	11	157	12	171	13	190	14	148	15	153	16	147	17	105	18	167	19	198	20	164	21	123	22	160	23	173	24	169	25	124	26	149	27	164	28	122	29	183	
	0	164	1	128	2	100	3	110	4	127	5	157	6	172	7	183	8	117	9	135	10	114	11	186	12	123	13	130	14	144	15	134	16	104	17	146	18	115	19	154	20	149	21	132	22	114	23	100	24	116	25	192	26	106	27	148	28	187	29	179	
	0	119	1	180	2	113	3	167	4	189	5	109	6	174	7	114	8	161	9	162	10	113	11	196	12	187	13	140	14	140	15	137	16	193	17	161	18	140	19	154	20	143	21	183	22	110	23	105	24	195	25	181	26	185	27	156	28	127	29	198	
	0	153	1	115	2	137	3	102	4	177	5	162	6	119	7	109	8	154	9	197	10	134	11	103	12	181	13	175	14	193	15	122	16	108	17	158	18	119	19	183	20	188	21	197	22	173	23	184	24	186	25	138	26	117	27	191	28	152	29	159	
	0	128	1	181	2	183	3	147	4	119	5	174	6	172	7	157	8	139	9	156	10	136	11	192	12	106	13	179	14	129	15	180	16	126	17	111	18	142	19	198	20	113	21	137	22	150	23	175	24	147	25	101	26	142	27	170	28	108	29	146	
	0	122	1	114	2	158	3	164	4	110	5	123	6	123	7	103	8	134	9	118	10	127	11	176	12	187	13	137	14	118	15	181	16	185	17	194	18	173	19	186	20	198	21	152	22	108	23	167	24	157	25	103	26	196	27	146	28	149	29	109	
	0	162	1	117	2	185	3	177	4	176	5	153	6	133	7	104	8	142	9	158	10	139	11	159	12	153	13	111	14	195	15	124	16	178	17	186	18	164	19	194	20	131	21	121	22	141	23	160	24	160	25	164	26	141	27	119	28	111	29	103	
	0	152	1	119	2	161	3	145	4	110	5	107	6	153	7	183	8	113	9	173	10	180	11	162	12	110	13	130	14	184	15	103	16	181	17	171	18	185	19	194	20	100	21	156	22	182	23	167	24	151	25	147	26	116	27	181	28	149	29	121	
	0	163	1	112	2	166	3	117	4	169	5	113	6	177	7	170	8	103	9	170	10	197	11	110	12	100	13	116	14	121	15	185	16	164	17	170	18	196	19	124	20	120	21	176	22	127	23	168	24	152	25	188	26	142	27	123	28	133	29	189	
	0	167	1	142	2	157	3	173	4	179	5	162	6	140	7	170	8	137	9	120	10	194	11	161	12	157	13	183	14	119	15	112	16	118	17	140	18	126	19	107	20	189	21	178	22	155	23	136	24	162	25	126	26	171	27	179	28	193	29	182	
	0	155	1	133	2	133	3	149	4	158	5	123	6	192	7	118	8	136	9	155	10	152	11	178	12	100	13	162	14	106	15	153	16	196	17	157	18	106	19	149	20	180	21	190	22	151	23	162	24	185	25	163	26	141	27	161	28	181	29	102	
	0	153	1	156	2	117	3	124	4	164	5	188	6	119	7	152	8	136	9	125	10	193	11	145	12	121	13	140	14	186	15	152	16	184	17	191	18	128	19	183	20	150	21	142	22	160	23	114	24	159	25	158	26	199	27	117	28	164	29	182	
	0	193	1	136	2	116	3	171	4	140	5	163	6	173	7	185	8	138	9	185	10	160	11	172	12	104	13	179	14	187	15	177	16	121	17	111	18	169	19	125	20	131	21	192	22	188	23	132	24	153	25	121	26	160	27	188	28	140	29	153	
	0	183	1	197	2	172	3	113	4	169	5	121	6	116	7	113	8	146	9	153	10	109	11	107	12	135	13	142	14	137	15	118	16	132	17	130	18	128	19	171	20	163	21	188	22	188	23	117	24	105	25	151	26	159	27	118	28	130	29	171	
	0	122	1	119	2	142	3	162	4	152	5	149	6	181	7	113	8	112	9	179	10	160	11	175	12	179	13	176	14	106	15	100	16	144	17	181	18	182	19	127	20	119	21	152	22	194	23	135	24	141	25	156	26	173	27	139	28	110	29	177	
	0	182	1	100	2	151	3	149	4	145	5	100	6	106	7	128	8	111	9	196	10	193	11	173	12	115	13	157	14	192	15	169	16	196	17	156	18	168	19	109	20	186	21	196	22	118	23	170	24	101	25	182	26	163	27	161	28	108	29	119	
	0	118	1	138	2	155	3	198	4	163	5	192	6	140	7	108	8	159	9	126	10	140	11	132	12	199	13	142	14	154	15	117	16	173	17	159	18	189	19	132	20	194	21	118	22	180	23	121	24	197	25	109	26	128	27	105	28	121	29	123	
	0	181	1	180	2	107	3	141	4	145	5	193	6	103	7	146	8	130	9	114	10	194	11	123	12	175	13	171	14	181	15	134	16	195	17	120	18	160	19	136	20	154	21	135	22	186	23	167	24	168	25	177	26	184	27	125	28	108	29	161	
	0	137	1	155	2	158	3	182	4	146	5	198	6	109	7	109	8	123	9	175	10	189	11	190	12	155	13	183	14	120	15	169	16	164	17	118	18	101	19	178	20	199	21	158	22	182	23	146	24	127	25	128	26	162	27	157	28	164	29	194	
	0	156	1	157	2	148	3	140	4	126	5	177	6	170	7	161	8	143	9	143	10	167	11	122	12	115	13	164	14	162	15	106	16	196	17	132	18	195	19	154	20	163	21	175	22	185	23	123	24	177	25	108	26	138	27	154	28	182	29	133	