100 30 1
30
	0	177	1	106	2	158	3	158	4	140	5	144	6	121	7	160	8	134	9	117	10	111	11	117	12	175	13	153	14	197	15	159	16	183	17	114	18	180	19	186	20	197	21	139	22	161	23	195	24	178	25	187	26	106	27	182	28	174	29	159	
	0	118	1	108	2	163	3	158	4	190	5	178	6	199	7	198	8	140	9	177	10	183	11	165	12	149	13	159	14	182	15	140	16	152	17	112	18	182	19	109	20	106	21	190	22	144	23	108	24	149	25	103	26	155	27	138	28	169	29	168	
	0	163	1	117	2	125	3	100	4	177	5	184	6	199	7	143	8	122	9	131	10	115	11	161	12	198	13	101	14	198	15	119	16	150	17	134	18	176	19	159	20	173	21	136	22	143	23	133	24	160	25	113	26	183	27	111	28	185	29	130	
	0	148	1	179	2	143	3	184	4	103	5	120	6	113	7	144	8	146	9	149	10	152	11	191	12	102	13	142	14	187	15	107	16	170	17	149	18	198	19	136	20	165	21	118	22	155	23	114	24	156	25	168	26	130	27	176	28	196	29	195	
	0	138	1	176	2	116	3	198	4	133	5	157	6	108	7	113	8	173	9	150	10	190	11	177	12	190	13	157	14	112	15	117	16	130	17	176	18	139	19	117	20	131	21	157	22	143	23	187	24	100	25	105	26	153	27	149	28	193	29	150	
	0	162	1	194	2	100	3	146	4	177	5	101	6	170	7	192	8	136	9	131	10	119	11	123	12	103	13	166	14	188	15	173	16	127	17	154	18	119	19	197	20	127	21	100	22	133	23	154	24	102	25	199	26	188	27	184	28	185	29	158	
	0	198	1	178	2	166	3	105	4	154	5	193	6	165	7	116	8	134	9	104	10	199	11	114	12	143	13	141	14	178	15	172	16	198	17	124	18	118	19	168	20	123	21	168	22	154	23	177	24	116	25	126	26	154	27	189	28	167	29	175	
	0	144	1	195	2	141	3	126	4	164	5	116	6	140	7	154	8	151	9	100	10	148	11	121	12	157	13	138	14	107	15	129	16	155	17	179	18	139	19	154	20	148	21	133	22	117	23	191	24	195	25	125	26	139	27	186	28	114	29	111	
	0	137	1	189	2	142	3	158	4	125	5	102	6	156	7	175	8	103	9	187	10	168	11	116	12	149	13	132	14	165	15	126	16	108	17	135	18	177	19	144	20	107	21	166	22	143	23	111	24	140	25	164	26	198	27	162	28	134	29	153	
	0	152	1	163	2	115	3	112	4	196	5	137	6	175	7	155	8	170	9	105	10	173	11	138	12	170	13	192	14	197	15	145	16	193	17	183	18	175	19	144	20	132	21	110	22	156	23	197	24	181	25	155	26	174	27	172	28	172	29	110	
	0	151	1	136	2	194	3	122	4	175	5	131	6	186	7	131	8	131	9	192	10	150	11	148	12	136	13	193	14	109	15	145	16	187	17	155	18	187	19	141	20	171	21	182	22	124	23	101	24	112	25	130	26	187	27	149	28	183	29	124	
	0	176	1	189	2	140	3	151	4	157	5	180	6	119	7	190	8	119	9	125	10	104	11	194	12	199	13	150	14	170	15	114	16	115	17	154	18	100	19	139	20	120	21	184	22	180	23	163	24	111	25	118	26	160	27	114	28	177	29	108	
	0	189	1	119	2	106	3	133	4	142	5	117	6	114	7	145	8	170	9	125	10	183	11	125	12	152	13	149	14	187	15	136	16	193	17	111	18	155	19	127	20	128	21	188	22	140	23	187	24	174	25	117	26	126	27	128	28	139	29	164	
	0	143	1	113	2	109	3	140	4	183	5	100	6	136	7	122	8	123	9	132	10	152	11	104	12	186	13	149	14	172	15	164	16	152	17	170	18	112	19	134	20	186	21	152	22	114	23	123	24	135	25	119	26	145	27	174	28	199	29	167	
	0	126	1	153	2	177	3	117	4	164	5	113	6	142	7	137	8	195	9	111	10	101	11	134	12	186	13	175	14	189	15	149	16	119	17	163	18	176	19	147	20	139	21	117	22	106	23	194	24	131	25	147	26	113	27	184	28	141	29	108	
	0	125	1	111	2	189	3	116	4	147	5	181	6	165	7	124	8	148	9	148	10	123	11	196	12	104	13	127	14	170	15	122	16	192	17	139	18	131	19	119	20	157	21	140	22	163	23	186	24	171	25	128	26	118	27	193	28	190	29	146	
	0	183	1	157	2	129	3	125	4	147	5	162	6	117	7	176	8	164	9	187	10	156	11	170	12	127	13	144	14	143	15	147	16	190	17	145	18	134	19	165	20	124	21	148	22	136	23	113	24	126	25	120	26	123	27	122	28	161	29	192	
	0	154	1	161	2	182	3	151	4	162	5	184	6	173	7	110	8	114	9	172	10	181	11	141	12	143	13	190	14	172	15	143	16	184	17	109	18	149	19	180	20	167	21	194	22	124	23	153	24	189	25	190	26	114	27	119	28	165	29	101	
	0	117	1	189	2	181	3	104	4	177	5	196	6	116	7	156	8	115	9	101	10	124	11	191	12	100	13	162	14	196	15	136	16	186	17	171	18	154	19	106	20	178	21	187	22	156	23	147	24	129	25	187	26	128	27	195	28	154	29	186	
	0	186	1	100	2	161	3	192	4	166	5	124	6	146	7	139	8	184	9	182	10	168	11	162	12	109	13	143	14	182	15	157	16	103	17	197	18	136	19	169	20	184	21	134	22	188	23	166	24	160	25	158	26	131	27	197	28	145	29	199	
	0	170	1	167	2	168	3	123	4	151	5	156	6	123	7	161	8	169	9	135	10	125	11	137	12	197	13	190	14	195	15	132	16	113	17	112	18	177	19	115	20	107	21	116	22	188	23	149	24	160	25	102	26	179	27	133	28	179	29	152	
	0	128	1	135	2	150	3	185	4	167	5	126	6	164	7	153	8	138	9	195	10	160	11	186	12	180	13	113	14	129	15	173	16	168	17	152	18	103	19	174	20	157	21	172	22	199	23	129	24	148	25	111	26	123	27	177	28	174	29	179	
	0	173	1	191	2	181	3	167	4	170	5	100	6	118	7	154	8	127	9	132	10	105	11	145	12	120	13	179	14	108	15	130	16	134	17	142	18	157	19	121	20	131	21	187	22	156	23	184	24	179	25	195	26	138	27	159	28	198	29	184	
	0	180	1	173	2	113	3	167	4	187	5	139	6	123	7	172	8	153	9	158	10	190	11	157	12	198	13	113	14	102	15	165	16	102	17	145	18	126	19	134	20	126	21	140	22	129	23	183	24	181	25	137	26	112	27	175	28	124	29	106	
	0	115	1	183	2	122	3	110	4	186	5	159	6	160	7	102	8	111	9	125	10	113	11	106	12	158	13	191	14	134	15	161	16	133	17	174	18	184	19	173	20	105	21	180	22	135	23	189	24	177	25	194	26	100	27	105	28	126	29	176	
	0	131	1	132	2	128	3	163	4	163	5	102	6	197	7	160	8	114	9	106	10	148	11	171	12	149	13	143	14	118	15	158	16	181	17	146	18	165	19	165	20	181	21	138	22	129	23	140	24	176	25	168	26	183	27	128	28	146	29	127	
	0	120	1	152	2	147	3	153	4	128	5	162	6	148	7	141	8	146	9	161	10	127	11	197	12	173	13	154	14	185	15	131	16	116	17	148	18	183	19	143	20	178	21	126	22	123	23	180	24	151	25	199	26	177	27	196	28	108	29	189	
	0	186	1	184	2	151	3	175	4	140	5	105	6	172	7	125	8	176	9	156	10	144	11	147	12	177	13	127	14	106	15	134	16	122	17	185	18	129	19	198	20	108	21	114	22	160	23	101	24	182	25	160	26	166	27	117	28	173	29	110	
	0	143	1	189	2	100	3	146	4	123	5	182	6	169	7	187	8	142	9	137	10	143	11	114	12	172	13	190	14	173	15	142	16	136	17	191	18	183	19	142	20	144	21	130	22	143	23	157	24	139	25	114	26	130	27	153	28	156	29	113	
	0	102	1	166	2	135	3	152	4	137	5	183	6	191	7	196	8	156	9	168	10	131	11	172	12	150	13	131	14	189	15	153	16	155	17	100	18	197	19	137	20	173	21	144	22	138	23	140	24	174	25	125	26	144	27	185	28	132	29	104	
	0	190	1	160	2	111	3	128	4	150	5	166	6	197	7	191	8	172	9	170	10	136	11	132	12	112	13	188	14	156	15	147	16	177	17	192	18	183	19	195	20	123	21	176	22	171	23	178	24	143	25	111	26	152	27	122	28	118	29	126	
	0	163	1	159	2	144	3	189	4	199	5	176	6	192	7	191	8	107	9	196	10	182	11	148	12	184	13	138	14	124	15	175	16	137	17	111	18	181	19	180	20	113	21	197	22	140	23	180	24	174	25	136	26	170	27	140	28	152	29	135	
	0	109	1	181	2	160	3	168	4	153	5	185	6	107	7	193	8	107	9	143	10	187	11	136	12	164	13	117	14	134	15	100	16	151	17	159	18	126	19	170	20	144	21	105	22	185	23	102	24	134	25	181	26	145	27	146	28	144	29	103	
	0	120	1	133	2	161	3	106	4	146	5	114	6	194	7	115	8	100	9	176	10	144	11	190	12	190	13	134	14	199	15	158	16	136	17	148	18	157	19	102	20	143	21	121	22	132	23	106	24	126	25	152	26	124	27	195	28	100	29	109	
	0	165	1	162	2	106	3	140	4	182	5	189	6	142	7	154	8	102	9	104	10	148	11	173	12	160	13	185	14	135	15	175	16	158	17	102	18	135	19	115	20	170	21	198	22	118	23	170	24	154	25	187	26	158	27	101	28	182	29	191	
	0	100	1	168	2	184	3	112	4	187	5	120	6	176	7	106	8	151	9	190	10	162	11	112	12	152	13	140	14	162	15	198	16	122	17	185	18	138	19	117	20	191	21	177	22	183	23	198	24	166	25	163	26	125	27	166	28	191	29	162	
	0	181	1	175	2	140	3	115	4	174	5	139	6	175	7	125	8	188	9	121	10	121	11	164	12	186	13	186	14	156	15	136	16	162	17	142	18	184	19	126	20	191	21	173	22	141	23	185	24	130	25	141	26	136	27	199	28	127	29	136	
	0	115	1	159	2	187	3	176	4	176	5	147	6	103	7	159	8	174	9	182	10	148	11	114	12	193	13	172	14	166	15	122	16	116	17	123	18	164	19	141	20	124	21	126	22	129	23	171	24	130	25	181	26	149	27	193	28	114	29	143	
	0	149	1	128	2	112	3	192	4	114	5	154	6	117	7	159	8	198	9	141	10	108	11	129	12	170	13	122	14	178	15	184	16	165	17	105	18	155	19	163	20	100	21	160	22	191	23	167	24	127	25	102	26	129	27	139	28	111	29	125	
	0	172	1	149	2	190	3	143	4	143	5	108	6	141	7	194	8	199	9	179	10	124	11	165	12	157	13	132	14	121	15	183	16	145	17	182	18	179	19	107	20	115	21	172	22	166	23	149	24	180	25	195	26	102	27	131	28	113	29	192	
	0	136	1	104	2	132	3	147	4	132	5	164	6	141	7	152	8	184	9	174	10	165	11	144	12	149	13	174	14	117	15	159	16	137	17	110	18	121	19	105	20	194	21	103	22	163	23	172	24	163	25	166	26	175	27	101	28	145	29	197	
	0	130	1	139	2	132	3	192	4	161	5	189	6	184	7	192	8	152	9	112	10	179	11	188	12	191	13	156	14	156	15	144	16	155	17	196	18	187	19	171	20	190	21	130	22	100	23	105	24	162	25	129	26	154	27	125	28	193	29	190	
	0	169	1	102	2	183	3	178	4	167	5	168	6	172	7	185	8	193	9	182	10	197	11	184	12	122	13	178	14	117	15	153	16	122	17	173	18	197	19	149	20	105	21	131	22	137	23	120	24	114	25	130	26	185	27	165	28	154	29	199	
	0	125	1	164	2	110	3	190	4	102	5	135	6	106	7	188	8	143	9	101	10	112	11	132	12	131	13	160	14	117	15	110	16	104	17	199	18	179	19	158	20	169	21	143	22	153	23	112	24	169	25	195	26	163	27	150	28	125	29	154	
	0	193	1	113	2	100	3	157	4	164	5	158	6	129	7	107	8	140	9	116	10	106	11	140	12	157	13	130	14	164	15	155	16	193	17	194	18	172	19	168	20	130	21	117	22	153	23	178	24	165	25	119	26	107	27	127	28	156	29	196	
	0	180	1	168	2	187	3	177	4	113	5	176	6	194	7	117	8	186	9	102	10	180	11	136	12	143	13	159	14	163	15	149	16	191	17	174	18	105	19	104	20	199	21	130	22	120	23	186	24	199	25	154	26	147	27	125	28	118	29	152	
	0	137	1	157	2	127	3	141	4	186	5	189	6	153	7	174	8	148	9	152	10	163	11	143	12	144	13	132	14	173	15	132	16	179	17	108	18	159	19	121	20	125	21	174	22	156	23	120	24	197	25	108	26	180	27	119	28	106	29	172	
	0	122	1	111	2	109	3	100	4	130	5	151	6	107	7	100	8	191	9	166	10	156	11	183	12	145	13	176	14	156	15	152	16	117	17	133	18	193	19	176	20	138	21	128	22	173	23	194	24	148	25	195	26	180	27	160	28	112	29	176	
	0	119	1	146	2	124	3	147	4	161	5	118	6	105	7	191	8	115	9	145	10	143	11	108	12	140	13	165	14	100	15	183	16	178	17	156	18	165	19	110	20	184	21	189	22	186	23	150	24	157	25	146	26	149	27	181	28	170	29	157	
	0	135	1	126	2	152	3	145	4	183	5	109	6	145	7	178	8	176	9	105	10	185	11	178	12	126	13	108	14	105	15	114	16	100	17	105	18	171	19	164	20	145	21	185	22	173	23	174	24	136	25	116	26	125	27	192	28	191	29	188	
	0	118	1	156	2	173	3	165	4	107	5	187	6	152	7	127	8	164	9	109	10	119	11	145	12	153	13	170	14	131	15	167	16	126	17	135	18	165	19	118	20	140	21	164	22	104	23	120	24	116	25	160	26	181	27	106	28	134	29	167	
	0	185	1	108	2	138	3	133	4	186	5	156	6	114	7	102	8	150	9	163	10	167	11	178	12	113	13	126	14	151	15	184	16	114	17	156	18	152	19	104	20	194	21	165	22	140	23	128	24	110	25	162	26	188	27	126	28	163	29	112	
	0	163	1	175	2	115	3	119	4	111	5	154	6	149	7	121	8	119	9	128	10	165	11	193	12	186	13	114	14	180	15	121	16	151	17	138	18	180	19	151	20	123	21	144	22	153	23	155	24	119	25	104	26	183	27	136	28	106	29	164	
	0	147	1	150	2	187	3	155	4	101	5	135	6	116	7	130	8	196	9	142	10	153	11	124	12	142	13	131	14	104	15	181	16	110	17	122	18	106	19	151	20	149	21	116	22	138	23	196	24	105	25	144	26	197	27	188	28	117	29	156	
	0	166	1	144	2	145	3	103	4	132	5	149	6	192	7	163	8	167	9	107	10	165	11	100	12	188	13	145	14	181	15	119	16	106	17	162	18	153	19	181	20	170	21	139	22	107	23	156	24	166	25	155	26	101	27	104	28	158	29	184	
	0	141	1	100	2	143	3	123	4	120	5	196	6	102	7	128	8	164	9	156	10	145	11	193	12	118	13	170	14	105	15	141	16	184	17	144	18	192	19	189	20	179	21	121	22	193	23	125	24	105	25	154	26	123	27	134	28	178	29	123	
	0	178	1	169	2	189	3	179	4	154	5	184	6	134	7	173	8	195	9	116	10	120	11	188	12	145	13	121	14	173	15	178	16	114	17	147	18	169	19	171	20	149	21	107	22	153	23	140	24	134	25	123	26	160	27	170	28	196	29	136	
	0	133	1	124	2	122	3	149	4	128	5	122	6	163	7	100	8	142	9	190	10	116	11	149	12	136	13	145	14	145	15	199	16	139	17	146	18	113	19	119	20	124	21	150	22	182	23	184	24	151	25	104	26	185	27	168	28	134	29	141	
	0	174	1	134	2	120	3	136	4	137	5	193	6	119	7	140	8	173	9	178	10	171	11	174	12	146	13	159	14	145	15	186	16	158	17	198	18	189	19	139	20	136	21	156	22	124	23	199	24	191	25	111	26	161	27	162	28	142	29	108	
	0	174	1	194	2	177	3	175	4	148	5	175	6	195	7	189	8	133	9	109	10	157	11	196	12	179	13	143	14	176	15	142	16	134	17	104	18	143	19	119	20	105	21	193	22	189	23	164	24	197	25	101	26	107	27	193	28	143	29	137	
	0	117	1	127	2	181	3	189	4	148	5	112	6	161	7	129	8	140	9	122	10	139	11	105	12	155	13	182	14	192	15	175	16	146	17	118	18	175	19	130	20	114	21	101	22	188	23	152	24	128	25	138	26	100	27	181	28	187	29	193	
	0	113	1	143	2	151	3	117	4	134	5	151	6	136	7	165	8	195	9	197	10	100	11	190	12	147	13	117	14	174	15	189	16	131	17	171	18	148	19	115	20	121	21	116	22	148	23	120	24	185	25	183	26	119	27	130	28	136	29	158	
	0	114	1	155	2	102	3	174	4	115	5	198	6	138	7	162	8	196	9	129	10	158	11	193	12	123	13	135	14	144	15	144	16	135	17	172	18	160	19	102	20	130	21	181	22	175	23	130	24	188	25	166	26	118	27	151	28	115	29	152	
	0	149	1	196	2	150	3	177	4	128	5	123	6	112	7	182	8	160	9	104	10	186	11	152	12	137	13	143	14	198	15	167	16	159	17	126	18	153	19	160	20	184	21	174	22	160	23	148	24	134	25	113	26	155	27	104	28	182	29	124	
	0	137	1	108	2	196	3	167	4	192	5	120	6	190	7	174	8	188	9	137	10	144	11	105	12	160	13	183	14	142	15	104	16	151	17	191	18	187	19	163	20	165	21	165	22	100	23	121	24	159	25	112	26	109	27	160	28	101	29	137	
	0	164	1	130	2	163	3	142	4	189	5	192	6	151	7	179	8	127	9	162	10	119	11	131	12	127	13	131	14	178	15	150	16	199	17	123	18	168	19	188	20	189	21	164	22	111	23	102	24	123	25	192	26	178	27	197	28	161	29	155	
	0	105	1	182	2	166	3	108	4	163	5	146	6	138	7	138	8	105	9	155	10	108	11	177	12	195	13	193	14	172	15	108	16	121	17	144	18	102	19	122	20	100	21	144	22	183	23	184	24	183	25	108	26	148	27	158	28	149	29	167	
	0	161	1	138	2	100	3	158	4	190	5	196	6	168	7	184	8	154	9	121	10	135	11	123	12	137	13	113	14	125	15	105	16	148	17	159	18	137	19	157	20	109	21	167	22	131	23	189	24	108	25	196	26	148	27	118	28	131	29	145	
	0	176	1	150	2	181	3	174	4	198	5	135	6	102	7	172	8	115	9	172	10	186	11	137	12	116	13	197	14	111	15	183	16	110	17	144	18	190	19	128	20	114	21	114	22	149	23	159	24	197	25	174	26	173	27	194	28	135	29	104	
	0	175	1	195	2	155	3	163	4	146	5	138	6	123	7	137	8	132	9	133	10	158	11	190	12	196	13	103	14	138	15	109	16	132	17	119	18	125	19	118	20	103	21	176	22	107	23	147	24	115	25	138	26	111	27	166	28	109	29	180	
	0	147	1	111	2	170	3	137	4	190	5	108	6	171	7	179	8	134	9	121	10	121	11	174	12	198	13	142	14	143	15	142	16	162	17	184	18	101	19	120	20	150	21	152	22	133	23	122	24	141	25	131	26	169	27	159	28	175	29	127	
	0	105	1	149	2	181	3	191	4	102	5	123	6	122	7	154	8	108	9	135	10	103	11	154	12	101	13	197	14	124	15	185	16	168	17	122	18	119	19	193	20	165	21	171	22	137	23	160	24	151	25	186	26	155	27	159	28	104	29	176	
	0	175	1	168	2	192	3	134	4	169	5	107	6	197	7	113	8	109	9	113	10	126	11	172	12	152	13	157	14	116	15	184	16	159	17	173	18	102	19	120	20	111	21	157	22	110	23	192	24	134	25	179	26	186	27	137	28	174	29	170	
	0	180	1	131	2	190	3	124	4	118	5	157	6	199	7	136	8	145	9	154	10	141	11	178	12	113	13	189	14	159	15	158	16	122	17	196	18	187	19	175	20	186	21	115	22	119	23	192	24	183	25	187	26	153	27	126	28	136	29	142	
	0	138	1	117	2	148	3	141	4	184	5	161	6	156	7	108	8	126	9	169	10	123	11	179	12	117	13	115	14	140	15	183	16	100	17	104	18	190	19	125	20	144	21	131	22	151	23	199	24	134	25	197	26	135	27	116	28	175	29	167	
	0	125	1	129	2	195	3	155	4	194	5	109	6	189	7	170	8	161	9	107	10	147	11	131	12	167	13	160	14	133	15	166	16	115	17	133	18	168	19	195	20	146	21	198	22	158	23	110	24	145	25	104	26	113	27	133	28	184	29	182	
	0	163	1	183	2	176	3	182	4	192	5	145	6	101	7	169	8	142	9	155	10	170	11	140	12	189	13	138	14	161	15	189	16	185	17	165	18	190	19	103	20	199	21	117	22	180	23	197	24	126	25	138	26	165	27	115	28	164	29	143	
	0	136	1	102	2	168	3	123	4	137	5	118	6	106	7	194	8	104	9	115	10	117	11	144	12	142	13	113	14	113	15	128	16	137	17	106	18	122	19	153	20	170	21	161	22	137	23	183	24	118	25	156	26	178	27	184	28	198	29	143	
	0	182	1	175	2	101	3	112	4	124	5	145	6	137	7	184	8	108	9	107	10	156	11	100	12	128	13	128	14	133	15	193	16	151	17	184	18	163	19	150	20	107	21	107	22	155	23	151	24	173	25	155	26	170	27	184	28	144	29	125	
	0	117	1	124	2	185	3	179	4	145	5	116	6	103	7	179	8	127	9	192	10	159	11	168	12	178	13	136	14	110	15	181	16	120	17	129	18	142	19	104	20	162	21	162	22	191	23	170	24	139	25	102	26	152	27	161	28	169	29	184	
	0	151	1	151	2	113	3	139	4	154	5	108	6	197	7	197	8	199	9	103	10	199	11	179	12	155	13	100	14	176	15	102	16	175	17	194	18	170	19	175	20	151	21	160	22	124	23	170	24	160	25	101	26	121	27	133	28	158	29	172	
	0	196	1	114	2	151	3	116	4	111	5	163	6	100	7	112	8	141	9	129	10	181	11	151	12	110	13	131	14	143	15	135	16	155	17	112	18	107	19	191	20	140	21	169	22	150	23	117	24	175	25	162	26	197	27	126	28	126	29	137	
	0	166	1	193	2	149	3	152	4	112	5	166	6	113	7	124	8	101	9	175	10	113	11	126	12	114	13	170	14	164	15	174	16	140	17	170	18	179	19	180	20	118	21	140	22	121	23	131	24	166	25	191	26	161	27	193	28	114	29	135	
	0	168	1	177	2	193	3	131	4	141	5	139	6	131	7	119	8	114	9	190	10	125	11	133	12	133	13	105	14	105	15	123	16	107	17	136	18	178	19	145	20	132	21	147	22	145	23	109	24	185	25	147	26	148	27	145	28	180	29	188	
	0	136	1	122	2	135	3	189	4	135	5	195	6	104	7	139	8	142	9	173	10	159	11	186	12	194	13	148	14	140	15	193	16	170	17	148	18	133	19	151	20	141	21	183	22	138	23	172	24	158	25	174	26	157	27	111	28	160	29	196	
	0	185	1	127	2	181	3	182	4	118	5	121	6	163	7	181	8	153	9	160	10	163	11	170	12	110	13	171	14	110	15	123	16	164	17	184	18	117	19	184	20	150	21	129	22	184	23	121	24	125	25	113	26	179	27	187	28	197	29	162	
	0	169	1	175	2	124	3	114	4	183	5	170	6	109	7	113	8	170	9	151	10	178	11	153	12	141	13	172	14	175	15	185	16	181	17	196	18	100	19	148	20	162	21	186	22	101	23	162	24	195	25	102	26	192	27	132	28	179	29	189	
	0	147	1	145	2	192	3	142	4	109	5	197	6	129	7	172	8	176	9	122	10	111	11	196	12	178	13	187	14	124	15	157	16	165	17	189	18	109	19	191	20	167	21	186	22	158	23	184	24	106	25	108	26	196	27	198	28	177	29	138	
	0	154	1	178	2	105	3	122	4	161	5	111	6	172	7	155	8	143	9	171	10	100	11	123	12	151	13	130	14	172	15	166	16	136	17	180	18	192	19	150	20	172	21	161	22	178	23	146	24	187	25	141	26	102	27	145	28	165	29	199	
	0	126	1	159	2	184	3	127	4	103	5	147	6	155	7	163	8	145	9	149	10	109	11	187	12	109	13	121	14	102	15	121	16	134	17	198	18	177	19	188	20	141	21	168	22	134	23	158	24	138	25	171	26	143	27	149	28	156	29	168	
	0	162	1	134	2	109	3	143	4	158	5	152	6	164	7	155	8	151	9	141	10	140	11	187	12	107	13	160	14	138	15	146	16	164	17	118	18	162	19	102	20	180	21	167	22	111	23	163	24	184	25	165	26	141	27	122	28	173	29	136	
	0	177	1	197	2	193	3	106	4	100	5	141	6	190	7	133	8	160	9	147	10	101	11	122	12	180	13	133	14	110	15	158	16	175	17	128	18	120	19	197	20	137	21	168	22	143	23	132	24	150	25	196	26	150	27	106	28	124	29	172	
	0	189	1	154	2	148	3	185	4	188	5	165	6	136	7	186	8	154	9	199	10	108	11	154	12	112	13	117	14	103	15	123	16	184	17	113	18	169	19	131	20	175	21	165	22	183	23	146	24	168	25	155	26	115	27	146	28	108	29	110	
	0	143	1	174	2	111	3	163	4	153	5	175	6	195	7	187	8	105	9	170	10	197	11	132	12	107	13	184	14	153	15	155	16	103	17	180	18	155	19	168	20	111	21	109	22	144	23	171	24	196	25	140	26	118	27	127	28	197	29	125	
	0	101	1	153	2	122	3	171	4	167	5	171	6	145	7	115	8	195	9	193	10	155	11	141	12	175	13	169	14	169	15	113	16	139	17	147	18	105	19	161	20	178	21	165	22	145	23	128	24	196	25	138	26	180	27	104	28	181	29	170	
	0	105	1	157	2	118	3	106	4	113	5	106	6	126	7	110	8	131	9	133	10	148	11	178	12	178	13	106	14	144	15	111	16	191	17	150	18	112	19	175	20	110	21	154	22	117	23	199	24	144	25	143	26	183	27	150	28	155	29	104	
	0	118	1	131	2	142	3	179	4	119	5	170	6	135	7	170	8	199	9	168	10	108	11	198	12	150	13	175	14	130	15	171	16	124	17	164	18	109	19	146	20	106	21	155	22	140	23	134	24	140	25	191	26	112	27	158	28	144	29	145	
	0	169	1	154	2	159	3	118	4	145	5	162	6	123	7	148	8	138	9	132	10	161	11	193	12	135	13	101	14	144	15	184	16	167	17	118	18	160	19	170	20	169	21	125	22	129	23	116	24	100	25	107	26	156	27	147	28	155	29	138	
	0	172	1	184	2	177	3	176	4	121	5	167	6	177	7	119	8	199	9	173	10	156	11	184	12	190	13	177	14	124	15	178	16	151	17	128	18	156	19	112	20	138	21	187	22	101	23	159	24	110	25	198	26	134	27	179	28	131	29	100	
	0	143	1	190	2	123	3	114	4	145	5	166	6	181	7	114	8	114	9	104	10	106	11	164	12	179	13	105	14	138	15	104	16	184	17	198	18	159	19	131	20	123	21	128	22	148	23	129	24	133	25	181	26	109	27	184	28	154	29	115	