100 30 1
30
	0	148	1	158	2	180	3	123	4	146	5	100	6	115	7	168	8	140	9	174	10	110	11	173	12	133	13	166	14	160	15	104	16	197	17	115	18	198	19	147	20	196	21	143	22	195	23	131	24	100	25	135	26	128	27	174	28	197	29	171	
	0	193	1	116	2	129	3	182	4	104	5	194	6	129	7	139	8	114	9	190	10	121	11	102	12	160	13	183	14	104	15	164	16	111	17	176	18	173	19	185	20	100	21	179	22	106	23	176	24	188	25	104	26	170	27	178	28	159	29	185	
	0	162	1	113	2	196	3	128	4	120	5	100	6	197	7	151	8	172	9	192	10	165	11	177	12	172	13	105	14	129	15	175	16	112	17	147	18	135	19	180	20	131	21	132	22	130	23	110	24	118	25	150	26	170	27	195	28	103	29	147	
	0	147	1	151	2	162	3	181	4	154	5	137	6	191	7	113	8	140	9	194	10	119	11	199	12	100	13	187	14	109	15	119	16	188	17	137	18	169	19	172	20	100	21	194	22	173	23	199	24	115	25	136	26	172	27	180	28	162	29	119	
	0	157	1	124	2	115	3	138	4	116	5	186	6	115	7	110	8	188	9	183	10	104	11	141	12	185	13	185	14	191	15	162	16	128	17	185	18	110	19	106	20	182	21	161	22	138	23	111	24	198	25	125	26	171	27	138	28	132	29	171	
	0	177	1	178	2	123	3	162	4	103	5	177	6	173	7	140	8	155	9	108	10	126	11	135	12	162	13	146	14	199	15	198	16	170	17	146	18	110	19	197	20	198	21	105	22	156	23	190	24	148	25	139	26	126	27	112	28	151	29	199	
	0	181	1	166	2	121	3	106	4	149	5	194	6	188	7	137	8	192	9	124	10	109	11	107	12	117	13	105	14	101	15	104	16	164	17	173	18	156	19	109	20	169	21	109	22	152	23	134	24	194	25	167	26	128	27	106	28	109	29	171	
	0	178	1	147	2	171	3	142	4	163	5	113	6	111	7	138	8	105	9	129	10	143	11	194	12	147	13	146	14	169	15	178	16	141	17	120	18	105	19	162	20	199	21	157	22	151	23	135	24	113	25	173	26	157	27	182	28	129	29	199	
	0	168	1	146	2	101	3	147	4	176	5	158	6	111	7	139	8	153	9	192	10	159	11	109	12	124	13	149	14	184	15	142	16	175	17	112	18	155	19	149	20	154	21	131	22	101	23	115	24	179	25	136	26	196	27	123	28	197	29	174	
	0	146	1	168	2	153	3	113	4	199	5	118	6	154	7	179	8	140	9	190	10	171	11	186	12	153	13	129	14	171	15	178	16	175	17	116	18	137	19	160	20	142	21	163	22	198	23	125	24	151	25	123	26	129	27	113	28	154	29	163	
	0	145	1	177	2	169	3	123	4	146	5	152	6	112	7	132	8	146	9	125	10	128	11	104	12	130	13	158	14	131	15	197	16	170	17	104	18	157	19	197	20	149	21	167	22	111	23	134	24	178	25	198	26	190	27	185	28	133	29	145	
	0	186	1	197	2	107	3	139	4	116	5	120	6	110	7	102	8	153	9	109	10	131	11	147	12	110	13	162	14	157	15	110	16	118	17	174	18	111	19	183	20	179	21	148	22	198	23	167	24	113	25	150	26	150	27	166	28	124	29	109	
	0	139	1	155	2	173	3	126	4	180	5	161	6	108	7	157	8	157	9	149	10	197	11	134	12	194	13	149	14	169	15	196	16	128	17	104	18	149	19	115	20	158	21	141	22	199	23	196	24	172	25	170	26	124	27	188	28	145	29	116	
	0	186	1	150	2	108	3	101	4	150	5	148	6	183	7	171	8	189	9	116	10	155	11	160	12	185	13	170	14	187	15	168	16	107	17	110	18	131	19	142	20	153	21	145	22	196	23	135	24	114	25	196	26	143	27	126	28	197	29	123	
	0	144	1	149	2	148	3	165	4	175	5	137	6	173	7	185	8	182	9	144	10	103	11	187	12	192	13	143	14	152	15	197	16	173	17	152	18	102	19	115	20	122	21	114	22	133	23	187	24	101	25	112	26	128	27	105	28	112	29	101	
	0	196	1	148	2	187	3	176	4	145	5	190	6	123	7	133	8	155	9	185	10	193	11	140	12	122	13	167	14	197	15	182	16	106	17	188	18	169	19	104	20	192	21	125	22	145	23	107	24	141	25	153	26	133	27	146	28	149	29	179	
	0	153	1	109	2	151	3	121	4	129	5	138	6	107	7	156	8	198	9	188	10	195	11	166	12	102	13	120	14	170	15	147	16	148	17	197	18	144	19	118	20	191	21	172	22	147	23	178	24	121	25	104	26	114	27	127	28	107	29	113	
	0	189	1	193	2	160	3	172	4	116	5	140	6	195	7	195	8	105	9	169	10	179	11	177	12	153	13	118	14	119	15	168	16	155	17	126	18	111	19	133	20	114	21	123	22	166	23	102	24	120	25	195	26	173	27	179	28	131	29	177	
	0	144	1	162	2	143	3	113	4	120	5	184	6	175	7	129	8	153	9	166	10	122	11	115	12	171	13	174	14	142	15	153	16	129	17	119	18	192	19	199	20	197	21	120	22	110	23	155	24	175	25	179	26	179	27	131	28	132	29	151	
	0	101	1	164	2	175	3	100	4	117	5	161	6	165	7	191	8	195	9	102	10	126	11	175	12	148	13	199	14	172	15	126	16	118	17	169	18	175	19	114	20	151	21	103	22	102	23	123	24	122	25	127	26	150	27	197	28	120	29	163	
	0	100	1	184	2	115	3	191	4	198	5	192	6	173	7	130	8	103	9	188	10	156	11	145	12	135	13	115	14	185	15	193	16	176	17	117	18	147	19	152	20	130	21	140	22	106	23	106	24	126	25	106	26	162	27	134	28	194	29	120	
	0	126	1	108	2	149	3	125	4	133	5	191	6	134	7	118	8	141	9	127	10	138	11	182	12	115	13	185	14	168	15	165	16	178	17	136	18	109	19	195	20	115	21	197	22	106	23	174	24	159	25	163	26	162	27	177	28	149	29	112	
	0	132	1	187	2	131	3	196	4	105	5	168	6	180	7	118	8	126	9	137	10	143	11	130	12	131	13	163	14	179	15	107	16	124	17	166	18	116	19	178	20	189	21	159	22	122	23	168	24	186	25	119	26	180	27	184	28	124	29	161	
	0	167	1	185	2	152	3	151	4	198	5	151	6	129	7	148	8	175	9	154	10	152	11	129	12	180	13	173	14	100	15	190	16	188	17	105	18	116	19	150	20	153	21	173	22	147	23	147	24	151	25	126	26	127	27	104	28	178	29	131	
	0	198	1	196	2	177	3	134	4	193	5	199	6	150	7	107	8	162	9	125	10	175	11	135	12	165	13	127	14	176	15	133	16	167	17	147	18	195	19	169	20	108	21	108	22	138	23	134	24	132	25	102	26	146	27	194	28	156	29	104	
	0	113	1	113	2	107	3	159	4	122	5	130	6	132	7	180	8	113	9	198	10	115	11	147	12	199	13	143	14	160	15	127	16	155	17	158	18	183	19	162	20	147	21	170	22	179	23	165	24	134	25	168	26	130	27	148	28	140	29	144	
	0	143	1	148	2	145	3	146	4	179	5	179	6	114	7	198	8	100	9	198	10	153	11	105	12	192	13	198	14	176	15	112	16	110	17	192	18	105	19	196	20	100	21	182	22	145	23	173	24	130	25	160	26	191	27	137	28	150	29	153	
	0	104	1	164	2	130	3	132	4	106	5	105	6	122	7	194	8	166	9	188	10	115	11	152	12	143	13	128	14	193	15	182	16	101	17	149	18	135	19	191	20	178	21	150	22	139	23	125	24	164	25	193	26	108	27	126	28	148	29	147	
	0	153	1	149	2	159	3	159	4	117	5	122	6	112	7	151	8	136	9	129	10	173	11	154	12	170	13	182	14	164	15	147	16	102	17	127	18	182	19	174	20	183	21	119	22	186	23	101	24	178	25	138	26	121	27	142	28	127	29	198	
	0	141	1	147	2	110	3	180	4	184	5	116	6	130	7	177	8	179	9	140	10	198	11	165	12	172	13	139	14	108	15	121	16	178	17	125	18	167	19	141	20	152	21	128	22	149	23	165	24	129	25	101	26	163	27	165	28	119	29	116	
	0	141	1	120	2	105	3	173	4	185	5	118	6	147	7	171	8	162	9	183	10	174	11	172	12	131	13	152	14	162	15	132	16	107	17	105	18	150	19	147	20	101	21	132	22	102	23	130	24	153	25	196	26	166	27	138	28	116	29	194	
	0	158	1	160	2	134	3	158	4	170	5	108	6	190	7	196	8	145	9	173	10	180	11	124	12	107	13	111	14	134	15	144	16	188	17	108	18	128	19	125	20	135	21	149	22	123	23	128	24	144	25	132	26	117	27	197	28	171	29	108	
	0	187	1	101	2	143	3	185	4	159	5	114	6	194	7	118	8	145	9	112	10	145	11	109	12	138	13	130	14	172	15	184	16	173	17	119	18	193	19	119	20	187	21	153	22	167	23	171	24	177	25	170	26	183	27	151	28	131	29	139	
	0	126	1	170	2	127	3	178	4	105	5	123	6	184	7	192	8	154	9	101	10	147	11	171	12	196	13	127	14	193	15	126	16	183	17	133	18	159	19	103	20	153	21	145	22	199	23	162	24	153	25	172	26	155	27	184	28	179	29	153	
	0	184	1	135	2	108	3	113	4	180	5	101	6	116	7	146	8	193	9	153	10	170	11	146	12	154	13	165	14	149	15	115	16	113	17	190	18	178	19	164	20	133	21	154	22	193	23	159	24	132	25	144	26	180	27	162	28	121	29	155	
	0	118	1	125	2	127	3	172	4	114	5	145	6	139	7	139	8	117	9	167	10	189	11	192	12	186	13	172	14	100	15	154	16	181	17	190	18	101	19	146	20	110	21	165	22	109	23	190	24	112	25	192	26	128	27	102	28	130	29	179	
	0	103	1	159	2	118	3	132	4	149	5	195	6	166	7	194	8	154	9	194	10	188	11	101	12	117	13	150	14	126	15	129	16	136	17	199	18	186	19	119	20	138	21	161	22	143	23	126	24	169	25	174	26	135	27	168	28	109	29	177	
	0	137	1	156	2	190	3	197	4	143	5	120	6	102	7	124	8	117	9	183	10	191	11	147	12	139	13	152	14	120	15	167	16	122	17	199	18	166	19	170	20	183	21	170	22	123	23	152	24	145	25	149	26	155	27	137	28	117	29	139	
	0	172	1	196	2	131	3	172	4	180	5	199	6	156	7	163	8	161	9	190	10	183	11	133	12	149	13	182	14	193	15	181	16	123	17	178	18	158	19	147	20	194	21	128	22	105	23	196	24	137	25	114	26	196	27	155	28	113	29	133	
	0	178	1	194	2	184	3	156	4	154	5	193	6	107	7	130	8	181	9	100	10	107	11	129	12	123	13	112	14	100	15	195	16	171	17	127	18	158	19	147	20	181	21	113	22	157	23	134	24	190	25	184	26	124	27	180	28	172	29	196	
	0	154	1	161	2	147	3	108	4	122	5	188	6	163	7	101	8	106	9	199	10	199	11	144	12	184	13	106	14	159	15	132	16	156	17	155	18	143	19	174	20	100	21	159	22	149	23	169	24	197	25	102	26	154	27	154	28	156	29	105	
	0	116	1	120	2	143	3	161	4	123	5	165	6	146	7	109	8	122	9	101	10	145	11	184	12	105	13	121	14	123	15	161	16	166	17	184	18	169	19	188	20	125	21	118	22	106	23	186	24	117	25	170	26	148	27	105	28	176	29	106	
	0	100	1	158	2	114	3	154	4	114	5	101	6	151	7	190	8	172	9	174	10	103	11	141	12	169	13	163	14	156	15	150	16	161	17	165	18	127	19	170	20	136	21	119	22	179	23	120	24	168	25	199	26	128	27	145	28	161	29	132	
	0	108	1	129	2	117	3	162	4	168	5	180	6	168	7	172	8	126	9	130	10	187	11	148	12	114	13	132	14	152	15	142	16	115	17	119	18	157	19	143	20	160	21	132	22	175	23	189	24	172	25	127	26	158	27	187	28	143	29	110	
	0	112	1	117	2	179	3	114	4	126	5	186	6	136	7	128	8	150	9	188	10	140	11	105	12	159	13	179	14	147	15	199	16	196	17	175	18	146	19	149	20	105	21	186	22	131	23	119	24	168	25	172	26	133	27	167	28	139	29	145	
	0	122	1	105	2	125	3	150	4	176	5	149	6	100	7	122	8	140	9	114	10	191	11	172	12	130	13	115	14	142	15	161	16	121	17	123	18	107	19	184	20	166	21	135	22	159	23	115	24	169	25	107	26	110	27	161	28	176	29	105	
	0	131	1	129	2	134	3	153	4	188	5	146	6	115	7	158	8	103	9	137	10	121	11	156	12	187	13	108	14	151	15	157	16	162	17	181	18	162	19	169	20	171	21	199	22	118	23	165	24	139	25	153	26	106	27	195	28	129	29	177	
	0	157	1	144	2	132	3	133	4	133	5	116	6	158	7	180	8	145	9	146	10	186	11	187	12	199	13	112	14	114	15	100	16	156	17	102	18	108	19	185	20	136	21	108	22	131	23	162	24	179	25	175	26	154	27	169	28	171	29	172	
	0	133	1	182	2	155	3	116	4	180	5	122	6	163	7	128	8	110	9	174	10	189	11	140	12	178	13	169	14	114	15	167	16	196	17	108	18	160	19	178	20	119	21	134	22	161	23	159	24	191	25	167	26	128	27	110	28	160	29	166	
	0	146	1	198	2	187	3	106	4	102	5	185	6	199	7	199	8	118	9	117	10	147	11	106	12	168	13	145	14	191	15	187	16	110	17	133	18	130	19	112	20	151	21	114	22	100	23	187	24	103	25	145	26	160	27	177	28	193	29	157	
	0	129	1	145	2	195	3	157	4	101	5	147	6	102	7	180	8	131	9	166	10	137	11	145	12	147	13	138	14	117	15	143	16	180	17	192	18	167	19	190	20	159	21	112	22	182	23	153	24	195	25	104	26	187	27	167	28	164	29	143	
	0	127	1	180	2	156	3	177	4	156	5	129	6	141	7	183	8	129	9	132	10	174	11	179	12	148	13	111	14	197	15	121	16	125	17	156	18	186	19	109	20	177	21	110	22	102	23	192	24	164	25	155	26	143	27	154	28	181	29	169	
	0	177	1	183	2	145	3	152	4	130	5	183	6	176	7	125	8	190	9	181	10	108	11	169	12	132	13	155	14	114	15	102	16	194	17	111	18	123	19	143	20	109	21	161	22	196	23	108	24	185	25	116	26	154	27	184	28	189	29	117	
	0	153	1	142	2	178	3	160	4	132	5	104	6	142	7	170	8	190	9	110	10	192	11	104	12	117	13	188	14	171	15	145	16	109	17	151	18	128	19	119	20	195	21	185	22	129	23	144	24	119	25	133	26	171	27	157	28	119	29	129	
	0	117	1	104	2	127	3	180	4	163	5	178	6	199	7	100	8	142	9	195	10	196	11	160	12	195	13	198	14	171	15	184	16	169	17	134	18	103	19	181	20	161	21	119	22	138	23	173	24	145	25	164	26	120	27	117	28	149	29	189	
	0	156	1	105	2	106	3	172	4	103	5	189	6	124	7	184	8	126	9	116	10	108	11	122	12	140	13	179	14	115	15	166	16	139	17	181	18	146	19	198	20	181	21	166	22	107	23	130	24	191	25	155	26	133	27	138	28	141	29	191	
	0	121	1	161	2	103	3	104	4	153	5	148	6	177	7	126	8	165	9	136	10	106	11	185	12	148	13	150	14	124	15	198	16	129	17	191	18	140	19	107	20	172	21	184	22	111	23	128	24	164	25	168	26	115	27	139	28	158	29	141	
	0	183	1	101	2	192	3	117	4	127	5	106	6	105	7	113	8	180	9	190	10	103	11	145	12	199	13	178	14	171	15	199	16	178	17	179	18	199	19	195	20	102	21	155	22	193	23	160	24	118	25	188	26	175	27	129	28	149	29	186	
	0	188	1	106	2	194	3	125	4	163	5	158	6	177	7	152	8	120	9	174	10	106	11	123	12	108	13	127	14	159	15	119	16	137	17	162	18	139	19	196	20	151	21	181	22	138	23	112	24	121	25	175	26	120	27	178	28	153	29	117	
	0	105	1	174	2	199	3	104	4	114	5	156	6	125	7	102	8	104	9	177	10	140	11	168	12	165	13	191	14	118	15	170	16	136	17	136	18	161	19	107	20	191	21	130	22	140	23	165	24	148	25	110	26	117	27	145	28	153	29	134	
	0	192	1	184	2	144	3	146	4	106	5	161	6	111	7	185	8	114	9	126	10	189	11	198	12	189	13	191	14	131	15	199	16	140	17	178	18	162	19	186	20	189	21	105	22	130	23	192	24	142	25	115	26	198	27	101	28	129	29	197	
	0	103	1	155	2	129	3	134	4	149	5	131	6	138	7	121	8	137	9	102	10	154	11	123	12	162	13	113	14	128	15	101	16	110	17	151	18	146	19	175	20	180	21	164	22	134	23	153	24	136	25	148	26	113	27	147	28	106	29	106	
	0	101	1	140	2	157	3	107	4	149	5	159	6	161	7	103	8	151	9	161	10	152	11	125	12	162	13	179	14	102	15	120	16	193	17	129	18	195	19	195	20	129	21	105	22	178	23	163	24	155	25	174	26	157	27	188	28	154	29	192	
	0	156	1	124	2	164	3	141	4	178	5	176	6	139	7	147	8	179	9	153	10	120	11	160	12	192	13	175	14	160	15	151	16	186	17	178	18	132	19	169	20	106	21	102	22	119	23	152	24	185	25	181	26	190	27	169	28	104	29	185	
	0	147	1	136	2	139	3	136	4	163	5	137	6	156	7	166	8	187	9	186	10	119	11	101	12	178	13	107	14	148	15	172	16	174	17	100	18	185	19	188	20	128	21	161	22	155	23	189	24	117	25	108	26	124	27	192	28	128	29	125	
	0	171	1	198	2	158	3	150	4	147	5	148	6	105	7	191	8	161	9	119	10	173	11	128	12	130	13	140	14	133	15	162	16	178	17	116	18	103	19	156	20	184	21	133	22	134	23	194	24	154	25	124	26	168	27	161	28	111	29	191	
	0	160	1	103	2	104	3	125	4	102	5	154	6	161	7	102	8	144	9	192	10	179	11	101	12	173	13	133	14	127	15	192	16	180	17	164	18	188	19	194	20	179	21	121	22	118	23	177	24	169	25	188	26	135	27	123	28	159	29	128	
	0	123	1	155	2	183	3	114	4	197	5	144	6	119	7	101	8	196	9	105	10	149	11	139	12	172	13	117	14	184	15	117	16	175	17	104	18	140	19	146	20	100	21	131	22	182	23	178	24	175	25	176	26	199	27	110	28	137	29	177	
	0	170	1	199	2	116	3	167	4	149	5	175	6	140	7	100	8	129	9	141	10	105	11	122	12	143	13	185	14	193	15	163	16	164	17	197	18	141	19	177	20	100	21	183	22	136	23	111	24	108	25	146	26	160	27	135	28	161	29	121	
	0	182	1	136	2	189	3	159	4	144	5	191	6	129	7	109	8	134	9	137	10	128	11	147	12	131	13	127	14	136	15	102	16	130	17	187	18	159	19	171	20	105	21	157	22	121	23	107	24	129	25	174	26	197	27	107	28	136	29	101	
	0	182	1	152	2	176	3	102	4	125	5	124	6	193	7	155	8	104	9	129	10	131	11	115	12	181	13	115	14	170	15	122	16	125	17	100	18	123	19	181	20	140	21	160	22	180	23	123	24	107	25	152	26	175	27	168	28	146	29	199	
	0	171	1	182	2	104	3	100	4	153	5	184	6	188	7	191	8	127	9	192	10	178	11	155	12	111	13	193	14	195	15	149	16	183	17	179	18	137	19	102	20	136	21	100	22	163	23	128	24	189	25	183	26	134	27	163	28	134	29	160	
	0	146	1	152	2	114	3	110	4	112	5	124	6	183	7	177	8	180	9	142	10	165	11	153	12	170	13	118	14	158	15	181	16	189	17	157	18	109	19	112	20	138	21	118	22	169	23	109	24	196	25	108	26	165	27	125	28	185	29	143	
	0	178	1	187	2	149	3	129	4	117	5	134	6	117	7	197	8	195	9	143	10	184	11	146	12	187	13	186	14	169	15	154	16	112	17	145	18	153	19	107	20	145	21	163	22	193	23	172	24	177	25	192	26	136	27	122	28	135	29	114	
	0	169	1	157	2	111	3	133	4	163	5	126	6	199	7	193	8	116	9	166	10	133	11	100	12	124	13	152	14	146	15	175	16	187	17	136	18	165	19	165	20	195	21	152	22	162	23	167	24	137	25	161	26	102	27	160	28	165	29	199	
	0	155	1	145	2	173	3	180	4	156	5	154	6	120	7	166	8	104	9	135	10	157	11	108	12	101	13	145	14	124	15	138	16	173	17	165	18	107	19	124	20	152	21	127	22	129	23	110	24	192	25	177	26	188	27	109	28	146	29	155	
	0	113	1	176	2	114	3	163	4	146	5	142	6	135	7	109	8	180	9	191	10	148	11	113	12	187	13	102	14	191	15	114	16	188	17	170	18	137	19	111	20	126	21	125	22	171	23	157	24	104	25	178	26	108	27	176	28	183	29	115	
	0	147	1	151	2	163	3	115	4	175	5	158	6	188	7	171	8	155	9	199	10	104	11	168	12	112	13	114	14	152	15	145	16	127	17	122	18	172	19	182	20	193	21	197	22	168	23	184	24	140	25	112	26	177	27	189	28	161	29	148	
	0	157	1	192	2	175	3	125	4	147	5	190	6	159	7	140	8	151	9	148	10	131	11	160	12	106	13	133	14	156	15	174	16	133	17	132	18	165	19	159	20	125	21	144	22	189	23	168	24	116	25	136	26	105	27	196	28	107	29	137	
	0	176	1	185	2	139	3	151	4	107	5	192	6	101	7	103	8	113	9	153	10	146	11	192	12	140	13	164	14	188	15	198	16	115	17	133	18	189	19	184	20	109	21	103	22	194	23	194	24	154	25	123	26	119	27	190	28	172	29	185	
	0	170	1	188	2	144	3	151	4	185	5	121	6	167	7	190	8	149	9	156	10	158	11	151	12	133	13	104	14	134	15	135	16	149	17	107	18	189	19	168	20	166	21	189	22	162	23	135	24	123	25	194	26	111	27	190	28	184	29	101	
	0	190	1	142	2	186	3	168	4	121	5	183	6	194	7	173	8	131	9	109	10	104	11	156	12	173	13	164	14	194	15	152	16	106	17	100	18	121	19	188	20	171	21	166	22	128	23	190	24	162	25	134	26	128	27	166	28	105	29	141	
	0	133	1	166	2	159	3	181	4	155	5	151	6	144	7	192	8	147	9	164	10	163	11	170	12	141	13	130	14	122	15	135	16	139	17	175	18	142	19	120	20	177	21	161	22	124	23	171	24	125	25	127	26	151	27	122	28	161	29	116	
	0	159	1	197	2	179	3	176	4	195	5	100	6	169	7	187	8	168	9	171	10	188	11	109	12	151	13	165	14	143	15	124	16	158	17	196	18	117	19	149	20	146	21	163	22	183	23	102	24	184	25	184	26	175	27	145	28	122	29	165	
	0	154	1	135	2	101	3	185	4	141	5	136	6	114	7	199	8	125	9	162	10	150	11	134	12	124	13	105	14	195	15	182	16	116	17	109	18	164	19	152	20	183	21	147	22	100	23	137	24	113	25	147	26	180	27	124	28	142	29	196	
	0	156	1	164	2	108	3	138	4	120	5	169	6	125	7	189	8	112	9	156	10	173	11	102	12	153	13	115	14	108	15	187	16	175	17	148	18	179	19	168	20	184	21	122	22	142	23	105	24	131	25	133	26	142	27	168	28	163	29	199	
	0	104	1	143	2	123	3	127	4	186	5	191	6	183	7	134	8	128	9	148	10	193	11	117	12	103	13	161	14	117	15	106	16	116	17	132	18	126	19	100	20	173	21	191	22	187	23	130	24	190	25	114	26	127	27	121	28	169	29	117	
	0	114	1	137	2	103	3	143	4	192	5	125	6	187	7	153	8	131	9	155	10	122	11	156	12	116	13	124	14	170	15	109	16	143	17	145	18	183	19	108	20	106	21	130	22	132	23	109	24	109	25	145	26	122	27	155	28	103	29	195	
	0	185	1	118	2	152	3	175	4	159	5	143	6	155	7	152	8	105	9	172	10	103	11	160	12	154	13	134	14	107	15	179	16	126	17	100	18	106	19	158	20	190	21	158	22	145	23	106	24	198	25	174	26	188	27	133	28	107	29	119	
	0	129	1	100	2	127	3	111	4	177	5	108	6	110	7	128	8	131	9	142	10	164	11	147	12	175	13	133	14	181	15	158	16	124	17	166	18	160	19	181	20	159	21	180	22	113	23	182	24	112	25	120	26	133	27	189	28	195	29	112	
	0	165	1	151	2	135	3	123	4	156	5	145	6	170	7	152	8	158	9	185	10	118	11	172	12	194	13	192	14	132	15	163	16	170	17	139	18	196	19	171	20	162	21	144	22	197	23	148	24	119	25	165	26	107	27	159	28	119	29	132	
	0	119	1	194	2	167	3	166	4	194	5	194	6	133	7	178	8	150	9	155	10	187	11	147	12	167	13	150	14	136	15	158	16	138	17	109	18	182	19	169	20	132	21	108	22	106	23	156	24	165	25	108	26	185	27	187	28	158	29	100	
	0	171	1	110	2	174	3	105	4	138	5	133	6	143	7	187	8	176	9	119	10	122	11	130	12	114	13	177	14	173	15	171	16	191	17	165	18	167	19	199	20	173	21	122	22	114	23	198	24	175	25	199	26	150	27	114	28	146	29	131	
	0	113	1	183	2	126	3	195	4	115	5	191	6	174	7	195	8	144	9	175	10	159	11	193	12	165	13	196	14	175	15	168	16	146	17	164	18	182	19	185	20	177	21	134	22	162	23	123	24	143	25	137	26	189	27	180	28	120	29	177	
	0	128	1	181	2	164	3	160	4	138	5	111	6	199	7	183	8	174	9	149	10	122	11	113	12	125	13	118	14	156	15	118	16	122	17	135	18	196	19	105	20	181	21	154	22	112	23	193	24	147	25	166	26	167	27	145	28	104	29	135	
	0	196	1	194	2	157	3	127	4	135	5	106	6	132	7	154	8	137	9	162	10	135	11	115	12	133	13	139	14	126	15	191	16	106	17	166	18	142	19	179	20	168	21	138	22	184	23	108	24	143	25	180	26	173	27	163	28	138	29	133	
	0	168	1	180	2	189	3	156	4	105	5	178	6	102	7	190	8	129	9	132	10	114	11	186	12	101	13	104	14	188	15	171	16	159	17	117	18	199	19	134	20	192	21	136	22	158	23	123	24	103	25	167	26	106	27	175	28	135	29	185	
	0	179	1	146	2	161	3	143	4	127	5	171	6	113	7	164	8	156	9	120	10	184	11	165	12	121	13	109	14	183	15	100	16	189	17	134	18	142	19	130	20	124	21	169	22	112	23	101	24	194	25	167	26	162	27	187	28	138	29	199	
	0	103	1	177	2	168	3	156	4	112	5	140	6	115	7	155	8	141	9	189	10	179	11	164	12	169	13	173	14	190	15	115	16	130	17	112	18	191	19	156	20	117	21	196	22	192	23	196	24	173	25	186	26	124	27	167	28	154	29	152	
	0	122	1	135	2	114	3	122	4	168	5	147	6	136	7	131	8	105	9	157	10	105	11	196	12	133	13	102	14	196	15	120	16	146	17	186	18	129	19	108	20	193	21	165	22	187	23	181	24	151	25	174	26	100	27	160	28	160	29	159	