100 40 1
40
	0	137	1	111	2	173	3	148	4	159	5	109	6	152	7	133	8	153	9	139	10	155	11	182	12	102	13	195	14	133	15	145	16	174	17	164	18	135	19	168	20	145	21	152	22	112	23	156	24	197	25	180	26	173	27	111	28	142	29	148	30	146	31	181	32	158	33	135	34	133	35	175	36	190	37	172	38	163	39	163	
	0	146	1	123	2	129	3	132	4	101	5	113	6	176	7	105	8	106	9	186	10	189	11	160	12	131	13	161	14	169	15	105	16	199	17	107	18	192	19	166	20	159	21	106	22	189	23	137	24	105	25	181	26	194	27	116	28	125	29	165	30	118	31	162	32	173	33	114	34	194	35	188	36	189	37	172	38	152	39	169	
	0	144	1	125	2	151	3	115	4	135	5	171	6	195	7	164	8	188	9	128	10	196	11	196	12	199	13	178	14	107	15	118	16	100	17	198	18	129	19	187	20	104	21	164	22	145	23	128	24	154	25	192	26	129	27	114	28	158	29	193	30	169	31	195	32	110	33	172	34	180	35	121	36	109	37	137	38	147	39	120	
	0	146	1	121	2	108	3	119	4	129	5	139	6	128	7	151	8	169	9	196	10	181	11	122	12	174	13	142	14	144	15	103	16	125	17	154	18	199	19	183	20	179	21	122	22	179	23	112	24	195	25	114	26	160	27	115	28	109	29	164	30	158	31	195	32	168	33	195	34	108	35	134	36	126	37	133	38	192	39	109	
	0	187	1	108	2	131	3	155	4	172	5	195	6	155	7	179	8	187	9	194	10	187	11	110	12	101	13	159	14	137	15	168	16	103	17	169	18	180	19	176	20	146	21	147	22	126	23	159	24	190	25	143	26	133	27	126	28	157	29	169	30	178	31	192	32	170	33	182	34	146	35	169	36	193	37	170	38	133	39	190	
	0	110	1	142	2	145	3	195	4	199	5	152	6	125	7	143	8	142	9	112	10	199	11	104	12	132	13	123	14	160	15	154	16	152	17	155	18	166	19	182	20	132	21	187	22	180	23	163	24	194	25	175	26	166	27	153	28	190	29	179	30	152	31	106	32	120	33	172	34	154	35	170	36	194	37	123	38	162	39	124	
	0	177	1	111	2	166	3	124	4	177	5	171	6	120	7	172	8	154	9	197	10	140	11	146	12	173	13	134	14	121	15	171	16	160	17	117	18	160	19	110	20	195	21	160	22	114	23	124	24	156	25	177	26	193	27	196	28	174	29	115	30	187	31	125	32	130	33	166	34	100	35	183	36	111	37	128	38	177	39	159	
	0	116	1	135	2	114	3	150	4	116	5	195	6	192	7	129	8	158	9	193	10	159	11	164	12	183	13	134	14	144	15	112	16	142	17	194	18	119	19	116	20	134	21	110	22	166	23	176	24	135	25	145	26	165	27	181	28	175	29	142	30	137	31	165	32	167	33	187	34	176	35	102	36	135	37	101	38	102	39	158	
	0	106	1	188	2	132	3	199	4	159	5	187	6	143	7	110	8	182	9	186	10	107	11	110	12	136	13	168	14	185	15	153	16	143	17	179	18	122	19	178	20	180	21	152	22	183	23	135	24	178	25	103	26	171	27	111	28	132	29	120	30	144	31	125	32	135	33	128	34	118	35	163	36	183	37	171	38	117	39	114	
	0	136	1	124	2	154	3	159	4	157	5	154	6	197	7	182	8	178	9	146	10	126	11	199	12	179	13	102	14	186	15	169	16	197	17	193	18	138	19	144	20	171	21	146	22	116	23	117	24	121	25	175	26	169	27	161	28	158	29	173	30	123	31	127	32	105	33	170	34	187	35	145	36	176	37	116	38	174	39	133	
	0	112	1	125	2	186	3	159	4	116	5	125	6	116	7	143	8	120	9	111	10	186	11	182	12	161	13	160	14	171	15	145	16	144	17	135	18	142	19	136	20	181	21	142	22	189	23	158	24	144	25	182	26	134	27	178	28	155	29	109	30	108	31	140	32	105	33	176	34	177	35	142	36	130	37	177	38	151	39	100	
	0	135	1	111	2	134	3	172	4	190	5	141	6	161	7	146	8	149	9	186	10	185	11	121	12	136	13	197	14	194	15	107	16	188	17	150	18	116	19	110	20	134	21	177	22	163	23	148	24	198	25	107	26	187	27	181	28	198	29	121	30	109	31	194	32	110	33	196	34	186	35	102	36	158	37	199	38	114	39	148	
	0	142	1	114	2	148	3	162	4	194	5	195	6	136	7	165	8	119	9	137	10	120	11	155	12	103	13	121	14	171	15	100	16	113	17	102	18	169	19	175	20	172	21	173	22	120	23	103	24	158	25	125	26	199	27	136	28	104	29	106	30	106	31	106	32	169	33	165	34	129	35	105	36	140	37	160	38	138	39	166	
	0	124	1	154	2	122	3	123	4	112	5	121	6	144	7	107	8	188	9	138	10	159	11	176	12	103	13	147	14	129	15	104	16	138	17	152	18	164	19	182	20	145	21	107	22	116	23	182	24	105	25	161	26	140	27	174	28	126	29	195	30	115	31	168	32	112	33	147	34	187	35	134	36	114	37	164	38	121	39	184	
	0	134	1	181	2	119	3	124	4	168	5	112	6	128	7	152	8	141	9	180	10	130	11	145	12	104	13	169	14	118	15	138	16	154	17	192	18	164	19	143	20	143	21	152	22	177	23	112	24	153	25	163	26	199	27	114	28	152	29	103	30	132	31	188	32	135	33	188	34	143	35	164	36	135	37	198	38	169	39	192	
	0	161	1	117	2	160	3	128	4	191	5	165	6	174	7	119	8	172	9	145	10	169	11	162	12	160	13	112	14	162	15	162	16	101	17	174	18	136	19	173	20	179	21	137	22	195	23	119	24	155	25	115	26	127	27	135	28	123	29	157	30	119	31	157	32	194	33	158	34	166	35	124	36	123	37	195	38	198	39	192	
	0	147	1	127	2	184	3	182	4	145	5	102	6	151	7	105	8	174	9	184	10	180	11	146	12	119	13	167	14	180	15	116	16	139	17	130	18	150	19	173	20	197	21	128	22	184	23	149	24	122	25	105	26	157	27	195	28	123	29	194	30	124	31	199	32	100	33	184	34	124	35	108	36	157	37	111	38	185	39	143	
	0	154	1	100	2	103	3	185	4	103	5	172	6	113	7	133	8	177	9	162	10	140	11	158	12	177	13	172	14	119	15	180	16	194	17	101	18	116	19	199	20	177	21	122	22	193	23	142	24	149	25	187	26	109	27	178	28	101	29	183	30	110	31	138	32	184	33	124	34	196	35	103	36	156	37	165	38	187	39	180	
	0	163	1	121	2	138	3	183	4	154	5	180	6	183	7	164	8	115	9	174	10	100	11	144	12	178	13	148	14	161	15	126	16	136	17	144	18	164	19	114	20	113	21	117	22	143	23	119	24	137	25	119	26	187	27	123	28	165	29	113	30	178	31	122	32	112	33	152	34	191	35	135	36	149	37	121	38	158	39	187	
	0	148	1	100	2	152	3	144	4	193	5	164	6	104	7	135	8	172	9	103	10	132	11	135	12	128	13	162	14	151	15	117	16	171	17	137	18	177	19	177	20	140	21	189	22	190	23	183	24	180	25	164	26	199	27	115	28	113	29	123	30	158	31	174	32	177	33	139	34	109	35	173	36	199	37	181	38	198	39	101	
	0	193	1	195	2	142	3	110	4	183	5	181	6	168	7	122	8	139	9	130	10	141	11	173	12	135	13	193	14	139	15	106	16	171	17	179	18	147	19	101	20	160	21	113	22	124	23	133	24	162	25	183	26	158	27	130	28	100	29	172	30	115	31	175	32	196	33	178	34	129	35	162	36	145	37	191	38	145	39	172	
	0	126	1	166	2	128	3	184	4	106	5	103	6	149	7	176	8	125	9	114	10	130	11	139	12	119	13	167	14	197	15	156	16	131	17	100	18	179	19	139	20	160	21	100	22	119	23	138	24	155	25	139	26	154	27	167	28	120	29	167	30	166	31	108	32	163	33	141	34	177	35	133	36	155	37	190	38	172	39	181	
	0	183	1	146	2	121	3	108	4	149	5	162	6	119	7	178	8	108	9	150	10	105	11	145	12	166	13	114	14	138	15	154	16	148	17	174	18	192	19	145	20	146	21	145	22	142	23	166	24	106	25	171	26	152	27	132	28	143	29	160	30	103	31	105	32	116	33	181	34	175	35	101	36	120	37	126	38	131	39	104	
	0	110	1	145	2	167	3	135	4	174	5	113	6	147	7	119	8	165	9	127	10	195	11	113	12	163	13	191	14	159	15	125	16	183	17	153	18	122	19	178	20	177	21	129	22	104	23	104	24	103	25	181	26	137	27	149	28	169	29	162	30	128	31	106	32	188	33	125	34	133	35	125	36	110	37	158	38	160	39	153	
	0	192	1	142	2	156	3	170	4	124	5	171	6	115	7	115	8	174	9	149	10	162	11	154	12	135	13	159	14	101	15	153	16	170	17	140	18	126	19	112	20	124	21	146	22	132	23	156	24	110	25	195	26	112	27	112	28	156	29	164	30	187	31	191	32	164	33	175	34	174	35	136	36	113	37	145	38	159	39	102	
	0	152	1	184	2	157	3	112	4	182	5	115	6	176	7	150	8	116	9	108	10	174	11	142	12	184	13	123	14	154	15	165	16	164	17	113	18	136	19	190	20	121	21	128	22	113	23	158	24	125	25	178	26	165	27	131	28	122	29	198	30	115	31	143	32	143	33	126	34	178	35	100	36	122	37	119	38	115	39	113	
	0	158	1	119	2	146	3	184	4	189	5	105	6	129	7	183	8	198	9	136	10	155	11	190	12	108	13	193	14	119	15	194	16	160	17	152	18	102	19	120	20	190	21	153	22	103	23	185	24	177	25	119	26	198	27	151	28	130	29	103	30	195	31	142	32	162	33	127	34	157	35	101	36	185	37	127	38	107	39	164	
	0	196	1	180	2	123	3	165	4	146	5	108	6	199	7	179	8	191	9	187	10	125	11	174	12	126	13	179	14	119	15	166	16	181	17	112	18	195	19	156	20	183	21	190	22	196	23	155	24	146	25	135	26	136	27	101	28	122	29	162	30	134	31	145	32	143	33	186	34	128	35	117	36	147	37	157	38	154	39	184	
	0	128	1	160	2	132	3	165	4	125	5	160	6	183	7	156	8	119	9	123	10	196	11	111	12	160	13	113	14	122	15	186	16	116	17	174	18	170	19	132	20	165	21	129	22	168	23	181	24	161	25	188	26	133	27	176	28	186	29	135	30	132	31	138	32	154	33	155	34	174	35	174	36	192	37	119	38	163	39	116	
	0	135	1	165	2	182	3	153	4	110	5	139	6	177	7	136	8	170	9	102	10	143	11	131	12	173	13	177	14	127	15	110	16	140	17	151	18	198	19	141	20	172	21	158	22	108	23	177	24	109	25	172	26	172	27	116	28	115	29	128	30	110	31	142	32	134	33	107	34	163	35	113	36	165	37	177	38	193	39	153	
	0	195	1	174	2	176	3	129	4	103	5	141	6	108	7	194	8	147	9	100	10	168	11	149	12	105	13	167	14	192	15	129	16	193	17	144	18	136	19	111	20	113	21	176	22	122	23	114	24	162	25	175	26	159	27	107	28	125	29	118	30	141	31	185	32	164	33	198	34	148	35	170	36	119	37	194	38	111	39	178	
	0	174	1	125	2	186	3	198	4	108	5	146	6	191	7	161	8	138	9	117	10	146	11	143	12	119	13	199	14	126	15	151	16	189	17	166	18	189	19	139	20	113	21	171	22	179	23	107	24	155	25	114	26	160	27	151	28	177	29	159	30	120	31	102	32	114	33	132	34	133	35	195	36	190	37	102	38	188	39	111	
	0	145	1	192	2	160	3	121	4	177	5	188	6	165	7	158	8	126	9	193	10	173	11	110	12	126	13	155	14	153	15	169	16	141	17	193	18	195	19	187	20	136	21	129	22	131	23	177	24	117	25	159	26	184	27	160	28	114	29	112	30	193	31	109	32	172	33	142	34	129	35	144	36	195	37	108	38	184	39	175	
	0	197	1	178	2	188	3	175	4	103	5	191	6	197	7	165	8	171	9	181	10	113	11	134	12	164	13	176	14	160	15	184	16	101	17	140	18	143	19	110	20	158	21	123	22	188	23	100	24	169	25	125	26	138	27	196	28	156	29	138	30	155	31	178	32	154	33	147	34	153	35	198	36	117	37	183	38	101	39	135	
	0	160	1	193	2	155	3	176	4	147	5	182	6	186	7	172	8	112	9	141	10	199	11	192	12	140	13	120	14	106	15	160	16	183	17	134	18	193	19	162	20	124	21	122	22	147	23	182	24	193	25	159	26	144	27	127	28	108	29	158	30	138	31	177	32	172	33	165	34	156	35	106	36	175	37	126	38	115	39	166	
	0	112	1	148	2	143	3	102	4	176	5	194	6	159	7	148	8	174	9	138	10	126	11	109	12	177	13	150	14	186	15	193	16	159	17	145	18	154	19	107	20	147	21	148	22	104	23	137	24	179	25	197	26	133	27	191	28	185	29	102	30	185	31	117	32	100	33	151	34	192	35	188	36	155	37	186	38	136	39	113	
	0	110	1	151	2	168	3	153	4	165	5	135	6	128	7	101	8	151	9	183	10	130	11	153	12	103	13	126	14	143	15	188	16	185	17	113	18	149	19	115	20	188	21	175	22	110	23	124	24	112	25	156	26	133	27	115	28	193	29	183	30	167	31	191	32	104	33	123	34	135	35	138	36	108	37	188	38	155	39	142	
	0	124	1	115	2	153	3	122	4	112	5	180	6	183	7	190	8	195	9	109	10	164	11	171	12	149	13	112	14	136	15	150	16	129	17	198	18	198	19	194	20	150	21	122	22	140	23	190	24	142	25	120	26	151	27	185	28	164	29	127	30	174	31	146	32	184	33	175	34	138	35	144	36	137	37	105	38	168	39	183	
	0	196	1	157	2	187	3	118	4	152	5	145	6	152	7	188	8	177	9	148	10	164	11	125	12	193	13	166	14	197	15	122	16	194	17	140	18	186	19	169	20	191	21	128	22	169	23	180	24	190	25	190	26	198	27	105	28	107	29	166	30	190	31	147	32	175	33	117	34	125	35	192	36	156	37	111	38	114	39	130	
	0	154	1	104	2	102	3	165	4	119	5	188	6	125	7	138	8	183	9	190	10	145	11	174	12	173	13	184	14	183	15	163	16	131	17	152	18	112	19	132	20	186	21	142	22	133	23	165	24	166	25	145	26	147	27	133	28	154	29	174	30	118	31	179	32	159	33	165	34	193	35	145	36	143	37	199	38	179	39	147	
	0	121	1	161	2	114	3	149	4	100	5	178	6	158	7	108	8	125	9	160	10	192	11	174	12	158	13	141	14	148	15	158	16	116	17	198	18	124	19	122	20	166	21	177	22	140	23	185	24	124	25	131	26	164	27	173	28	191	29	120	30	105	31	129	32	156	33	103	34	104	35	161	36	194	37	183	38	104	39	182	
	0	190	1	132	2	199	3	154	4	102	5	129	6	105	7	138	8	182	9	146	10	185	11	166	12	135	13	121	14	168	15	126	16	121	17	197	18	151	19	185	20	181	21	131	22	181	23	144	24	140	25	163	26	152	27	102	28	107	29	119	30	186	31	107	32	184	33	191	34	164	35	104	36	158	37	147	38	114	39	124	
	0	110	1	150	2	132	3	153	4	150	5	129	6	114	7	135	8	102	9	173	10	179	11	182	12	105	13	159	14	125	15	139	16	158	17	184	18	133	19	128	20	117	21	185	22	132	23	105	24	125	25	109	26	176	27	124	28	131	29	150	30	132	31	154	32	133	33	106	34	128	35	123	36	186	37	190	38	109	39	139	
	0	128	1	186	2	124	3	147	4	124	5	152	6	107	7	144	8	120	9	148	10	163	11	116	12	166	13	109	14	151	15	109	16	156	17	198	18	126	19	175	20	117	21	199	22	191	23	150	24	116	25	135	26	194	27	177	28	161	29	167	30	175	31	172	32	181	33	116	34	136	35	132	36	142	37	139	38	188	39	161	
	0	176	1	130	2	167	3	189	4	134	5	152	6	137	7	163	8	174	9	134	10	166	11	135	12	196	13	113	14	195	15	117	16	190	17	175	18	193	19	166	20	105	21	117	22	186	23	188	24	103	25	175	26	145	27	153	28	198	29	188	30	112	31	103	32	189	33	170	34	197	35	131	36	190	37	150	38	174	39	179	
	0	141	1	193	2	173	3	159	4	171	5	158	6	164	7	102	8	163	9	135	10	142	11	183	12	110	13	108	14	156	15	148	16	129	17	199	18	187	19	147	20	186	21	110	22	163	23	121	24	175	25	168	26	147	27	142	28	166	29	154	30	184	31	132	32	134	33	115	34	178	35	144	36	191	37	134	38	170	39	163	
	0	111	1	140	2	139	3	158	4	141	5	178	6	115	7	108	8	139	9	148	10	197	11	109	12	159	13	166	14	189	15	129	16	154	17	176	18	195	19	103	20	126	21	109	22	166	23	124	24	170	25	132	26	106	27	184	28	160	29	126	30	141	31	142	32	139	33	168	34	119	35	125	36	114	37	190	38	112	39	184	
	0	126	1	106	2	187	3	180	4	136	5	187	6	186	7	113	8	131	9	125	10	165	11	129	12	197	13	170	14	131	15	129	16	192	17	176	18	164	19	150	20	185	21	129	22	101	23	188	24	133	25	172	26	187	27	131	28	141	29	138	30	103	31	159	32	140	33	109	34	186	35	166	36	155	37	146	38	149	39	106	
	0	168	1	145	2	124	3	121	4	152	5	118	6	193	7	151	8	180	9	187	10	116	11	198	12	111	13	104	14	161	15	161	16	171	17	117	18	178	19	133	20	153	21	102	22	168	23	178	24	186	25	105	26	101	27	105	28	133	29	150	30	184	31	131	32	147	33	115	34	168	35	165	36	162	37	116	38	178	39	184	
	0	134	1	173	2	135	3	161	4	142	5	187	6	135	7	149	8	176	9	145	10	125	11	118	12	127	13	179	14	115	15	141	16	197	17	138	18	164	19	112	20	169	21	196	22	133	23	110	24	175	25	123	26	110	27	131	28	173	29	113	30	120	31	150	32	182	33	162	34	188	35	109	36	193	37	101	38	161	39	191	
	0	140	1	122	2	135	3	110	4	194	5	149	6	160	7	100	8	180	9	197	10	196	11	188	12	100	13	127	14	162	15	193	16	120	17	134	18	133	19	170	20	174	21	172	22	193	23	126	24	101	25	190	26	180	27	145	28	145	29	171	30	129	31	164	32	135	33	103	34	156	35	133	36	100	37	147	38	198	39	142	
	0	111	1	148	2	133	3	148	4	102	5	156	6	117	7	109	8	106	9	178	10	190	11	195	12	148	13	162	14	106	15	176	16	169	17	102	18	146	19	178	20	121	21	120	22	157	23	112	24	181	25	187	26	129	27	120	28	110	29	106	30	199	31	117	32	110	33	100	34	189	35	148	36	146	37	106	38	191	39	142	
	0	121	1	108	2	152	3	128	4	185	5	135	6	179	7	128	8	176	9	128	10	162	11	170	12	102	13	128	14	110	15	147	16	170	17	192	18	141	19	142	20	103	21	185	22	137	23	179	24	146	25	161	26	138	27	156	28	149	29	194	30	152	31	148	32	194	33	108	34	123	35	131	36	102	37	133	38	164	39	106	
	0	121	1	129	2	125	3	124	4	140	5	193	6	188	7	137	8	187	9	144	10	156	11	199	12	145	13	117	14	106	15	105	16	125	17	116	18	116	19	109	20	179	21	104	22	132	23	186	24	188	25	130	26	160	27	192	28	122	29	115	30	177	31	105	32	116	33	161	34	170	35	128	36	191	37	120	38	195	39	129	
	0	135	1	169	2	159	3	163	4	145	5	153	6	160	7	106	8	169	9	147	10	194	11	110	12	103	13	135	14	143	15	174	16	198	17	126	18	122	19	145	20	195	21	191	22	190	23	142	24	121	25	165	26	122	27	102	28	102	29	140	30	175	31	196	32	118	33	190	34	114	35	135	36	154	37	118	38	144	39	120	
	0	169	1	183	2	184	3	127	4	190	5	151	6	141	7	142	8	134	9	124	10	162	11	160	12	142	13	129	14	114	15	101	16	153	17	119	18	184	19	155	20	178	21	190	22	184	23	118	24	168	25	107	26	132	27	158	28	145	29	159	30	154	31	145	32	133	33	177	34	107	35	112	36	160	37	197	38	162	39	142	
	0	144	1	189	2	135	3	156	4	194	5	142	6	183	7	101	8	146	9	164	10	116	11	130	12	126	13	181	14	181	15	143	16	181	17	111	18	141	19	192	20	126	21	165	22	122	23	166	24	109	25	179	26	190	27	134	28	132	29	129	30	165	31	136	32	170	33	163	34	189	35	126	36	189	37	110	38	123	39	152	
	0	114	1	113	2	195	3	176	4	107	5	183	6	104	7	190	8	105	9	168	10	157	11	110	12	180	13	131	14	100	15	115	16	193	17	179	18	130	19	180	20	183	21	194	22	104	23	182	24	165	25	111	26	145	27	197	28	120	29	108	30	168	31	100	32	104	33	196	34	100	35	139	36	153	37	124	38	156	39	116	
	0	177	1	169	2	149	3	167	4	177	5	178	6	156	7	103	8	173	9	191	10	190	11	170	12	133	13	185	14	137	15	177	16	126	17	150	18	186	19	157	20	158	21	121	22	124	23	198	24	196	25	183	26	156	27	101	28	136	29	133	30	180	31	129	32	111	33	138	34	153	35	135	36	198	37	129	38	122	39	180	
	0	162	1	117	2	106	3	149	4	149	5	197	6	178	7	117	8	180	9	114	10	193	11	158	12	148	13	196	14	132	15	149	16	150	17	104	18	186	19	178	20	167	21	189	22	165	23	173	24	149	25	131	26	100	27	142	28	130	29	193	30	102	31	132	32	199	33	195	34	131	35	116	36	152	37	147	38	181	39	186	
	0	155	1	113	2	153	3	176	4	146	5	198	6	112	7	127	8	150	9	113	10	175	11	148	12	138	13	161	14	103	15	152	16	102	17	184	18	174	19	153	20	191	21	198	22	187	23	116	24	100	25	179	26	140	27	103	28	141	29	110	30	127	31	151	32	103	33	121	34	194	35	120	36	179	37	142	38	164	39	122	
	0	149	1	165	2	146	3	181	4	195	5	137	6	107	7	177	8	198	9	129	10	132	11	159	12	185	13	135	14	135	15	131	16	189	17	151	18	114	19	146	20	166	21	107	22	184	23	138	24	136	25	172	26	153	27	181	28	192	29	189	30	112	31	107	32	194	33	199	34	187	35	160	36	188	37	180	38	119	39	153	
	0	194	1	150	2	181	3	156	4	138	5	100	6	184	7	179	8	154	9	125	10	136	11	138	12	148	13	113	14	104	15	169	16	142	17	176	18	125	19	184	20	165	21	110	22	136	23	134	24	116	25	125	26	107	27	113	28	190	29	106	30	175	31	144	32	164	33	135	34	133	35	157	36	180	37	198	38	107	39	118	
	0	143	1	112	2	186	3	130	4	102	5	117	6	135	7	168	8	194	9	191	10	183	11	131	12	133	13	118	14	152	15	107	16	161	17	134	18	125	19	153	20	168	21	176	22	125	23	118	24	170	25	196	26	125	27	101	28	159	29	145	30	197	31	189	32	157	33	199	34	177	35	166	36	102	37	106	38	125	39	101	
	0	146	1	115	2	186	3	104	4	101	5	164	6	196	7	125	8	108	9	133	10	153	11	107	12	159	13	122	14	192	15	174	16	163	17	129	18	144	19	168	20	177	21	132	22	116	23	104	24	191	25	136	26	184	27	123	28	197	29	145	30	118	31	198	32	128	33	186	34	154	35	147	36	185	37	105	38	183	39	153	
	0	194	1	152	2	112	3	115	4	131	5	191	6	144	7	146	8	198	9	174	10	143	11	170	12	172	13	140	14	109	15	186	16	152	17	162	18	140	19	120	20	143	21	129	22	193	23	145	24	115	25	162	26	148	27	158	28	132	29	189	30	135	31	115	32	181	33	154	34	162	35	118	36	175	37	116	38	104	39	108	
	0	146	1	195	2	193	3	128	4	104	5	108	6	168	7	141	8	182	9	173	10	156	11	185	12	155	13	191	14	124	15	100	16	155	17	189	18	187	19	175	20	123	21	199	22	178	23	175	24	171	25	143	26	113	27	114	28	144	29	160	30	134	31	177	32	112	33	180	34	126	35	181	36	119	37	157	38	152	39	179	
	0	125	1	164	2	160	3	158	4	186	5	131	6	101	7	155	8	177	9	170	10	144	11	157	12	166	13	179	14	161	15	117	16	114	17	170	18	120	19	101	20	122	21	136	22	184	23	184	24	157	25	182	26	183	27	193	28	119	29	126	30	127	31	145	32	167	33	157	34	169	35	192	36	131	37	128	38	117	39	156	
	0	127	1	145	2	170	3	165	4	136	5	118	6	188	7	184	8	164	9	121	10	152	11	139	12	168	13	187	14	135	15	147	16	114	17	167	18	183	19	168	20	160	21	100	22	188	23	179	24	185	25	163	26	115	27	118	28	111	29	162	30	173	31	193	32	127	33	101	34	194	35	133	36	102	37	148	38	131	39	161	
	0	136	1	171	2	127	3	198	4	135	5	166	6	152	7	188	8	169	9	160	10	103	11	183	12	119	13	102	14	166	15	168	16	100	17	166	18	116	19	188	20	118	21	139	22	127	23	107	24	136	25	188	26	171	27	103	28	123	29	120	30	102	31	152	32	151	33	160	34	136	35	176	36	127	37	160	38	117	39	136	
	0	132	1	110	2	130	3	173	4	120	5	145	6	127	7	181	8	183	9	166	10	158	11	131	12	147	13	176	14	188	15	130	16	178	17	185	18	165	19	130	20	181	21	186	22	149	23	133	24	183	25	140	26	108	27	168	28	179	29	158	30	103	31	106	32	122	33	115	34	133	35	127	36	135	37	112	38	177	39	146	
	0	138	1	179	2	197	3	170	4	100	5	171	6	188	7	122	8	101	9	164	10	129	11	115	12	186	13	164	14	180	15	111	16	145	17	143	18	198	19	171	20	156	21	184	22	142	23	156	24	195	25	104	26	135	27	195	28	155	29	140	30	185	31	111	32	169	33	177	34	188	35	105	36	154	37	140	38	103	39	190	
	0	169	1	177	2	182	3	161	4	126	5	195	6	131	7	131	8	190	9	109	10	127	11	111	12	102	13	161	14	105	15	124	16	176	17	122	18	180	19	111	20	117	21	145	22	199	23	148	24	132	25	172	26	143	27	112	28	168	29	166	30	104	31	127	32	162	33	196	34	144	35	184	36	142	37	149	38	145	39	149	
	0	129	1	162	2	194	3	178	4	108	5	133	6	186	7	115	8	107	9	103	10	133	11	162	12	173	13	166	14	183	15	188	16	175	17	168	18	151	19	168	20	160	21	114	22	197	23	169	24	145	25	185	26	144	27	128	28	174	29	170	30	124	31	125	32	126	33	118	34	175	35	136	36	139	37	185	38	160	39	197	
	0	126	1	165	2	121	3	173	4	194	5	115	6	153	7	148	8	147	9	105	10	179	11	176	12	199	13	187	14	165	15	156	16	193	17	116	18	186	19	114	20	198	21	157	22	142	23	147	24	113	25	153	26	171	27	163	28	122	29	161	30	134	31	134	32	112	33	186	34	188	35	107	36	129	37	113	38	173	39	196	
	0	163	1	135	2	135	3	164	4	132	5	182	6	119	7	143	8	194	9	117	10	128	11	153	12	141	13	155	14	145	15	182	16	170	17	104	18	117	19	185	20	102	21	120	22	158	23	113	24	181	25	100	26	103	27	164	28	145	29	156	30	155	31	152	32	179	33	127	34	124	35	156	36	188	37	110	38	132	39	196	
	0	108	1	164	2	112	3	181	4	184	5	164	6	147	7	195	8	194	9	121	10	150	11	113	12	151	13	114	14	118	15	187	16	185	17	129	18	198	19	156	20	123	21	111	22	171	23	124	24	123	25	159	26	154	27	193	28	143	29	116	30	161	31	181	32	143	33	169	34	134	35	122	36	174	37	114	38	125	39	154	
	0	159	1	177	2	193	3	188	4	197	5	100	6	115	7	108	8	156	9	183	10	160	11	164	12	131	13	199	14	116	15	139	16	191	17	144	18	175	19	130	20	164	21	184	22	196	23	111	24	151	25	140	26	145	27	173	28	196	29	160	30	199	31	147	32	135	33	144	34	199	35	112	36	159	37	138	38	145	39	136	
	0	167	1	140	2	165	3	139	4	113	5	187	6	192	7	106	8	191	9	182	10	153	11	107	12	148	13	172	14	178	15	165	16	129	17	101	18	185	19	145	20	150	21	196	22	125	23	137	24	193	25	142	26	198	27	115	28	146	29	163	30	128	31	139	32	176	33	110	34	189	35	129	36	140	37	187	38	177	39	165	
	0	112	1	106	2	188	3	165	4	195	5	147	6	167	7	125	8	191	9	180	10	179	11	158	12	124	13	130	14	199	15	177	16	105	17	124	18	157	19	193	20	121	21	196	22	104	23	160	24	193	25	160	26	129	27	198	28	189	29	169	30	121	31	135	32	180	33	198	34	183	35	191	36	144	37	131	38	183	39	133	
	0	163	1	109	2	126	3	169	4	141	5	135	6	105	7	123	8	107	9	100	10	109	11	108	12	174	13	144	14	161	15	180	16	137	17	130	18	149	19	123	20	139	21	146	22	142	23	134	24	101	25	199	26	122	27	137	28	164	29	116	30	106	31	166	32	124	33	137	34	171	35	161	36	146	37	159	38	106	39	147	
	0	180	1	168	2	180	3	114	4	150	5	108	6	119	7	151	8	196	9	119	10	179	11	123	12	171	13	117	14	177	15	144	16	130	17	198	18	122	19	184	20	171	21	131	22	147	23	176	24	130	25	162	26	193	27	114	28	150	29	153	30	116	31	189	32	106	33	178	34	186	35	146	36	108	37	191	38	178	39	121	
	0	142	1	153	2	106	3	142	4	105	5	156	6	190	7	122	8	123	9	145	10	114	11	182	12	172	13	128	14	116	15	110	16	142	17	173	18	176	19	196	20	194	21	177	22	153	23	188	24	103	25	111	26	182	27	157	28	170	29	102	30	141	31	177	32	103	33	119	34	191	35	185	36	196	37	107	38	145	39	180	
	0	196	1	177	2	131	3	121	4	184	5	118	6	124	7	194	8	130	9	159	10	121	11	168	12	198	13	165	14	191	15	173	16	110	17	176	18	128	19	109	20	145	21	153	22	118	23	132	24	184	25	137	26	104	27	123	28	197	29	199	30	126	31	121	32	178	33	131	34	192	35	133	36	175	37	138	38	178	39	170	
	0	172	1	126	2	115	3	173	4	129	5	194	6	140	7	148	8	171	9	127	10	161	11	172	12	160	13	162	14	107	15	142	16	128	17	107	18	173	19	148	20	192	21	131	22	120	23	155	24	183	25	129	26	141	27	144	28	184	29	107	30	111	31	131	32	194	33	187	34	107	35	191	36	124	37	162	38	105	39	185	
	0	110	1	166	2	188	3	125	4	112	5	156	6	141	7	147	8	154	9	125	10	196	11	196	12	105	13	164	14	113	15	148	16	101	17	129	18	115	19	180	20	108	21	106	22	160	23	104	24	106	25	115	26	132	27	159	28	167	29	125	30	154	31	104	32	111	33	131	34	117	35	197	36	117	37	117	38	177	39	191	
	0	184	1	134	2	128	3	176	4	103	5	106	6	172	7	113	8	167	9	114	10	137	11	120	12	122	13	162	14	107	15	159	16	111	17	152	18	138	19	132	20	165	21	158	22	159	23	116	24	139	25	156	26	121	27	143	28	122	29	125	30	185	31	145	32	162	33	100	34	126	35	159	36	106	37	116	38	164	39	149	
	0	177	1	151	2	124	3	153	4	164	5	160	6	197	7	130	8	174	9	192	10	186	11	198	12	139	13	138	14	100	15	166	16	197	17	196	18	152	19	179	20	161	21	109	22	106	23	134	24	198	25	114	26	172	27	173	28	172	29	102	30	106	31	146	32	183	33	162	34	179	35	113	36	152	37	135	38	106	39	170	
	0	113	1	117	2	123	3	169	4	169	5	128	6	105	7	166	8	156	9	122	10	164	11	169	12	111	13	137	14	132	15	114	16	197	17	113	18	146	19	163	20	135	21	125	22	191	23	146	24	166	25	145	26	150	27	106	28	174	29	156	30	122	31	163	32	198	33	117	34	138	35	106	36	139	37	161	38	194	39	179	
	0	150	1	196	2	155	3	118	4	179	5	160	6	158	7	121	8	108	9	143	10	179	11	112	12	143	13	125	14	105	15	182	16	144	17	150	18	102	19	136	20	103	21	110	22	160	23	152	24	175	25	102	26	198	27	148	28	148	29	141	30	146	31	179	32	142	33	149	34	157	35	109	36	147	37	155	38	186	39	106	
	0	142	1	189	2	119	3	108	4	118	5	113	6	165	7	162	8	179	9	124	10	190	11	157	12	175	13	130	14	158	15	199	16	186	17	138	18	168	19	171	20	156	21	110	22	155	23	108	24	173	25	148	26	145	27	114	28	163	29	161	30	163	31	103	32	143	33	135	34	167	35	195	36	134	37	170	38	163	39	134	
	0	146	1	107	2	115	3	195	4	166	5	123	6	119	7	102	8	182	9	100	10	190	11	132	12	124	13	111	14	107	15	151	16	109	17	175	18	107	19	129	20	169	21	171	22	128	23	170	24	111	25	197	26	110	27	154	28	163	29	151	30	151	31	189	32	193	33	138	34	192	35	161	36	111	37	114	38	134	39	134	
	0	167	1	139	2	175	3	158	4	108	5	166	6	196	7	192	8	188	9	177	10	164	11	191	12	163	13	116	14	131	15	123	16	158	17	131	18	160	19	172	20	199	21	181	22	105	23	160	24	152	25	115	26	117	27	120	28	183	29	139	30	157	31	163	32	198	33	105	34	188	35	185	36	156	37	119	38	192	39	186	
	0	164	1	126	2	119	3	123	4	157	5	152	6	110	7	192	8	116	9	133	10	166	11	193	12	123	13	183	14	184	15	147	16	147	17	125	18	111	19	178	20	165	21	121	22	150	23	116	24	153	25	141	26	187	27	145	28	183	29	171	30	180	31	123	32	191	33	178	34	145	35	113	36	157	37	153	38	111	39	111	
	0	126	1	148	2	171	3	109	4	126	5	174	6	150	7	186	8	183	9	108	10	190	11	185	12	166	13	180	14	186	15	186	16	110	17	195	18	184	19	147	20	162	21	142	22	132	23	133	24	104	25	121	26	101	27	154	28	197	29	125	30	128	31	198	32	155	33	106	34	176	35	133	36	110	37	109	38	138	39	160	
	0	122	1	160	2	108	3	108	4	154	5	190	6	169	7	145	8	103	9	186	10	178	11	158	12	113	13	143	14	128	15	169	16	108	17	111	18	195	19	181	20	137	21	104	22	122	23	195	24	147	25	156	26	172	27	144	28	188	29	129	30	195	31	138	32	178	33	173	34	175	35	156	36	113	37	192	38	115	39	129	
	0	122	1	140	2	177	3	174	4	107	5	175	6	176	7	158	8	197	9	128	10	168	11	134	12	131	13	179	14	157	15	166	16	142	17	147	18	188	19	147	20	132	21	173	22	122	23	160	24	126	25	183	26	187	27	196	28	126	29	140	30	156	31	194	32	158	33	100	34	194	35	159	36	177	37	137	38	160	39	178	
	0	132	1	192	2	127	3	134	4	193	5	125	6	125	7	161	8	128	9	165	10	107	11	176	12	101	13	182	14	112	15	102	16	106	17	190	18	191	19	196	20	185	21	138	22	184	23	187	24	124	25	118	26	128	27	150	28	119	29	158	30	160	31	115	32	154	33	111	34	157	35	103	36	135	37	179	38	185	39	110	
	0	165	1	119	2	137	3	129	4	184	5	120	6	119	7	184	8	198	9	122	10	119	11	184	12	176	13	197	14	143	15	141	16	186	17	110	18	160	19	134	20	160	21	137	22	131	23	134	24	106	25	101	26	117	27	159	28	122	29	113	30	143	31	154	32	158	33	126	34	131	35	141	36	152	37	142	38	152	39	165	
	0	199	1	163	2	144	3	125	4	121	5	146	6	149	7	132	8	162	9	128	10	196	11	156	12	141	13	166	14	171	15	143	16	140	17	154	18	171	19	134	20	114	21	110	22	186	23	113	24	109	25	160	26	132	27	125	28	155	29	164	30	167	31	134	32	163	33	141	34	157	35	198	36	125	37	168	38	197	39	160	