100 40 1
40
	0	119	1	169	2	111	3	102	4	185	5	179	6	126	7	115	8	127	9	121	10	149	11	152	12	140	13	101	14	179	15	175	16	180	17	114	18	109	19	110	20	139	21	170	22	194	23	154	24	139	25	118	26	163	27	185	28	184	29	154	30	100	31	115	32	168	33	141	34	191	35	141	36	164	37	190	38	109	39	157	
	0	100	1	165	2	171	3	182	4	143	5	159	6	158	7	163	8	124	9	140	10	115	11	170	12	133	13	183	14	131	15	155	16	109	17	117	18	106	19	180	20	153	21	192	22	175	23	107	24	175	25	195	26	136	27	198	28	131	29	159	30	124	31	132	32	127	33	132	34	172	35	162	36	191	37	122	38	186	39	147	
	0	122	1	163	2	141	3	173	4	169	5	113	6	193	7	154	8	158	9	138	10	142	11	182	12	125	13	120	14	113	15	132	16	166	17	168	18	107	19	169	20	174	21	142	22	187	23	162	24	144	25	190	26	107	27	116	28	136	29	187	30	155	31	197	32	132	33	114	34	162	35	143	36	179	37	151	38	117	39	170	
	0	172	1	115	2	146	3	181	4	107	5	149	6	154	7	185	8	127	9	174	10	187	11	132	12	100	13	104	14	150	15	133	16	167	17	188	18	129	19	137	20	173	21	144	22	113	23	162	24	141	25	144	26	134	27	117	28	111	29	198	30	116	31	129	32	106	33	109	34	166	35	196	36	180	37	171	38	166	39	115	
	0	113	1	106	2	117	3	125	4	118	5	141	6	173	7	145	8	193	9	192	10	165	11	172	12	191	13	149	14	167	15	174	16	105	17	135	18	190	19	134	20	176	21	157	22	140	23	113	24	168	25	193	26	171	27	152	28	135	29	107	30	164	31	114	32	124	33	140	34	136	35	195	36	155	37	164	38	187	39	152	
	0	192	1	104	2	183	3	117	4	161	5	118	6	123	7	113	8	160	9	146	10	189	11	166	12	102	13	185	14	150	15	140	16	186	17	137	18	136	19	192	20	110	21	173	22	198	23	197	24	192	25	117	26	116	27	167	28	112	29	113	30	110	31	104	32	110	33	146	34	136	35	112	36	168	37	157	38	128	39	122	
	0	195	1	137	2	196	3	178	4	127	5	149	6	138	7	134	8	104	9	159	10	198	11	168	12	171	13	152	14	195	15	181	16	130	17	175	18	174	19	132	20	177	21	118	22	144	23	142	24	162	25	163	26	139	27	138	28	124	29	145	30	117	31	191	32	184	33	120	34	106	35	161	36	173	37	126	38	155	39	197	
	0	154	1	181	2	136	3	144	4	158	5	129	6	126	7	155	8	152	9	159	10	197	11	118	12	101	13	100	14	130	15	142	16	116	17	156	18	197	19	122	20	164	21	176	22	164	23	130	24	113	25	179	26	123	27	131	28	133	29	128	30	151	31	191	32	193	33	197	34	118	35	164	36	165	37	143	38	188	39	132	
	0	168	1	178	2	174	3	129	4	173	5	161	6	101	7	108	8	180	9	168	10	149	11	140	12	146	13	174	14	119	15	115	16	109	17	129	18	108	19	164	20	182	21	110	22	125	23	133	24	120	25	189	26	129	27	189	28	126	29	142	30	126	31	183	32	161	33	198	34	180	35	193	36	145	37	181	38	151	39	172	
	0	182	1	114	2	164	3	177	4	163	5	188	6	123	7	180	8	124	9	192	10	184	11	181	12	101	13	104	14	168	15	163	16	187	17	167	18	164	19	198	20	145	21	104	22	198	23	155	24	115	25	133	26	111	27	103	28	136	29	135	30	193	31	181	32	151	33	108	34	157	35	187	36	114	37	106	38	140	39	119	
	0	174	1	103	2	136	3	137	4	174	5	139	6	186	7	157	8	146	9	197	10	100	11	156	12	143	13	158	14	185	15	147	16	142	17	101	18	184	19	162	20	107	21	128	22	171	23	148	24	182	25	176	26	156	27	116	28	101	29	191	30	122	31	198	32	179	33	146	34	127	35	132	36	196	37	179	38	101	39	170	
	0	113	1	153	2	140	3	190	4	120	5	199	6	175	7	128	8	175	9	108	10	115	11	167	12	130	13	191	14	192	15	141	16	170	17	184	18	138	19	108	20	164	21	151	22	193	23	158	24	104	25	153	26	197	27	171	28	156	29	107	30	143	31	132	32	188	33	174	34	172	35	148	36	160	37	157	38	148	39	182	
	0	168	1	124	2	190	3	196	4	124	5	157	6	194	7	135	8	157	9	139	10	170	11	137	12	105	13	123	14	177	15	106	16	195	17	160	18	167	19	189	20	186	21	123	22	166	23	157	24	184	25	167	26	117	27	154	28	194	29	140	30	192	31	184	32	187	33	147	34	151	35	135	36	182	37	194	38	104	39	156	
	0	166	1	104	2	112	3	181	4	198	5	127	6	122	7	121	8	190	9	100	10	145	11	134	12	173	13	189	14	147	15	122	16	120	17	146	18	178	19	140	20	151	21	149	22	110	23	116	24	175	25	167	26	122	27	116	28	124	29	105	30	105	31	170	32	142	33	145	34	177	35	196	36	132	37	106	38	179	39	154	
	0	108	1	103	2	189	3	162	4	154	5	130	6	126	7	198	8	111	9	186	10	188	11	155	12	114	13	155	14	168	15	188	16	180	17	146	18	150	19	125	20	129	21	106	22	131	23	186	24	115	25	185	26	161	27	152	28	154	29	181	30	146	31	158	32	101	33	166	34	189	35	138	36	157	37	100	38	119	39	150	
	0	183	1	131	2	150	3	102	4	177	5	111	6	176	7	197	8	158	9	111	10	143	11	148	12	162	13	158	14	168	15	152	16	103	17	188	18	166	19	167	20	125	21	131	22	173	23	145	24	165	25	185	26	157	27	189	28	181	29	131	30	157	31	151	32	136	33	176	34	132	35	186	36	101	37	149	38	112	39	122	
	0	113	1	165	2	122	3	172	4	147	5	128	6	193	7	143	8	100	9	162	10	110	11	144	12	197	13	101	14	122	15	174	16	193	17	136	18	100	19	147	20	131	21	162	22	186	23	155	24	108	25	127	26	111	27	101	28	165	29	108	30	182	31	185	32	190	33	174	34	162	35	162	36	171	37	105	38	171	39	121	
	0	188	1	182	2	117	3	123	4	133	5	126	6	179	7	183	8	179	9	168	10	186	11	156	12	127	13	162	14	161	15	186	16	172	17	107	18	150	19	137	20	175	21	108	22	171	23	180	24	195	25	133	26	103	27	120	28	119	29	197	30	120	31	116	32	106	33	178	34	186	35	157	36	114	37	187	38	105	39	130	
	0	141	1	171	2	108	3	181	4	180	5	190	6	197	7	182	8	121	9	176	10	198	11	110	12	152	13	142	14	131	15	116	16	122	17	186	18	102	19	152	20	123	21	187	22	153	23	141	24	151	25	105	26	117	27	129	28	135	29	179	30	156	31	188	32	126	33	138	34	125	35	145	36	135	37	103	38	148	39	165	
	0	166	1	106	2	154	3	146	4	159	5	138	6	102	7	189	8	146	9	133	10	150	11	113	12	126	13	156	14	137	15	167	16	105	17	167	18	155	19	195	20	182	21	171	22	132	23	157	24	130	25	182	26	169	27	149	28	135	29	173	30	164	31	160	32	147	33	121	34	123	35	143	36	129	37	107	38	136	39	111	
	0	131	1	121	2	184	3	184	4	141	5	175	6	174	7	192	8	113	9	132	10	115	11	139	12	197	13	167	14	157	15	160	16	169	17	197	18	109	19	179	20	198	21	187	22	186	23	143	24	100	25	181	26	172	27	192	28	130	29	186	30	193	31	125	32	158	33	180	34	159	35	100	36	115	37	125	38	143	39	174	
	0	168	1	104	2	114	3	138	4	184	5	165	6	119	7	130	8	103	9	184	10	196	11	105	12	117	13	189	14	111	15	126	16	193	17	146	18	121	19	169	20	162	21	158	22	185	23	164	24	157	25	137	26	120	27	117	28	154	29	153	30	168	31	182	32	169	33	111	34	163	35	163	36	109	37	164	38	158	39	115	
	0	153	1	160	2	115	3	146	4	127	5	192	6	105	7	132	8	142	9	168	10	115	11	131	12	104	13	164	14	108	15	108	16	170	17	140	18	186	19	199	20	152	21	143	22	116	23	148	24	196	25	129	26	110	27	154	28	157	29	166	30	113	31	123	32	138	33	139	34	101	35	191	36	142	37	120	38	141	39	118	
	0	124	1	119	2	193	3	193	4	116	5	147	6	157	7	181	8	159	9	197	10	121	11	119	12	125	13	161	14	137	15	159	16	121	17	171	18	128	19	188	20	171	21	139	22	146	23	190	24	141	25	155	26	187	27	131	28	151	29	184	30	118	31	116	32	170	33	167	34	111	35	159	36	144	37	184	38	190	39	195	
	0	154	1	124	2	186	3	140	4	102	5	133	6	161	7	113	8	180	9	175	10	148	11	144	12	129	13	113	14	107	15	143	16	112	17	182	18	144	19	150	20	194	21	136	22	110	23	178	24	128	25	149	26	118	27	130	28	154	29	110	30	161	31	137	32	186	33	117	34	112	35	162	36	171	37	103	38	173	39	104	
	0	162	1	110	2	131	3	130	4	160	5	189	6	162	7	184	8	130	9	166	10	116	11	188	12	102	13	145	14	108	15	147	16	186	17	119	18	102	19	164	20	143	21	114	22	171	23	196	24	167	25	132	26	115	27	101	28	180	29	192	30	153	31	137	32	121	33	196	34	184	35	118	36	192	37	129	38	137	39	107	
	0	156	1	149	2	148	3	186	4	103	5	179	6	175	7	129	8	100	9	146	10	129	11	116	12	174	13	135	14	181	15	144	16	106	17	178	18	120	19	174	20	140	21	175	22	189	23	163	24	131	25	197	26	132	27	173	28	136	29	117	30	169	31	148	32	116	33	101	34	195	35	119	36	147	37	125	38	113	39	182	
	0	182	1	170	2	133	3	131	4	192	5	186	6	113	7	149	8	113	9	125	10	195	11	120	12	148	13	141	14	153	15	140	16	123	17	138	18	161	19	178	20	169	21	100	22	102	23	117	24	148	25	161	26	138	27	167	28	148	29	132	30	124	31	127	32	149	33	116	34	146	35	111	36	141	37	171	38	128	39	186	
	0	150	1	138	2	118	3	191	4	187	5	194	6	109	7	118	8	177	9	129	10	174	11	189	12	186	13	187	14	128	15	108	16	190	17	152	18	124	19	118	20	199	21	199	22	194	23	151	24	123	25	166	26	187	27	198	28	140	29	177	30	182	31	100	32	168	33	149	34	136	35	108	36	178	37	153	38	125	39	154	
	0	117	1	191	2	136	3	115	4	104	5	189	6	191	7	150	8	184	9	140	10	121	11	105	12	103	13	171	14	169	15	144	16	154	17	145	18	132	19	123	20	150	21	116	22	126	23	155	24	127	25	126	26	178	27	146	28	129	29	190	30	120	31	148	32	188	33	101	34	157	35	171	36	147	37	123	38	131	39	119	
	0	125	1	100	2	186	3	119	4	165	5	195	6	150	7	180	8	133	9	150	10	106	11	159	12	195	13	193	14	110	15	119	16	119	17	174	18	122	19	185	20	191	21	110	22	172	23	152	24	144	25	121	26	121	27	161	28	115	29	196	30	191	31	111	32	158	33	172	34	150	35	180	36	165	37	112	38	141	39	180	
	0	136	1	107	2	196	3	104	4	178	5	112	6	137	7	115	8	176	9	127	10	188	11	193	12	197	13	125	14	144	15	113	16	119	17	188	18	167	19	157	20	191	21	149	22	105	23	165	24	137	25	140	26	178	27	169	28	139	29	133	30	102	31	172	32	104	33	122	34	187	35	133	36	100	37	172	38	110	39	193	
	0	163	1	190	2	174	3	123	4	147	5	166	6	139	7	180	8	156	9	119	10	103	11	172	12	144	13	141	14	119	15	199	16	139	17	183	18	181	19	101	20	134	21	191	22	113	23	167	24	199	25	189	26	174	27	138	28	128	29	198	30	107	31	163	32	166	33	148	34	191	35	126	36	173	37	102	38	114	39	101	
	0	167	1	100	2	106	3	149	4	157	5	101	6	123	7	139	8	165	9	167	10	159	11	192	12	174	13	122	14	138	15	158	16	111	17	118	18	189	19	132	20	160	21	149	22	154	23	162	24	171	25	135	26	196	27	106	28	138	29	176	30	173	31	172	32	112	33	137	34	155	35	144	36	147	37	153	38	119	39	129	
	0	102	1	139	2	153	3	150	4	157	5	176	6	164	7	166	8	174	9	159	10	113	11	158	12	198	13	130	14	180	15	166	16	129	17	132	18	179	19	172	20	158	21	108	22	121	23	188	24	103	25	133	26	150	27	117	28	122	29	100	30	172	31	171	32	194	33	127	34	166	35	104	36	153	37	116	38	121	39	160	
	0	194	1	146	2	145	3	176	4	198	5	176	6	113	7	102	8	112	9	108	10	112	11	139	12	119	13	180	14	144	15	147	16	113	17	123	18	172	19	129	20	121	21	170	22	114	23	183	24	161	25	191	26	139	27	169	28	187	29	136	30	131	31	135	32	134	33	177	34	114	35	114	36	157	37	172	38	118	39	199	
	0	116	1	193	2	194	3	127	4	139	5	109	6	106	7	199	8	133	9	149	10	116	11	131	12	153	13	192	14	153	15	126	16	163	17	123	18	175	19	141	20	126	21	105	22	156	23	158	24	154	25	186	26	195	27	125	28	107	29	117	30	109	31	129	32	190	33	161	34	153	35	144	36	174	37	118	38	177	39	144	
	0	174	1	133	2	171	3	172	4	106	5	170	6	129	7	156	8	125	9	103	10	138	11	185	12	199	13	114	14	102	15	112	16	167	17	188	18	108	19	172	20	140	21	124	22	178	23	156	24	172	25	166	26	149	27	195	28	130	29	101	30	148	31	148	32	158	33	149	34	132	35	146	36	103	37	179	38	122	39	169	
	0	166	1	195	2	101	3	148	4	118	5	175	6	130	7	130	8	199	9	154	10	186	11	115	12	119	13	196	14	179	15	108	16	148	17	106	18	100	19	195	20	121	21	178	22	111	23	118	24	124	25	132	26	144	27	103	28	145	29	180	30	168	31	121	32	121	33	171	34	195	35	162	36	130	37	177	38	180	39	156	
	0	160	1	194	2	116	3	143	4	193	5	146	6	175	7	164	8	165	9	104	10	167	11	132	12	159	13	142	14	173	15	181	16	153	17	186	18	186	19	106	20	140	21	108	22	107	23	179	24	180	25	151	26	181	27	183	28	184	29	188	30	148	31	101	32	169	33	127	34	163	35	123	36	149	37	157	38	109	39	173	
	0	175	1	179	2	108	3	175	4	158	5	192	6	152	7	122	8	115	9	142	10	134	11	100	12	116	13	135	14	158	15	108	16	158	17	176	18	182	19	160	20	164	21	123	22	166	23	195	24	198	25	189	26	194	27	119	28	141	29	118	30	175	31	167	32	178	33	113	34	166	35	167	36	196	37	177	38	154	39	136	
	0	100	1	106	2	121	3	164	4	168	5	159	6	175	7	184	8	196	9	112	10	195	11	188	12	189	13	119	14	198	15	152	16	111	17	175	18	101	19	127	20	131	21	101	22	167	23	126	24	138	25	157	26	126	27	196	28	129	29	109	30	196	31	189	32	190	33	161	34	114	35	102	36	156	37	117	38	112	39	142	
	0	184	1	176	2	142	3	155	4	144	5	143	6	188	7	101	8	128	9	199	10	177	11	172	12	167	13	125	14	127	15	121	16	116	17	118	18	119	19	118	20	107	21	139	22	170	23	159	24	195	25	139	26	150	27	146	28	125	29	116	30	182	31	108	32	115	33	184	34	178	35	109	36	152	37	192	38	167	39	137	
	0	178	1	116	2	126	3	185	4	130	5	106	6	113	7	174	8	162	9	154	10	133	11	134	12	108	13	107	14	117	15	147	16	118	17	136	18	132	19	153	20	123	21	137	22	185	23	104	24	122	25	137	26	180	27	175	28	195	29	153	30	165	31	118	32	179	33	142	34	142	35	162	36	104	37	145	38	186	39	191	
	0	178	1	128	2	177	3	143	4	108	5	106	6	119	7	133	8	168	9	168	10	136	11	157	12	190	13	179	14	109	15	139	16	120	17	173	18	171	19	196	20	135	21	115	22	176	23	134	24	173	25	185	26	111	27	135	28	120	29	146	30	106	31	101	32	191	33	128	34	147	35	169	36	184	37	108	38	116	39	117	
	0	135	1	163	2	127	3	137	4	153	5	152	6	166	7	136	8	109	9	153	10	196	11	105	12	152	13	142	14	154	15	146	16	155	17	141	18	185	19	169	20	184	21	172	22	129	23	183	24	137	25	122	26	197	27	172	28	192	29	120	30	194	31	186	32	144	33	129	34	184	35	170	36	197	37	160	38	140	39	133	
	0	125	1	174	2	145	3	100	4	163	5	180	6	125	7	126	8	129	9	190	10	183	11	147	12	109	13	144	14	143	15	187	16	184	17	186	18	121	19	197	20	124	21	199	22	184	23	106	24	112	25	178	26	144	27	146	28	130	29	156	30	171	31	124	32	145	33	194	34	101	35	131	36	104	37	116	38	198	39	158	
	0	120	1	160	2	105	3	166	4	150	5	117	6	144	7	111	8	133	9	139	10	135	11	139	12	111	13	128	14	133	15	183	16	150	17	130	18	138	19	192	20	167	21	119	22	167	23	114	24	183	25	114	26	189	27	189	28	111	29	124	30	149	31	121	32	130	33	123	34	136	35	188	36	185	37	148	38	139	39	148	
	0	110	1	111	2	194	3	143	4	182	5	128	6	163	7	169	8	166	9	185	10	114	11	140	12	181	13	146	14	187	15	187	16	113	17	103	18	116	19	175	20	155	21	184	22	194	23	156	24	124	25	195	26	103	27	183	28	143	29	152	30	162	31	101	32	125	33	197	34	106	35	147	36	128	37	118	38	116	39	110	
	0	156	1	163	2	145	3	151	4	160	5	185	6	197	7	163	8	118	9	175	10	107	11	188	12	165	13	101	14	137	15	175	16	107	17	144	18	118	19	154	20	135	21	130	22	139	23	180	24	173	25	109	26	156	27	141	28	131	29	155	30	150	31	100	32	196	33	172	34	162	35	143	36	171	37	127	38	107	39	181	
	0	158	1	124	2	121	3	176	4	140	5	171	6	106	7	106	8	122	9	139	10	194	11	154	12	182	13	101	14	140	15	191	16	122	17	100	18	107	19	152	20	176	21	186	22	135	23	144	24	187	25	140	26	190	27	175	28	107	29	125	30	139	31	126	32	141	33	105	34	118	35	199	36	154	37	169	38	168	39	124	
	0	193	1	194	2	171	3	162	4	104	5	166	6	123	7	179	8	112	9	152	10	108	11	189	12	106	13	116	14	132	15	102	16	179	17	164	18	152	19	176	20	115	21	194	22	103	23	166	24	127	25	173	26	119	27	186	28	112	29	172	30	129	31	127	32	152	33	182	34	131	35	110	36	176	37	148	38	105	39	104	
	0	155	1	182	2	142	3	178	4	131	5	101	6	177	7	106	8	162	9	142	10	124	11	144	12	164	13	122	14	120	15	193	16	168	17	162	18	199	19	124	20	193	21	147	22	159	23	185	24	140	25	183	26	128	27	106	28	187	29	124	30	194	31	114	32	172	33	198	34	181	35	197	36	104	37	147	38	150	39	152	
	0	131	1	115	2	115	3	126	4	154	5	175	6	114	7	127	8	169	9	182	10	178	11	133	12	131	13	199	14	160	15	147	16	147	17	166	18	142	19	139	20	133	21	154	22	122	23	172	24	122	25	140	26	114	27	166	28	192	29	193	30	159	31	167	32	170	33	179	34	132	35	166	36	105	37	138	38	117	39	119	
	0	165	1	107	2	149	3	121	4	163	5	115	6	162	7	116	8	147	9	161	10	148	11	176	12	173	13	173	14	113	15	160	16	120	17	164	18	100	19	111	20	157	21	185	22	128	23	108	24	119	25	131	26	184	27	156	28	140	29	182	30	169	31	118	32	104	33	160	34	156	35	189	36	176	37	160	38	142	39	122	
	0	139	1	105	2	178	3	161	4	184	5	141	6	199	7	188	8	148	9	110	10	196	11	154	12	140	13	147	14	188	15	119	16	135	17	113	18	130	19	137	20	196	21	156	22	130	23	136	24	178	25	169	26	102	27	188	28	155	29	145	30	144	31	135	32	155	33	179	34	129	35	186	36	154	37	171	38	156	39	148	
	0	194	1	167	2	129	3	134	4	156	5	104	6	149	7	135	8	156	9	146	10	186	11	100	12	136	13	183	14	183	15	121	16	151	17	101	18	163	19	158	20	164	21	127	22	112	23	108	24	127	25	161	26	124	27	168	28	134	29	139	30	191	31	154	32	100	33	165	34	131	35	120	36	139	37	116	38	125	39	198	
	0	164	1	183	2	105	3	150	4	177	5	169	6	142	7	100	8	107	9	118	10	123	11	100	12	170	13	137	14	118	15	165	16	151	17	197	18	116	19	114	20	193	21	180	22	122	23	132	24	187	25	173	26	171	27	187	28	142	29	194	30	110	31	198	32	186	33	162	34	150	35	153	36	131	37	178	38	158	39	102	
	0	123	1	171	2	175	3	125	4	179	5	192	6	118	7	113	8	175	9	105	10	132	11	168	12	159	13	187	14	131	15	155	16	172	17	172	18	184	19	175	20	108	21	131	22	122	23	144	24	190	25	165	26	198	27	123	28	154	29	103	30	130	31	119	32	173	33	152	34	147	35	109	36	176	37	123	38	184	39	170	
	0	136	1	115	2	140	3	115	4	119	5	115	6	120	7	111	8	126	9	120	10	179	11	152	12	166	13	186	14	130	15	159	16	196	17	154	18	132	19	124	20	161	21	135	22	115	23	143	24	119	25	145	26	170	27	108	28	116	29	159	30	188	31	194	32	157	33	193	34	137	35	102	36	166	37	109	38	147	39	136	
	0	177	1	163	2	171	3	126	4	168	5	100	6	198	7	101	8	152	9	175	10	161	11	142	12	100	13	123	14	141	15	134	16	104	17	186	18	196	19	123	20	141	21	116	22	189	23	178	24	106	25	149	26	102	27	129	28	103	29	128	30	153	31	165	32	189	33	127	34	136	35	146	36	101	37	180	38	130	39	148	
	0	139	1	183	2	144	3	115	4	145	5	103	6	109	7	131	8	104	9	163	10	106	11	141	12	199	13	177	14	181	15	173	16	111	17	169	18	180	19	108	20	180	21	141	22	130	23	152	24	102	25	114	26	171	27	111	28	178	29	139	30	162	31	181	32	148	33	189	34	169	35	110	36	134	37	142	38	121	39	119	
	0	128	1	128	2	195	3	122	4	116	5	146	6	150	7	193	8	188	9	143	10	142	11	120	12	190	13	187	14	174	15	107	16	140	17	106	18	139	19	158	20	119	21	164	22	154	23	124	24	166	25	127	26	105	27	151	28	188	29	124	30	133	31	110	32	174	33	153	34	131	35	151	36	190	37	152	38	129	39	172	
	0	121	1	166	2	104	3	168	4	124	5	179	6	177	7	110	8	132	9	197	10	197	11	125	12	151	13	144	14	166	15	109	16	151	17	132	18	147	19	107	20	186	21	138	22	127	23	132	24	136	25	142	26	163	27	155	28	193	29	195	30	131	31	191	32	155	33	173	34	187	35	112	36	152	37	192	38	103	39	139	
	0	192	1	189	2	100	3	182	4	191	5	170	6	186	7	131	8	166	9	115	10	191	11	177	12	193	13	160	14	118	15	104	16	109	17	199	18	158	19	158	20	171	21	110	22	154	23	154	24	149	25	174	26	134	27	153	28	183	29	187	30	172	31	156	32	126	33	136	34	128	35	129	36	123	37	103	38	145	39	159	
	0	136	1	122	2	158	3	185	4	109	5	141	6	130	7	148	8	156	9	188	10	105	11	136	12	162	13	138	14	191	15	104	16	134	17	132	18	158	19	150	20	137	21	123	22	199	23	139	24	101	25	116	26	110	27	132	28	182	29	151	30	193	31	189	32	131	33	144	34	172	35	116	36	181	37	138	38	158	39	182	
	0	168	1	149	2	127	3	134	4	194	5	186	6	194	7	171	8	136	9	127	10	162	11	183	12	109	13	157	14	158	15	194	16	117	17	171	18	149	19	109	20	193	21	181	22	148	23	161	24	117	25	129	26	111	27	124	28	118	29	190	30	144	31	135	32	182	33	170	34	124	35	127	36	189	37	115	38	146	39	101	
	0	147	1	102	2	178	3	108	4	148	5	125	6	155	7	133	8	111	9	144	10	114	11	159	12	172	13	173	14	159	15	111	16	176	17	180	18	170	19	183	20	132	21	154	22	186	23	158	24	155	25	104	26	113	27	175	28	189	29	156	30	145	31	139	32	113	33	139	34	143	35	102	36	153	37	110	38	159	39	178	
	0	109	1	199	2	164	3	151	4	170	5	120	6	102	7	182	8	102	9	151	10	118	11	129	12	170	13	129	14	165	15	101	16	128	17	193	18	149	19	198	20	106	21	102	22	182	23	189	24	135	25	169	26	117	27	184	28	165	29	196	30	155	31	159	32	121	33	143	34	152	35	183	36	136	37	170	38	125	39	179	
	0	166	1	145	2	133	3	180	4	133	5	136	6	170	7	190	8	155	9	194	10	165	11	141	12	177	13	100	14	152	15	162	16	170	17	168	18	114	19	162	20	108	21	169	22	105	23	173	24	158	25	114	26	161	27	129	28	129	29	198	30	180	31	190	32	105	33	194	34	182	35	198	36	185	37	190	38	115	39	158	
	0	182	1	196	2	112	3	127	4	110	5	195	6	141	7	115	8	137	9	180	10	172	11	177	12	169	13	182	14	126	15	168	16	108	17	147	18	107	19	136	20	135	21	148	22	171	23	131	24	169	25	102	26	126	27	138	28	189	29	176	30	165	31	144	32	168	33	157	34	183	35	145	36	113	37	118	38	191	39	124	
	0	148	1	181	2	115	3	128	4	106	5	129	6	182	7	128	8	143	9	122	10	143	11	161	12	192	13	190	14	118	15	117	16	119	17	169	18	172	19	185	20	198	21	126	22	160	23	138	24	129	25	126	26	145	27	105	28	181	29	110	30	167	31	105	32	135	33	167	34	130	35	103	36	164	37	194	38	133	39	104	
	0	119	1	119	2	116	3	119	4	168	5	181	6	193	7	165	8	160	9	115	10	153	11	165	12	104	13	175	14	191	15	178	16	114	17	180	18	190	19	165	20	115	21	115	22	177	23	150	24	138	25	182	26	121	27	182	28	134	29	128	30	150	31	193	32	116	33	150	34	178	35	162	36	152	37	167	38	171	39	107	
	0	119	1	104	2	140	3	168	4	110	5	151	6	180	7	129	8	141	9	197	10	151	11	196	12	199	13	100	14	109	15	178	16	101	17	182	18	181	19	106	20	126	21	136	22	107	23	143	24	111	25	127	26	150	27	122	28	192	29	132	30	114	31	199	32	140	33	108	34	197	35	182	36	105	37	131	38	150	39	127	
	0	144	1	155	2	131	3	175	4	188	5	125	6	115	7	110	8	137	9	163	10	193	11	154	12	117	13	121	14	155	15	126	16	107	17	186	18	100	19	180	20	136	21	179	22	160	23	137	24	195	25	167	26	173	27	117	28	156	29	163	30	112	31	172	32	114	33	196	34	162	35	173	36	191	37	119	38	151	39	122	
	0	181	1	153	2	101	3	194	4	170	5	188	6	101	7	185	8	132	9	131	10	102	11	107	12	195	13	117	14	183	15	152	16	172	17	198	18	163	19	195	20	104	21	130	22	140	23	151	24	183	25	138	26	117	27	166	28	183	29	102	30	193	31	162	32	125	33	105	34	198	35	150	36	198	37	176	38	162	39	190	
	0	194	1	130	2	182	3	175	4	198	5	174	6	189	7	197	8	132	9	195	10	180	11	187	12	189	13	160	14	148	15	173	16	187	17	151	18	140	19	198	20	129	21	121	22	133	23	174	24	145	25	197	26	148	27	127	28	117	29	114	30	111	31	175	32	117	33	139	34	184	35	148	36	148	37	168	38	159	39	132	
	0	181	1	131	2	135	3	150	4	107	5	102	6	181	7	114	8	102	9	149	10	198	11	154	12	185	13	197	14	154	15	185	16	149	17	150	18	121	19	160	20	102	21	190	22	162	23	129	24	129	25	186	26	167	27	127	28	154	29	158	30	181	31	197	32	129	33	194	34	177	35	122	36	117	37	124	38	191	39	118	
	0	161	1	130	2	155	3	193	4	195	5	101	6	102	7	168	8	169	9	136	10	107	11	125	12	118	13	170	14	196	15	171	16	115	17	167	18	191	19	191	20	100	21	154	22	183	23	127	24	151	25	188	26	196	27	129	28	128	29	129	30	170	31	149	32	138	33	188	34	139	35	187	36	150	37	173	38	119	39	139	
	0	178	1	176	2	106	3	115	4	197	5	145	6	169	7	139	8	141	9	150	10	113	11	188	12	170	13	140	14	161	15	107	16	187	17	154	18	187	19	171	20	167	21	170	22	190	23	110	24	131	25	182	26	163	27	184	28	155	29	159	30	123	31	101	32	102	33	196	34	173	35	133	36	170	37	177	38	121	39	139	
	0	197	1	115	2	180	3	123	4	147	5	129	6	195	7	137	8	101	9	106	10	119	11	134	12	144	13	142	14	131	15	154	16	199	17	112	18	167	19	161	20	173	21	124	22	120	23	176	24	155	25	101	26	160	27	155	28	114	29	154	30	104	31	172	32	138	33	179	34	193	35	127	36	144	37	169	38	116	39	193	
	0	118	1	110	2	114	3	104	4	196	5	106	6	121	7	169	8	190	9	193	10	169	11	101	12	193	13	123	14	191	15	106	16	164	17	148	18	116	19	154	20	161	21	169	22	117	23	190	24	108	25	112	26	155	27	152	28	112	29	131	30	170	31	187	32	124	33	144	34	152	35	164	36	178	37	181	38	176	39	195	
	0	144	1	135	2	160	3	168	4	103	5	102	6	164	7	172	8	177	9	131	10	108	11	128	12	198	13	194	14	118	15	136	16	120	17	195	18	130	19	142	20	184	21	199	22	163	23	134	24	153	25	181	26	108	27	119	28	176	29	108	30	135	31	183	32	177	33	121	34	165	35	155	36	178	37	137	38	123	39	178	
	0	102	1	175	2	181	3	135	4	190	5	184	6	134	7	104	8	108	9	113	10	167	11	154	12	140	13	147	14	173	15	115	16	124	17	134	18	134	19	107	20	123	21	139	22	152	23	170	24	130	25	127	26	182	27	129	28	167	29	105	30	136	31	123	32	180	33	181	34	122	35	131	36	157	37	120	38	196	39	164	
	0	174	1	140	2	161	3	183	4	119	5	160	6	126	7	134	8	169	9	173	10	163	11	126	12	186	13	152	14	129	15	192	16	162	17	173	18	127	19	146	20	106	21	113	22	190	23	181	24	101	25	147	26	199	27	134	28	158	29	185	30	177	31	153	32	188	33	161	34	181	35	177	36	146	37	140	38	107	39	183	
	0	124	1	128	2	114	3	103	4	110	5	190	6	171	7	185	8	108	9	135	10	198	11	162	12	183	13	142	14	179	15	194	16	135	17	111	18	197	19	118	20	122	21	132	22	114	23	194	24	156	25	193	26	194	27	105	28	145	29	131	30	176	31	162	32	185	33	129	34	167	35	127	36	119	37	167	38	115	39	109	
	0	122	1	104	2	170	3	178	4	193	5	140	6	142	7	163	8	121	9	156	10	191	11	130	12	164	13	180	14	101	15	177	16	197	17	122	18	148	19	162	20	183	21	192	22	105	23	182	24	145	25	166	26	135	27	121	28	192	29	151	30	175	31	151	32	144	33	150	34	176	35	105	36	196	37	102	38	182	39	183	
	0	115	1	161	2	170	3	183	4	182	5	106	6	107	7	116	8	152	9	158	10	108	11	188	12	105	13	104	14	142	15	188	16	103	17	110	18	166	19	133	20	143	21	183	22	100	23	120	24	192	25	136	26	134	27	139	28	106	29	152	30	164	31	112	32	189	33	120	34	165	35	199	36	110	37	113	38	148	39	104	
	0	127	1	163	2	145	3	119	4	127	5	146	6	143	7	112	8	182	9	160	10	178	11	123	12	105	13	195	14	150	15	124	16	191	17	179	18	128	19	197	20	169	21	171	22	189	23	164	24	160	25	163	26	112	27	188	28	168	29	142	30	164	31	173	32	148	33	111	34	128	35	140	36	177	37	127	38	120	39	101	
	0	132	1	118	2	141	3	156	4	145	5	170	6	104	7	155	8	170	9	121	10	153	11	146	12	161	13	131	14	115	15	160	16	198	17	140	18	188	19	118	20	121	21	164	22	130	23	138	24	165	25	112	26	124	27	134	28	110	29	139	30	108	31	121	32	100	33	171	34	123	35	183	36	169	37	177	38	156	39	136	
	0	192	1	155	2	185	3	126	4	196	5	191	6	147	7	108	8	121	9	110	10	160	11	171	12	113	13	168	14	112	15	137	16	156	17	148	18	102	19	185	20	114	21	184	22	161	23	170	24	163	25	154	26	147	27	160	28	109	29	163	30	157	31	137	32	149	33	133	34	113	35	137	36	100	37	188	38	121	39	120	
	0	128	1	185	2	165	3	157	4	188	5	165	6	197	7	108	8	156	9	170	10	128	11	162	12	178	13	161	14	149	15	101	16	195	17	177	18	165	19	179	20	163	21	185	22	174	23	164	24	117	25	103	26	180	27	188	28	161	29	101	30	101	31	111	32	107	33	136	34	158	35	147	36	109	37	160	38	132	39	128	
	0	121	1	165	2	145	3	128	4	110	5	124	6	106	7	134	8	102	9	175	10	122	11	133	12	189	13	110	14	181	15	137	16	140	17	169	18	158	19	150	20	149	21	139	22	135	23	150	24	130	25	113	26	139	27	110	28	197	29	125	30	179	31	181	32	172	33	187	34	114	35	155	36	114	37	157	38	102	39	112	
	0	162	1	128	2	157	3	169	4	171	5	134	6	112	7	114	8	142	9	179	10	124	11	115	12	137	13	117	14	166	15	189	16	141	17	159	18	197	19	188	20	139	21	131	22	180	23	122	24	163	25	191	26	101	27	183	28	177	29	161	30	142	31	185	32	125	33	108	34	191	35	151	36	107	37	135	38	169	39	161	
	0	176	1	150	2	161	3	139	4	120	5	168	6	104	7	128	8	161	9	142	10	180	11	163	12	112	13	110	14	140	15	184	16	160	17	149	18	190	19	137	20	104	21	124	22	126	23	151	24	130	25	179	26	195	27	124	28	175	29	139	30	170	31	144	32	125	33	144	34	174	35	155	36	112	37	159	38	144	39	122	
	0	140	1	190	2	134	3	110	4	164	5	108	6	171	7	191	8	149	9	168	10	160	11	164	12	115	13	181	14	174	15	143	16	150	17	193	18	149	19	131	20	151	21	162	22	152	23	161	24	121	25	106	26	166	27	130	28	154	29	123	30	105	31	180	32	144	33	191	34	121	35	198	36	175	37	158	38	197	39	199	
	0	136	1	182	2	167	3	104	4	141	5	177	6	150	7	184	8	155	9	130	10	134	11	128	12	113	13	137	14	175	15	152	16	140	17	141	18	194	19	117	20	162	21	187	22	172	23	190	24	152	25	197	26	109	27	170	28	132	29	110	30	126	31	140	32	184	33	186	34	136	35	125	36	183	37	111	38	102	39	160	
	0	150	1	130	2	153	3	172	4	163	5	195	6	139	7	151	8	186	9	155	10	129	11	114	12	195	13	160	14	190	15	192	16	132	17	124	18	125	19	186	20	147	21	132	22	138	23	101	24	150	25	168	26	130	27	180	28	121	29	128	30	186	31	169	32	132	33	129	34	155	35	129	36	161	37	137	38	123	39	132	
	0	187	1	185	2	135	3	187	4	106	5	170	6	165	7	130	8	196	9	140	10	141	11	174	12	134	13	155	14	129	15	167	16	196	17	128	18	118	19	136	20	182	21	103	22	153	23	112	24	156	25	131	26	171	27	125	28	184	29	171	30	113	31	148	32	128	33	100	34	177	35	159	36	150	37	108	38	134	39	155	
	0	193	1	125	2	186	3	163	4	163	5	100	6	175	7	182	8	156	9	122	10	198	11	182	12	163	13	168	14	153	15	141	16	158	17	136	18	101	19	112	20	120	21	120	22	188	23	139	24	107	25	178	26	174	27	143	28	109	29	138	30	137	31	148	32	181	33	167	34	167	35	108	36	143	37	194	38	151	39	174	