100 40 1
40
	0	149	1	127	2	149	3	156	4	111	5	149	6	100	7	145	8	153	9	151	10	143	11	122	12	126	13	107	14	125	15	157	16	186	17	112	18	135	19	152	20	185	21	140	22	128	23	100	24	133	25	108	26	153	27	107	28	174	29	160	30	154	31	197	32	126	33	195	34	149	35	107	36	186	37	156	38	107	39	103	
	0	154	1	159	2	113	3	132	4	137	5	157	6	140	7	173	8	190	9	194	10	193	11	180	12	135	13	105	14	141	15	157	16	167	17	127	18	120	19	142	20	147	21	178	22	109	23	125	24	145	25	157	26	130	27	180	28	185	29	153	30	130	31	102	32	129	33	150	34	150	35	136	36	193	37	120	38	120	39	177	
	0	152	1	149	2	183	3	131	4	103	5	107	6	143	7	144	8	128	9	100	10	188	11	120	12	151	13	162	14	167	15	146	16	180	17	138	18	185	19	151	20	144	21	172	22	177	23	144	24	182	25	136	26	185	27	118	28	114	29	181	30	141	31	199	32	154	33	108	34	144	35	117	36	101	37	117	38	187	39	172	
	0	150	1	109	2	184	3	143	4	133	5	159	6	180	7	167	8	185	9	152	10	193	11	142	12	126	13	166	14	156	15	111	16	161	17	122	18	107	19	191	20	167	21	166	22	195	23	112	24	187	25	174	26	108	27	167	28	113	29	132	30	174	31	115	32	144	33	175	34	176	35	158	36	186	37	109	38	192	39	121	
	0	187	1	152	2	103	3	195	4	112	5	187	6	191	7	111	8	199	9	138	10	143	11	186	12	129	13	191	14	197	15	132	16	159	17	101	18	100	19	192	20	106	21	167	22	102	23	167	24	198	25	195	26	161	27	130	28	113	29	197	30	102	31	136	32	178	33	146	34	126	35	173	36	165	37	158	38	141	39	114	
	0	174	1	166	2	121	3	191	4	171	5	136	6	169	7	183	8	126	9	128	10	179	11	128	12	172	13	199	14	192	15	174	16	120	17	119	18	158	19	102	20	188	21	111	22	164	23	131	24	138	25	111	26	118	27	181	28	182	29	147	30	116	31	154	32	100	33	120	34	166	35	106	36	142	37	139	38	194	39	172	
	0	165	1	163	2	126	3	132	4	129	5	175	6	156	7	196	8	154	9	169	10	108	11	142	12	117	13	170	14	117	15	191	16	148	17	185	18	188	19	154	20	111	21	176	22	122	23	160	24	168	25	197	26	133	27	132	28	174	29	127	30	195	31	157	32	138	33	174	34	112	35	139	36	187	37	172	38	181	39	135	
	0	144	1	127	2	110	3	186	4	100	5	163	6	160	7	181	8	198	9	125	10	183	11	124	12	171	13	166	14	116	15	120	16	190	17	166	18	175	19	128	20	194	21	142	22	110	23	136	24	143	25	113	26	129	27	129	28	191	29	162	30	117	31	117	32	167	33	155	34	160	35	174	36	195	37	137	38	126	39	106	
	0	130	1	168	2	164	3	159	4	187	5	135	6	159	7	106	8	178	9	150	10	191	11	118	12	108	13	132	14	105	15	177	16	123	17	179	18	194	19	102	20	184	21	168	22	119	23	183	24	162	25	127	26	187	27	115	28	120	29	164	30	108	31	189	32	135	33	120	34	142	35	171	36	159	37	191	38	137	39	182	
	0	128	1	104	2	126	3	143	4	117	5	122	6	101	7	178	8	118	9	138	10	142	11	111	12	123	13	158	14	102	15	157	16	177	17	193	18	190	19	104	20	171	21	162	22	180	23	145	24	161	25	191	26	153	27	145	28	162	29	197	30	115	31	135	32	145	33	146	34	179	35	129	36	152	37	196	38	158	39	105	
	0	136	1	133	2	134	3	167	4	184	5	153	6	156	7	171	8	124	9	183	10	114	11	130	12	173	13	108	14	199	15	197	16	192	17	119	18	174	19	188	20	133	21	162	22	153	23	186	24	172	25	118	26	178	27	154	28	147	29	121	30	184	31	104	32	105	33	164	34	177	35	122	36	162	37	181	38	151	39	140	
	0	191	1	195	2	194	3	160	4	150	5	105	6	189	7	110	8	153	9	178	10	197	11	165	12	176	13	133	14	190	15	175	16	100	17	118	18	112	19	106	20	194	21	177	22	175	23	168	24	158	25	151	26	159	27	161	28	114	29	193	30	129	31	118	32	166	33	152	34	158	35	194	36	162	37	163	38	182	39	168	
	0	146	1	182	2	132	3	130	4	154	5	167	6	100	7	105	8	147	9	141	10	172	11	119	12	107	13	125	14	131	15	160	16	177	17	118	18	113	19	151	20	100	21	173	22	112	23	111	24	110	25	109	26	135	27	120	28	136	29	126	30	178	31	110	32	153	33	181	34	125	35	165	36	172	37	176	38	170	39	198	
	0	108	1	154	2	102	3	139	4	184	5	133	6	100	7	135	8	192	9	110	10	183	11	144	12	195	13	131	14	165	15	140	16	102	17	188	18	144	19	150	20	105	21	139	22	156	23	102	24	145	25	125	26	104	27	106	28	170	29	163	30	143	31	124	32	124	33	143	34	167	35	110	36	102	37	148	38	189	39	124	
	0	130	1	177	2	107	3	100	4	140	5	148	6	176	7	192	8	129	9	192	10	146	11	165	12	172	13	141	14	118	15	190	16	158	17	100	18	188	19	107	20	115	21	160	22	137	23	112	24	177	25	107	26	123	27	138	28	156	29	159	30	160	31	128	32	115	33	144	34	183	35	112	36	179	37	150	38	117	39	108	
	0	157	1	145	2	140	3	176	4	111	5	105	6	178	7	123	8	196	9	125	10	117	11	182	12	112	13	104	14	122	15	190	16	153	17	102	18	196	19	109	20	123	21	125	22	151	23	171	24	127	25	155	26	187	27	143	28	139	29	105	30	147	31	197	32	126	33	142	34	198	35	100	36	179	37	155	38	126	39	100	
	0	179	1	155	2	160	3	162	4	101	5	102	6	187	7	129	8	178	9	192	10	192	11	194	12	123	13	135	14	116	15	132	16	147	17	142	18	150	19	173	20	113	21	148	22	140	23	113	24	194	25	101	26	117	27	107	28	159	29	122	30	192	31	171	32	128	33	116	34	100	35	168	36	185	37	147	38	157	39	199	
	0	170	1	116	2	131	3	109	4	163	5	180	6	145	7	133	8	133	9	122	10	132	11	154	12	177	13	100	14	155	15	192	16	150	17	113	18	184	19	127	20	173	21	194	22	149	23	118	24	189	25	179	26	197	27	114	28	185	29	163	30	182	31	146	32	128	33	132	34	124	35	111	36	172	37	157	38	123	39	180	
	0	171	1	121	2	126	3	179	4	154	5	100	6	111	7	148	8	127	9	178	10	196	11	176	12	178	13	136	14	149	15	154	16	156	17	128	18	140	19	190	20	181	21	105	22	111	23	111	24	113	25	139	26	199	27	187	28	105	29	193	30	134	31	154	32	188	33	124	34	111	35	155	36	121	37	185	38	190	39	191	
	0	132	1	112	2	108	3	196	4	177	5	112	6	148	7	191	8	120	9	115	10	168	11	143	12	176	13	150	14	123	15	165	16	187	17	145	18	181	19	113	20	124	21	101	22	174	23	179	24	180	25	152	26	187	27	131	28	157	29	123	30	122	31	198	32	165	33	103	34	189	35	113	36	107	37	185	38	122	39	121	
	0	169	1	147	2	126	3	158	4	151	5	169	6	180	7	162	8	139	9	186	10	141	11	157	12	159	13	193	14	123	15	162	16	119	17	167	18	123	19	105	20	136	21	109	22	148	23	153	24	190	25	131	26	186	27	106	28	112	29	100	30	119	31	175	32	172	33	134	34	189	35	138	36	137	37	107	38	141	39	124	
	0	162	1	190	2	100	3	140	4	162	5	127	6	141	7	184	8	181	9	102	10	114	11	123	12	163	13	159	14	125	15	144	16	103	17	192	18	115	19	199	20	164	21	168	22	151	23	190	24	111	25	187	26	186	27	167	28	188	29	191	30	170	31	156	32	123	33	181	34	197	35	193	36	163	37	138	38	196	39	149	
	0	175	1	122	2	161	3	136	4	157	5	122	6	191	7	186	8	124	9	134	10	173	11	117	12	142	13	114	14	126	15	162	16	144	17	158	18	180	19	153	20	110	21	193	22	190	23	130	24	134	25	187	26	120	27	176	28	119	29	120	30	171	31	189	32	108	33	197	34	179	35	181	36	164	37	166	38	103	39	132	
	0	138	1	145	2	171	3	151	4	158	5	181	6	119	7	143	8	105	9	167	10	195	11	173	12	135	13	179	14	115	15	193	16	111	17	137	18	182	19	198	20	113	21	197	22	188	23	176	24	131	25	129	26	137	27	113	28	181	29	158	30	108	31	178	32	100	33	109	34	141	35	145	36	130	37	110	38	168	39	137	
	0	116	1	106	2	164	3	110	4	180	5	195	6	155	7	159	8	186	9	101	10	182	11	182	12	123	13	119	14	165	15	181	16	154	17	176	18	110	19	188	20	116	21	174	22	140	23	100	24	194	25	151	26	124	27	100	28	152	29	108	30	135	31	131	32	108	33	159	34	150	35	140	36	129	37	109	38	187	39	106	
	0	172	1	184	2	105	3	100	4	138	5	163	6	196	7	118	8	144	9	124	10	106	11	134	12	172	13	119	14	110	15	129	16	156	17	125	18	168	19	190	20	165	21	100	22	181	23	134	24	109	25	134	26	113	27	123	28	190	29	134	30	191	31	179	32	151	33	118	34	142	35	136	36	162	37	187	38	159	39	153	
	0	154	1	127	2	150	3	188	4	169	5	153	6	121	7	123	8	102	9	156	10	151	11	194	12	140	13	177	14	191	15	194	16	100	17	104	18	190	19	128	20	142	21	197	22	175	23	141	24	137	25	175	26	166	27	143	28	194	29	131	30	191	31	102	32	122	33	175	34	133	35	137	36	109	37	123	38	167	39	152	
	0	168	1	160	2	143	3	197	4	186	5	112	6	179	7	119	8	135	9	163	10	165	11	166	12	118	13	151	14	139	15	114	16	165	17	164	18	127	19	100	20	107	21	158	22	108	23	179	24	102	25	135	26	188	27	185	28	126	29	150	30	114	31	109	32	107	33	146	34	164	35	153	36	183	37	185	38	102	39	188	
	0	124	1	116	2	104	3	117	4	149	5	128	6	135	7	132	8	135	9	187	10	152	11	119	12	112	13	109	14	182	15	182	16	164	17	130	18	130	19	156	20	185	21	117	22	168	23	121	24	137	25	144	26	141	27	172	28	142	29	119	30	132	31	114	32	130	33	143	34	146	35	142	36	164	37	187	38	187	39	192	
	0	147	1	165	2	190	3	129	4	150	5	139	6	105	7	164	8	198	9	178	10	199	11	179	12	133	13	165	14	111	15	178	16	168	17	187	18	166	19	105	20	128	21	174	22	144	23	133	24	193	25	128	26	132	27	124	28	191	29	152	30	130	31	106	32	194	33	195	34	103	35	177	36	181	37	169	38	121	39	185	
	0	155	1	126	2	196	3	109	4	175	5	197	6	140	7	118	8	119	9	100	10	144	11	117	12	137	13	167	14	176	15	161	16	193	17	152	18	160	19	159	20	121	21	144	22	170	23	190	24	126	25	167	26	183	27	167	28	105	29	174	30	141	31	189	32	100	33	146	34	152	35	190	36	111	37	130	38	171	39	134	
	0	198	1	189	2	106	3	162	4	148	5	178	6	135	7	169	8	114	9	137	10	178	11	195	12	123	13	151	14	114	15	175	16	101	17	110	18	145	19	123	20	117	21	175	22	183	23	123	24	171	25	166	26	196	27	187	28	101	29	155	30	184	31	194	32	194	33	160	34	193	35	119	36	158	37	142	38	180	39	175	
	0	181	1	188	2	188	3	177	4	117	5	144	6	113	7	154	8	134	9	193	10	133	11	186	12	114	13	127	14	137	15	177	16	137	17	173	18	167	19	115	20	184	21	153	22	195	23	157	24	181	25	119	26	164	27	168	28	190	29	184	30	173	31	169	32	160	33	154	34	153	35	160	36	199	37	196	38	196	39	179	
	0	137	1	170	2	124	3	123	4	111	5	163	6	197	7	165	8	159	9	101	10	105	11	150	12	184	13	116	14	116	15	132	16	121	17	144	18	135	19	102	20	114	21	123	22	120	23	124	24	173	25	145	26	154	27	164	28	172	29	114	30	139	31	118	32	170	33	179	34	105	35	142	36	129	37	171	38	189	39	171	
	0	192	1	133	2	103	3	124	4	167	5	170	6	142	7	160	8	184	9	177	10	175	11	124	12	156	13	192	14	106	15	172	16	175	17	178	18	113	19	182	20	144	21	146	22	195	23	194	24	161	25	159	26	156	27	107	28	184	29	142	30	154	31	113	32	116	33	137	34	124	35	102	36	131	37	158	38	127	39	102	
	0	176	1	192	2	195	3	150	4	172	5	106	6	119	7	156	8	150	9	178	10	150	11	121	12	109	13	162	14	150	15	101	16	167	17	101	18	138	19	151	20	195	21	192	22	176	23	181	24	143	25	185	26	145	27	147	28	141	29	118	30	177	31	153	32	120	33	155	34	188	35	192	36	159	37	106	38	100	39	133	
	0	170	1	135	2	168	3	101	4	113	5	183	6	136	7	145	8	167	9	163	10	150	11	109	12	103	13	106	14	111	15	164	16	141	17	133	18	153	19	115	20	116	21	183	22	154	23	140	24	196	25	116	26	109	27	135	28	121	29	151	30	103	31	167	32	176	33	147	34	119	35	102	36	140	37	196	38	199	39	146	
	0	124	1	199	2	189	3	174	4	100	5	108	6	175	7	122	8	155	9	197	10	112	11	199	12	101	13	164	14	168	15	174	16	157	17	178	18	118	19	198	20	182	21	178	22	116	23	122	24	102	25	160	26	147	27	105	28	196	29	127	30	174	31	198	32	184	33	123	34	126	35	196	36	117	37	153	38	176	39	107	
	0	188	1	185	2	163	3	126	4	184	5	157	6	108	7	172	8	173	9	112	10	108	11	105	12	145	13	174	14	113	15	142	16	102	17	124	18	114	19	121	20	103	21	180	22	153	23	156	24	110	25	122	26	190	27	153	28	135	29	146	30	146	31	147	32	119	33	125	34	165	35	132	36	104	37	191	38	146	39	130	
	0	166	1	184	2	182	3	173	4	167	5	156	6	125	7	138	8	199	9	170	10	189	11	190	12	193	13	100	14	111	15	151	16	175	17	168	18	112	19	132	20	194	21	122	22	129	23	193	24	142	25	157	26	115	27	181	28	114	29	102	30	126	31	123	32	131	33	189	34	133	35	153	36	103	37	115	38	187	39	147	
	0	181	1	145	2	102	3	149	4	168	5	106	6	146	7	136	8	157	9	172	10	176	11	126	12	174	13	177	14	120	15	158	16	148	17	154	18	192	19	146	20	162	21	169	22	192	23	105	24	172	25	147	26	176	27	165	28	139	29	168	30	145	31	105	32	100	33	171	34	128	35	173	36	198	37	171	38	104	39	190	
	0	158	1	132	2	191	3	174	4	182	5	141	6	197	7	178	8	158	9	178	10	153	11	158	12	195	13	165	14	176	15	126	16	153	17	101	18	151	19	117	20	181	21	119	22	153	23	156	24	136	25	151	26	100	27	138	28	151	29	151	30	106	31	119	32	196	33	179	34	112	35	100	36	154	37	187	38	110	39	160	
	0	158	1	102	2	100	3	105	4	138	5	105	6	162	7	167	8	154	9	125	10	123	11	114	12	129	13	191	14	177	15	151	16	174	17	152	18	157	19	160	20	149	21	193	22	108	23	161	24	117	25	121	26	172	27	168	28	171	29	182	30	180	31	114	32	197	33	162	34	180	35	143	36	166	37	194	38	173	39	135	
	0	128	1	198	2	128	3	171	4	188	5	160	6	119	7	104	8	156	9	160	10	103	11	152	12	150	13	157	14	183	15	137	16	128	17	174	18	138	19	131	20	129	21	127	22	179	23	158	24	128	25	191	26	166	27	125	28	129	29	139	30	103	31	112	32	129	33	168	34	148	35	192	36	166	37	151	38	136	39	173	
	0	180	1	174	2	187	3	197	4	182	5	160	6	153	7	103	8	162	9	150	10	106	11	179	12	132	13	197	14	175	15	161	16	198	17	171	18	149	19	174	20	113	21	113	22	118	23	180	24	143	25	143	26	177	27	117	28	194	29	104	30	100	31	199	32	141	33	138	34	145	35	159	36	178	37	118	38	158	39	107	
	0	181	1	133	2	133	3	115	4	183	5	146	6	120	7	118	8	155	9	171	10	102	11	127	12	194	13	124	14	104	15	144	16	181	17	131	18	135	19	191	20	130	21	134	22	147	23	193	24	151	25	176	26	195	27	102	28	166	29	186	30	156	31	188	32	154	33	195	34	142	35	144	36	103	37	186	38	158	39	103	
	0	191	1	108	2	151	3	190	4	137	5	134	6	187	7	192	8	167	9	184	10	117	11	137	12	159	13	170	14	197	15	197	16	114	17	196	18	199	19	191	20	122	21	189	22	150	23	188	24	106	25	124	26	182	27	156	28	100	29	138	30	149	31	154	32	199	33	120	34	135	35	137	36	194	37	142	38	132	39	184	
	0	114	1	162	2	123	3	100	4	112	5	195	6	102	7	109	8	183	9	101	10	153	11	101	12	125	13	186	14	187	15	189	16	108	17	136	18	160	19	186	20	149	21	157	22	133	23	140	24	133	25	104	26	191	27	147	28	129	29	162	30	143	31	183	32	120	33	189	34	138	35	110	36	167	37	102	38	181	39	190	
	0	152	1	177	2	164	3	113	4	160	5	190	6	133	7	187	8	104	9	183	10	112	11	182	12	151	13	140	14	161	15	113	16	155	17	189	18	154	19	117	20	105	21	166	22	168	23	134	24	162	25	137	26	157	27	109	28	101	29	154	30	188	31	119	32	103	33	179	34	196	35	177	36	194	37	120	38	102	39	136	
	0	126	1	153	2	155	3	193	4	178	5	135	6	159	7	129	8	112	9	153	10	189	11	158	12	103	13	171	14	159	15	109	16	117	17	198	18	124	19	196	20	101	21	112	22	145	23	198	24	171	25	195	26	102	27	199	28	189	29	149	30	180	31	198	32	162	33	182	34	184	35	177	36	149	37	153	38	153	39	123	
	0	128	1	126	2	155	3	142	4	186	5	145	6	104	7	112	8	112	9	129	10	192	11	120	12	164	13	127	14	118	15	189	16	124	17	166	18	181	19	134	20	130	21	100	22	177	23	110	24	173	25	138	26	148	27	105	28	169	29	179	30	197	31	140	32	147	33	107	34	180	35	113	36	108	37	143	38	190	39	106	
	0	175	1	192	2	157	3	176	4	106	5	128	6	129	7	197	8	118	9	126	10	178	11	135	12	164	13	170	14	158	15	128	16	141	17	126	18	158	19	126	20	109	21	168	22	197	23	168	24	173	25	107	26	109	27	104	28	162	29	138	30	159	31	137	32	194	33	116	34	173	35	124	36	158	37	190	38	119	39	166	
	0	189	1	156	2	132	3	128	4	177	5	167	6	175	7	136	8	196	9	156	10	138	11	170	12	126	13	116	14	182	15	139	16	166	17	180	18	109	19	106	20	131	21	109	22	181	23	191	24	134	25	105	26	118	27	156	28	173	29	106	30	136	31	180	32	198	33	188	34	139	35	115	36	106	37	113	38	136	39	150	
	0	141	1	149	2	105	3	128	4	168	5	105	6	140	7	165	8	199	9	120	10	148	11	115	12	117	13	133	14	166	15	141	16	169	17	164	18	168	19	169	20	135	21	104	22	112	23	158	24	108	25	150	26	120	27	192	28	114	29	119	30	141	31	129	32	176	33	197	34	142	35	104	36	119	37	104	38	139	39	109	
	0	143	1	193	2	187	3	179	4	129	5	125	6	164	7	174	8	125	9	123	10	102	11	194	12	191	13	159	14	183	15	146	16	142	17	150	18	126	19	125	20	119	21	179	22	118	23	174	24	169	25	145	26	198	27	110	28	126	29	124	30	111	31	140	32	190	33	182	34	198	35	191	36	150	37	102	38	192	39	176	
	0	157	1	127	2	120	3	195	4	126	5	131	6	109	7	134	8	162	9	144	10	178	11	148	12	138	13	165	14	110	15	185	16	117	17	155	18	176	19	171	20	114	21	170	22	176	23	154	24	188	25	131	26	172	27	170	28	165	29	179	30	186	31	125	32	125	33	129	34	103	35	108	36	148	37	145	38	150	39	102	
	0	144	1	193	2	123	3	112	4	118	5	166	6	163	7	117	8	166	9	176	10	156	11	122	12	194	13	137	14	133	15	151	16	173	17	143	18	185	19	172	20	102	21	189	22	154	23	102	24	145	25	195	26	110	27	154	28	188	29	149	30	117	31	172	32	130	33	167	34	125	35	166	36	189	37	170	38	179	39	192	
	0	114	1	153	2	163	3	124	4	199	5	103	6	180	7	110	8	157	9	120	10	137	11	190	12	108	13	195	14	188	15	163	16	109	17	115	18	150	19	148	20	155	21	118	22	188	23	182	24	157	25	187	26	145	27	177	28	116	29	132	30	152	31	196	32	168	33	128	34	100	35	167	36	109	37	132	38	160	39	188	
	0	169	1	125	2	101	3	131	4	129	5	106	6	128	7	175	8	129	9	171	10	174	11	118	12	137	13	189	14	173	15	181	16	118	17	194	18	134	19	193	20	110	21	141	22	120	23	190	24	136	25	147	26	140	27	197	28	124	29	121	30	180	31	109	32	135	33	114	34	141	35	183	36	154	37	117	38	198	39	160	
	0	110	1	161	2	174	3	129	4	137	5	185	6	162	7	105	8	172	9	174	10	165	11	146	12	184	13	124	14	180	15	121	16	142	17	156	18	178	19	170	20	103	21	181	22	117	23	161	24	189	25	159	26	192	27	174	28	102	29	177	30	174	31	104	32	167	33	143	34	143	35	188	36	132	37	171	38	161	39	138	
	0	147	1	161	2	141	3	176	4	142	5	102	6	184	7	123	8	154	9	185	10	147	11	184	12	162	13	137	14	127	15	168	16	106	17	188	18	118	19	145	20	191	21	134	22	191	23	140	24	160	25	119	26	112	27	155	28	165	29	194	30	127	31	179	32	123	33	185	34	130	35	172	36	171	37	118	38	144	39	122	
	0	181	1	153	2	194	3	149	4	195	5	121	6	111	7	133	8	158	9	197	10	128	11	175	12	113	13	167	14	127	15	115	16	133	17	187	18	198	19	118	20	194	21	175	22	128	23	114	24	116	25	156	26	189	27	189	28	116	29	141	30	112	31	155	32	154	33	127	34	151	35	160	36	180	37	156	38	123	39	133	
	0	162	1	106	2	109	3	140	4	146	5	192	6	116	7	159	8	122	9	161	10	148	11	102	12	180	13	161	14	144	15	145	16	190	17	184	18	153	19	184	20	173	21	118	22	124	23	162	24	164	25	129	26	103	27	137	28	186	29	190	30	191	31	176	32	184	33	119	34	129	35	197	36	148	37	106	38	199	39	178	
	0	147	1	120	2	174	3	106	4	146	5	141	6	167	7	100	8	170	9	103	10	163	11	119	12	169	13	170	14	132	15	111	16	141	17	130	18	169	19	161	20	156	21	148	22	177	23	146	24	102	25	188	26	101	27	157	28	127	29	193	30	113	31	141	32	153	33	147	34	149	35	158	36	154	37	126	38	181	39	177	
	0	138	1	115	2	166	3	160	4	129	5	176	6	176	7	185	8	172	9	197	10	129	11	147	12	127	13	146	14	192	15	134	16	155	17	121	18	120	19	148	20	113	21	136	22	192	23	156	24	159	25	112	26	136	27	183	28	169	29	177	30	174	31	166	32	176	33	186	34	102	35	163	36	161	37	149	38	155	39	113	
	0	178	1	192	2	104	3	103	4	139	5	143	6	116	7	150	8	114	9	102	10	115	11	154	12	104	13	184	14	173	15	174	16	168	17	150	18	176	19	180	20	179	21	117	22	153	23	181	24	139	25	122	26	120	27	106	28	180	29	165	30	199	31	111	32	181	33	186	34	130	35	162	36	187	37	160	38	112	39	156	
	0	190	1	103	2	161	3	140	4	132	5	116	6	172	7	153	8	190	9	129	10	116	11	133	12	111	13	175	14	144	15	188	16	127	17	101	18	111	19	143	20	111	21	163	22	166	23	199	24	115	25	115	26	157	27	186	28	144	29	120	30	106	31	193	32	104	33	108	34	122	35	173	36	159	37	173	38	140	39	123	
	0	117	1	188	2	196	3	158	4	158	5	171	6	161	7	111	8	193	9	170	10	184	11	161	12	178	13	119	14	109	15	105	16	138	17	190	18	172	19	113	20	142	21	172	22	136	23	180	24	153	25	178	26	191	27	109	28	159	29	134	30	111	31	185	32	159	33	169	34	117	35	160	36	175	37	192	38	149	39	148	
	0	191	1	153	2	110	3	137	4	104	5	122	6	168	7	180	8	140	9	181	10	136	11	119	12	172	13	171	14	195	15	107	16	194	17	171	18	115	19	176	20	152	21	156	22	128	23	199	24	185	25	127	26	171	27	102	28	171	29	130	30	137	31	125	32	167	33	133	34	110	35	133	36	122	37	140	38	119	39	197	
	0	196	1	167	2	191	3	114	4	179	5	106	6	140	7	192	8	193	9	128	10	175	11	199	12	187	13	150	14	138	15	156	16	140	17	170	18	112	19	136	20	150	21	199	22	131	23	191	24	132	25	192	26	151	27	155	28	135	29	124	30	158	31	128	32	107	33	176	34	176	35	168	36	143	37	172	38	113	39	180	
	0	132	1	182	2	142	3	181	4	100	5	145	6	107	7	197	8	139	9	194	10	186	11	123	12	143	13	188	14	116	15	154	16	138	17	109	18	197	19	142	20	141	21	110	22	193	23	129	24	107	25	164	26	144	27	156	28	151	29	146	30	127	31	182	32	114	33	151	34	133	35	163	36	191	37	124	38	105	39	154	
	0	110	1	131	2	133	3	134	4	112	5	139	6	176	7	134	8	137	9	180	10	157	11	155	12	198	13	116	14	108	15	175	16	145	17	195	18	146	19	151	20	192	21	116	22	178	23	120	24	115	25	100	26	155	27	115	28	155	29	180	30	149	31	147	32	153	33	105	34	172	35	101	36	174	37	196	38	163	39	118	
	0	121	1	113	2	150	3	177	4	162	5	167	6	103	7	147	8	130	9	121	10	179	11	167	12	106	13	137	14	125	15	184	16	100	17	190	18	152	19	119	20	113	21	133	22	107	23	152	24	144	25	192	26	147	27	152	28	100	29	190	30	148	31	107	32	170	33	152	34	160	35	140	36	162	37	133	38	197	39	113	
	0	109	1	146	2	186	3	106	4	112	5	117	6	174	7	191	8	123	9	143	10	169	11	130	12	173	13	182	14	187	15	168	16	179	17	144	18	159	19	144	20	192	21	106	22	117	23	117	24	129	25	169	26	156	27	168	28	110	29	146	30	156	31	173	32	102	33	198	34	167	35	176	36	123	37	177	38	192	39	105	
	0	162	1	193	2	141	3	125	4	134	5	183	6	125	7	120	8	127	9	121	10	159	11	132	12	183	13	103	14	197	15	196	16	173	17	156	18	162	19	194	20	174	21	101	22	178	23	175	24	129	25	181	26	123	27	171	28	190	29	117	30	142	31	162	32	164	33	154	34	136	35	139	36	101	37	125	38	129	39	148	
	0	147	1	171	2	167	3	124	4	160	5	194	6	183	7	127	8	170	9	197	10	176	11	161	12	149	13	131	14	173	15	174	16	126	17	192	18	157	19	105	20	158	21	140	22	122	23	189	24	185	25	128	26	131	27	116	28	121	29	196	30	131	31	172	32	119	33	135	34	172	35	144	36	156	37	142	38	192	39	136	
	0	180	1	144	2	152	3	169	4	160	5	184	6	183	7	151	8	122	9	117	10	110	11	109	12	175	13	106	14	178	15	159	16	189	17	173	18	182	19	192	20	135	21	183	22	195	23	124	24	167	25	135	26	142	27	113	28	139	29	164	30	161	31	169	32	191	33	161	34	134	35	122	36	122	37	122	38	145	39	158	
	0	103	1	133	2	125	3	112	4	117	5	104	6	147	7	120	8	100	9	163	10	136	11	144	12	187	13	143	14	192	15	183	16	159	17	104	18	115	19	190	20	140	21	196	22	128	23	147	24	107	25	132	26	189	27	129	28	112	29	156	30	163	31	147	32	123	33	196	34	103	35	132	36	175	37	162	38	189	39	100	
	0	155	1	120	2	145	3	195	4	129	5	167	6	164	7	130	8	147	9	190	10	113	11	143	12	140	13	168	14	162	15	129	16	101	17	133	18	145	19	137	20	150	21	112	22	193	23	169	24	109	25	134	26	194	27	191	28	110	29	147	30	164	31	159	32	152	33	114	34	141	35	193	36	160	37	107	38	161	39	113	
	0	196	1	194	2	176	3	165	4	199	5	195	6	123	7	153	8	191	9	168	10	195	11	170	12	116	13	198	14	171	15	189	16	169	17	184	18	117	19	149	20	161	21	192	22	176	23	160	24	169	25	104	26	197	27	170	28	169	29	149	30	177	31	167	32	124	33	194	34	115	35	175	36	148	37	123	38	111	39	193	
	0	131	1	121	2	182	3	177	4	101	5	171	6	185	7	151	8	147	9	164	10	177	11	112	12	114	13	140	14	101	15	128	16	113	17	142	18	133	19	151	20	159	21	102	22	198	23	166	24	109	25	151	26	150	27	173	28	164	29	192	30	102	31	130	32	100	33	121	34	115	35	193	36	194	37	179	38	126	39	139	
	0	108	1	152	2	196	3	146	4	190	5	104	6	171	7	135	8	184	9	167	10	107	11	179	12	167	13	177	14	157	15	116	16	150	17	150	18	158	19	172	20	151	21	155	22	135	23	104	24	186	25	162	26	165	27	190	28	174	29	109	30	124	31	185	32	142	33	110	34	166	35	182	36	148	37	171	38	126	39	121	
	0	198	1	169	2	114	3	194	4	149	5	196	6	190	7	122	8	131	9	165	10	154	11	126	12	176	13	112	14	120	15	114	16	198	17	165	18	184	19	188	20	174	21	121	22	173	23	132	24	103	25	199	26	186	27	181	28	182	29	162	30	181	31	141	32	199	33	175	34	139	35	125	36	160	37	167	38	101	39	124	
	0	108	1	173	2	183	3	149	4	196	5	150	6	144	7	166	8	134	9	167	10	113	11	140	12	134	13	181	14	155	15	105	16	186	17	140	18	140	19	153	20	153	21	177	22	186	23	108	24	128	25	117	26	108	27	135	28	137	29	159	30	146	31	125	32	134	33	183	34	100	35	181	36	139	37	102	38	166	39	110	
	0	128	1	102	2	107	3	193	4	161	5	174	6	164	7	168	8	119	9	167	10	117	11	180	12	164	13	142	14	103	15	190	16	196	17	139	18	129	19	192	20	120	21	195	22	160	23	159	24	119	25	113	26	157	27	124	28	184	29	163	30	195	31	123	32	182	33	187	34	103	35	163	36	116	37	170	38	161	39	129	
	0	138	1	138	2	140	3	133	4	156	5	176	6	101	7	175	8	162	9	145	10	152	11	180	12	109	13	172	14	193	15	140	16	121	17	193	18	179	19	156	20	136	21	110	22	168	23	184	24	106	25	119	26	156	27	199	28	171	29	137	30	198	31	172	32	107	33	127	34	169	35	157	36	121	37	165	38	153	39	175	
	0	160	1	122	2	164	3	128	4	183	5	122	6	112	7	161	8	127	9	150	10	197	11	140	12	158	13	146	14	195	15	147	16	183	17	192	18	158	19	140	20	101	21	126	22	151	23	196	24	151	25	128	26	149	27	147	28	162	29	177	30	117	31	105	32	126	33	100	34	174	35	103	36	138	37	140	38	100	39	169	
	0	153	1	171	2	116	3	161	4	100	5	152	6	117	7	102	8	130	9	176	10	182	11	130	12	123	13	170	14	184	15	158	16	109	17	124	18	132	19	187	20	177	21	105	22	194	23	158	24	186	25	106	26	196	27	105	28	140	29	102	30	170	31	178	32	195	33	126	34	199	35	185	36	120	37	191	38	142	39	186	
	0	193	1	109	2	167	3	169	4	185	5	164	6	133	7	158	8	108	9	146	10	192	11	177	12	199	13	101	14	168	15	134	16	185	17	145	18	110	19	131	20	103	21	169	22	135	23	182	24	106	25	181	26	174	27	170	28	162	29	176	30	106	31	135	32	146	33	105	34	170	35	174	36	163	37	193	38	198	39	123	
	0	166	1	140	2	175	3	142	4	159	5	180	6	150	7	189	8	184	9	199	10	127	11	180	12	131	13	137	14	125	15	138	16	100	17	182	18	174	19	152	20	191	21	118	22	100	23	124	24	107	25	122	26	150	27	172	28	172	29	189	30	170	31	111	32	158	33	145	34	137	35	157	36	139	37	199	38	174	39	166	
	0	190	1	121	2	151	3	192	4	126	5	169	6	129	7	106	8	163	9	196	10	182	11	133	12	103	13	154	14	114	15	175	16	126	17	110	18	188	19	199	20	172	21	106	22	119	23	132	24	105	25	112	26	101	27	106	28	107	29	113	30	103	31	171	32	155	33	131	34	111	35	179	36	166	37	158	38	179	39	106	
	0	162	1	111	2	167	3	171	4	158	5	159	6	175	7	114	8	178	9	140	10	118	11	144	12	184	13	111	14	143	15	103	16	181	17	179	18	175	19	177	20	157	21	151	22	168	23	106	24	123	25	109	26	198	27	122	28	159	29	151	30	151	31	181	32	169	33	134	34	176	35	181	36	159	37	158	38	178	39	122	
	0	175	1	143	2	115	3	146	4	112	5	182	6	164	7	176	8	164	9	173	10	132	11	175	12	163	13	152	14	179	15	103	16	122	17	155	18	104	19	176	20	199	21	145	22	165	23	140	24	160	25	111	26	161	27	152	28	163	29	111	30	101	31	199	32	194	33	169	34	140	35	125	36	172	37	195	38	164	39	190	
	0	160	1	130	2	195	3	163	4	185	5	164	6	162	7	188	8	120	9	125	10	130	11	189	12	103	13	103	14	100	15	131	16	183	17	145	18	135	19	198	20	113	21	189	22	158	23	176	24	121	25	189	26	115	27	169	28	119	29	103	30	104	31	147	32	159	33	138	34	137	35	141	36	105	37	165	38	179	39	163	
	0	126	1	152	2	151	3	169	4	162	5	110	6	158	7	118	8	139	9	176	10	170	11	193	12	158	13	188	14	146	15	130	16	110	17	151	18	144	19	127	20	198	21	106	22	120	23	169	24	156	25	189	26	189	27	146	28	153	29	101	30	160	31	138	32	147	33	134	34	172	35	177	36	162	37	109	38	150	39	184	
	0	110	1	168	2	160	3	112	4	126	5	178	6	121	7	189	8	195	9	102	10	142	11	170	12	169	13	171	14	172	15	169	16	140	17	175	18	155	19	181	20	165	21	120	22	130	23	127	24	143	25	156	26	160	27	168	28	120	29	165	30	115	31	122	32	158	33	109	34	119	35	188	36	137	37	124	38	127	39	121	
	0	150	1	172	2	109	3	134	4	175	5	179	6	172	7	162	8	113	9	184	10	100	11	174	12	195	13	195	14	145	15	138	16	190	17	135	18	100	19	139	20	192	21	153	22	174	23	120	24	178	25	159	26	183	27	144	28	138	29	180	30	144	31	186	32	162	33	124	34	126	35	191	36	189	37	185	38	192	39	190	
	0	168	1	168	2	131	3	110	4	133	5	113	6	105	7	189	8	196	9	193	10	103	11	100	12	137	13	186	14	116	15	182	16	106	17	158	18	107	19	124	20	109	21	174	22	140	23	163	24	124	25	170	26	132	27	110	28	175	29	146	30	112	31	171	32	158	33	195	34	153	35	155	36	187	37	195	38	161	39	154	
	0	109	1	103	2	133	3	193	4	180	5	120	6	159	7	128	8	194	9	158	10	111	11	112	12	144	13	113	14	163	15	193	16	106	17	198	18	124	19	138	20	104	21	169	22	127	23	190	24	158	25	161	26	173	27	191	28	198	29	129	30	131	31	142	32	146	33	126	34	123	35	177	36	196	37	174	38	116	39	193	
	0	135	1	135	2	176	3	101	4	157	5	102	6	101	7	132	8	102	9	164	10	100	11	160	12	137	13	122	14	135	15	139	16	128	17	118	18	131	19	142	20	126	21	182	22	190	23	117	24	153	25	144	26	164	27	113	28	115	29	112	30	155	31	162	32	151	33	141	34	129	35	170	36	161	37	120	38	105	39	140	