100 50 1
50
	0	190	1	180	2	194	3	133	4	124	5	158	6	185	7	110	8	166	9	168	10	140	11	131	12	195	13	136	14	198	15	198	16	115	17	161	18	172	19	173	20	182	21	149	22	145	23	125	24	178	25	101	26	198	27	144	28	171	29	137	30	107	31	162	32	107	33	148	34	178	35	140	36	147	37	189	38	156	39	176	40	179	41	180	42	182	43	181	44	182	45	106	46	105	47	102	48	175	49	147	
	0	182	1	109	2	112	3	142	4	122	5	158	6	196	7	156	8	153	9	123	10	196	11	171	12	102	13	134	14	182	15	190	16	127	17	197	18	138	19	174	20	183	21	135	22	130	23	107	24	115	25	197	26	170	27	145	28	137	29	166	30	165	31	194	32	104	33	184	34	120	35	128	36	168	37	113	38	113	39	181	40	185	41	165	42	188	43	107	44	120	45	127	46	189	47	123	48	122	49	144	
	0	129	1	137	2	174	3	185	4	127	5	109	6	126	7	195	8	103	9	102	10	110	11	100	12	191	13	181	14	109	15	102	16	186	17	174	18	172	19	121	20	187	21	106	22	177	23	124	24	198	25	164	26	145	27	160	28	114	29	165	30	170	31	123	32	163	33	123	34	109	35	152	36	158	37	139	38	148	39	168	40	164	41	127	42	188	43	113	44	184	45	163	46	145	47	144	48	138	49	125	
	0	103	1	132	2	189	3	108	4	129	5	163	6	139	7	102	8	129	9	174	10	100	11	177	12	120	13	104	14	185	15	184	16	124	17	144	18	128	19	187	20	132	21	191	22	174	23	160	24	138	25	161	26	136	27	158	28	181	29	121	30	171	31	196	32	159	33	120	34	187	35	144	36	154	37	119	38	178	39	190	40	171	41	121	42	131	43	175	44	171	45	138	46	146	47	155	48	118	49	147	
	0	115	1	147	2	114	3	152	4	128	5	169	6	118	7	120	8	111	9	169	10	100	11	185	12	133	13	180	14	189	15	115	16	161	17	136	18	167	19	107	20	177	21	104	22	197	23	100	24	163	25	108	26	143	27	162	28	167	29	164	30	169	31	103	32	169	33	157	34	107	35	151	36	179	37	180	38	175	39	197	40	174	41	128	42	191	43	157	44	130	45	188	46	165	47	177	48	103	49	126	
	0	189	1	127	2	166	3	155	4	154	5	172	6	133	7	138	8	193	9	163	10	152	11	105	12	187	13	169	14	197	15	190	16	182	17	153	18	151	19	116	20	136	21	166	22	115	23	175	24	165	25	104	26	192	27	121	28	170	29	156	30	189	31	124	32	171	33	159	34	145	35	180	36	177	37	194	38	119	39	106	40	152	41	125	42	156	43	123	44	109	45	109	46	103	47	147	48	140	49	181	
	0	135	1	175	2	107	3	189	4	132	5	106	6	134	7	178	8	120	9	179	10	174	11	130	12	156	13	136	14	105	15	179	16	160	17	134	18	119	19	119	20	187	21	189	22	185	23	124	24	168	25	172	26	112	27	131	28	127	29	143	30	112	31	131	32	137	33	109	34	122	35	158	36	156	37	104	38	163	39	171	40	133	41	173	42	140	43	156	44	183	45	120	46	140	47	104	48	141	49	101	
	0	125	1	166	2	172	3	181	4	147	5	136	6	140	7	196	8	130	9	135	10	125	11	125	12	107	13	128	14	194	15	163	16	190	17	103	18	191	19	187	20	123	21	128	22	108	23	159	24	119	25	130	26	146	27	130	28	127	29	181	30	184	31	115	32	197	33	114	34	158	35	196	36	150	37	166	38	127	39	154	40	100	41	160	42	194	43	115	44	164	45	126	46	145	47	141	48	143	49	122	
	0	141	1	198	2	135	3	156	4	113	5	110	6	165	7	104	8	161	9	152	10	147	11	115	12	138	13	133	14	156	15	198	16	141	17	176	18	171	19	101	20	122	21	155	22	146	23	131	24	141	25	115	26	139	27	147	28	120	29	186	30	189	31	157	32	118	33	149	34	102	35	167	36	171	37	106	38	152	39	125	40	156	41	192	42	195	43	145	44	139	45	134	46	170	47	199	48	190	49	163	
	0	186	1	138	2	173	3	154	4	139	5	192	6	117	7	135	8	173	9	131	10	183	11	114	12	164	13	149	14	159	15	124	16	140	17	106	18	143	19	110	20	146	21	187	22	131	23	141	24	103	25	143	26	187	27	116	28	199	29	185	30	135	31	187	32	129	33	171	34	119	35	124	36	129	37	166	38	116	39	142	40	197	41	160	42	108	43	126	44	132	45	113	46	142	47	123	48	138	49	108	
	0	181	1	122	2	185	3	188	4	199	5	130	6	168	7	129	8	133	9	119	10	195	11	123	12	162	13	122	14	186	15	130	16	117	17	193	18	103	19	143	20	105	21	131	22	171	23	144	24	177	25	186	26	189	27	116	28	117	29	115	30	176	31	197	32	132	33	176	34	174	35	149	36	167	37	161	38	125	39	103	40	106	41	184	42	177	43	119	44	130	45	102	46	169	47	151	48	195	49	192	
	0	188	1	125	2	165	3	168	4	112	5	191	6	187	7	193	8	118	9	109	10	167	11	138	12	116	13	169	14	133	15	133	16	125	17	165	18	138	19	169	20	175	21	146	22	101	23	158	24	119	25	115	26	147	27	101	28	157	29	148	30	184	31	137	32	114	33	125	34	158	35	192	36	104	37	183	38	181	39	148	40	193	41	165	42	148	43	157	44	156	45	149	46	116	47	151	48	166	49	137	
	0	118	1	178	2	185	3	113	4	104	5	178	6	179	7	112	8	165	9	182	10	178	11	199	12	189	13	101	14	151	15	159	16	178	17	159	18	137	19	130	20	120	21	122	22	140	23	184	24	156	25	164	26	152	27	144	28	116	29	142	30	140	31	194	32	123	33	175	34	131	35	181	36	168	37	132	38	131	39	165	40	188	41	148	42	181	43	107	44	178	45	139	46	160	47	198	48	191	49	181	
	0	157	1	143	2	136	3	128	4	137	5	185	6	124	7	143	8	151	9	134	10	130	11	189	12	193	13	166	14	111	15	138	16	194	17	184	18	156	19	131	20	121	21	140	22	149	23	185	24	193	25	169	26	118	27	144	28	174	29	112	30	187	31	157	32	112	33	178	34	180	35	181	36	178	37	182	38	186	39	175	40	105	41	179	42	102	43	121	44	176	45	169	46	115	47	166	48	177	49	172	
	0	198	1	187	2	162	3	187	4	138	5	176	6	118	7	187	8	170	9	196	10	187	11	159	12	165	13	161	14	169	15	188	16	101	17	118	18	132	19	181	20	136	21	146	22	187	23	128	24	167	25	181	26	192	27	157	28	180	29	179	30	121	31	185	32	139	33	157	34	134	35	199	36	125	37	125	38	109	39	183	40	186	41	166	42	116	43	148	44	170	45	108	46	140	47	116	48	166	49	102	
	0	147	1	163	2	145	3	165	4	128	5	160	6	138	7	178	8	135	9	180	10	165	11	165	12	109	13	197	14	110	15	149	16	197	17	168	18	157	19	156	20	153	21	108	22	125	23	147	24	192	25	166	26	128	27	186	28	170	29	146	30	169	31	142	32	171	33	116	34	129	35	137	36	172	37	148	38	118	39	148	40	127	41	115	42	150	43	144	44	170	45	122	46	196	47	122	48	167	49	126	
	0	162	1	160	2	171	3	195	4	104	5	142	6	157	7	147	8	176	9	163	10	178	11	166	12	164	13	154	14	156	15	115	16	168	17	152	18	104	19	170	20	129	21	170	22	129	23	106	24	159	25	132	26	143	27	187	28	177	29	181	30	108	31	100	32	129	33	135	34	154	35	155	36	122	37	172	38	138	39	149	40	183	41	159	42	169	43	165	44	151	45	156	46	126	47	161	48	170	49	187	
	0	171	1	156	2	112	3	196	4	106	5	105	6	184	7	165	8	112	9	164	10	189	11	197	12	184	13	127	14	188	15	188	16	119	17	192	18	181	19	160	20	147	21	117	22	176	23	142	24	190	25	158	26	140	27	199	28	189	29	142	30	160	31	103	32	158	33	105	34	146	35	111	36	184	37	187	38	165	39	143	40	178	41	186	42	111	43	163	44	187	45	163	46	129	47	167	48	153	49	130	
	0	163	1	166	2	175	3	171	4	155	5	192	6	173	7	137	8	100	9	197	10	100	11	174	12	145	13	126	14	192	15	150	16	177	17	187	18	184	19	189	20	147	21	158	22	184	23	156	24	179	25	198	26	148	27	124	28	154	29	152	30	184	31	126	32	164	33	112	34	104	35	110	36	104	37	146	38	159	39	103	40	110	41	102	42	133	43	169	44	100	45	166	46	186	47	102	48	122	49	195	
	0	153	1	183	2	117	3	154	4	130	5	138	6	123	7	123	8	157	9	182	10	121	11	147	12	129	13	195	14	145	15	100	16	128	17	108	18	115	19	138	20	151	21	127	22	120	23	196	24	194	25	150	26	199	27	197	28	143	29	133	30	101	31	167	32	105	33	137	34	179	35	128	36	153	37	161	38	125	39	181	40	148	41	104	42	145	43	156	44	119	45	153	46	158	47	114	48	144	49	107	
	0	125	1	197	2	118	3	133	4	127	5	100	6	189	7	135	8	149	9	129	10	127	11	131	12	105	13	180	14	163	15	122	16	117	17	102	18	125	19	127	20	150	21	193	22	186	23	179	24	154	25	111	26	162	27	108	28	119	29	131	30	136	31	176	32	140	33	127	34	171	35	121	36	123	37	116	38	144	39	150	40	179	41	192	42	151	43	113	44	126	45	114	46	118	47	144	48	179	49	137	
	0	188	1	107	2	173	3	198	4	196	5	143	6	173	7	117	8	175	9	181	10	143	11	158	12	144	13	106	14	114	15	140	16	183	17	104	18	171	19	188	20	176	21	179	22	175	23	112	24	126	25	194	26	166	27	148	28	196	29	185	30	161	31	129	32	196	33	130	34	135	35	125	36	112	37	152	38	120	39	108	40	150	41	139	42	127	43	132	44	180	45	199	46	162	47	129	48	136	49	185	
	0	152	1	187	2	161	3	160	4	127	5	148	6	189	7	118	8	139	9	135	10	159	11	150	12	160	13	187	14	149	15	150	16	180	17	118	18	139	19	189	20	161	21	129	22	197	23	178	24	106	25	121	26	196	27	137	28	188	29	140	30	165	31	108	32	149	33	122	34	111	35	119	36	177	37	167	38	183	39	149	40	178	41	150	42	105	43	182	44	118	45	133	46	166	47	133	48	167	49	164	
	0	181	1	119	2	187	3	116	4	127	5	135	6	181	7	180	8	192	9	161	10	188	11	102	12	167	13	186	14	123	15	164	16	138	17	145	18	155	19	195	20	164	21	116	22	122	23	138	24	132	25	195	26	101	27	160	28	131	29	146	30	193	31	103	32	177	33	198	34	102	35	105	36	185	37	113	38	148	39	133	40	159	41	183	42	171	43	168	44	124	45	106	46	122	47	118	48	190	49	194	
	0	144	1	139	2	177	3	130	4	156	5	150	6	185	7	111	8	112	9	149	10	113	11	122	12	106	13	180	14	109	15	106	16	130	17	141	18	153	19	196	20	134	21	161	22	143	23	183	24	143	25	192	26	188	27	120	28	174	29	139	30	166	31	102	32	121	33	131	34	177	35	195	36	184	37	115	38	160	39	111	40	127	41	182	42	187	43	139	44	133	45	163	46	108	47	146	48	131	49	118	
	0	199	1	120	2	188	3	164	4	123	5	156	6	190	7	171	8	110	9	156	10	130	11	188	12	148	13	128	14	112	15	179	16	105	17	196	18	158	19	192	20	149	21	155	22	139	23	181	24	170	25	164	26	187	27	179	28	141	29	116	30	190	31	113	32	169	33	178	34	126	35	185	36	150	37	115	38	199	39	106	40	198	41	167	42	123	43	120	44	170	45	166	46	162	47	194	48	184	49	172	
	0	133	1	134	2	160	3	102	4	146	5	184	6	185	7	109	8	147	9	153	10	154	11	146	12	157	13	107	14	110	15	125	16	188	17	169	18	185	19	144	20	122	21	131	22	133	23	184	24	188	25	168	26	158	27	102	28	180	29	194	30	178	31	179	32	189	33	165	34	129	35	117	36	126	37	109	38	132	39	163	40	167	41	160	42	129	43	153	44	174	45	150	46	159	47	193	48	189	49	107	
	0	124	1	139	2	199	3	124	4	182	5	139	6	194	7	132	8	198	9	144	10	113	11	106	12	176	13	185	14	172	15	191	16	155	17	109	18	141	19	186	20	108	21	181	22	185	23	197	24	143	25	125	26	148	27	103	28	130	29	187	30	185	31	139	32	108	33	171	34	166	35	172	36	185	37	176	38	141	39	163	40	171	41	186	42	153	43	194	44	129	45	199	46	196	47	103	48	180	49	199	
	0	169	1	141	2	120	3	187	4	109	5	147	6	120	7	109	8	143	9	187	10	119	11	186	12	154	13	179	14	103	15	178	16	168	17	114	18	147	19	112	20	156	21	153	22	181	23	154	24	108	25	182	26	174	27	184	28	118	29	135	30	126	31	162	32	137	33	192	34	149	35	105	36	160	37	123	38	165	39	126	40	147	41	156	42	181	43	138	44	150	45	144	46	101	47	118	48	108	49	172	
	0	191	1	122	2	128	3	163	4	140	5	185	6	130	7	190	8	190	9	152	10	185	11	124	12	151	13	157	14	117	15	105	16	114	17	188	18	154	19	168	20	124	21	160	22	193	23	116	24	104	25	155	26	197	27	137	28	184	29	123	30	149	31	108	32	122	33	151	34	121	35	153	36	148	37	131	38	120	39	194	40	173	41	156	42	150	43	189	44	101	45	179	46	126	47	199	48	123	49	135	
	0	103	1	103	2	161	3	103	4	143	5	133	6	196	7	110	8	129	9	188	10	111	11	199	12	121	13	160	14	147	15	197	16	174	17	166	18	177	19	100	20	125	21	130	22	120	23	191	24	141	25	146	26	121	27	193	28	134	29	165	30	193	31	150	32	134	33	163	34	154	35	135	36	155	37	181	38	171	39	158	40	168	41	129	42	174	43	125	44	151	45	143	46	163	47	102	48	104	49	103	
	0	159	1	184	2	192	3	102	4	174	5	169	6	117	7	100	8	131	9	143	10	195	11	105	12	139	13	186	14	104	15	161	16	126	17	151	18	140	19	127	20	126	21	143	22	134	23	129	24	180	25	112	26	112	27	161	28	149	29	169	30	171	31	155	32	166	33	150	34	175	35	134	36	108	37	130	38	179	39	107	40	191	41	160	42	112	43	146	44	194	45	194	46	156	47	196	48	128	49	184	
	0	158	1	154	2	199	3	162	4	197	5	139	6	195	7	193	8	102	9	113	10	173	11	115	12	103	13	174	14	149	15	183	16	145	17	143	18	197	19	139	20	111	21	142	22	105	23	158	24	133	25	152	26	141	27	138	28	188	29	193	30	106	31	174	32	161	33	176	34	161	35	150	36	175	37	120	38	105	39	191	40	139	41	145	42	152	43	155	44	139	45	106	46	182	47	199	48	191	49	187	
	0	182	1	119	2	124	3	114	4	141	5	163	6	150	7	114	8	176	9	138	10	154	11	128	12	146	13	121	14	109	15	148	16	113	17	159	18	112	19	120	20	111	21	160	22	173	23	140	24	185	25	149	26	179	27	148	28	183	29	145	30	195	31	191	32	181	33	154	34	135	35	138	36	199	37	176	38	191	39	114	40	196	41	111	42	186	43	148	44	178	45	192	46	155	47	145	48	150	49	181	
	0	194	1	194	2	129	3	138	4	178	5	162	6	133	7	105	8	144	9	191	10	181	11	167	12	138	13	151	14	181	15	160	16	147	17	119	18	102	19	184	20	153	21	139	22	153	23	140	24	141	25	161	26	196	27	169	28	177	29	113	30	164	31	161	32	123	33	106	34	116	35	106	36	109	37	143	38	115	39	120	40	158	41	120	42	176	43	135	44	181	45	168	46	183	47	150	48	122	49	132	
	0	172	1	161	2	102	3	157	4	125	5	157	6	123	7	128	8	185	9	138	10	157	11	123	12	116	13	174	14	195	15	137	16	118	17	188	18	183	19	167	20	167	21	192	22	129	23	154	24	156	25	122	26	163	27	196	28	138	29	163	30	178	31	110	32	139	33	177	34	128	35	148	36	134	37	134	38	131	39	133	40	173	41	124	42	190	43	191	44	146	45	180	46	151	47	171	48	131	49	152	
	0	130	1	142	2	110	3	128	4	148	5	143	6	173	7	135	8	152	9	180	10	103	11	164	12	115	13	141	14	129	15	193	16	118	17	152	18	160	19	152	20	179	21	139	22	180	23	174	24	132	25	129	26	144	27	143	28	103	29	195	30	137	31	165	32	159	33	176	34	119	35	157	36	156	37	199	38	143	39	164	40	148	41	173	42	180	43	135	44	198	45	159	46	192	47	101	48	112	49	105	
	0	186	1	182	2	184	3	183	4	150	5	178	6	155	7	125	8	188	9	188	10	147	11	110	12	159	13	153	14	127	15	197	16	175	17	137	18	109	19	103	20	190	21	171	22	176	23	109	24	152	25	142	26	163	27	155	28	101	29	173	30	111	31	163	32	132	33	117	34	145	35	160	36	131	37	134	38	160	39	134	40	114	41	106	42	106	43	167	44	188	45	142	46	113	47	165	48	197	49	183	
	0	166	1	126	2	142	3	153	4	158	5	125	6	192	7	152	8	138	9	131	10	192	11	140	12	189	13	146	14	139	15	195	16	132	17	179	18	126	19	159	20	125	21	186	22	101	23	150	24	101	25	171	26	118	27	172	28	197	29	132	30	109	31	179	32	184	33	137	34	174	35	150	36	152	37	106	38	199	39	114	40	130	41	107	42	181	43	123	44	131	45	182	46	134	47	174	48	106	49	179	
	0	153	1	104	2	192	3	196	4	165	5	194	6	151	7	145	8	171	9	149	10	187	11	198	12	160	13	162	14	187	15	160	16	164	17	162	18	133	19	142	20	130	21	143	22	148	23	156	24	120	25	126	26	146	27	175	28	125	29	165	30	158	31	105	32	174	33	183	34	144	35	112	36	199	37	128	38	118	39	170	40	121	41	199	42	119	43	111	44	145	45	194	46	114	47	142	48	126	49	168	
	0	189	1	127	2	172	3	175	4	159	5	106	6	177	7	189	8	133	9	150	10	165	11	153	12	181	13	188	14	131	15	138	16	125	17	199	18	118	19	151	20	155	21	181	22	198	23	119	24	190	25	163	26	153	27	194	28	126	29	156	30	126	31	121	32	148	33	184	34	161	35	122	36	161	37	128	38	151	39	171	40	116	41	141	42	126	43	157	44	107	45	109	46	106	47	158	48	195	49	163	
	0	163	1	156	2	117	3	147	4	119	5	141	6	146	7	131	8	111	9	175	10	182	11	105	12	170	13	121	14	146	15	148	16	130	17	137	18	163	19	171	20	176	21	118	22	115	23	157	24	118	25	129	26	123	27	187	28	128	29	171	30	182	31	117	32	153	33	129	34	126	35	100	36	172	37	125	38	113	39	113	40	143	41	131	42	155	43	189	44	163	45	112	46	139	47	165	48	114	49	147	
	0	152	1	142	2	142	3	120	4	155	5	190	6	163	7	157	8	118	9	171	10	157	11	113	12	163	13	181	14	192	15	124	16	131	17	146	18	129	19	175	20	122	21	118	22	150	23	177	24	101	25	146	26	153	27	134	28	140	29	165	30	133	31	132	32	110	33	198	34	119	35	162	36	106	37	189	38	105	39	186	40	136	41	153	42	181	43	151	44	149	45	179	46	197	47	153	48	199	49	184	
	0	182	1	186	2	129	3	182	4	123	5	197	6	176	7	161	8	100	9	178	10	184	11	162	12	132	13	132	14	162	15	154	16	141	17	103	18	114	19	128	20	131	21	151	22	176	23	128	24	120	25	139	26	103	27	119	28	191	29	158	30	176	31	152	32	187	33	107	34	142	35	154	36	155	37	187	38	195	39	121	40	108	41	149	42	107	43	143	44	195	45	192	46	187	47	123	48	141	49	101	
	0	142	1	112	2	117	3	188	4	199	5	128	6	138	7	183	8	143	9	161	10	195	11	145	12	187	13	122	14	147	15	194	16	134	17	152	18	125	19	112	20	123	21	103	22	149	23	139	24	193	25	112	26	157	27	135	28	194	29	172	30	107	31	118	32	186	33	154	34	164	35	145	36	169	37	106	38	147	39	131	40	193	41	182	42	144	43	149	44	123	45	195	46	196	47	158	48	147	49	141	
	0	117	1	107	2	199	3	138	4	158	5	140	6	134	7	188	8	170	9	129	10	171	11	146	12	123	13	123	14	178	15	136	16	127	17	171	18	113	19	154	20	130	21	181	22	171	23	168	24	170	25	163	26	190	27	123	28	104	29	141	30	115	31	138	32	144	33	185	34	108	35	144	36	149	37	191	38	134	39	145	40	146	41	135	42	153	43	172	44	197	45	164	46	162	47	124	48	143	49	117	
	0	112	1	135	2	121	3	155	4	118	5	168	6	182	7	198	8	101	9	125	10	173	11	145	12	157	13	161	14	177	15	148	16	174	17	185	18	161	19	105	20	142	21	126	22	190	23	184	24	106	25	139	26	157	27	156	28	130	29	128	30	119	31	191	32	102	33	142	34	170	35	146	36	167	37	155	38	159	39	102	40	159	41	122	42	117	43	115	44	133	45	188	46	137	47	158	48	109	49	106	
	0	181	1	178	2	192	3	171	4	138	5	196	6	119	7	114	8	103	9	181	10	147	11	134	12	191	13	162	14	170	15	146	16	183	17	126	18	145	19	151	20	134	21	167	22	145	23	169	24	105	25	126	26	191	27	105	28	151	29	195	30	176	31	178	32	142	33	122	34	150	35	192	36	177	37	183	38	195	39	186	40	167	41	185	42	172	43	192	44	120	45	181	46	165	47	128	48	170	49	187	
	0	184	1	186	2	150	3	149	4	103	5	127	6	129	7	160	8	155	9	142	10	116	11	181	12	119	13	194	14	196	15	185	16	159	17	165	18	103	19	130	20	168	21	143	22	168	23	121	24	137	25	104	26	141	27	168	28	122	29	103	30	116	31	188	32	192	33	138	34	103	35	161	36	108	37	187	38	177	39	135	40	126	41	162	42	167	43	114	44	196	45	106	46	112	47	110	48	135	49	190	
	0	189	1	116	2	170	3	112	4	100	5	160	6	194	7	172	8	107	9	175	10	127	11	168	12	101	13	171	14	149	15	125	16	150	17	178	18	109	19	166	20	161	21	192	22	155	23	148	24	168	25	185	26	177	27	161	28	100	29	166	30	179	31	195	32	166	33	173	34	159	35	165	36	149	37	116	38	115	39	118	40	125	41	143	42	101	43	198	44	153	45	162	46	163	47	173	48	162	49	145	
	0	150	1	171	2	109	3	183	4	189	5	130	6	152	7	106	8	111	9	199	10	120	11	109	12	165	13	104	14	178	15	170	16	153	17	159	18	184	19	131	20	136	21	197	22	107	23	151	24	107	25	174	26	188	27	121	28	139	29	132	30	144	31	116	32	178	33	183	34	189	35	136	36	186	37	155	38	130	39	114	40	141	41	177	42	102	43	127	44	159	45	137	46	146	47	134	48	144	49	194	
	0	154	1	166	2	102	3	108	4	154	5	155	6	131	7	143	8	194	9	122	10	111	11	128	12	147	13	149	14	174	15	105	16	197	17	114	18	101	19	162	20	198	21	184	22	144	23	115	24	153	25	175	26	128	27	182	28	101	29	169	30	186	31	125	32	137	33	181	34	164	35	105	36	185	37	124	38	186	39	174	40	151	41	195	42	101	43	111	44	139	45	104	46	130	47	122	48	112	49	166	
	0	199	1	101	2	177	3	188	4	180	5	168	6	133	7	127	8	143	9	159	10	196	11	187	12	173	13	133	14	190	15	183	16	133	17	111	18	185	19	145	20	100	21	138	22	182	23	154	24	132	25	175	26	177	27	119	28	129	29	146	30	128	31	148	32	130	33	131	34	183	35	135	36	140	37	121	38	165	39	169	40	151	41	132	42	154	43	145	44	177	45	181	46	185	47	142	48	167	49	130	
	0	169	1	158	2	164	3	132	4	161	5	161	6	108	7	190	8	192	9	160	10	196	11	104	12	151	13	168	14	188	15	184	16	182	17	115	18	181	19	161	20	111	21	122	22	189	23	177	24	171	25	146	26	120	27	102	28	161	29	160	30	178	31	105	32	181	33	183	34	115	35	144	36	138	37	148	38	110	39	107	40	169	41	138	42	131	43	116	44	158	45	102	46	119	47	171	48	197	49	102	
	0	147	1	157	2	137	3	141	4	154	5	163	6	104	7	150	8	120	9	175	10	120	11	106	12	180	13	134	14	154	15	141	16	136	17	133	18	170	19	185	20	108	21	154	22	183	23	154	24	121	25	175	26	149	27	153	28	185	29	170	30	169	31	164	32	173	33	192	34	136	35	160	36	175	37	160	38	148	39	141	40	125	41	157	42	149	43	180	44	134	45	180	46	148	47	111	48	100	49	123	
	0	178	1	158	2	188	3	130	4	139	5	158	6	139	7	101	8	140	9	158	10	161	11	180	12	144	13	155	14	128	15	191	16	149	17	193	18	186	19	169	20	156	21	152	22	192	23	123	24	183	25	153	26	149	27	171	28	161	29	173	30	195	31	116	32	144	33	148	34	193	35	181	36	172	37	144	38	112	39	113	40	147	41	197	42	184	43	141	44	149	45	153	46	148	47	137	48	138	49	141	
	0	105	1	151	2	107	3	158	4	145	5	170	6	188	7	114	8	192	9	127	10	167	11	120	12	128	13	141	14	109	15	199	16	179	17	114	18	142	19	195	20	194	21	115	22	178	23	154	24	100	25	193	26	153	27	141	28	156	29	155	30	108	31	175	32	163	33	148	34	158	35	172	36	104	37	101	38	138	39	143	40	115	41	108	42	118	43	163	44	165	45	144	46	149	47	163	48	134	49	109	
	0	190	1	176	2	127	3	105	4	153	5	128	6	106	7	132	8	159	9	108	10	113	11	137	12	187	13	137	14	132	15	161	16	184	17	144	18	168	19	141	20	166	21	120	22	186	23	174	24	117	25	126	26	103	27	173	28	128	29	175	30	170	31	158	32	143	33	182	34	183	35	184	36	184	37	188	38	139	39	198	40	140	41	192	42	107	43	194	44	142	45	185	46	117	47	195	48	181	49	144	
	0	138	1	142	2	196	3	177	4	173	5	145	6	136	7	137	8	133	9	171	10	173	11	140	12	171	13	105	14	177	15	153	16	143	17	118	18	186	19	142	20	154	21	143	22	107	23	127	24	189	25	150	26	171	27	172	28	188	29	116	30	178	31	123	32	134	33	199	34	176	35	189	36	192	37	125	38	124	39	165	40	101	41	143	42	146	43	178	44	162	45	114	46	185	47	189	48	143	49	127	
	0	101	1	134	2	159	3	143	4	104	5	149	6	132	7	198	8	161	9	146	10	171	11	162	12	170	13	102	14	155	15	112	16	106	17	101	18	120	19	174	20	116	21	121	22	168	23	168	24	142	25	105	26	130	27	141	28	195	29	103	30	167	31	162	32	187	33	120	34	194	35	162	36	148	37	196	38	183	39	170	40	183	41	131	42	141	43	159	44	173	45	172	46	130	47	178	48	142	49	185	
	0	156	1	156	2	148	3	189	4	129	5	147	6	148	7	172	8	139	9	130	10	137	11	114	12	102	13	112	14	142	15	111	16	151	17	165	18	106	19	186	20	111	21	145	22	163	23	158	24	110	25	121	26	136	27	193	28	166	29	145	30	100	31	101	32	192	33	124	34	109	35	165	36	161	37	175	38	157	39	133	40	173	41	153	42	137	43	166	44	141	45	189	46	180	47	152	48	191	49	154	
	0	199	1	146	2	168	3	179	4	167	5	104	6	138	7	134	8	179	9	113	10	136	11	112	12	152	13	173	14	104	15	180	16	139	17	106	18	152	19	113	20	110	21	166	22	128	23	146	24	135	25	111	26	159	27	123	28	138	29	171	30	164	31	134	32	146	33	117	34	170	35	105	36	180	37	173	38	173	39	196	40	181	41	189	42	164	43	168	44	161	45	180	46	188	47	133	48	136	49	155	
	0	185	1	149	2	185	3	180	4	196	5	129	6	126	7	106	8	117	9	157	10	104	11	148	12	120	13	145	14	140	15	137	16	128	17	155	18	138	19	165	20	152	21	165	22	166	23	172	24	194	25	176	26	145	27	111	28	112	29	119	30	166	31	128	32	125	33	117	34	171	35	182	36	170	37	166	38	198	39	158	40	199	41	141	42	198	43	114	44	162	45	107	46	167	47	148	48	151	49	156	
	0	161	1	164	2	109	3	103	4	166	5	146	6	117	7	176	8	106	9	174	10	129	11	179	12	185	13	166	14	100	15	144	16	176	17	110	18	116	19	153	20	188	21	111	22	189	23	127	24	152	25	130	26	110	27	149	28	158	29	138	30	158	31	105	32	145	33	109	34	138	35	165	36	138	37	187	38	126	39	194	40	178	41	176	42	185	43	143	44	160	45	196	46	137	47	196	48	180	49	146	
	0	124	1	174	2	159	3	178	4	154	5	168	6	130	7	184	8	144	9	141	10	106	11	101	12	199	13	113	14	186	15	165	16	194	17	107	18	166	19	120	20	176	21	191	22	163	23	163	24	110	25	128	26	143	27	182	28	189	29	185	30	127	31	135	32	133	33	166	34	176	35	126	36	143	37	160	38	183	39	112	40	101	41	173	42	113	43	191	44	187	45	177	46	172	47	192	48	157	49	180	
	0	152	1	144	2	128	3	130	4	190	5	121	6	143	7	127	8	179	9	157	10	120	11	148	12	144	13	185	14	175	15	187	16	146	17	159	18	131	19	198	20	177	21	158	22	127	23	119	24	123	25	139	26	157	27	116	28	175	29	182	30	151	31	186	32	115	33	107	34	198	35	193	36	127	37	199	38	132	39	182	40	175	41	199	42	189	43	121	44	121	45	127	46	187	47	126	48	185	49	137	
	0	119	1	158	2	178	3	181	4	152	5	160	6	123	7	162	8	111	9	191	10	178	11	194	12	112	13	176	14	100	15	110	16	125	17	156	18	190	19	173	20	185	21	146	22	108	23	106	24	173	25	183	26	149	27	195	28	123	29	144	30	186	31	109	32	155	33	174	34	172	35	126	36	191	37	145	38	169	39	126	40	142	41	146	42	179	43	101	44	101	45	162	46	121	47	188	48	122	49	112	
	0	127	1	102	2	135	3	108	4	189	5	154	6	156	7	119	8	175	9	183	10	105	11	159	12	128	13	174	14	182	15	155	16	133	17	185	18	168	19	140	20	142	21	133	22	177	23	163	24	164	25	191	26	189	27	120	28	106	29	141	30	177	31	160	32	145	33	172	34	152	35	122	36	162	37	145	38	145	39	176	40	128	41	108	42	103	43	124	44	116	45	108	46	177	47	159	48	138	49	154	
	0	143	1	143	2	153	3	122	4	153	5	117	6	166	7	120	8	163	9	150	10	153	11	137	12	174	13	137	14	102	15	113	16	190	17	110	18	120	19	101	20	117	21	147	22	145	23	153	24	131	25	132	26	189	27	172	28	108	29	190	30	135	31	101	32	144	33	128	34	170	35	122	36	198	37	114	38	146	39	184	40	129	41	183	42	185	43	153	44	104	45	163	46	197	47	186	48	156	49	195	
	0	150	1	193	2	179	3	155	4	116	5	132	6	152	7	177	8	163	9	129	10	186	11	143	12	124	13	129	14	180	15	133	16	182	17	112	18	171	19	190	20	186	21	182	22	167	23	101	24	175	25	100	26	159	27	133	28	185	29	162	30	122	31	176	32	189	33	126	34	109	35	101	36	198	37	195	38	195	39	185	40	167	41	199	42	132	43	103	44	181	45	143	46	162	47	105	48	165	49	164	
	0	118	1	118	2	191	3	151	4	183	5	143	6	177	7	190	8	181	9	179	10	175	11	187	12	124	13	179	14	116	15	178	16	173	17	180	18	187	19	103	20	150	21	106	22	128	23	118	24	138	25	173	26	126	27	107	28	121	29	191	30	149	31	130	32	196	33	130	34	129	35	139	36	182	37	178	38	199	39	172	40	196	41	166	42	160	43	191	44	127	45	190	46	155	47	187	48	111	49	145	
	0	103	1	164	2	119	3	126	4	115	5	191	6	156	7	150	8	187	9	108	10	159	11	153	12	168	13	187	14	192	15	133	16	123	17	106	18	165	19	164	20	164	21	173	22	140	23	166	24	130	25	127	26	153	27	127	28	167	29	117	30	100	31	147	32	185	33	193	34	128	35	127	36	139	37	141	38	153	39	190	40	151	41	132	42	111	43	158	44	194	45	170	46	124	47	136	48	159	49	107	
	0	163	1	178	2	160	3	101	4	191	5	158	6	170	7	103	8	108	9	141	10	143	11	166	12	196	13	123	14	167	15	144	16	111	17	139	18	105	19	156	20	125	21	167	22	172	23	113	24	150	25	141	26	102	27	179	28	180	29	190	30	176	31	164	32	184	33	180	34	184	35	100	36	175	37	167	38	184	39	199	40	127	41	100	42	192	43	128	44	195	45	104	46	140	47	191	48	115	49	125	
	0	111	1	185	2	161	3	136	4	164	5	104	6	126	7	180	8	180	9	178	10	154	11	132	12	165	13	103	14	100	15	138	16	183	17	139	18	184	19	128	20	152	21	118	22	126	23	159	24	133	25	174	26	160	27	131	28	103	29	119	30	152	31	156	32	176	33	131	34	113	35	111	36	145	37	197	38	169	39	198	40	161	41	196	42	152	43	125	44	128	45	184	46	163	47	148	48	177	49	165	
	0	124	1	174	2	130	3	185	4	149	5	160	6	122	7	197	8	196	9	128	10	162	11	184	12	131	13	134	14	177	15	134	16	125	17	164	18	169	19	127	20	133	21	131	22	164	23	184	24	142	25	129	26	163	27	173	28	133	29	122	30	135	31	174	32	160	33	120	34	165	35	128	36	156	37	162	38	104	39	127	40	126	41	194	42	147	43	129	44	150	45	138	46	196	47	114	48	116	49	148	
	0	161	1	104	2	176	3	127	4	186	5	134	6	154	7	106	8	184	9	112	10	151	11	153	12	172	13	134	14	159	15	155	16	111	17	139	18	180	19	117	20	115	21	158	22	155	23	153	24	147	25	155	26	159	27	128	28	121	29	196	30	119	31	171	32	193	33	102	34	145	35	142	36	110	37	131	38	142	39	134	40	157	41	111	42	132	43	103	44	121	45	114	46	163	47	134	48	103	49	189	
	0	171	1	109	2	197	3	137	4	155	5	163	6	198	7	162	8	120	9	119	10	183	11	147	12	170	13	116	14	145	15	106	16	161	17	192	18	132	19	130	20	198	21	149	22	171	23	136	24	180	25	181	26	157	27	137	28	129	29	186	30	196	31	167	32	191	33	194	34	192	35	133	36	118	37	133	38	192	39	106	40	107	41	117	42	130	43	199	44	168	45	132	46	185	47	151	48	142	49	185	
	0	133	1	171	2	112	3	124	4	178	5	107	6	191	7	132	8	153	9	124	10	181	11	110	12	199	13	109	14	167	15	116	16	144	17	105	18	143	19	165	20	153	21	183	22	199	23	169	24	123	25	172	26	166	27	198	28	113	29	155	30	177	31	161	32	168	33	103	34	142	35	198	36	162	37	158	38	125	39	162	40	140	41	169	42	134	43	151	44	129	45	127	46	143	47	199	48	100	49	193	
	0	142	1	147	2	117	3	120	4	113	5	171	6	109	7	199	8	152	9	107	10	177	11	124	12	147	13	128	14	126	15	168	16	100	17	100	18	130	19	139	20	170	21	188	22	182	23	146	24	141	25	145	26	108	27	101	28	167	29	191	30	148	31	133	32	125	33	142	34	180	35	106	36	111	37	107	38	129	39	139	40	141	41	102	42	112	43	179	44	183	45	126	46	126	47	124	48	155	49	134	
	0	140	1	139	2	107	3	163	4	196	5	110	6	145	7	107	8	133	9	186	10	156	11	116	12	173	13	170	14	102	15	179	16	114	17	109	18	123	19	185	20	101	21	197	22	122	23	147	24	152	25	164	26	137	27	159	28	196	29	131	30	179	31	187	32	191	33	106	34	178	35	129	36	185	37	122	38	116	39	149	40	140	41	143	42	136	43	130	44	134	45	151	46	118	47	109	48	182	49	197	
	0	147	1	193	2	192	3	131	4	170	5	108	6	139	7	166	8	185	9	107	10	105	11	143	12	132	13	123	14	194	15	132	16	173	17	100	18	101	19	157	20	192	21	108	22	185	23	152	24	149	25	149	26	167	27	136	28	104	29	157	30	142	31	102	32	133	33	175	34	140	35	119	36	138	37	195	38	139	39	183	40	183	41	150	42	152	43	138	44	137	45	139	46	179	47	132	48	187	49	110	
	0	169	1	115	2	145	3	136	4	119	5	177	6	146	7	117	8	113	9	153	10	105	11	114	12	180	13	171	14	164	15	115	16	101	17	156	18	138	19	180	20	142	21	189	22	112	23	108	24	166	25	127	26	127	27	199	28	160	29	147	30	168	31	109	32	165	33	148	34	116	35	188	36	192	37	102	38	107	39	195	40	108	41	151	42	193	43	101	44	197	45	117	46	181	47	181	48	179	49	115	
	0	146	1	188	2	105	3	149	4	186	5	113	6	122	7	183	8	149	9	138	10	142	11	181	12	180	13	112	14	187	15	177	16	165	17	164	18	143	19	178	20	116	21	149	22	106	23	141	24	183	25	190	26	118	27	116	28	142	29	149	30	123	31	194	32	197	33	134	34	156	35	146	36	135	37	146	38	160	39	112	40	141	41	145	42	141	43	122	44	104	45	190	46	117	47	193	48	136	49	114	
	0	199	1	178	2	138	3	108	4	130	5	120	6	100	7	188	8	193	9	136	10	116	11	175	12	125	13	112	14	144	15	199	16	167	17	190	18	198	19	141	20	169	21	136	22	101	23	119	24	142	25	138	26	102	27	185	28	123	29	144	30	104	31	135	32	154	33	122	34	115	35	160	36	125	37	146	38	136	39	175	40	159	41	124	42	136	43	135	44	155	45	162	46	114	47	167	48	198	49	183	
	0	107	1	119	2	132	3	118	4	185	5	189	6	174	7	156	8	136	9	148	10	188	11	110	12	117	13	141	14	126	15	106	16	109	17	190	18	109	19	149	20	178	21	124	22	196	23	181	24	169	25	142	26	144	27	137	28	140	29	121	30	165	31	198	32	178	33	129	34	126	35	163	36	114	37	126	38	120	39	189	40	129	41	154	42	172	43	108	44	141	45	120	46	140	47	101	48	167	49	176	
	0	129	1	188	2	107	3	146	4	171	5	179	6	143	7	102	8	117	9	138	10	114	11	113	12	167	13	143	14	124	15	177	16	138	17	130	18	140	19	163	20	131	21	161	22	125	23	153	24	160	25	129	26	122	27	152	28	108	29	112	30	181	31	100	32	142	33	188	34	119	35	191	36	178	37	126	38	198	39	116	40	172	41	192	42	187	43	164	44	198	45	173	46	139	47	152	48	140	49	107	
	0	114	1	139	2	155	3	144	4	136	5	184	6	155	7	113	8	177	9	187	10	126	11	199	12	175	13	160	14	179	15	128	16	189	17	112	18	152	19	170	20	150	21	116	22	137	23	152	24	141	25	198	26	112	27	170	28	121	29	155	30	121	31	178	32	194	33	183	34	151	35	161	36	135	37	123	38	166	39	117	40	197	41	176	42	118	43	114	44	177	45	149	46	177	47	116	48	122	49	139	
	0	188	1	102	2	176	3	139	4	146	5	157	6	129	7	182	8	175	9	148	10	133	11	156	12	137	13	140	14	129	15	194	16	105	17	129	18	156	19	109	20	128	21	144	22	111	23	145	24	196	25	141	26	115	27	184	28	123	29	104	30	130	31	120	32	180	33	103	34	138	35	143	36	118	37	179	38	178	39	156	40	117	41	136	42	119	43	121	44	102	45	196	46	186	47	177	48	115	49	120	
	0	157	1	148	2	129	3	138	4	143	5	194	6	164	7	163	8	182	9	143	10	185	11	196	12	124	13	106	14	122	15	177	16	114	17	114	18	178	19	186	20	138	21	142	22	171	23	190	24	163	25	108	26	178	27	166	28	167	29	175	30	195	31	178	32	165	33	179	34	162	35	135	36	144	37	192	38	157	39	181	40	177	41	116	42	116	43	149	44	145	45	126	46	119	47	188	48	107	49	110	
	0	196	1	114	2	137	3	117	4	129	5	161	6	149	7	183	8	177	9	139	10	105	11	189	12	167	13	131	14	196	15	146	16	182	17	168	18	143	19	162	20	145	21	155	22	188	23	110	24	115	25	150	26	101	27	135	28	171	29	135	30	137	31	140	32	176	33	188	34	101	35	112	36	103	37	122	38	158	39	116	40	114	41	141	42	155	43	171	44	172	45	122	46	158	47	161	48	190	49	148	
	0	176	1	197	2	191	3	193	4	123	5	108	6	135	7	164	8	147	9	174	10	199	11	127	12	196	13	197	14	188	15	135	16	160	17	156	18	129	19	178	20	117	21	169	22	141	23	150	24	114	25	132	26	102	27	148	28	171	29	124	30	181	31	175	32	102	33	117	34	174	35	162	36	182	37	148	38	183	39	134	40	124	41	174	42	168	43	136	44	165	45	199	46	183	47	100	48	187	49	120	
	0	119	1	142	2	145	3	153	4	163	5	162	6	186	7	141	8	177	9	137	10	128	11	103	12	152	13	102	14	182	15	173	16	103	17	175	18	121	19	100	20	179	21	104	22	183	23	148	24	189	25	122	26	194	27	172	28	166	29	150	30	117	31	146	32	193	33	109	34	100	35	199	36	155	37	159	38	178	39	117	40	165	41	109	42	171	43	198	44	141	45	108	46	188	47	126	48	158	49	160	
	0	145	1	150	2	108	3	122	4	181	5	119	6	109	7	121	8	113	9	107	10	179	11	184	12	139	13	118	14	186	15	117	16	157	17	153	18	129	19	103	20	183	21	188	22	173	23	163	24	102	25	121	26	115	27	125	28	147	29	163	30	127	31	165	32	176	33	149	34	105	35	124	36	194	37	172	38	152	39	196	40	177	41	115	42	134	43	189	44	137	45	181	46	164	47	176	48	145	49	142	
	0	190	1	186	2	109	3	179	4	115	5	100	6	172	7	129	8	139	9	197	10	156	11	128	12	198	13	174	14	176	15	165	16	123	17	127	18	114	19	175	20	177	21	184	22	162	23	126	24	194	25	134	26	186	27	102	28	113	29	132	30	182	31	110	32	170	33	186	34	175	35	162	36	194	37	128	38	145	39	140	40	155	41	161	42	103	43	107	44	163	45	174	46	128	47	197	48	153	49	198	
	0	168	1	135	2	150	3	121	4	144	5	119	6	175	7	177	8	199	9	162	10	155	11	193	12	142	13	120	14	187	15	189	16	170	17	192	18	193	19	143	20	185	21	175	22	123	23	128	24	119	25	105	26	190	27	198	28	120	29	143	30	136	31	114	32	157	33	192	34	181	35	171	36	175	37	145	38	182	39	197	40	147	41	161	42	120	43	149	44	187	45	190	46	128	47	190	48	178	49	154	
	0	145	1	197	2	133	3	190	4	142	5	142	6	193	7	105	8	115	9	118	10	161	11	178	12	194	13	133	14	176	15	163	16	120	17	157	18	136	19	138	20	162	21	151	22	168	23	142	24	149	25	194	26	131	27	131	28	106	29	165	30	146	31	159	32	123	33	189	34	191	35	101	36	128	37	167	38	193	39	148	40	197	41	162	42	113	43	138	44	122	45	121	46	154	47	196	48	117	49	169	
	0	141	1	165	2	159	3	149	4	128	5	173	6	166	7	193	8	153	9	119	10	179	11	191	12	147	13	168	14	173	15	160	16	165	17	185	18	102	19	176	20	182	21	149	22	178	23	137	24	134	25	115	26	161	27	162	28	167	29	130	30	101	31	173	32	188	33	122	34	122	35	101	36	111	37	127	38	163	39	162	40	118	41	186	42	119	43	123	44	121	45	149	46	100	47	182	48	102	49	152	
	0	115	1	100	2	181	3	198	4	136	5	121	6	131	7	161	8	149	9	114	10	179	11	137	12	120	13	170	14	176	15	156	16	110	17	194	18	142	19	128	20	160	21	133	22	168	23	120	24	144	25	109	26	195	27	196	28	148	29	115	30	126	31	195	32	171	33	188	34	154	35	115	36	173	37	148	38	160	39	192	40	146	41	143	42	157	43	146	44	138	45	195	46	181	47	185	48	168	49	125	
	0	125	1	115	2	133	3	177	4	196	5	105	6	133	7	137	8	170	9	176	10	153	11	123	12	193	13	183	14	175	15	134	16	112	17	137	18	123	19	194	20	109	21	112	22	103	23	128	24	110	25	109	26	107	27	150	28	175	29	164	30	139	31	173	32	184	33	193	34	114	35	184	36	183	37	161	38	155	39	108	40	158	41	159	42	159	43	129	44	123	45	194	46	191	47	188	48	192	49	115	
	0	107	1	137	2	106	3	185	4	104	5	165	6	101	7	145	8	191	9	101	10	119	11	117	12	196	13	182	14	162	15	113	16	154	17	124	18	148	19	172	20	160	21	173	22	126	23	149	24	177	25	158	26	121	27	170	28	177	29	169	30	193	31	114	32	169	33	195	34	127	35	115	36	186	37	103	38	139	39	127	40	109	41	101	42	103	43	192	44	110	45	124	46	180	47	160	48	167	49	125	