100 50 1
50
	0	131	1	185	2	187	3	110	4	137	5	119	6	122	7	127	8	127	9	133	10	185	11	192	12	164	13	165	14	123	15	187	16	192	17	162	18	109	19	194	20	131	21	158	22	162	23	198	24	175	25	146	26	143	27	181	28	116	29	114	30	108	31	179	32	136	33	101	34	107	35	173	36	160	37	174	38	105	39	149	40	156	41	101	42	103	43	130	44	179	45	155	46	170	47	131	48	108	49	148	
	0	171	1	190	2	137	3	179	4	103	5	107	6	125	7	185	8	186	9	156	10	193	11	116	12	195	13	143	14	167	15	171	16	124	17	162	18	191	19	147	20	136	21	120	22	131	23	116	24	128	25	110	26	195	27	170	28	154	29	155	30	130	31	187	32	125	33	189	34	137	35	149	36	141	37	134	38	198	39	162	40	182	41	158	42	177	43	104	44	173	45	160	46	146	47	108	48	111	49	185	
	0	114	1	102	2	119	3	126	4	172	5	134	6	115	7	120	8	192	9	123	10	127	11	101	12	128	13	102	14	174	15	139	16	171	17	131	18	157	19	122	20	176	21	151	22	122	23	105	24	111	25	117	26	158	27	101	28	143	29	178	30	199	31	152	32	152	33	128	34	114	35	141	36	103	37	156	38	137	39	145	40	161	41	136	42	129	43	162	44	133	45	104	46	182	47	169	48	115	49	166	
	0	132	1	149	2	134	3	141	4	134	5	120	6	192	7	195	8	166	9	127	10	113	11	150	12	189	13	165	14	158	15	133	16	109	17	177	18	105	19	184	20	173	21	148	22	119	23	181	24	127	25	190	26	113	27	115	28	110	29	198	30	136	31	177	32	164	33	173	34	176	35	145	36	199	37	156	38	143	39	135	40	140	41	158	42	184	43	152	44	116	45	151	46	127	47	152	48	147	49	128	
	0	108	1	180	2	159	3	113	4	133	5	102	6	167	7	105	8	144	9	110	10	121	11	190	12	142	13	161	14	134	15	108	16	154	17	153	18	128	19	112	20	166	21	197	22	130	23	117	24	136	25	105	26	168	27	195	28	152	29	133	30	174	31	152	32	190	33	194	34	148	35	148	36	116	37	121	38	108	39	122	40	183	41	141	42	156	43	134	44	131	45	101	46	174	47	158	48	104	49	131	
	0	118	1	164	2	115	3	188	4	191	5	101	6	118	7	143	8	150	9	124	10	193	11	134	12	100	13	178	14	174	15	131	16	179	17	174	18	176	19	157	20	125	21	175	22	192	23	128	24	118	25	169	26	149	27	170	28	159	29	125	30	134	31	173	32	184	33	180	34	190	35	145	36	194	37	107	38	192	39	139	40	169	41	178	42	189	43	132	44	102	45	198	46	164	47	128	48	153	49	186	
	0	124	1	108	2	156	3	190	4	173	5	199	6	187	7	127	8	149	9	196	10	131	11	143	12	193	13	165	14	102	15	184	16	125	17	131	18	112	19	180	20	144	21	158	22	106	23	189	24	101	25	109	26	117	27	104	28	128	29	184	30	133	31	196	32	118	33	138	34	139	35	139	36	189	37	129	38	132	39	140	40	134	41	126	42	113	43	181	44	104	45	113	46	193	47	141	48	162	49	138	
	0	190	1	195	2	161	3	190	4	152	5	101	6	173	7	101	8	171	9	140	10	174	11	194	12	136	13	161	14	171	15	156	16	179	17	128	18	112	19	136	20	152	21	193	22	145	23	160	24	184	25	103	26	115	27	119	28	164	29	110	30	145	31	120	32	114	33	135	34	155	35	101	36	195	37	187	38	140	39	111	40	137	41	137	42	191	43	184	44	101	45	171	46	190	47	186	48	176	49	139	
	0	198	1	111	2	184	3	145	4	142	5	119	6	126	7	185	8	150	9	169	10	180	11	152	12	103	13	158	14	113	15	199	16	142	17	185	18	116	19	114	20	159	21	148	22	187	23	124	24	110	25	160	26	148	27	192	28	193	29	103	30	146	31	162	32	131	33	182	34	127	35	112	36	128	37	183	38	153	39	110	40	169	41	137	42	148	43	130	44	128	45	163	46	103	47	140	48	179	49	148	
	0	127	1	111	2	170	3	175	4	188	5	109	6	182	7	100	8	186	9	104	10	124	11	151	12	105	13	178	14	112	15	197	16	169	17	151	18	124	19	179	20	163	21	156	22	144	23	130	24	196	25	140	26	164	27	121	28	116	29	154	30	124	31	192	32	174	33	164	34	184	35	129	36	158	37	175	38	137	39	143	40	122	41	101	42	109	43	127	44	185	45	166	46	107	47	176	48	111	49	113	
	0	162	1	123	2	158	3	165	4	136	5	151	6	101	7	138	8	178	9	160	10	112	11	188	12	171	13	115	14	199	15	195	16	162	17	158	18	136	19	188	20	150	21	156	22	192	23	149	24	170	25	139	26	178	27	149	28	194	29	172	30	121	31	102	32	117	33	121	34	183	35	110	36	184	37	182	38	158	39	108	40	159	41	129	42	150	43	188	44	115	45	131	46	134	47	196	48	168	49	121	
	0	133	1	126	2	106	3	141	4	157	5	172	6	172	7	190	8	147	9	194	10	104	11	151	12	177	13	138	14	126	15	166	16	174	17	138	18	147	19	198	20	104	21	175	22	130	23	127	24	120	25	140	26	184	27	154	28	174	29	189	30	101	31	114	32	191	33	138	34	191	35	129	36	185	37	176	38	158	39	185	40	126	41	150	42	181	43	122	44	129	45	186	46	153	47	152	48	115	49	166	
	0	179	1	159	2	130	3	150	4	197	5	151	6	180	7	101	8	134	9	139	10	191	11	116	12	114	13	150	14	128	15	180	16	155	17	168	18	126	19	103	20	169	21	119	22	129	23	197	24	137	25	125	26	117	27	197	28	145	29	131	30	185	31	143	32	168	33	160	34	164	35	114	36	157	37	109	38	188	39	130	40	145	41	193	42	150	43	152	44	155	45	128	46	181	47	167	48	156	49	122	
	0	122	1	192	2	101	3	169	4	158	5	190	6	101	7	196	8	100	9	147	10	195	11	182	12	194	13	171	14	180	15	175	16	171	17	161	18	101	19	188	20	150	21	157	22	118	23	106	24	138	25	122	26	151	27	141	28	143	29	177	30	104	31	198	32	193	33	147	34	145	35	134	36	111	37	183	38	187	39	128	40	178	41	152	42	127	43	190	44	197	45	198	46	180	47	171	48	170	49	117	
	0	171	1	180	2	127	3	156	4	135	5	125	6	139	7	108	8	103	9	177	10	192	11	124	12	150	13	138	14	114	15	165	16	130	17	179	18	189	19	130	20	149	21	171	22	196	23	177	24	180	25	162	26	125	27	114	28	133	29	180	30	146	31	142	32	152	33	130	34	119	35	192	36	142	37	170	38	178	39	128	40	191	41	175	42	121	43	133	44	175	45	125	46	181	47	193	48	175	49	159	
	0	112	1	172	2	102	3	158	4	145	5	165	6	107	7	119	8	180	9	117	10	198	11	170	12	110	13	198	14	143	15	186	16	146	17	145	18	194	19	197	20	138	21	173	22	174	23	196	24	109	25	115	26	169	27	175	28	159	29	179	30	166	31	183	32	168	33	153	34	130	35	170	36	157	37	113	38	179	39	173	40	180	41	184	42	135	43	185	44	103	45	183	46	185	47	111	48	160	49	131	
	0	155	1	125	2	168	3	132	4	109	5	163	6	134	7	132	8	113	9	140	10	115	11	123	12	121	13	167	14	141	15	116	16	117	17	137	18	185	19	183	20	174	21	131	22	110	23	111	24	128	25	181	26	100	27	168	28	142	29	114	30	145	31	125	32	186	33	136	34	119	35	124	36	159	37	189	38	187	39	174	40	156	41	176	42	186	43	142	44	140	45	137	46	163	47	138	48	107	49	172	
	0	180	1	189	2	161	3	181	4	139	5	114	6	113	7	138	8	109	9	129	10	166	11	126	12	117	13	116	14	165	15	137	16	152	17	117	18	174	19	129	20	172	21	178	22	129	23	151	24	183	25	123	26	117	27	112	28	182	29	135	30	145	31	136	32	107	33	174	34	135	35	100	36	177	37	140	38	106	39	152	40	183	41	103	42	180	43	112	44	196	45	116	46	166	47	176	48	126	49	107	
	0	116	1	191	2	112	3	164	4	124	5	145	6	178	7	198	8	181	9	174	10	129	11	107	12	130	13	155	14	105	15	171	16	138	17	160	18	165	19	146	20	104	21	171	22	149	23	109	24	100	25	115	26	129	27	105	28	151	29	137	30	121	31	179	32	145	33	197	34	193	35	127	36	149	37	103	38	136	39	108	40	107	41	107	42	130	43	162	44	169	45	103	46	135	47	143	48	163	49	132	
	0	198	1	140	2	182	3	151	4	119	5	131	6	116	7	184	8	146	9	179	10	178	11	188	12	194	13	180	14	110	15	157	16	149	17	105	18	192	19	175	20	168	21	172	22	117	23	125	24	123	25	119	26	144	27	118	28	176	29	126	30	186	31	112	32	118	33	122	34	112	35	105	36	130	37	170	38	198	39	154	40	109	41	177	42	182	43	153	44	188	45	118	46	139	47	167	48	101	49	108	
	0	130	1	110	2	179	3	118	4	116	5	137	6	182	7	152	8	106	9	182	10	148	11	128	12	190	13	193	14	164	15	163	16	178	17	179	18	182	19	164	20	187	21	186	22	191	23	172	24	199	25	188	26	111	27	193	28	148	29	128	30	181	31	173	32	129	33	188	34	148	35	106	36	132	37	145	38	181	39	147	40	104	41	105	42	152	43	138	44	183	45	127	46	167	47	117	48	156	49	166	
	0	125	1	120	2	154	3	119	4	101	5	144	6	146	7	130	8	160	9	182	10	144	11	171	12	161	13	119	14	191	15	153	16	100	17	165	18	100	19	145	20	113	21	108	22	128	23	149	24	171	25	103	26	123	27	121	28	173	29	170	30	154	31	150	32	101	33	111	34	132	35	190	36	145	37	137	38	105	39	101	40	135	41	112	42	188	43	161	44	173	45	136	46	107	47	142	48	145	49	122	
	0	145	1	168	2	114	3	189	4	104	5	161	6	190	7	103	8	152	9	168	10	156	11	191	12	113	13	176	14	182	15	147	16	177	17	199	18	176	19	190	20	198	21	142	22	190	23	191	24	111	25	162	26	109	27	194	28	193	29	145	30	178	31	197	32	186	33	183	34	188	35	156	36	138	37	156	38	136	39	142	40	171	41	135	42	194	43	191	44	199	45	122	46	143	47	194	48	144	49	109	
	0	182	1	176	2	144	3	189	4	108	5	128	6	150	7	121	8	197	9	130	10	129	11	139	12	144	13	143	14	144	15	189	16	171	17	126	18	112	19	164	20	129	21	153	22	163	23	159	24	153	25	112	26	134	27	181	28	148	29	187	30	158	31	132	32	162	33	163	34	111	35	182	36	186	37	102	38	105	39	166	40	188	41	112	42	148	43	189	44	197	45	183	46	163	47	115	48	111	49	151	
	0	185	1	152	2	106	3	151	4	137	5	151	6	130	7	156	8	105	9	150	10	182	11	127	12	127	13	141	14	194	15	151	16	119	17	130	18	146	19	133	20	199	21	178	22	168	23	176	24	108	25	165	26	145	27	173	28	143	29	152	30	191	31	167	32	142	33	168	34	102	35	100	36	157	37	148	38	101	39	188	40	108	41	123	42	116	43	168	44	118	45	196	46	181	47	123	48	100	49	147	
	0	120	1	197	2	101	3	177	4	132	5	137	6	131	7	132	8	123	9	141	10	143	11	153	12	161	13	181	14	153	15	192	16	114	17	105	18	163	19	177	20	166	21	116	22	184	23	150	24	147	25	157	26	116	27	164	28	102	29	157	30	199	31	186	32	102	33	179	34	187	35	174	36	187	37	176	38	164	39	167	40	163	41	148	42	132	43	113	44	103	45	155	46	135	47	163	48	153	49	129	
	0	182	1	115	2	177	3	147	4	163	5	149	6	154	7	198	8	104	9	170	10	187	11	123	12	154	13	160	14	167	15	142	16	177	17	190	18	126	19	157	20	107	21	192	22	142	23	145	24	165	25	173	26	171	27	139	28	153	29	187	30	151	31	108	32	194	33	162	34	194	35	154	36	131	37	122	38	129	39	124	40	168	41	149	42	186	43	134	44	175	45	155	46	164	47	122	48	154	49	152	
	0	157	1	112	2	128	3	121	4	107	5	188	6	159	7	141	8	107	9	165	10	182	11	127	12	101	13	146	14	129	15	164	16	120	17	106	18	146	19	195	20	189	21	138	22	166	23	102	24	180	25	130	26	121	27	176	28	199	29	144	30	178	31	132	32	121	33	100	34	171	35	185	36	162	37	145	38	146	39	184	40	188	41	107	42	138	43	199	44	134	45	148	46	109	47	100	48	133	49	196	
	0	110	1	190	2	145	3	176	4	194	5	188	6	173	7	162	8	188	9	148	10	188	11	151	12	151	13	144	14	156	15	155	16	121	17	179	18	156	19	173	20	117	21	114	22	186	23	127	24	125	25	179	26	151	27	173	28	143	29	152	30	175	31	171	32	154	33	181	34	162	35	118	36	161	37	192	38	130	39	119	40	176	41	125	42	142	43	175	44	187	45	157	46	166	47	191	48	149	49	129	
	0	184	1	135	2	153	3	172	4	169	5	154	6	119	7	195	8	179	9	141	10	154	11	113	12	100	13	122	14	138	15	146	16	171	17	193	18	135	19	185	20	145	21	153	22	162	23	185	24	137	25	108	26	106	27	126	28	121	29	148	30	126	31	117	32	107	33	176	34	142	35	198	36	121	37	188	38	185	39	191	40	186	41	113	42	151	43	114	44	134	45	136	46	195	47	120	48	128	49	124	
	0	124	1	180	2	106	3	136	4	184	5	154	6	145	7	115	8	162	9	101	10	148	11	100	12	158	13	197	14	168	15	198	16	131	17	179	18	130	19	193	20	110	21	175	22	177	23	156	24	150	25	187	26	186	27	114	28	195	29	170	30	130	31	195	32	171	33	152	34	195	35	128	36	156	37	190	38	128	39	147	40	185	41	130	42	195	43	194	44	144	45	164	46	136	47	151	48	125	49	160	
	0	172	1	121	2	165	3	179	4	135	5	154	6	130	7	157	8	164	9	156	10	172	11	174	12	148	13	151	14	141	15	166	16	175	17	164	18	181	19	136	20	163	21	148	22	127	23	110	24	149	25	121	26	197	27	102	28	138	29	106	30	148	31	188	32	103	33	107	34	156	35	111	36	101	37	179	38	144	39	164	40	156	41	145	42	141	43	151	44	155	45	183	46	109	47	125	48	117	49	121	
	0	135	1	163	2	196	3	123	4	126	5	120	6	192	7	150	8	199	9	154	10	118	11	152	12	132	13	171	14	130	15	108	16	190	17	132	18	102	19	184	20	160	21	115	22	118	23	163	24	146	25	157	26	106	27	159	28	137	29	166	30	115	31	195	32	122	33	181	34	142	35	179	36	100	37	117	38	154	39	144	40	168	41	106	42	113	43	136	44	148	45	171	46	167	47	172	48	172	49	196	
	0	111	1	180	2	101	3	163	4	106	5	100	6	195	7	127	8	101	9	107	10	179	11	137	12	187	13	138	14	134	15	145	16	174	17	132	18	173	19	141	20	116	21	101	22	150	23	149	24	110	25	150	26	152	27	157	28	108	29	178	30	132	31	128	32	110	33	155	34	132	35	119	36	136	37	133	38	180	39	103	40	169	41	156	42	191	43	157	44	179	45	133	46	184	47	186	48	143	49	102	
	0	139	1	147	2	198	3	115	4	187	5	151	6	194	7	142	8	117	9	148	10	130	11	120	12	179	13	140	14	130	15	129	16	180	17	196	18	131	19	133	20	178	21	180	22	178	23	109	24	194	25	114	26	125	27	134	28	198	29	166	30	125	31	170	32	144	33	155	34	149	35	175	36	190	37	164	38	192	39	109	40	187	41	165	42	173	43	112	44	134	45	145	46	152	47	175	48	163	49	125	
	0	141	1	158	2	127	3	146	4	154	5	170	6	128	7	157	8	134	9	103	10	134	11	120	12	197	13	151	14	156	15	114	16	135	17	173	18	104	19	184	20	128	21	153	22	126	23	163	24	189	25	183	26	128	27	121	28	175	29	152	30	143	31	159	32	160	33	174	34	113	35	153	36	191	37	199	38	168	39	162	40	194	41	197	42	191	43	196	44	195	45	149	46	172	47	176	48	152	49	145	
	0	127	1	103	2	187	3	193	4	165	5	140	6	174	7	152	8	101	9	189	10	156	11	149	12	136	13	158	14	154	15	142	16	107	17	173	18	133	19	113	20	128	21	144	22	113	23	103	24	165	25	130	26	193	27	184	28	140	29	152	30	118	31	142	32	116	33	109	34	148	35	170	36	161	37	112	38	176	39	125	40	105	41	190	42	157	43	180	44	111	45	136	46	197	47	158	48	105	49	178	
	0	103	1	175	2	157	3	148	4	103	5	107	6	144	7	106	8	125	9	137	10	172	11	179	12	168	13	170	14	148	15	170	16	120	17	118	18	118	19	168	20	179	21	136	22	105	23	146	24	169	25	195	26	132	27	168	28	118	29	110	30	108	31	164	32	141	33	134	34	126	35	125	36	160	37	107	38	185	39	115	40	123	41	111	42	139	43	196	44	189	45	195	46	118	47	142	48	134	49	180	
	0	131	1	147	2	151	3	118	4	131	5	146	6	193	7	105	8	147	9	100	10	189	11	197	12	110	13	103	14	188	15	180	16	149	17	156	18	171	19	180	20	146	21	143	22	186	23	135	24	190	25	152	26	155	27	105	28	190	29	181	30	158	31	176	32	169	33	134	34	187	35	139	36	149	37	175	38	192	39	159	40	155	41	100	42	142	43	112	44	148	45	179	46	111	47	187	48	111	49	156	
	0	166	1	137	2	181	3	161	4	134	5	159	6	160	7	122	8	140	9	114	10	148	11	143	12	165	13	183	14	196	15	185	16	121	17	195	18	154	19	131	20	119	21	128	22	141	23	141	24	181	25	143	26	175	27	104	28	178	29	186	30	167	31	146	32	151	33	168	34	169	35	129	36	148	37	157	38	147	39	143	40	110	41	148	42	176	43	192	44	106	45	111	46	127	47	179	48	199	49	113	
	0	198	1	128	2	189	3	108	4	132	5	167	6	150	7	118	8	154	9	171	10	190	11	186	12	198	13	101	14	196	15	187	16	126	17	132	18	155	19	116	20	132	21	114	22	119	23	128	24	107	25	136	26	158	27	135	28	131	29	181	30	155	31	154	32	101	33	109	34	142	35	179	36	162	37	165	38	112	39	136	40	157	41	138	42	195	43	190	44	108	45	138	46	183	47	167	48	124	49	100	
	0	148	1	129	2	122	3	124	4	132	5	154	6	151	7	136	8	164	9	124	10	103	11	142	12	143	13	122	14	119	15	141	16	151	17	170	18	112	19	104	20	141	21	199	22	184	23	198	24	163	25	186	26	188	27	132	28	185	29	176	30	123	31	178	32	122	33	130	34	175	35	133	36	121	37	114	38	130	39	170	40	100	41	144	42	136	43	110	44	192	45	185	46	164	47	150	48	167	49	188	
	0	121	1	123	2	103	3	197	4	176	5	175	6	108	7	158	8	111	9	136	10	178	11	146	12	176	13	126	14	197	15	133	16	108	17	127	18	122	19	148	20	103	21	135	22	195	23	178	24	182	25	187	26	166	27	103	28	181	29	158	30	118	31	149	32	103	33	115	34	120	35	183	36	143	37	114	38	194	39	151	40	137	41	154	42	102	43	144	44	142	45	160	46	174	47	166	48	184	49	197	
	0	171	1	191	2	182	3	115	4	104	5	142	6	133	7	170	8	161	9	147	10	173	11	179	12	177	13	137	14	147	15	135	16	118	17	132	18	103	19	185	20	108	21	160	22	109	23	145	24	105	25	132	26	164	27	188	28	104	29	191	30	181	31	173	32	156	33	140	34	167	35	111	36	112	37	164	38	112	39	166	40	105	41	110	42	176	43	104	44	140	45	145	46	124	47	192	48	190	49	178	
	0	127	1	149	2	114	3	129	4	120	5	173	6	119	7	180	8	124	9	178	10	112	11	142	12	136	13	131	14	184	15	103	16	199	17	197	18	122	19	105	20	132	21	136	22	122	23	124	24	198	25	193	26	142	27	100	28	123	29	165	30	128	31	163	32	147	33	179	34	125	35	182	36	142	37	119	38	144	39	108	40	142	41	119	42	117	43	138	44	128	45	176	46	129	47	199	48	128	49	158	
	0	178	1	192	2	104	3	139	4	183	5	129	6	143	7	133	8	107	9	138	10	140	11	103	12	144	13	144	14	163	15	129	16	144	17	140	18	190	19	159	20	191	21	190	22	112	23	169	24	167	25	112	26	139	27	124	28	181	29	138	30	116	31	123	32	173	33	146	34	169	35	137	36	118	37	120	38	159	39	122	40	103	41	180	42	198	43	101	44	106	45	113	46	167	47	133	48	136	49	134	
	0	117	1	104	2	154	3	180	4	179	5	149	6	119	7	119	8	138	9	118	10	194	11	142	12	198	13	194	14	102	15	129	16	187	17	138	18	162	19	174	20	163	21	127	22	179	23	137	24	131	25	120	26	138	27	137	28	131	29	185	30	164	31	116	32	115	33	143	34	167	35	159	36	116	37	116	38	132	39	111	40	160	41	151	42	166	43	188	44	182	45	129	46	182	47	119	48	194	49	191	
	0	130	1	199	2	197	3	176	4	135	5	109	6	132	7	111	8	160	9	150	10	136	11	159	12	108	13	143	14	155	15	155	16	104	17	199	18	118	19	128	20	151	21	140	22	154	23	114	24	178	25	183	26	188	27	106	28	124	29	168	30	197	31	175	32	167	33	131	34	159	35	173	36	162	37	192	38	188	39	195	40	160	41	166	42	125	43	193	44	197	45	174	46	198	47	133	48	127	49	188	
	0	169	1	111	2	159	3	174	4	164	5	104	6	122	7	145	8	156	9	147	10	133	11	178	12	124	13	151	14	113	15	150	16	160	17	190	18	188	19	115	20	193	21	152	22	193	23	102	24	166	25	137	26	122	27	181	28	127	29	112	30	153	31	145	32	109	33	143	34	124	35	198	36	193	37	108	38	110	39	148	40	171	41	171	42	192	43	131	44	145	45	139	46	113	47	187	48	112	49	131	
	0	150	1	109	2	127	3	109	4	173	5	157	6	155	7	105	8	116	9	180	10	108	11	109	12	174	13	128	14	182	15	146	16	159	17	167	18	102	19	191	20	162	21	129	22	108	23	117	24	133	25	158	26	126	27	118	28	177	29	199	30	196	31	184	32	123	33	106	34	124	35	138	36	182	37	173	38	156	39	127	40	154	41	184	42	170	43	135	44	162	45	131	46	188	47	162	48	119	49	158	
	0	127	1	124	2	194	3	152	4	114	5	131	6	101	7	175	8	136	9	156	10	149	11	142	12	194	13	137	14	127	15	143	16	158	17	160	18	169	19	132	20	125	21	174	22	192	23	144	24	168	25	155	26	109	27	142	28	108	29	109	30	177	31	113	32	187	33	196	34	146	35	113	36	131	37	128	38	139	39	115	40	126	41	158	42	127	43	108	44	168	45	134	46	139	47	111	48	161	49	143	
	0	147	1	191	2	103	3	121	4	159	5	104	6	156	7	112	8	159	9	167	10	132	11	141	12	180	13	138	14	119	15	182	16	166	17	191	18	130	19	179	20	167	21	169	22	161	23	132	24	166	25	164	26	101	27	143	28	134	29	138	30	107	31	114	32	130	33	106	34	169	35	150	36	186	37	113	38	103	39	119	40	128	41	124	42	126	43	136	44	176	45	145	46	147	47	195	48	117	49	119	
	0	120	1	110	2	150	3	173	4	169	5	145	6	102	7	152	8	120	9	116	10	177	11	120	12	194	13	182	14	107	15	144	16	150	17	120	18	194	19	110	20	121	21	111	22	159	23	175	24	177	25	128	26	182	27	132	28	178	29	127	30	157	31	185	32	131	33	176	34	188	35	160	36	141	37	134	38	166	39	182	40	112	41	109	42	147	43	198	44	122	45	146	46	198	47	183	48	144	49	131	
	0	122	1	131	2	165	3	141	4	178	5	182	6	189	7	131	8	173	9	177	10	181	11	145	12	184	13	137	14	161	15	153	16	155	17	196	18	118	19	102	20	116	21	151	22	174	23	146	24	120	25	119	26	129	27	183	28	182	29	145	30	139	31	174	32	166	33	108	34	120	35	117	36	115	37	137	38	127	39	144	40	154	41	115	42	136	43	113	44	107	45	199	46	100	47	100	48	122	49	143	
	0	152	1	190	2	186	3	154	4	103	5	100	6	169	7	191	8	181	9	164	10	177	11	179	12	153	13	199	14	191	15	170	16	149	17	122	18	191	19	170	20	173	21	155	22	104	23	171	24	138	25	176	26	182	27	178	28	178	29	111	30	102	31	109	32	122	33	113	34	125	35	113	36	108	37	197	38	181	39	106	40	146	41	158	42	122	43	161	44	135	45	133	46	125	47	168	48	177	49	116	
	0	167	1	191	2	161	3	175	4	168	5	183	6	156	7	162	8	113	9	167	10	126	11	141	12	197	13	148	14	125	15	124	16	158	17	194	18	179	19	110	20	137	21	105	22	145	23	148	24	176	25	150	26	158	27	172	28	110	29	110	30	140	31	181	32	157	33	157	34	154	35	118	36	193	37	181	38	141	39	102	40	188	41	166	42	109	43	158	44	122	45	138	46	153	47	102	48	111	49	102	
	0	130	1	120	2	172	3	135	4	190	5	195	6	121	7	131	8	193	9	108	10	100	11	169	12	165	13	194	14	154	15	192	16	168	17	171	18	187	19	148	20	147	21	172	22	115	23	127	24	193	25	174	26	162	27	126	28	113	29	116	30	189	31	168	32	160	33	193	34	183	35	181	36	117	37	178	38	119	39	184	40	172	41	133	42	103	43	192	44	118	45	149	46	170	47	140	48	131	49	138	
	0	123	1	149	2	156	3	142	4	198	5	181	6	119	7	121	8	120	9	117	10	134	11	106	12	196	13	102	14	149	15	174	16	165	17	125	18	181	19	102	20	131	21	141	22	171	23	143	24	114	25	199	26	184	27	150	28	193	29	132	30	171	31	155	32	184	33	135	34	104	35	153	36	165	37	181	38	100	39	127	40	153	41	169	42	108	43	151	44	159	45	138	46	186	47	148	48	162	49	121	
	0	111	1	151	2	137	3	102	4	150	5	150	6	125	7	174	8	166	9	152	10	146	11	173	12	124	13	106	14	194	15	118	16	172	17	151	18	175	19	171	20	199	21	188	22	180	23	196	24	114	25	135	26	168	27	105	28	105	29	189	30	139	31	116	32	147	33	164	34	113	35	110	36	105	37	106	38	137	39	134	40	158	41	128	42	175	43	191	44	195	45	111	46	114	47	162	48	128	49	108	
	0	146	1	147	2	116	3	188	4	189	5	122	6	189	7	171	8	182	9	135	10	180	11	131	12	151	13	127	14	128	15	193	16	135	17	182	18	165	19	179	20	173	21	110	22	101	23	185	24	139	25	114	26	187	27	126	28	176	29	160	30	112	31	175	32	196	33	113	34	111	35	195	36	173	37	173	38	124	39	171	40	172	41	152	42	166	43	112	44	110	45	105	46	111	47	131	48	107	49	174	
	0	113	1	141	2	181	3	154	4	198	5	100	6	113	7	169	8	108	9	163	10	198	11	167	12	103	13	193	14	111	15	196	16	128	17	138	18	103	19	115	20	112	21	150	22	104	23	127	24	135	25	166	26	193	27	118	28	111	29	142	30	169	31	130	32	165	33	165	34	194	35	138	36	166	37	108	38	122	39	130	40	166	41	110	42	122	43	163	44	174	45	194	46	177	47	153	48	112	49	191	
	0	140	1	183	2	113	3	152	4	108	5	197	6	139	7	195	8	124	9	134	10	189	11	193	12	109	13	122	14	141	15	125	16	136	17	199	18	113	19	114	20	159	21	163	22	165	23	131	24	184	25	148	26	196	27	176	28	131	29	136	30	125	31	187	32	115	33	174	34	175	35	158	36	113	37	126	38	146	39	129	40	126	41	134	42	141	43	141	44	130	45	129	46	169	47	110	48	109	49	120	
	0	130	1	102	2	194	3	165	4	185	5	178	6	111	7	183	8	170	9	106	10	193	11	197	12	117	13	146	14	129	15	194	16	133	17	148	18	135	19	130	20	149	21	162	22	135	23	149	24	111	25	133	26	126	27	144	28	177	29	196	30	167	31	161	32	110	33	166	34	180	35	135	36	187	37	147	38	151	39	131	40	100	41	170	42	103	43	159	44	167	45	180	46	192	47	105	48	192	49	113	
	0	158	1	117	2	166	3	192	4	191	5	151	6	122	7	193	8	103	9	187	10	162	11	164	12	194	13	115	14	101	15	193	16	177	17	167	18	141	19	138	20	129	21	152	22	162	23	108	24	133	25	119	26	151	27	114	28	147	29	179	30	155	31	166	32	114	33	158	34	107	35	126	36	179	37	156	38	183	39	191	40	179	41	133	42	146	43	192	44	105	45	117	46	174	47	169	48	149	49	147	
	0	165	1	127	2	136	3	179	4	107	5	113	6	123	7	165	8	141	9	170	10	135	11	138	12	184	13	138	14	171	15	102	16	175	17	172	18	199	19	141	20	193	21	180	22	176	23	108	24	111	25	153	26	188	27	191	28	162	29	178	30	100	31	188	32	114	33	163	34	189	35	111	36	192	37	141	38	188	39	185	40	146	41	194	42	130	43	188	44	136	45	150	46	173	47	101	48	178	49	141	
	0	197	1	109	2	141	3	183	4	123	5	178	6	136	7	152	8	100	9	142	10	189	11	141	12	153	13	118	14	164	15	112	16	127	17	128	18	136	19	187	20	178	21	131	22	160	23	176	24	180	25	148	26	118	27	161	28	124	29	195	30	152	31	151	32	116	33	120	34	195	35	190	36	164	37	124	38	185	39	199	40	148	41	172	42	102	43	178	44	122	45	140	46	176	47	187	48	138	49	186	
	0	164	1	195	2	183	3	130	4	101	5	169	6	112	7	143	8	188	9	168	10	127	11	199	12	173	13	177	14	161	15	195	16	142	17	145	18	179	19	122	20	162	21	119	22	185	23	163	24	102	25	116	26	154	27	176	28	112	29	121	30	159	31	126	32	176	33	115	34	137	35	147	36	148	37	198	38	146	39	199	40	183	41	163	42	120	43	194	44	126	45	107	46	134	47	141	48	107	49	165	
	0	108	1	127	2	136	3	133	4	178	5	179	6	173	7	184	8	184	9	156	10	182	11	116	12	101	13	155	14	103	15	188	16	150	17	102	18	117	19	161	20	119	21	134	22	190	23	184	24	177	25	140	26	130	27	153	28	131	29	190	30	134	31	177	32	130	33	185	34	185	35	131	36	115	37	114	38	158	39	141	40	161	41	193	42	124	43	161	44	177	45	101	46	186	47	100	48	115	49	127	
	0	100	1	100	2	166	3	111	4	102	5	110	6	131	7	113	8	164	9	155	10	154	11	146	12	187	13	102	14	159	15	138	16	107	17	175	18	161	19	194	20	150	21	136	22	122	23	174	24	156	25	197	26	170	27	145	28	197	29	143	30	120	31	130	32	129	33	177	34	119	35	187	36	123	37	163	38	191	39	141	40	198	41	192	42	158	43	178	44	173	45	104	46	182	47	111	48	133	49	192	
	0	103	1	198	2	100	3	164	4	137	5	117	6	169	7	162	8	168	9	118	10	119	11	160	12	197	13	162	14	157	15	138	16	115	17	125	18	180	19	103	20	107	21	159	22	108	23	150	24	124	25	149	26	128	27	126	28	170	29	103	30	191	31	181	32	162	33	139	34	118	35	150	36	179	37	188	38	108	39	194	40	104	41	120	42	141	43	136	44	126	45	180	46	115	47	138	48	146	49	189	
	0	159	1	179	2	188	3	144	4	180	5	128	6	106	7	123	8	174	9	104	10	128	11	144	12	101	13	184	14	133	15	171	16	178	17	117	18	184	19	168	20	159	21	155	22	189	23	167	24	143	25	182	26	171	27	104	28	134	29	184	30	106	31	131	32	193	33	159	34	138	35	144	36	179	37	111	38	140	39	165	40	137	41	115	42	133	43	100	44	100	45	199	46	136	47	152	48	108	49	162	
	0	148	1	145	2	144	3	199	4	112	5	108	6	149	7	107	8	176	9	145	10	100	11	114	12	109	13	180	14	125	15	138	16	144	17	171	18	198	19	129	20	101	21	114	22	149	23	143	24	135	25	116	26	154	27	172	28	160	29	134	30	109	31	124	32	170	33	110	34	197	35	132	36	128	37	110	38	186	39	139	40	132	41	153	42	116	43	119	44	103	45	131	46	109	47	121	48	192	49	148	
	0	188	1	187	2	117	3	158	4	104	5	147	6	111	7	152	8	105	9	134	10	104	11	147	12	141	13	192	14	168	15	113	16	196	17	120	18	122	19	113	20	178	21	180	22	125	23	142	24	195	25	118	26	103	27	152	28	153	29	115	30	149	31	157	32	161	33	129	34	157	35	121	36	184	37	176	38	137	39	192	40	144	41	189	42	117	43	185	44	180	45	101	46	105	47	120	48	152	49	110	
	0	156	1	126	2	138	3	161	4	185	5	153	6	119	7	129	8	133	9	127	10	151	11	165	12	114	13	100	14	129	15	167	16	168	17	156	18	109	19	153	20	101	21	103	22	131	23	132	24	142	25	115	26	109	27	104	28	176	29	116	30	177	31	169	32	137	33	116	34	114	35	140	36	174	37	118	38	126	39	123	40	190	41	117	42	189	43	146	44	177	45	117	46	104	47	193	48	102	49	154	
	0	101	1	103	2	195	3	130	4	190	5	157	6	183	7	194	8	177	9	197	10	123	11	117	12	168	13	151	14	166	15	143	16	130	17	181	18	174	19	116	20	158	21	184	22	133	23	157	24	151	25	194	26	164	27	110	28	146	29	119	30	188	31	111	32	117	33	189	34	182	35	125	36	177	37	179	38	121	39	156	40	187	41	199	42	188	43	182	44	131	45	187	46	129	47	107	48	113	49	193	
	0	118	1	109	2	193	3	116	4	183	5	179	6	155	7	147	8	137	9	113	10	128	11	154	12	193	13	199	14	104	15	152	16	112	17	160	18	169	19	158	20	160	21	123	22	104	23	118	24	100	25	128	26	160	27	105	28	150	29	165	30	140	31	188	32	114	33	187	34	134	35	147	36	183	37	168	38	131	39	115	40	102	41	184	42	169	43	172	44	170	45	151	46	164	47	159	48	156	49	146	
	0	180	1	198	2	134	3	162	4	136	5	196	6	123	7	187	8	193	9	136	10	124	11	176	12	123	13	161	14	118	15	143	16	182	17	157	18	109	19	131	20	179	21	178	22	160	23	193	24	117	25	106	26	154	27	154	28	186	29	107	30	125	31	112	32	124	33	179	34	165	35	130	36	199	37	190	38	157	39	191	40	164	41	162	42	151	43	164	44	109	45	133	46	146	47	188	48	171	49	186	
	0	166	1	168	2	129	3	153	4	163	5	124	6	140	7	129	8	106	9	109	10	122	11	167	12	124	13	150	14	104	15	121	16	105	17	166	18	196	19	102	20	162	21	132	22	188	23	162	24	168	25	105	26	195	27	159	28	182	29	120	30	186	31	106	32	157	33	148	34	103	35	131	36	119	37	179	38	154	39	131	40	125	41	186	42	131	43	164	44	142	45	172	46	180	47	192	48	141	49	114	
	0	123	1	168	2	194	3	177	4	150	5	172	6	134	7	188	8	177	9	116	10	190	11	125	12	136	13	161	14	151	15	181	16	113	17	105	18	199	19	176	20	131	21	121	22	183	23	151	24	154	25	170	26	105	27	174	28	192	29	124	30	133	31	102	32	154	33	171	34	197	35	119	36	164	37	168	38	182	39	140	40	126	41	135	42	149	43	168	44	108	45	191	46	127	47	157	48	112	49	187	
	0	101	1	136	2	116	3	100	4	169	5	195	6	194	7	140	8	198	9	131	10	177	11	197	12	118	13	139	14	199	15	156	16	127	17	134	18	196	19	106	20	154	21	186	22	159	23	124	24	117	25	189	26	198	27	148	28	161	29	172	30	132	31	192	32	192	33	195	34	151	35	162	36	106	37	131	38	169	39	186	40	125	41	176	42	121	43	167	44	139	45	132	46	127	47	146	48	159	49	154	
	0	100	1	186	2	165	3	160	4	159	5	149	6	100	7	127	8	198	9	128	10	142	11	168	12	129	13	108	14	191	15	137	16	154	17	181	18	190	19	190	20	141	21	149	22	138	23	121	24	150	25	166	26	148	27	109	28	129	29	102	30	143	31	131	32	174	33	112	34	145	35	172	36	171	37	180	38	100	39	140	40	116	41	115	42	129	43	123	44	198	45	168	46	164	47	173	48	180	49	159	
	0	170	1	188	2	194	3	189	4	120	5	118	6	135	7	150	8	182	9	130	10	194	11	199	12	145	13	140	14	177	15	136	16	114	17	113	18	183	19	153	20	127	21	118	22	173	23	157	24	135	25	100	26	180	27	176	28	185	29	148	30	169	31	118	32	130	33	137	34	153	35	181	36	181	37	195	38	152	39	112	40	101	41	120	42	162	43	102	44	118	45	126	46	154	47	154	48	176	49	196	
	0	175	1	109	2	190	3	198	4	143	5	110	6	103	7	188	8	158	9	111	10	159	11	134	12	105	13	149	14	160	15	138	16	150	17	197	18	152	19	103	20	169	21	138	22	123	23	182	24	152	25	131	26	175	27	101	28	103	29	122	30	104	31	175	32	166	33	143	34	101	35	143	36	100	37	191	38	121	39	101	40	190	41	118	42	130	43	127	44	125	45	159	46	158	47	158	48	133	49	167	
	0	184	1	123	2	111	3	101	4	107	5	153	6	173	7	101	8	138	9	133	10	165	11	184	12	106	13	129	14	125	15	168	16	144	17	191	18	115	19	170	20	114	21	189	22	122	23	152	24	147	25	175	26	127	27	182	28	192	29	137	30	105	31	172	32	131	33	183	34	160	35	181	36	174	37	147	38	185	39	156	40	192	41	117	42	121	43	112	44	140	45	159	46	183	47	156	48	131	49	192	
	0	176	1	164	2	173	3	195	4	142	5	110	6	123	7	133	8	137	9	165	10	133	11	195	12	182	13	122	14	139	15	103	16	106	17	159	18	190	19	198	20	115	21	133	22	149	23	114	24	170	25	167	26	165	27	186	28	197	29	186	30	146	31	115	32	139	33	178	34	171	35	104	36	187	37	135	38	117	39	150	40	174	41	187	42	197	43	149	44	122	45	145	46	105	47	126	48	100	49	117	
	0	138	1	181	2	180	3	171	4	188	5	112	6	152	7	115	8	102	9	135	10	123	11	110	12	152	13	116	14	185	15	122	16	115	17	171	18	145	19	184	20	132	21	190	22	118	23	110	24	169	25	194	26	199	27	185	28	189	29	189	30	122	31	101	32	139	33	137	34	132	35	148	36	199	37	135	38	103	39	165	40	141	41	169	42	152	43	105	44	131	45	114	46	116	47	153	48	137	49	180	
	0	199	1	184	2	152	3	177	4	181	5	185	6	176	7	186	8	138	9	144	10	167	11	188	12	160	13	129	14	124	15	173	16	134	17	157	18	189	19	111	20	115	21	125	22	174	23	129	24	138	25	163	26	157	27	155	28	110	29	140	30	110	31	119	32	111	33	152	34	100	35	186	36	184	37	164	38	187	39	194	40	118	41	145	42	123	43	171	44	142	45	162	46	154	47	129	48	167	49	168	
	0	113	1	111	2	169	3	148	4	135	5	150	6	142	7	167	8	148	9	125	10	194	11	181	12	110	13	197	14	114	15	135	16	162	17	146	18	181	19	162	20	121	21	101	22	188	23	186	24	113	25	122	26	132	27	153	28	124	29	145	30	143	31	133	32	101	33	156	34	119	35	184	36	119	37	160	38	127	39	133	40	166	41	133	42	160	43	174	44	151	45	129	46	199	47	190	48	112	49	197	
	0	186	1	169	2	190	3	127	4	176	5	199	6	165	7	128	8	127	9	112	10	194	11	169	12	161	13	155	14	167	15	198	16	163	17	199	18	163	19	179	20	159	21	171	22	160	23	167	24	168	25	169	26	123	27	163	28	112	29	168	30	124	31	155	32	110	33	120	34	135	35	196	36	161	37	181	38	166	39	158	40	122	41	125	42	137	43	110	44	170	45	127	46	164	47	101	48	148	49	151	
	0	129	1	163	2	162	3	190	4	118	5	170	6	110	7	176	8	154	9	112	10	122	11	138	12	160	13	128	14	185	15	103	16	195	17	137	18	192	19	155	20	126	21	184	22	181	23	143	24	108	25	163	26	134	27	176	28	124	29	120	30	134	31	145	32	145	33	157	34	142	35	121	36	128	37	159	38	159	39	117	40	147	41	142	42	144	43	120	44	185	45	147	46	115	47	182	48	183	49	105	
	0	193	1	158	2	124	3	190	4	164	5	109	6	140	7	153	8	128	9	159	10	136	11	128	12	169	13	182	14	181	15	116	16	193	17	141	18	134	19	147	20	110	21	114	22	182	23	119	24	119	25	157	26	195	27	149	28	100	29	169	30	190	31	112	32	155	33	114	34	135	35	131	36	111	37	121	38	108	39	195	40	157	41	147	42	101	43	121	44	134	45	144	46	128	47	165	48	176	49	181	
	0	184	1	103	2	186	3	190	4	172	5	139	6	127	7	146	8	190	9	162	10	145	11	148	12	189	13	167	14	195	15	186	16	100	17	100	18	142	19	165	20	176	21	109	22	112	23	133	24	110	25	135	26	151	27	125	28	155	29	115	30	102	31	143	32	174	33	190	34	177	35	148	36	120	37	136	38	179	39	102	40	110	41	158	42	128	43	191	44	126	45	169	46	173	47	151	48	115	49	173	
	0	114	1	103	2	105	3	123	4	170	5	188	6	166	7	134	8	158	9	144	10	152	11	161	12	116	13	183	14	139	15	166	16	126	17	162	18	118	19	132	20	108	21	197	22	154	23	100	24	179	25	190	26	104	27	126	28	188	29	120	30	100	31	146	32	177	33	166	34	194	35	113	36	159	37	145	38	129	39	177	40	150	41	188	42	111	43	190	44	134	45	126	46	177	47	121	48	154	49	139	
	0	163	1	187	2	186	3	112	4	116	5	105	6	101	7	182	8	112	9	158	10	185	11	117	12	127	13	159	14	157	15	158	16	132	17	192	18	111	19	128	20	178	21	141	22	119	23	131	24	107	25	131	26	199	27	163	28	138	29	181	30	107	31	115	32	167	33	103	34	188	35	123	36	111	37	157	38	194	39	133	40	136	41	194	42	140	43	112	44	188	45	115	46	177	47	170	48	182	49	123	
	0	161	1	156	2	179	3	114	4	145	5	144	6	144	7	106	8	124	9	123	10	192	11	150	12	171	13	101	14	164	15	142	16	179	17	101	18	110	19	176	20	134	21	156	22	176	23	137	24	144	25	154	26	183	27	111	28	105	29	148	30	193	31	147	32	162	33	137	34	126	35	172	36	108	37	178	38	103	39	118	40	160	41	194	42	141	43	114	44	144	45	111	46	133	47	135	48	107	49	107	
	0	170	1	154	2	162	3	111	4	191	5	127	6	130	7	170	8	124	9	147	10	146	11	175	12	163	13	178	14	185	15	164	16	177	17	150	18	105	19	123	20	135	21	148	22	101	23	175	24	190	25	167	26	160	27	120	28	163	29	150	30	115	31	176	32	116	33	134	34	160	35	178	36	141	37	136	38	146	39	109	40	114	41	183	42	106	43	143	44	103	45	158	46	119	47	165	48	130	49	106	
	0	146	1	162	2	116	3	190	4	161	5	138	6	199	7	186	8	154	9	168	10	112	11	112	12	148	13	105	14	178	15	101	16	146	17	194	18	123	19	197	20	111	21	194	22	127	23	162	24	107	25	120	26	154	27	143	28	128	29	115	30	138	31	134	32	101	33	155	34	115	35	198	36	144	37	172	38	132	39	103	40	171	41	103	42	144	43	128	44	102	45	198	46	129	47	183	48	103	49	197	
	0	100	1	113	2	186	3	183	4	101	5	154	6	108	7	174	8	182	9	123	10	152	11	182	12	105	13	119	14	125	15	129	16	135	17	199	18	131	19	169	20	109	21	170	22	173	23	193	24	193	25	158	26	144	27	101	28	161	29	104	30	131	31	156	32	108	33	105	34	103	35	172	36	178	37	149	38	193	39	105	40	151	41	104	42	106	43	143	44	135	45	184	46	138	47	182	48	157	49	146	
	0	110	1	196	2	190	3	138	4	141	5	106	6	190	7	158	8	139	9	181	10	182	11	192	12	186	13	124	14	124	15	143	16	125	17	122	18	168	19	123	20	114	21	101	22	108	23	109	24	139	25	158	26	144	27	179	28	176	29	157	30	128	31	126	32	173	33	138	34	171	35	181	36	140	37	150	38	132	39	197	40	103	41	168	42	104	43	146	44	128	45	171	46	164	47	173	48	173	49	124	
	0	100	1	118	2	191	3	122	4	105	5	186	6	174	7	154	8	100	9	118	10	104	11	122	12	117	13	199	14	163	15	138	16	199	17	157	18	193	19	105	20	133	21	110	22	183	23	130	24	122	25	119	26	126	27	135	28	118	29	198	30	110	31	183	32	198	33	172	34	120	35	172	36	131	37	188	38	168	39	176	40	154	41	162	42	192	43	125	44	163	45	105	46	177	47	177	48	164	49	146	