200 20 1
20
	0	157	1	115	2	133	3	124	4	127	5	153	6	180	7	153	8	153	9	159	10	171	11	178	12	146	13	123	14	161	15	165	16	194	17	196	18	179	19	116	
	0	101	1	128	2	184	3	104	4	105	5	160	6	177	7	179	8	162	9	152	10	130	11	129	12	146	13	187	14	197	15	187	16	146	17	108	18	159	19	131	
	0	110	1	183	2	101	3	120	4	157	5	161	6	104	7	173	8	146	9	118	10	185	11	108	12	119	13	105	14	189	15	125	16	167	17	195	18	140	19	126	
	0	151	1	130	2	197	3	105	4	165	5	193	6	166	7	156	8	129	9	197	10	190	11	150	12	169	13	170	14	110	15	124	16	185	17	112	18	136	19	197	
	0	112	1	121	2	127	3	171	4	123	5	131	6	123	7	108	8	192	9	108	10	160	11	100	12	111	13	166	14	111	15	186	16	160	17	102	18	129	19	195	
	0	104	1	152	2	121	3	180	4	134	5	132	6	157	7	162	8	118	9	109	10	101	11	139	12	118	13	140	14	160	15	117	16	129	17	137	18	143	19	188	
	0	182	1	193	2	164	3	107	4	121	5	175	6	156	7	111	8	133	9	140	10	141	11	182	12	194	13	138	14	124	15	143	16	185	17	190	18	187	19	167	
	0	119	1	154	2	139	3	116	4	155	5	106	6	100	7	199	8	197	9	104	10	178	11	195	12	140	13	155	14	184	15	174	16	182	17	133	18	184	19	169	
	0	187	1	104	2	151	3	199	4	172	5	155	6	167	7	107	8	159	9	126	10	107	11	110	12	133	13	163	14	137	15	116	16	123	17	125	18	184	19	124	
	0	146	1	147	2	178	3	199	4	118	5	199	6	161	7	170	8	181	9	189	10	182	11	124	12	158	13	166	14	194	15	169	16	161	17	194	18	173	19	134	
	0	110	1	194	2	101	3	147	4	179	5	144	6	161	7	107	8	186	9	168	10	159	11	104	12	192	13	179	14	140	15	194	16	120	17	163	18	182	19	170	
	0	196	1	167	2	156	3	103	4	150	5	195	6	122	7	133	8	150	9	119	10	188	11	170	12	160	13	100	14	178	15	174	16	170	17	183	18	118	19	168	
	0	105	1	195	2	114	3	192	4	153	5	155	6	132	7	120	8	154	9	125	10	184	11	146	12	117	13	102	14	185	15	171	16	144	17	141	18	172	19	138	
	0	147	1	168	2	186	3	188	4	128	5	169	6	193	7	156	8	190	9	179	10	179	11	101	12	106	13	198	14	164	15	151	16	115	17	180	18	165	19	131	
	0	156	1	103	2	178	3	114	4	148	5	115	6	124	7	153	8	198	9	157	10	191	11	100	12	163	13	106	14	168	15	136	16	126	17	166	18	135	19	196	
	0	130	1	130	2	146	3	124	4	171	5	189	6	109	7	153	8	127	9	182	10	141	11	125	12	119	13	171	14	108	15	118	16	135	17	169	18	138	19	138	
	0	158	1	196	2	164	3	103	4	183	5	123	6	151	7	126	8	102	9	134	10	155	11	130	12	144	13	104	14	189	15	153	16	151	17	139	18	154	19	130	
	0	156	1	168	2	195	3	151	4	174	5	131	6	171	7	147	8	148	9	176	10	184	11	105	12	183	13	100	14	198	15	191	16	199	17	167	18	169	19	186	
	0	100	1	124	2	178	3	151	4	101	5	130	6	197	7	154	8	122	9	174	10	194	11	127	12	163	13	110	14	146	15	109	16	185	17	101	18	106	19	152	
	0	119	1	110	2	164	3	101	4	169	5	199	6	157	7	109	8	198	9	125	10	199	11	143	12	161	13	130	14	163	15	193	16	128	17	116	18	126	19	189	
	0	156	1	157	2	126	3	131	4	144	5	165	6	108	7	179	8	156	9	139	10	182	11	150	12	177	13	192	14	147	15	113	16	128	17	167	18	118	19	104	
	0	153	1	194	2	141	3	134	4	124	5	138	6	114	7	182	8	179	9	181	10	104	11	128	12	161	13	148	14	121	15	142	16	150	17	161	18	107	19	104	
	0	143	1	107	2	118	3	116	4	130	5	185	6	141	7	130	8	177	9	150	10	141	11	197	12	184	13	193	14	198	15	135	16	164	17	170	18	180	19	174	
	0	138	1	125	2	175	3	156	4	186	5	143	6	107	7	169	8	162	9	185	10	109	11	142	12	174	13	108	14	170	15	126	16	146	17	139	18	186	19	152	
	0	146	1	150	2	144	3	134	4	194	5	175	6	136	7	117	8	103	9	117	10	180	11	191	12	191	13	113	14	163	15	108	16	193	17	122	18	125	19	179	
	0	188	1	125	2	140	3	123	4	178	5	161	6	103	7	176	8	132	9	106	10	114	11	198	12	109	13	181	14	193	15	157	16	196	17	116	18	158	19	186	
	0	164	1	118	2	114	3	199	4	180	5	189	6	108	7	131	8	176	9	154	10	155	11	196	12	187	13	175	14	193	15	172	16	122	17	120	18	160	19	106	
	0	129	1	123	2	116	3	190	4	113	5	185	6	116	7	134	8	126	9	167	10	143	11	180	12	140	13	107	14	179	15	182	16	102	17	196	18	189	19	180	
	0	146	1	145	2	199	3	180	4	144	5	172	6	108	7	152	8	165	9	148	10	190	11	153	12	176	13	189	14	178	15	110	16	142	17	116	18	156	19	183	
	0	159	1	128	2	125	3	168	4	149	5	103	6	135	7	170	8	196	9	103	10	168	11	152	12	139	13	196	14	191	15	196	16	131	17	170	18	185	19	152	
	0	161	1	105	2	112	3	108	4	199	5	169	6	170	7	163	8	124	9	133	10	153	11	154	12	140	13	128	14	170	15	190	16	173	17	162	18	188	19	133	
	0	111	1	117	2	147	3	139	4	115	5	107	6	119	7	155	8	175	9	197	10	135	11	165	12	118	13	194	14	142	15	192	16	139	17	143	18	114	19	184	
	0	123	1	103	2	100	3	190	4	173	5	146	6	175	7	157	8	170	9	168	10	152	11	114	12	159	13	103	14	184	15	168	16	123	17	138	18	154	19	113	
	0	149	1	168	2	160	3	193	4	134	5	117	6	193	7	155	8	135	9	186	10	156	11	127	12	188	13	148	14	128	15	196	16	197	17	167	18	105	19	103	
	0	166	1	156	2	175	3	173	4	119	5	100	6	137	7	129	8	101	9	158	10	112	11	170	12	125	13	112	14	171	15	148	16	166	17	177	18	100	19	183	
	0	193	1	194	2	197	3	158	4	157	5	151	6	125	7	150	8	149	9	135	10	130	11	162	12	184	13	112	14	128	15	179	16	112	17	133	18	135	19	176	
	0	195	1	121	2	130	3	143	4	154	5	196	6	115	7	196	8	139	9	154	10	124	11	120	12	178	13	124	14	149	15	150	16	152	17	140	18	128	19	174	
	0	149	1	149	2	139	3	195	4	141	5	175	6	163	7	115	8	165	9	129	10	138	11	110	12	124	13	116	14	191	15	135	16	165	17	117	18	178	19	175	
	0	124	1	180	2	160	3	116	4	173	5	148	6	152	7	147	8	108	9	131	10	100	11	131	12	108	13	102	14	119	15	105	16	127	17	177	18	117	19	125	
	0	184	1	125	2	186	3	147	4	184	5	144	6	139	7	171	8	161	9	123	10	166	11	162	12	117	13	171	14	153	15	121	16	175	17	121	18	142	19	149	
	0	189	1	123	2	134	3	138	4	151	5	161	6	128	7	114	8	187	9	102	10	189	11	117	12	119	13	129	14	179	15	118	16	191	17	119	18	199	19	149	
	0	168	1	165	2	120	3	121	4	194	5	123	6	138	7	126	8	156	9	148	10	147	11	119	12	112	13	186	14	181	15	110	16	121	17	191	18	189	19	132	
	0	194	1	150	2	156	3	180	4	166	5	183	6	173	7	100	8	177	9	102	10	158	11	183	12	119	13	143	14	177	15	188	16	195	17	112	18	103	19	179	
	0	100	1	128	2	143	3	154	4	179	5	183	6	170	7	119	8	108	9	163	10	158	11	180	12	115	13	193	14	137	15	141	16	175	17	166	18	112	19	117	
	0	139	1	110	2	177	3	128	4	129	5	106	6	179	7	106	8	156	9	198	10	133	11	165	12	166	13	150	14	170	15	182	16	196	17	122	18	136	19	133	
	0	134	1	165	2	166	3	118	4	194	5	131	6	176	7	172	8	199	9	100	10	119	11	145	12	144	13	193	14	155	15	145	16	124	17	162	18	111	19	132	
	0	106	1	101	2	111	3	151	4	122	5	145	6	107	7	163	8	173	9	167	10	155	11	117	12	119	13	111	14	127	15	157	16	199	17	137	18	166	19	126	
	0	189	1	157	2	192	3	124	4	175	5	157	6	177	7	133	8	101	9	130	10	168	11	186	12	112	13	117	14	161	15	189	16	170	17	114	18	184	19	133	
	0	176	1	126	2	132	3	110	4	144	5	163	6	107	7	199	8	146	9	105	10	166	11	146	12	119	13	115	14	193	15	129	16	106	17	136	18	154	19	176	
	0	144	1	166	2	164	3	196	4	154	5	155	6	192	7	156	8	108	9	104	10	167	11	191	12	112	13	127	14	182	15	180	16	129	17	185	18	179	19	190	
	0	196	1	140	2	185	3	140	4	146	5	147	6	140	7	186	8	136	9	124	10	106	11	198	12	156	13	135	14	114	15	121	16	180	17	177	18	144	19	182	
	0	165	1	152	2	149	3	122	4	105	5	138	6	137	7	143	8	198	9	158	10	135	11	111	12	115	13	142	14	122	15	120	16	170	17	191	18	151	19	161	
	0	134	1	147	2	142	3	160	4	185	5	125	6	197	7	119	8	154	9	196	10	167	11	178	12	116	13	137	14	127	15	138	16	160	17	176	18	186	19	160	
	0	118	1	101	2	175	3	141	4	117	5	131	6	134	7	171	8	110	9	135	10	191	11	190	12	118	13	103	14	169	15	149	16	133	17	143	18	111	19	188	
	0	172	1	132	2	119	3	133	4	102	5	144	6	199	7	127	8	127	9	103	10	137	11	150	12	134	13	139	14	159	15	190	16	121	17	140	18	123	19	144	
	0	183	1	166	2	172	3	131	4	102	5	135	6	156	7	193	8	158	9	138	10	146	11	173	12	131	13	186	14	144	15	133	16	159	17	141	18	130	19	128	
	0	192	1	108	2	104	3	125	4	169	5	196	6	187	7	156	8	175	9	115	10	196	11	143	12	120	13	177	14	182	15	154	16	148	17	118	18	126	19	112	
	0	129	1	101	2	164	3	129	4	117	5	140	6	157	7	136	8	182	9	163	10	124	11	134	12	114	13	195	14	198	15	166	16	160	17	151	18	143	19	128	
	0	115	1	101	2	162	3	165	4	158	5	147	6	113	7	156	8	198	9	102	10	111	11	111	12	117	13	157	14	123	15	194	16	132	17	167	18	170	19	181	
	0	196	1	110	2	168	3	145	4	105	5	132	6	164	7	132	8	179	9	172	10	154	11	130	12	130	13	143	14	111	15	149	16	173	17	197	18	129	19	169	
	0	143	1	138	2	172	3	193	4	131	5	161	6	124	7	186	8	159	9	148	10	132	11	133	12	121	13	159	14	132	15	153	16	193	17	120	18	172	19	139	
	0	125	1	196	2	138	3	118	4	106	5	151	6	191	7	115	8	165	9	178	10	189	11	181	12	108	13	122	14	124	15	174	16	191	17	114	18	159	19	150	
	0	198	1	129	2	142	3	126	4	152	5	130	6	131	7	141	8	186	9	121	10	122	11	167	12	163	13	111	14	146	15	187	16	101	17	150	18	197	19	131	
	0	145	1	163	2	131	3	163	4	115	5	138	6	164	7	119	8	165	9	111	10	112	11	126	12	158	13	168	14	133	15	147	16	114	17	170	18	160	19	159	
	0	157	1	104	2	136	3	121	4	169	5	152	6	193	7	118	8	162	9	185	10	129	11	154	12	154	13	179	14	141	15	145	16	197	17	149	18	163	19	167	
	0	112	1	117	2	123	3	181	4	101	5	159	6	184	7	104	8	190	9	140	10	137	11	153	12	144	13	110	14	181	15	196	16	131	17	136	18	144	19	131	
	0	153	1	106	2	144	3	147	4	131	5	159	6	185	7	165	8	195	9	197	10	125	11	190	12	160	13	180	14	112	15	196	16	157	17	144	18	151	19	194	
	0	126	1	123	2	156	3	132	4	117	5	165	6	110	7	120	8	116	9	142	10	147	11	178	12	114	13	171	14	137	15	130	16	137	17	171	18	185	19	103	
	0	128	1	137	2	179	3	148	4	103	5	158	6	198	7	168	8	136	9	141	10	175	11	148	12	112	13	188	14	154	15	188	16	103	17	178	18	193	19	174	
	0	168	1	158	2	139	3	150	4	177	5	167	6	116	7	163	8	160	9	150	10	154	11	197	12	160	13	145	14	152	15	154	16	135	17	198	18	187	19	182	
	0	164	1	192	2	107	3	194	4	132	5	118	6	159	7	192	8	186	9	138	10	178	11	173	12	197	13	178	14	174	15	129	16	127	17	157	18	150	19	147	
	0	115	1	192	2	120	3	129	4	111	5	169	6	153	7	191	8	149	9	122	10	165	11	133	12	100	13	139	14	160	15	116	16	143	17	186	18	120	19	161	
	0	110	1	127	2	116	3	177	4	185	5	163	6	124	7	185	8	199	9	147	10	114	11	153	12	111	13	178	14	115	15	164	16	189	17	121	18	185	19	167	
	0	168	1	119	2	194	3	180	4	196	5	100	6	181	7	159	8	181	9	115	10	171	11	191	12	164	13	159	14	131	15	126	16	132	17	172	18	147	19	130	
	0	136	1	163	2	117	3	102	4	132	5	112	6	195	7	154	8	199	9	141	10	100	11	147	12	109	13	180	14	164	15	130	16	145	17	110	18	150	19	170	
	0	174	1	130	2	164	3	106	4	154	5	168	6	119	7	185	8	180	9	119	10	122	11	118	12	184	13	163	14	158	15	128	16	185	17	145	18	144	19	123	
	0	176	1	145	2	199	3	158	4	112	5	157	6	164	7	180	8	133	9	144	10	100	11	129	12	161	13	134	14	101	15	182	16	182	17	172	18	166	19	129	
	0	167	1	132	2	157	3	196	4	138	5	110	6	122	7	177	8	143	9	158	10	190	11	143	12	111	13	137	14	125	15	108	16	144	17	115	18	198	19	130	
	0	126	1	160	2	106	3	129	4	103	5	128	6	177	7	190	8	143	9	194	10	141	11	182	12	113	13	152	14	111	15	107	16	127	17	172	18	168	19	132	
	0	114	1	190	2	197	3	137	4	186	5	109	6	143	7	109	8	106	9	190	10	158	11	175	12	131	13	109	14	153	15	133	16	191	17	115	18	159	19	195	
	0	125	1	197	2	146	3	145	4	132	5	162	6	154	7	196	8	153	9	180	10	140	11	102	12	174	13	157	14	152	15	114	16	196	17	166	18	164	19	110	
	0	174	1	149	2	164	3	177	4	196	5	195	6	120	7	133	8	115	9	152	10	149	11	197	12	100	13	139	14	160	15	125	16	134	17	131	18	164	19	154	
	0	126	1	132	2	123	3	118	4	198	5	141	6	113	7	178	8	154	9	170	10	109	11	190	12	195	13	117	14	108	15	110	16	153	17	121	18	147	19	149	
	0	113	1	155	2	189	3	168	4	100	5	143	6	184	7	162	8	147	9	131	10	134	11	179	12	140	13	131	14	132	15	172	16	170	17	143	18	122	19	184	
	0	150	1	174	2	116	3	157	4	170	5	141	6	194	7	159	8	122	9	149	10	163	11	162	12	197	13	135	14	153	15	119	16	130	17	168	18	161	19	108	
	0	137	1	109	2	160	3	121	4	149	5	129	6	128	7	168	8	139	9	178	10	120	11	162	12	125	13	166	14	144	15	123	16	126	17	182	18	153	19	155	
	0	172	1	162	2	148	3	191	4	148	5	128	6	123	7	148	8	180	9	112	10	171	11	184	12	122	13	189	14	175	15	189	16	188	17	166	18	134	19	179	
	0	145	1	119	2	127	3	174	4	188	5	159	6	154	7	109	8	189	9	131	10	151	11	132	12	149	13	148	14	152	15	120	16	186	17	103	18	168	19	169	
	0	172	1	118	2	155	3	113	4	118	5	184	6	193	7	107	8	190	9	102	10	178	11	187	12	164	13	145	14	131	15	161	16	122	17	187	18	149	19	138	
	0	145	1	165	2	162	3	148	4	159	5	171	6	161	7	197	8	122	9	156	10	196	11	159	12	145	13	194	14	181	15	171	16	174	17	178	18	174	19	159	
	0	101	1	141	2	121	3	111	4	191	5	186	6	132	7	162	8	135	9	199	10	138	11	171	12	194	13	176	14	148	15	164	16	149	17	123	18	167	19	195	
	0	122	1	142	2	195	3	185	4	191	5	156	6	163	7	154	8	154	9	122	10	108	11	152	12	142	13	103	14	166	15	152	16	119	17	102	18	194	19	123	
	0	107	1	160	2	111	3	162	4	157	5	178	6	135	7	192	8	115	9	168	10	105	11	141	12	199	13	154	14	177	15	121	16	106	17	124	18	139	19	139	
	0	150	1	157	2	118	3	112	4	166	5	100	6	122	7	112	8	148	9	190	10	125	11	178	12	139	13	144	14	139	15	109	16	106	17	158	18	168	19	144	
	0	106	1	198	2	143	3	112	4	100	5	163	6	198	7	125	8	167	9	149	10	153	11	189	12	177	13	190	14	139	15	141	16	104	17	144	18	124	19	122	
	0	177	1	105	2	133	3	116	4	121	5	148	6	123	7	191	8	113	9	130	10	103	11	159	12	140	13	101	14	158	15	142	16	127	17	122	18	109	19	138	
	0	168	1	125	2	136	3	197	4	136	5	198	6	105	7	119	8	120	9	155	10	160	11	146	12	147	13	168	14	169	15	181	16	175	17	177	18	190	19	125	
	0	161	1	150	2	164	3	134	4	186	5	129	6	169	7	153	8	169	9	182	10	128	11	103	12	159	13	155	14	100	15	197	16	178	17	144	18	118	19	168	
	0	158	1	173	2	135	3	125	4	102	5	179	6	175	7	105	8	184	9	165	10	109	11	174	12	135	13	143	14	107	15	117	16	137	17	186	18	156	19	196	
	0	141	1	172	2	157	3	150	4	179	5	135	6	178	7	103	8	133	9	125	10	128	11	138	12	130	13	154	14	144	15	137	16	157	17	125	18	181	19	115	
	0	132	1	170	2	131	3	182	4	122	5	105	6	148	7	116	8	112	9	165	10	196	11	104	12	104	13	171	14	170	15	149	16	116	17	106	18	165	19	114	
	0	122	1	156	2	137	3	178	4	153	5	114	6	168	7	193	8	185	9	187	10	157	11	128	12	147	13	195	14	144	15	193	16	180	17	151	18	178	19	170	
	0	103	1	132	2	125	3	124	4	198	5	180	6	177	7	141	8	122	9	162	10	130	11	187	12	108	13	150	14	122	15	136	16	189	17	130	18	174	19	162	
	0	101	1	100	2	105	3	128	4	145	5	127	6	133	7	112	8	174	9	134	10	163	11	177	12	142	13	104	14	113	15	148	16	166	17	158	18	127	19	122	
	0	109	1	172	2	160	3	140	4	165	5	163	6	127	7	160	8	172	9	160	10	166	11	162	12	134	13	108	14	178	15	115	16	122	17	176	18	173	19	130	
	0	191	1	141	2	177	3	199	4	110	5	197	6	138	7	124	8	145	9	158	10	148	11	168	12	186	13	192	14	179	15	131	16	190	17	181	18	128	19	106	
	0	133	1	145	2	169	3	104	4	176	5	169	6	160	7	149	8	111	9	112	10	120	11	167	12	157	13	125	14	106	15	109	16	125	17	148	18	188	19	125	
	0	123	1	100	2	132	3	198	4	184	5	186	6	104	7	144	8	138	9	167	10	161	11	145	12	176	13	173	14	146	15	136	16	179	17	148	18	187	19	113	
	0	167	1	153	2	147	3	167	4	185	5	113	6	108	7	122	8	173	9	195	10	138	11	186	12	179	13	171	14	103	15	146	16	130	17	178	18	114	19	157	
	0	191	1	123	2	170	3	118	4	197	5	165	6	198	7	134	8	186	9	140	10	191	11	120	12	142	13	166	14	114	15	199	16	130	17	102	18	120	19	128	
	0	109	1	171	2	104	3	107	4	158	5	167	6	173	7	158	8	154	9	112	10	178	11	140	12	150	13	173	14	190	15	141	16	101	17	175	18	112	19	167	
	0	142	1	142	2	112	3	190	4	172	5	143	6	172	7	130	8	129	9	115	10	186	11	181	12	105	13	137	14	163	15	176	16	196	17	125	18	142	19	198	
	0	184	1	121	2	163	3	152	4	178	5	174	6	179	7	157	8	110	9	180	10	124	11	138	12	154	13	125	14	145	15	163	16	101	17	167	18	185	19	140	
	0	190	1	113	2	190	3	162	4	117	5	143	6	190	7	142	8	184	9	185	10	125	11	144	12	134	13	163	14	189	15	134	16	145	17	106	18	131	19	152	
	0	126	1	169	2	139	3	148	4	119	5	123	6	108	7	194	8	177	9	196	10	117	11	118	12	156	13	115	14	176	15	107	16	157	17	139	18	190	19	176	
	0	115	1	178	2	188	3	118	4	185	5	123	6	189	7	161	8	128	9	144	10	104	11	100	12	184	13	104	14	164	15	159	16	121	17	172	18	144	19	184	
	0	189	1	117	2	125	3	199	4	101	5	166	6	160	7	131	8	177	9	191	10	126	11	186	12	181	13	137	14	197	15	181	16	106	17	186	18	114	19	165	
	0	178	1	121	2	176	3	130	4	152	5	183	6	104	7	105	8	172	9	117	10	128	11	173	12	199	13	142	14	133	15	119	16	166	17	165	18	122	19	184	
	0	150	1	109	2	190	3	193	4	169	5	141	6	126	7	193	8	104	9	102	10	109	11	142	12	120	13	132	14	160	15	173	16	178	17	120	18	162	19	162	
	0	179	1	145	2	133	3	101	4	153	5	171	6	168	7	174	8	194	9	141	10	166	11	104	12	179	13	131	14	139	15	132	16	112	17	195	18	193	19	154	
	0	179	1	145	2	129	3	116	4	194	5	190	6	148	7	131	8	182	9	145	10	147	11	168	12	126	13	133	14	191	15	108	16	158	17	132	18	154	19	109	
	0	155	1	150	2	175	3	148	4	196	5	123	6	100	7	119	8	185	9	158	10	183	11	195	12	159	13	113	14	114	15	192	16	107	17	114	18	116	19	170	
	0	109	1	145	2	114	3	149	4	103	5	137	6	143	7	197	8	146	9	105	10	136	11	127	12	117	13	103	14	107	15	119	16	133	17	167	18	106	19	174	
	0	106	1	139	2	176	3	106	4	132	5	104	6	125	7	105	8	136	9	157	10	156	11	139	12	138	13	139	14	127	15	100	16	108	17	180	18	119	19	161	
	0	174	1	110	2	113	3	100	4	106	5	172	6	100	7	175	8	142	9	181	10	148	11	122	12	164	13	149	14	136	15	173	16	110	17	148	18	165	19	124	
	0	145	1	146	2	172	3	170	4	144	5	165	6	175	7	101	8	106	9	138	10	139	11	104	12	164	13	179	14	189	15	161	16	112	17	134	18	119	19	118	
	0	187	1	188	2	106	3	146	4	142	5	113	6	167	7	136	8	194	9	167	10	127	11	103	12	145	13	186	14	152	15	139	16	157	17	198	18	157	19	129	
	0	156	1	132	2	141	3	182	4	182	5	168	6	193	7	117	8	139	9	133	10	109	11	197	12	129	13	123	14	197	15	126	16	186	17	106	18	129	19	173	
	0	110	1	127	2	134	3	112	4	129	5	132	6	104	7	177	8	196	9	173	10	113	11	163	12	191	13	106	14	180	15	134	16	127	17	165	18	152	19	172	
	0	197	1	128	2	124	3	124	4	127	5	144	6	152	7	119	8	161	9	125	10	126	11	130	12	116	13	138	14	126	15	147	16	189	17	185	18	115	19	121	
	0	134	1	148	2	188	3	107	4	123	5	119	6	156	7	186	8	102	9	154	10	111	11	106	12	128	13	128	14	161	15	122	16	152	17	146	18	104	19	128	
	0	147	1	157	2	193	3	109	4	163	5	122	6	124	7	198	8	160	9	145	10	131	11	127	12	173	13	170	14	178	15	110	16	139	17	116	18	132	19	196	
	0	182	1	139	2	129	3	160	4	100	5	144	6	108	7	153	8	106	9	129	10	168	11	117	12	123	13	119	14	120	15	180	16	123	17	193	18	119	19	151	
	0	199	1	195	2	198	3	131	4	151	5	171	6	113	7	174	8	132	9	120	10	150	11	177	12	124	13	104	14	182	15	149	16	119	17	173	18	172	19	175	
	0	197	1	192	2	128	3	106	4	162	5	195	6	101	7	151	8	149	9	122	10	196	11	109	12	146	13	175	14	137	15	149	16	154	17	130	18	184	19	109	
	0	134	1	156	2	148	3	144	4	133	5	138	6	151	7	153	8	135	9	174	10	163	11	189	12	175	13	113	14	153	15	132	16	131	17	104	18	193	19	132	
	0	115	1	165	2	122	3	129	4	112	5	122	6	128	7	196	8	180	9	169	10	136	11	131	12	196	13	179	14	191	15	107	16	150	17	107	18	195	19	196	
	0	120	1	160	2	176	3	183	4	177	5	107	6	179	7	110	8	119	9	158	10	105	11	125	12	115	13	181	14	146	15	141	16	146	17	172	18	111	19	137	
	0	128	1	187	2	163	3	118	4	167	5	102	6	180	7	128	8	105	9	176	10	183	11	179	12	151	13	126	14	138	15	148	16	192	17	166	18	128	19	176	
	0	134	1	155	2	155	3	139	4	188	5	180	6	183	7	131	8	135	9	120	10	122	11	104	12	107	13	108	14	188	15	180	16	191	17	172	18	129	19	176	
	0	164	1	134	2	146	3	157	4	164	5	157	6	115	7	153	8	199	9	194	10	186	11	143	12	147	13	144	14	160	15	170	16	130	17	117	18	121	19	154	
	0	145	1	170	2	133	3	197	4	127	5	112	6	116	7	164	8	151	9	194	10	147	11	102	12	142	13	175	14	137	15	187	16	183	17	164	18	157	19	182	
	0	118	1	159	2	165	3	162	4	172	5	159	6	164	7	190	8	165	9	176	10	169	11	155	12	170	13	136	14	120	15	151	16	141	17	111	18	182	19	131	
	0	108	1	100	2	102	3	156	4	195	5	168	6	127	7	143	8	107	9	152	10	129	11	131	12	165	13	193	14	176	15	169	16	106	17	156	18	103	19	122	
	0	133	1	129	2	170	3	129	4	178	5	159	6	147	7	139	8	142	9	177	10	187	11	163	12	194	13	173	14	149	15	116	16	152	17	154	18	196	19	179	
	0	181	1	169	2	131	3	176	4	108	5	108	6	131	7	124	8	132	9	102	10	104	11	175	12	190	13	116	14	108	15	192	16	142	17	157	18	125	19	193	
	0	177	1	110	2	154	3	106	4	100	5	121	6	166	7	175	8	155	9	155	10	153	11	150	12	113	13	170	14	123	15	100	16	159	17	168	18	123	19	188	
	0	184	1	198	2	189	3	197	4	125	5	117	6	176	7	180	8	130	9	174	10	180	11	101	12	198	13	162	14	143	15	136	16	131	17	141	18	164	19	189	
	0	138	1	137	2	117	3	105	4	130	5	143	6	117	7	120	8	179	9	113	10	123	11	144	12	199	13	135	14	145	15	144	16	189	17	120	18	146	19	166	
	0	154	1	109	2	154	3	175	4	173	5	185	6	179	7	135	8	110	9	185	10	130	11	166	12	184	13	114	14	120	15	127	16	189	17	185	18	125	19	108	
	0	147	1	155	2	195	3	108	4	196	5	194	6	147	7	183	8	146	9	173	10	192	11	197	12	121	13	155	14	173	15	162	16	122	17	196	18	177	19	141	
	0	174	1	124	2	106	3	129	4	109	5	120	6	171	7	136	8	113	9	164	10	155	11	136	12	131	13	115	14	144	15	132	16	172	17	174	18	176	19	148	
	0	180	1	120	2	120	3	165	4	192	5	108	6	167	7	103	8	130	9	129	10	102	11	173	12	195	13	126	14	162	15	171	16	117	17	113	18	146	19	164	
	0	187	1	123	2	175	3	112	4	171	5	127	6	182	7	145	8	119	9	156	10	197	11	117	12	175	13	141	14	194	15	182	16	150	17	198	18	137	19	194	
	0	107	1	133	2	109	3	176	4	137	5	104	6	179	7	184	8	136	9	147	10	124	11	164	12	139	13	103	14	132	15	167	16	175	17	160	18	163	19	182	
	0	180	1	160	2	112	3	119	4	159	5	108	6	181	7	145	8	108	9	132	10	179	11	199	12	163	13	160	14	175	15	116	16	119	17	130	18	137	19	116	
	0	143	1	196	2	169	3	107	4	169	5	147	6	120	7	158	8	119	9	118	10	157	11	167	12	164	13	180	14	122	15	197	16	153	17	117	18	137	19	161	
	0	198	1	152	2	165	3	105	4	157	5	162	6	158	7	179	8	194	9	103	10	148	11	179	12	144	13	110	14	149	15	165	16	104	17	143	18	169	19	185	
	0	152	1	138	2	168	3	121	4	195	5	171	6	195	7	197	8	147	9	160	10	199	11	142	12	140	13	162	14	119	15	197	16	197	17	172	18	109	19	165	
	0	117	1	156	2	132	3	148	4	105	5	100	6	153	7	166	8	129	9	181	10	125	11	111	12	112	13	158	14	151	15	123	16	180	17	191	18	111	19	125	
	0	195	1	189	2	190	3	193	4	141	5	135	6	141	7	155	8	107	9	128	10	185	11	100	12	122	13	100	14	161	15	100	16	137	17	198	18	185	19	111	
	0	179	1	102	2	150	3	110	4	169	5	175	6	146	7	149	8	104	9	116	10	114	11	170	12	196	13	169	14	163	15	193	16	174	17	167	18	170	19	179	
	0	108	1	160	2	144	3	194	4	198	5	156	6	143	7	123	8	184	9	143	10	115	11	143	12	139	13	173	14	181	15	164	16	138	17	182	18	122	19	168	
	0	107	1	163	2	119	3	156	4	186	5	118	6	169	7	118	8	186	9	161	10	144	11	185	12	118	13	150	14	126	15	142	16	100	17	135	18	158	19	105	
	0	166	1	157	2	174	3	122	4	189	5	148	6	130	7	182	8	143	9	137	10	110	11	162	12	160	13	120	14	148	15	138	16	102	17	189	18	104	19	180	
	0	194	1	173	2	101	3	140	4	195	5	103	6	166	7	101	8	194	9	106	10	149	11	173	12	115	13	119	14	111	15	177	16	188	17	191	18	157	19	180	
	0	160	1	125	2	103	3	153	4	104	5	186	6	172	7	158	8	134	9	191	10	137	11	188	12	102	13	137	14	187	15	101	16	162	17	116	18	104	19	145	
	0	129	1	193	2	158	3	180	4	180	5	189	6	140	7	147	8	149	9	155	10	142	11	113	12	130	13	195	14	168	15	109	16	175	17	130	18	106	19	174	
	0	140	1	146	2	171	3	177	4	161	5	130	6	184	7	196	8	103	9	167	10	157	11	100	12	184	13	174	14	119	15	122	16	160	17	163	18	177	19	196	
	0	112	1	163	2	172	3	191	4	131	5	173	6	157	7	188	8	128	9	163	10	147	11	143	12	170	13	135	14	171	15	175	16	188	17	194	18	121	19	125	
	0	134	1	190	2	108	3	153	4	144	5	144	6	197	7	175	8	122	9	177	10	112	11	180	12	153	13	152	14	129	15	132	16	165	17	169	18	107	19	148	
	0	184	1	146	2	188	3	104	4	158	5	151	6	184	7	167	8	199	9	141	10	190	11	136	12	171	13	151	14	141	15	193	16	117	17	137	18	137	19	127	
	0	140	1	170	2	192	3	132	4	151	5	102	6	128	7	101	8	183	9	122	10	197	11	104	12	182	13	150	14	123	15	143	16	135	17	100	18	182	19	152	
	0	129	1	186	2	179	3	168	4	167	5	168	6	113	7	183	8	154	9	101	10	193	11	185	12	106	13	196	14	114	15	139	16	130	17	196	18	132	19	101	
	0	141	1	107	2	196	3	173	4	132	5	140	6	153	7	158	8	142	9	196	10	186	11	110	12	135	13	114	14	144	15	138	16	117	17	176	18	152	19	147	
	0	121	1	173	2	190	3	114	4	130	5	190	6	152	7	153	8	156	9	166	10	106	11	122	12	155	13	150	14	111	15	177	16	172	17	139	18	118	19	170	
	0	117	1	189	2	111	3	105	4	129	5	132	6	137	7	190	8	176	9	122	10	140	11	105	12	199	13	133	14	104	15	110	16	173	17	133	18	126	19	187	
	0	119	1	197	2	139	3	158	4	166	5	101	6	142	7	102	8	158	9	156	10	114	11	123	12	162	13	185	14	110	15	138	16	175	17	121	18	198	19	163	
	0	170	1	100	2	103	3	122	4	135	5	196	6	166	7	197	8	176	9	115	10	159	11	196	12	123	13	101	14	165	15	146	16	160	17	166	18	162	19	140	
	0	131	1	106	2	116	3	176	4	195	5	110	6	170	7	196	8	152	9	185	10	130	11	155	12	146	13	173	14	105	15	141	16	155	17	147	18	114	19	170	
	0	110	1	161	2	139	3	140	4	198	5	117	6	101	7	194	8	159	9	152	10	174	11	173	12	199	13	118	14	122	15	155	16	182	17	102	18	168	19	151	
	0	156	1	118	2	143	3	140	4	185	5	136	6	145	7	190	8	199	9	185	10	175	11	199	12	111	13	147	14	107	15	183	16	122	17	146	18	131	19	102	
	0	150	1	147	2	135	3	163	4	102	5	179	6	143	7	122	8	102	9	152	10	114	11	108	12	124	13	107	14	155	15	123	16	141	17	103	18	139	19	173	
	0	109	1	119	2	180	3	182	4	131	5	133	6	146	7	174	8	179	9	167	10	159	11	113	12	145	13	150	14	116	15	105	16	151	17	102	18	134	19	118	
	0	135	1	175	2	135	3	138	4	148	5	126	6	176	7	124	8	188	9	197	10	144	11	187	12	123	13	188	14	159	15	171	16	138	17	119	18	152	19	124	
	0	163	1	133	2	105	3	112	4	188	5	163	6	161	7	144	8	183	9	159	10	153	11	171	12	110	13	193	14	112	15	169	16	108	17	115	18	100	19	166	
	0	120	1	174	2	183	3	163	4	197	5	164	6	134	7	144	8	156	9	189	10	170	11	197	12	167	13	135	14	128	15	151	16	119	17	125	18	199	19	170	
	0	101	1	161	2	178	3	124	4	133	5	165	6	119	7	133	8	195	9	175	10	132	11	171	12	175	13	170	14	113	15	193	16	133	17	125	18	139	19	167	
	0	134	1	136	2	131	3	157	4	134	5	170	6	186	7	118	8	103	9	136	10	198	11	169	12	186	13	112	14	186	15	186	16	106	17	155	18	184	19	183	
	0	170	1	126	2	120	3	145	4	132	5	101	6	121	7	182	8	157	9	141	10	100	11	198	12	135	13	178	14	180	15	133	16	178	17	109	18	110	19	100	
	0	114	1	144	2	116	3	188	4	122	5	174	6	145	7	141	8	139	9	102	10	170	11	182	12	181	13	127	14	116	15	169	16	180	17	155	18	139	19	125	
	0	125	1	112	2	114	3	171	4	107	5	108	6	100	7	180	8	112	9	125	10	195	11	114	12	182	13	197	14	115	15	172	16	113	17	124	18	127	19	193	
	0	198	1	100	2	153	3	174	4	183	5	127	6	148	7	146	8	153	9	188	10	140	11	118	12	135	13	187	14	181	15	190	16	134	17	171	18	156	19	119	
	0	172	1	173	2	190	3	156	4	194	5	187	6	147	7	168	8	110	9	152	10	128	11	158	12	198	13	104	14	114	15	115	16	189	17	177	18	172	19	130	
	0	196	1	156	2	111	3	138	4	145	5	153	6	125	7	141	8	160	9	141	10	123	11	160	12	169	13	126	14	188	15	150	16	102	17	166	18	111	19	180	
	0	129	1	150	2	196	3	199	4	180	5	142	6	116	7	190	8	127	9	102	10	192	11	183	12	142	13	195	14	113	15	167	16	111	17	155	18	193	19	198	
	0	145	1	171	2	153	3	169	4	148	5	116	6	183	7	120	8	198	9	170	10	143	11	168	12	168	13	109	14	187	15	165	16	182	17	142	18	104	19	178	
	0	156	1	149	2	135	3	150	4	170	5	197	6	133	7	183	8	190	9	181	10	123	11	186	12	142	13	122	14	139	15	149	16	140	17	122	18	188	19	129	
	0	143	1	135	2	168	3	181	4	125	5	154	6	125	7	144	8	102	9	124	10	100	11	128	12	197	13	162	14	119	15	115	16	120	17	190	18	115	19	174	
	0	190	1	122	2	186	3	169	4	105	5	108	6	164	7	189	8	199	9	188	10	103	11	114	12	103	13	149	14	181	15	178	16	169	17	196	18	169	19	104	