200 20 1
20
	0	198	1	168	2	126	3	101	4	140	5	114	6	117	7	118	8	166	9	124	10	168	11	187	12	115	13	152	14	186	15	106	16	171	17	197	18	168	19	137	
	0	198	1	137	2	101	3	129	4	102	5	105	6	122	7	116	8	107	9	129	10	131	11	194	12	175	13	140	14	126	15	120	16	107	17	141	18	108	19	104	
	0	187	1	104	2	122	3	169	4	102	5	110	6	169	7	102	8	179	9	171	10	174	11	189	12	144	13	190	14	170	15	126	16	196	17	124	18	121	19	107	
	0	148	1	123	2	190	3	114	4	150	5	126	6	163	7	173	8	182	9	170	10	143	11	135	12	170	13	179	14	175	15	185	16	162	17	137	18	153	19	186	
	0	177	1	166	2	148	3	176	4	140	5	152	6	148	7	177	8	177	9	189	10	157	11	145	12	148	13	111	14	164	15	167	16	117	17	187	18	118	19	136	
	0	189	1	165	2	166	3	173	4	179	5	105	6	198	7	139	8	107	9	130	10	118	11	140	12	103	13	113	14	125	15	154	16	114	17	194	18	128	19	189	
	0	171	1	138	2	157	3	188	4	186	5	180	6	169	7	104	8	162	9	153	10	170	11	111	12	131	13	195	14	129	15	132	16	182	17	107	18	176	19	144	
	0	116	1	115	2	180	3	117	4	152	5	195	6	137	7	176	8	174	9	145	10	159	11	164	12	185	13	188	14	137	15	179	16	135	17	178	18	121	19	122	
	0	148	1	129	2	120	3	108	4	193	5	152	6	100	7	140	8	136	9	175	10	196	11	115	12	178	13	184	14	126	15	145	16	100	17	134	18	113	19	153	
	0	111	1	128	2	135	3	152	4	159	5	148	6	106	7	159	8	146	9	134	10	151	11	161	12	111	13	195	14	139	15	182	16	142	17	191	18	150	19	115	
	0	151	1	175	2	146	3	160	4	184	5	129	6	110	7	192	8	119	9	161	10	128	11	109	12	101	13	112	14	137	15	135	16	113	17	180	18	143	19	175	
	0	185	1	112	2	189	3	120	4	175	5	140	6	147	7	114	8	135	9	136	10	141	11	119	12	129	13	137	14	119	15	119	16	107	17	124	18	151	19	141	
	0	114	1	108	2	179	3	169	4	102	5	168	6	141	7	101	8	103	9	182	10	113	11	131	12	114	13	135	14	122	15	152	16	177	17	146	18	129	19	199	
	0	188	1	197	2	151	3	197	4	105	5	162	6	142	7	177	8	115	9	120	10	168	11	158	12	183	13	151	14	117	15	164	16	172	17	129	18	102	19	100	
	0	101	1	100	2	191	3	135	4	193	5	132	6	141	7	166	8	171	9	190	10	160	11	153	12	148	13	115	14	161	15	125	16	139	17	147	18	148	19	149	
	0	171	1	163	2	195	3	125	4	160	5	182	6	114	7	154	8	156	9	199	10	198	11	138	12	156	13	100	14	105	15	123	16	100	17	166	18	131	19	151	
	0	115	1	117	2	185	3	168	4	116	5	160	6	156	7	199	8	151	9	175	10	176	11	195	12	173	13	133	14	106	15	134	16	184	17	164	18	171	19	199	
	0	157	1	173	2	168	3	124	4	195	5	124	6	124	7	136	8	169	9	161	10	149	11	182	12	120	13	161	14	103	15	156	16	180	17	172	18	162	19	139	
	0	149	1	145	2	159	3	184	4	130	5	123	6	134	7	179	8	195	9	171	10	123	11	144	12	148	13	163	14	163	15	130	16	154	17	138	18	195	19	129	
	0	180	1	115	2	181	3	122	4	118	5	104	6	154	7	130	8	111	9	182	10	184	11	120	12	158	13	199	14	148	15	190	16	173	17	161	18	159	19	158	
	0	161	1	122	2	127	3	120	4	173	5	122	6	169	7	160	8	145	9	108	10	115	11	187	12	142	13	117	14	104	15	162	16	177	17	176	18	163	19	165	
	0	142	1	187	2	182	3	179	4	193	5	135	6	175	7	127	8	152	9	146	10	109	11	181	12	174	13	133	14	146	15	187	16	107	17	138	18	108	19	189	
	0	108	1	152	2	171	3	101	4	119	5	114	6	174	7	171	8	114	9	187	10	182	11	170	12	181	13	114	14	147	15	152	16	129	17	187	18	193	19	147	
	0	127	1	162	2	116	3	137	4	187	5	168	6	136	7	114	8	191	9	102	10	126	11	111	12	139	13	197	14	115	15	175	16	171	17	192	18	103	19	169	
	0	135	1	155	2	141	3	127	4	159	5	180	6	165	7	126	8	172	9	118	10	105	11	132	12	192	13	114	14	164	15	109	16	158	17	127	18	198	19	136	
	0	121	1	126	2	113	3	100	4	115	5	182	6	188	7	185	8	129	9	199	10	183	11	111	12	166	13	122	14	154	15	122	16	141	17	133	18	191	19	131	
	0	109	1	195	2	135	3	104	4	173	5	142	6	197	7	112	8	101	9	159	10	148	11	101	12	124	13	120	14	102	15	181	16	139	17	193	18	141	19	111	
	0	182	1	168	2	189	3	107	4	198	5	114	6	181	7	179	8	151	9	196	10	188	11	133	12	181	13	180	14	124	15	163	16	187	17	193	18	118	19	165	
	0	183	1	106	2	108	3	149	4	137	5	105	6	157	7	173	8	174	9	125	10	119	11	134	12	105	13	158	14	179	15	135	16	131	17	169	18	125	19	124	
	0	176	1	105	2	154	3	181	4	130	5	188	6	164	7	115	8	173	9	192	10	149	11	137	12	172	13	161	14	164	15	133	16	168	17	171	18	134	19	181	
	0	122	1	186	2	157	3	145	4	192	5	190	6	171	7	152	8	193	9	190	10	114	11	171	12	165	13	177	14	147	15	159	16	198	17	119	18	129	19	106	
	0	108	1	114	2	136	3	152	4	196	5	168	6	184	7	108	8	104	9	134	10	128	11	114	12	163	13	127	14	175	15	125	16	128	17	120	18	171	19	149	
	0	132	1	148	2	169	3	135	4	150	5	183	6	196	7	126	8	135	9	157	10	117	11	163	12	124	13	196	14	105	15	121	16	100	17	139	18	103	19	126	
	0	114	1	109	2	113	3	146	4	151	5	102	6	170	7	132	8	132	9	143	10	185	11	144	12	157	13	117	14	173	15	197	16	130	17	164	18	174	19	116	
	0	183	1	197	2	156	3	142	4	184	5	153	6	170	7	178	8	102	9	111	10	185	11	195	12	150	13	181	14	192	15	125	16	131	17	130	18	193	19	128	
	0	118	1	187	2	110	3	127	4	106	5	100	6	198	7	171	8	134	9	116	10	135	11	127	12	169	13	189	14	121	15	156	16	141	17	194	18	144	19	125	
	0	160	1	146	2	139	3	192	4	167	5	177	6	148	7	105	8	192	9	155	10	197	11	129	12	191	13	145	14	134	15	195	16	121	17	137	18	197	19	167	
	0	102	1	158	2	144	3	180	4	146	5	192	6	104	7	144	8	126	9	138	10	151	11	167	12	129	13	109	14	108	15	140	16	182	17	158	18	123	19	164	
	0	157	1	133	2	113	3	165	4	106	5	185	6	101	7	124	8	197	9	172	10	185	11	196	12	157	13	199	14	188	15	106	16	168	17	166	18	106	19	158	
	0	129	1	166	2	183	3	184	4	185	5	129	6	124	7	188	8	122	9	148	10	119	11	131	12	102	13	112	14	186	15	182	16	164	17	158	18	135	19	154	
	0	182	1	136	2	179	3	175	4	104	5	134	6	105	7	199	8	124	9	179	10	126	11	126	12	124	13	142	14	112	15	171	16	140	17	104	18	180	19	162	
	0	113	1	126	2	101	3	174	4	163	5	124	6	195	7	107	8	121	9	181	10	136	11	144	12	169	13	139	14	146	15	179	16	106	17	108	18	138	19	157	
	0	115	1	119	2	173	3	157	4	155	5	164	6	110	7	177	8	166	9	187	10	115	11	116	12	168	13	128	14	110	15	149	16	176	17	185	18	100	19	144	
	0	125	1	109	2	176	3	143	4	156	5	132	6	103	7	144	8	101	9	132	10	183	11	141	12	168	13	154	14	130	15	106	16	152	17	179	18	105	19	158	
	0	124	1	191	2	174	3	197	4	118	5	147	6	172	7	159	8	197	9	107	10	138	11	134	12	183	13	151	14	179	15	135	16	181	17	131	18	109	19	110	
	0	187	1	190	2	103	3	159	4	115	5	184	6	129	7	133	8	180	9	177	10	148	11	178	12	129	13	122	14	168	15	114	16	137	17	183	18	140	19	189	
	0	163	1	114	2	124	3	156	4	143	5	162	6	188	7	144	8	170	9	152	10	144	11	170	12	148	13	196	14	116	15	174	16	144	17	146	18	195	19	131	
	0	186	1	162	2	137	3	117	4	144	5	194	6	178	7	174	8	142	9	167	10	161	11	191	12	177	13	162	14	150	15	182	16	163	17	127	18	173	19	130	
	0	181	1	167	2	197	3	195	4	109	5	120	6	180	7	148	8	175	9	194	10	183	11	139	12	116	13	192	14	122	15	198	16	151	17	157	18	187	19	121	
	0	129	1	111	2	129	3	133	4	187	5	132	6	121	7	165	8	133	9	177	10	128	11	112	12	149	13	124	14	151	15	193	16	158	17	190	18	184	19	191	
	0	101	1	153	2	146	3	125	4	135	5	184	6	133	7	103	8	193	9	177	10	127	11	195	12	141	13	196	14	167	15	162	16	141	17	154	18	153	19	119	
	0	102	1	145	2	154	3	167	4	150	5	115	6	138	7	128	8	127	9	155	10	180	11	108	12	104	13	151	14	151	15	153	16	131	17	120	18	188	19	158	
	0	159	1	112	2	195	3	137	4	142	5	138	6	194	7	140	8	179	9	125	10	104	11	191	12	197	13	158	14	132	15	187	16	133	17	189	18	171	19	113	
	0	119	1	162	2	192	3	154	4	146	5	196	6	151	7	132	8	187	9	192	10	128	11	167	12	171	13	140	14	162	15	158	16	190	17	168	18	188	19	173	
	0	165	1	153	2	124	3	166	4	199	5	157	6	132	7	112	8	112	9	196	10	122	11	123	12	195	13	168	14	152	15	127	16	166	17	153	18	132	19	129	
	0	128	1	195	2	125	3	160	4	179	5	148	6	105	7	126	8	171	9	123	10	191	11	114	12	184	13	175	14	129	15	178	16	156	17	174	18	167	19	129	
	0	129	1	121	2	197	3	138	4	174	5	189	6	100	7	113	8	180	9	168	10	161	11	132	12	157	13	138	14	111	15	191	16	109	17	107	18	179	19	105	
	0	122	1	186	2	101	3	190	4	198	5	129	6	134	7	149	8	159	9	108	10	125	11	191	12	171	13	116	14	179	15	107	16	177	17	144	18	148	19	197	
	0	104	1	138	2	139	3	122	4	131	5	172	6	146	7	137	8	155	9	171	10	176	11	148	12	158	13	178	14	144	15	111	16	165	17	140	18	187	19	122	
	0	109	1	139	2	153	3	110	4	114	5	109	6	117	7	121	8	136	9	153	10	183	11	159	12	107	13	116	14	184	15	178	16	166	17	146	18	150	19	178	
	0	132	1	151	2	101	3	162	4	112	5	162	6	169	7	179	8	152	9	149	10	101	11	138	12	142	13	172	14	165	15	198	16	130	17	109	18	165	19	176	
	0	190	1	113	2	163	3	111	4	171	5	124	6	196	7	168	8	134	9	143	10	114	11	146	12	129	13	107	14	101	15	179	16	164	17	147	18	100	19	175	
	0	179	1	170	2	123	3	103	4	137	5	115	6	104	7	118	8	155	9	150	10	143	11	192	12	176	13	172	14	155	15	168	16	190	17	111	18	162	19	116	
	0	158	1	176	2	196	3	116	4	108	5	151	6	173	7	128	8	170	9	148	10	177	11	187	12	103	13	189	14	110	15	192	16	195	17	155	18	121	19	100	
	0	166	1	177	2	169	3	174	4	178	5	141	6	130	7	131	8	127	9	198	10	194	11	135	12	163	13	172	14	174	15	134	16	170	17	170	18	180	19	124	
	0	161	1	198	2	140	3	126	4	166	5	124	6	153	7	193	8	147	9	157	10	170	11	130	12	141	13	163	14	138	15	113	16	120	17	109	18	185	19	144	
	0	138	1	167	2	153	3	108	4	108	5	164	6	198	7	102	8	116	9	190	10	198	11	119	12	165	13	129	14	125	15	133	16	162	17	157	18	148	19	155	
	0	179	1	160	2	113	3	113	4	118	5	170	6	115	7	101	8	181	9	135	10	180	11	199	12	143	13	116	14	114	15	179	16	102	17	180	18	194	19	176	
	0	197	1	158	2	152	3	161	4	108	5	179	6	111	7	117	8	193	9	150	10	156	11	157	12	141	13	145	14	191	15	141	16	176	17	103	18	162	19	179	
	0	109	1	103	2	152	3	127	4	182	5	180	6	193	7	132	8	117	9	171	10	171	11	118	12	145	13	150	14	157	15	151	16	148	17	143	18	140	19	127	
	0	105	1	189	2	132	3	131	4	169	5	159	6	112	7	145	8	131	9	147	10	147	11	190	12	142	13	195	14	127	15	106	16	180	17	170	18	107	19	108	
	0	176	1	153	2	177	3	102	4	128	5	166	6	182	7	180	8	126	9	139	10	114	11	142	12	117	13	128	14	121	15	129	16	144	17	103	18	185	19	102	
	0	139	1	148	2	177	3	114	4	122	5	124	6	189	7	110	8	140	9	156	10	107	11	118	12	136	13	187	14	144	15	185	16	178	17	126	18	174	19	156	
	0	137	1	160	2	191	3	145	4	117	5	189	6	186	7	164	8	162	9	132	10	192	11	184	12	181	13	176	14	116	15	179	16	189	17	161	18	184	19	155	
	0	161	1	120	2	102	3	127	4	105	5	157	6	168	7	163	8	164	9	138	10	161	11	104	12	158	13	105	14	197	15	135	16	114	17	179	18	155	19	107	
	0	195	1	107	2	109	3	187	4	195	5	141	6	168	7	190	8	113	9	132	10	111	11	167	12	173	13	100	14	179	15	129	16	194	17	158	18	197	19	116	
	0	113	1	190	2	156	3	123	4	121	5	198	6	129	7	101	8	194	9	197	10	137	11	174	12	150	13	123	14	142	15	175	16	183	17	181	18	123	19	118	
	0	184	1	133	2	178	3	165	4	131	5	131	6	195	7	126	8	112	9	167	10	103	11	180	12	184	13	114	14	186	15	193	16	157	17	172	18	131	19	191	
	0	103	1	129	2	115	3	194	4	140	5	133	6	178	7	151	8	184	9	103	10	178	11	187	12	154	13	181	14	180	15	168	16	164	17	113	18	105	19	169	
	0	191	1	123	2	182	3	194	4	167	5	186	6	136	7	158	8	171	9	147	10	123	11	112	12	112	13	114	14	114	15	122	16	144	17	196	18	148	19	132	
	0	102	1	154	2	195	3	106	4	161	5	143	6	151	7	153	8	198	9	121	10	185	11	191	12	103	13	154	14	133	15	139	16	193	17	155	18	169	19	103	
	0	123	1	122	2	177	3	182	4	109	5	100	6	185	7	106	8	164	9	177	10	110	11	166	12	113	13	144	14	141	15	102	16	159	17	128	18	165	19	107	
	0	155	1	145	2	184	3	199	4	155	5	106	6	198	7	151	8	135	9	179	10	138	11	151	12	124	13	166	14	173	15	147	16	150	17	134	18	172	19	170	
	0	138	1	164	2	182	3	133	4	125	5	140	6	197	7	183	8	108	9	152	10	139	11	120	12	117	13	140	14	105	15	121	16	143	17	104	18	195	19	169	
	0	187	1	111	2	145	3	158	4	167	5	122	6	131	7	116	8	159	9	138	10	136	11	107	12	154	13	192	14	102	15	160	16	111	17	161	18	154	19	177	
	0	182	1	110	2	129	3	198	4	110	5	118	6	189	7	105	8	112	9	135	10	121	11	115	12	166	13	155	14	145	15	140	16	159	17	107	18	182	19	104	
	0	197	1	103	2	173	3	160	4	101	5	181	6	100	7	113	8	101	9	165	10	180	11	193	12	143	13	138	14	108	15	158	16	117	17	187	18	111	19	168	
	0	174	1	112	2	124	3	151	4	141	5	136	6	123	7	134	8	182	9	124	10	120	11	129	12	174	13	185	14	129	15	185	16	143	17	180	18	169	19	134	
	0	149	1	167	2	136	3	190	4	131	5	161	6	110	7	192	8	111	9	119	10	139	11	148	12	161	13	154	14	112	15	122	16	187	17	112	18	138	19	127	
	0	110	1	114	2	183	3	197	4	144	5	176	6	170	7	114	8	159	9	185	10	117	11	184	12	146	13	147	14	182	15	140	16	195	17	183	18	195	19	104	
	0	198	1	150	2	198	3	176	4	156	5	183	6	133	7	179	8	184	9	108	10	191	11	108	12	115	13	193	14	173	15	165	16	138	17	144	18	140	19	156	
	0	119	1	147	2	180	3	114	4	172	5	157	6	112	7	195	8	191	9	131	10	189	11	129	12	147	13	136	14	195	15	113	16	172	17	115	18	127	19	184	
	0	164	1	177	2	188	3	107	4	118	5	103	6	140	7	101	8	108	9	189	10	122	11	186	12	124	13	119	14	130	15	102	16	195	17	105	18	176	19	188	
	0	175	1	178	2	127	3	177	4	139	5	173	6	167	7	193	8	157	9	155	10	114	11	195	12	168	13	133	14	156	15	114	16	127	17	171	18	185	19	181	
	0	103	1	199	2	152	3	129	4	181	5	128	6	127	7	198	8	144	9	130	10	162	11	194	12	158	13	119	14	140	15	194	16	109	17	121	18	161	19	119	
	0	142	1	174	2	142	3	129	4	146	5	169	6	124	7	144	8	122	9	147	10	100	11	164	12	161	13	158	14	159	15	127	16	192	17	199	18	154	19	159	
	0	189	1	134	2	121	3	182	4	125	5	127	6	190	7	104	8	165	9	104	10	109	11	143	12	180	13	165	14	182	15	118	16	172	17	194	18	183	19	122	
	0	186	1	191	2	125	3	171	4	155	5	126	6	146	7	166	8	174	9	159	10	193	11	136	12	148	13	120	14	121	15	162	16	135	17	121	18	187	19	181	
	0	119	1	118	2	140	3	146	4	111	5	104	6	132	7	138	8	105	9	154	10	150	11	159	12	180	13	128	14	168	15	134	16	166	17	115	18	109	19	117	
	0	150	1	113	2	134	3	135	4	152	5	104	6	175	7	184	8	162	9	198	10	117	11	187	12	187	13	135	14	105	15	154	16	122	17	162	18	154	19	160	
	0	193	1	123	2	100	3	115	4	195	5	166	6	121	7	145	8	133	9	134	10	169	11	137	12	169	13	184	14	135	15	198	16	117	17	139	18	102	19	179	
	0	199	1	137	2	158	3	187	4	170	5	139	6	173	7	134	8	142	9	164	10	186	11	161	12	100	13	120	14	125	15	102	16	181	17	188	18	139	19	135	
	0	144	1	181	2	194	3	157	4	199	5	161	6	106	7	150	8	151	9	199	10	163	11	160	12	113	13	179	14	183	15	149	16	146	17	135	18	127	19	111	
	0	174	1	137	2	178	3	181	4	118	5	168	6	154	7	145	8	175	9	167	10	128	11	158	12	163	13	197	14	158	15	105	16	183	17	103	18	184	19	179	
	0	102	1	185	2	181	3	189	4	114	5	196	6	176	7	149	8	189	9	117	10	123	11	175	12	163	13	181	14	159	15	188	16	147	17	109	18	126	19	171	
	0	160	1	122	2	138	3	176	4	131	5	182	6	183	7	125	8	190	9	123	10	169	11	101	12	199	13	185	14	132	15	140	16	167	17	114	18	121	19	179	
	0	114	1	162	2	114	3	105	4	157	5	158	6	173	7	118	8	152	9	105	10	105	11	184	12	150	13	142	14	159	15	130	16	162	17	173	18	125	19	190	
	0	124	1	101	2	101	3	191	4	177	5	115	6	181	7	105	8	123	9	180	10	102	11	102	12	129	13	158	14	175	15	129	16	136	17	157	18	148	19	182	
	0	156	1	122	2	192	3	120	4	118	5	194	6	133	7	103	8	162	9	152	10	115	11	195	12	164	13	140	14	188	15	139	16	191	17	147	18	127	19	190	
	0	196	1	196	2	191	3	151	4	170	5	122	6	155	7	111	8	155	9	185	10	188	11	181	12	111	13	127	14	159	15	100	16	167	17	123	18	169	19	105	
	0	194	1	156	2	101	3	100	4	179	5	164	6	102	7	107	8	187	9	181	10	143	11	137	12	199	13	182	14	127	15	150	16	166	17	172	18	161	19	160	
	0	151	1	123	2	185	3	175	4	177	5	124	6	157	7	195	8	110	9	108	10	107	11	126	12	166	13	162	14	124	15	113	16	169	17	138	18	187	19	127	
	0	133	1	110	2	136	3	141	4	183	5	155	6	112	7	198	8	139	9	145	10	185	11	123	12	107	13	126	14	170	15	104	16	110	17	112	18	122	19	197	
	0	159	1	118	2	159	3	183	4	150	5	184	6	107	7	159	8	161	9	190	10	138	11	153	12	123	13	164	14	186	15	183	16	146	17	159	18	156	19	149	
	0	127	1	154	2	168	3	161	4	180	5	116	6	177	7	175	8	102	9	121	10	174	11	163	12	101	13	144	14	185	15	108	16	110	17	148	18	131	19	145	
	0	172	1	147	2	121	3	143	4	146	5	156	6	178	7	182	8	165	9	137	10	173	11	149	12	125	13	137	14	141	15	140	16	134	17	125	18	145	19	101	
	0	162	1	118	2	162	3	152	4	178	5	199	6	141	7	160	8	178	9	148	10	171	11	159	12	146	13	138	14	194	15	194	16	155	17	147	18	187	19	174	
	0	179	1	150	2	125	3	103	4	149	5	124	6	101	7	166	8	157	9	102	10	129	11	194	12	156	13	147	14	130	15	180	16	131	17	162	18	179	19	153	
	0	187	1	182	2	107	3	126	4	102	5	150	6	147	7	166	8	177	9	179	10	178	11	163	12	129	13	125	14	185	15	178	16	175	17	169	18	135	19	135	
	0	100	1	142	2	110	3	162	4	162	5	152	6	153	7	183	8	187	9	150	10	159	11	133	12	184	13	180	14	168	15	125	16	145	17	100	18	150	19	155	
	0	164	1	170	2	138	3	141	4	155	5	167	6	193	7	168	8	183	9	150	10	116	11	165	12	183	13	190	14	108	15	125	16	159	17	109	18	139	19	194	
	0	180	1	159	2	152	3	129	4	173	5	108	6	181	7	132	8	142	9	167	10	120	11	152	12	176	13	166	14	187	15	181	16	192	17	183	18	149	19	183	
	0	154	1	154	2	139	3	166	4	104	5	122	6	144	7	174	8	175	9	198	10	197	11	120	12	174	13	148	14	180	15	116	16	194	17	100	18	115	19	179	
	0	187	1	180	2	149	3	163	4	165	5	125	6	134	7	194	8	129	9	134	10	157	11	176	12	191	13	108	14	144	15	173	16	157	17	137	18	196	19	194	
	0	191	1	199	2	170	3	185	4	171	5	145	6	181	7	132	8	135	9	190	10	177	11	163	12	185	13	186	14	197	15	142	16	135	17	137	18	122	19	137	
	0	170	1	147	2	157	3	139	4	169	5	166	6	124	7	170	8	179	9	147	10	120	11	137	12	145	13	164	14	138	15	134	16	117	17	187	18	156	19	171	
	0	176	1	165	2	191	3	191	4	103	5	194	6	188	7	157	8	163	9	144	10	160	11	100	12	154	13	199	14	109	15	116	16	102	17	171	18	118	19	130	
	0	141	1	113	2	166	3	163	4	191	5	117	6	138	7	194	8	156	9	182	10	150	11	174	12	178	13	136	14	154	15	123	16	111	17	123	18	142	19	166	
	0	183	1	140	2	167	3	101	4	174	5	109	6	173	7	154	8	125	9	138	10	182	11	100	12	108	13	175	14	141	15	123	16	100	17	126	18	185	19	193	
	0	118	1	117	2	169	3	149	4	132	5	189	6	101	7	160	8	130	9	122	10	151	11	159	12	141	13	163	14	163	15	188	16	158	17	158	18	120	19	122	
	0	155	1	157	2	161	3	192	4	112	5	144	6	173	7	111	8	131	9	111	10	192	11	139	12	149	13	177	14	178	15	183	16	117	17	155	18	113	19	193	
	0	168	1	178	2	122	3	182	4	156	5	123	6	181	7	111	8	109	9	178	10	160	11	112	12	122	13	115	14	131	15	183	16	192	17	177	18	133	19	109	
	0	143	1	116	2	122	3	165	4	145	5	109	6	121	7	194	8	183	9	130	10	121	11	190	12	124	13	176	14	137	15	153	16	104	17	134	18	100	19	168	
	0	184	1	136	2	183	3	100	4	124	5	188	6	186	7	155	8	121	9	161	10	155	11	106	12	109	13	173	14	131	15	122	16	128	17	102	18	193	19	112	
	0	158	1	109	2	113	3	131	4	119	5	168	6	178	7	140	8	166	9	159	10	181	11	134	12	151	13	172	14	138	15	146	16	135	17	111	18	109	19	150	
	0	139	1	189	2	149	3	157	4	134	5	175	6	116	7	194	8	196	9	115	10	172	11	162	12	148	13	178	14	190	15	113	16	192	17	145	18	114	19	117	
	0	132	1	118	2	195	3	146	4	129	5	175	6	161	7	169	8	173	9	158	10	169	11	176	12	197	13	100	14	132	15	160	16	183	17	196	18	128	19	161	
	0	193	1	161	2	197	3	164	4	178	5	160	6	156	7	119	8	196	9	151	10	146	11	158	12	188	13	126	14	175	15	166	16	163	17	133	18	132	19	146	
	0	193	1	100	2	116	3	159	4	164	5	187	6	189	7	129	8	150	9	117	10	164	11	184	12	156	13	151	14	183	15	145	16	101	17	167	18	177	19	113	
	0	131	1	120	2	168	3	148	4	149	5	169	6	104	7	120	8	164	9	109	10	111	11	173	12	132	13	125	14	161	15	165	16	196	17	137	18	154	19	137	
	0	189	1	103	2	111	3	134	4	109	5	182	6	196	7	170	8	152	9	175	10	167	11	140	12	132	13	197	14	153	15	163	16	171	17	174	18	166	19	107	
	0	198	1	175	2	170	3	122	4	120	5	193	6	125	7	149	8	108	9	103	10	128	11	147	12	139	13	172	14	162	15	196	16	196	17	141	18	138	19	171	
	0	123	1	136	2	150	3	139	4	125	5	164	6	137	7	119	8	162	9	105	10	102	11	176	12	199	13	173	14	165	15	104	16	154	17	148	18	195	19	188	
	0	129	1	169	2	111	3	121	4	112	5	129	6	108	7	124	8	120	9	113	10	146	11	104	12	198	13	162	14	121	15	142	16	187	17	133	18	168	19	131	
	0	134	1	126	2	111	3	182	4	199	5	176	6	128	7	132	8	103	9	154	10	100	11	188	12	195	13	130	14	166	15	169	16	121	17	107	18	177	19	156	
	0	106	1	178	2	172	3	153	4	137	5	113	6	120	7	109	8	165	9	183	10	177	11	108	12	143	13	117	14	125	15	105	16	171	17	190	18	162	19	122	
	0	122	1	107	2	127	3	127	4	125	5	106	6	163	7	156	8	120	9	128	10	162	11	143	12	126	13	135	14	112	15	169	16	172	17	149	18	188	19	157	
	0	193	1	183	2	118	3	158	4	110	5	162	6	153	7	153	8	163	9	155	10	125	11	162	12	155	13	107	14	128	15	157	16	188	17	114	18	133	19	130	
	0	147	1	106	2	146	3	130	4	103	5	124	6	198	7	101	8	124	9	118	10	132	11	133	12	184	13	152	14	190	15	153	16	146	17	105	18	179	19	123	
	0	147	1	170	2	163	3	120	4	190	5	166	6	104	7	112	8	151	9	186	10	171	11	135	12	109	13	119	14	157	15	160	16	170	17	138	18	138	19	197	
	0	104	1	140	2	128	3	173	4	117	5	147	6	164	7	180	8	115	9	106	10	153	11	150	12	122	13	136	14	142	15	147	16	199	17	169	18	174	19	122	
	0	127	1	129	2	147	3	198	4	186	5	113	6	128	7	161	8	106	9	161	10	172	11	165	12	152	13	104	14	181	15	105	16	177	17	107	18	141	19	145	
	0	173	1	129	2	105	3	162	4	125	5	113	6	164	7	104	8	199	9	166	10	191	11	110	12	188	13	199	14	151	15	164	16	166	17	122	18	143	19	185	
	0	140	1	152	2	180	3	161	4	156	5	172	6	179	7	186	8	132	9	105	10	198	11	114	12	112	13	126	14	143	15	171	16	187	17	151	18	130	19	107	
	0	168	1	134	2	178	3	133	4	142	5	105	6	112	7	137	8	109	9	180	10	169	11	109	12	116	13	176	14	101	15	164	16	156	17	137	18	136	19	147	
	0	173	1	113	2	121	3	152	4	148	5	157	6	166	7	122	8	161	9	181	10	120	11	148	12	160	13	161	14	112	15	121	16	124	17	175	18	186	19	133	
	0	140	1	193	2	138	3	184	4	186	5	156	6	101	7	139	8	184	9	195	10	110	11	100	12	149	13	129	14	131	15	150	16	122	17	150	18	138	19	134	
	0	147	1	181	2	118	3	150	4	110	5	135	6	183	7	184	8	135	9	112	10	145	11	132	12	101	13	199	14	174	15	118	16	109	17	112	18	114	19	146	
	0	185	1	123	2	177	3	122	4	196	5	120	6	196	7	154	8	124	9	145	10	192	11	183	12	113	13	191	14	148	15	138	16	138	17	137	18	150	19	154	
	0	114	1	117	2	149	3	149	4	174	5	161	6	194	7	183	8	138	9	126	10	126	11	168	12	173	13	107	14	196	15	144	16	117	17	164	18	132	19	126	
	0	136	1	142	2	115	3	146	4	194	5	132	6	186	7	188	8	104	9	157	10	166	11	189	12	107	13	125	14	146	15	137	16	118	17	163	18	118	19	132	
	0	196	1	191	2	115	3	155	4	170	5	100	6	139	7	158	8	129	9	109	10	139	11	175	12	129	13	166	14	124	15	126	16	123	17	148	18	175	19	152	
	0	153	1	181	2	109	3	139	4	147	5	181	6	144	7	132	8	105	9	156	10	160	11	108	12	100	13	126	14	114	15	169	16	131	17	107	18	143	19	153	
	0	176	1	156	2	128	3	137	4	175	5	143	6	198	7	187	8	191	9	150	10	197	11	110	12	103	13	159	14	183	15	151	16	161	17	180	18	107	19	118	
	0	167	1	174	2	175	3	135	4	138	5	145	6	167	7	159	8	196	9	154	10	183	11	135	12	125	13	177	14	149	15	151	16	191	17	150	18	105	19	129	
	0	139	1	110	2	106	3	189	4	144	5	164	6	155	7	182	8	171	9	183	10	146	11	126	12	176	13	120	14	124	15	162	16	105	17	180	18	146	19	129	
	0	137	1	150	2	128	3	110	4	133	5	119	6	177	7	139	8	123	9	168	10	110	11	105	12	123	13	178	14	152	15	122	16	119	17	169	18	133	19	118	
	0	170	1	110	2	199	3	125	4	153	5	134	6	153	7	100	8	134	9	156	10	123	11	190	12	131	13	172	14	109	15	134	16	140	17	147	18	115	19	147	
	0	117	1	151	2	144	3	158	4	182	5	163	6	153	7	113	8	104	9	140	10	134	11	101	12	197	13	195	14	180	15	171	16	153	17	196	18	154	19	145	
	0	169	1	180	2	157	3	104	4	116	5	130	6	110	7	109	8	141	9	176	10	180	11	128	12	191	13	172	14	132	15	120	16	149	17	135	18	198	19	150	
	0	139	1	195	2	121	3	142	4	141	5	185	6	162	7	120	8	175	9	182	10	113	11	189	12	118	13	117	14	138	15	105	16	134	17	186	18	100	19	141	
	0	165	1	135	2	165	3	173	4	183	5	116	6	165	7	140	8	136	9	194	10	175	11	165	12	156	13	100	14	142	15	158	16	194	17	186	18	130	19	184	
	0	157	1	179	2	113	3	157	4	172	5	143	6	113	7	126	8	160	9	119	10	198	11	157	12	103	13	159	14	144	15	128	16	104	17	185	18	187	19	141	
	0	114	1	103	2	152	3	149	4	196	5	125	6	146	7	196	8	163	9	114	10	162	11	162	12	147	13	197	14	115	15	188	16	199	17	189	18	117	19	194	
	0	110	1	112	2	169	3	138	4	141	5	137	6	134	7	103	8	155	9	105	10	171	11	131	12	144	13	147	14	141	15	123	16	170	17	157	18	133	19	124	
	0	114	1	134	2	187	3	107	4	127	5	127	6	133	7	186	8	197	9	191	10	159	11	131	12	132	13	103	14	128	15	170	16	177	17	128	18	163	19	187	
	0	126	1	186	2	172	3	154	4	134	5	141	6	130	7	187	8	189	9	115	10	197	11	106	12	196	13	162	14	113	15	115	16	170	17	166	18	167	19	128	
	0	160	1	146	2	112	3	167	4	139	5	110	6	123	7	119	8	155	9	173	10	111	11	104	12	187	13	158	14	155	15	155	16	168	17	130	18	135	19	148	
	0	111	1	161	2	196	3	167	4	168	5	101	6	139	7	114	8	109	9	128	10	196	11	189	12	132	13	130	14	170	15	135	16	161	17	111	18	155	19	157	
	0	140	1	183	2	101	3	145	4	164	5	167	6	159	7	165	8	133	9	186	10	159	11	176	12	151	13	134	14	162	15	154	16	140	17	132	18	147	19	111	
	0	135	1	118	2	148	3	149	4	111	5	106	6	142	7	143	8	104	9	145	10	135	11	106	12	192	13	187	14	123	15	124	16	167	17	183	18	185	19	160	
	0	109	1	179	2	148	3	169	4	130	5	165	6	146	7	163	8	172	9	162	10	148	11	140	12	140	13	196	14	180	15	152	16	131	17	155	18	136	19	195	
	0	167	1	136	2	160	3	120	4	139	5	124	6	108	7	151	8	139	9	137	10	159	11	149	12	101	13	132	14	176	15	124	16	134	17	104	18	144	19	122	
	0	106	1	152	2	177	3	127	4	160	5	110	6	179	7	191	8	152	9	192	10	108	11	198	12	102	13	123	14	125	15	198	16	100	17	175	18	107	19	115	
	0	112	1	188	2	196	3	171	4	149	5	155	6	157	7	145	8	145	9	122	10	173	11	108	12	160	13	161	14	108	15	104	16	179	17	112	18	125	19	113	
	0	188	1	162	2	170	3	157	4	177	5	112	6	122	7	189	8	116	9	128	10	114	11	156	12	147	13	158	14	149	15	130	16	161	17	184	18	105	19	155	
	0	193	1	175	2	152	3	184	4	154	5	129	6	135	7	129	8	121	9	138	10	123	11	134	12	124	13	152	14	145	15	196	16	140	17	142	18	168	19	151	
	0	114	1	166	2	167	3	177	4	162	5	114	6	100	7	178	8	192	9	120	10	189	11	128	12	192	13	159	14	162	15	186	16	182	17	166	18	192	19	116	
	0	159	1	185	2	152	3	122	4	131	5	115	6	187	7	139	8	192	9	177	10	143	11	134	12	183	13	177	14	187	15	111	16	155	17	132	18	161	19	104	
	0	191	1	143	2	193	3	130	4	121	5	154	6	142	7	119	8	146	9	174	10	197	11	171	12	172	13	147	14	129	15	170	16	127	17	134	18	163	19	105	
	0	123	1	185	2	105	3	165	4	151	5	159	6	170	7	114	8	112	9	167	10	111	11	111	12	182	13	172	14	189	15	158	16	101	17	120	18	116	19	126	
	0	158	1	141	2	103	3	180	4	192	5	133	6	197	7	149	8	121	9	146	10	176	11	111	12	115	13	130	14	188	15	117	16	194	17	181	18	192	19	178	
	0	155	1	145	2	174	3	139	4	176	5	180	6	109	7	135	8	182	9	189	10	173	11	115	12	152	13	116	14	114	15	107	16	183	17	168	18	109	19	156	
	0	161	1	130	2	167	3	145	4	183	5	192	6	108	7	181	8	115	9	137	10	137	11	155	12	187	13	197	14	111	15	148	16	166	17	138	18	193	19	195	
	0	105	1	149	2	148	3	131	4	154	5	138	6	182	7	162	8	189	9	110	10	108	11	129	12	114	13	139	14	101	15	195	16	139	17	107	18	152	19	149	
	0	110	1	171	2	173	3	156	4	169	5	191	6	141	7	179	8	152	9	111	10	105	11	136	12	131	13	128	14	186	15	180	16	124	17	160	18	162	19	183	
	0	106	1	104	2	102	3	122	4	109	5	189	6	180	7	145	8	123	9	103	10	128	11	137	12	149	13	138	14	104	15	178	16	187	17	151	18	157	19	131	
	0	141	1	182	2	120	3	139	4	195	5	162	6	134	7	116	8	147	9	134	10	132	11	183	12	151	13	159	14	112	15	182	16	189	17	155	18	105	19	174	
	0	164	1	116	2	113	3	198	4	122	5	131	6	138	7	121	8	175	9	197	10	101	11	165	12	134	13	139	14	136	15	140	16	129	17	131	18	180	19	163	
	0	143	1	127	2	187	3	158	4	178	5	193	6	185	7	198	8	152	9	125	10	188	11	147	12	188	13	186	14	186	15	159	16	178	17	185	18	194	19	161	