200 30 1
30
	0	180	1	185	2	125	3	121	4	199	5	159	6	160	7	139	8	173	9	144	10	102	11	132	12	198	13	128	14	140	15	162	16	198	17	193	18	135	19	133	20	188	21	130	22	104	23	110	24	161	25	130	26	125	27	157	28	161	29	154	
	0	165	1	119	2	110	3	177	4	157	5	117	6	134	7	117	8	127	9	156	10	182	11	176	12	164	13	194	14	113	15	131	16	139	17	183	18	153	19	156	20	173	21	197	22	111	23	103	24	132	25	178	26	126	27	133	28	144	29	199	
	0	186	1	192	2	132	3	131	4	132	5	119	6	150	7	146	8	193	9	118	10	106	11	140	12	149	13	120	14	113	15	190	16	129	17	149	18	179	19	114	20	192	21	187	22	166	23	168	24	119	25	172	26	182	27	142	28	136	29	177	
	0	147	1	142	2	118	3	143	4	174	5	111	6	128	7	195	8	117	9	196	10	195	11	182	12	197	13	133	14	130	15	110	16	125	17	132	18	181	19	103	20	176	21	121	22	118	23	185	24	195	25	167	26	101	27	179	28	187	29	166	
	0	193	1	175	2	179	3	153	4	172	5	176	6	179	7	164	8	192	9	189	10	145	11	148	12	177	13	148	14	167	15	136	16	117	17	183	18	154	19	140	20	102	21	164	22	142	23	142	24	143	25	124	26	104	27	116	28	164	29	185	
	0	189	1	117	2	183	3	185	4	184	5	132	6	197	7	151	8	139	9	110	10	154	11	186	12	150	13	177	14	195	15	168	16	178	17	165	18	138	19	168	20	122	21	143	22	128	23	101	24	181	25	150	26	195	27	143	28	100	29	105	
	0	101	1	137	2	161	3	160	4	161	5	148	6	104	7	183	8	161	9	183	10	186	11	197	12	146	13	172	14	189	15	171	16	129	17	127	18	197	19	179	20	114	21	139	22	169	23	160	24	135	25	153	26	129	27	152	28	146	29	122	
	0	195	1	138	2	172	3	153	4	167	5	199	6	199	7	129	8	190	9	171	10	135	11	156	12	164	13	149	14	134	15	176	16	186	17	134	18	194	19	165	20	107	21	140	22	144	23	130	24	102	25	104	26	174	27	185	28	197	29	130	
	0	132	1	168	2	197	3	113	4	156	5	129	6	131	7	142	8	154	9	106	10	123	11	119	12	132	13	139	14	136	15	137	16	183	17	190	18	184	19	195	20	198	21	177	22	166	23	138	24	155	25	103	26	181	27	173	28	129	29	100	
	0	123	1	194	2	130	3	159	4	179	5	104	6	174	7	150	8	125	9	160	10	128	11	141	12	117	13	107	14	100	15	132	16	144	17	150	18	170	19	139	20	143	21	113	22	179	23	176	24	104	25	102	26	193	27	159	28	187	29	113	
	0	126	1	187	2	161	3	137	4	138	5	122	6	105	7	150	8	186	9	151	10	109	11	147	12	151	13	132	14	160	15	148	16	142	17	102	18	178	19	104	20	118	21	181	22	103	23	112	24	159	25	177	26	122	27	184	28	198	29	159	
	0	171	1	160	2	159	3	186	4	184	5	199	6	106	7	129	8	130	9	108	10	135	11	141	12	114	13	133	14	165	15	145	16	190	17	109	18	115	19	150	20	171	21	159	22	139	23	158	24	130	25	145	26	199	27	145	28	128	29	159	
	0	188	1	110	2	197	3	160	4	177	5	136	6	185	7	140	8	121	9	188	10	154	11	164	12	135	13	120	14	162	15	131	16	116	17	182	18	190	19	130	20	111	21	183	22	103	23	110	24	157	25	172	26	137	27	127	28	122	29	111	
	0	170	1	164	2	196	3	183	4	158	5	123	6	143	7	189	8	162	9	163	10	139	11	187	12	125	13	196	14	155	15	155	16	163	17	181	18	167	19	141	20	109	21	175	22	137	23	178	24	110	25	138	26	176	27	165	28	194	29	174	
	0	113	1	104	2	168	3	104	4	131	5	144	6	149	7	148	8	130	9	190	10	188	11	197	12	133	13	138	14	108	15	164	16	194	17	178	18	183	19	146	20	194	21	184	22	105	23	133	24	198	25	142	26	116	27	155	28	136	29	119	
	0	112	1	150	2	120	3	111	4	142	5	128	6	100	7	111	8	195	9	131	10	158	11	155	12	147	13	198	14	121	15	173	16	175	17	190	18	198	19	158	20	128	21	119	22	178	23	173	24	110	25	191	26	137	27	156	28	177	29	173	
	0	110	1	176	2	100	3	140	4	150	5	133	6	120	7	147	8	135	9	170	10	143	11	141	12	170	13	195	14	150	15	122	16	129	17	196	18	157	19	164	20	163	21	151	22	115	23	168	24	161	25	151	26	114	27	173	28	160	29	139	
	0	137	1	148	2	181	3	110	4	157	5	139	6	196	7	181	8	113	9	111	10	192	11	184	12	174	13	149	14	139	15	130	16	123	17	104	18	120	19	183	20	118	21	193	22	111	23	100	24	168	25	173	26	109	27	190	28	188	29	156	
	0	116	1	172	2	140	3	187	4	132	5	115	6	151	7	131	8	182	9	128	10	163	11	114	12	115	13	189	14	151	15	103	16	117	17	174	18	125	19	197	20	197	21	134	22	151	23	134	24	156	25	134	26	155	27	150	28	193	29	101	
	0	149	1	171	2	136	3	139	4	129	5	175	6	153	7	178	8	107	9	109	10	107	11	125	12	152	13	138	14	145	15	100	16	154	17	112	18	115	19	140	20	143	21	197	22	119	23	173	24	115	25	149	26	130	27	124	28	104	29	162	
	0	197	1	182	2	135	3	162	4	158	5	167	6	126	7	176	8	152	9	170	10	144	11	100	12	156	13	141	14	146	15	147	16	112	17	151	18	160	19	126	20	126	21	127	22	111	23	160	24	183	25	161	26	126	27	164	28	134	29	103	
	0	103	1	178	2	193	3	152	4	126	5	117	6	155	7	144	8	101	9	190	10	143	11	173	12	131	13	188	14	144	15	128	16	195	17	187	18	146	19	185	20	188	21	135	22	134	23	160	24	151	25	138	26	146	27	152	28	129	29	106	
	0	188	1	174	2	172	3	138	4	105	5	167	6	193	7	157	8	166	9	127	10	144	11	100	12	195	13	134	14	119	15	181	16	101	17	173	18	104	19	128	20	158	21	134	22	199	23	199	24	154	25	138	26	145	27	154	28	137	29	195	
	0	115	1	104	2	136	3	146	4	138	5	102	6	146	7	119	8	132	9	153	10	177	11	132	12	197	13	164	14	145	15	164	16	121	17	120	18	161	19	113	20	185	21	167	22	184	23	162	24	172	25	152	26	119	27	166	28	183	29	149	
	0	150	1	158	2	133	3	113	4	173	5	190	6	167	7	141	8	106	9	108	10	108	11	141	12	197	13	170	14	165	15	144	16	176	17	193	18	183	19	192	20	124	21	175	22	114	23	116	24	124	25	121	26	163	27	148	28	197	29	199	
	0	190	1	131	2	183	3	178	4	138	5	137	6	188	7	195	8	153	9	113	10	155	11	174	12	120	13	118	14	181	15	153	16	172	17	145	18	164	19	180	20	140	21	137	22	156	23	111	24	119	25	155	26	130	27	147	28	105	29	110	
	0	187	1	175	2	166	3	124	4	135	5	133	6	131	7	160	8	173	9	184	10	162	11	164	12	156	13	121	14	156	15	150	16	167	17	107	18	182	19	126	20	129	21	145	22	138	23	115	24	198	25	182	26	180	27	179	28	119	29	100	
	0	145	1	191	2	174	3	146	4	163	5	128	6	187	7	160	8	147	9	199	10	159	11	126	12	192	13	146	14	125	15	173	16	153	17	196	18	140	19	149	20	159	21	133	22	123	23	120	24	189	25	187	26	141	27	180	28	156	29	145	
	0	162	1	152	2	155	3	125	4	106	5	177	6	144	7	198	8	117	9	168	10	178	11	193	12	163	13	165	14	128	15	141	16	163	17	114	18	186	19	137	20	167	21	165	22	150	23	140	24	150	25	157	26	125	27	132	28	191	29	140	
	0	125	1	169	2	154	3	175	4	196	5	198	6	146	7	107	8	199	9	199	10	182	11	159	12	189	13	134	14	196	15	176	16	114	17	191	18	132	19	148	20	132	21	191	22	117	23	123	24	121	25	168	26	143	27	144	28	135	29	183	
	0	101	1	199	2	146	3	119	4	177	5	153	6	100	7	158	8	147	9	149	10	155	11	103	12	191	13	103	14	179	15	178	16	164	17	183	18	178	19	170	20	122	21	171	22	110	23	125	24	190	25	114	26	175	27	185	28	161	29	109	
	0	138	1	130	2	159	3	148	4	142	5	175	6	119	7	182	8	142	9	179	10	121	11	159	12	195	13	161	14	131	15	110	16	176	17	182	18	152	19	107	20	164	21	168	22	123	23	195	24	177	25	199	26	129	27	183	28	199	29	134	
	0	184	1	152	2	187	3	151	4	172	5	172	6	154	7	164	8	126	9	162	10	162	11	191	12	179	13	116	14	177	15	111	16	158	17	154	18	137	19	193	20	163	21	136	22	120	23	193	24	113	25	176	26	124	27	109	28	163	29	158	
	0	183	1	188	2	112	3	133	4	185	5	105	6	165	7	130	8	115	9	119	10	123	11	185	12	101	13	105	14	138	15	153	16	151	17	155	18	124	19	145	20	122	21	160	22	195	23	149	24	197	25	199	26	163	27	154	28	111	29	112	
	0	164	1	189	2	125	3	115	4	181	5	184	6	109	7	113	8	133	9	139	10	179	11	168	12	107	13	124	14	130	15	134	16	125	17	177	18	174	19	146	20	169	21	177	22	173	23	125	24	101	25	190	26	161	27	140	28	173	29	162	
	0	119	1	103	2	119	3	103	4	130	5	111	6	183	7	173	8	178	9	197	10	197	11	139	12	199	13	143	14	193	15	109	16	177	17	128	18	165	19	148	20	190	21	116	22	158	23	181	24	137	25	122	26	116	27	101	28	186	29	177	
	0	160	1	118	2	123	3	114	4	113	5	118	6	154	7	168	8	175	9	144	10	180	11	151	12	165	13	105	14	143	15	167	16	125	17	113	18	119	19	165	20	150	21	104	22	140	23	124	24	173	25	128	26	107	27	126	28	158	29	103	
	0	146	1	122	2	150	3	155	4	131	5	138	6	190	7	118	8	157	9	133	10	167	11	157	12	116	13	171	14	153	15	153	16	107	17	166	18	147	19	160	20	171	21	185	22	104	23	114	24	185	25	156	26	164	27	156	28	141	29	174	
	0	116	1	191	2	119	3	159	4	141	5	129	6	128	7	150	8	125	9	140	10	199	11	120	12	173	13	117	14	165	15	123	16	108	17	132	18	174	19	110	20	163	21	155	22	162	23	126	24	182	25	185	26	140	27	130	28	138	29	156	
	0	191	1	188	2	113	3	126	4	190	5	163	6	160	7	113	8	138	9	106	10	199	11	168	12	156	13	199	14	176	15	178	16	152	17	173	18	190	19	118	20	118	21	111	22	105	23	140	24	135	25	130	26	153	27	186	28	188	29	163	
	0	163	1	107	2	135	3	154	4	175	5	147	6	124	7	151	8	195	9	173	10	164	11	159	12	108	13	153	14	192	15	102	16	100	17	161	18	112	19	192	20	153	21	190	22	146	23	183	24	170	25	105	26	198	27	180	28	172	29	156	
	0	101	1	182	2	123	3	123	4	116	5	128	6	119	7	151	8	179	9	171	10	118	11	131	12	158	13	131	14	143	15	115	16	110	17	115	18	114	19	134	20	109	21	133	22	139	23	104	24	197	25	132	26	197	27	136	28	148	29	117	
	0	192	1	137	2	182	3	109	4	118	5	183	6	187	7	168	8	172	9	185	10	100	11	135	12	129	13	101	14	108	15	164	16	101	17	140	18	144	19	184	20	132	21	162	22	188	23	179	24	173	25	117	26	120	27	108	28	193	29	178	
	0	136	1	175	2	105	3	165	4	125	5	186	6	129	7	135	8	186	9	128	10	183	11	187	12	186	13	179	14	112	15	117	16	143	17	122	18	154	19	113	20	140	21	178	22	152	23	151	24	116	25	162	26	118	27	133	28	116	29	109	
	0	196	1	116	2	167	3	160	4	179	5	165	6	152	7	122	8	115	9	183	10	125	11	199	12	188	13	117	14	163	15	122	16	184	17	145	18	163	19	127	20	161	21	128	22	124	23	177	24	124	25	142	26	110	27	158	28	131	29	107	
	0	107	1	175	2	198	3	120	4	180	5	195	6	173	7	124	8	189	9	173	10	139	11	135	12	186	13	114	14	106	15	128	16	150	17	105	18	168	19	115	20	150	21	189	22	199	23	193	24	110	25	105	26	130	27	184	28	141	29	103	
	0	176	1	148	2	106	3	104	4	153	5	136	6	120	7	197	8	195	9	191	10	146	11	166	12	131	13	103	14	104	15	171	16	186	17	199	18	154	19	164	20	116	21	157	22	147	23	123	24	108	25	115	26	199	27	130	28	129	29	143	
	0	157	1	182	2	196	3	139	4	193	5	178	6	186	7	159	8	198	9	133	10	103	11	154	12	152	13	135	14	199	15	151	16	132	17	104	18	196	19	115	20	157	21	159	22	148	23	101	24	199	25	114	26	175	27	131	28	155	29	119	
	0	162	1	165	2	107	3	130	4	136	5	129	6	156	7	138	8	150	9	164	10	122	11	155	12	175	13	120	14	175	15	198	16	105	17	151	18	172	19	125	20	199	21	164	22	109	23	169	24	136	25	169	26	188	27	160	28	133	29	108	
	0	138	1	181	2	135	3	108	4	166	5	120	6	176	7	189	8	171	9	172	10	176	11	185	12	181	13	167	14	128	15	157	16	171	17	124	18	182	19	127	20	168	21	160	22	184	23	169	24	147	25	135	26	124	27	195	28	178	29	179	
	0	137	1	151	2	108	3	112	4	102	5	142	6	115	7	162	8	111	9	136	10	130	11	120	12	116	13	169	14	154	15	158	16	177	17	162	18	156	19	113	20	123	21	167	22	159	23	163	24	179	25	155	26	192	27	197	28	121	29	190	
	0	124	1	127	2	121	3	124	4	129	5	167	6	117	7	193	8	129	9	186	10	154	11	133	12	196	13	125	14	198	15	147	16	149	17	123	18	175	19	199	20	189	21	124	22	191	23	183	24	181	25	177	26	111	27	133	28	182	29	147	
	0	130	1	170	2	174	3	182	4	158	5	129	6	152	7	108	8	170	9	187	10	116	11	180	12	121	13	137	14	143	15	136	16	150	17	101	18	151	19	114	20	138	21	119	22	172	23	174	24	110	25	163	26	126	27	107	28	113	29	127	
	0	138	1	101	2	174	3	142	4	184	5	102	6	131	7	101	8	151	9	101	10	100	11	167	12	105	13	162	14	143	15	188	16	189	17	109	18	105	19	154	20	120	21	111	22	157	23	191	24	120	25	127	26	100	27	131	28	140	29	199	
	0	117	1	175	2	112	3	178	4	187	5	192	6	103	7	134	8	186	9	162	10	128	11	103	12	111	13	116	14	108	15	126	16	125	17	141	18	168	19	164	20	113	21	126	22	106	23	135	24	113	25	126	26	156	27	199	28	153	29	115	
	0	120	1	147	2	198	3	158	4	163	5	139	6	157	7	143	8	135	9	111	10	148	11	132	12	173	13	153	14	132	15	152	16	151	17	155	18	159	19	192	20	162	21	176	22	192	23	184	24	140	25	117	26	102	27	149	28	153	29	122	
	0	181	1	108	2	180	3	134	4	101	5	115	6	173	7	152	8	182	9	159	10	167	11	187	12	180	13	104	14	156	15	145	16	141	17	126	18	148	19	146	20	136	21	194	22	168	23	143	24	133	25	126	26	139	27	117	28	115	29	171	
	0	120	1	151	2	101	3	132	4	147	5	145	6	130	7	175	8	185	9	149	10	183	11	112	12	187	13	168	14	140	15	190	16	150	17	105	18	124	19	154	20	151	21	185	22	189	23	111	24	106	25	171	26	132	27	123	28	185	29	116	
	0	101	1	113	2	187	3	195	4	180	5	156	6	102	7	195	8	144	9	141	10	182	11	169	12	133	13	158	14	156	15	125	16	145	17	105	18	116	19	102	20	115	21	183	22	119	23	110	24	110	25	134	26	184	27	149	28	157	29	195	
	0	109	1	125	2	172	3	166	4	107	5	146	6	178	7	120	8	112	9	104	10	100	11	183	12	102	13	186	14	127	15	173	16	105	17	163	18	126	19	142	20	192	21	116	22	196	23	167	24	180	25	128	26	146	27	104	28	190	29	128	
	0	164	1	146	2	120	3	136	4	127	5	119	6	192	7	104	8	151	9	149	10	102	11	144	12	134	13	117	14	159	15	186	16	133	17	137	18	126	19	109	20	137	21	124	22	155	23	127	24	115	25	141	26	159	27	176	28	134	29	116	
	0	152	1	150	2	146	3	180	4	173	5	146	6	187	7	172	8	158	9	180	10	147	11	177	12	114	13	184	14	121	15	172	16	138	17	114	18	183	19	138	20	152	21	163	22	111	23	103	24	140	25	186	26	102	27	189	28	151	29	125	
	0	109	1	142	2	117	3	125	4	158	5	177	6	165	7	105	8	151	9	148	10	117	11	192	12	166	13	130	14	131	15	155	16	166	17	127	18	139	19	125	20	189	21	180	22	190	23	129	24	123	25	193	26	181	27	182	28	134	29	199	
	0	156	1	143	2	153	3	100	4	147	5	106	6	151	7	197	8	175	9	103	10	141	11	111	12	128	13	114	14	157	15	138	16	154	17	113	18	188	19	131	20	163	21	169	22	151	23	191	24	161	25	188	26	186	27	171	28	109	29	103	
	0	184	1	147	2	155	3	142	4	103	5	115	6	101	7	133	8	135	9	100	10	127	11	176	12	187	13	174	14	189	15	191	16	130	17	174	18	106	19	178	20	100	21	152	22	131	23	148	24	190	25	107	26	164	27	103	28	168	29	100	
	0	103	1	141	2	150	3	193	4	160	5	183	6	122	7	186	8	194	9	141	10	118	11	146	12	162	13	138	14	101	15	117	16	134	17	158	18	175	19	131	20	108	21	167	22	126	23	113	24	142	25	135	26	125	27	188	28	120	29	186	
	0	136	1	101	2	137	3	191	4	134	5	185	6	141	7	165	8	168	9	170	10	199	11	160	12	146	13	144	14	155	15	107	16	184	17	135	18	133	19	117	20	111	21	103	22	102	23	139	24	126	25	143	26	151	27	169	28	176	29	126	
	0	176	1	185	2	167	3	189	4	197	5	143	6	171	7	187	8	145	9	128	10	118	11	182	12	176	13	128	14	100	15	100	16	119	17	138	18	168	19	108	20	192	21	154	22	162	23	112	24	115	25	163	26	191	27	177	28	138	29	132	
	0	155	1	173	2	152	3	125	4	105	5	174	6	105	7	119	8	126	9	115	10	169	11	184	12	155	13	176	14	118	15	182	16	121	17	111	18	141	19	159	20	149	21	153	22	104	23	138	24	172	25	109	26	168	27	121	28	102	29	167	
	0	198	1	118	2	182	3	158	4	189	5	181	6	102	7	112	8	167	9	104	10	193	11	137	12	195	13	166	14	157	15	120	16	171	17	178	18	144	19	197	20	102	21	103	22	102	23	130	24	146	25	117	26	130	27	189	28	172	29	155	
	0	174	1	138	2	137	3	152	4	153	5	195	6	186	7	102	8	137	9	192	10	164	11	173	12	185	13	137	14	174	15	105	16	133	17	111	18	164	19	187	20	125	21	143	22	140	23	157	24	152	25	142	26	132	27	154	28	134	29	154	
	0	164	1	184	2	192	3	114	4	121	5	126	6	125	7	157	8	147	9	158	10	102	11	149	12	192	13	160	14	167	15	152	16	103	17	161	18	134	19	192	20	184	21	154	22	116	23	111	24	190	25	101	26	194	27	194	28	123	29	147	
	0	134	1	131	2	195	3	113	4	192	5	130	6	128	7	184	8	188	9	104	10	113	11	155	12	119	13	172	14	171	15	159	16	114	17	156	18	189	19	163	20	198	21	144	22	177	23	151	24	181	25	130	26	161	27	108	28	137	29	193	
	0	123	1	130	2	141	3	123	4	193	5	132	6	134	7	167	8	168	9	149	10	176	11	169	12	112	13	164	14	178	15	193	16	161	17	147	18	130	19	134	20	169	21	174	22	170	23	147	24	170	25	138	26	164	27	157	28	103	29	197	
	0	117	1	196	2	139	3	104	4	123	5	164	6	187	7	139	8	117	9	124	10	102	11	126	12	112	13	150	14	175	15	102	16	143	17	167	18	149	19	176	20	131	21	182	22	134	23	166	24	109	25	144	26	158	27	159	28	102	29	190	
	0	156	1	132	2	154	3	106	4	133	5	104	6	132	7	141	8	108	9	106	10	146	11	122	12	178	13	103	14	128	15	173	16	186	17	164	18	155	19	138	20	145	21	169	22	105	23	121	24	168	25	147	26	172	27	196	28	175	29	113	
	0	178	1	186	2	179	3	189	4	127	5	180	6	188	7	136	8	193	9	162	10	185	11	167	12	176	13	121	14	152	15	180	16	128	17	188	18	149	19	174	20	122	21	180	22	147	23	104	24	117	25	173	26	120	27	122	28	179	29	182	
	0	167	1	141	2	183	3	110	4	180	5	109	6	125	7	109	8	199	9	158	10	188	11	199	12	185	13	116	14	168	15	143	16	152	17	149	18	133	19	156	20	177	21	144	22	132	23	194	24	153	25	107	26	145	27	195	28	197	29	114	
	0	105	1	134	2	144	3	107	4	163	5	184	6	160	7	167	8	187	9	182	10	103	11	183	12	107	13	175	14	192	15	160	16	170	17	199	18	158	19	193	20	154	21	162	22	110	23	170	24	180	25	170	26	117	27	115	28	131	29	152	
	0	108	1	163	2	172	3	178	4	144	5	179	6	118	7	146	8	114	9	139	10	122	11	107	12	125	13	179	14	133	15	148	16	187	17	172	18	153	19	115	20	125	21	145	22	154	23	105	24	142	25	169	26	191	27	152	28	184	29	155	
	0	174	1	106	2	104	3	154	4	181	5	183	6	188	7	156	8	138	9	126	10	146	11	126	12	134	13	171	14	191	15	173	16	142	17	177	18	149	19	178	20	194	21	123	22	143	23	117	24	147	25	188	26	192	27	140	28	145	29	179	
	0	115	1	161	2	130	3	183	4	186	5	102	6	179	7	119	8	172	9	164	10	156	11	146	12	197	13	166	14	154	15	174	16	198	17	119	18	198	19	110	20	171	21	132	22	181	23	152	24	110	25	173	26	168	27	129	28	129	29	156	
	0	181	1	120	2	156	3	167	4	135	5	193	6	100	7	171	8	100	9	122	10	156	11	169	12	177	13	197	14	167	15	185	16	147	17	165	18	162	19	167	20	117	21	123	22	152	23	162	24	133	25	174	26	156	27	140	28	149	29	106	
	0	127	1	196	2	152	3	178	4	140	5	126	6	118	7	114	8	105	9	117	10	192	11	132	12	112	13	128	14	104	15	170	16	170	17	103	18	113	19	184	20	151	21	134	22	156	23	140	24	184	25	110	26	163	27	196	28	139	29	107	
	0	151	1	185	2	146	3	164	4	154	5	110	6	131	7	150	8	121	9	196	10	130	11	185	12	169	13	107	14	143	15	156	16	181	17	179	18	192	19	138	20	172	21	198	22	181	23	155	24	125	25	133	26	136	27	114	28	159	29	131	
	0	136	1	162	2	100	3	189	4	129	5	164	6	178	7	152	8	104	9	191	10	186	11	173	12	137	13	102	14	149	15	186	16	163	17	127	18	104	19	135	20	193	21	132	22	135	23	184	24	196	25	104	26	102	27	150	28	176	29	157	
	0	140	1	142	2	191	3	113	4	102	5	185	6	180	7	188	8	161	9	102	10	169	11	144	12	152	13	199	14	154	15	124	16	168	17	139	18	123	19	187	20	149	21	153	22	140	23	149	24	166	25	161	26	179	27	103	28	186	29	168	
	0	178	1	164	2	139	3	169	4	176	5	152	6	140	7	123	8	103	9	137	10	114	11	127	12	121	13	102	14	179	15	136	16	132	17	116	18	132	19	118	20	162	21	153	22	197	23	119	24	149	25	163	26	179	27	177	28	168	29	113	
	0	117	1	165	2	136	3	129	4	124	5	150	6	107	7	150	8	154	9	186	10	183	11	126	12	182	13	165	14	139	15	101	16	115	17	115	18	139	19	145	20	139	21	144	22	137	23	185	24	178	25	196	26	169	27	116	28	164	29	142	
	0	129	1	110	2	143	3	134	4	102	5	174	6	122	7	182	8	116	9	100	10	104	11	142	12	168	13	144	14	169	15	144	16	177	17	165	18	116	19	103	20	188	21	103	22	189	23	185	24	109	25	182	26	150	27	172	28	147	29	155	
	0	161	1	193	2	176	3	134	4	181	5	163	6	131	7	154	8	142	9	120	10	135	11	186	12	174	13	171	14	133	15	197	16	143	17	177	18	181	19	177	20	179	21	150	22	122	23	150	24	179	25	132	26	156	27	153	28	148	29	115	
	0	144	1	152	2	176	3	145	4	187	5	172	6	153	7	144	8	151	9	126	10	120	11	193	12	123	13	148	14	153	15	177	16	174	17	183	18	171	19	192	20	104	21	183	22	138	23	183	24	153	25	179	26	165	27	105	28	107	29	115	
	0	184	1	153	2	107	3	148	4	107	5	144	6	131	7	133	8	145	9	106	10	103	11	125	12	127	13	160	14	126	15	182	16	195	17	124	18	172	19	182	20	110	21	188	22	102	23	185	24	199	25	118	26	170	27	193	28	115	29	133	
	0	138	1	157	2	150	3	174	4	112	5	174	6	190	7	158	8	136	9	185	10	100	11	183	12	130	13	155	14	112	15	146	16	166	17	171	18	134	19	119	20	162	21	104	22	195	23	110	24	127	25	183	26	101	27	150	28	168	29	172	
	0	136	1	128	2	105	3	154	4	166	5	106	6	116	7	106	8	158	9	196	10	118	11	144	12	130	13	104	14	100	15	136	16	182	17	142	18	108	19	176	20	149	21	176	22	104	23	167	24	187	25	161	26	159	27	119	28	172	29	137	
	0	172	1	100	2	101	3	145	4	168	5	121	6	161	7	145	8	150	9	148	10	199	11	137	12	101	13	169	14	167	15	158	16	142	17	109	18	103	19	110	20	169	21	177	22	148	23	198	24	103	25	126	26	198	27	153	28	110	29	187	
	0	137	1	110	2	177	3	126	4	170	5	157	6	114	7	169	8	174	9	131	10	107	11	133	12	101	13	134	14	145	15	130	16	127	17	127	18	140	19	101	20	189	21	194	22	151	23	193	24	163	25	110	26	167	27	117	28	139	29	148	
	0	136	1	129	2	102	3	149	4	124	5	117	6	182	7	143	8	185	9	127	10	124	11	116	12	106	13	164	14	167	15	107	16	174	17	149	18	119	19	181	20	104	21	108	22	156	23	183	24	111	25	162	26	183	27	166	28	126	29	193	
	0	103	1	119	2	176	3	187	4	184	5	118	6	156	7	130	8	142	9	148	10	127	11	191	12	109	13	184	14	139	15	133	16	102	17	191	18	147	19	135	20	161	21	142	22	156	23	122	24	153	25	181	26	161	27	114	28	174	29	187	
	0	138	1	185	2	110	3	125	4	196	5	121	6	180	7	113	8	145	9	155	10	169	11	147	12	106	13	144	14	113	15	111	16	119	17	109	18	142	19	118	20	150	21	147	22	199	23	140	24	124	25	132	26	180	27	127	28	101	29	142	
	0	142	1	193	2	199	3	165	4	128	5	135	6	134	7	161	8	125	9	178	10	156	11	186	12	156	13	101	14	104	15	159	16	142	17	169	18	189	19	107	20	110	21	177	22	157	23	135	24	176	25	137	26	159	27	177	28	181	29	177	
	0	183	1	150	2	154	3	108	4	196	5	154	6	172	7	180	8	132	9	109	10	191	11	137	12	188	13	198	14	115	15	109	16	174	17	161	18	137	19	130	20	198	21	199	22	135	23	128	24	181	25	109	26	144	27	123	28	125	29	158	
	0	179	1	188	2	110	3	185	4	118	5	196	6	113	7	103	8	134	9	154	10	120	11	126	12	130	13	186	14	145	15	116	16	154	17	136	18	173	19	143	20	195	21	114	22	121	23	185	24	164	25	162	26	135	27	150	28	164	29	152	
	0	191	1	161	2	111	3	108	4	112	5	180	6	138	7	137	8	187	9	140	10	124	11	177	12	155	13	180	14	199	15	197	16	128	17	142	18	180	19	153	20	103	21	172	22	123	23	138	24	158	25	146	26	167	27	120	28	181	29	154	
	0	150	1	146	2	104	3	104	4	108	5	164	6	163	7	155	8	199	9	192	10	197	11	129	12	184	13	174	14	193	15	115	16	128	17	199	18	125	19	110	20	198	21	109	22	141	23	155	24	105	25	140	26	142	27	189	28	169	29	101	
	0	156	1	128	2	132	3	124	4	113	5	158	6	159	7	117	8	173	9	174	10	135	11	127	12	120	13	199	14	150	15	116	16	154	17	134	18	187	19	150	20	155	21	116	22	167	23	100	24	110	25	195	26	149	27	129	28	180	29	106	
	0	177	1	117	2	156	3	121	4	108	5	161	6	133	7	164	8	120	9	106	10	156	11	181	12	148	13	103	14	126	15	136	16	116	17	116	18	118	19	162	20	127	21	107	22	110	23	154	24	104	25	165	26	112	27	157	28	143	29	110	
	0	149	1	162	2	137	3	158	4	129	5	178	6	108	7	131	8	144	9	144	10	123	11	116	12	153	13	135	14	129	15	117	16	114	17	199	18	116	19	182	20	121	21	167	22	172	23	122	24	174	25	150	26	121	27	108	28	126	29	181	
	0	151	1	101	2	160	3	172	4	186	5	137	6	146	7	168	8	155	9	109	10	187	11	120	12	179	13	138	14	160	15	170	16	150	17	199	18	114	19	133	20	114	21	101	22	171	23	157	24	102	25	179	26	112	27	147	28	118	29	126	
	0	131	1	190	2	106	3	119	4	165	5	140	6	179	7	157	8	105	9	122	10	126	11	123	12	157	13	196	14	104	15	133	16	109	17	148	18	155	19	131	20	110	21	116	22	136	23	166	24	128	25	136	26	117	27	147	28	140	29	122	
	0	142	1	199	2	105	3	158	4	143	5	133	6	101	7	146	8	173	9	108	10	161	11	119	12	179	13	100	14	127	15	194	16	128	17	108	18	120	19	149	20	112	21	107	22	142	23	167	24	184	25	116	26	147	27	151	28	198	29	164	
	0	137	1	162	2	145	3	166	4	174	5	115	6	197	7	185	8	160	9	199	10	172	11	118	12	113	13	122	14	159	15	186	16	164	17	164	18	193	19	144	20	185	21	107	22	137	23	160	24	135	25	118	26	138	27	143	28	134	29	123	
	0	111	1	131	2	171	3	143	4	101	5	108	6	112	7	166	8	126	9	189	10	152	11	110	12	132	13	112	14	107	15	144	16	191	17	192	18	196	19	189	20	148	21	177	22	192	23	164	24	143	25	195	26	129	27	198	28	171	29	164	
	0	155	1	136	2	190	3	141	4	158	5	189	6	172	7	188	8	169	9	155	10	146	11	195	12	103	13	171	14	184	15	149	16	105	17	145	18	182	19	154	20	120	21	102	22	104	23	182	24	173	25	133	26	189	27	183	28	159	29	190	
	0	183	1	183	2	135	3	114	4	122	5	124	6	107	7	192	8	135	9	131	10	162	11	173	12	147	13	173	14	145	15	126	16	113	17	134	18	152	19	196	20	168	21	148	22	135	23	121	24	186	25	179	26	147	27	138	28	111	29	103	
	0	137	1	154	2	126	3	147	4	190	5	132	6	111	7	118	8	134	9	117	10	117	11	156	12	155	13	121	14	122	15	174	16	117	17	156	18	106	19	199	20	104	21	159	22	181	23	146	24	138	25	180	26	194	27	109	28	120	29	135	
	0	121	1	161	2	123	3	102	4	183	5	129	6	144	7	148	8	193	9	145	10	110	11	171	12	135	13	172	14	124	15	183	16	184	17	101	18	179	19	168	20	100	21	163	22	173	23	152	24	189	25	188	26	148	27	135	28	187	29	156	
	0	102	1	191	2	159	3	143	4	154	5	163	6	195	7	152	8	197	9	136	10	184	11	103	12	195	13	103	14	177	15	106	16	181	17	179	18	124	19	112	20	104	21	167	22	159	23	166	24	179	25	136	26	181	27	190	28	125	29	116	
	0	174	1	187	2	118	3	184	4	165	5	199	6	114	7	192	8	142	9	101	10	117	11	164	12	169	13	130	14	186	15	108	16	114	17	139	18	185	19	185	20	174	21	137	22	187	23	163	24	138	25	122	26	142	27	166	28	151	29	168	
	0	138	1	153	2	199	3	182	4	144	5	136	6	144	7	116	8	198	9	105	10	159	11	108	12	184	13	126	14	183	15	116	16	154	17	173	18	199	19	110	20	150	21	144	22	118	23	162	24	120	25	158	26	198	27	144	28	178	29	168	
	0	193	1	154	2	158	3	185	4	101	5	130	6	177	7	159	8	111	9	113	10	134	11	123	12	167	13	196	14	106	15	184	16	126	17	195	18	163	19	141	20	176	21	132	22	139	23	133	24	184	25	194	26	176	27	191	28	179	29	102	
	0	150	1	156	2	190	3	116	4	162	5	173	6	193	7	171	8	179	9	163	10	165	11	184	12	150	13	101	14	149	15	185	16	198	17	151	18	130	19	193	20	158	21	181	22	100	23	144	24	123	25	176	26	153	27	133	28	191	29	147	
	0	192	1	196	2	168	3	187	4	110	5	138	6	161	7	167	8	111	9	156	10	134	11	158	12	104	13	108	14	136	15	139	16	174	17	156	18	114	19	127	20	107	21	149	22	190	23	151	24	104	25	159	26	163	27	113	28	147	29	131	
	0	179	1	153	2	130	3	109	4	130	5	177	6	161	7	133	8	132	9	137	10	126	11	190	12	188	13	110	14	132	15	157	16	149	17	193	18	162	19	132	20	164	21	108	22	185	23	131	24	172	25	122	26	128	27	193	28	104	29	152	
	0	176	1	155	2	139	3	185	4	161	5	122	6	138	7	118	8	132	9	127	10	189	11	122	12	131	13	156	14	168	15	104	16	115	17	171	18	127	19	136	20	169	21	162	22	170	23	166	24	145	25	186	26	195	27	123	28	103	29	149	
	0	144	1	156	2	171	3	139	4	128	5	187	6	180	7	122	8	138	9	117	10	197	11	189	12	143	13	163	14	190	15	123	16	198	17	183	18	118	19	142	20	197	21	175	22	150	23	118	24	150	25	192	26	129	27	100	28	159	29	116	
	0	138	1	139	2	168	3	182	4	168	5	174	6	140	7	180	8	172	9	166	10	175	11	171	12	182	13	159	14	199	15	183	16	106	17	170	18	177	19	134	20	194	21	137	22	124	23	106	24	190	25	163	26	161	27	171	28	167	29	168	
	0	145	1	187	2	164	3	197	4	120	5	126	6	143	7	116	8	115	9	174	10	129	11	121	12	157	13	116	14	106	15	122	16	108	17	182	18	108	19	114	20	111	21	192	22	162	23	110	24	171	25	121	26	108	27	170	28	163	29	163	
	0	162	1	174	2	193	3	155	4	139	5	184	6	112	7	108	8	136	9	121	10	171	11	152	12	150	13	196	14	144	15	164	16	157	17	104	18	147	19	140	20	115	21	191	22	106	23	126	24	178	25	196	26	134	27	133	28	153	29	146	
	0	180	1	195	2	186	3	146	4	189	5	121	6	192	7	194	8	136	9	163	10	172	11	173	12	146	13	179	14	124	15	119	16	116	17	174	18	147	19	146	20	198	21	138	22	101	23	176	24	159	25	148	26	182	27	171	28	114	29	113	
	0	101	1	192	2	192	3	161	4	163	5	119	6	107	7	108	8	146	9	179	10	115	11	192	12	130	13	128	14	192	15	189	16	159	17	105	18	173	19	196	20	181	21	157	22	124	23	163	24	135	25	101	26	170	27	125	28	130	29	179	
	0	139	1	102	2	183	3	195	4	182	5	187	6	186	7	167	8	147	9	160	10	179	11	154	12	159	13	191	14	109	15	178	16	140	17	165	18	178	19	102	20	199	21	196	22	169	23	127	24	114	25	111	26	108	27	179	28	151	29	123	
	0	110	1	105	2	119	3	134	4	104	5	199	6	196	7	110	8	173	9	141	10	184	11	185	12	196	13	156	14	158	15	148	16	147	17	139	18	122	19	167	20	182	21	151	22	117	23	182	24	109	25	194	26	103	27	114	28	186	29	166	
	0	142	1	140	2	195	3	107	4	136	5	171	6	116	7	182	8	165	9	146	10	182	11	125	12	166	13	180	14	113	15	120	16	162	17	135	18	116	19	147	20	191	21	176	22	122	23	160	24	101	25	132	26	151	27	168	28	152	29	197	
	0	182	1	101	2	147	3	177	4	180	5	166	6	138	7	117	8	175	9	194	10	152	11	198	12	132	13	159	14	130	15	180	16	181	17	187	18	169	19	151	20	134	21	143	22	183	23	130	24	128	25	184	26	129	27	125	28	125	29	187	
	0	188	1	187	2	152	3	140	4	106	5	138	6	137	7	186	8	116	9	170	10	116	11	155	12	143	13	120	14	147	15	183	16	143	17	173	18	181	19	160	20	160	21	109	22	166	23	165	24	144	25	124	26	153	27	187	28	159	29	192	
	0	171	1	153	2	183	3	189	4	187	5	144	6	143	7	138	8	134	9	147	10	146	11	128	12	163	13	122	14	172	15	106	16	119	17	117	18	186	19	151	20	128	21	196	22	111	23	185	24	169	25	110	26	116	27	195	28	184	29	118	
	0	181	1	158	2	167	3	136	4	126	5	105	6	164	7	125	8	165	9	174	10	111	11	185	12	121	13	130	14	106	15	150	16	196	17	137	18	176	19	150	20	154	21	159	22	151	23	147	24	166	25	155	26	134	27	134	28	139	29	189	
	0	111	1	129	2	132	3	158	4	166	5	171	6	168	7	189	8	162	9	146	10	114	11	155	12	196	13	153	14	132	15	176	16	151	17	188	18	135	19	168	20	127	21	144	22	139	23	192	24	170	25	136	26	149	27	190	28	125	29	193	
	0	199	1	149	2	199	3	131	4	116	5	186	6	133	7	157	8	194	9	180	10	150	11	124	12	128	13	102	14	122	15	117	16	192	17	111	18	146	19	107	20	133	21	117	22	151	23	144	24	198	25	142	26	145	27	139	28	120	29	104	
	0	170	1	140	2	111	3	135	4	144	5	177	6	165	7	128	8	131	9	168	10	147	11	175	12	196	13	138	14	168	15	154	16	143	17	186	18	172	19	126	20	145	21	176	22	174	23	122	24	179	25	178	26	190	27	190	28	151	29	185	
	0	123	1	183	2	137	3	101	4	176	5	127	6	165	7	110	8	155	9	125	10	155	11	195	12	183	13	184	14	135	15	149	16	191	17	194	18	129	19	177	20	164	21	169	22	110	23	155	24	114	25	132	26	125	27	126	28	108	29	139	
	0	197	1	178	2	190	3	143	4	166	5	169	6	100	7	190	8	178	9	183	10	178	11	161	12	196	13	109	14	127	15	121	16	117	17	116	18	127	19	169	20	151	21	100	22	161	23	132	24	137	25	143	26	181	27	199	28	129	29	109	
	0	107	1	109	2	158	3	137	4	128	5	174	6	142	7	121	8	163	9	191	10	169	11	119	12	105	13	148	14	167	15	176	16	110	17	130	18	163	19	116	20	189	21	112	22	177	23	100	24	174	25	192	26	116	27	153	28	126	29	154	
	0	165	1	141	2	163	3	164	4	159	5	194	6	103	7	158	8	164	9	143	10	144	11	179	12	140	13	123	14	166	15	177	16	161	17	103	18	160	19	145	20	196	21	132	22	149	23	118	24	199	25	110	26	151	27	180	28	181	29	168	
	0	115	1	190	2	190	3	183	4	157	5	193	6	164	7	126	8	121	9	109	10	115	11	105	12	191	13	184	14	104	15	187	16	155	17	158	18	103	19	158	20	122	21	180	22	134	23	177	24	163	25	153	26	178	27	188	28	193	29	152	
	0	140	1	100	2	190	3	176	4	113	5	132	6	128	7	135	8	124	9	181	10	107	11	164	12	129	13	165	14	197	15	128	16	156	17	194	18	166	19	189	20	199	21	133	22	140	23	162	24	105	25	191	26	174	27	103	28	140	29	164	
	0	164	1	193	2	167	3	163	4	145	5	174	6	121	7	158	8	133	9	110	10	132	11	102	12	126	13	174	14	190	15	185	16	141	17	127	18	193	19	132	20	105	21	110	22	147	23	156	24	141	25	144	26	139	27	180	28	136	29	157	
	0	103	1	128	2	107	3	166	4	175	5	102	6	114	7	140	8	190	9	110	10	147	11	131	12	116	13	182	14	184	15	166	16	144	17	131	18	147	19	187	20	107	21	146	22	125	23	183	24	146	25	111	26	117	27	148	28	102	29	115	
	0	140	1	131	2	126	3	142	4	150	5	195	6	171	7	199	8	174	9	192	10	184	11	189	12	178	13	129	14	127	15	120	16	158	17	159	18	160	19	129	20	176	21	194	22	130	23	135	24	134	25	106	26	152	27	102	28	189	29	108	
	0	131	1	186	2	149	3	173	4	157	5	197	6	165	7	160	8	113	9	110	10	165	11	184	12	151	13	133	14	191	15	168	16	130	17	173	18	180	19	138	20	111	21	102	22	124	23	195	24	197	25	112	26	192	27	165	28	102	29	181	
	0	168	1	172	2	157	3	161	4	192	5	170	6	152	7	192	8	173	9	198	10	170	11	151	12	155	13	165	14	195	15	112	16	117	17	100	18	153	19	188	20	158	21	127	22	184	23	121	24	177	25	150	26	120	27	145	28	163	29	197	
	0	114	1	116	2	102	3	118	4	177	5	102	6	114	7	180	8	192	9	109	10	146	11	176	12	178	13	156	14	156	15	147	16	105	17	100	18	189	19	190	20	147	21	138	22	195	23	150	24	111	25	136	26	129	27	124	28	129	29	165	
	0	115	1	165	2	130	3	107	4	128	5	180	6	163	7	170	8	125	9	101	10	167	11	103	12	107	13	186	14	152	15	140	16	100	17	193	18	163	19	147	20	162	21	101	22	137	23	190	24	197	25	110	26	116	27	158	28	112	29	192	
	0	106	1	157	2	184	3	192	4	164	5	178	6	193	7	125	8	110	9	119	10	178	11	190	12	103	13	193	14	180	15	149	16	185	17	169	18	190	19	181	20	195	21	120	22	104	23	169	24	107	25	129	26	194	27	108	28	187	29	138	
	0	177	1	186	2	107	3	108	4	158	5	121	6	146	7	189	8	194	9	106	10	195	11	153	12	125	13	154	14	179	15	173	16	134	17	180	18	160	19	199	20	156	21	181	22	160	23	162	24	124	25	187	26	144	27	159	28	180	29	108	
	0	121	1	190	2	100	3	107	4	126	5	155	6	108	7	141	8	127	9	128	10	182	11	101	12	158	13	123	14	154	15	195	16	111	17	118	18	180	19	131	20	154	21	183	22	172	23	146	24	138	25	115	26	177	27	114	28	145	29	155	
	0	117	1	118	2	180	3	165	4	138	5	137	6	133	7	125	8	120	9	100	10	136	11	131	12	181	13	136	14	190	15	158	16	173	17	127	18	143	19	104	20	162	21	146	22	135	23	156	24	100	25	183	26	146	27	150	28	192	29	114	
	0	126	1	113	2	123	3	101	4	138	5	103	6	198	7	146	8	164	9	123	10	120	11	133	12	131	13	171	14	184	15	150	16	108	17	109	18	149	19	139	20	143	21	139	22	149	23	166	24	183	25	184	26	130	27	138	28	194	29	170	
	0	136	1	151	2	134	3	126	4	116	5	107	6	178	7	152	8	117	9	166	10	181	11	184	12	121	13	102	14	110	15	138	16	147	17	184	18	127	19	197	20	116	21	150	22	160	23	143	24	168	25	130	26	173	27	112	28	195	29	197	
	0	100	1	169	2	114	3	126	4	170	5	166	6	185	7	130	8	124	9	128	10	150	11	155	12	142	13	101	14	195	15	181	16	183	17	133	18	120	19	157	20	125	21	113	22	177	23	190	24	192	25	151	26	192	27	166	28	194	29	190	
	0	196	1	105	2	119	3	166	4	117	5	110	6	106	7	108	8	182	9	199	10	188	11	199	12	169	13	175	14	127	15	169	16	114	17	111	18	168	19	144	20	173	21	185	22	144	23	182	24	111	25	133	26	165	27	153	28	124	29	155	
	0	145	1	146	2	195	3	122	4	179	5	141	6	101	7	187	8	177	9	188	10	171	11	177	12	190	13	148	14	183	15	117	16	134	17	121	18	134	19	100	20	172	21	152	22	122	23	124	24	188	25	159	26	111	27	144	28	110	29	164	
	0	128	1	168	2	135	3	171	4	157	5	164	6	156	7	146	8	139	9	173	10	108	11	156	12	123	13	162	14	103	15	105	16	147	17	186	18	137	19	160	20	135	21	183	22	107	23	155	24	118	25	199	26	178	27	117	28	102	29	151	
	0	159	1	132	2	161	3	165	4	136	5	178	6	129	7	146	8	178	9	169	10	198	11	149	12	170	13	129	14	192	15	128	16	114	17	194	18	198	19	121	20	192	21	195	22	105	23	185	24	114	25	171	26	121	27	133	28	174	29	152	
	0	178	1	114	2	100	3	177	4	143	5	198	6	188	7	106	8	109	9	125	10	181	11	178	12	106	13	138	14	109	15	134	16	157	17	120	18	102	19	149	20	195	21	102	22	180	23	178	24	132	25	111	26	123	27	182	28	172	29	178	
	0	164	1	171	2	192	3	116	4	130	5	155	6	188	7	152	8	190	9	148	10	196	11	121	12	150	13	161	14	192	15	169	16	114	17	120	18	137	19	122	20	157	21	159	22	130	23	121	24	181	25	172	26	143	27	146	28	160	29	130	
	0	138	1	170	2	179	3	114	4	172	5	110	6	135	7	175	8	122	9	134	10	158	11	127	12	189	13	194	14	152	15	194	16	160	17	148	18	124	19	114	20	114	21	121	22	143	23	136	24	176	25	138	26	191	27	197	28	100	29	129	
	0	196	1	117	2	132	3	190	4	164	5	146	6	158	7	140	8	105	9	171	10	165	11	184	12	166	13	100	14	162	15	116	16	151	17	169	18	172	19	129	20	141	21	161	22	154	23	143	24	102	25	180	26	116	27	174	28	125	29	198	
	0	181	1	162	2	147	3	101	4	180	5	165	6	178	7	147	8	129	9	110	10	131	11	136	12	180	13	150	14	152	15	102	16	145	17	174	18	131	19	134	20	198	21	171	22	198	23	148	24	154	25	118	26	179	27	103	28	183	29	160	
	0	104	1	127	2	188	3	131	4	101	5	148	6	185	7	164	8	111	9	112	10	179	11	179	12	193	13	114	14	107	15	193	16	160	17	182	18	123	19	181	20	184	21	197	22	158	23	199	24	143	25	197	26	158	27	151	28	199	29	129	
	0	140	1	141	2	180	3	107	4	123	5	198	6	114	7	148	8	169	9	173	10	160	11	142	12	183	13	157	14	175	15	197	16	167	17	120	18	140	19	155	20	145	21	129	22	118	23	102	24	115	25	111	26	111	27	168	28	146	29	157	
	0	141	1	107	2	191	3	183	4	148	5	127	6	103	7	123	8	135	9	151	10	164	11	194	12	184	13	160	14	140	15	126	16	162	17	186	18	179	19	187	20	190	21	166	22	145	23	174	24	170	25	105	26	133	27	130	28	122	29	138	
	0	186	1	178	2	113	3	111	4	153	5	136	6	197	7	146	8	188	9	128	10	170	11	191	12	102	13	150	14	125	15	119	16	180	17	159	18	132	19	191	20	116	21	167	22	163	23	175	24	180	25	179	26	194	27	134	28	133	29	161	
	0	170	1	186	2	114	3	152	4	167	5	182	6	109	7	140	8	142	9	177	10	190	11	123	12	101	13	131	14	140	15	102	16	132	17	114	18	189	19	171	20	115	21	181	22	117	23	115	24	194	25	121	26	186	27	141	28	112	29	193	
	0	102	1	129	2	169	3	157	4	170	5	100	6	111	7	185	8	168	9	101	10	160	11	195	12	165	13	137	14	159	15	190	16	166	17	120	18	136	19	106	20	188	21	112	22	102	23	185	24	190	25	191	26	116	27	148	28	135	29	124	
	0	175	1	191	2	165	3	183	4	160	5	183	6	182	7	190	8	117	9	170	10	185	11	105	12	131	13	121	14	117	15	154	16	100	17	138	18	166	19	170	20	106	21	150	22	193	23	132	24	181	25	153	26	164	27	196	28	136	29	193	
	0	166	1	120	2	195	3	138	4	145	5	186	6	126	7	135	8	177	9	114	10	182	11	138	12	192	13	143	14	199	15	122	16	189	17	110	18	132	19	178	20	171	21	108	22	198	23	119	24	136	25	120	26	148	27	186	28	142	29	116	
	0	140	1	164	2	177	3	169	4	185	5	143	6	142	7	151	8	148	9	122	10	105	11	167	12	172	13	142	14	142	15	136	16	147	17	147	18	127	19	144	20	195	21	142	22	194	23	180	24	164	25	192	26	193	27	132	28	171	29	161	
	0	152	1	157	2	178	3	168	4	126	5	106	6	175	7	142	8	157	9	177	10	190	11	179	12	148	13	118	14	185	15	132	16	147	17	170	18	179	19	171	20	166	21	106	22	142	23	130	24	125	25	188	26	179	27	146	28	176	29	147	
	0	174	1	116	2	139	3	171	4	114	5	157	6	151	7	128	8	131	9	132	10	129	11	188	12	164	13	158	14	183	15	187	16	176	17	158	18	113	19	175	20	165	21	123	22	197	23	114	24	180	25	162	26	136	27	163	28	135	29	100	
	0	129	1	194	2	154	3	105	4	119	5	152	6	162	7	129	8	154	9	119	10	147	11	107	12	115	13	160	14	117	15	196	16	123	17	170	18	114	19	150	20	182	21	162	22	147	23	143	24	161	25	180	26	100	27	161	28	166	29	194	
	0	162	1	163	2	119	3	166	4	186	5	138	6	155	7	114	8	132	9	189	10	188	11	111	12	153	13	141	14	134	15	193	16	173	17	189	18	170	19	166	20	161	21	118	22	198	23	164	24	110	25	141	26	114	27	142	28	120	29	173	
	0	163	1	171	2	146	3	143	4	160	5	116	6	118	7	109	8	115	9	164	10	112	11	132	12	126	13	195	14	176	15	196	16	106	17	148	18	130	19	192	20	101	21	149	22	158	23	164	24	112	25	180	26	157	27	160	28	121	29	130	
	0	184	1	133	2	195	3	140	4	199	5	199	6	166	7	171	8	138	9	101	10	103	11	155	12	123	13	123	14	126	15	168	16	133	17	130	18	156	19	108	20	194	21	138	22	160	23	101	24	158	25	186	26	172	27	170	28	113	29	130	
	0	120	1	177	2	194	3	109	4	183	5	157	6	111	7	115	8	131	9	186	10	182	11	173	12	144	13	197	14	189	15	197	16	165	17	138	18	122	19	185	20	111	21	150	22	153	23	167	24	130	25	131	26	196	27	119	28	107	29	106	
	0	118	1	176	2	123	3	195	4	171	5	165	6	139	7	160	8	140	9	160	10	161	11	172	12	170	13	147	14	170	15	136	16	194	17	171	18	143	19	197	20	100	21	127	22	108	23	161	24	185	25	169	26	169	27	106	28	164	29	130	
	0	120	1	177	2	103	3	125	4	192	5	192	6	152	7	197	8	182	9	107	10	123	11	126	12	153	13	106	14	139	15	138	16	100	17	160	18	109	19	156	20	195	21	125	22	100	23	158	24	106	25	148	26	112	27	175	28	164	29	176	
	0	130	1	113	2	159	3	190	4	161	5	105	6	126	7	120	8	184	9	166	10	160	11	101	12	195	13	184	14	155	15	116	16	187	17	177	18	122	19	187	20	135	21	150	22	111	23	101	24	181	25	188	26	150	27	158	28	186	29	107	
	0	110	1	103	2	106	3	111	4	121	5	185	6	148	7	105	8	133	9	150	10	143	11	178	12	106	13	103	14	181	15	147	16	103	17	113	18	176	19	102	20	121	21	175	22	183	23	117	24	182	25	190	26	191	27	176	28	131	29	168	
	0	117	1	113	2	109	3	184	4	153	5	108	6	198	7	198	8	167	9	169	10	192	11	135	12	133	13	126	14	135	15	131	16	152	17	182	18	137	19	111	20	105	21	188	22	100	23	183	24	127	25	154	26	195	27	136	28	182	29	169	
	0	125	1	108	2	147	3	114	4	179	5	134	6	193	7	143	8	153	9	178	10	155	11	196	12	169	13	195	14	198	15	170	16	135	17	135	18	158	19	126	20	173	21	124	22	110	23	167	24	159	25	100	26	164	27	193	28	164	29	151	
	0	162	1	193	2	152	3	193	4	100	5	106	6	105	7	107	8	116	9	190	10	126	11	148	12	192	13	195	14	166	15	197	16	186	17	178	18	199	19	166	20	169	21	170	22	119	23	177	24	168	25	163	26	115	27	164	28	125	29	185	
	0	135	1	138	2	192	3	107	4	178	5	140	6	174	7	100	8	172	9	129	10	165	11	120	12	149	13	196	14	197	15	121	16	104	17	199	18	122	19	171	20	150	21	177	22	189	23	115	24	154	25	113	26	169	27	183	28	167	29	153	
	0	196	1	182	2	109	3	119	4	163	5	162	6	172	7	195	8	186	9	104	10	162	11	169	12	156	13	161	14	163	15	183	16	127	17	131	18	176	19	143	20	109	21	155	22	153	23	103	24	148	25	188	26	180	27	134	28	171	29	125	
	0	116	1	186	2	102	3	193	4	122	5	192	6	166	7	160	8	120	9	192	10	191	11	115	12	136	13	183	14	149	15	101	16	196	17	132	18	138	19	177	20	164	21	114	22	162	23	131	24	171	25	132	26	179	27	198	28	103	29	194	
	0	105	1	168	2	181	3	104	4	194	5	178	6	182	7	154	8	167	9	124	10	105	11	130	12	183	13	109	14	106	15	119	16	100	17	156	18	158	19	163	20	157	21	185	22	169	23	148	24	131	25	127	26	169	27	164	28	117	29	104	
	0	197	1	146	2	143	3	160	4	154	5	102	6	137	7	140	8	197	9	192	10	193	11	130	12	160	13	166	14	167	15	185	16	163	17	112	18	194	19	198	20	148	21	177	22	125	23	170	24	110	25	100	26	124	27	100	28	198	29	188	
	0	108	1	147	2	152	3	126	4	113	5	125	6	176	7	184	8	131	9	132	10	119	11	192	12	141	13	122	14	160	15	143	16	187	17	140	18	189	19	112	20	174	21	119	22	155	23	188	24	134	25	154	26	109	27	163	28	179	29	188	
	0	178	1	115	2	181	3	163	4	157	5	118	6	147	7	151	8	179	9	182	10	152	11	169	12	112	13	176	14	197	15	164	16	142	17	133	18	146	19	137	20	175	21	101	22	163	23	147	24	193	25	134	26	147	27	117	28	109	29	105	