200 30 1
30
	0	169	1	190	2	118	3	198	4	112	5	168	6	197	7	104	8	134	9	109	10	199	11	141	12	167	13	157	14	113	15	103	16	175	17	194	18	124	19	154	20	185	21	139	22	169	23	135	24	158	25	175	26	170	27	194	28	106	29	131	
	0	118	1	184	2	139	3	178	4	186	5	150	6	195	7	150	8	176	9	129	10	159	11	197	12	185	13	143	14	158	15	128	16	104	17	112	18	138	19	157	20	162	21	178	22	188	23	140	24	113	25	127	26	155	27	162	28	125	29	180	
	0	183	1	185	2	125	3	140	4	117	5	100	6	147	7	111	8	146	9	191	10	159	11	125	12	150	13	177	14	178	15	103	16	106	17	174	18	196	19	103	20	105	21	132	22	187	23	121	24	136	25	145	26	107	27	163	28	121	29	158	
	0	196	1	187	2	155	3	140	4	127	5	192	6	185	7	180	8	106	9	189	10	180	11	147	12	142	13	174	14	175	15	135	16	114	17	109	18	170	19	124	20	193	21	122	22	155	23	106	24	160	25	152	26	186	27	136	28	172	29	167	
	0	130	1	172	2	124	3	134	4	185	5	129	6	192	7	157	8	121	9	102	10	122	11	129	12	114	13	153	14	120	15	125	16	114	17	100	18	195	19	117	20	199	21	125	22	183	23	143	24	140	25	165	26	141	27	193	28	141	29	178	
	0	118	1	186	2	128	3	118	4	137	5	137	6	150	7	144	8	176	9	163	10	167	11	159	12	167	13	138	14	116	15	165	16	163	17	198	18	115	19	165	20	163	21	100	22	121	23	170	24	122	25	127	26	172	27	152	28	129	29	134	
	0	166	1	118	2	118	3	113	4	150	5	149	6	149	7	120	8	126	9	128	10	155	11	182	12	199	13	101	14	134	15	184	16	110	17	124	18	174	19	112	20	155	21	172	22	162	23	121	24	192	25	138	26	178	27	137	28	179	29	163	
	0	116	1	195	2	133	3	134	4	112	5	192	6	192	7	146	8	151	9	176	10	124	11	149	12	197	13	166	14	107	15	173	16	111	17	115	18	179	19	182	20	160	21	189	22	113	23	167	24	143	25	101	26	111	27	178	28	130	29	155	
	0	141	1	181	2	162	3	190	4	105	5	142	6	140	7	123	8	155	9	163	10	152	11	156	12	181	13	124	14	173	15	118	16	168	17	195	18	141	19	156	20	139	21	106	22	131	23	147	24	184	25	196	26	178	27	194	28	106	29	141	
	0	112	1	103	2	107	3	112	4	132	5	117	6	131	7	199	8	114	9	181	10	173	11	190	12	178	13	180	14	145	15	197	16	161	17	163	18	143	19	172	20	112	21	114	22	112	23	185	24	197	25	191	26	106	27	188	28	152	29	166	
	0	115	1	120	2	110	3	138	4	127	5	163	6	158	7	199	8	115	9	168	10	166	11	108	12	188	13	161	14	157	15	153	16	107	17	147	18	171	19	117	20	175	21	102	22	124	23	177	24	192	25	166	26	127	27	109	28	147	29	152	
	0	192	1	125	2	140	3	115	4	153	5	180	6	139	7	154	8	147	9	177	10	136	11	146	12	135	13	158	14	186	15	138	16	195	17	146	18	188	19	187	20	136	21	188	22	176	23	119	24	135	25	110	26	180	27	150	28	169	29	112	
	0	137	1	131	2	126	3	193	4	106	5	129	6	174	7	113	8	142	9	137	10	183	11	129	12	120	13	121	14	179	15	104	16	137	17	171	18	179	19	107	20	124	21	136	22	120	23	179	24	154	25	177	26	182	27	148	28	135	29	116	
	0	155	1	141	2	145	3	152	4	143	5	120	6	188	7	134	8	195	9	180	10	144	11	152	12	174	13	185	14	136	15	112	16	172	17	162	18	156	19	158	20	142	21	112	22	102	23	103	24	167	25	139	26	177	27	122	28	139	29	187	
	0	102	1	197	2	109	3	149	4	100	5	141	6	110	7	193	8	103	9	155	10	193	11	150	12	194	13	123	14	133	15	109	16	103	17	103	18	184	19	183	20	159	21	181	22	158	23	118	24	139	25	171	26	149	27	144	28	125	29	104	
	0	153	1	123	2	117	3	132	4	191	5	145	6	117	7	128	8	156	9	104	10	199	11	144	12	188	13	127	14	174	15	146	16	104	17	135	18	127	19	175	20	197	21	188	22	191	23	162	24	103	25	188	26	114	27	161	28	194	29	190	
	0	199	1	181	2	145	3	133	4	115	5	138	6	149	7	108	8	104	9	171	10	168	11	182	12	171	13	196	14	151	15	175	16	146	17	101	18	130	19	121	20	144	21	152	22	188	23	145	24	150	25	172	26	199	27	130	28	105	29	132	
	0	154	1	161	2	190	3	151	4	170	5	104	6	141	7	198	8	146	9	156	10	137	11	109	12	143	13	154	14	132	15	183	16	112	17	137	18	145	19	188	20	163	21	198	22	196	23	197	24	177	25	182	26	126	27	163	28	169	29	109	
	0	169	1	117	2	113	3	104	4	117	5	144	6	116	7	176	8	107	9	157	10	108	11	167	12	156	13	114	14	196	15	184	16	102	17	119	18	154	19	182	20	134	21	195	22	160	23	103	24	149	25	167	26	104	27	123	28	102	29	178	
	0	178	1	100	2	165	3	108	4	130	5	100	6	142	7	179	8	176	9	150	10	176	11	102	12	129	13	151	14	126	15	137	16	135	17	157	18	140	19	129	20	176	21	182	22	100	23	186	24	188	25	186	26	167	27	125	28	153	29	191	
	0	158	1	163	2	180	3	199	4	151	5	140	6	127	7	165	8	121	9	179	10	105	11	117	12	133	13	190	14	175	15	116	16	137	17	108	18	149	19	199	20	123	21	124	22	100	23	173	24	112	25	122	26	191	27	117	28	111	29	140	
	0	196	1	175	2	190	3	185	4	159	5	198	6	144	7	121	8	158	9	155	10	152	11	118	12	100	13	133	14	121	15	165	16	116	17	156	18	111	19	174	20	153	21	184	22	147	23	153	24	172	25	143	26	123	27	105	28	178	29	167	
	0	153	1	167	2	125	3	191	4	174	5	104	6	170	7	186	8	111	9	184	10	173	11	169	12	164	13	155	14	164	15	134	16	182	17	170	18	173	19	193	20	123	21	127	22	132	23	168	24	119	25	139	26	178	27	103	28	138	29	148	
	0	188	1	177	2	161	3	115	4	159	5	179	6	111	7	172	8	125	9	198	10	102	11	125	12	162	13	133	14	194	15	113	16	142	17	141	18	194	19	146	20	190	21	180	22	169	23	139	24	117	25	129	26	148	27	127	28	192	29	150	
	0	115	1	183	2	194	3	162	4	186	5	171	6	100	7	150	8	159	9	109	10	181	11	198	12	158	13	191	14	150	15	189	16	145	17	190	18	152	19	185	20	177	21	136	22	119	23	101	24	181	25	190	26	104	27	177	28	106	29	156	
	0	103	1	188	2	140	3	171	4	155	5	142	6	105	7	136	8	198	9	150	10	188	11	127	12	121	13	119	14	114	15	190	16	121	17	122	18	101	19	121	20	173	21	102	22	105	23	108	24	136	25	104	26	171	27	136	28	194	29	143	
	0	132	1	116	2	111	3	109	4	184	5	118	6	116	7	177	8	134	9	109	10	167	11	133	12	141	13	162	14	189	15	111	16	156	17	196	18	175	19	131	20	174	21	158	22	183	23	152	24	103	25	155	26	109	27	164	28	156	29	177	
	0	182	1	148	2	131	3	159	4	196	5	129	6	136	7	145	8	128	9	112	10	104	11	139	12	173	13	199	14	194	15	174	16	110	17	177	18	105	19	130	20	148	21	106	22	180	23	173	24	106	25	156	26	178	27	197	28	105	29	170	
	0	135	1	121	2	124	3	150	4	195	5	158	6	181	7	175	8	106	9	153	10	187	11	178	12	112	13	150	14	161	15	150	16	192	17	187	18	183	19	102	20	144	21	194	22	183	23	177	24	127	25	106	26	158	27	157	28	132	29	109	
	0	150	1	130	2	107	3	184	4	189	5	163	6	123	7	168	8	144	9	140	10	167	11	140	12	186	13	155	14	185	15	117	16	107	17	144	18	125	19	105	20	137	21	108	22	186	23	172	24	182	25	121	26	180	27	153	28	156	29	160	
	0	106	1	124	2	183	3	160	4	198	5	158	6	153	7	119	8	128	9	126	10	184	11	188	12	176	13	132	14	192	15	147	16	125	17	104	18	159	19	127	20	179	21	184	22	123	23	130	24	111	25	131	26	104	27	166	28	158	29	194	
	0	175	1	183	2	140	3	133	4	131	5	192	6	112	7	191	8	171	9	132	10	118	11	112	12	140	13	154	14	100	15	147	16	125	17	123	18	141	19	144	20	109	21	173	22	188	23	192	24	118	25	192	26	122	27	196	28	188	29	131	
	0	189	1	193	2	100	3	136	4	137	5	177	6	127	7	113	8	155	9	151	10	179	11	136	12	176	13	193	14	106	15	180	16	103	17	175	18	170	19	138	20	148	21	129	22	185	23	130	24	146	25	153	26	101	27	170	28	188	29	183	
	0	144	1	161	2	149	3	178	4	154	5	118	6	194	7	183	8	172	9	120	10	128	11	198	12	162	13	190	14	127	15	190	16	192	17	172	18	181	19	150	20	143	21	157	22	128	23	110	24	198	25	140	26	172	27	183	28	120	29	101	
	0	149	1	182	2	130	3	108	4	126	5	161	6	158	7	198	8	114	9	184	10	124	11	165	12	196	13	185	14	159	15	167	16	186	17	106	18	159	19	143	20	194	21	142	22	126	23	102	24	158	25	151	26	158	27	161	28	150	29	143	
	0	156	1	116	2	152	3	124	4	135	5	112	6	156	7	186	8	163	9	150	10	198	11	100	12	116	13	156	14	170	15	174	16	194	17	189	18	142	19	105	20	127	21	193	22	111	23	118	24	130	25	131	26	173	27	126	28	115	29	110	
	0	153	1	139	2	176	3	147	4	110	5	183	6	135	7	153	8	160	9	189	10	165	11	124	12	174	13	186	14	136	15	104	16	170	17	126	18	128	19	102	20	143	21	133	22	193	23	153	24	150	25	141	26	108	27	111	28	171	29	136	
	0	191	1	163	2	103	3	144	4	116	5	135	6	187	7	199	8	194	9	134	10	104	11	170	12	109	13	184	14	158	15	146	16	120	17	123	18	152	19	113	20	136	21	126	22	141	23	127	24	162	25	193	26	177	27	145	28	194	29	167	
	0	109	1	176	2	156	3	120	4	122	5	166	6	105	7	111	8	102	9	185	10	148	11	125	12	130	13	190	14	146	15	164	16	177	17	125	18	179	19	179	20	104	21	192	22	139	23	183	24	103	25	110	26	173	27	163	28	195	29	125	
	0	104	1	125	2	102	3	199	4	111	5	180	6	193	7	134	8	155	9	147	10	164	11	197	12	141	13	112	14	185	15	155	16	105	17	162	18	147	19	199	20	147	21	140	22	182	23	161	24	108	25	107	26	194	27	135	28	157	29	172	
	0	104	1	120	2	164	3	175	4	156	5	148	6	169	7	144	8	188	9	174	10	133	11	164	12	129	13	166	14	125	15	199	16	137	17	150	18	105	19	129	20	118	21	107	22	171	23	128	24	135	25	178	26	103	27	133	28	193	29	121	
	0	126	1	195	2	144	3	160	4	141	5	133	6	192	7	136	8	120	9	148	10	147	11	172	12	139	13	108	14	128	15	148	16	183	17	192	18	183	19	115	20	130	21	110	22	152	23	117	24	106	25	113	26	138	27	197	28	113	29	150	
	0	105	1	150	2	195	3	162	4	111	5	196	6	196	7	177	8	177	9	122	10	165	11	196	12	174	13	170	14	137	15	157	16	130	17	125	18	105	19	125	20	141	21	135	22	169	23	180	24	134	25	106	26	157	27	169	28	158	29	191	
	0	101	1	156	2	166	3	158	4	158	5	175	6	102	7	156	8	103	9	185	10	132	11	168	12	103	13	176	14	177	15	182	16	164	17	163	18	111	19	182	20	173	21	155	22	149	23	104	24	173	25	127	26	155	27	154	28	157	29	122	
	0	181	1	177	2	176	3	173	4	156	5	170	6	113	7	159	8	136	9	176	10	198	11	128	12	193	13	114	14	176	15	159	16	189	17	158	18	160	19	188	20	162	21	165	22	181	23	158	24	125	25	195	26	163	27	187	28	196	29	100	
	0	140	1	148	2	127	3	117	4	105	5	144	6	138	7	133	8	198	9	146	10	160	11	108	12	111	13	127	14	111	15	149	16	163	17	102	18	173	19	124	20	183	21	198	22	128	23	198	24	199	25	158	26	103	27	157	28	158	29	108	
	0	117	1	141	2	119	3	181	4	158	5	149	6	149	7	166	8	100	9	112	10	163	11	187	12	168	13	108	14	109	15	120	16	151	17	144	18	107	19	109	20	157	21	106	22	172	23	160	24	145	25	156	26	152	27	183	28	122	29	152	
	0	126	1	199	2	141	3	156	4	146	5	155	6	139	7	124	8	155	9	194	10	116	11	115	12	157	13	108	14	116	15	148	16	161	17	193	18	173	19	132	20	154	21	168	22	165	23	190	24	160	25	127	26	176	27	148	28	172	29	112	
	0	191	1	186	2	120	3	167	4	173	5	190	6	121	7	163	8	191	9	173	10	163	11	120	12	100	13	129	14	156	15	167	16	194	17	156	18	109	19	162	20	168	21	153	22	158	23	134	24	157	25	158	26	145	27	165	28	166	29	125	
	0	159	1	174	2	104	3	177	4	199	5	173	6	185	7	178	8	108	9	149	10	101	11	194	12	166	13	144	14	149	15	102	16	144	17	181	18	147	19	124	20	129	21	117	22	185	23	194	24	180	25	192	26	145	27	116	28	183	29	168	
	0	158	1	128	2	153	3	145	4	191	5	115	6	164	7	167	8	144	9	149	10	167	11	121	12	105	13	106	14	175	15	159	16	134	17	175	18	157	19	106	20	108	21	112	22	116	23	128	24	188	25	144	26	157	27	118	28	182	29	143	
	0	109	1	172	2	158	3	113	4	170	5	160	6	170	7	102	8	186	9	175	10	119	11	182	12	117	13	194	14	191	15	168	16	122	17	172	18	196	19	156	20	102	21	161	22	164	23	160	24	190	25	162	26	124	27	190	28	115	29	160	
	0	159	1	191	2	131	3	147	4	195	5	182	6	153	7	121	8	111	9	144	10	101	11	133	12	162	13	166	14	164	15	145	16	187	17	194	18	188	19	151	20	115	21	100	22	109	23	131	24	143	25	140	26	119	27	156	28	178	29	132	
	0	103	1	186	2	103	3	147	4	145	5	191	6	132	7	182	8	140	9	138	10	129	11	176	12	102	13	175	14	172	15	121	16	186	17	118	18	150	19	195	20	165	21	100	22	138	23	136	24	149	25	152	26	145	27	120	28	145	29	192	
	0	166	1	100	2	125	3	183	4	148	5	197	6	168	7	107	8	135	9	187	10	189	11	172	12	172	13	169	14	189	15	155	16	102	17	190	18	117	19	117	20	194	21	139	22	167	23	116	24	122	25	191	26	141	27	172	28	134	29	124	
	0	149	1	108	2	175	3	107	4	128	5	176	6	102	7	156	8	160	9	132	10	173	11	141	12	166	13	118	14	157	15	149	16	112	17	176	18	120	19	113	20	167	21	117	22	121	23	193	24	113	25	166	26	127	27	158	28	126	29	155	
	0	118	1	197	2	109	3	183	4	198	5	196	6	110	7	161	8	119	9	148	10	140	11	184	12	137	13	161	14	157	15	186	16	122	17	167	18	141	19	167	20	181	21	195	22	137	23	120	24	142	25	115	26	100	27	102	28	136	29	180	
	0	169	1	104	2	142	3	121	4	196	5	162	6	111	7	100	8	114	9	150	10	108	11	153	12	112	13	137	14	193	15	191	16	179	17	170	18	145	19	107	20	112	21	194	22	162	23	112	24	139	25	192	26	113	27	192	28	114	29	105	
	0	130	1	106	2	184	3	172	4	133	5	133	6	171	7	120	8	137	9	134	10	151	11	166	12	158	13	147	14	133	15	190	16	102	17	134	18	117	19	167	20	192	21	132	22	100	23	187	24	123	25	111	26	149	27	134	28	178	29	160	
	0	170	1	186	2	169	3	123	4	140	5	107	6	143	7	193	8	101	9	193	10	165	11	132	12	171	13	135	14	164	15	178	16	114	17	128	18	163	19	171	20	165	21	189	22	197	23	120	24	129	25	149	26	167	27	157	28	111	29	173	
	0	161	1	155	2	149	3	101	4	192	5	116	6	193	7	169	8	148	9	158	10	103	11	129	12	155	13	134	14	132	15	135	16	122	17	158	18	151	19	170	20	134	21	181	22	188	23	108	24	196	25	194	26	108	27	117	28	171	29	125	
	0	133	1	127	2	103	3	161	4	102	5	159	6	140	7	185	8	143	9	141	10	104	11	194	12	191	13	129	14	134	15	149	16	195	17	171	18	128	19	159	20	169	21	108	22	136	23	116	24	141	25	115	26	191	27	170	28	140	29	122	
	0	134	1	163	2	126	3	190	4	179	5	150	6	110	7	186	8	160	9	165	10	106	11	157	12	143	13	119	14	148	15	108	16	187	17	140	18	156	19	114	20	186	21	181	22	199	23	198	24	104	25	106	26	110	27	155	28	111	29	132	
	0	165	1	148	2	134	3	129	4	100	5	159	6	104	7	174	8	160	9	100	10	106	11	180	12	137	13	127	14	182	15	107	16	155	17	118	18	197	19	100	20	112	21	174	22	120	23	148	24	162	25	173	26	103	27	148	28	154	29	124	
	0	157	1	156	2	140	3	127	4	192	5	196	6	186	7	118	8	128	9	149	10	176	11	173	12	172	13	171	14	102	15	128	16	127	17	191	18	151	19	175	20	125	21	193	22	144	23	137	24	159	25	152	26	141	27	168	28	173	29	125	
	0	116	1	126	2	139	3	158	4	129	5	100	6	179	7	163	8	163	9	154	10	127	11	191	12	167	13	107	14	110	15	142	16	139	17	191	18	196	19	120	20	149	21	152	22	171	23	198	24	103	25	152	26	106	27	165	28	121	29	107	
	0	193	1	194	2	114	3	176	4	107	5	102	6	138	7	194	8	197	9	191	10	188	11	161	12	103	13	173	14	116	15	124	16	149	17	172	18	106	19	162	20	120	21	104	22	119	23	172	24	199	25	104	26	176	27	198	28	197	29	147	
	0	149	1	118	2	184	3	102	4	162	5	192	6	124	7	120	8	182	9	193	10	143	11	115	12	197	13	137	14	117	15	173	16	172	17	179	18	173	19	185	20	173	21	135	22	115	23	189	24	196	25	120	26	192	27	162	28	147	29	197	
	0	196	1	170	2	169	3	106	4	106	5	155	6	134	7	128	8	155	9	152	10	154	11	157	12	160	13	153	14	131	15	143	16	126	17	116	18	194	19	108	20	170	21	190	22	177	23	191	24	145	25	102	26	189	27	154	28	151	29	100	
	0	163	1	199	2	103	3	199	4	186	5	138	6	119	7	109	8	124	9	161	10	134	11	198	12	116	13	167	14	154	15	153	16	120	17	167	18	161	19	154	20	107	21	116	22	183	23	151	24	127	25	190	26	103	27	174	28	177	29	196	
	0	143	1	119	2	198	3	129	4	174	5	180	6	131	7	103	8	130	9	109	10	185	11	106	12	198	13	130	14	127	15	162	16	158	17	144	18	157	19	160	20	106	21	112	22	185	23	158	24	185	25	131	26	145	27	123	28	175	29	199	
	0	149	1	101	2	185	3	131	4	122	5	147	6	162	7	182	8	184	9	175	10	103	11	150	12	113	13	153	14	160	15	181	16	180	17	174	18	119	19	105	20	125	21	159	22	169	23	196	24	119	25	146	26	151	27	103	28	184	29	116	
	0	123	1	148	2	188	3	166	4	177	5	159	6	153	7	113	8	177	9	161	10	190	11	164	12	104	13	141	14	156	15	152	16	175	17	125	18	102	19	196	20	155	21	117	22	146	23	184	24	106	25	187	26	118	27	185	28	154	29	190	
	0	120	1	139	2	110	3	184	4	138	5	133	6	171	7	188	8	117	9	126	10	161	11	106	12	109	13	105	14	199	15	138	16	190	17	144	18	111	19	151	20	134	21	171	22	119	23	104	24	107	25	195	26	181	27	154	28	100	29	138	
	0	126	1	129	2	112	3	189	4	128	5	193	6	172	7	104	8	198	9	117	10	123	11	171	12	173	13	175	14	136	15	139	16	164	17	180	18	146	19	153	20	132	21	171	22	107	23	155	24	166	25	125	26	139	27	100	28	183	29	107	
	0	117	1	117	2	107	3	107	4	110	5	193	6	193	7	186	8	145	9	163	10	115	11	127	12	147	13	124	14	161	15	114	16	155	17	181	18	180	19	143	20	158	21	178	22	146	23	122	24	165	25	144	26	121	27	197	28	152	29	110	
	0	179	1	171	2	108	3	150	4	188	5	173	6	157	7	117	8	118	9	139	10	142	11	112	12	121	13	150	14	161	15	181	16	133	17	197	18	142	19	191	20	179	21	149	22	180	23	129	24	178	25	154	26	157	27	143	28	164	29	127	
	0	188	1	190	2	124	3	143	4	105	5	190	6	138	7	162	8	100	9	175	10	161	11	100	12	122	13	169	14	193	15	124	16	181	17	130	18	186	19	113	20	174	21	117	22	145	23	195	24	150	25	120	26	194	27	156	28	122	29	123	
	0	106	1	115	2	193	3	180	4	160	5	177	6	105	7	128	8	172	9	115	10	152	11	104	12	164	13	132	14	189	15	121	16	183	17	196	18	163	19	114	20	143	21	135	22	127	23	103	24	165	25	179	26	190	27	136	28	104	29	129	
	0	125	1	136	2	181	3	171	4	169	5	136	6	115	7	147	8	187	9	164	10	143	11	104	12	150	13	188	14	194	15	129	16	172	17	129	18	146	19	172	20	118	21	126	22	159	23	154	24	119	25	162	26	124	27	109	28	193	29	156	
	0	159	1	179	2	113	3	179	4	142	5	160	6	181	7	193	8	139	9	131	10	115	11	123	12	191	13	128	14	160	15	190	16	143	17	154	18	134	19	163	20	119	21	132	22	120	23	198	24	124	25	173	26	173	27	153	28	150	29	188	
	0	104	1	118	2	147	3	136	4	107	5	139	6	164	7	188	8	153	9	177	10	101	11	155	12	170	13	183	14	155	15	107	16	199	17	196	18	175	19	103	20	184	21	173	22	138	23	149	24	183	25	170	26	129	27	114	28	138	29	161	
	0	114	1	161	2	181	3	124	4	116	5	114	6	109	7	112	8	145	9	199	10	105	11	106	12	178	13	166	14	132	15	110	16	144	17	122	18	139	19	148	20	134	21	112	22	109	23	195	24	198	25	147	26	189	27	197	28	142	29	115	
	0	104	1	137	2	121	3	115	4	149	5	195	6	143	7	103	8	162	9	130	10	169	11	185	12	197	13	197	14	129	15	171	16	119	17	172	18	138	19	193	20	180	21	167	22	185	23	173	24	133	25	183	26	116	27	149	28	124	29	160	
	0	140	1	162	2	131	3	109	4	115	5	191	6	152	7	119	8	190	9	173	10	163	11	182	12	178	13	120	14	100	15	181	16	126	17	104	18	153	19	139	20	157	21	179	22	106	23	136	24	182	25	130	26	181	27	191	28	176	29	180	
	0	177	1	187	2	149	3	102	4	134	5	161	6	103	7	169	8	169	9	136	10	159	11	186	12	170	13	191	14	194	15	163	16	184	17	156	18	181	19	152	20	162	21	117	22	152	23	101	24	109	25	145	26	175	27	111	28	157	29	178	
	0	113	1	131	2	184	3	138	4	107	5	130	6	129	7	177	8	178	9	147	10	146	11	173	12	177	13	124	14	191	15	165	16	137	17	112	18	128	19	140	20	170	21	162	22	113	23	134	24	107	25	186	26	196	27	128	28	115	29	125	
	0	159	1	197	2	160	3	118	4	141	5	161	6	157	7	132	8	112	9	102	10	135	11	100	12	198	13	175	14	172	15	189	16	137	17	129	18	181	19	199	20	191	21	190	22	146	23	164	24	154	25	188	26	132	27	138	28	169	29	126	
	0	178	1	142	2	177	3	182	4	117	5	115	6	120	7	139	8	131	9	187	10	136	11	151	12	183	13	122	14	156	15	174	16	196	17	104	18	120	19	162	20	124	21	185	22	170	23	154	24	151	25	113	26	194	27	197	28	101	29	183	
	0	134	1	139	2	128	3	155	4	151	5	147	6	183	7	111	8	137	9	185	10	165	11	111	12	101	13	169	14	174	15	117	16	106	17	102	18	133	19	140	20	173	21	180	22	142	23	134	24	110	25	179	26	131	27	153	28	124	29	196	
	0	166	1	178	2	177	3	195	4	130	5	100	6	144	7	147	8	103	9	109	10	192	11	159	12	147	13	136	14	170	15	126	16	104	17	118	18	102	19	162	20	144	21	151	22	195	23	119	24	196	25	133	26	189	27	126	28	141	29	104	
	0	177	1	197	2	177	3	166	4	128	5	125	6	134	7	181	8	184	9	191	10	193	11	194	12	144	13	129	14	102	15	130	16	151	17	192	18	148	19	185	20	193	21	116	22	159	23	128	24	182	25	104	26	182	27	166	28	180	29	124	
	0	149	1	114	2	160	3	189	4	156	5	177	6	140	7	134	8	138	9	147	10	184	11	178	12	132	13	185	14	119	15	179	16	104	17	125	18	121	19	119	20	155	21	153	22	115	23	194	24	112	25	107	26	191	27	130	28	192	29	122	
	0	179	1	126	2	127	3	139	4	185	5	159	6	143	7	123	8	161	9	146	10	125	11	152	12	195	13	132	14	157	15	171	16	199	17	188	18	135	19	100	20	143	21	101	22	132	23	163	24	172	25	128	26	190	27	155	28	113	29	125	
	0	189	1	133	2	142	3	179	4	159	5	187	6	125	7	191	8	163	9	157	10	199	11	137	12	179	13	101	14	125	15	145	16	147	17	119	18	189	19	165	20	154	21	101	22	137	23	196	24	140	25	166	26	180	27	196	28	117	29	166	
	0	153	1	173	2	130	3	182	4	113	5	174	6	174	7	182	8	163	9	105	10	120	11	106	12	110	13	186	14	184	15	119	16	171	17	138	18	164	19	171	20	134	21	198	22	133	23	167	24	148	25	199	26	127	27	130	28	123	29	144	
	0	186	1	155	2	118	3	179	4	143	5	126	6	195	7	110	8	183	9	108	10	120	11	158	12	102	13	191	14	162	15	131	16	196	17	132	18	169	19	178	20	114	21	103	22	140	23	118	24	140	25	115	26	156	27	102	28	120	29	129	
	0	109	1	162	2	103	3	102	4	141	5	182	6	111	7	128	8	174	9	156	10	169	11	161	12	179	13	133	14	144	15	140	16	171	17	130	18	184	19	102	20	113	21	149	22	169	23	100	24	148	25	131	26	196	27	147	28	191	29	162	
	0	112	1	156	2	157	3	100	4	117	5	163	6	185	7	151	8	175	9	129	10	172	11	104	12	166	13	129	14	124	15	106	16	111	17	164	18	168	19	124	20	170	21	111	22	185	23	147	24	174	25	110	26	190	27	195	28	119	29	140	
	0	147	1	174	2	143	3	142	4	141	5	182	6	137	7	198	8	126	9	164	10	162	11	108	12	115	13	189	14	130	15	144	16	144	17	186	18	183	19	171	20	191	21	168	22	124	23	145	24	161	25	165	26	161	27	180	28	114	29	179	
	0	151	1	178	2	132	3	130	4	197	5	188	6	199	7	158	8	142	9	111	10	117	11	187	12	157	13	182	14	173	15	144	16	119	17	142	18	138	19	188	20	111	21	182	22	150	23	104	24	101	25	130	26	116	27	102	28	174	29	174	
	0	152	1	179	2	175	3	197	4	133	5	175	6	177	7	113	8	197	9	106	10	184	11	146	12	173	13	195	14	196	15	114	16	171	17	114	18	106	19	115	20	187	21	136	22	128	23	101	24	170	25	102	26	145	27	184	28	170	29	179	
	0	180	1	169	2	115	3	134	4	155	5	189	6	110	7	196	8	147	9	155	10	169	11	123	12	167	13	171	14	194	15	153	16	139	17	137	18	166	19	156	20	156	21	167	22	190	23	190	24	169	25	163	26	116	27	155	28	137	29	185	
	0	136	1	106	2	188	3	133	4	181	5	129	6	167	7	114	8	108	9	105	10	117	11	130	12	164	13	165	14	188	15	146	16	113	17	119	18	185	19	102	20	144	21	173	22	120	23	187	24	147	25	151	26	172	27	165	28	130	29	119	
	0	147	1	191	2	173	3	181	4	125	5	173	6	144	7	136	8	164	9	169	10	150	11	162	12	169	13	123	14	102	15	168	16	145	17	132	18	178	19	183	20	147	21	138	22	146	23	100	24	158	25	113	26	115	27	146	28	162	29	110	
	0	101	1	133	2	189	3	113	4	190	5	111	6	164	7	134	8	118	9	135	10	168	11	112	12	129	13	148	14	103	15	117	16	107	17	191	18	112	19	135	20	196	21	157	22	140	23	129	24	191	25	136	26	190	27	194	28	169	29	195	
	0	126	1	130	2	125	3	122	4	177	5	122	6	174	7	133	8	177	9	151	10	157	11	190	12	109	13	152	14	171	15	157	16	105	17	189	18	139	19	163	20	168	21	160	22	187	23	155	24	157	25	162	26	157	27	190	28	192	29	187	
	0	178	1	151	2	122	3	131	4	114	5	115	6	189	7	196	8	177	9	165	10	140	11	105	12	166	13	180	14	130	15	142	16	159	17	108	18	141	19	175	20	194	21	120	22	105	23	167	24	135	25	135	26	170	27	189	28	131	29	154	
	0	196	1	122	2	177	3	117	4	183	5	110	6	195	7	125	8	176	9	122	10	132	11	185	12	140	13	191	14	193	15	175	16	191	17	124	18	135	19	118	20	135	21	146	22	180	23	138	24	191	25	104	26	141	27	116	28	123	29	115	
	0	132	1	115	2	191	3	176	4	122	5	149	6	140	7	102	8	154	9	183	10	179	11	188	12	110	13	109	14	153	15	130	16	146	17	173	18	156	19	148	20	131	21	189	22	149	23	175	24	129	25	149	26	106	27	108	28	141	29	119	
	0	187	1	184	2	110	3	107	4	144	5	194	6	190	7	127	8	150	9	185	10	158	11	172	12	140	13	101	14	188	15	179	16	193	17	197	18	109	19	198	20	141	21	180	22	167	23	124	24	161	25	149	26	152	27	180	28	187	29	141	
	0	110	1	179	2	166	3	159	4	191	5	136	6	154	7	138	8	189	9	172	10	113	11	187	12	106	13	115	14	132	15	131	16	177	17	117	18	178	19	145	20	114	21	184	22	138	23	185	24	124	25	143	26	155	27	160	28	143	29	196	
	0	188	1	188	2	144	3	124	4	122	5	189	6	181	7	135	8	175	9	162	10	177	11	163	12	145	13	133	14	168	15	145	16	184	17	125	18	173	19	138	20	105	21	142	22	177	23	177	24	176	25	104	26	134	27	119	28	184	29	177	
	0	140	1	121	2	163	3	130	4	119	5	134	6	181	7	177	8	146	9	128	10	103	11	100	12	116	13	160	14	133	15	142	16	170	17	190	18	135	19	111	20	173	21	111	22	117	23	147	24	182	25	158	26	158	27	148	28	100	29	135	
	0	116	1	172	2	112	3	183	4	147	5	189	6	188	7	165	8	172	9	184	10	199	11	102	12	132	13	122	14	146	15	191	16	138	17	183	18	197	19	105	20	137	21	157	22	156	23	146	24	155	25	120	26	132	27	163	28	140	29	148	
	0	190	1	159	2	147	3	104	4	163	5	117	6	180	7	103	8	139	9	106	10	102	11	173	12	128	13	154	14	151	15	179	16	198	17	121	18	115	19	112	20	173	21	136	22	122	23	147	24	139	25	177	26	163	27	102	28	105	29	128	
	0	190	1	166	2	196	3	115	4	192	5	178	6	125	7	141	8	158	9	154	10	147	11	192	12	192	13	105	14	121	15	168	16	137	17	182	18	112	19	145	20	141	21	124	22	170	23	145	24	186	25	173	26	177	27	168	28	128	29	181	
	0	155	1	100	2	188	3	196	4	171	5	156	6	100	7	141	8	194	9	101	10	141	11	152	12	156	13	152	14	182	15	115	16	126	17	128	18	137	19	157	20	161	21	120	22	156	23	195	24	188	25	141	26	178	27	123	28	166	29	109	
	0	167	1	136	2	143	3	193	4	138	5	108	6	195	7	109	8	139	9	118	10	114	11	145	12	194	13	151	14	131	15	125	16	107	17	148	18	174	19	122	20	167	21	198	22	180	23	108	24	171	25	127	26	115	27	183	28	132	29	181	
	0	175	1	194	2	160	3	159	4	149	5	125	6	197	7	113	8	191	9	170	10	168	11	185	12	169	13	195	14	152	15	121	16	143	17	142	18	180	19	159	20	179	21	165	22	123	23	175	24	177	25	119	26	183	27	129	28	163	29	157	
	0	166	1	163	2	115	3	194	4	166	5	119	6	118	7	108	8	156	9	106	10	195	11	156	12	112	13	113	14	159	15	153	16	111	17	124	18	180	19	198	20	181	21	193	22	192	23	114	24	129	25	123	26	177	27	116	28	152	29	127	
	0	123	1	149	2	167	3	165	4	135	5	194	6	102	7	132	8	184	9	104	10	130	11	173	12	175	13	158	14	186	15	130	16	111	17	180	18	167	19	178	20	103	21	122	22	129	23	169	24	144	25	177	26	146	27	134	28	196	29	148	
	0	189	1	129	2	165	3	184	4	139	5	167	6	194	7	184	8	136	9	133	10	135	11	143	12	161	13	181	14	145	15	180	16	123	17	129	18	139	19	124	20	184	21	114	22	151	23	136	24	105	25	188	26	192	27	134	28	104	29	156	
	0	160	1	174	2	167	3	130	4	179	5	158	6	102	7	126	8	105	9	126	10	151	11	119	12	153	13	155	14	121	15	154	16	110	17	190	18	143	19	101	20	125	21	193	22	122	23	196	24	109	25	131	26	133	27	162	28	109	29	141	
	0	101	1	108	2	108	3	158	4	170	5	187	6	139	7	155	8	145	9	124	10	194	11	159	12	140	13	173	14	133	15	101	16	136	17	140	18	144	19	165	20	130	21	115	22	159	23	167	24	174	25	135	26	128	27	116	28	100	29	194	
	0	149	1	161	2	188	3	128	4	125	5	132	6	129	7	163	8	191	9	118	10	174	11	190	12	164	13	128	14	187	15	168	16	199	17	104	18	107	19	183	20	142	21	140	22	199	23	183	24	103	25	117	26	130	27	177	28	136	29	185	
	0	159	1	104	2	141	3	167	4	157	5	179	6	161	7	165	8	161	9	147	10	172	11	144	12	167	13	128	14	148	15	120	16	155	17	147	18	130	19	139	20	103	21	126	22	113	23	131	24	119	25	148	26	186	27	196	28	192	29	185	
	0	186	1	164	2	117	3	142	4	145	5	163	6	164	7	133	8	192	9	175	10	110	11	150	12	198	13	173	14	143	15	147	16	105	17	199	18	117	19	135	20	192	21	137	22	195	23	195	24	144	25	118	26	141	27	127	28	128	29	148	
	0	119	1	119	2	114	3	120	4	132	5	137	6	125	7	197	8	165	9	122	10	104	11	149	12	115	13	125	14	129	15	133	16	158	17	101	18	100	19	125	20	104	21	148	22	131	23	115	24	167	25	101	26	147	27	194	28	158	29	131	
	0	189	1	144	2	175	3	139	4	186	5	102	6	169	7	155	8	105	9	128	10	181	11	166	12	135	13	172	14	185	15	152	16	173	17	143	18	128	19	167	20	135	21	155	22	146	23	189	24	172	25	193	26	171	27	112	28	107	29	182	
	0	182	1	165	2	169	3	118	4	100	5	120	6	184	7	149	8	123	9	140	10	128	11	145	12	167	13	161	14	117	15	102	16	172	17	110	18	142	19	181	20	190	21	190	22	173	23	116	24	148	25	126	26	119	27	198	28	103	29	112	
	0	124	1	171	2	112	3	124	4	199	5	100	6	191	7	128	8	152	9	161	10	164	11	187	12	196	13	180	14	134	15	143	16	193	17	198	18	135	19	107	20	160	21	193	22	178	23	164	24	187	25	196	26	105	27	112	28	116	29	116	
	0	131	1	186	2	164	3	103	4	101	5	176	6	109	7	135	8	146	9	162	10	185	11	174	12	133	13	133	14	175	15	173	16	156	17	180	18	135	19	156	20	135	21	156	22	118	23	171	24	134	25	179	26	124	27	123	28	139	29	103	
	0	127	1	173	2	180	3	144	4	141	5	152	6	125	7	171	8	142	9	103	10	135	11	166	12	191	13	109	14	150	15	161	16	123	17	196	18	177	19	116	20	180	21	101	22	119	23	197	24	198	25	137	26	184	27	101	28	189	29	130	
	0	131	1	190	2	100	3	194	4	181	5	183	6	119	7	142	8	152	9	139	10	153	11	127	12	173	13	144	14	135	15	133	16	114	17	172	18	130	19	108	20	119	21	108	22	160	23	115	24	189	25	113	26	162	27	166	28	170	29	188	
	0	189	1	108	2	101	3	193	4	107	5	179	6	126	7	119	8	133	9	147	10	105	11	140	12	108	13	189	14	108	15	152	16	108	17	130	18	126	19	181	20	193	21	138	22	127	23	114	24	113	25	149	26	154	27	112	28	184	29	145	
	0	172	1	162	2	100	3	178	4	124	5	137	6	132	7	131	8	131	9	112	10	139	11	197	12	132	13	123	14	193	15	163	16	192	17	190	18	183	19	184	20	105	21	117	22	196	23	134	24	126	25	107	26	197	27	148	28	193	29	191	
	0	198	1	111	2	192	3	173	4	199	5	166	6	101	7	110	8	174	9	199	10	164	11	174	12	138	13	119	14	175	15	143	16	153	17	170	18	189	19	123	20	187	21	192	22	168	23	156	24	111	25	100	26	199	27	127	28	152	29	178	
	0	108	1	150	2	173	3	163	4	139	5	140	6	109	7	106	8	107	9	151	10	151	11	100	12	169	13	198	14	109	15	109	16	124	17	101	18	180	19	113	20	176	21	153	22	120	23	109	24	151	25	157	26	178	27	143	28	142	29	122	
	0	144	1	102	2	120	3	164	4	121	5	175	6	158	7	154	8	163	9	125	10	151	11	161	12	105	13	115	14	167	15	186	16	141	17	112	18	143	19	188	20	166	21	110	22	136	23	121	24	135	25	191	26	114	27	128	28	101	29	113	
	0	139	1	137	2	152	3	112	4	153	5	150	6	114	7	105	8	180	9	185	10	192	11	112	12	109	13	167	14	181	15	151	16	140	17	103	18	153	19	175	20	182	21	185	22	127	23	155	24	180	25	103	26	111	27	139	28	108	29	198	
	0	104	1	100	2	198	3	102	4	121	5	168	6	138	7	167	8	152	9	134	10	100	11	128	12	108	13	125	14	164	15	126	16	156	17	119	18	162	19	118	20	173	21	110	22	183	23	180	24	131	25	113	26	134	27	187	28	193	29	188	
	0	154	1	123	2	175	3	116	4	179	5	114	6	129	7	131	8	183	9	104	10	179	11	190	12	189	13	114	14	188	15	186	16	194	17	149	18	108	19	146	20	140	21	153	22	110	23	181	24	150	25	100	26	102	27	108	28	134	29	110	
	0	176	1	138	2	123	3	178	4	161	5	163	6	119	7	122	8	160	9	164	10	154	11	164	12	102	13	181	14	112	15	177	16	131	17	103	18	124	19	125	20	130	21	101	22	162	23	169	24	119	25	137	26	113	27	198	28	115	29	143	
	0	130	1	198	2	100	3	193	4	156	5	107	6	148	7	143	8	153	9	128	10	185	11	120	12	105	13	144	14	167	15	150	16	162	17	192	18	181	19	122	20	117	21	101	22	154	23	175	24	116	25	123	26	128	27	193	28	178	29	197	
	0	140	1	199	2	183	3	192	4	194	5	138	6	129	7	159	8	194	9	186	10	128	11	130	12	164	13	141	14	189	15	128	16	112	17	175	18	180	19	111	20	115	21	137	22	111	23	170	24	180	25	134	26	143	27	157	28	194	29	193	
	0	153	1	161	2	163	3	129	4	146	5	173	6	129	7	116	8	125	9	110	10	108	11	109	12	170	13	118	14	146	15	161	16	117	17	107	18	163	19	166	20	180	21	154	22	101	23	151	24	138	25	196	26	123	27	120	28	185	29	133	
	0	173	1	166	2	104	3	112	4	190	5	195	6	118	7	143	8	118	9	103	10	101	11	131	12	167	13	199	14	195	15	146	16	138	17	124	18	138	19	125	20	134	21	187	22	192	23	197	24	114	25	105	26	108	27	169	28	145	29	182	
	0	148	1	137	2	180	3	127	4	152	5	155	6	159	7	101	8	131	9	151	10	180	11	180	12	141	13	155	14	173	15	123	16	105	17	124	18	172	19	112	20	124	21	195	22	118	23	180	24	135	25	116	26	130	27	117	28	151	29	108	
	0	169	1	160	2	119	3	175	4	143	5	108	6	104	7	188	8	179	9	177	10	181	11	194	12	195	13	198	14	116	15	129	16	131	17	196	18	109	19	130	20	109	21	195	22	119	23	184	24	199	25	131	26	109	27	123	28	182	29	165	
	0	148	1	195	2	130	3	170	4	198	5	198	6	170	7	149	8	194	9	147	10	150	11	137	12	124	13	118	14	184	15	197	16	111	17	158	18	185	19	107	20	104	21	147	22	165	23	164	24	102	25	185	26	133	27	166	28	131	29	126	
	0	177	1	109	2	110	3	158	4	153	5	139	6	181	7	165	8	198	9	159	10	103	11	124	12	188	13	102	14	112	15	157	16	162	17	117	18	142	19	197	20	123	21	188	22	125	23	158	24	134	25	127	26	161	27	150	28	176	29	170	
	0	179	1	161	2	139	3	131	4	190	5	115	6	163	7	105	8	113	9	126	10	191	11	129	12	107	13	193	14	125	15	108	16	162	17	153	18	178	19	155	20	132	21	135	22	176	23	131	24	140	25	185	26	146	27	101	28	130	29	150	
	0	160	1	114	2	139	3	100	4	161	5	141	6	148	7	147	8	182	9	114	10	184	11	156	12	156	13	187	14	141	15	109	16	105	17	106	18	108	19	132	20	135	21	178	22	114	23	155	24	150	25	159	26	185	27	167	28	101	29	121	
	0	179	1	166	2	165	3	129	4	193	5	195	6	182	7	126	8	151	9	176	10	103	11	171	12	104	13	110	14	117	15	138	16	102	17	142	18	115	19	162	20	116	21	193	22	181	23	170	24	104	25	122	26	107	27	101	28	196	29	135	
	0	198	1	139	2	184	3	141	4	111	5	178	6	175	7	194	8	115	9	119	10	176	11	142	12	154	13	191	14	160	15	166	16	143	17	145	18	157	19	152	20	105	21	138	22	117	23	167	24	137	25	184	26	157	27	120	28	105	29	157	
	0	146	1	147	2	197	3	176	4	139	5	116	6	125	7	170	8	124	9	121	10	115	11	134	12	195	13	128	14	127	15	136	16	112	17	139	18	161	19	108	20	147	21	104	22	101	23	191	24	139	25	140	26	146	27	195	28	170	29	116	
	0	154	1	127	2	109	3	146	4	115	5	190	6	142	7	134	8	137	9	185	10	133	11	112	12	134	13	193	14	163	15	155	16	118	17	140	18	128	19	109	20	119	21	127	22	140	23	101	24	145	25	184	26	179	27	183	28	113	29	135	
	0	139	1	146	2	196	3	166	4	143	5	176	6	103	7	191	8	193	9	176	10	145	11	190	12	160	13	192	14	133	15	135	16	145	17	122	18	110	19	168	20	180	21	184	22	118	23	111	24	192	25	185	26	187	27	131	28	115	29	155	
	0	109	1	148	2	119	3	159	4	157	5	180	6	159	7	193	8	122	9	151	10	150	11	101	12	114	13	195	14	131	15	115	16	160	17	153	18	132	19	158	20	185	21	171	22	153	23	100	24	149	25	167	26	186	27	181	28	108	29	182	
	0	105	1	114	2	119	3	167	4	103	5	131	6	118	7	175	8	125	9	125	10	131	11	176	12	143	13	186	14	100	15	122	16	164	17	142	18	141	19	130	20	106	21	158	22	126	23	115	24	117	25	104	26	137	27	195	28	155	29	127	
	0	133	1	118	2	132	3	199	4	110	5	107	6	139	7	153	8	151	9	140	10	193	11	116	12	194	13	180	14	108	15	170	16	195	17	164	18	117	19	189	20	158	21	198	22	197	23	167	24	176	25	166	26	142	27	114	28	157	29	164	
	0	166	1	191	2	180	3	123	4	180	5	114	6	178	7	192	8	166	9	177	10	120	11	166	12	143	13	121	14	184	15	118	16	183	17	126	18	147	19	141	20	177	21	113	22	107	23	189	24	185	25	164	26	168	27	193	28	195	29	125	
	0	185	1	129	2	184	3	168	4	102	5	105	6	165	7	143	8	128	9	194	10	145	11	137	12	180	13	123	14	100	15	106	16	104	17	107	18	106	19	165	20	116	21	152	22	100	23	144	24	167	25	160	26	191	27	102	28	199	29	180	
	0	164	1	173	2	166	3	146	4	165	5	127	6	166	7	175	8	179	9	162	10	187	11	154	12	159	13	126	14	101	15	173	16	119	17	183	18	175	19	162	20	189	21	104	22	198	23	102	24	119	25	196	26	194	27	166	28	107	29	113	
	0	119	1	195	2	133	3	114	4	144	5	167	6	161	7	115	8	118	9	142	10	166	11	183	12	127	13	155	14	110	15	159	16	154	17	105	18	147	19	182	20	168	21	139	22	137	23	159	24	177	25	120	26	128	27	147	28	113	29	107	
	0	133	1	192	2	173	3	193	4	175	5	160	6	181	7	137	8	171	9	197	10	141	11	182	12	187	13	146	14	197	15	150	16	111	17	185	18	186	19	143	20	158	21	196	22	167	23	118	24	198	25	117	26	100	27	131	28	101	29	191	
	0	155	1	167	2	144	3	127	4	197	5	103	6	124	7	172	8	195	9	171	10	187	11	168	12	194	13	171	14	177	15	131	16	105	17	125	18	165	19	179	20	139	21	182	22	140	23	193	24	169	25	151	26	112	27	174	28	129	29	114	
	0	185	1	190	2	177	3	179	4	165	5	191	6	135	7	149	8	114	9	196	10	162	11	133	12	195	13	169	14	199	15	101	16	140	17	146	18	101	19	162	20	114	21	194	22	115	23	156	24	135	25	189	26	165	27	103	28	114	29	159	
	0	130	1	119	2	160	3	170	4	181	5	186	6	163	7	176	8	198	9	123	10	100	11	189	12	145	13	199	14	121	15	171	16	158	17	135	18	188	19	155	20	171	21	116	22	115	23	181	24	135	25	159	26	120	27	164	28	172	29	113	
	0	185	1	112	2	121	3	140	4	154	5	117	6	178	7	173	8	164	9	137	10	136	11	176	12	114	13	127	14	164	15	154	16	129	17	115	18	164	19	170	20	121	21	194	22	131	23	104	24	120	25	182	26	195	27	120	28	140	29	122	
	0	121	1	134	2	113	3	156	4	148	5	195	6	143	7	101	8	126	9	150	10	137	11	155	12	168	13	170	14	116	15	174	16	144	17	101	18	177	19	168	20	102	21	186	22	131	23	135	24	124	25	176	26	152	27	181	28	155	29	182	
	0	114	1	196	2	172	3	148	4	161	5	184	6	160	7	116	8	184	9	156	10	129	11	103	12	145	13	129	14	121	15	143	16	107	17	171	18	100	19	136	20	147	21	127	22	174	23	135	24	179	25	178	26	122	27	167	28	195	29	143	
	0	199	1	171	2	134	3	144	4	114	5	177	6	118	7	111	8	173	9	145	10	115	11	156	12	123	13	187	14	154	15	196	16	173	17	132	18	153	19	172	20	121	21	184	22	152	23	168	24	141	25	180	26	115	27	191	28	194	29	194	
	0	143	1	179	2	107	3	117	4	104	5	111	6	146	7	145	8	183	9	114	10	195	11	176	12	186	13	116	14	141	15	159	16	137	17	147	18	198	19	116	20	112	21	142	22	102	23	160	24	179	25	198	26	171	27	178	28	197	29	178	
	0	195	1	154	2	138	3	134	4	199	5	185	6	124	7	154	8	169	9	186	10	141	11	144	12	198	13	118	14	172	15	103	16	139	17	137	18	113	19	139	20	141	21	125	22	131	23	166	24	183	25	184	26	185	27	133	28	144	29	157	
	0	188	1	108	2	106	3	176	4	185	5	140	6	159	7	147	8	186	9	191	10	166	11	182	12	116	13	146	14	194	15	151	16	113	17	151	18	195	19	143	20	131	21	131	22	158	23	189	24	130	25	106	26	157	27	125	28	137	29	194	
	0	147	1	129	2	192	3	199	4	134	5	151	6	155	7	172	8	102	9	107	10	191	11	131	12	121	13	120	14	180	15	175	16	110	17	159	18	121	19	175	20	168	21	193	22	155	23	104	24	165	25	133	26	129	27	131	28	127	29	197	
	0	165	1	125	2	150	3	158	4	102	5	136	6	195	7	136	8	157	9	107	10	150	11	124	12	189	13	103	14	175	15	129	16	172	17	116	18	104	19	137	20	184	21	183	22	179	23	153	24	173	25	161	26	150	27	157	28	140	29	190	
	0	145	1	142	2	187	3	125	4	171	5	115	6	100	7	123	8	142	9	126	10	107	11	100	12	189	13	187	14	190	15	177	16	160	17	199	18	180	19	192	20	163	21	143	22	123	23	151	24	154	25	101	26	132	27	147	28	117	29	192	
	0	119	1	153	2	168	3	144	4	171	5	198	6	184	7	185	8	196	9	193	10	138	11	197	12	149	13	127	14	176	15	148	16	197	17	143	18	126	19	132	20	198	21	136	22	102	23	163	24	101	25	187	26	137	27	144	28	176	29	161	
	0	130	1	123	2	123	3	110	4	100	5	145	6	119	7	146	8	107	9	148	10	148	11	128	12	104	13	181	14	154	15	157	16	188	17	135	18	107	19	167	20	103	21	155	22	112	23	144	24	178	25	185	26	141	27	102	28	115	29	163	
	0	167	1	148	2	116	3	103	4	123	5	163	6	124	7	159	8	149	9	138	10	149	11	136	12	138	13	146	14	151	15	198	16	190	17	178	18	123	19	187	20	186	21	155	22	191	23	189	24	139	25	146	26	131	27	175	28	181	29	138	
	0	172	1	136	2	155	3	156	4	173	5	109	6	191	7	154	8	116	9	101	10	101	11	185	12	163	13	152	14	177	15	157	16	167	17	125	18	135	19	137	20	138	21	126	22	171	23	113	24	189	25	161	26	146	27	101	28	102	29	199	
	0	157	1	138	2	136	3	161	4	196	5	196	6	131	7	136	8	167	9	126	10	108	11	184	12	172	13	128	14	115	15	101	16	190	17	179	18	137	19	177	20	107	21	119	22	133	23	138	24	131	25	195	26	165	27	175	28	102	29	171	
	0	129	1	182	2	107	3	178	4	176	5	150	6	108	7	152	8	136	9	175	10	175	11	142	12	193	13	142	14	198	15	134	16	182	17	115	18	127	19	114	20	120	21	159	22	186	23	172	24	179	25	140	26	105	27	100	28	108	29	199	
	0	123	1	165	2	164	3	136	4	108	5	186	6	128	7	101	8	157	9	109	10	170	11	173	12	155	13	196	14	147	15	145	16	151	17	156	18	136	19	114	20	165	21	100	22	121	23	154	24	122	25	150	26	154	27	115	28	117	29	167	
	0	105	1	178	2	144	3	198	4	181	5	121	6	137	7	182	8	119	9	140	10	116	11	167	12	146	13	103	14	140	15	127	16	169	17	161	18	122	19	197	20	168	21	158	22	197	23	163	24	195	25	161	26	141	27	100	28	101	29	137	
	0	103	1	118	2	120	3	179	4	194	5	146	6	175	7	153	8	117	9	107	10	185	11	146	12	144	13	181	14	100	15	141	16	108	17	194	18	155	19	152	20	168	21	159	22	108	23	166	24	118	25	193	26	119	27	131	28	183	29	128	
	0	191	1	144	2	167	3	128	4	106	5	158	6	149	7	102	8	138	9	167	10	176	11	199	12	131	13	160	14	166	15	184	16	192	17	102	18	137	19	175	20	182	21	112	22	136	23	106	24	115	25	147	26	144	27	189	28	192	29	101	
	0	174	1	106	2	150	3	117	4	102	5	169	6	131	7	175	8	164	9	114	10	153	11	192	12	150	13	195	14	120	15	136	16	133	17	187	18	170	19	116	20	162	21	133	22	121	23	108	24	160	25	103	26	128	27	149	28	131	29	142	
	0	134	1	113	2	156	3	151	4	184	5	163	6	134	7	180	8	122	9	103	10	156	11	101	12	178	13	128	14	155	15	199	16	172	17	116	18	163	19	163	20	134	21	117	22	151	23	152	24	128	25	185	26	137	27	146	28	189	29	192	
	0	119	1	130	2	137	3	154	4	129	5	199	6	106	7	132	8	193	9	135	10	111	11	109	12	165	13	192	14	139	15	174	16	135	17	187	18	148	19	103	20	170	21	199	22	108	23	150	24	181	25	112	26	100	27	193	28	126	29	162	
	0	108	1	143	2	181	3	164	4	119	5	121	6	155	7	113	8	161	9	102	10	146	11	161	12	154	13	113	14	106	15	170	16	109	17	136	18	139	19	184	20	111	21	102	22	134	23	108	24	175	25	194	26	130	27	128	28	152	29	178	
	0	121	1	135	2	182	3	140	4	148	5	115	6	137	7	188	8	191	9	113	10	119	11	158	12	109	13	102	14	100	15	128	16	160	17	176	18	165	19	100	20	134	21	120	22	154	23	164	24	189	25	173	26	113	27	187	28	124	29	166	
	0	185	1	187	2	139	3	110	4	119	5	165	6	195	7	197	8	193	9	185	10	116	11	152	12	161	13	112	14	126	15	118	16	161	17	185	18	139	19	102	20	157	21	159	22	179	23	160	24	196	25	145	26	164	27	119	28	188	29	127	
	0	194	1	133	2	190	3	193	4	103	5	143	6	135	7	139	8	188	9	161	10	118	11	103	12	128	13	134	14	103	15	140	16	169	17	101	18	167	19	108	20	106	21	122	22	130	23	157	24	192	25	112	26	194	27	113	28	110	29	129	
	0	118	1	167	2	188	3	105	4	123	5	127	6	178	7	181	8	126	9	197	10	146	11	167	12	121	13	155	14	168	15	178	16	168	17	105	18	115	19	107	20	165	21	166	22	174	23	103	24	135	25	117	26	185	27	173	28	163	29	193	
	0	173	1	124	2	169	3	147	4	102	5	138	6	113	7	193	8	152	9	137	10	116	11	165	12	134	13	195	14	193	15	140	16	148	17	117	18	102	19	137	20	187	21	164	22	128	23	197	24	183	25	123	26	154	27	108	28	132	29	169	
	0	131	1	132	2	118	3	176	4	130	5	167	6	104	7	168	8	112	9	119	10	113	11	138	12	113	13	117	14	190	15	153	16	111	17	194	18	119	19	150	20	192	21	166	22	168	23	100	24	130	25	167	26	176	27	182	28	166	29	126	