200 40 1
40
	0	122	1	159	2	139	3	131	4	177	5	117	6	182	7	181	8	147	9	186	10	132	11	142	12	160	13	198	14	178	15	156	16	116	17	191	18	161	19	111	20	174	21	136	22	154	23	104	24	139	25	148	26	195	27	127	28	135	29	168	30	127	31	165	32	188	33	191	34	183	35	115	36	152	37	167	38	169	39	194	
	0	192	1	154	2	138	3	192	4	191	5	173	6	133	7	109	8	155	9	118	10	155	11	127	12	117	13	169	14	114	15	180	16	100	17	111	18	138	19	189	20	120	21	150	22	138	23	137	24	194	25	157	26	180	27	192	28	159	29	152	30	176	31	198	32	107	33	122	34	199	35	164	36	187	37	147	38	181	39	100	
	0	126	1	149	2	140	3	142	4	121	5	102	6	180	7	112	8	146	9	111	10	185	11	156	12	144	13	169	14	140	15	101	16	174	17	105	18	199	19	146	20	105	21	120	22	171	23	131	24	148	25	152	26	163	27	190	28	115	29	133	30	186	31	127	32	188	33	115	34	189	35	133	36	163	37	125	38	145	39	120	
	0	123	1	105	2	193	3	187	4	102	5	154	6	109	7	114	8	118	9	119	10	111	11	130	12	155	13	134	14	137	15	174	16	195	17	137	18	192	19	102	20	136	21	178	22	140	23	144	24	129	25	114	26	178	27	122	28	170	29	139	30	115	31	123	32	149	33	131	34	110	35	118	36	163	37	113	38	113	39	176	
	0	180	1	128	2	108	3	187	4	129	5	154	6	132	7	115	8	156	9	106	10	108	11	181	12	194	13	171	14	171	15	172	16	157	17	189	18	130	19	127	20	191	21	119	22	199	23	174	24	147	25	150	26	122	27	113	28	147	29	149	30	148	31	111	32	160	33	142	34	159	35	153	36	163	37	109	38	111	39	117	
	0	160	1	177	2	183	3	178	4	169	5	155	6	119	7	114	8	148	9	120	10	117	11	176	12	134	13	191	14	141	15	153	16	149	17	179	18	152	19	149	20	169	21	166	22	162	23	103	24	176	25	106	26	136	27	176	28	104	29	119	30	177	31	186	32	162	33	100	34	196	35	182	36	196	37	135	38	143	39	128	
	0	138	1	198	2	187	3	123	4	110	5	159	6	185	7	128	8	104	9	140	10	101	11	137	12	174	13	145	14	106	15	167	16	141	17	116	18	122	19	109	20	196	21	151	22	152	23	192	24	173	25	157	26	115	27	151	28	183	29	142	30	161	31	144	32	192	33	121	34	197	35	138	36	112	37	192	38	107	39	126	
	0	146	1	179	2	187	3	137	4	174	5	182	6	146	7	128	8	104	9	137	10	153	11	175	12	185	13	126	14	162	15	188	16	115	17	141	18	173	19	131	20	116	21	185	22	151	23	151	24	176	25	176	26	127	27	196	28	108	29	105	30	103	31	173	32	177	33	110	34	186	35	130	36	132	37	132	38	188	39	126	
	0	156	1	103	2	177	3	102	4	101	5	151	6	196	7	130	8	144	9	157	10	149	11	146	12	141	13	156	14	190	15	137	16	152	17	131	18	188	19	122	20	189	21	167	22	144	23	179	24	191	25	103	26	112	27	139	28	145	29	120	30	117	31	129	32	113	33	172	34	164	35	131	36	189	37	175	38	182	39	185	
	0	126	1	180	2	179	3	110	4	143	5	138	6	167	7	186	8	155	9	178	10	128	11	158	12	149	13	178	14	112	15	165	16	134	17	108	18	168	19	196	20	137	21	157	22	101	23	128	24	191	25	198	26	111	27	153	28	152	29	149	30	132	31	174	32	182	33	197	34	172	35	101	36	157	37	159	38	164	39	169	
	0	125	1	125	2	123	3	182	4	133	5	149	6	121	7	123	8	197	9	199	10	103	11	145	12	179	13	176	14	152	15	192	16	174	17	163	18	168	19	152	20	191	21	110	22	166	23	170	24	197	25	122	26	163	27	162	28	168	29	184	30	174	31	167	32	159	33	144	34	158	35	134	36	192	37	184	38	185	39	108	
	0	128	1	162	2	167	3	191	4	188	5	164	6	158	7	149	8	166	9	181	10	102	11	188	12	154	13	137	14	184	15	130	16	194	17	161	18	165	19	125	20	100	21	181	22	189	23	128	24	135	25	163	26	157	27	108	28	172	29	164	30	134	31	181	32	112	33	107	34	120	35	129	36	143	37	178	38	179	39	179	
	0	192	1	154	2	126	3	142	4	140	5	167	6	194	7	157	8	153	9	124	10	145	11	187	12	176	13	101	14	112	15	188	16	175	17	122	18	199	19	102	20	153	21	153	22	153	23	130	24	139	25	177	26	168	27	123	28	134	29	145	30	143	31	178	32	131	33	160	34	127	35	181	36	166	37	179	38	111	39	133	
	0	118	1	186	2	192	3	175	4	197	5	196	6	157	7	146	8	174	9	165	10	180	11	119	12	125	13	174	14	122	15	127	16	155	17	120	18	182	19	182	20	178	21	194	22	126	23	193	24	194	25	185	26	145	27	153	28	176	29	154	30	129	31	124	32	109	33	183	34	169	35	141	36	175	37	148	38	199	39	155	
	0	167	1	152	2	109	3	148	4	166	5	188	6	101	7	136	8	199	9	119	10	123	11	153	12	162	13	197	14	131	15	177	16	183	17	188	18	169	19	155	20	165	21	135	22	166	23	164	24	131	25	166	26	188	27	126	28	121	29	174	30	137	31	159	32	113	33	107	34	101	35	171	36	148	37	126	38	198	39	188	
	0	115	1	124	2	105	3	184	4	164	5	153	6	184	7	158	8	166	9	164	10	166	11	154	12	162	13	179	14	164	15	113	16	166	17	145	18	150	19	156	20	164	21	109	22	145	23	138	24	113	25	171	26	164	27	126	28	156	29	177	30	117	31	164	32	167	33	102	34	124	35	107	36	189	37	158	38	191	39	180	
	0	193	1	139	2	145	3	110	4	106	5	102	6	125	7	149	8	128	9	123	10	130	11	129	12	164	13	114	14	129	15	112	16	108	17	118	18	179	19	128	20	134	21	128	22	134	23	108	24	163	25	137	26	107	27	175	28	144	29	121	30	170	31	110	32	113	33	156	34	133	35	195	36	143	37	151	38	162	39	162	
	0	156	1	184	2	141	3	161	4	196	5	100	6	143	7	152	8	147	9	109	10	153	11	198	12	186	13	164	14	116	15	168	16	132	17	137	18	134	19	171	20	123	21	190	22	131	23	130	24	183	25	102	26	151	27	150	28	163	29	159	30	119	31	153	32	150	33	124	34	190	35	114	36	193	37	128	38	185	39	199	
	0	188	1	108	2	143	3	107	4	199	5	172	6	161	7	191	8	124	9	114	10	154	11	139	12	171	13	100	14	175	15	110	16	134	17	171	18	197	19	106	20	150	21	133	22	144	23	130	24	162	25	127	26	157	27	170	28	107	29	197	30	124	31	181	32	173	33	184	34	192	35	167	36	194	37	141	38	175	39	143	
	0	153	1	144	2	178	3	172	4	131	5	175	6	114	7	103	8	138	9	174	10	194	11	127	12	154	13	145	14	177	15	153	16	128	17	185	18	187	19	112	20	113	21	169	22	192	23	142	24	185	25	191	26	189	27	110	28	191	29	134	30	136	31	126	32	166	33	167	34	150	35	160	36	153	37	189	38	144	39	156	
	0	191	1	175	2	164	3	137	4	172	5	164	6	198	7	137	8	193	9	162	10	119	11	141	12	160	13	168	14	165	15	138	16	133	17	118	18	185	19	181	20	173	21	144	22	178	23	124	24	143	25	171	26	195	27	134	28	182	29	139	30	189	31	131	32	113	33	130	34	131	35	149	36	155	37	178	38	198	39	147	
	0	144	1	162	2	165	3	131	4	140	5	111	6	158	7	160	8	199	9	126	10	176	11	195	12	105	13	127	14	170	15	199	16	145	17	100	18	116	19	175	20	173	21	143	22	148	23	166	24	112	25	107	26	171	27	182	28	193	29	102	30	131	31	139	32	120	33	185	34	154	35	140	36	108	37	177	38	161	39	101	
	0	192	1	149	2	175	3	100	4	182	5	166	6	120	7	153	8	130	9	150	10	110	11	149	12	179	13	121	14	179	15	130	16	161	17	198	18	169	19	197	20	123	21	145	22	116	23	117	24	195	25	127	26	126	27	124	28	185	29	163	30	129	31	105	32	105	33	129	34	109	35	196	36	182	37	165	38	164	39	112	
	0	116	1	149	2	192	3	151	4	116	5	116	6	105	7	123	8	147	9	167	10	164	11	196	12	141	13	154	14	176	15	177	16	133	17	132	18	156	19	157	20	151	21	185	22	169	23	119	24	197	25	132	26	174	27	176	28	146	29	177	30	182	31	102	32	117	33	173	34	115	35	157	36	135	37	109	38	185	39	160	
	0	118	1	198	2	173	3	109	4	158	5	158	6	188	7	154	8	144	9	188	10	168	11	109	12	161	13	182	14	147	15	177	16	184	17	180	18	135	19	159	20	177	21	150	22	158	23	159	24	115	25	186	26	142	27	119	28	157	29	100	30	105	31	174	32	130	33	111	34	199	35	135	36	191	37	100	38	105	39	125	
	0	153	1	111	2	123	3	111	4	172	5	175	6	157	7	109	8	166	9	171	10	196	11	146	12	101	13	119	14	107	15	197	16	125	17	172	18	157	19	186	20	130	21	147	22	103	23	129	24	155	25	194	26	155	27	175	28	111	29	117	30	145	31	198	32	141	33	186	34	152	35	188	36	135	37	103	38	140	39	180	
	0	115	1	163	2	131	3	179	4	195	5	160	6	199	7	122	8	131	9	144	10	137	11	133	12	165	13	181	14	112	15	161	16	169	17	151	18	136	19	111	20	151	21	157	22	157	23	177	24	107	25	143	26	131	27	190	28	183	29	190	30	156	31	130	32	124	33	103	34	151	35	124	36	154	37	147	38	152	39	183	
	0	118	1	140	2	101	3	112	4	199	5	100	6	148	7	178	8	141	9	158	10	142	11	189	12	175	13	187	14	197	15	137	16	151	17	191	18	169	19	131	20	112	21	130	22	158	23	106	24	131	25	102	26	161	27	128	28	188	29	109	30	168	31	116	32	120	33	145	34	137	35	168	36	120	37	160	38	179	39	191	
	0	137	1	139	2	174	3	197	4	139	5	155	6	133	7	104	8	121	9	130	10	105	11	123	12	130	13	184	14	151	15	126	16	186	17	138	18	107	19	184	20	122	21	197	22	193	23	169	24	179	25	111	26	190	27	120	28	183	29	114	30	197	31	106	32	163	33	151	34	199	35	177	36	166	37	134	38	108	39	124	
	0	157	1	129	2	124	3	116	4	116	5	187	6	182	7	120	8	128	9	170	10	125	11	110	12	151	13	108	14	116	15	117	16	154	17	143	18	188	19	152	20	185	21	142	22	110	23	133	24	178	25	136	26	166	27	107	28	180	29	156	30	196	31	133	32	119	33	122	34	169	35	100	36	151	37	124	38	106	39	161	
	0	153	1	185	2	165	3	176	4	109	5	157	6	146	7	161	8	101	9	123	10	178	11	137	12	130	13	127	14	194	15	176	16	174	17	147	18	122	19	114	20	187	21	140	22	192	23	197	24	116	25	143	26	132	27	146	28	190	29	190	30	151	31	164	32	149	33	145	34	170	35	158	36	157	37	157	38	169	39	181	
	0	100	1	129	2	140	3	149	4	153	5	165	6	152	7	125	8	176	9	116	10	183	11	187	12	121	13	182	14	151	15	166	16	139	17	102	18	182	19	119	20	122	21	119	22	164	23	183	24	168	25	113	26	189	27	174	28	158	29	103	30	146	31	149	32	147	33	119	34	174	35	126	36	127	37	154	38	158	39	182	
	0	186	1	156	2	178	3	137	4	131	5	151	6	142	7	126	8	131	9	152	10	178	11	113	12	163	13	175	14	175	15	172	16	171	17	157	18	144	19	170	20	129	21	173	22	132	23	101	24	106	25	107	26	113	27	112	28	144	29	123	30	134	31	192	32	182	33	169	34	154	35	108	36	148	37	163	38	158	39	191	
	0	106	1	130	2	121	3	182	4	141	5	147	6	174	7	196	8	145	9	141	10	163	11	173	12	118	13	103	14	145	15	192	16	114	17	127	18	149	19	193	20	171	21	154	22	122	23	111	24	130	25	120	26	136	27	184	28	129	29	169	30	109	31	161	32	172	33	194	34	134	35	185	36	115	37	182	38	147	39	155	
	0	161	1	169	2	132	3	136	4	136	5	110	6	184	7	139	8	102	9	117	10	192	11	135	12	125	13	127	14	136	15	175	16	168	17	126	18	195	19	185	20	130	21	158	22	180	23	122	24	131	25	162	26	138	27	163	28	133	29	117	30	196	31	196	32	197	33	137	34	134	35	113	36	120	37	121	38	172	39	194	
	0	114	1	199	2	149	3	197	4	126	5	109	6	113	7	144	8	143	9	153	10	119	11	176	12	170	13	185	14	163	15	140	16	196	17	193	18	100	19	199	20	173	21	120	22	134	23	125	24	145	25	133	26	150	27	186	28	106	29	165	30	195	31	165	32	102	33	183	34	169	35	192	36	181	37	137	38	101	39	173	
	0	128	1	139	2	133	3	152	4	106	5	151	6	146	7	128	8	148	9	162	10	124	11	137	12	125	13	166	14	101	15	164	16	187	17	181	18	102	19	151	20	165	21	102	22	199	23	167	24	162	25	107	26	126	27	138	28	127	29	110	30	116	31	143	32	141	33	170	34	168	35	142	36	126	37	175	38	137	39	178	
	0	178	1	187	2	135	3	173	4	158	5	175	6	109	7	170	8	172	9	109	10	190	11	150	12	186	13	171	14	197	15	121	16	190	17	117	18	108	19	157	20	111	21	109	22	126	23	158	24	192	25	176	26	161	27	192	28	109	29	110	30	104	31	174	32	142	33	191	34	184	35	112	36	123	37	136	38	118	39	123	
	0	137	1	185	2	149	3	153	4	125	5	197	6	178	7	123	8	191	9	112	10	138	11	149	12	199	13	110	14	127	15	125	16	131	17	143	18	171	19	164	20	148	21	183	22	122	23	139	24	152	25	121	26	187	27	169	28	193	29	193	30	171	31	198	32	181	33	145	34	191	35	139	36	185	37	179	38	132	39	121	
	0	148	1	192	2	120	3	116	4	180	5	107	6	154	7	134	8	168	9	181	10	182	11	154	12	123	13	163	14	161	15	146	16	168	17	151	18	177	19	188	20	148	21	113	22	142	23	164	24	100	25	129	26	180	27	153	28	103	29	117	30	128	31	167	32	156	33	128	34	146	35	140	36	145	37	127	38	189	39	127	
	0	166	1	117	2	187	3	136	4	121	5	130	6	123	7	103	8	179	9	148	10	146	11	141	12	183	13	121	14	150	15	177	16	174	17	117	18	170	19	109	20	111	21	165	22	142	23	156	24	157	25	166	26	145	27	120	28	132	29	160	30	138	31	117	32	129	33	194	34	146	35	144	36	131	37	127	38	118	39	126	
	0	191	1	152	2	120	3	117	4	159	5	168	6	166	7	133	8	143	9	113	10	146	11	161	12	164	13	100	14	153	15	161	16	131	17	121	18	133	19	133	20	146	21	138	22	179	23	195	24	126	25	134	26	173	27	133	28	125	29	114	30	192	31	170	32	158	33	142	34	134	35	111	36	196	37	107	38	147	39	176	
	0	155	1	138	2	158	3	184	4	183	5	105	6	195	7	102	8	160	9	189	10	157	11	113	12	166	13	102	14	110	15	139	16	167	17	128	18	158	19	172	20	110	21	104	22	134	23	153	24	195	25	168	26	157	27	183	28	101	29	121	30	118	31	117	32	147	33	166	34	149	35	151	36	172	37	181	38	107	39	195	
	0	133	1	106	2	141	3	130	4	110	5	152	6	168	7	147	8	102	9	120	10	113	11	191	12	119	13	109	14	156	15	189	16	166	17	137	18	151	19	150	20	171	21	127	22	169	23	157	24	198	25	118	26	160	27	193	28	146	29	199	30	148	31	155	32	179	33	188	34	122	35	163	36	131	37	123	38	114	39	144	
	0	173	1	125	2	197	3	172	4	184	5	196	6	182	7	107	8	187	9	145	10	171	11	143	12	102	13	116	14	149	15	112	16	164	17	114	18	146	19	190	20	190	21	125	22	176	23	124	24	189	25	103	26	103	27	109	28	148	29	168	30	126	31	158	32	198	33	193	34	178	35	146	36	128	37	130	38	168	39	146	
	0	150	1	104	2	186	3	170	4	169	5	101	6	102	7	102	8	189	9	103	10	116	11	110	12	160	13	167	14	157	15	132	16	111	17	111	18	172	19	175	20	127	21	110	22	105	23	109	24	105	25	155	26	153	27	118	28	156	29	114	30	186	31	160	32	128	33	122	34	195	35	172	36	157	37	150	38	164	39	142	
	0	141	1	127	2	132	3	154	4	191	5	130	6	172	7	164	8	101	9	168	10	158	11	181	12	109	13	185	14	102	15	164	16	192	17	119	18	133	19	107	20	155	21	112	22	119	23	119	24	136	25	163	26	179	27	139	28	109	29	190	30	155	31	138	32	180	33	108	34	181	35	125	36	136	37	105	38	145	39	103	
	0	171	1	186	2	144	3	183	4	113	5	179	6	155	7	176	8	140	9	141	10	114	11	125	12	195	13	126	14	157	15	172	16	125	17	115	18	193	19	185	20	187	21	177	22	178	23	192	24	155	25	112	26	108	27	187	28	194	29	141	30	149	31	155	32	121	33	185	34	115	35	102	36	180	37	181	38	179	39	177	
	0	162	1	197	2	117	3	156	4	189	5	101	6	163	7	139	8	145	9	146	10	169	11	154	12	145	13	104	14	115	15	169	16	108	17	180	18	120	19	104	20	150	21	150	22	105	23	130	24	152	25	129	26	174	27	185	28	146	29	154	30	185	31	147	32	184	33	139	34	126	35	129	36	120	37	192	38	156	39	171	
	0	180	1	116	2	140	3	160	4	155	5	115	6	120	7	104	8	105	9	117	10	102	11	177	12	140	13	175	14	160	15	137	16	155	17	154	18	182	19	160	20	134	21	103	22	155	23	149	24	128	25	191	26	179	27	191	28	142	29	148	30	189	31	158	32	140	33	122	34	173	35	157	36	170	37	113	38	171	39	191	
	0	169	1	109	2	156	3	137	4	116	5	161	6	193	7	187	8	102	9	148	10	118	11	131	12	165	13	163	14	131	15	137	16	129	17	185	18	167	19	174	20	124	21	124	22	154	23	130	24	154	25	146	26	197	27	128	28	154	29	118	30	170	31	192	32	128	33	118	34	101	35	109	36	153	37	195	38	152	39	126	
	0	101	1	163	2	162	3	115	4	111	5	108	6	171	7	125	8	144	9	137	10	179	11	118	12	129	13	190	14	144	15	108	16	103	17	145	18	159	19	105	20	131	21	175	22	138	23	148	24	158	25	163	26	190	27	123	28	104	29	117	30	140	31	100	32	156	33	156	34	163	35	119	36	196	37	190	38	109	39	190	
	0	195	1	155	2	117	3	168	4	147	5	118	6	113	7	116	8	198	9	191	10	140	11	177	12	188	13	112	14	128	15	155	16	172	17	147	18	198	19	101	20	192	21	176	22	103	23	170	24	183	25	161	26	156	27	104	28	199	29	186	30	190	31	171	32	115	33	103	34	148	35	107	36	139	37	105	38	122	39	129	
	0	107	1	101	2	158	3	163	4	146	5	184	6	110	7	168	8	128	9	120	10	126	11	134	12	198	13	164	14	135	15	104	16	143	17	155	18	125	19	152	20	108	21	199	22	162	23	166	24	121	25	182	26	117	27	187	28	196	29	174	30	130	31	140	32	182	33	165	34	172	35	115	36	136	37	144	38	141	39	113	
	0	172	1	141	2	113	3	187	4	194	5	160	6	134	7	158	8	170	9	142	10	127	11	105	12	125	13	182	14	133	15	117	16	180	17	170	18	119	19	161	20	136	21	178	22	195	23	149	24	127	25	176	26	103	27	170	28	147	29	171	30	153	31	192	32	151	33	137	34	171	35	142	36	156	37	141	38	114	39	159	
	0	134	1	135	2	194	3	166	4	108	5	115	6	139	7	185	8	120	9	136	10	167	11	156	12	164	13	197	14	140	15	188	16	162	17	135	18	141	19	147	20	123	21	190	22	129	23	110	24	105	25	198	26	145	27	133	28	195	29	130	30	176	31	144	32	126	33	152	34	193	35	172	36	125	37	189	38	131	39	142	
	0	181	1	112	2	116	3	148	4	195	5	178	6	152	7	157	8	184	9	184	10	118	11	142	12	180	13	112	14	135	15	190	16	146	17	163	18	126	19	100	20	160	21	108	22	100	23	181	24	182	25	171	26	192	27	170	28	161	29	168	30	123	31	123	32	147	33	179	34	146	35	133	36	122	37	110	38	185	39	147	
	0	180	1	148	2	157	3	159	4	189	5	134	6	150	7	166	8	147	9	168	10	131	11	189	12	142	13	191	14	158	15	130	16	154	17	142	18	155	19	128	20	108	21	190	22	145	23	102	24	131	25	163	26	194	27	144	28	197	29	144	30	193	31	135	32	177	33	156	34	182	35	199	36	159	37	175	38	105	39	164	
	0	174	1	105	2	163	3	186	4	122	5	137	6	182	7	183	8	191	9	102	10	103	11	138	12	114	13	152	14	183	15	141	16	135	17	161	18	195	19	116	20	107	21	164	22	186	23	197	24	149	25	182	26	186	27	185	28	145	29	188	30	153	31	153	32	193	33	113	34	174	35	182	36	104	37	181	38	196	39	163	
	0	128	1	104	2	112	3	164	4	186	5	128	6	195	7	197	8	169	9	114	10	114	11	145	12	178	13	196	14	142	15	113	16	156	17	100	18	152	19	129	20	152	21	193	22	127	23	137	24	143	25	190	26	149	27	122	28	111	29	117	30	183	31	179	32	180	33	103	34	108	35	175	36	137	37	190	38	182	39	109	
	0	188	1	152	2	110	3	152	4	147	5	141	6	198	7	174	8	192	9	160	10	104	11	156	12	120	13	113	14	153	15	123	16	100	17	135	18	163	19	188	20	196	21	125	22	149	23	151	24	161	25	198	26	174	27	118	28	131	29	133	30	141	31	155	32	136	33	105	34	116	35	180	36	193	37	185	38	166	39	190	
	0	178	1	104	2	191	3	116	4	156	5	176	6	152	7	181	8	164	9	112	10	189	11	182	12	123	13	126	14	148	15	199	16	134	17	135	18	131	19	190	20	175	21	122	22	198	23	157	24	129	25	167	26	106	27	157	28	162	29	176	30	106	31	191	32	191	33	115	34	113	35	183	36	185	37	103	38	120	39	113	
	0	119	1	157	2	194	3	112	4	119	5	112	6	102	7	134	8	103	9	160	10	193	11	142	12	174	13	100	14	146	15	140	16	164	17	100	18	199	19	191	20	154	21	146	22	170	23	146	24	102	25	176	26	116	27	165	28	107	29	134	30	125	31	132	32	186	33	190	34	178	35	196	36	189	37	110	38	101	39	121	
	0	133	1	147	2	152	3	130	4	120	5	196	6	157	7	172	8	183	9	114	10	124	11	115	12	175	13	185	14	137	15	110	16	199	17	125	18	106	19	100	20	130	21	180	22	183	23	145	24	171	25	171	26	102	27	124	28	161	29	129	30	134	31	112	32	146	33	111	34	111	35	150	36	132	37	106	38	138	39	157	
	0	124	1	151	2	183	3	136	4	115	5	152	6	185	7	193	8	174	9	181	10	107	11	142	12	137	13	194	14	170	15	146	16	188	17	116	18	166	19	127	20	122	21	124	22	105	23	115	24	180	25	199	26	182	27	178	28	167	29	176	30	179	31	170	32	150	33	101	34	124	35	122	36	182	37	129	38	157	39	105	
	0	175	1	111	2	130	3	159	4	156	5	115	6	185	7	109	8	160	9	110	10	160	11	114	12	161	13	111	14	174	15	110	16	138	17	181	18	157	19	127	20	192	21	109	22	135	23	132	24	141	25	154	26	166	27	190	28	178	29	156	30	184	31	171	32	195	33	141	34	123	35	105	36	197	37	195	38	178	39	187	
	0	183	1	179	2	138	3	199	4	142	5	188	6	137	7	192	8	164	9	144	10	101	11	172	12	192	13	163	14	193	15	183	16	149	17	105	18	125	19	195	20	145	21	142	22	191	23	147	24	116	25	154	26	111	27	198	28	186	29	184	30	111	31	132	32	105	33	100	34	196	35	112	36	132	37	108	38	146	39	166	
	0	118	1	152	2	122	3	194	4	103	5	182	6	143	7	195	8	166	9	177	10	198	11	161	12	159	13	171	14	107	15	164	16	136	17	154	18	149	19	197	20	143	21	199	22	178	23	152	24	127	25	133	26	165	27	104	28	104	29	110	30	185	31	120	32	160	33	113	34	155	35	175	36	161	37	171	38	155	39	191	
	0	173	1	160	2	108	3	108	4	181	5	190	6	150	7	147	8	162	9	153	10	194	11	122	12	130	13	171	14	129	15	138	16	195	17	174	18	149	19	164	20	158	21	151	22	105	23	178	24	151	25	199	26	184	27	133	28	137	29	146	30	198	31	133	32	120	33	157	34	127	35	181	36	119	37	119	38	189	39	121	
	0	122	1	123	2	177	3	198	4	197	5	150	6	137	7	139	8	155	9	156	10	189	11	147	12	105	13	106	14	184	15	164	16	153	17	130	18	166	19	104	20	132	21	130	22	180	23	135	24	117	25	100	26	192	27	171	28	181	29	115	30	124	31	171	32	108	33	120	34	198	35	184	36	164	37	100	38	130	39	151	
	0	146	1	193	2	172	3	169	4	130	5	148	6	108	7	173	8	144	9	161	10	104	11	190	12	113	13	128	14	193	15	145	16	191	17	184	18	138	19	190	20	154	21	162	22	171	23	100	24	128	25	140	26	170	27	116	28	140	29	154	30	104	31	106	32	168	33	134	34	150	35	190	36	116	37	156	38	198	39	114	
	0	183	1	130	2	158	3	189	4	105	5	139	6	141	7	185	8	150	9	111	10	166	11	134	12	171	13	123	14	186	15	191	16	135	17	123	18	172	19	194	20	177	21	159	22	155	23	167	24	121	25	128	26	120	27	187	28	177	29	172	30	115	31	107	32	150	33	112	34	129	35	120	36	128	37	163	38	148	39	129	
	0	139	1	188	2	179	3	100	4	148	5	115	6	196	7	167	8	184	9	149	10	133	11	191	12	107	13	124	14	199	15	192	16	185	17	105	18	122	19	111	20	135	21	100	22	137	23	147	24	181	25	188	26	149	27	179	28	185	29	134	30	178	31	175	32	164	33	111	34	174	35	151	36	112	37	197	38	115	39	149	
	0	194	1	194	2	192	3	130	4	173	5	157	6	156	7	187	8	165	9	115	10	110	11	162	12	130	13	181	14	141	15	184	16	113	17	152	18	112	19	159	20	101	21	185	22	106	23	109	24	182	25	192	26	126	27	164	28	144	29	186	30	197	31	113	32	199	33	154	34	101	35	119	36	152	37	177	38	169	39	173	
	0	115	1	108	2	134	3	176	4	135	5	159	6	143	7	148	8	192	9	161	10	184	11	119	12	112	13	123	14	170	15	179	16	174	17	123	18	183	19	101	20	183	21	165	22	160	23	162	24	163	25	153	26	169	27	119	28	144	29	180	30	140	31	165	32	153	33	166	34	146	35	130	36	162	37	145	38	183	39	168	
	0	192	1	199	2	197	3	103	4	142	5	101	6	128	7	187	8	187	9	124	10	126	11	100	12	118	13	139	14	170	15	173	16	100	17	103	18	175	19	189	20	120	21	159	22	155	23	149	24	130	25	151	26	149	27	179	28	195	29	163	30	145	31	176	32	188	33	146	34	166	35	136	36	150	37	178	38	122	39	195	
	0	149	1	183	2	150	3	180	4	105	5	187	6	104	7	171	8	155	9	148	10	188	11	169	12	145	13	114	14	119	15	119	16	150	17	137	18	103	19	136	20	145	21	170	22	148	23	183	24	136	25	110	26	195	27	109	28	156	29	152	30	118	31	160	32	152	33	148	34	195	35	142	36	124	37	198	38	131	39	173	
	0	161	1	124	2	143	3	119	4	142	5	120	6	181	7	120	8	154	9	150	10	105	11	131	12	169	13	102	14	126	15	170	16	116	17	155	18	169	19	130	20	138	21	195	22	153	23	134	24	181	25	135	26	194	27	104	28	154	29	199	30	197	31	122	32	105	33	140	34	188	35	176	36	141	37	182	38	171	39	148	
	0	132	1	116	2	174	3	114	4	158	5	162	6	149	7	193	8	185	9	154	10	163	11	183	12	146	13	168	14	195	15	185	16	186	17	145	18	191	19	148	20	148	21	183	22	119	23	177	24	179	25	178	26	136	27	179	28	167	29	103	30	186	31	106	32	122	33	158	34	115	35	128	36	141	37	123	38	199	39	144	
	0	137	1	185	2	178	3	149	4	108	5	114	6	116	7	124	8	137	9	108	10	105	11	162	12	105	13	126	14	192	15	137	16	195	17	119	18	170	19	192	20	163	21	187	22	166	23	119	24	122	25	127	26	135	27	122	28	162	29	128	30	114	31	179	32	162	33	197	34	148	35	162	36	146	37	102	38	136	39	176	
	0	129	1	177	2	120	3	164	4	170	5	143	6	130	7	199	8	129	9	128	10	175	11	144	12	147	13	152	14	139	15	148	16	146	17	125	18	194	19	162	20	177	21	198	22	135	23	109	24	139	25	171	26	180	27	153	28	114	29	144	30	163	31	189	32	114	33	196	34	140	35	100	36	167	37	190	38	108	39	171	
	0	169	1	127	2	110	3	146	4	120	5	179	6	148	7	166	8	137	9	131	10	105	11	106	12	149	13	104	14	106	15	152	16	156	17	153	18	140	19	139	20	132	21	111	22	177	23	199	24	136	25	181	26	194	27	109	28	104	29	160	30	141	31	132	32	160	33	117	34	159	35	142	36	189	37	175	38	151	39	144	
	0	188	1	121	2	119	3	174	4	194	5	167	6	183	7	198	8	165	9	185	10	144	11	154	12	166	13	168	14	182	15	166	16	151	17	109	18	102	19	112	20	112	21	165	22	135	23	152	24	193	25	143	26	183	27	132	28	191	29	174	30	147	31	141	32	197	33	106	34	197	35	152	36	174	37	146	38	154	39	191	
	0	130	1	149	2	196	3	109	4	102	5	114	6	177	7	133	8	132	9	126	10	175	11	120	12	123	13	168	14	172	15	189	16	135	17	155	18	130	19	189	20	110	21	180	22	167	23	184	24	101	25	108	26	194	27	182	28	103	29	158	30	167	31	113	32	195	33	162	34	121	35	164	36	136	37	141	38	140	39	109	
	0	121	1	173	2	157	3	125	4	175	5	150	6	174	7	172	8	124	9	123	10	158	11	172	12	110	13	134	14	177	15	142	16	193	17	138	18	154	19	131	20	190	21	171	22	102	23	194	24	145	25	197	26	155	27	168	28	145	29	146	30	157	31	198	32	172	33	167	34	128	35	151	36	134	37	126	38	179	39	197	
	0	188	1	177	2	181	3	157	4	174	5	103	6	147	7	111	8	192	9	136	10	130	11	152	12	186	13	172	14	171	15	175	16	147	17	129	18	105	19	156	20	125	21	165	22	197	23	184	24	172	25	106	26	145	27	178	28	113	29	149	30	128	31	199	32	165	33	119	34	199	35	164	36	171	37	128	38	166	39	198	
	0	182	1	106	2	165	3	171	4	156	5	125	6	157	7	136	8	129	9	181	10	103	11	180	12	104	13	197	14	120	15	190	16	169	17	128	18	112	19	103	20	123	21	158	22	193	23	115	24	192	25	156	26	111	27	138	28	164	29	177	30	174	31	173	32	127	33	196	34	136	35	118	36	116	37	119	38	126	39	141	
	0	135	1	191	2	161	3	188	4	137	5	119	6	174	7	106	8	179	9	199	10	128	11	193	12	137	13	170	14	150	15	197	16	102	17	143	18	125	19	178	20	198	21	181	22	155	23	110	24	171	25	102	26	182	27	185	28	189	29	158	30	124	31	141	32	177	33	113	34	108	35	121	36	121	37	186	38	127	39	134	
	0	130	1	193	2	161	3	101	4	151	5	160	6	199	7	117	8	102	9	126	10	194	11	129	12	193	13	188	14	185	15	166	16	163	17	188	18	119	19	118	20	128	21	125	22	112	23	138	24	199	25	153	26	100	27	190	28	176	29	155	30	143	31	146	32	115	33	160	34	160	35	110	36	124	37	137	38	119	39	151	
	0	176	1	155	2	193	3	177	4	184	5	100	6	128	7	168	8	141	9	154	10	160	11	155	12	157	13	100	14	126	15	170	16	154	17	190	18	104	19	103	20	165	21	122	22	146	23	184	24	105	25	146	26	184	27	135	28	137	29	108	30	184	31	118	32	192	33	184	34	114	35	180	36	108	37	110	38	184	39	110	
	0	187	1	152	2	156	3	135	4	139	5	164	6	171	7	149	8	185	9	123	10	148	11	113	12	133	13	106	14	116	15	146	16	184	17	177	18	117	19	183	20	150	21	150	22	109	23	167	24	106	25	164	26	182	27	181	28	169	29	156	30	188	31	110	32	108	33	162	34	152	35	199	36	143	37	129	38	105	39	169	
	0	163	1	114	2	104	3	191	4	115	5	163	6	184	7	169	8	100	9	155	10	124	11	175	12	166	13	194	14	149	15	130	16	163	17	187	18	169	19	197	20	126	21	142	22	102	23	165	24	128	25	108	26	167	27	117	28	105	29	110	30	136	31	172	32	142	33	102	34	134	35	193	36	172	37	146	38	156	39	109	
	0	117	1	131	2	152	3	109	4	110	5	133	6	141	7	187	8	185	9	177	10	157	11	179	12	156	13	139	14	176	15	171	16	107	17	143	18	174	19	171	20	128	21	112	22	178	23	180	24	170	25	199	26	115	27	167	28	156	29	190	30	182	31	162	32	155	33	125	34	150	35	180	36	150	37	155	38	186	39	182	
	0	170	1	113	2	153	3	119	4	155	5	164	6	192	7	136	8	114	9	113	10	163	11	140	12	125	13	162	14	114	15	182	16	145	17	177	18	137	19	114	20	191	21	140	22	156	23	132	24	171	25	132	26	137	27	133	28	181	29	119	30	182	31	142	32	173	33	177	34	114	35	105	36	126	37	116	38	164	39	119	
	0	199	1	195	2	165	3	153	4	168	5	149	6	160	7	157	8	104	9	144	10	167	11	113	12	188	13	156	14	164	15	186	16	179	17	110	18	173	19	134	20	116	21	133	22	102	23	188	24	198	25	152	26	170	27	194	28	106	29	156	30	149	31	157	32	196	33	173	34	193	35	101	36	108	37	172	38	195	39	120	
	0	152	1	175	2	150	3	160	4	172	5	121	6	115	7	113	8	109	9	118	10	191	11	105	12	174	13	115	14	162	15	100	16	117	17	114	18	129	19	124	20	171	21	195	22	147	23	114	24	176	25	172	26	190	27	192	28	106	29	192	30	141	31	166	32	108	33	116	34	161	35	195	36	146	37	120	38	105	39	125	
	0	152	1	144	2	167	3	145	4	141	5	142	6	134	7	138	8	110	9	179	10	169	11	134	12	148	13	170	14	150	15	174	16	107	17	134	18	113	19	154	20	153	21	185	22	160	23	116	24	156	25	134	26	104	27	103	28	175	29	108	30	134	31	133	32	168	33	108	34	163	35	115	36	158	37	116	38	106	39	153	
	0	126	1	187	2	176	3	141	4	134	5	125	6	110	7	140	8	125	9	164	10	168	11	148	12	131	13	106	14	137	15	118	16	108	17	121	18	116	19	179	20	187	21	122	22	102	23	151	24	189	25	173	26	113	27	146	28	156	29	189	30	145	31	154	32	160	33	126	34	186	35	167	36	137	37	131	38	187	39	110	
	0	195	1	159	2	118	3	133	4	105	5	151	6	108	7	115	8	172	9	181	10	153	11	120	12	161	13	169	14	136	15	165	16	116	17	125	18	169	19	118	20	145	21	152	22	129	23	125	24	111	25	168	26	150	27	163	28	168	29	128	30	157	31	178	32	127	33	101	34	100	35	165	36	198	37	129	38	145	39	137	
	0	136	1	139	2	141	3	196	4	182	5	157	6	126	7	112	8	107	9	167	10	142	11	163	12	166	13	114	14	156	15	194	16	153	17	133	18	160	19	105	20	152	21	133	22	175	23	116	24	151	25	196	26	177	27	168	28	100	29	136	30	100	31	182	32	105	33	133	34	170	35	157	36	118	37	112	38	127	39	140	
	0	148	1	127	2	108	3	146	4	191	5	166	6	128	7	197	8	138	9	165	10	169	11	122	12	148	13	174	14	187	15	154	16	141	17	114	18	130	19	103	20	180	21	191	22	113	23	187	24	138	25	164	26	172	27	167	28	181	29	116	30	114	31	176	32	126	33	173	34	112	35	154	36	179	37	197	38	179	39	141	
	0	192	1	185	2	193	3	136	4	190	5	106	6	127	7	115	8	187	9	189	10	194	11	165	12	142	13	158	14	108	15	184	16	119	17	192	18	170	19	132	20	198	21	165	22	129	23	182	24	117	25	153	26	125	27	163	28	151	29	190	30	162	31	131	32	184	33	107	34	102	35	118	36	163	37	141	38	153	39	106	
	0	177	1	103	2	133	3	171	4	109	5	154	6	173	7	148	8	160	9	189	10	104	11	194	12	173	13	176	14	194	15	148	16	157	17	199	18	112	19	193	20	194	21	122	22	165	23	179	24	107	25	144	26	146	27	165	28	134	29	152	30	183	31	120	32	121	33	106	34	164	35	115	36	130	37	127	38	171	39	128	
	0	129	1	123	2	119	3	168	4	116	5	100	6	190	7	143	8	102	9	184	10	144	11	101	12	109	13	105	14	180	15	125	16	180	17	148	18	165	19	123	20	197	21	159	22	126	23	192	24	148	25	133	26	162	27	135	28	140	29	116	30	184	31	121	32	178	33	167	34	198	35	126	36	137	37	174	38	105	39	142	
	0	125	1	150	2	125	3	186	4	112	5	154	6	167	7	152	8	179	9	115	10	173	11	171	12	125	13	129	14	142	15	112	16	183	17	135	18	164	19	142	20	156	21	102	22	134	23	124	24	192	25	187	26	134	27	117	28	180	29	141	30	131	31	123	32	109	33	106	34	116	35	128	36	107	37	125	38	158	39	162	
	0	132	1	118	2	113	3	141	4	194	5	107	6	159	7	142	8	133	9	166	10	161	11	189	12	130	13	116	14	194	15	136	16	177	17	140	18	110	19	172	20	123	21	178	22	140	23	124	24	181	25	132	26	108	27	136	28	193	29	171	30	109	31	177	32	147	33	147	34	194	35	173	36	199	37	160	38	137	39	135	
	0	133	1	193	2	137	3	182	4	169	5	107	6	129	7	192	8	127	9	171	10	170	11	171	12	100	13	197	14	168	15	174	16	179	17	100	18	170	19	129	20	195	21	104	22	152	23	181	24	188	25	195	26	166	27	136	28	116	29	113	30	188	31	135	32	194	33	143	34	185	35	119	36	179	37	158	38	113	39	127	
	0	137	1	162	2	103	3	174	4	163	5	181	6	103	7	101	8	159	9	159	10	173	11	175	12	192	13	183	14	126	15	168	16	156	17	127	18	193	19	181	20	135	21	141	22	191	23	142	24	189	25	130	26	144	27	116	28	177	29	162	30	131	31	146	32	131	33	110	34	144	35	162	36	194	37	115	38	152	39	192	
	0	103	1	135	2	189	3	130	4	197	5	128	6	121	7	168	8	146	9	101	10	182	11	177	12	138	13	141	14	168	15	123	16	159	17	141	18	134	19	111	20	122	21	102	22	179	23	112	24	145	25	192	26	157	27	106	28	107	29	194	30	117	31	140	32	104	33	145	34	187	35	107	36	102	37	132	38	107	39	123	
	0	133	1	103	2	181	3	170	4	118	5	133	6	149	7	108	8	113	9	120	10	184	11	118	12	100	13	131	14	117	15	139	16	172	17	150	18	195	19	146	20	126	21	174	22	168	23	198	24	155	25	126	26	134	27	165	28	170	29	103	30	157	31	142	32	175	33	135	34	139	35	178	36	178	37	120	38	148	39	147	
	0	129	1	115	2	154	3	144	4	151	5	113	6	124	7	153	8	158	9	178	10	118	11	183	12	185	13	109	14	111	15	100	16	107	17	172	18	195	19	168	20	198	21	124	22	168	23	180	24	168	25	151	26	115	27	105	28	167	29	142	30	127	31	120	32	169	33	150	34	179	35	166	36	197	37	118	38	142	39	163	
	0	177	1	174	2	189	3	184	4	185	5	168	6	184	7	110	8	140	9	100	10	197	11	177	12	158	13	124	14	122	15	112	16	114	17	189	18	101	19	181	20	161	21	136	22	135	23	169	24	176	25	145	26	143	27	110	28	188	29	121	30	174	31	101	32	184	33	192	34	108	35	169	36	117	37	137	38	100	39	198	
	0	158	1	115	2	136	3	143	4	121	5	122	6	156	7	133	8	162	9	187	10	174	11	152	12	116	13	181	14	164	15	156	16	142	17	128	18	199	19	106	20	185	21	196	22	139	23	115	24	155	25	107	26	195	27	194	28	155	29	176	30	179	31	146	32	189	33	191	34	101	35	146	36	172	37	183	38	154	39	152	
	0	169	1	120	2	174	3	113	4	131	5	154	6	142	7	171	8	176	9	103	10	174	11	190	12	127	13	143	14	106	15	132	16	122	17	182	18	167	19	164	20	172	21	185	22	149	23	131	24	153	25	130	26	135	27	194	28	139	29	146	30	152	31	145	32	130	33	143	34	171	35	160	36	166	37	179	38	193	39	143	
	0	108	1	138	2	128	3	104	4	155	5	180	6	104	7	182	8	118	9	107	10	120	11	150	12	152	13	170	14	126	15	121	16	195	17	170	18	123	19	184	20	113	21	168	22	133	23	184	24	129	25	130	26	179	27	186	28	187	29	179	30	129	31	163	32	176	33	117	34	186	35	146	36	125	37	176	38	159	39	179	
	0	177	1	129	2	193	3	192	4	134	5	154	6	182	7	127	8	133	9	161	10	104	11	163	12	147	13	136	14	163	15	152	16	178	17	108	18	142	19	122	20	100	21	119	22	118	23	118	24	130	25	136	26	131	27	175	28	152	29	117	30	124	31	124	32	109	33	199	34	162	35	135	36	135	37	155	38	192	39	115	
	0	177	1	162	2	174	3	127	4	137	5	191	6	120	7	118	8	141	9	172	10	107	11	100	12	173	13	150	14	120	15	159	16	120	17	163	18	124	19	128	20	125	21	139	22	195	23	120	24	113	25	179	26	140	27	166	28	138	29	165	30	106	31	171	32	150	33	192	34	154	35	121	36	126	37	133	38	130	39	154	
	0	127	1	180	2	186	3	161	4	100	5	117	6	110	7	111	8	161	9	182	10	176	11	103	12	128	13	105	14	144	15	189	16	113	17	100	18	166	19	189	20	164	21	105	22	146	23	112	24	188	25	113	26	195	27	148	28	199	29	121	30	183	31	164	32	102	33	199	34	104	35	155	36	187	37	135	38	174	39	102	
	0	174	1	113	2	151	3	134	4	184	5	144	6	191	7	109	8	193	9	130	10	196	11	188	12	165	13	126	14	162	15	193	16	144	17	144	18	170	19	192	20	152	21	167	22	157	23	187	24	124	25	137	26	132	27	168	28	142	29	141	30	118	31	183	32	109	33	101	34	126	35	108	36	182	37	195	38	159	39	169	
	0	105	1	161	2	155	3	140	4	185	5	138	6	172	7	140	8	164	9	128	10	166	11	137	12	140	13	172	14	166	15	197	16	156	17	194	18	147	19	128	20	195	21	134	22	127	23	120	24	132	25	196	26	125	27	198	28	197	29	107	30	178	31	128	32	118	33	177	34	158	35	100	36	107	37	122	38	173	39	115	
	0	126	1	191	2	100	3	132	4	172	5	108	6	187	7	192	8	130	9	114	10	144	11	129	12	144	13	163	14	129	15	127	16	113	17	191	18	102	19	191	20	103	21	183	22	123	23	140	24	138	25	121	26	106	27	148	28	112	29	104	30	118	31	123	32	193	33	112	34	119	35	140	36	108	37	126	38	196	39	145	
	0	114	1	197	2	167	3	109	4	113	5	115	6	192	7	177	8	170	9	114	10	175	11	115	12	170	13	148	14	197	15	139	16	183	17	175	18	170	19	109	20	127	21	168	22	105	23	120	24	185	25	127	26	159	27	169	28	111	29	182	30	117	31	103	32	112	33	134	34	181	35	119	36	172	37	151	38	104	39	190	
	0	194	1	114	2	136	3	118	4	130	5	197	6	193	7	142	8	116	9	138	10	166	11	186	12	181	13	157	14	179	15	154	16	102	17	176	18	173	19	103	20	122	21	190	22	165	23	180	24	125	25	159	26	189	27	160	28	155	29	190	30	165	31	153	32	169	33	145	34	160	35	161	36	160	37	183	38	132	39	169	
	0	141	1	122	2	191	3	151	4	154	5	116	6	199	7	116	8	140	9	175	10	136	11	123	12	108	13	155	14	138	15	158	16	152	17	128	18	112	19	115	20	118	21	149	22	171	23	187	24	144	25	177	26	159	27	135	28	168	29	110	30	132	31	100	32	102	33	155	34	145	35	116	36	174	37	160	38	167	39	171	
	0	139	1	160	2	180	3	140	4	111	5	188	6	131	7	178	8	124	9	103	10	185	11	128	12	178	13	168	14	106	15	169	16	153	17	172	18	170	19	104	20	122	21	137	22	170	23	182	24	140	25	137	26	154	27	110	28	172	29	190	30	118	31	187	32	128	33	167	34	170	35	111	36	196	37	110	38	179	39	152	
	0	167	1	133	2	152	3	159	4	191	5	190	6	181	7	108	8	102	9	148	10	188	11	196	12	173	13	144	14	174	15	168	16	173	17	105	18	152	19	164	20	132	21	177	22	127	23	108	24	150	25	168	26	134	27	106	28	118	29	104	30	160	31	187	32	173	33	130	34	186	35	164	36	165	37	103	38	126	39	191	
	0	134	1	159	2	150	3	124	4	178	5	172	6	176	7	194	8	159	9	165	10	143	11	138	12	136	13	166	14	136	15	178	16	189	17	127	18	146	19	183	20	127	21	159	22	176	23	117	24	196	25	182	26	106	27	152	28	111	29	104	30	127	31	160	32	177	33	163	34	134	35	191	36	192	37	165	38	139	39	184	
	0	197	1	162	2	174	3	188	4	162	5	116	6	123	7	144	8	177	9	108	10	180	11	189	12	148	13	194	14	196	15	164	16	133	17	173	18	113	19	126	20	190	21	137	22	130	23	181	24	167	25	162	26	187	27	170	28	137	29	166	30	117	31	161	32	163	33	188	34	145	35	163	36	182	37	180	38	113	39	167	
	0	102	1	175	2	188	3	125	4	157	5	103	6	128	7	117	8	145	9	191	10	134	11	143	12	126	13	157	14	173	15	184	16	192	17	166	18	163	19	143	20	130	21	116	22	197	23	187	24	169	25	159	26	185	27	154	28	170	29	125	30	131	31	123	32	196	33	108	34	161	35	153	36	101	37	102	38	148	39	159	
	0	187	1	137	2	169	3	117	4	174	5	117	6	141	7	181	8	129	9	181	10	162	11	196	12	142	13	118	14	166	15	180	16	124	17	100	18	153	19	181	20	176	21	184	22	175	23	188	24	168	25	195	26	123	27	152	28	108	29	112	30	112	31	136	32	135	33	117	34	163	35	182	36	175	37	132	38	102	39	186	
	0	140	1	189	2	124	3	124	4	155	5	133	6	182	7	141	8	110	9	125	10	198	11	173	12	145	13	133	14	154	15	137	16	172	17	176	18	147	19	159	20	156	21	196	22	124	23	186	24	133	25	100	26	179	27	110	28	132	29	155	30	164	31	185	32	155	33	141	34	198	35	144	36	110	37	160	38	151	39	193	
	0	153	1	195	2	175	3	181	4	196	5	179	6	192	7	115	8	126	9	107	10	160	11	131	12	187	13	119	14	144	15	154	16	185	17	159	18	130	19	159	20	142	21	141	22	115	23	171	24	189	25	172	26	104	27	118	28	150	29	100	30	150	31	190	32	176	33	123	34	144	35	189	36	174	37	110	38	189	39	170	
	0	153	1	193	2	107	3	133	4	110	5	169	6	140	7	184	8	183	9	100	10	171	11	119	12	149	13	127	14	179	15	188	16	174	17	112	18	144	19	104	20	108	21	180	22	135	23	122	24	183	25	123	26	126	27	118	28	146	29	147	30	148	31	166	32	133	33	112	34	175	35	176	36	108	37	161	38	127	39	120	
	0	140	1	104	2	166	3	113	4	145	5	136	6	107	7	108	8	174	9	112	10	109	11	122	12	136	13	189	14	114	15	146	16	182	17	104	18	152	19	110	20	190	21	126	22	167	23	151	24	187	25	197	26	112	27	113	28	154	29	188	30	131	31	153	32	174	33	104	34	140	35	142	36	101	37	157	38	189	39	150	
	0	181	1	188	2	104	3	126	4	118	5	158	6	187	7	138	8	133	9	187	10	166	11	163	12	184	13	110	14	144	15	108	16	133	17	132	18	163	19	119	20	136	21	105	22	142	23	132	24	119	25	158	26	117	27	148	28	145	29	193	30	144	31	128	32	180	33	108	34	199	35	118	36	149	37	100	38	118	39	173	
	0	192	1	190	2	165	3	109	4	164	5	151	6	193	7	118	8	117	9	154	10	135	11	186	12	130	13	120	14	137	15	197	16	106	17	120	18	195	19	161	20	159	21	145	22	183	23	116	24	102	25	156	26	138	27	157	28	133	29	114	30	139	31	120	32	124	33	183	34	105	35	110	36	148	37	179	38	128	39	193	
	0	101	1	137	2	101	3	138	4	139	5	166	6	165	7	152	8	168	9	152	10	156	11	180	12	181	13	101	14	107	15	118	16	194	17	147	18	112	19	108	20	192	21	117	22	153	23	196	24	164	25	188	26	177	27	132	28	186	29	179	30	158	31	165	32	163	33	119	34	128	35	167	36	175	37	171	38	148	39	188	
	0	167	1	192	2	108	3	110	4	184	5	115	6	164	7	196	8	178	9	163	10	165	11	165	12	100	13	173	14	186	15	118	16	152	17	135	18	169	19	130	20	198	21	150	22	144	23	181	24	126	25	166	26	124	27	162	28	164	29	162	30	179	31	111	32	184	33	154	34	170	35	110	36	147	37	110	38	103	39	100	
	0	178	1	111	2	145	3	170	4	133	5	177	6	108	7	161	8	160	9	143	10	181	11	181	12	173	13	157	14	164	15	118	16	135	17	172	18	138	19	166	20	124	21	124	22	146	23	123	24	144	25	132	26	182	27	192	28	107	29	132	30	130	31	163	32	124	33	115	34	193	35	115	36	145	37	189	38	109	39	120	
	0	140	1	135	2	134	3	115	4	143	5	171	6	167	7	104	8	104	9	111	10	161	11	108	12	151	13	145	14	120	15	137	16	198	17	101	18	157	19	112	20	100	21	162	22	121	23	141	24	141	25	139	26	177	27	106	28	190	29	194	30	167	31	130	32	172	33	141	34	184	35	186	36	132	37	181	38	101	39	147	
	0	194	1	161	2	182	3	119	4	155	5	199	6	131	7	116	8	186	9	152	10	122	11	183	12	197	13	167	14	126	15	118	16	166	17	159	18	108	19	109	20	137	21	180	22	155	23	184	24	137	25	120	26	170	27	170	28	191	29	110	30	189	31	171	32	130	33	180	34	192	35	130	36	190	37	181	38	130	39	194	
	0	168	1	191	2	181	3	124	4	163	5	103	6	128	7	114	8	182	9	112	10	166	11	123	12	193	13	114	14	117	15	106	16	113	17	183	18	128	19	117	20	141	21	152	22	101	23	187	24	199	25	166	26	164	27	152	28	124	29	129	30	156	31	197	32	180	33	161	34	131	35	123	36	114	37	127	38	159	39	152	
	0	185	1	108	2	104	3	193	4	139	5	129	6	137	7	195	8	186	9	136	10	187	11	101	12	197	13	107	14	188	15	136	16	113	17	106	18	153	19	166	20	167	21	179	22	151	23	182	24	195	25	182	26	148	27	152	28	105	29	187	30	154	31	177	32	191	33	192	34	193	35	105	36	194	37	108	38	183	39	193	
	0	107	1	162	2	178	3	189	4	125	5	148	6	193	7	170	8	132	9	111	10	131	11	138	12	149	13	136	14	153	15	108	16	187	17	117	18	115	19	184	20	161	21	126	22	123	23	137	24	192	25	152	26	113	27	121	28	192	29	140	30	187	31	178	32	108	33	181	34	165	35	110	36	102	37	111	38	114	39	149	
	0	152	1	163	2	110	3	163	4	126	5	116	6	159	7	157	8	182	9	156	10	184	11	154	12	182	13	177	14	152	15	163	16	172	17	180	18	141	19	136	20	123	21	100	22	161	23	119	24	198	25	153	26	169	27	182	28	183	29	103	30	177	31	160	32	118	33	105	34	176	35	122	36	156	37	138	38	102	39	127	
	0	103	1	114	2	179	3	198	4	151	5	167	6	130	7	169	8	176	9	157	10	112	11	135	12	151	13	121	14	180	15	151	16	187	17	101	18	129	19	151	20	150	21	104	22	143	23	197	24	129	25	124	26	162	27	109	28	112	29	158	30	152	31	147	32	126	33	159	34	181	35	113	36	173	37	105	38	110	39	137	
	0	167	1	185	2	155	3	125	4	198	5	190	6	122	7	104	8	141	9	179	10	174	11	140	12	176	13	199	14	104	15	170	16	188	17	178	18	158	19	102	20	185	21	197	22	190	23	109	24	163	25	103	26	134	27	146	28	192	29	183	30	122	31	180	32	160	33	197	34	173	35	102	36	185	37	120	38	161	39	140	
	0	183	1	110	2	187	3	186	4	196	5	112	6	156	7	168	8	145	9	150	10	127	11	124	12	149	13	159	14	192	15	197	16	158	17	174	18	112	19	129	20	107	21	159	22	191	23	150	24	189	25	193	26	111	27	110	28	167	29	154	30	175	31	164	32	117	33	122	34	168	35	160	36	135	37	138	38	179	39	118	
	0	163	1	152	2	182	3	100	4	125	5	143	6	193	7	166	8	120	9	144	10	158	11	111	12	123	13	164	14	116	15	106	16	182	17	142	18	192	19	122	20	146	21	161	22	198	23	100	24	143	25	155	26	194	27	186	28	153	29	118	30	197	31	126	32	199	33	108	34	110	35	121	36	105	37	198	38	119	39	170	
	0	104	1	189	2	197	3	142	4	180	5	124	6	171	7	133	8	141	9	174	10	140	11	121	12	199	13	193	14	147	15	108	16	145	17	157	18	125	19	100	20	166	21	191	22	118	23	122	24	199	25	146	26	100	27	199	28	184	29	115	30	125	31	139	32	141	33	117	34	115	35	184	36	177	37	111	38	195	39	175	
	0	171	1	143	2	164	3	195	4	186	5	177	6	134	7	191	8	183	9	112	10	163	11	147	12	133	13	182	14	177	15	147	16	105	17	146	18	131	19	170	20	195	21	167	22	122	23	109	24	157	25	108	26	188	27	141	28	139	29	126	30	148	31	172	32	169	33	171	34	119	35	192	36	194	37	153	38	163	39	150	
	0	142	1	197	2	106	3	166	4	134	5	190	6	164	7	180	8	135	9	172	10	155	11	187	12	149	13	193	14	172	15	158	16	151	17	190	18	170	19	159	20	198	21	189	22	189	23	100	24	150	25	108	26	153	27	141	28	100	29	166	30	158	31	101	32	189	33	182	34	150	35	125	36	155	37	136	38	177	39	119	
	0	175	1	136	2	105	3	133	4	128	5	170	6	181	7	168	8	108	9	123	10	160	11	144	12	189	13	163	14	104	15	122	16	146	17	132	18	175	19	109	20	195	21	160	22	111	23	104	24	191	25	196	26	134	27	137	28	158	29	127	30	182	31	138	32	128	33	170	34	116	35	140	36	141	37	173	38	138	39	176	
	0	106	1	108	2	103	3	103	4	165	5	152	6	123	7	192	8	141	9	117	10	173	11	153	12	180	13	186	14	137	15	122	16	151	17	151	18	194	19	124	20	168	21	180	22	101	23	106	24	135	25	118	26	152	27	108	28	183	29	191	30	155	31	190	32	139	33	115	34	125	35	161	36	101	37	174	38	147	39	163	
	0	115	1	133	2	109	3	195	4	131	5	157	6	138	7	113	8	130	9	119	10	155	11	168	12	148	13	154	14	143	15	195	16	166	17	176	18	146	19	118	20	140	21	123	22	148	23	122	24	106	25	185	26	114	27	120	28	194	29	186	30	180	31	170	32	193	33	162	34	134	35	141	36	128	37	156	38	165	39	159	
	0	101	1	173	2	124	3	153	4	131	5	198	6	120	7	173	8	118	9	172	10	162	11	189	12	121	13	122	14	105	15	172	16	183	17	150	18	157	19	182	20	188	21	130	22	198	23	188	24	185	25	115	26	161	27	178	28	106	29	159	30	197	31	101	32	153	33	179	34	182	35	101	36	141	37	156	38	148	39	199	
	0	128	1	182	2	106	3	185	4	117	5	180	6	158	7	199	8	150	9	171	10	162	11	162	12	191	13	146	14	181	15	168	16	105	17	191	18	160	19	155	20	174	21	108	22	119	23	182	24	188	25	102	26	176	27	142	28	169	29	183	30	199	31	167	32	107	33	191	34	157	35	123	36	101	37	152	38	155	39	164	
	0	199	1	146	2	161	3	165	4	134	5	149	6	145	7	131	8	156	9	152	10	162	11	158	12	103	13	180	14	119	15	104	16	116	17	171	18	194	19	139	20	108	21	127	22	133	23	179	24	131	25	181	26	160	27	126	28	189	29	134	30	152	31	103	32	122	33	108	34	144	35	158	36	162	37	168	38	166	39	105	
	0	142	1	177	2	100	3	157	4	174	5	178	6	126	7	105	8	164	9	192	10	169	11	129	12	118	13	173	14	114	15	123	16	156	17	121	18	189	19	158	20	157	21	115	22	184	23	159	24	100	25	106	26	188	27	153	28	158	29	151	30	116	31	182	32	135	33	102	34	137	35	148	36	111	37	155	38	122	39	186	
	0	120	1	182	2	192	3	183	4	158	5	129	6	170	7	101	8	198	9	195	10	140	11	191	12	120	13	195	14	157	15	166	16	175	17	190	18	159	19	194	20	111	21	148	22	194	23	165	24	176	25	178	26	130	27	169	28	109	29	174	30	148	31	119	32	188	33	158	34	107	35	189	36	109	37	106	38	100	39	127	
	0	110	1	112	2	143	3	126	4	142	5	165	6	181	7	126	8	197	9	150	10	172	11	186	12	117	13	134	14	110	15	195	16	191	17	103	18	162	19	114	20	153	21	185	22	175	23	139	24	137	25	118	26	131	27	131	28	190	29	181	30	150	31	146	32	198	33	154	34	129	35	150	36	197	37	114	38	125	39	144	
	0	137	1	184	2	104	3	184	4	116	5	171	6	114	7	108	8	166	9	140	10	181	11	118	12	191	13	140	14	177	15	140	16	109	17	108	18	132	19	105	20	143	21	133	22	194	23	134	24	144	25	182	26	191	27	155	28	131	29	193	30	190	31	155	32	116	33	126	34	122	35	144	36	175	37	131	38	187	39	168	
	0	152	1	153	2	156	3	190	4	183	5	140	6	121	7	132	8	110	9	170	10	101	11	136	12	198	13	190	14	149	15	135	16	135	17	149	18	111	19	142	20	125	21	159	22	134	23	121	24	116	25	154	26	126	27	115	28	142	29	111	30	126	31	151	32	197	33	130	34	111	35	112	36	152	37	109	38	146	39	168	
	0	175	1	122	2	182	3	124	4	195	5	138	6	171	7	112	8	115	9	193	10	177	11	182	12	134	13	171	14	198	15	136	16	154	17	118	18	141	19	131	20	155	21	151	22	177	23	180	24	117	25	119	26	160	27	146	28	186	29	138	30	122	31	131	32	172	33	123	34	127	35	187	36	107	37	182	38	152	39	119	
	0	100	1	124	2	172	3	163	4	159	5	118	6	122	7	137	8	139	9	180	10	135	11	183	12	116	13	146	14	181	15	176	16	120	17	156	18	125	19	160	20	171	21	127	22	195	23	167	24	193	25	112	26	133	27	191	28	162	29	137	30	144	31	138	32	123	33	192	34	148	35	193	36	136	37	107	38	109	39	116	
	0	130	1	134	2	178	3	100	4	126	5	152	6	150	7	103	8	139	9	157	10	154	11	184	12	165	13	105	14	154	15	174	16	115	17	151	18	184	19	183	20	164	21	197	22	179	23	189	24	102	25	115	26	121	27	197	28	176	29	159	30	125	31	117	32	131	33	143	34	133	35	183	36	188	37	166	38	171	39	181	
	0	112	1	190	2	114	3	168	4	180	5	104	6	100	7	193	8	120	9	171	10	187	11	143	12	100	13	162	14	129	15	158	16	179	17	111	18	108	19	114	20	124	21	153	22	157	23	155	24	162	25	143	26	185	27	101	28	167	29	164	30	190	31	153	32	165	33	135	34	105	35	167	36	150	37	195	38	171	39	172	
	0	170	1	139	2	114	3	147	4	183	5	185	6	142	7	195	8	133	9	166	10	125	11	124	12	144	13	146	14	196	15	111	16	127	17	169	18	152	19	114	20	151	21	177	22	154	23	153	24	105	25	152	26	187	27	194	28	181	29	139	30	128	31	142	32	192	33	161	34	126	35	160	36	193	37	197	38	129	39	170	
	0	168	1	187	2	131	3	112	4	151	5	145	6	196	7	113	8	139	9	115	10	137	11	140	12	147	13	138	14	150	15	183	16	144	17	186	18	166	19	191	20	161	21	171	22	191	23	153	24	118	25	120	26	118	27	177	28	117	29	143	30	192	31	125	32	176	33	145	34	146	35	173	36	158	37	175	38	195	39	165	
	0	124	1	192	2	157	3	181	4	172	5	138	6	164	7	152	8	110	9	155	10	155	11	156	12	160	13	104	14	187	15	171	16	144	17	144	18	134	19	143	20	104	21	183	22	121	23	152	24	109	25	122	26	139	27	171	28	105	29	128	30	198	31	179	32	136	33	164	34	119	35	148	36	158	37	190	38	150	39	159	
	0	180	1	148	2	152	3	112	4	160	5	185	6	166	7	137	8	190	9	161	10	107	11	177	12	133	13	136	14	154	15	197	16	160	17	173	18	157	19	150	20	183	21	167	22	102	23	170	24	170	25	171	26	164	27	185	28	176	29	121	30	154	31	106	32	176	33	121	34	132	35	168	36	193	37	155	38	151	39	103	
	0	113	1	182	2	124	3	178	4	137	5	166	6	105	7	166	8	111	9	146	10	180	11	123	12	125	13	164	14	165	15	179	16	198	17	148	18	119	19	165	20	163	21	128	22	142	23	127	24	172	25	147	26	104	27	115	28	164	29	109	30	161	31	108	32	147	33	173	34	158	35	181	36	104	37	194	38	151	39	120	
	0	116	1	176	2	105	3	185	4	126	5	185	6	124	7	166	8	140	9	181	10	108	11	159	12	171	13	134	14	155	15	123	16	191	17	108	18	135	19	133	20	129	21	124	22	138	23	181	24	182	25	153	26	180	27	139	28	157	29	152	30	128	31	171	32	162	33	145	34	148	35	192	36	108	37	155	38	146	39	183	
	0	136	1	177	2	132	3	187	4	163	5	176	6	153	7	113	8	105	9	113	10	145	11	122	12	192	13	123	14	188	15	110	16	117	17	130	18	190	19	118	20	110	21	171	22	156	23	159	24	177	25	192	26	143	27	172	28	149	29	144	30	137	31	173	32	159	33	156	34	142	35	161	36	140	37	113	38	172	39	167	
	0	106	1	135	2	119	3	135	4	120	5	167	6	108	7	159	8	108	9	172	10	117	11	197	12	176	13	108	14	155	15	143	16	141	17	197	18	168	19	146	20	101	21	108	22	136	23	193	24	132	25	162	26	143	27	174	28	113	29	162	30	119	31	119	32	146	33	132	34	121	35	155	36	142	37	176	38	103	39	156	
	0	187	1	151	2	105	3	160	4	146	5	158	6	148	7	112	8	159	9	184	10	131	11	185	12	101	13	154	14	115	15	107	16	134	17	199	18	186	19	157	20	100	21	111	22	124	23	126	24	170	25	189	26	149	27	166	28	186	29	128	30	123	31	104	32	139	33	183	34	196	35	176	36	190	37	150	38	109	39	118	
	0	153	1	129	2	155	3	174	4	129	5	131	6	105	7	115	8	163	9	180	10	147	11	170	12	171	13	183	14	194	15	144	16	164	17	195	18	182	19	148	20	163	21	198	22	189	23	184	24	122	25	140	26	176	27	108	28	169	29	127	30	189	31	165	32	173	33	132	34	132	35	107	36	133	37	114	38	191	39	141	
	0	170	1	103	2	191	3	178	4	170	5	110	6	120	7	129	8	130	9	184	10	161	11	106	12	102	13	160	14	156	15	136	16	170	17	155	18	149	19	192	20	198	21	174	22	183	23	140	24	110	25	117	26	171	27	158	28	112	29	136	30	130	31	124	32	132	33	197	34	109	35	136	36	134	37	105	38	172	39	148	
	0	107	1	166	2	136	3	139	4	114	5	187	6	102	7	196	8	182	9	146	10	174	11	117	12	114	13	114	14	149	15	137	16	188	17	176	18	143	19	110	20	139	21	112	22	128	23	197	24	123	25	186	26	118	27	124	28	195	29	104	30	164	31	186	32	139	33	132	34	110	35	100	36	160	37	162	38	146	39	148	
	0	138	1	142	2	135	3	142	4	121	5	108	6	197	7	170	8	175	9	189	10	197	11	176	12	113	13	103	14	150	15	120	16	169	17	122	18	109	19	194	20	113	21	158	22	157	23	119	24	147	25	121	26	176	27	167	28	156	29	193	30	147	31	191	32	114	33	127	34	177	35	151	36	166	37	179	38	116	39	148	
	0	176	1	168	2	168	3	166	4	143	5	113	6	188	7	181	8	177	9	141	10	122	11	159	12	103	13	116	14	119	15	179	16	121	17	135	18	153	19	178	20	126	21	130	22	163	23	162	24	151	25	170	26	179	27	156	28	182	29	128	30	122	31	162	32	189	33	185	34	188	35	107	36	149	37	105	38	166	39	163	
	0	127	1	144	2	118	3	142	4	146	5	165	6	127	7	194	8	179	9	120	10	198	11	176	12	141	13	134	14	144	15	129	16	147	17	189	18	118	19	142	20	113	21	183	22	191	23	158	24	136	25	101	26	166	27	100	28	123	29	175	30	184	31	199	32	191	33	189	34	164	35	175	36	193	37	162	38	130	39	123	
	0	167	1	126	2	122	3	110	4	114	5	167	6	196	7	191	8	148	9	109	10	153	11	127	12	106	13	183	14	135	15	106	16	136	17	130	18	149	19	142	20	192	21	100	22	174	23	197	24	117	25	161	26	185	27	115	28	193	29	158	30	115	31	151	32	135	33	184	34	193	35	146	36	168	37	161	38	165	39	194	
	0	152	1	126	2	128	3	166	4	182	5	108	6	118	7	107	8	121	9	185	10	157	11	174	12	121	13	156	14	179	15	129	16	145	17	109	18	168	19	177	20	170	21	198	22	109	23	186	24	178	25	134	26	188	27	138	28	124	29	163	30	100	31	156	32	113	33	189	34	152	35	176	36	129	37	131	38	160	39	165	
	0	135	1	130	2	119	3	131	4	157	5	186	6	149	7	119	8	180	9	151	10	130	11	125	12	132	13	133	14	148	15	116	16	120	17	199	18	110	19	170	20	106	21	130	22	149	23	166	24	171	25	176	26	100	27	127	28	170	29	164	30	120	31	167	32	190	33	198	34	147	35	166	36	193	37	118	38	159	39	186	
	0	104	1	113	2	149	3	111	4	166	5	108	6	187	7	180	8	118	9	109	10	148	11	172	12	153	13	174	14	192	15	176	16	168	17	145	18	185	19	154	20	114	21	142	22	188	23	103	24	138	25	123	26	184	27	166	28	101	29	109	30	140	31	175	32	139	33	165	34	100	35	108	36	173	37	134	38	168	39	123	
	0	146	1	195	2	161	3	154	4	174	5	110	6	153	7	125	8	149	9	134	10	109	11	161	12	109	13	186	14	138	15	119	16	104	17	138	18	198	19	127	20	184	21	103	22	149	23	142	24	100	25	153	26	156	27	123	28	132	29	172	30	129	31	193	32	198	33	105	34	125	35	135	36	145	37	122	38	140	39	167	
	0	143	1	109	2	131	3	141	4	194	5	159	6	152	7	144	8	143	9	136	10	126	11	181	12	163	13	151	14	178	15	103	16	103	17	127	18	195	19	176	20	124	21	198	22	176	23	198	24	189	25	151	26	105	27	184	28	141	29	119	30	180	31	152	32	133	33	144	34	105	35	193	36	114	37	157	38	148	39	121	
	0	107	1	147	2	183	3	144	4	174	5	162	6	172	7	114	8	113	9	169	10	173	11	123	12	105	13	131	14	151	15	170	16	151	17	129	18	176	19	183	20	127	21	160	22	171	23	145	24	107	25	185	26	107	27	173	28	108	29	178	30	123	31	172	32	172	33	173	34	157	35	193	36	136	37	107	38	165	39	106	
	0	192	1	157	2	101	3	193	4	146	5	151	6	143	7	140	8	100	9	179	10	191	11	134	12	175	13	166	14	127	15	185	16	137	17	138	18	157	19	105	20	130	21	143	22	125	23	167	24	190	25	196	26	137	27	111	28	106	29	151	30	141	31	140	32	134	33	177	34	131	35	113	36	108	37	127	38	116	39	157	
	0	184	1	153	2	117	3	137	4	193	5	153	6	198	7	162	8	155	9	157	10	101	11	110	12	173	13	183	14	158	15	123	16	153	17	194	18	158	19	163	20	152	21	145	22	182	23	172	24	114	25	140	26	124	27	156	28	183	29	131	30	174	31	133	32	144	33	115	34	154	35	162	36	172	37	160	38	126	39	114	
	0	105	1	193	2	120	3	187	4	104	5	184	6	186	7	176	8	162	9	173	10	133	11	172	12	169	13	142	14	139	15	113	16	164	17	133	18	191	19	120	20	199	21	150	22	133	23	116	24	182	25	185	26	103	27	163	28	104	29	196	30	140	31	178	32	124	33	145	34	160	35	136	36	189	37	198	38	117	39	149	
	0	128	1	119	2	169	3	102	4	166	5	125	6	172	7	161	8	164	9	174	10	173	11	139	12	139	13	164	14	140	15	105	16	124	17	131	18	148	19	155	20	127	21	116	22	116	23	162	24	162	25	191	26	148	27	122	28	105	29	154	30	130	31	176	32	122	33	150	34	102	35	117	36	199	37	147	38	128	39	130	
	0	158	1	150	2	173	3	156	4	155	5	103	6	109	7	138	8	189	9	161	10	127	11	195	12	159	13	180	14	182	15	170	16	197	17	190	18	101	19	120	20	136	21	147	22	139	23	147	24	158	25	148	26	117	27	169	28	163	29	112	30	117	31	161	32	138	33	168	34	151	35	156	36	185	37	108	38	127	39	161	
	0	105	1	131	2	150	3	137	4	140	5	102	6	158	7	197	8	104	9	170	10	146	11	158	12	173	13	174	14	150	15	127	16	116	17	196	18	193	19	147	20	183	21	143	22	165	23	190	24	153	25	190	26	172	27	182	28	127	29	106	30	141	31	182	32	188	33	185	34	137	35	127	36	107	37	151	38	120	39	184	
	0	195	1	175	2	123	3	164	4	161	5	139	6	141	7	188	8	106	9	129	10	183	11	102	12	175	13	184	14	185	15	152	16	190	17	163	18	167	19	178	20	121	21	102	22	180	23	167	24	111	25	164	26	175	27	188	28	116	29	118	30	192	31	139	32	159	33	148	34	157	35	123	36	155	37	157	38	102	39	113	
	0	129	1	161	2	166	3	151	4	194	5	172	6	185	7	117	8	121	9	151	10	112	11	172	12	161	13	159	14	137	15	178	16	192	17	150	18	196	19	165	20	103	21	176	22	137	23	166	24	162	25	143	26	143	27	106	28	148	29	192	30	154	31	119	32	166	33	155	34	139	35	188	36	109	37	171	38	110	39	179	
	0	126	1	106	2	160	3	117	4	149	5	138	6	134	7	109	8	165	9	180	10	165	11	189	12	139	13	112	14	117	15	152	16	162	17	187	18	126	19	117	20	144	21	185	22	198	23	102	24	116	25	127	26	121	27	139	28	160	29	160	30	137	31	199	32	137	33	140	34	131	35	175	36	177	37	118	38	172	39	174	
	0	169	1	199	2	181	3	196	4	141	5	140	6	138	7	138	8	122	9	100	10	181	11	148	12	131	13	100	14	160	15	186	16	171	17	156	18	152	19	163	20	142	21	123	22	177	23	140	24	198	25	141	26	171	27	173	28	106	29	137	30	139	31	153	32	176	33	169	34	108	35	158	36	153	37	188	38	126	39	124	
	0	194	1	118	2	181	3	160	4	188	5	132	6	137	7	163	8	179	9	160	10	169	11	149	12	180	13	118	14	149	15	124	16	154	17	177	18	163	19	148	20	168	21	115	22	159	23	112	24	194	25	123	26	167	27	164	28	186	29	185	30	139	31	158	32	198	33	141	34	124	35	116	36	123	37	182	38	100	39	140	