200 50 1
50
	0	134	1	175	2	163	3	139	4	129	5	157	6	130	7	193	8	147	9	198	10	168	11	130	12	184	13	110	14	122	15	168	16	176	17	139	18	109	19	195	20	114	21	124	22	122	23	148	24	175	25	176	26	175	27	175	28	115	29	128	30	135	31	129	32	156	33	151	34	199	35	195	36	148	37	151	38	113	39	186	40	148	41	190	42	170	43	192	44	175	45	117	46	145	47	125	48	139	49	126	
	0	159	1	147	2	121	3	113	4	186	5	132	6	168	7	179	8	118	9	165	10	108	11	122	12	110	13	173	14	186	15	133	16	168	17	156	18	119	19	140	20	188	21	138	22	111	23	158	24	155	25	112	26	191	27	195	28	149	29	108	30	134	31	125	32	124	33	106	34	141	35	138	36	128	37	140	38	186	39	135	40	125	41	132	42	196	43	153	44	100	45	177	46	106	47	145	48	155	49	162	
	0	145	1	180	2	103	3	195	4	176	5	196	6	171	7	194	8	171	9	169	10	158	11	183	12	132	13	151	14	153	15	177	16	155	17	105	18	185	19	172	20	127	21	193	22	169	23	111	24	106	25	122	26	161	27	130	28	134	29	175	30	123	31	102	32	107	33	110	34	101	35	134	36	131	37	105	38	152	39	110	40	176	41	122	42	156	43	144	44	121	45	122	46	178	47	126	48	174	49	107	
	0	183	1	143	2	177	3	163	4	178	5	142	6	175	7	137	8	161	9	188	10	180	11	172	12	180	13	127	14	169	15	194	16	168	17	147	18	168	19	150	20	116	21	105	22	122	23	151	24	131	25	136	26	113	27	169	28	150	29	143	30	151	31	139	32	175	33	134	34	155	35	150	36	150	37	169	38	155	39	177	40	124	41	155	42	168	43	106	44	139	45	109	46	135	47	145	48	119	49	141	
	0	176	1	153	2	107	3	122	4	193	5	139	6	163	7	106	8	132	9	136	10	197	11	152	12	126	13	167	14	125	15	173	16	117	17	195	18	144	19	117	20	125	21	138	22	194	23	171	24	172	25	194	26	136	27	104	28	196	29	187	30	141	31	182	32	190	33	148	34	108	35	118	36	144	37	151	38	123	39	128	40	126	41	102	42	147	43	179	44	162	45	163	46	121	47	104	48	104	49	164	
	0	121	1	181	2	118	3	181	4	102	5	187	6	129	7	184	8	150	9	153	10	112	11	167	12	160	13	180	14	185	15	125	16	155	17	187	18	135	19	154	20	121	21	176	22	148	23	129	24	109	25	194	26	188	27	188	28	159	29	154	30	126	31	171	32	183	33	173	34	158	35	198	36	114	37	132	38	144	39	169	40	125	41	135	42	173	43	158	44	134	45	196	46	115	47	113	48	129	49	195	
	0	124	1	117	2	143	3	111	4	184	5	196	6	191	7	192	8	124	9	173	10	135	11	173	12	177	13	178	14	118	15	102	16	192	17	168	18	112	19	174	20	132	21	183	22	161	23	162	24	177	25	199	26	112	27	126	28	140	29	121	30	133	31	102	32	161	33	120	34	110	35	113	36	132	37	183	38	112	39	146	40	141	41	183	42	180	43	175	44	127	45	127	46	128	47	143	48	133	49	164	
	0	181	1	141	2	113	3	164	4	136	5	139	6	165	7	195	8	102	9	101	10	118	11	160	12	103	13	194	14	151	15	106	16	123	17	182	18	143	19	170	20	196	21	170	22	193	23	134	24	128	25	153	26	114	27	160	28	120	29	156	30	137	31	173	32	165	33	156	34	131	35	166	36	195	37	189	38	156	39	173	40	176	41	130	42	122	43	173	44	164	45	137	46	181	47	139	48	100	49	189	
	0	149	1	133	2	123	3	138	4	101	5	177	6	161	7	151	8	101	9	123	10	183	11	193	12	191	13	124	14	128	15	192	16	122	17	147	18	100	19	104	20	143	21	130	22	130	23	198	24	125	25	158	26	107	27	138	28	160	29	196	30	198	31	131	32	159	33	180	34	106	35	114	36	124	37	136	38	185	39	148	40	184	41	146	42	127	43	131	44	196	45	128	46	186	47	113	48	118	49	173	
	0	114	1	180	2	194	3	121	4	180	5	198	6	158	7	129	8	161	9	121	10	160	11	181	12	101	13	100	14	143	15	107	16	129	17	188	18	188	19	136	20	154	21	105	22	168	23	163	24	144	25	121	26	147	27	142	28	195	29	199	30	148	31	122	32	110	33	158	34	100	35	139	36	158	37	197	38	181	39	128	40	145	41	199	42	180	43	105	44	172	45	100	46	187	47	138	48	195	49	178	
	0	129	1	153	2	145	3	186	4	191	5	109	6	152	7	107	8	118	9	165	10	163	11	182	12	115	13	176	14	123	15	141	16	198	17	195	18	143	19	165	20	102	21	138	22	172	23	143	24	169	25	108	26	113	27	174	28	178	29	137	30	156	31	187	32	169	33	158	34	158	35	115	36	119	37	108	38	162	39	198	40	138	41	126	42	166	43	165	44	134	45	197	46	157	47	133	48	120	49	170	
	0	157	1	180	2	121	3	179	4	197	5	165	6	115	7	132	8	167	9	195	10	163	11	100	12	197	13	172	14	138	15	124	16	149	17	124	18	135	19	131	20	139	21	173	22	130	23	169	24	131	25	129	26	187	27	196	28	193	29	119	30	137	31	143	32	126	33	164	34	155	35	110	36	112	37	102	38	177	39	178	40	165	41	151	42	193	43	163	44	141	45	119	46	192	47	130	48	194	49	104	
	0	159	1	104	2	185	3	132	4	136	5	193	6	188	7	162	8	190	9	192	10	114	11	122	12	114	13	171	14	124	15	141	16	118	17	173	18	110	19	192	20	108	21	197	22	149	23	190	24	185	25	159	26	124	27	182	28	172	29	125	30	193	31	156	32	199	33	186	34	156	35	183	36	145	37	118	38	167	39	188	40	125	41	167	42	173	43	190	44	114	45	150	46	113	47	125	48	184	49	131	
	0	142	1	177	2	168	3	182	4	113	5	176	6	168	7	178	8	179	9	128	10	150	11	148	12	142	13	124	14	183	15	133	16	115	17	135	18	180	19	149	20	138	21	182	22	141	23	188	24	109	25	103	26	123	27	187	28	134	29	118	30	172	31	148	32	117	33	133	34	108	35	156	36	175	37	152	38	155	39	169	40	145	41	194	42	186	43	144	44	100	45	180	46	140	47	101	48	154	49	199	
	0	119	1	162	2	187	3	106	4	123	5	194	6	187	7	138	8	147	9	139	10	191	11	161	12	146	13	132	14	118	15	170	16	109	17	120	18	121	19	199	20	196	21	108	22	131	23	103	24	199	25	144	26	189	27	175	28	136	29	166	30	150	31	123	32	171	33	188	34	163	35	138	36	106	37	155	38	125	39	130	40	170	41	121	42	164	43	122	44	138	45	147	46	169	47	134	48	147	49	177	
	0	180	1	165	2	149	3	156	4	112	5	187	6	166	7	157	8	107	9	147	10	137	11	156	12	134	13	124	14	115	15	123	16	158	17	111	18	186	19	186	20	182	21	187	22	102	23	133	24	149	25	101	26	144	27	193	28	191	29	196	30	197	31	133	32	176	33	190	34	185	35	179	36	129	37	174	38	135	39	134	40	152	41	150	42	154	43	131	44	130	45	100	46	161	47	193	48	168	49	176	
	0	167	1	127	2	148	3	133	4	140	5	152	6	158	7	177	8	193	9	118	10	119	11	177	12	184	13	168	14	149	15	194	16	129	17	158	18	109	19	185	20	149	21	140	22	154	23	192	24	171	25	171	26	123	27	158	28	142	29	167	30	193	31	131	32	189	33	186	34	191	35	173	36	199	37	142	38	142	39	147	40	180	41	186	42	137	43	135	44	196	45	135	46	150	47	116	48	155	49	114	
	0	160	1	179	2	149	3	171	4	198	5	187	6	165	7	192	8	104	9	135	10	177	11	111	12	132	13	118	14	120	15	155	16	103	17	182	18	113	19	126	20	135	21	135	22	180	23	125	24	174	25	100	26	164	27	125	28	185	29	121	30	184	31	125	32	115	33	128	34	190	35	126	36	192	37	161	38	194	39	134	40	178	41	121	42	155	43	169	44	167	45	138	46	105	47	182	48	109	49	105	
	0	187	1	141	2	164	3	133	4	175	5	143	6	142	7	116	8	161	9	171	10	145	11	189	12	197	13	145	14	161	15	176	16	178	17	105	18	136	19	140	20	196	21	149	22	196	23	167	24	152	25	184	26	177	27	147	28	187	29	155	30	116	31	156	32	161	33	142	34	184	35	197	36	109	37	116	38	116	39	177	40	187	41	153	42	153	43	191	44	125	45	128	46	174	47	140	48	110	49	173	
	0	110	1	126	2	129	3	157	4	123	5	177	6	107	7	109	8	193	9	192	10	142	11	110	12	181	13	197	14	166	15	182	16	128	17	198	18	156	19	188	20	188	21	189	22	149	23	142	24	163	25	153	26	116	27	164	28	119	29	135	30	169	31	178	32	166	33	103	34	199	35	142	36	106	37	159	38	153	39	144	40	153	41	114	42	174	43	195	44	175	45	191	46	107	47	164	48	133	49	129	
	0	121	1	111	2	119	3	199	4	128	5	123	6	129	7	177	8	142	9	187	10	180	11	186	12	137	13	115	14	163	15	113	16	117	17	184	18	189	19	186	20	174	21	171	22	123	23	105	24	139	25	150	26	103	27	167	28	127	29	153	30	173	31	186	32	149	33	178	34	116	35	176	36	175	37	171	38	184	39	120	40	163	41	171	42	135	43	183	44	175	45	108	46	191	47	110	48	187	49	116	
	0	185	1	137	2	145	3	165	4	132	5	109	6	109	7	155	8	124	9	171	10	103	11	101	12	129	13	181	14	115	15	151	16	199	17	182	18	147	19	118	20	152	21	190	22	184	23	199	24	127	25	108	26	130	27	143	28	112	29	119	30	190	31	120	32	121	33	144	34	139	35	152	36	128	37	118	38	133	39	186	40	134	41	133	42	167	43	107	44	165	45	185	46	135	47	195	48	101	49	175	
	0	188	1	146	2	170	3	130	4	187	5	102	6	113	7	112	8	192	9	197	10	100	11	128	12	184	13	105	14	173	15	104	16	156	17	188	18	127	19	195	20	133	21	195	22	146	23	149	24	163	25	175	26	133	27	180	28	137	29	194	30	109	31	131	32	130	33	180	34	163	35	174	36	134	37	142	38	167	39	156	40	194	41	185	42	193	43	109	44	155	45	167	46	146	47	116	48	187	49	146	
	0	197	1	130	2	139	3	139	4	171	5	145	6	138	7	102	8	132	9	100	10	121	11	177	12	132	13	192	14	156	15	187	16	162	17	148	18	156	19	194	20	133	21	158	22	111	23	196	24	152	25	185	26	134	27	179	28	156	29	116	30	193	31	106	32	146	33	141	34	114	35	192	36	174	37	163	38	156	39	180	40	116	41	145	42	179	43	162	44	109	45	164	46	167	47	116	48	134	49	193	
	0	113	1	185	2	133	3	108	4	181	5	113	6	178	7	137	8	173	9	123	10	154	11	105	12	162	13	175	14	178	15	108	16	174	17	155	18	146	19	162	20	195	21	108	22	188	23	121	24	180	25	135	26	104	27	158	28	170	29	146	30	151	31	168	32	133	33	141	34	122	35	178	36	149	37	193	38	129	39	189	40	124	41	145	42	160	43	113	44	193	45	197	46	196	47	133	48	100	49	136	
	0	167	1	139	2	125	3	182	4	139	5	190	6	199	7	194	8	138	9	103	10	174	11	123	12	120	13	147	14	184	15	165	16	125	17	110	18	130	19	199	20	110	21	141	22	127	23	147	24	134	25	102	26	195	27	146	28	150	29	146	30	122	31	152	32	106	33	141	34	171	35	107	36	190	37	122	38	139	39	152	40	138	41	137	42	151	43	147	44	159	45	180	46	167	47	137	48	116	49	198	
	0	177	1	197	2	148	3	181	4	170	5	167	6	193	7	172	8	172	9	195	10	114	11	152	12	170	13	181	14	130	15	124	16	152	17	151	18	118	19	147	20	198	21	174	22	157	23	178	24	149	25	119	26	174	27	196	28	133	29	161	30	103	31	189	32	138	33	143	34	149	35	188	36	186	37	183	38	189	39	137	40	179	41	102	42	154	43	135	44	186	45	188	46	152	47	152	48	145	49	145	
	0	193	1	101	2	188	3	126	4	138	5	129	6	127	7	170	8	135	9	191	10	193	11	157	12	180	13	132	14	156	15	146	16	140	17	179	18	174	19	153	20	120	21	167	22	141	23	199	24	136	25	187	26	160	27	170	28	115	29	157	30	198	31	182	32	180	33	134	34	199	35	114	36	102	37	143	38	157	39	101	40	164	41	184	42	141	43	161	44	102	45	157	46	176	47	105	48	184	49	130	
	0	130	1	143	2	149	3	197	4	122	5	121	6	173	7	104	8	119	9	193	10	195	11	136	12	150	13	197	14	127	15	100	16	104	17	149	18	184	19	191	20	121	21	164	22	106	23	121	24	157	25	169	26	162	27	142	28	162	29	133	30	139	31	101	32	122	33	187	34	165	35	196	36	185	37	157	38	113	39	193	40	188	41	171	42	181	43	148	44	154	45	199	46	106	47	172	48	112	49	194	
	0	192	1	193	2	177	3	146	4	169	5	192	6	143	7	153	8	106	9	151	10	193	11	162	12	143	13	183	14	146	15	167	16	150	17	158	18	155	19	178	20	152	21	119	22	113	23	142	24	152	25	106	26	158	27	183	28	133	29	182	30	130	31	123	32	123	33	125	34	146	35	103	36	149	37	102	38	184	39	197	40	138	41	178	42	186	43	123	44	129	45	193	46	166	47	197	48	128	49	161	
	0	143	1	165	2	102	3	190	4	104	5	116	6	109	7	112	8	141	9	158	10	104	11	126	12	142	13	191	14	120	15	116	16	151	17	136	18	126	19	147	20	181	21	165	22	125	23	161	24	157	25	157	26	134	27	107	28	135	29	176	30	182	31	129	32	199	33	166	34	143	35	145	36	139	37	175	38	199	39	164	40	160	41	183	42	154	43	115	44	172	45	153	46	179	47	165	48	173	49	121	
	0	127	1	198	2	125	3	101	4	131	5	131	6	133	7	159	8	116	9	121	10	160	11	172	12	100	13	124	14	128	15	175	16	154	17	134	18	184	19	113	20	126	21	170	22	143	23	179	24	189	25	134	26	112	27	119	28	177	29	188	30	156	31	193	32	138	33	192	34	128	35	141	36	100	37	149	38	163	39	193	40	136	41	163	42	128	43	152	44	186	45	148	46	105	47	143	48	197	49	175	
	0	126	1	101	2	127	3	136	4	189	5	158	6	163	7	183	8	163	9	160	10	182	11	193	12	199	13	157	14	170	15	129	16	106	17	173	18	138	19	133	20	107	21	157	22	194	23	176	24	105	25	134	26	105	27	112	28	180	29	108	30	126	31	193	32	173	33	162	34	122	35	156	36	135	37	167	38	170	39	182	40	111	41	152	42	164	43	189	44	187	45	128	46	158	47	173	48	171	49	197	
	0	162	1	153	2	176	3	144	4	161	5	109	6	115	7	173	8	133	9	165	10	194	11	174	12	151	13	159	14	122	15	122	16	121	17	169	18	169	19	194	20	112	21	182	22	118	23	182	24	130	25	159	26	144	27	147	28	143	29	112	30	103	31	190	32	126	33	184	34	119	35	181	36	143	37	134	38	112	39	141	40	101	41	145	42	190	43	186	44	162	45	103	46	135	47	196	48	130	49	104	
	0	142	1	112	2	162	3	109	4	139	5	180	6	101	7	127	8	141	9	153	10	166	11	177	12	111	13	122	14	101	15	171	16	152	17	185	18	171	19	191	20	181	21	118	22	193	23	154	24	122	25	160	26	180	27	107	28	138	29	132	30	153	31	127	32	103	33	157	34	188	35	117	36	190	37	165	38	163	39	154	40	183	41	155	42	109	43	113	44	110	45	126	46	180	47	141	48	114	49	119	
	0	176	1	147	2	175	3	192	4	134	5	123	6	107	7	183	8	162	9	104	10	177	11	169	12	117	13	180	14	132	15	104	16	198	17	147	18	123	19	161	20	163	21	139	22	138	23	148	24	129	25	156	26	124	27	110	28	102	29	198	30	198	31	169	32	108	33	164	34	129	35	171	36	135	37	173	38	144	39	184	40	114	41	154	42	198	43	109	44	126	45	126	46	116	47	198	48	104	49	174	
	0	190	1	144	2	146	3	174	4	181	5	189	6	110	7	118	8	181	9	139	10	176	11	154	12	192	13	183	14	157	15	128	16	115	17	143	18	120	19	171	20	119	21	182	22	137	23	181	24	181	25	163	26	149	27	130	28	156	29	146	30	158	31	168	32	100	33	102	34	159	35	124	36	169	37	102	38	152	39	182	40	121	41	195	42	144	43	186	44	139	45	134	46	144	47	196	48	177	49	156	
	0	178	1	109	2	109	3	189	4	162	5	184	6	152	7	139	8	137	9	147	10	103	11	192	12	155	13	183	14	120	15	155	16	107	17	163	18	197	19	102	20	163	21	150	22	140	23	112	24	149	25	137	26	164	27	157	28	165	29	103	30	159	31	190	32	180	33	151	34	189	35	187	36	171	37	172	38	144	39	117	40	102	41	145	42	123	43	194	44	113	45	184	46	141	47	127	48	189	49	121	
	0	151	1	105	2	162	3	144	4	103	5	144	6	112	7	103	8	182	9	165	10	189	11	131	12	101	13	113	14	167	15	194	16	192	17	189	18	111	19	161	20	198	21	181	22	157	23	148	24	149	25	173	26	103	27	175	28	121	29	142	30	113	31	138	32	133	33	140	34	115	35	121	36	144	37	152	38	148	39	188	40	150	41	114	42	105	43	186	44	128	45	113	46	182	47	141	48	166	49	158	
	0	189	1	135	2	140	3	103	4	154	5	141	6	100	7	144	8	180	9	175	10	124	11	196	12	160	13	140	14	191	15	115	16	144	17	136	18	189	19	173	20	166	21	169	22	116	23	115	24	104	25	105	26	123	27	114	28	142	29	144	30	166	31	171	32	167	33	137	34	172	35	163	36	171	37	159	38	158	39	184	40	101	41	158	42	120	43	142	44	169	45	125	46	126	47	165	48	163	49	123	
	0	109	1	165	2	176	3	169	4	108	5	157	6	137	7	199	8	186	9	180	10	114	11	163	12	181	13	163	14	187	15	181	16	133	17	117	18	115	19	138	20	180	21	104	22	138	23	166	24	174	25	194	26	165	27	188	28	178	29	174	30	138	31	120	32	140	33	122	34	125	35	189	36	161	37	191	38	144	39	138	40	165	41	155	42	186	43	143	44	167	45	180	46	183	47	113	48	156	49	185	
	0	167	1	106	2	145	3	198	4	196	5	108	6	175	7	117	8	123	9	105	10	119	11	123	12	178	13	156	14	150	15	131	16	170	17	107	18	104	19	149	20	100	21	120	22	140	23	172	24	195	25	195	26	108	27	126	28	137	29	162	30	115	31	103	32	197	33	120	34	139	35	102	36	109	37	124	38	118	39	119	40	164	41	177	42	160	43	100	44	100	45	147	46	168	47	135	48	166	49	165	
	0	172	1	152	2	147	3	130	4	119	5	105	6	136	7	156	8	123	9	146	10	126	11	103	12	119	13	131	14	112	15	191	16	143	17	185	18	194	19	173	20	179	21	173	22	138	23	115	24	174	25	148	26	162	27	144	28	140	29	196	30	118	31	150	32	170	33	180	34	195	35	188	36	187	37	103	38	177	39	112	40	112	41	199	42	142	43	138	44	141	45	154	46	177	47	187	48	188	49	130	
	0	194	1	164	2	194	3	101	4	196	5	191	6	116	7	176	8	185	9	141	10	180	11	113	12	141	13	151	14	178	15	132	16	190	17	126	18	126	19	166	20	187	21	137	22	113	23	106	24	173	25	189	26	172	27	194	28	123	29	141	30	160	31	166	32	123	33	133	34	175	35	104	36	131	37	130	38	171	39	155	40	141	41	136	42	123	43	181	44	155	45	198	46	104	47	125	48	162	49	115	
	0	174	1	179	2	130	3	134	4	196	5	147	6	107	7	177	8	148	9	156	10	135	11	144	12	108	13	181	14	188	15	172	16	126	17	171	18	185	19	163	20	159	21	122	22	121	23	198	24	125	25	122	26	185	27	145	28	163	29	150	30	160	31	172	32	118	33	152	34	189	35	168	36	165	37	137	38	119	39	102	40	129	41	116	42	104	43	152	44	119	45	102	46	180	47	173	48	156	49	144	
	0	158	1	134	2	148	3	168	4	187	5	146	6	138	7	143	8	170	9	180	10	136	11	184	12	132	13	165	14	118	15	139	16	112	17	142	18	117	19	188	20	123	21	107	22	159	23	183	24	130	25	173	26	174	27	118	28	141	29	187	30	180	31	188	32	177	33	107	34	181	35	102	36	126	37	138	38	199	39	120	40	163	41	169	42	170	43	155	44	146	45	130	46	170	47	178	48	127	49	148	
	0	180	1	114	2	129	3	102	4	123	5	139	6	194	7	176	8	193	9	116	10	177	11	179	12	141	13	188	14	134	15	175	16	167	17	135	18	157	19	136	20	166	21	109	22	115	23	150	24	174	25	165	26	102	27	107	28	147	29	182	30	187	31	186	32	118	33	156	34	119	35	145	36	179	37	105	38	191	39	152	40	159	41	184	42	182	43	141	44	189	45	198	46	122	47	181	48	133	49	128	
	0	101	1	181	2	117	3	189	4	162	5	130	6	112	7	121	8	120	9	143	10	176	11	148	12	180	13	144	14	122	15	168	16	131	17	133	18	161	19	122	20	186	21	185	22	114	23	124	24	190	25	185	26	100	27	100	28	196	29	173	30	188	31	133	32	179	33	125	34	183	35	170	36	141	37	154	38	131	39	101	40	103	41	151	42	148	43	151	44	168	45	147	46	169	47	114	48	162	49	161	
	0	180	1	100	2	198	3	152	4	143	5	145	6	122	7	170	8	196	9	184	10	176	11	144	12	144	13	189	14	177	15	139	16	156	17	139	18	107	19	128	20	148	21	161	22	153	23	175	24	169	25	186	26	194	27	170	28	155	29	117	30	193	31	183	32	156	33	169	34	104	35	132	36	185	37	161	38	146	39	190	40	158	41	192	42	139	43	184	44	156	45	112	46	156	47	137	48	124	49	180	
	0	185	1	150	2	151	3	158	4	140	5	183	6	130	7	171	8	115	9	114	10	155	11	190	12	142	13	133	14	109	15	151	16	142	17	165	18	186	19	128	20	154	21	139	22	151	23	195	24	177	25	131	26	177	27	127	28	176	29	193	30	187	31	113	32	122	33	148	34	175	35	104	36	134	37	162	38	171	39	144	40	105	41	106	42	106	43	148	44	186	45	164	46	160	47	156	48	179	49	139	
	0	162	1	154	2	110	3	174	4	150	5	180	6	112	7	137	8	155	9	118	10	141	11	112	12	106	13	126	14	122	15	136	16	157	17	118	18	193	19	181	20	137	21	103	22	188	23	106	24	164	25	120	26	189	27	104	28	159	29	126	30	104	31	103	32	111	33	137	34	117	35	114	36	179	37	121	38	150	39	156	40	118	41	100	42	135	43	121	44	103	45	163	46	178	47	180	48	129	49	177	
	0	102	1	164	2	142	3	107	4	135	5	190	6	136	7	126	8	142	9	185	10	116	11	151	12	163	13	192	14	143	15	164	16	165	17	153	18	138	19	145	20	183	21	134	22	157	23	166	24	118	25	158	26	180	27	160	28	190	29	159	30	158	31	128	32	181	33	167	34	148	35	175	36	134	37	186	38	139	39	160	40	135	41	190	42	150	43	101	44	172	45	186	46	106	47	121	48	181	49	117	
	0	159	1	151	2	122	3	147	4	164	5	167	6	157	7	161	8	124	9	138	10	132	11	198	12	141	13	155	14	138	15	198	16	102	17	169	18	145	19	139	20	128	21	197	22	195	23	168	24	165	25	114	26	138	27	138	28	126	29	132	30	148	31	167	32	195	33	173	34	191	35	149	36	157	37	139	38	186	39	135	40	127	41	139	42	158	43	163	44	122	45	196	46	141	47	152	48	172	49	100	
	0	113	1	172	2	148	3	195	4	113	5	171	6	121	7	165	8	197	9	163	10	133	11	106	12	179	13	123	14	160	15	178	16	107	17	118	18	186	19	144	20	183	21	196	22	145	23	128	24	140	25	104	26	172	27	124	28	134	29	162	30	110	31	124	32	110	33	194	34	175	35	174	36	103	37	151	38	134	39	177	40	190	41	117	42	123	43	159	44	155	45	152	46	160	47	126	48	101	49	157	
	0	115	1	187	2	130	3	148	4	175	5	177	6	121	7	120	8	196	9	170	10	169	11	160	12	100	13	173	14	103	15	143	16	157	17	183	18	139	19	183	20	137	21	168	22	148	23	180	24	149	25	194	26	178	27	143	28	190	29	113	30	178	31	150	32	182	33	155	34	189	35	150	36	123	37	178	38	129	39	172	40	198	41	107	42	145	43	150	44	151	45	163	46	140	47	169	48	197	49	166	
	0	110	1	165	2	160	3	189	4	191	5	181	6	139	7	111	8	177	9	109	10	182	11	119	12	141	13	166	14	141	15	190	16	125	17	143	18	179	19	172	20	161	21	111	22	173	23	154	24	156	25	152	26	193	27	186	28	162	29	104	30	164	31	142	32	132	33	119	34	113	35	104	36	124	37	175	38	193	39	171	40	132	41	195	42	164	43	136	44	138	45	124	46	180	47	160	48	126	49	195	
	0	146	1	165	2	184	3	177	4	110	5	148	6	188	7	141	8	100	9	189	10	132	11	182	12	157	13	140	14	121	15	169	16	151	17	108	18	170	19	102	20	166	21	186	22	115	23	196	24	152	25	112	26	106	27	156	28	112	29	194	30	128	31	130	32	160	33	170	34	150	35	126	36	120	37	116	38	126	39	122	40	107	41	134	42	146	43	153	44	117	45	159	46	177	47	197	48	138	49	127	
	0	194	1	174	2	135	3	175	4	166	5	107	6	135	7	175	8	172	9	174	10	161	11	139	12	191	13	183	14	141	15	124	16	188	17	107	18	177	19	164	20	131	21	195	22	186	23	140	24	161	25	116	26	148	27	119	28	108	29	157	30	191	31	172	32	199	33	168	34	184	35	135	36	168	37	183	38	124	39	109	40	185	41	195	42	111	43	100	44	119	45	152	46	109	47	173	48	194	49	167	
	0	131	1	136	2	145	3	199	4	193	5	156	6	101	7	171	8	117	9	158	10	122	11	103	12	172	13	167	14	190	15	107	16	180	17	133	18	167	19	113	20	174	21	178	22	184	23	158	24	177	25	141	26	144	27	163	28	129	29	155	30	146	31	130	32	178	33	197	34	145	35	164	36	165	37	128	38	120	39	135	40	185	41	129	42	174	43	157	44	166	45	176	46	190	47	104	48	180	49	162	
	0	177	1	161	2	127	3	134	4	193	5	159	6	136	7	117	8	149	9	133	10	103	11	184	12	154	13	180	14	123	15	175	16	163	17	120	18	120	19	125	20	112	21	127	22	148	23	187	24	154	25	119	26	154	27	115	28	159	29	181	30	107	31	109	32	196	33	190	34	179	35	133	36	169	37	127	38	164	39	188	40	100	41	193	42	105	43	134	44	194	45	162	46	182	47	157	48	139	49	120	
	0	176	1	187	2	177	3	163	4	118	5	113	6	140	7	171	8	111	9	104	10	122	11	108	12	126	13	163	14	198	15	165	16	156	17	143	18	167	19	109	20	128	21	179	22	171	23	177	24	182	25	179	26	125	27	131	28	123	29	103	30	169	31	144	32	128	33	154	34	114	35	172	36	118	37	158	38	130	39	135	40	121	41	115	42	190	43	120	44	129	45	107	46	140	47	127	48	183	49	144	
	0	148	1	165	2	169	3	106	4	179	5	143	6	102	7	181	8	187	9	172	10	157	11	142	12	172	13	131	14	180	15	138	16	183	17	129	18	104	19	152	20	166	21	148	22	100	23	140	24	147	25	194	26	172	27	106	28	103	29	177	30	157	31	128	32	175	33	143	34	162	35	124	36	113	37	132	38	198	39	182	40	133	41	111	42	125	43	198	44	154	45	162	46	184	47	115	48	109	49	190	
	0	114	1	107	2	185	3	170	4	137	5	127	6	186	7	112	8	170	9	147	10	161	11	122	12	193	13	192	14	140	15	196	16	157	17	106	18	167	19	112	20	120	21	148	22	154	23	122	24	174	25	142	26	121	27	169	28	193	29	114	30	123	31	119	32	138	33	164	34	179	35	197	36	158	37	177	38	151	39	140	40	148	41	199	42	139	43	109	44	195	45	170	46	132	47	155	48	131	49	187	
	0	122	1	126	2	150	3	162	4	167	5	140	6	113	7	143	8	183	9	140	10	121	11	173	12	166	13	101	14	164	15	110	16	124	17	100	18	189	19	196	20	173	21	126	22	145	23	194	24	164	25	149	26	159	27	127	28	130	29	100	30	151	31	183	32	138	33	119	34	198	35	171	36	151	37	194	38	142	39	108	40	170	41	163	42	106	43	193	44	180	45	194	46	150	47	142	48	164	49	184	
	0	197	1	189	2	176	3	172	4	130	5	127	6	158	7	127	8	169	9	192	10	143	11	148	12	187	13	148	14	179	15	144	16	170	17	185	18	126	19	142	20	145	21	154	22	191	23	141	24	195	25	123	26	108	27	189	28	114	29	120	30	159	31	105	32	190	33	180	34	184	35	184	36	115	37	110	38	180	39	115	40	197	41	111	42	126	43	178	44	160	45	123	46	100	47	198	48	177	49	179	
	0	133	1	114	2	145	3	164	4	186	5	124	6	176	7	157	8	176	9	179	10	160	11	135	12	113	13	127	14	140	15	181	16	118	17	185	18	176	19	116	20	149	21	176	22	196	23	149	24	187	25	126	26	177	27	155	28	199	29	192	30	196	31	137	32	175	33	178	34	138	35	155	36	183	37	150	38	121	39	105	40	184	41	198	42	170	43	152	44	186	45	118	46	107	47	101	48	158	49	104	
	0	192	1	161	2	103	3	196	4	141	5	131	6	135	7	156	8	103	9	134	10	139	11	105	12	193	13	162	14	145	15	192	16	138	17	154	18	110	19	187	20	142	21	145	22	148	23	189	24	114	25	146	26	197	27	153	28	136	29	134	30	167	31	192	32	159	33	184	34	136	35	121	36	111	37	119	38	142	39	133	40	118	41	104	42	187	43	160	44	145	45	188	46	198	47	194	48	143	49	170	
	0	139	1	117	2	199	3	114	4	129	5	112	6	100	7	105	8	128	9	149	10	129	11	149	12	197	13	145	14	159	15	178	16	198	17	192	18	172	19	163	20	162	21	180	22	162	23	166	24	173	25	190	26	161	27	118	28	110	29	175	30	166	31	135	32	142	33	198	34	129	35	181	36	171	37	196	38	145	39	102	40	189	41	138	42	160	43	167	44	124	45	123	46	174	47	134	48	187	49	141	
	0	164	1	101	2	133	3	165	4	166	5	171	6	107	7	139	8	100	9	156	10	138	11	136	12	190	13	180	14	103	15	167	16	119	17	193	18	169	19	132	20	153	21	169	22	105	23	164	24	124	25	158	26	169	27	118	28	117	29	161	30	172	31	167	32	161	33	115	34	151	35	124	36	175	37	176	38	142	39	130	40	158	41	194	42	101	43	171	44	136	45	141	46	197	47	184	48	141	49	117	
	0	115	1	100	2	140	3	181	4	156	5	178	6	193	7	168	8	132	9	159	10	159	11	126	12	185	13	195	14	104	15	176	16	139	17	142	18	152	19	129	20	106	21	181	22	191	23	144	24	136	25	162	26	100	27	191	28	162	29	161	30	163	31	163	32	153	33	144	34	125	35	163	36	146	37	130	38	135	39	183	40	172	41	125	42	121	43	154	44	186	45	189	46	114	47	171	48	105	49	134	
	0	166	1	129	2	143	3	134	4	159	5	194	6	154	7	117	8	157	9	158	10	188	11	173	12	189	13	177	14	176	15	193	16	189	17	142	18	163	19	198	20	110	21	185	22	105	23	149	24	167	25	196	26	127	27	109	28	154	29	150	30	122	31	189	32	181	33	152	34	121	35	186	36	199	37	120	38	183	39	186	40	196	41	117	42	156	43	174	44	139	45	189	46	124	47	154	48	164	49	175	
	0	127	1	166	2	111	3	196	4	192	5	178	6	148	7	117	8	123	9	143	10	192	11	151	12	113	13	101	14	164	15	168	16	120	17	184	18	169	19	110	20	108	21	123	22	145	23	112	24	146	25	126	26	162	27	122	28	124	29	167	30	153	31	182	32	186	33	156	34	137	35	118	36	136	37	111	38	113	39	108	40	108	41	150	42	156	43	132	44	194	45	128	46	100	47	154	48	172	49	170	
	0	135	1	184	2	188	3	119	4	147	5	168	6	135	7	141	8	169	9	195	10	192	11	141	12	161	13	130	14	172	15	122	16	124	17	197	18	137	19	111	20	114	21	146	22	173	23	191	24	186	25	128	26	138	27	173	28	113	29	108	30	128	31	130	32	168	33	158	34	196	35	131	36	127	37	165	38	121	39	141	40	127	41	118	42	156	43	167	44	159	45	199	46	140	47	181	48	196	49	195	
	0	152	1	187	2	126	3	142	4	185	5	182	6	187	7	139	8	137	9	197	10	166	11	122	12	142	13	101	14	140	15	172	16	107	17	185	18	153	19	162	20	136	21	164	22	118	23	198	24	166	25	161	26	120	27	190	28	152	29	197	30	173	31	183	32	144	33	145	34	114	35	149	36	109	37	171	38	109	39	173	40	125	41	115	42	156	43	127	44	124	45	151	46	119	47	167	48	118	49	175	
	0	180	1	128	2	138	3	160	4	178	5	143	6	159	7	199	8	136	9	162	10	126	11	198	12	151	13	189	14	102	15	168	16	166	17	179	18	106	19	186	20	166	21	169	22	181	23	107	24	135	25	176	26	144	27	180	28	118	29	153	30	179	31	136	32	105	33	182	34	178	35	118	36	133	37	197	38	161	39	134	40	191	41	108	42	164	43	192	44	139	45	128	46	165	47	157	48	169	49	151	
	0	106	1	118	2	141	3	137	4	106	5	133	6	174	7	128	8	132	9	119	10	151	11	199	12	197	13	113	14	104	15	133	16	168	17	141	18	160	19	160	20	199	21	121	22	180	23	164	24	124	25	130	26	179	27	166	28	133	29	162	30	152	31	197	32	142	33	124	34	150	35	120	36	106	37	186	38	162	39	132	40	181	41	197	42	140	43	101	44	189	45	145	46	160	47	172	48	107	49	144	
	0	192	1	183	2	102	3	164	4	144	5	109	6	167	7	109	8	101	9	134	10	155	11	117	12	182	13	143	14	106	15	100	16	149	17	178	18	137	19	172	20	151	21	111	22	155	23	198	24	172	25	172	26	178	27	116	28	190	29	176	30	161	31	198	32	188	33	104	34	105	35	175	36	122	37	152	38	165	39	165	40	180	41	176	42	199	43	105	44	109	45	198	46	130	47	142	48	126	49	187	
	0	101	1	122	2	164	3	186	4	138	5	146	6	155	7	122	8	125	9	146	10	113	11	165	12	160	13	124	14	108	15	158	16	100	17	151	18	187	19	148	20	122	21	173	22	172	23	184	24	195	25	147	26	170	27	116	28	138	29	113	30	162	31	163	32	128	33	117	34	174	35	113	36	190	37	168	38	193	39	140	40	164	41	120	42	167	43	162	44	141	45	198	46	156	47	189	48	132	49	159	
	0	111	1	158	2	158	3	127	4	189	5	125	6	117	7	106	8	160	9	129	10	197	11	110	12	164	13	110	14	182	15	167	16	189	17	199	18	111	19	154	20	187	21	195	22	114	23	197	24	101	25	151	26	148	27	159	28	116	29	165	30	145	31	148	32	181	33	137	34	156	35	169	36	136	37	113	38	133	39	122	40	189	41	184	42	173	43	133	44	163	45	128	46	158	47	195	48	144	49	144	
	0	145	1	166	2	115	3	101	4	192	5	101	6	142	7	161	8	109	9	113	10	120	11	111	12	125	13	172	14	118	15	113	16	178	17	112	18	147	19	103	20	198	21	115	22	110	23	118	24	120	25	142	26	141	27	197	28	120	29	113	30	164	31	153	32	179	33	172	34	147	35	132	36	161	37	104	38	160	39	184	40	140	41	110	42	193	43	133	44	142	45	129	46	102	47	164	48	183	49	120	
	0	160	1	195	2	152	3	158	4	143	5	130	6	172	7	189	8	134	9	193	10	121	11	170	12	132	13	166	14	127	15	170	16	117	17	194	18	134	19	139	20	180	21	151	22	125	23	111	24	142	25	180	26	196	27	115	28	185	29	148	30	122	31	144	32	190	33	113	34	132	35	170	36	111	37	137	38	119	39	117	40	180	41	197	42	149	43	124	44	130	45	122	46	111	47	175	48	111	49	189	
	0	198	1	153	2	186	3	170	4	108	5	148	6	123	7	180	8	138	9	140	10	102	11	105	12	137	13	106	14	165	15	185	16	129	17	191	18	131	19	126	20	198	21	147	22	128	23	103	24	174	25	114	26	171	27	193	28	149	29	166	30	129	31	187	32	149	33	175	34	157	35	178	36	125	37	172	38	192	39	101	40	176	41	170	42	197	43	128	44	126	45	176	46	101	47	187	48	144	49	169	
	0	106	1	158	2	153	3	175	4	183	5	184	6	118	7	129	8	166	9	192	10	151	11	128	12	173	13	150	14	108	15	155	16	174	17	111	18	107	19	132	20	189	21	183	22	135	23	128	24	140	25	116	26	170	27	131	28	102	29	124	30	172	31	129	32	181	33	193	34	156	35	157	36	144	37	124	38	165	39	179	40	189	41	147	42	138	43	116	44	136	45	157	46	126	47	199	48	124	49	180	
	0	132	1	149	2	114	3	191	4	110	5	110	6	129	7	130	8	185	9	126	10	173	11	186	12	101	13	198	14	140	15	182	16	179	17	160	18	199	19	179	20	157	21	183	22	109	23	113	24	110	25	164	26	183	27	171	28	196	29	166	30	112	31	154	32	138	33	172	34	124	35	115	36	178	37	121	38	168	39	113	40	111	41	195	42	149	43	162	44	112	45	120	46	131	47	133	48	182	49	150	
	0	108	1	102	2	181	3	193	4	178	5	191	6	107	7	150	8	185	9	134	10	189	11	181	12	138	13	184	14	146	15	124	16	165	17	108	18	134	19	120	20	175	21	162	22	100	23	108	24	133	25	184	26	188	27	184	28	121	29	179	30	133	31	141	32	139	33	195	34	122	35	137	36	187	37	192	38	177	39	127	40	117	41	125	42	189	43	198	44	141	45	111	46	189	47	140	48	159	49	183	
	0	158	1	139	2	144	3	193	4	136	5	102	6	115	7	148	8	114	9	121	10	179	11	188	12	192	13	173	14	188	15	179	16	126	17	100	18	192	19	149	20	196	21	151	22	110	23	115	24	125	25	135	26	187	27	134	28	185	29	131	30	145	31	170	32	147	33	118	34	115	35	157	36	135	37	185	38	179	39	107	40	101	41	135	42	148	43	199	44	106	45	180	46	164	47	131	48	181	49	173	
	0	127	1	121	2	131	3	170	4	169	5	130	6	132	7	156	8	121	9	142	10	143	11	102	12	119	13	134	14	172	15	190	16	130	17	139	18	104	19	100	20	111	21	115	22	189	23	190	24	189	25	184	26	101	27	108	28	102	29	141	30	190	31	141	32	154	33	169	34	120	35	171	36	107	37	149	38	118	39	123	40	106	41	182	42	199	43	192	44	109	45	148	46	161	47	158	48	191	49	110	
	0	169	1	124	2	132	3	185	4	191	5	135	6	110	7	120	8	199	9	183	10	129	11	151	12	125	13	194	14	162	15	197	16	129	17	176	18	169	19	128	20	160	21	194	22	160	23	199	24	185	25	163	26	184	27	174	28	147	29	110	30	134	31	174	32	104	33	162	34	183	35	138	36	138	37	133	38	118	39	167	40	157	41	126	42	139	43	199	44	135	45	114	46	178	47	120	48	136	49	103	
	0	101	1	151	2	198	3	100	4	179	5	129	6	176	7	169	8	186	9	154	10	102	11	127	12	129	13	157	14	139	15	132	16	147	17	164	18	187	19	192	20	126	21	188	22	128	23	136	24	188	25	147	26	195	27	141	28	199	29	166	30	143	31	128	32	101	33	114	34	171	35	114	36	117	37	178	38	130	39	167	40	109	41	106	42	177	43	180	44	193	45	128	46	164	47	158	48	156	49	112	
	0	181	1	173	2	102	3	120	4	130	5	192	6	110	7	161	8	105	9	177	10	181	11	180	12	159	13	109	14	180	15	169	16	143	17	134	18	180	19	141	20	146	21	165	22	104	23	176	24	128	25	117	26	197	27	197	28	168	29	134	30	190	31	183	32	108	33	119	34	133	35	158	36	104	37	181	38	166	39	195	40	106	41	156	42	124	43	177	44	168	45	156	46	118	47	160	48	171	49	190	
	0	105	1	188	2	115	3	111	4	171	5	163	6	115	7	198	8	183	9	172	10	171	11	154	12	181	13	131	14	173	15	166	16	100	17	123	18	118	19	176	20	141	21	148	22	190	23	141	24	103	25	198	26	158	27	175	28	192	29	135	30	162	31	186	32	139	33	179	34	150	35	108	36	186	37	174	38	111	39	156	40	108	41	173	42	129	43	175	44	125	45	110	46	163	47	106	48	195	49	134	
	0	116	1	141	2	194	3	191	4	199	5	168	6	130	7	103	8	145	9	139	10	172	11	118	12	128	13	112	14	155	15	132	16	148	17	134	18	102	19	171	20	152	21	118	22	168	23	110	24	106	25	169	26	119	27	182	28	127	29	148	30	157	31	104	32	109	33	156	34	141	35	126	36	147	37	194	38	191	39	123	40	105	41	111	42	108	43	141	44	126	45	190	46	165	47	128	48	179	49	179	
	0	101	1	197	2	133	3	196	4	190	5	130	6	102	7	183	8	113	9	153	10	148	11	171	12	103	13	100	14	175	15	196	16	154	17	140	18	146	19	142	20	196	21	159	22	190	23	118	24	190	25	108	26	139	27	175	28	164	29	149	30	120	31	148	32	165	33	171	34	118	35	143	36	151	37	147	38	196	39	187	40	165	41	106	42	186	43	131	44	125	45	167	46	120	47	142	48	177	49	112	
	0	195	1	160	2	133	3	130	4	176	5	183	6	136	7	179	8	160	9	176	10	145	11	147	12	159	13	164	14	137	15	151	16	128	17	122	18	122	19	125	20	106	21	199	22	178	23	164	24	106	25	113	26	182	27	133	28	182	29	102	30	183	31	104	32	126	33	129	34	100	35	109	36	178	37	123	38	149	39	102	40	104	41	187	42	124	43	125	44	136	45	101	46	165	47	188	48	138	49	193	
	0	188	1	137	2	162	3	140	4	188	5	161	6	175	7	120	8	103	9	165	10	127	11	144	12	166	13	171	14	116	15	167	16	123	17	175	18	142	19	186	20	166	21	185	22	163	23	118	24	128	25	184	26	119	27	113	28	177	29	150	30	168	31	168	32	185	33	154	34	138	35	149	36	128	37	172	38	154	39	128	40	100	41	103	42	145	43	195	44	100	45	129	46	152	47	148	48	162	49	101	
	0	166	1	115	2	177	3	189	4	170	5	148	6	182	7	151	8	151	9	189	10	197	11	141	12	123	13	124	14	121	15	190	16	100	17	160	18	144	19	168	20	102	21	177	22	128	23	104	24	134	25	189	26	124	27	154	28	119	29	168	30	119	31	150	32	147	33	148	34	164	35	100	36	125	37	122	38	161	39	195	40	150	41	164	42	142	43	101	44	182	45	196	46	163	47	146	48	125	49	111	
	0	194	1	171	2	176	3	152	4	108	5	168	6	123	7	116	8	186	9	106	10	176	11	161	12	196	13	155	14	101	15	143	16	185	17	131	18	190	19	131	20	171	21	111	22	171	23	188	24	186	25	133	26	182	27	168	28	156	29	196	30	166	31	119	32	193	33	192	34	187	35	176	36	144	37	154	38	120	39	109	40	130	41	113	42	167	43	181	44	137	45	163	46	108	47	137	48	170	49	194	
	0	159	1	167	2	190	3	192	4	153	5	175	6	195	7	175	8	102	9	145	10	115	11	100	12	145	13	168	14	137	15	167	16	115	17	141	18	167	19	146	20	113	21	103	22	176	23	126	24	181	25	119	26	164	27	171	28	148	29	198	30	110	31	154	32	180	33	130	34	126	35	125	36	165	37	142	38	156	39	186	40	142	41	130	42	129	43	197	44	111	45	114	46	130	47	112	48	129	49	139	
	0	162	1	162	2	193	3	124	4	157	5	111	6	117	7	144	8	183	9	162	10	133	11	133	12	193	13	105	14	104	15	153	16	116	17	175	18	168	19	181	20	113	21	182	22	163	23	127	24	114	25	108	26	147	27	180	28	196	29	147	30	144	31	187	32	168	33	139	34	118	35	194	36	176	37	184	38	172	39	175	40	102	41	185	42	199	43	155	44	116	45	181	46	151	47	171	48	196	49	198	
	0	152	1	124	2	186	3	107	4	145	5	196	6	114	7	196	8	107	9	135	10	179	11	180	12	112	13	156	14	163	15	192	16	115	17	166	18	104	19	187	20	177	21	180	22	110	23	144	24	190	25	109	26	173	27	132	28	134	29	120	30	142	31	165	32	138	33	142	34	164	35	109	36	182	37	198	38	144	39	134	40	150	41	179	42	132	43	155	44	138	45	187	46	136	47	170	48	123	49	188	
	0	123	1	133	2	148	3	151	4	115	5	118	6	157	7	100	8	162	9	192	10	156	11	180	12	137	13	196	14	174	15	192	16	181	17	193	18	188	19	116	20	100	21	145	22	103	23	168	24	150	25	116	26	166	27	162	28	130	29	164	30	108	31	131	32	109	33	158	34	158	35	116	36	197	37	155	38	142	39	131	40	142	41	103	42	178	43	132	44	138	45	156	46	140	47	178	48	143	49	161	
	0	179	1	142	2	148	3	194	4	136	5	118	6	197	7	131	8	162	9	119	10	167	11	191	12	172	13	117	14	176	15	166	16	198	17	120	18	119	19	140	20	123	21	192	22	181	23	139	24	186	25	175	26	184	27	125	28	111	29	132	30	173	31	130	32	186	33	180	34	134	35	140	36	175	37	140	38	157	39	140	40	116	41	117	42	164	43	126	44	124	45	128	46	101	47	121	48	117	49	186	
	0	162	1	177	2	110	3	117	4	127	5	190	6	155	7	158	8	153	9	118	10	193	11	149	12	191	13	136	14	121	15	111	16	114	17	112	18	173	19	123	20	146	21	159	22	124	23	193	24	165	25	191	26	124	27	193	28	157	29	167	30	114	31	159	32	154	33	157	34	173	35	176	36	112	37	178	38	191	39	107	40	194	41	168	42	189	43	139	44	181	45	167	46	149	47	126	48	174	49	173	
	0	155	1	151	2	100	3	196	4	141	5	165	6	113	7	158	8	184	9	159	10	135	11	189	12	185	13	121	14	174	15	145	16	117	17	153	18	125	19	101	20	178	21	132	22	130	23	190	24	182	25	100	26	100	27	192	28	185	29	177	30	100	31	128	32	195	33	180	34	152	35	187	36	183	37	148	38	148	39	180	40	112	41	108	42	115	43	153	44	155	45	198	46	111	47	188	48	194	49	106	
	0	168	1	157	2	156	3	172	4	127	5	193	6	102	7	177	8	194	9	197	10	118	11	145	12	101	13	157	14	102	15	193	16	160	17	104	18	191	19	191	20	196	21	120	22	100	23	190	24	177	25	112	26	175	27	122	28	192	29	155	30	180	31	141	32	139	33	181	34	154	35	120	36	126	37	192	38	195	39	125	40	145	41	139	42	163	43	157	44	180	45	135	46	180	47	115	48	166	49	151	
	0	180	1	183	2	167	3	127	4	160	5	190	6	133	7	143	8	138	9	147	10	162	11	137	12	147	13	195	14	193	15	176	16	196	17	186	18	110	19	180	20	158	21	194	22	140	23	147	24	112	25	153	26	146	27	102	28	177	29	150	30	153	31	109	32	167	33	149	34	162	35	193	36	144	37	112	38	111	39	136	40	195	41	127	42	193	43	131	44	135	45	176	46	122	47	112	48	164	49	192	
	0	160	1	152	2	195	3	198	4	135	5	135	6	150	7	182	8	102	9	151	10	120	11	146	12	177	13	112	14	127	15	184	16	180	17	113	18	127	19	140	20	180	21	132	22	182	23	177	24	125	25	144	26	183	27	156	28	186	29	152	30	101	31	114	32	112	33	137	34	134	35	198	36	154	37	132	38	192	39	138	40	190	41	118	42	111	43	155	44	107	45	165	46	176	47	153	48	190	49	132	
	0	163	1	125	2	194	3	196	4	172	5	114	6	153	7	129	8	145	9	170	10	137	11	152	12	144	13	174	14	154	15	186	16	167	17	190	18	109	19	103	20	190	21	151	22	172	23	186	24	172	25	192	26	189	27	108	28	199	29	115	30	148	31	189	32	106	33	108	34	143	35	194	36	113	37	116	38	105	39	125	40	180	41	176	42	104	43	144	44	115	45	170	46	165	47	104	48	178	49	157	
	0	120	1	138	2	181	3	101	4	148	5	163	6	121	7	146	8	125	9	102	10	171	11	118	12	174	13	196	14	157	15	137	16	194	17	160	18	199	19	137	20	187	21	141	22	159	23	168	24	182	25	152	26	138	27	137	28	197	29	106	30	195	31	136	32	104	33	103	34	177	35	182	36	120	37	147	38	196	39	157	40	101	41	125	42	157	43	174	44	187	45	114	46	125	47	156	48	188	49	120	
	0	136	1	108	2	185	3	105	4	171	5	142	6	158	7	155	8	108	9	184	10	112	11	105	12	141	13	148	14	116	15	136	16	109	17	112	18	154	19	171	20	154	21	169	22	103	23	139	24	140	25	135	26	143	27	127	28	116	29	168	30	171	31	192	32	132	33	106	34	100	35	131	36	180	37	132	38	118	39	123	40	149	41	177	42	184	43	177	44	186	45	186	46	192	47	119	48	121	49	174	
	0	106	1	110	2	188	3	105	4	126	5	162	6	168	7	170	8	136	9	190	10	179	11	119	12	184	13	146	14	126	15	130	16	159	17	178	18	123	19	180	20	126	21	179	22	161	23	158	24	173	25	113	26	120	27	121	28	124	29	135	30	149	31	149	32	125	33	129	34	124	35	150	36	119	37	116	38	110	39	186	40	128	41	148	42	186	43	119	44	184	45	164	46	154	47	156	48	119	49	152	
	0	122	1	187	2	176	3	187	4	117	5	187	6	185	7	189	8	177	9	176	10	112	11	159	12	126	13	195	14	179	15	119	16	135	17	116	18	176	19	179	20	145	21	148	22	131	23	113	24	164	25	125	26	182	27	173	28	157	29	132	30	172	31	170	32	185	33	105	34	137	35	171	36	185	37	170	38	158	39	134	40	155	41	186	42	108	43	137	44	144	45	170	46	108	47	121	48	173	49	163	
	0	106	1	101	2	130	3	191	4	151	5	167	6	175	7	108	8	102	9	152	10	106	11	187	12	109	13	111	14	130	15	186	16	158	17	151	18	108	19	193	20	113	21	152	22	171	23	168	24	137	25	176	26	198	27	126	28	147	29	178	30	137	31	151	32	166	33	196	34	100	35	186	36	110	37	137	38	174	39	138	40	112	41	111	42	129	43	128	44	147	45	167	46	180	47	194	48	162	49	124	
	0	122	1	103	2	141	3	150	4	193	5	198	6	149	7	103	8	116	9	121	10	177	11	188	12	145	13	195	14	143	15	134	16	140	17	100	18	116	19	109	20	188	21	161	22	128	23	129	24	123	25	115	26	174	27	159	28	127	29	120	30	113	31	196	32	104	33	169	34	127	35	133	36	193	37	151	38	126	39	176	40	131	41	153	42	105	43	119	44	128	45	116	46	177	47	158	48	149	49	198	
	0	199	1	155	2	163	3	166	4	191	5	182	6	132	7	104	8	149	9	167	10	146	11	105	12	163	13	168	14	133	15	173	16	122	17	176	18	163	19	165	20	191	21	194	22	162	23	141	24	157	25	144	26	125	27	126	28	132	29	107	30	119	31	110	32	185	33	184	34	169	35	172	36	151	37	169	38	139	39	188	40	113	41	146	42	159	43	113	44	172	45	172	46	165	47	145	48	164	49	132	
	0	179	1	146	2	124	3	125	4	137	5	150	6	146	7	175	8	114	9	165	10	180	11	107	12	198	13	111	14	194	15	140	16	111	17	157	18	194	19	184	20	120	21	142	22	174	23	165	24	192	25	123	26	112	27	116	28	133	29	132	30	175	31	120	32	173	33	163	34	102	35	197	36	105	37	194	38	187	39	163	40	121	41	176	42	118	43	137	44	140	45	142	46	128	47	198	48	106	49	127	
	0	179	1	178	2	199	3	166	4	187	5	115	6	198	7	165	8	144	9	165	10	104	11	191	12	175	13	193	14	164	15	179	16	183	17	181	18	169	19	199	20	102	21	168	22	183	23	133	24	173	25	180	26	174	27	137	28	180	29	142	30	180	31	147	32	190	33	123	34	125	35	149	36	153	37	189	38	118	39	165	40	171	41	189	42	107	43	173	44	114	45	126	46	150	47	168	48	153	49	199	
	0	194	1	144	2	128	3	171	4	192	5	106	6	152	7	174	8	198	9	126	10	133	11	101	12	194	13	125	14	171	15	171	16	142	17	106	18	144	19	139	20	194	21	156	22	124	23	157	24	173	25	198	26	173	27	100	28	149	29	120	30	135	31	122	32	175	33	190	34	128	35	168	36	120	37	112	38	181	39	150	40	175	41	172	42	177	43	107	44	132	45	133	46	178	47	102	48	148	49	157	
	0	107	1	111	2	191	3	186	4	125	5	189	6	107	7	106	8	183	9	154	10	111	11	144	12	149	13	146	14	192	15	116	16	151	17	154	18	151	19	186	20	175	21	100	22	182	23	156	24	129	25	115	26	165	27	186	28	152	29	124	30	182	31	167	32	171	33	144	34	120	35	178	36	170	37	186	38	104	39	146	40	154	41	121	42	114	43	132	44	195	45	159	46	138	47	170	48	133	49	142	
	0	181	1	166	2	123	3	100	4	146	5	157	6	101	7	154	8	171	9	126	10	160	11	121	12	193	13	178	14	128	15	104	16	195	17	113	18	197	19	198	20	148	21	141	22	143	23	197	24	191	25	100	26	129	27	129	28	105	29	196	30	110	31	171	32	122	33	138	34	115	35	102	36	120	37	143	38	176	39	167	40	141	41	199	42	109	43	181	44	115	45	168	46	149	47	123	48	119	49	155	
	0	131	1	115	2	124	3	107	4	166	5	125	6	102	7	175	8	103	9	184	10	107	11	111	12	173	13	142	14	133	15	123	16	129	17	190	18	131	19	138	20	159	21	159	22	142	23	173	24	141	25	144	26	144	27	129	28	107	29	138	30	188	31	188	32	153	33	175	34	191	35	136	36	142	37	189	38	123	39	158	40	178	41	173	42	126	43	114	44	166	45	198	46	156	47	108	48	131	49	100	
	0	195	1	103	2	153	3	125	4	168	5	194	6	135	7	122	8	134	9	179	10	162	11	129	12	177	13	156	14	198	15	168	16	177	17	181	18	104	19	150	20	166	21	137	22	161	23	110	24	118	25	197	26	111	27	188	28	113	29	123	30	187	31	104	32	137	33	105	34	108	35	170	36	181	37	128	38	136	39	131	40	160	41	108	42	197	43	147	44	160	45	114	46	138	47	184	48	195	49	105	
	0	119	1	196	2	199	3	128	4	147	5	196	6	110	7	177	8	182	9	163	10	174	11	146	12	100	13	106	14	156	15	136	16	177	17	125	18	154	19	128	20	106	21	108	22	159	23	191	24	137	25	108	26	179	27	140	28	117	29	137	30	113	31	137	32	148	33	194	34	181	35	114	36	183	37	187	38	146	39	156	40	192	41	168	42	185	43	182	44	191	45	150	46	112	47	180	48	171	49	107	
	0	159	1	138	2	199	3	179	4	185	5	145	6	161	7	110	8	175	9	127	10	159	11	161	12	145	13	147	14	147	15	149	16	182	17	105	18	102	19	179	20	135	21	168	22	116	23	158	24	107	25	155	26	130	27	112	28	150	29	130	30	172	31	123	32	136	33	182	34	146	35	117	36	118	37	140	38	186	39	130	40	164	41	182	42	105	43	178	44	174	45	161	46	152	47	112	48	197	49	159	
	0	121	1	137	2	148	3	125	4	171	5	106	6	124	7	113	8	142	9	172	10	178	11	133	12	105	13	154	14	189	15	148	16	131	17	162	18	125	19	162	20	108	21	138	22	162	23	168	24	153	25	115	26	113	27	166	28	126	29	103	30	125	31	117	32	101	33	147	34	150	35	153	36	145	37	156	38	160	39	127	40	120	41	182	42	118	43	121	44	157	45	196	46	178	47	159	48	170	49	159	
	0	158	1	198	2	159	3	190	4	161	5	112	6	133	7	107	8	164	9	131	10	186	11	180	12	147	13	146	14	192	15	170	16	196	17	162	18	117	19	135	20	111	21	171	22	147	23	127	24	141	25	143	26	113	27	136	28	107	29	112	30	163	31	118	32	121	33	141	34	170	35	137	36	117	37	175	38	184	39	180	40	114	41	190	42	183	43	112	44	171	45	100	46	124	47	159	48	114	49	163	
	0	140	1	191	2	133	3	199	4	155	5	117	6	160	7	130	8	141	9	174	10	116	11	159	12	186	13	148	14	152	15	126	16	110	17	116	18	118	19	157	20	134	21	105	22	120	23	133	24	154	25	118	26	170	27	141	28	168	29	112	30	193	31	177	32	162	33	181	34	170	35	187	36	180	37	173	38	137	39	130	40	177	41	179	42	100	43	175	44	128	45	110	46	152	47	153	48	110	49	163	
	0	176	1	138	2	135	3	182	4	101	5	156	6	103	7	147	8	194	9	122	10	188	11	118	12	112	13	127	14	106	15	113	16	102	17	189	18	134	19	155	20	188	21	127	22	184	23	155	24	141	25	162	26	115	27	134	28	187	29	134	30	183	31	140	32	154	33	197	34	100	35	198	36	198	37	117	38	129	39	126	40	132	41	135	42	132	43	138	44	175	45	129	46	133	47	122	48	100	49	151	
	0	102	1	176	2	183	3	154	4	142	5	173	6	161	7	106	8	157	9	174	10	140	11	162	12	177	13	158	14	146	15	163	16	143	17	119	18	190	19	158	20	153	21	149	22	171	23	123	24	137	25	194	26	183	27	167	28	182	29	181	30	166	31	126	32	142	33	142	34	169	35	158	36	121	37	178	38	161	39	128	40	157	41	104	42	140	43	112	44	156	45	191	46	170	47	144	48	114	49	196	
	0	109	1	186	2	175	3	136	4	185	5	148	6	149	7	172	8	164	9	169	10	127	11	197	12	146	13	170	14	116	15	114	16	183	17	167	18	131	19	101	20	146	21	199	22	144	23	170	24	174	25	128	26	187	27	143	28	195	29	100	30	156	31	105	32	128	33	158	34	135	35	180	36	157	37	124	38	138	39	190	40	149	41	164	42	162	43	142	44	109	45	135	46	155	47	129	48	171	49	142	
	0	101	1	151	2	158	3	141	4	136	5	182	6	190	7	175	8	138	9	127	10	130	11	123	12	129	13	178	14	151	15	176	16	164	17	121	18	170	19	180	20	191	21	158	22	134	23	176	24	111	25	130	26	187	27	112	28	139	29	169	30	165	31	138	32	150	33	171	34	146	35	192	36	110	37	198	38	141	39	131	40	151	41	115	42	161	43	180	44	141	45	123	46	192	47	102	48	130	49	194	
	0	166	1	143	2	192	3	107	4	115	5	179	6	115	7	110	8	124	9	115	10	136	11	176	12	112	13	199	14	171	15	102	16	134	17	145	18	107	19	164	20	135	21	147	22	100	23	114	24	141	25	160	26	116	27	168	28	105	29	172	30	171	31	167	32	131	33	195	34	181	35	168	36	193	37	171	38	134	39	121	40	196	41	106	42	151	43	148	44	108	45	125	46	124	47	131	48	129	49	136	
	0	142	1	182	2	170	3	148	4	138	5	120	6	170	7	123	8	175	9	141	10	190	11	116	12	181	13	157	14	130	15	174	16	159	17	179	18	192	19	147	20	132	21	161	22	139	23	113	24	158	25	135	26	133	27	193	28	160	29	139	30	129	31	165	32	107	33	147	34	105	35	147	36	192	37	138	38	151	39	109	40	124	41	102	42	146	43	156	44	176	45	168	46	108	47	101	48	100	49	115	
	0	175	1	115	2	188	3	102	4	197	5	150	6	179	7	151	8	148	9	130	10	188	11	177	12	129	13	139	14	178	15	199	16	149	17	157	18	171	19	180	20	118	21	101	22	125	23	143	24	177	25	143	26	118	27	163	28	171	29	124	30	194	31	111	32	154	33	159	34	123	35	189	36	122	37	127	38	141	39	162	40	185	41	176	42	124	43	110	44	104	45	103	46	147	47	165	48	116	49	102	
	0	195	1	189	2	178	3	105	4	101	5	112	6	119	7	162	8	121	9	167	10	172	11	198	12	104	13	121	14	146	15	120	16	109	17	185	18	101	19	194	20	128	21	123	22	195	23	100	24	195	25	125	26	164	27	169	28	131	29	191	30	185	31	140	32	115	33	182	34	110	35	115	36	108	37	122	38	186	39	155	40	105	41	111	42	103	43	173	44	194	45	196	46	186	47	145	48	189	49	179	
	0	136	1	149	2	184	3	137	4	162	5	105	6	158	7	103	8	127	9	105	10	192	11	172	12	117	13	141	14	176	15	114	16	112	17	160	18	186	19	127	20	167	21	136	22	144	23	124	24	139	25	191	26	100	27	164	28	122	29	107	30	152	31	155	32	141	33	116	34	189	35	186	36	199	37	143	38	173	39	116	40	110	41	111	42	192	43	180	44	143	45	104	46	158	47	182	48	126	49	135	
	0	100	1	184	2	116	3	180	4	148	5	145	6	146	7	145	8	114	9	169	10	179	11	181	12	141	13	184	14	110	15	197	16	136	17	101	18	121	19	166	20	123	21	131	22	138	23	166	24	162	25	139	26	104	27	145	28	104	29	125	30	166	31	158	32	140	33	133	34	136	35	168	36	109	37	183	38	191	39	159	40	141	41	118	42	100	43	142	44	169	45	150	46	129	47	182	48	191	49	130	
	0	196	1	171	2	157	3	100	4	129	5	147	6	130	7	188	8	147	9	169	10	155	11	128	12	130	13	159	14	120	15	115	16	188	17	135	18	164	19	125	20	113	21	124	22	183	23	101	24	146	25	181	26	144	27	122	28	175	29	132	30	152	31	140	32	189	33	161	34	166	35	193	36	100	37	174	38	100	39	153	40	196	41	119	42	135	43	122	44	175	45	107	46	127	47	152	48	123	49	137	
	0	169	1	116	2	154	3	145	4	182	5	129	6	196	7	127	8	169	9	108	10	164	11	199	12	138	13	109	14	108	15	180	16	140	17	115	18	126	19	195	20	172	21	145	22	124	23	155	24	155	25	184	26	101	27	113	28	125	29	113	30	113	31	118	32	160	33	123	34	132	35	158	36	153	37	182	38	186	39	198	40	174	41	139	42	112	43	123	44	181	45	104	46	155	47	112	48	149	49	192	
	0	145	1	157	2	151	3	116	4	182	5	153	6	192	7	129	8	156	9	167	10	166	11	115	12	171	13	103	14	164	15	119	16	196	17	151	18	148	19	172	20	157	21	157	22	108	23	192	24	171	25	147	26	137	27	109	28	148	29	166	30	165	31	160	32	156	33	109	34	124	35	170	36	143	37	150	38	157	39	114	40	135	41	151	42	198	43	128	44	165	45	175	46	186	47	172	48	115	49	108	
	0	127	1	143	2	185	3	184	4	126	5	162	6	112	7	168	8	111	9	124	10	111	11	121	12	117	13	182	14	159	15	175	16	198	17	143	18	162	19	137	20	192	21	135	22	184	23	186	24	178	25	125	26	173	27	138	28	110	29	124	30	135	31	152	32	163	33	107	34	176	35	132	36	130	37	102	38	185	39	114	40	157	41	177	42	159	43	146	44	101	45	131	46	145	47	195	48	179	49	156	
	0	183	1	122	2	167	3	155	4	146	5	172	6	180	7	111	8	178	9	168	10	131	11	194	12	101	13	164	14	190	15	104	16	148	17	116	18	197	19	103	20	189	21	101	22	173	23	144	24	152	25	195	26	113	27	194	28	179	29	109	30	110	31	191	32	119	33	178	34	146	35	166	36	124	37	189	38	126	39	160	40	101	41	142	42	182	43	172	44	108	45	112	46	138	47	115	48	121	49	196	
	0	130	1	174	2	151	3	144	4	182	5	101	6	139	7	126	8	164	9	180	10	130	11	136	12	168	13	133	14	185	15	108	16	174	17	165	18	132	19	192	20	143	21	198	22	144	23	163	24	154	25	123	26	154	27	180	28	178	29	178	30	182	31	121	32	122	33	138	34	125	35	197	36	160	37	116	38	107	39	186	40	127	41	112	42	128	43	125	44	163	45	142	46	146	47	104	48	199	49	100	
	0	192	1	138	2	187	3	148	4	142	5	196	6	164	7	102	8	154	9	132	10	134	11	118	12	179	13	122	14	169	15	128	16	149	17	102	18	147	19	173	20	101	21	116	22	165	23	175	24	102	25	176	26	133	27	174	28	169	29	162	30	185	31	158	32	157	33	195	34	175	35	117	36	188	37	171	38	160	39	153	40	187	41	111	42	102	43	187	44	145	45	143	46	178	47	167	48	112	49	124	
	0	156	1	108	2	116	3	138	4	179	5	185	6	176	7	189	8	117	9	101	10	186	11	155	12	119	13	152	14	107	15	167	16	105	17	151	18	185	19	146	20	118	21	198	22	155	23	182	24	123	25	154	26	163	27	120	28	170	29	176	30	158	31	190	32	113	33	145	34	180	35	115	36	161	37	177	38	178	39	183	40	103	41	184	42	134	43	102	44	134	45	101	46	107	47	174	48	143	49	104	
	0	190	1	116	2	193	3	190	4	128	5	113	6	115	7	153	8	154	9	190	10	149	11	187	12	163	13	198	14	140	15	125	16	118	17	108	18	143	19	111	20	192	21	155	22	147	23	109	24	128	25	199	26	153	27	126	28	170	29	195	30	143	31	118	32	146	33	198	34	102	35	155	36	108	37	127	38	120	39	105	40	129	41	103	42	102	43	159	44	163	45	102	46	132	47	110	48	165	49	146	
	0	172	1	136	2	158	3	197	4	105	5	121	6	165	7	143	8	177	9	162	10	171	11	107	12	147	13	188	14	173	15	106	16	100	17	121	18	157	19	122	20	156	21	130	22	120	23	114	24	158	25	172	26	178	27	159	28	177	29	141	30	165	31	178	32	105	33	188	34	199	35	149	36	153	37	153	38	180	39	169	40	102	41	118	42	153	43	138	44	118	45	194	46	128	47	166	48	112	49	151	
	0	172	1	192	2	177	3	117	4	148	5	124	6	145	7	171	8	196	9	153	10	147	11	186	12	183	13	131	14	109	15	138	16	173	17	171	18	104	19	131	20	114	21	125	22	136	23	177	24	136	25	120	26	168	27	119	28	118	29	106	30	194	31	142	32	121	33	174	34	191	35	120	36	172	37	199	38	146	39	168	40	136	41	179	42	102	43	102	44	199	45	110	46	117	47	118	48	187	49	194	
	0	172	1	113	2	141	3	183	4	190	5	100	6	143	7	112	8	118	9	189	10	112	11	136	12	141	13	178	14	176	15	196	16	188	17	141	18	165	19	158	20	158	21	122	22	156	23	155	24	126	25	123	26	148	27	190	28	173	29	117	30	132	31	199	32	191	33	177	34	112	35	108	36	165	37	130	38	100	39	103	40	182	41	143	42	121	43	106	44	194	45	162	46	133	47	197	48	181	49	186	
	0	165	1	105	2	141	3	102	4	138	5	191	6	144	7	114	8	162	9	127	10	172	11	131	12	193	13	110	14	156	15	153	16	192	17	171	18	168	19	192	20	113	21	105	22	122	23	173	24	101	25	107	26	129	27	198	28	144	29	155	30	151	31	121	32	143	33	113	34	122	35	195	36	184	37	140	38	191	39	168	40	174	41	185	42	199	43	195	44	174	45	175	46	147	47	199	48	139	49	132	
	0	124	1	146	2	124	3	178	4	189	5	151	6	173	7	160	8	157	9	191	10	156	11	172	12	197	13	136	14	137	15	181	16	106	17	193	18	116	19	105	20	167	21	139	22	163	23	192	24	138	25	118	26	148	27	114	28	109	29	129	30	101	31	163	32	113	33	171	34	139	35	166	36	135	37	117	38	140	39	115	40	147	41	108	42	163	43	189	44	155	45	173	46	131	47	197	48	120	49	174	
	0	107	1	136	2	180	3	133	4	109	5	109	6	176	7	103	8	157	9	198	10	160	11	177	12	113	13	137	14	110	15	187	16	135	17	148	18	160	19	123	20	107	21	122	22	103	23	170	24	195	25	141	26	169	27	162	28	185	29	189	30	126	31	151	32	105	33	115	34	134	35	156	36	117	37	179	38	162	39	171	40	169	41	148	42	134	43	165	44	179	45	141	46	148	47	175	48	140	49	189	
	0	132	1	109	2	173	3	153	4	137	5	157	6	150	7	198	8	119	9	149	10	149	11	154	12	161	13	183	14	190	15	187	16	197	17	142	18	162	19	199	20	180	21	105	22	122	23	160	24	110	25	164	26	128	27	144	28	119	29	187	30	146	31	149	32	128	33	155	34	190	35	178	36	120	37	152	38	138	39	146	40	165	41	105	42	196	43	195	44	148	45	152	46	178	47	144	48	122	49	173	
	0	129	1	156	2	169	3	106	4	199	5	109	6	160	7	141	8	119	9	108	10	175	11	126	12	133	13	140	14	170	15	169	16	187	17	119	18	100	19	180	20	184	21	198	22	196	23	181	24	180	25	140	26	193	27	182	28	101	29	193	30	100	31	135	32	113	33	142	34	110	35	141	36	168	37	173	38	116	39	170	40	121	41	107	42	147	43	156	44	188	45	109	46	172	47	183	48	108	49	191	
	0	147	1	140	2	132	3	110	4	130	5	167	6	112	7	158	8	133	9	106	10	142	11	172	12	102	13	122	14	166	15	189	16	151	17	119	18	108	19	190	20	106	21	126	22	181	23	152	24	115	25	119	26	185	27	110	28	165	29	145	30	163	31	119	32	135	33	108	34	158	35	166	36	141	37	122	38	169	39	100	40	140	41	139	42	191	43	103	44	122	45	120	46	117	47	177	48	151	49	124	
	0	137	1	129	2	134	3	120	4	131	5	116	6	113	7	192	8	151	9	137	10	169	11	127	12	170	13	109	14	180	15	142	16	150	17	153	18	128	19	146	20	166	21	154	22	169	23	178	24	150	25	107	26	140	27	188	28	109	29	107	30	131	31	179	32	109	33	194	34	185	35	150	36	184	37	110	38	115	39	114	40	197	41	114	42	116	43	161	44	129	45	127	46	183	47	127	48	176	49	148	
	0	147	1	123	2	151	3	116	4	149	5	199	6	177	7	140	8	146	9	113	10	187	11	114	12	175	13	164	14	153	15	104	16	150	17	119	18	147	19	170	20	109	21	174	22	140	23	199	24	119	25	100	26	127	27	192	28	172	29	194	30	132	31	199	32	111	33	120	34	185	35	135	36	195	37	117	38	114	39	137	40	141	41	185	42	198	43	175	44	182	45	168	46	149	47	197	48	137	49	123	
	0	192	1	136	2	165	3	199	4	185	5	178	6	160	7	118	8	180	9	173	10	195	11	140	12	177	13	142	14	178	15	139	16	175	17	102	18	144	19	120	20	154	21	103	22	186	23	119	24	131	25	168	26	189	27	183	28	106	29	151	30	182	31	126	32	144	33	153	34	185	35	182	36	198	37	133	38	165	39	116	40	153	41	145	42	151	43	188	44	193	45	160	46	130	47	175	48	150	49	129	
	0	156	1	145	2	102	3	182	4	132	5	159	6	169	7	131	8	128	9	148	10	181	11	139	12	105	13	168	14	171	15	151	16	185	17	118	18	188	19	102	20	133	21	127	22	177	23	172	24	165	25	172	26	126	27	122	28	126	29	192	30	193	31	132	32	155	33	184	34	160	35	138	36	195	37	184	38	148	39	103	40	162	41	171	42	193	43	164	44	106	45	149	46	191	47	197	48	122	49	129	
	0	183	1	157	2	132	3	177	4	168	5	166	6	105	7	164	8	126	9	128	10	190	11	198	12	117	13	180	14	184	15	128	16	125	17	163	18	131	19	188	20	117	21	137	22	160	23	122	24	141	25	108	26	166	27	117	28	139	29	140	30	156	31	195	32	167	33	132	34	182	35	191	36	175	37	192	38	146	39	157	40	195	41	150	42	186	43	137	44	128	45	164	46	143	47	102	48	196	49	148	
	0	176	1	114	2	195	3	184	4	185	5	170	6	141	7	157	8	191	9	148	10	132	11	170	12	199	13	189	14	160	15	153	16	143	17	162	18	125	19	153	20	125	21	114	22	138	23	128	24	178	25	177	26	109	27	169	28	134	29	129	30	147	31	183	32	103	33	162	34	102	35	196	36	187	37	173	38	144	39	108	40	155	41	122	42	116	43	118	44	190	45	190	46	197	47	141	48	112	49	156	
	0	155	1	157	2	133	3	104	4	183	5	121	6	174	7	114	8	177	9	137	10	155	11	190	12	121	13	145	14	150	15	148	16	115	17	153	18	192	19	155	20	164	21	153	22	185	23	199	24	155	25	112	26	182	27	123	28	164	29	100	30	120	31	135	32	144	33	128	34	116	35	107	36	134	37	183	38	143	39	184	40	111	41	122	42	147	43	104	44	165	45	165	46	155	47	104	48	105	49	120	
	0	168	1	164	2	183	3	123	4	137	5	179	6	187	7	153	8	187	9	164	10	139	11	130	12	174	13	169	14	177	15	187	16	195	17	170	18	175	19	143	20	132	21	184	22	104	23	172	24	177	25	164	26	161	27	138	28	109	29	198	30	117	31	108	32	176	33	146	34	115	35	128	36	188	37	122	38	199	39	159	40	176	41	128	42	164	43	182	44	120	45	108	46	113	47	177	48	161	49	161	
	0	122	1	100	2	104	3	192	4	134	5	165	6	194	7	189	8	135	9	171	10	116	11	122	12	198	13	125	14	136	15	188	16	102	17	102	18	100	19	108	20	136	21	109	22	166	23	132	24	197	25	133	26	181	27	102	28	176	29	127	30	128	31	198	32	138	33	181	34	173	35	153	36	172	37	191	38	158	39	180	40	164	41	149	42	144	43	148	44	189	45	191	46	148	47	120	48	173	49	190	
	0	103	1	178	2	160	3	144	4	184	5	119	6	191	7	103	8	178	9	173	10	159	11	135	12	161	13	194	14	117	15	105	16	151	17	127	18	187	19	105	20	136	21	156	22	169	23	108	24	157	25	172	26	117	27	127	28	115	29	146	30	172	31	151	32	148	33	102	34	127	35	154	36	124	37	169	38	135	39	140	40	125	41	191	42	153	43	107	44	119	45	163	46	153	47	185	48	104	49	186	
	0	158	1	143	2	141	3	162	4	184	5	192	6	184	7	123	8	194	9	108	10	126	11	135	12	159	13	135	14	190	15	109	16	108	17	102	18	135	19	176	20	139	21	160	22	152	23	146	24	127	25	158	26	172	27	121	28	184	29	101	30	125	31	171	32	118	33	158	34	125	35	190	36	194	37	164	38	143	39	119	40	117	41	106	42	148	43	126	44	134	45	192	46	132	47	188	48	155	49	160	
	0	164	1	149	2	136	3	182	4	114	5	181	6	192	7	165	8	173	9	191	10	132	11	125	12	103	13	156	14	114	15	165	16	163	17	111	18	123	19	153	20	196	21	109	22	165	23	186	24	110	25	120	26	161	27	155	28	195	29	165	30	177	31	193	32	165	33	195	34	113	35	139	36	198	37	168	38	168	39	142	40	117	41	130	42	162	43	180	44	153	45	134	46	150	47	112	48	144	49	113	
	0	135	1	151	2	142	3	169	4	123	5	135	6	108	7	105	8	199	9	136	10	156	11	145	12	125	13	195	14	195	15	107	16	108	17	175	18	166	19	190	20	128	21	159	22	198	23	177	24	134	25	191	26	163	27	186	28	147	29	103	30	112	31	157	32	125	33	146	34	145	35	103	36	178	37	109	38	157	39	136	40	162	41	123	42	168	43	129	44	151	45	132	46	169	47	152	48	156	49	166	
	0	146	1	173	2	199	3	100	4	105	5	105	6	124	7	114	8	197	9	130	10	116	11	163	12	194	13	187	14	183	15	162	16	182	17	128	18	102	19	108	20	102	21	149	22	128	23	163	24	137	25	195	26	112	27	100	28	132	29	108	30	177	31	183	32	180	33	176	34	186	35	127	36	109	37	173	38	196	39	101	40	195	41	116	42	122	43	171	44	147	45	154	46	155	47	174	48	179	49	102	
	0	160	1	165	2	131	3	178	4	147	5	121	6	177	7	157	8	187	9	145	10	172	11	187	12	174	13	119	14	134	15	123	16	108	17	122	18	159	19	130	20	134	21	128	22	158	23	130	24	108	25	123	26	191	27	159	28	199	29	187	30	194	31	142	32	195	33	107	34	196	35	144	36	193	37	113	38	139	39	141	40	113	41	197	42	117	43	182	44	188	45	182	46	190	47	186	48	117	49	172	
	0	143	1	136	2	182	3	126	4	152	5	170	6	102	7	192	8	137	9	193	10	165	11	145	12	142	13	125	14	152	15	198	16	192	17	161	18	107	19	103	20	103	21	129	22	121	23	108	24	134	25	188	26	184	27	116	28	118	29	189	30	198	31	174	32	168	33	178	34	184	35	176	36	119	37	154	38	181	39	173	40	186	41	145	42	178	43	144	44	150	45	133	46	110	47	147	48	191	49	169	
	0	137	1	150	2	102	3	183	4	192	5	112	6	100	7	134	8	152	9	109	10	117	11	187	12	126	13	142	14	127	15	144	16	191	17	170	18	150	19	108	20	128	21	122	22	149	23	178	24	143	25	123	26	112	27	188	28	177	29	181	30	179	31	111	32	119	33	100	34	110	35	121	36	112	37	187	38	110	39	156	40	161	41	188	42	191	43	170	44	162	45	178	46	144	47	147	48	121	49	140	
	0	153	1	154	2	144	3	187	4	192	5	101	6	110	7	123	8	124	9	172	10	178	11	160	12	190	13	104	14	165	15	131	16	153	17	189	18	148	19	180	20	177	21	185	22	159	23	138	24	153	25	145	26	181	27	154	28	130	29	115	30	172	31	133	32	160	33	110	34	192	35	129	36	165	37	117	38	108	39	168	40	176	41	191	42	192	43	144	44	124	45	159	46	127	47	147	48	190	49	129	
	0	129	1	111	2	177	3	109	4	122	5	199	6	101	7	148	8	199	9	144	10	178	11	127	12	105	13	166	14	152	15	187	16	172	17	127	18	128	19	171	20	177	21	198	22	106	23	175	24	124	25	190	26	187	27	129	28	169	29	130	30	117	31	180	32	142	33	109	34	109	35	109	36	102	37	155	38	177	39	184	40	149	41	182	42	100	43	151	44	113	45	195	46	127	47	104	48	189	49	137	
	0	146	1	170	2	132	3	101	4	184	5	122	6	129	7	121	8	109	9	166	10	187	11	126	12	194	13	153	14	172	15	173	16	114	17	121	18	191	19	149	20	151	21	175	22	178	23	163	24	195	25	101	26	174	27	164	28	159	29	115	30	134	31	180	32	163	33	147	34	135	35	132	36	188	37	118	38	148	39	125	40	106	41	101	42	156	43	101	44	189	45	170	46	133	47	163	48	120	49	164	
	0	168	1	126	2	129	3	126	4	103	5	116	6	188	7	178	8	181	9	173	10	171	11	127	12	156	13	179	14	127	15	113	16	169	17	128	18	117	19	121	20	103	21	159	22	108	23	138	24	190	25	169	26	150	27	118	28	180	29	128	30	118	31	159	32	155	33	162	34	198	35	113	36	159	37	175	38	179	39	192	40	113	41	197	42	167	43	148	44	126	45	178	46	133	47	185	48	137	49	121	
	0	103	1	150	2	173	3	182	4	129	5	130	6	135	7	110	8	186	9	189	10	190	11	138	12	149	13	189	14	126	15	125	16	139	17	148	18	171	19	122	20	115	21	167	22	132	23	173	24	175	25	122	26	108	27	165	28	146	29	115	30	133	31	131	32	103	33	105	34	103	35	126	36	157	37	184	38	168	39	154	40	132	41	123	42	118	43	127	44	141	45	183	46	163	47	167	48	170	49	187	
	0	193	1	132	2	137	3	198	4	157	5	109	6	135	7	184	8	123	9	117	10	129	11	138	12	147	13	130	14	187	15	129	16	195	17	111	18	194	19	138	20	129	21	131	22	184	23	187	24	193	25	187	26	173	27	164	28	112	29	139	30	177	31	183	32	164	33	178	34	125	35	198	36	136	37	173	38	176	39	180	40	110	41	113	42	123	43	122	44	120	45	161	46	161	47	108	48	169	49	110	
	0	190	1	197	2	150	3	162	4	190	5	119	6	134	7	148	8	142	9	173	10	194	11	154	12	146	13	106	14	173	15	195	16	126	17	151	18	176	19	196	20	156	21	121	22	186	23	101	24	124	25	100	26	176	27	149	28	192	29	165	30	108	31	154	32	157	33	151	34	139	35	111	36	138	37	186	38	121	39	100	40	136	41	181	42	173	43	168	44	163	45	145	46	111	47	159	48	113	49	107	
	0	143	1	192	2	169	3	167	4	114	5	194	6	112	7	120	8	107	9	106	10	152	11	132	12	192	13	147	14	168	15	188	16	192	17	186	18	144	19	168	20	195	21	178	22	194	23	197	24	197	25	197	26	195	27	189	28	103	29	118	30	126	31	121	32	147	33	163	34	198	35	114	36	143	37	179	38	130	39	165	40	129	41	167	42	125	43	133	44	186	45	173	46	167	47	191	48	121	49	174	
	0	117	1	117	2	187	3	123	4	189	5	185	6	138	7	109	8	138	9	120	10	103	11	141	12	112	13	183	14	153	15	105	16	179	17	130	18	175	19	180	20	150	21	180	22	142	23	158	24	187	25	115	26	137	27	189	28	194	29	101	30	150	31	149	32	151	33	177	34	186	35	190	36	117	37	112	38	176	39	167	40	125	41	107	42	166	43	167	44	132	45	125	46	185	47	104	48	192	49	115	
	0	165	1	161	2	114	3	196	4	166	5	101	6	134	7	184	8	173	9	134	10	148	11	137	12	130	13	169	14	180	15	132	16	143	17	159	18	153	19	118	20	186	21	124	22	102	23	107	24	161	25	172	26	157	27	120	28	151	29	146	30	134	31	101	32	114	33	119	34	196	35	146	36	124	37	165	38	103	39	151	40	155	41	169	42	174	43	104	44	191	45	166	46	115	47	170	48	114	49	150	
	0	158	1	160	2	142	3	132	4	159	5	146	6	131	7	136	8	124	9	188	10	119	11	145	12	163	13	120	14	177	15	105	16	181	17	157	18	166	19	130	20	173	21	192	22	191	23	120	24	143	25	189	26	127	27	102	28	188	29	172	30	136	31	195	32	123	33	126	34	187	35	151	36	155	37	186	38	197	39	192	40	173	41	108	42	193	43	183	44	161	45	133	46	199	47	111	48	140	49	126	
	0	114	1	163	2	107	3	135	4	135	5	177	6	149	7	101	8	148	9	111	10	128	11	116	12	180	13	159	14	142	15	135	16	148	17	112	18	154	19	161	20	194	21	143	22	180	23	128	24	157	25	156	26	135	27	162	28	162	29	177	30	102	31	152	32	122	33	165	34	160	35	136	36	114	37	171	38	189	39	163	40	144	41	158	42	109	43	159	44	103	45	105	46	120	47	139	48	102	49	152	
	0	160	1	189	2	158	3	186	4	132	5	101	6	127	7	198	8	193	9	176	10	133	11	152	12	127	13	180	14	196	15	149	16	173	17	107	18	141	19	167	20	134	21	184	22	144	23	171	24	161	25	125	26	172	27	142	28	184	29	171	30	154	31	187	32	149	33	117	34	150	35	159	36	102	37	143	38	194	39	147	40	123	41	195	42	189	43	127	44	178	45	145	46	181	47	112	48	119	49	165	
	0	146	1	188	2	170	3	127	4	160	5	106	6	107	7	138	8	139	9	188	10	164	11	151	12	194	13	197	14	117	15	184	16	121	17	124	18	109	19	133	20	148	21	144	22	129	23	191	24	117	25	138	26	188	27	196	28	109	29	153	30	195	31	180	32	189	33	150	34	126	35	121	36	128	37	182	38	122	39	143	40	137	41	113	42	169	43	174	44	127	45	177	46	165	47	124	48	171	49	136	
	0	122	1	128	2	187	3	177	4	136	5	165	6	194	7	182	8	145	9	165	10	108	11	195	12	119	13	165	14	112	15	137	16	121	17	122	18	100	19	197	20	117	21	186	22	117	23	133	24	143	25	169	26	149	27	133	28	196	29	127	30	101	31	192	32	165	33	171	34	149	35	150	36	179	37	147	38	167	39	138	40	140	41	159	42	182	43	177	44	125	45	100	46	161	47	173	48	164	49	141	
	0	176	1	153	2	129	3	172	4	172	5	138	6	125	7	179	8	152	9	135	10	166	11	147	12	151	13	118	14	154	15	127	16	144	17	162	18	133	19	106	20	188	21	126	22	110	23	198	24	199	25	164	26	184	27	193	28	128	29	139	30	111	31	158	32	183	33	135	34	107	35	186	36	193	37	106	38	171	39	121	40	119	41	192	42	131	43	119	44	180	45	100	46	184	47	191	48	141	49	194	
	0	132	1	163	2	138	3	163	4	139	5	191	6	143	7	187	8	112	9	145	10	148	11	198	12	118	13	134	14	191	15	134	16	144	17	146	18	113	19	128	20	139	21	114	22	188	23	199	24	147	25	119	26	148	27	182	28	160	29	180	30	128	31	166	32	152	33	152	34	108	35	139	36	190	37	182	38	126	39	136	40	101	41	126	42	101	43	199	44	164	45	189	46	194	47	120	48	194	49	110	
	0	134	1	133	2	131	3	183	4	178	5	194	6	134	7	183	8	127	9	102	10	117	11	113	12	145	13	194	14	139	15	123	16	119	17	168	18	108	19	102	20	127	21	185	22	140	23	125	24	152	25	193	26	170	27	170	28	150	29	167	30	111	31	124	32	195	33	123	34	108	35	135	36	164	37	107	38	121	39	122	40	114	41	178	42	136	43	155	44	120	45	130	46	186	47	150	48	150	49	142	
	0	157	1	152	2	176	3	128	4	171	5	111	6	176	7	100	8	127	9	110	10	109	11	128	12	158	13	117	14	165	15	100	16	105	17	111	18	164	19	175	20	166	21	198	22	169	23	117	24	157	25	154	26	120	27	197	28	110	29	155	30	145	31	159	32	168	33	155	34	163	35	182	36	100	37	146	38	198	39	144	40	176	41	176	42	152	43	170	44	127	45	194	46	179	47	159	48	167	49	115	
	0	108	1	170	2	115	3	182	4	167	5	100	6	115	7	105	8	195	9	188	10	146	11	188	12	149	13	161	14	114	15	124	16	161	17	126	18	182	19	191	20	177	21	177	22	105	23	112	24	195	25	131	26	199	27	114	28	110	29	121	30	142	31	146	32	125	33	111	34	171	35	198	36	124	37	121	38	155	39	136	40	144	41	147	42	102	43	111	44	157	45	147	46	179	47	138	48	158	49	179	
	0	161	1	139	2	110	3	116	4	129	5	124	6	162	7	117	8	100	9	184	10	172	11	189	12	130	13	140	14	167	15	168	16	150	17	122	18	129	19	146	20	157	21	188	22	114	23	126	24	162	25	198	26	138	27	146	28	166	29	122	30	198	31	132	32	181	33	192	34	159	35	144	36	109	37	113	38	101	39	109	40	168	41	174	42	164	43	119	44	114	45	106	46	146	47	175	48	173	49	134	
	0	149	1	163	2	168	3	113	4	154	5	104	6	110	7	127	8	187	9	196	10	160	11	103	12	153	13	170	14	111	15	140	16	191	17	198	18	189	19	186	20	180	21	107	22	190	23	146	24	139	25	107	26	126	27	192	28	114	29	153	30	110	31	174	32	192	33	162	34	129	35	154	36	117	37	114	38	106	39	157	40	192	41	115	42	156	43	166	44	183	45	125	46	185	47	157	48	135	49	121	
	0	124	1	177	2	191	3	187	4	154	5	170	6	120	7	154	8	104	9	181	10	199	11	190	12	183	13	194	14	155	15	157	16	148	17	107	18	113	19	184	20	123	21	127	22	142	23	103	24	103	25	122	26	184	27	156	28	105	29	105	30	189	31	133	32	127	33	194	34	145	35	100	36	100	37	141	38	148	39	107	40	130	41	162	42	137	43	165	44	179	45	118	46	117	47	135	48	192	49	173	
	0	147	1	150	2	135	3	103	4	172	5	146	6	129	7	192	8	188	9	125	10	166	11	163	12	101	13	186	14	166	15	178	16	160	17	127	18	144	19	179	20	158	21	186	22	104	23	106	24	107	25	199	26	182	27	146	28	167	29	141	30	166	31	160	32	127	33	156	34	188	35	100	36	127	37	106	38	154	39	195	40	118	41	118	42	180	43	110	44	154	45	132	46	120	47	176	48	146	49	124	
	0	182	1	195	2	150	3	179	4	172	5	145	6	175	7	148	8	156	9	119	10	180	11	153	12	186	13	151	14	117	15	157	16	189	17	126	18	150	19	194	20	141	21	108	22	180	23	168	24	191	25	184	26	180	27	152	28	134	29	189	30	185	31	135	32	115	33	131	34	193	35	183	36	160	37	105	38	123	39	156	40	189	41	127	42	128	43	185	44	187	45	135	46	117	47	194	48	198	49	188	
	0	193	1	103	2	167	3	127	4	136	5	102	6	127	7	140	8	100	9	193	10	184	11	185	12	199	13	136	14	122	15	166	16	158	17	189	18	180	19	155	20	137	21	111	22	113	23	179	24	148	25	180	26	142	27	151	28	110	29	111	30	144	31	100	32	157	33	107	34	131	35	139	36	132	37	162	38	137	39	185	40	137	41	128	42	197	43	175	44	173	45	138	46	195	47	144	48	145	49	149	
	0	194	1	162	2	107	3	168	4	169	5	163	6	124	7	179	8	199	9	104	10	182	11	164	12	173	13	193	14	133	15	132	16	110	17	164	18	190	19	178	20	132	21	121	22	167	23	131	24	134	25	111	26	123	27	194	28	102	29	173	30	191	31	108	32	184	33	128	34	106	35	112	36	128	37	164	38	194	39	137	40	197	41	113	42	120	43	112	44	191	45	199	46	150	47	125	48	172	49	107	
	0	163	1	183	2	195	3	155	4	143	5	156	6	110	7	150	8	137	9	104	10	115	11	145	12	116	13	173	14	190	15	189	16	186	17	199	18	145	19	136	20	168	21	114	22	177	23	179	24	191	25	149	26	125	27	126	28	163	29	115	30	185	31	104	32	115	33	185	34	168	35	123	36	104	37	126	38	143	39	140	40	199	41	108	42	162	43	128	44	143	45	156	46	114	47	106	48	175	49	181	