200 50 1
50
	0	146	1	180	2	130	3	181	4	148	5	122	6	109	7	166	8	166	9	172	10	164	11	195	12	163	13	104	14	106	15	154	16	119	17	189	18	116	19	177	20	162	21	137	22	121	23	109	24	194	25	117	26	142	27	104	28	135	29	169	30	115	31	154	32	151	33	180	34	142	35	144	36	139	37	125	38	136	39	172	40	163	41	148	42	150	43	165	44	146	45	190	46	169	47	118	48	115	49	103	
	0	142	1	117	2	108	3	118	4	158	5	134	6	112	7	148	8	141	9	163	10	156	11	111	12	174	13	162	14	114	15	130	16	163	17	129	18	174	19	174	20	191	21	139	22	138	23	171	24	151	25	129	26	130	27	133	28	125	29	118	30	105	31	114	32	180	33	188	34	116	35	196	36	140	37	145	38	189	39	181	40	173	41	197	42	152	43	147	44	156	45	175	46	141	47	199	48	138	49	100	
	0	197	1	101	2	146	3	133	4	191	5	129	6	178	7	107	8	179	9	126	10	162	11	108	12	187	13	109	14	177	15	182	16	134	17	166	18	188	19	197	20	135	21	138	22	109	23	132	24	102	25	104	26	181	27	168	28	178	29	121	30	114	31	147	32	139	33	143	34	181	35	168	36	126	37	131	38	112	39	176	40	172	41	187	42	144	43	169	44	116	45	131	46	133	47	140	48	138	49	121	
	0	127	1	144	2	193	3	112	4	109	5	175	6	179	7	178	8	169	9	166	10	148	11	157	12	108	13	116	14	153	15	116	16	196	17	172	18	136	19	147	20	124	21	115	22	190	23	156	24	166	25	153	26	128	27	106	28	145	29	161	30	199	31	108	32	135	33	188	34	191	35	100	36	166	37	127	38	126	39	142	40	151	41	133	42	195	43	147	44	107	45	154	46	130	47	191	48	186	49	163	
	0	163	1	175	2	198	3	140	4	176	5	165	6	134	7	108	8	107	9	173	10	152	11	109	12	165	13	164	14	169	15	111	16	129	17	144	18	159	19	199	20	109	21	104	22	169	23	148	24	159	25	188	26	199	27	178	28	147	29	164	30	145	31	155	32	145	33	129	34	167	35	111	36	199	37	188	38	123	39	189	40	166	41	172	42	119	43	145	44	114	45	132	46	185	47	149	48	103	49	122	
	0	141	1	111	2	142	3	183	4	158	5	132	6	181	7	166	8	133	9	119	10	100	11	161	12	131	13	193	14	153	15	138	16	102	17	121	18	123	19	116	20	104	21	138	22	163	23	183	24	113	25	192	26	124	27	161	28	166	29	108	30	117	31	168	32	127	33	131	34	177	35	148	36	113	37	126	38	127	39	166	40	152	41	137	42	100	43	143	44	149	45	153	46	183	47	135	48	124	49	149	
	0	159	1	191	2	167	3	165	4	144	5	110	6	122	7	142	8	168	9	175	10	170	11	142	12	108	13	172	14	137	15	159	16	140	17	114	18	175	19	143	20	115	21	189	22	117	23	160	24	176	25	104	26	168	27	187	28	139	29	135	30	164	31	123	32	157	33	137	34	138	35	134	36	108	37	120	38	163	39	199	40	169	41	189	42	112	43	160	44	183	45	116	46	184	47	100	48	165	49	193	
	0	105	1	134	2	120	3	129	4	195	5	136	6	188	7	152	8	142	9	159	10	113	11	165	12	199	13	120	14	166	15	143	16	154	17	119	18	103	19	191	20	139	21	144	22	172	23	135	24	127	25	186	26	118	27	142	28	151	29	173	30	180	31	131	32	141	33	186	34	178	35	124	36	190	37	170	38	127	39	182	40	104	41	196	42	170	43	103	44	168	45	130	46	173	47	181	48	199	49	190	
	0	109	1	106	2	123	3	148	4	145	5	138	6	125	7	124	8	109	9	100	10	183	11	123	12	138	13	109	14	164	15	118	16	121	17	160	18	143	19	173	20	150	21	167	22	194	23	139	24	105	25	127	26	147	27	127	28	120	29	194	30	157	31	137	32	178	33	181	34	194	35	107	36	135	37	150	38	160	39	101	40	180	41	140	42	155	43	109	44	155	45	122	46	186	47	175	48	126	49	151	
	0	174	1	190	2	141	3	102	4	179	5	124	6	181	7	103	8	129	9	183	10	119	11	110	12	160	13	169	14	171	15	192	16	124	17	130	18	107	19	138	20	106	21	159	22	115	23	121	24	159	25	195	26	187	27	196	28	171	29	101	30	155	31	179	32	129	33	195	34	147	35	172	36	177	37	138	38	184	39	178	40	109	41	136	42	156	43	182	44	100	45	153	46	110	47	195	48	130	49	188	
	0	177	1	178	2	181	3	176	4	123	5	166	6	180	7	121	8	161	9	179	10	115	11	127	12	102	13	190	14	190	15	162	16	165	17	145	18	167	19	159	20	145	21	151	22	151	23	124	24	109	25	138	26	173	27	172	28	117	29	147	30	196	31	169	32	148	33	152	34	198	35	129	36	143	37	189	38	109	39	179	40	166	41	144	42	149	43	191	44	162	45	114	46	181	47	151	48	131	49	116	
	0	148	1	157	2	133	3	164	4	140	5	163	6	143	7	125	8	134	9	173	10	119	11	142	12	160	13	101	14	177	15	149	16	149	17	133	18	174	19	173	20	131	21	118	22	173	23	146	24	183	25	143	26	195	27	197	28	121	29	180	30	112	31	185	32	142	33	133	34	178	35	116	36	108	37	167	38	141	39	112	40	113	41	153	42	192	43	133	44	124	45	125	46	196	47	179	48	118	49	197	
	0	102	1	102	2	129	3	137	4	124	5	102	6	139	7	120	8	193	9	154	10	158	11	199	12	177	13	193	14	139	15	171	16	106	17	135	18	169	19	150	20	180	21	166	22	108	23	160	24	180	25	124	26	172	27	136	28	164	29	130	30	184	31	178	32	143	33	111	34	107	35	181	36	104	37	160	38	179	39	185	40	112	41	108	42	177	43	159	44	130	45	131	46	196	47	178	48	103	49	141	
	0	165	1	151	2	140	3	120	4	197	5	181	6	184	7	183	8	155	9	122	10	174	11	185	12	145	13	154	14	135	15	138	16	106	17	176	18	176	19	111	20	157	21	136	22	173	23	193	24	125	25	181	26	146	27	156	28	162	29	140	30	147	31	161	32	116	33	186	34	132	35	185	36	150	37	178	38	182	39	199	40	105	41	131	42	198	43	197	44	132	45	173	46	111	47	130	48	165	49	192	
	0	154	1	127	2	182	3	135	4	170	5	116	6	194	7	119	8	122	9	188	10	175	11	107	12	149	13	173	14	133	15	136	16	153	17	162	18	184	19	173	20	144	21	146	22	147	23	176	24	167	25	165	26	112	27	137	28	192	29	167	30	137	31	109	32	191	33	145	34	190	35	155	36	157	37	125	38	153	39	171	40	126	41	110	42	172	43	100	44	198	45	124	46	156	47	152	48	186	49	114	
	0	175	1	103	2	133	3	145	4	140	5	120	6	118	7	118	8	151	9	128	10	137	11	185	12	185	13	125	14	138	15	129	16	181	17	100	18	141	19	124	20	133	21	184	22	149	23	155	24	124	25	150	26	180	27	102	28	122	29	146	30	117	31	170	32	171	33	120	34	137	35	181	36	180	37	100	38	102	39	148	40	183	41	127	42	158	43	116	44	154	45	190	46	144	47	126	48	183	49	134	
	0	130	1	196	2	167	3	115	4	172	5	186	6	149	7	155	8	124	9	159	10	126	11	114	12	168	13	186	14	148	15	195	16	128	17	160	18	132	19	130	20	165	21	158	22	149	23	150	24	175	25	120	26	159	27	103	28	165	29	141	30	148	31	192	32	125	33	163	34	138	35	127	36	126	37	116	38	166	39	161	40	111	41	163	42	165	43	125	44	179	45	104	46	130	47	157	48	138	49	191	
	0	147	1	104	2	148	3	148	4	122	5	101	6	160	7	149	8	100	9	180	10	193	11	129	12	156	13	199	14	136	15	180	16	179	17	144	18	177	19	180	20	199	21	129	22	108	23	114	24	114	25	198	26	180	27	119	28	101	29	182	30	136	31	147	32	186	33	105	34	150	35	135	36	156	37	139	38	105	39	147	40	110	41	122	42	183	43	195	44	131	45	115	46	161	47	119	48	117	49	146	
	0	191	1	178	2	143	3	119	4	179	5	148	6	149	7	157	8	132	9	113	10	164	11	162	12	101	13	138	14	180	15	182	16	169	17	187	18	132	19	149	20	131	21	118	22	192	23	172	24	183	25	134	26	172	27	192	28	134	29	108	30	148	31	110	32	180	33	144	34	144	35	146	36	100	37	178	38	131	39	111	40	130	41	134	42	173	43	157	44	152	45	134	46	174	47	178	48	146	49	155	
	0	177	1	183	2	177	3	150	4	130	5	166	6	147	7	179	8	153	9	162	10	125	11	171	12	177	13	151	14	137	15	168	16	136	17	172	18	123	19	146	20	163	21	107	22	120	23	184	24	130	25	158	26	135	27	145	28	119	29	177	30	197	31	119	32	161	33	109	34	175	35	156	36	173	37	173	38	113	39	153	40	120	41	172	42	129	43	164	44	155	45	161	46	126	47	146	48	192	49	155	
	0	129	1	105	2	138	3	177	4	111	5	128	6	169	7	179	8	101	9	193	10	111	11	107	12	189	13	132	14	191	15	126	16	157	17	150	18	125	19	167	20	130	21	185	22	130	23	123	24	182	25	139	26	126	27	144	28	147	29	199	30	188	31	156	32	132	33	119	34	159	35	101	36	191	37	188	38	112	39	118	40	151	41	192	42	163	43	197	44	110	45	126	46	162	47	144	48	151	49	161	
	0	188	1	107	2	121	3	146	4	116	5	135	6	193	7	149	8	175	9	149	10	131	11	142	12	180	13	126	14	182	15	120	16	175	17	148	18	139	19	104	20	156	21	107	22	163	23	180	24	118	25	146	26	138	27	104	28	180	29	121	30	105	31	125	32	104	33	194	34	111	35	173	36	152	37	120	38	188	39	152	40	186	41	143	42	107	43	152	44	128	45	115	46	102	47	165	48	164	49	105	
	0	128	1	115	2	125	3	100	4	103	5	148	6	113	7	114	8	135	9	123	10	167	11	166	12	140	13	115	14	125	15	126	16	152	17	138	18	107	19	197	20	165	21	141	22	185	23	142	24	122	25	113	26	100	27	113	28	192	29	176	30	181	31	116	32	161	33	174	34	155	35	127	36	101	37	175	38	171	39	197	40	110	41	186	42	101	43	198	44	150	45	149	46	162	47	133	48	127	49	140	
	0	121	1	139	2	123	3	172	4	119	5	135	6	165	7	116	8	140	9	153	10	156	11	182	12	171	13	178	14	139	15	124	16	110	17	145	18	167	19	171	20	104	21	140	22	194	23	130	24	184	25	135	26	133	27	136	28	155	29	178	30	189	31	199	32	197	33	186	34	102	35	181	36	153	37	149	38	192	39	101	40	111	41	115	42	195	43	120	44	192	45	182	46	178	47	114	48	114	49	154	
	0	172	1	155	2	129	3	138	4	152	5	190	6	145	7	127	8	136	9	149	10	157	11	162	12	118	13	168	14	101	15	178	16	130	17	189	18	109	19	168	20	114	21	181	22	199	23	163	24	179	25	144	26	188	27	112	28	150	29	167	30	162	31	114	32	165	33	147	34	161	35	111	36	184	37	195	38	188	39	155	40	119	41	182	42	155	43	155	44	145	45	199	46	180	47	198	48	103	49	182	
	0	123	1	152	2	144	3	128	4	103	5	112	6	134	7	135	8	134	9	152	10	170	11	192	12	116	13	128	14	172	15	159	16	113	17	124	18	166	19	128	20	133	21	107	22	119	23	153	24	150	25	192	26	163	27	123	28	189	29	108	30	110	31	113	32	129	33	194	34	186	35	117	36	170	37	115	38	111	39	146	40	186	41	183	42	115	43	160	44	158	45	114	46	102	47	142	48	168	49	184	
	0	101	1	194	2	196	3	198	4	170	5	164	6	173	7	181	8	107	9	149	10	138	11	118	12	189	13	111	14	190	15	173	16	184	17	161	18	129	19	168	20	150	21	139	22	145	23	196	24	188	25	152	26	142	27	102	28	116	29	126	30	162	31	183	32	145	33	141	34	145	35	117	36	194	37	129	38	160	39	127	40	107	41	160	42	189	43	157	44	138	45	146	46	183	47	169	48	145	49	187	
	0	168	1	159	2	107	3	196	4	178	5	151	6	150	7	136	8	198	9	124	10	125	11	166	12	192	13	149	14	140	15	179	16	135	17	125	18	133	19	190	20	168	21	129	22	161	23	181	24	191	25	193	26	196	27	131	28	142	29	115	30	137	31	147	32	100	33	175	34	106	35	132	36	193	37	196	38	117	39	159	40	187	41	166	42	169	43	194	44	185	45	131	46	172	47	123	48	188	49	175	
	0	165	1	117	2	136	3	127	4	101	5	107	6	152	7	181	8	187	9	159	10	199	11	186	12	170	13	147	14	183	15	190	16	156	17	146	18	147	19	132	20	112	21	181	22	113	23	130	24	180	25	114	26	130	27	100	28	102	29	159	30	186	31	190	32	149	33	144	34	109	35	189	36	160	37	183	38	189	39	182	40	179	41	128	42	177	43	154	44	110	45	116	46	177	47	182	48	100	49	180	
	0	131	1	138	2	188	3	107	4	112	5	145	6	150	7	110	8	138	9	156	10	149	11	148	12	115	13	157	14	101	15	177	16	186	17	140	18	178	19	104	20	184	21	184	22	165	23	120	24	104	25	135	26	169	27	193	28	160	29	119	30	117	31	160	32	198	33	139	34	153	35	169	36	184	37	187	38	156	39	142	40	157	41	164	42	162	43	161	44	129	45	127	46	170	47	103	48	135	49	167	
	0	175	1	131	2	169	3	115	4	139	5	149	6	156	7	170	8	141	9	128	10	159	11	127	12	173	13	196	14	127	15	193	16	162	17	154	18	177	19	112	20	185	21	106	22	160	23	159	24	193	25	142	26	105	27	189	28	178	29	157	30	161	31	146	32	106	33	199	34	154	35	111	36	119	37	113	38	135	39	122	40	184	41	133	42	162	43	121	44	111	45	159	46	115	47	114	48	176	49	183	
	0	123	1	180	2	108	3	190	4	146	5	109	6	101	7	144	8	115	9	191	10	103	11	153	12	187	13	170	14	136	15	109	16	178	17	151	18	148	19	175	20	106	21	151	22	130	23	149	24	192	25	176	26	192	27	181	28	109	29	169	30	171	31	191	32	118	33	102	34	175	35	182	36	164	37	198	38	111	39	103	40	107	41	140	42	100	43	162	44	178	45	158	46	184	47	112	48	180	49	132	
	0	194	1	138	2	147	3	154	4	133	5	107	6	159	7	169	8	130	9	169	10	125	11	151	12	119	13	102	14	165	15	191	16	125	17	183	18	145	19	199	20	155	21	190	22	189	23	158	24	197	25	164	26	129	27	170	28	104	29	169	30	118	31	122	32	141	33	120	34	193	35	198	36	175	37	136	38	121	39	135	40	131	41	145	42	104	43	135	44	175	45	102	46	110	47	107	48	143	49	159	
	0	106	1	119	2	168	3	194	4	109	5	191	6	182	7	194	8	120	9	194	10	182	11	164	12	114	13	133	14	109	15	144	16	189	17	127	18	136	19	176	20	119	21	168	22	109	23	196	24	141	25	157	26	179	27	112	28	179	29	113	30	135	31	171	32	169	33	110	34	115	35	126	36	123	37	196	38	167	39	198	40	160	41	139	42	150	43	124	44	114	45	112	46	179	47	185	48	146	49	109	
	0	110	1	190	2	141	3	174	4	178	5	166	6	169	7	133	8	124	9	167	10	165	11	107	12	122	13	179	14	101	15	172	16	175	17	175	18	138	19	140	20	145	21	103	22	181	23	108	24	101	25	161	26	196	27	105	28	145	29	161	30	144	31	141	32	187	33	130	34	188	35	170	36	161	37	143	38	155	39	188	40	126	41	120	42	128	43	179	44	189	45	116	46	107	47	126	48	102	49	108	
	0	132	1	193	2	162	3	149	4	125	5	121	6	191	7	176	8	161	9	178	10	117	11	191	12	160	13	170	14	175	15	193	16	122	17	100	18	107	19	187	20	103	21	180	22	109	23	186	24	176	25	198	26	119	27	196	28	110	29	155	30	146	31	142	32	163	33	161	34	156	35	104	36	146	37	122	38	199	39	153	40	121	41	116	42	198	43	167	44	126	45	156	46	199	47	155	48	135	49	116	
	0	114	1	110	2	186	3	196	4	104	5	135	6	161	7	143	8	152	9	152	10	179	11	132	12	199	13	109	14	169	15	101	16	146	17	124	18	132	19	136	20	143	21	191	22	112	23	150	24	128	25	193	26	148	27	139	28	135	29	107	30	177	31	157	32	131	33	100	34	151	35	117	36	124	37	171	38	127	39	148	40	132	41	145	42	136	43	127	44	106	45	123	46	128	47	133	48	168	49	137	
	0	106	1	150	2	120	3	183	4	166	5	178	6	135	7	185	8	144	9	192	10	115	11	198	12	119	13	133	14	127	15	141	16	123	17	185	18	113	19	199	20	146	21	199	22	108	23	193	24	124	25	118	26	143	27	127	28	117	29	185	30	155	31	115	32	144	33	101	34	137	35	108	36	191	37	134	38	108	39	190	40	118	41	178	42	170	43	187	44	164	45	138	46	173	47	169	48	193	49	167	
	0	150	1	134	2	174	3	189	4	190	5	149	6	140	7	108	8	170	9	195	10	160	11	164	12	181	13	174	14	119	15	147	16	192	17	131	18	178	19	143	20	129	21	118	22	137	23	102	24	157	25	119	26	106	27	100	28	161	29	192	30	137	31	183	32	184	33	161	34	134	35	126	36	164	37	178	38	187	39	158	40	190	41	151	42	173	43	143	44	155	45	106	46	122	47	186	48	198	49	171	
	0	109	1	136	2	124	3	176	4	133	5	114	6	163	7	181	8	131	9	145	10	139	11	138	12	168	13	122	14	155	15	152	16	128	17	110	18	197	19	182	20	102	21	171	22	132	23	192	24	196	25	154	26	142	27	103	28	145	29	149	30	130	31	133	32	134	33	191	34	184	35	188	36	143	37	152	38	126	39	142	40	161	41	131	42	107	43	111	44	137	45	126	46	198	47	122	48	122	49	140	
	0	149	1	191	2	128	3	195	4	167	5	150	6	197	7	141	8	165	9	162	10	149	11	113	12	181	13	132	14	159	15	130	16	185	17	167	18	194	19	187	20	119	21	101	22	194	23	179	24	102	25	179	26	197	27	174	28	138	29	140	30	106	31	117	32	144	33	188	34	121	35	126	36	113	37	120	38	111	39	135	40	152	41	153	42	190	43	117	44	119	45	101	46	150	47	102	48	147	49	191	
	0	119	1	116	2	177	3	163	4	191	5	101	6	134	7	127	8	127	9	155	10	126	11	129	12	138	13	157	14	134	15	144	16	126	17	133	18	179	19	199	20	124	21	142	22	195	23	109	24	138	25	153	26	131	27	195	28	148	29	171	30	178	31	121	32	153	33	145	34	186	35	128	36	156	37	133	38	117	39	129	40	123	41	171	42	107	43	133	44	195	45	156	46	127	47	113	48	150	49	127	
	0	176	1	174	2	162	3	124	4	127	5	158	6	103	7	181	8	138	9	119	10	157	11	129	12	115	13	149	14	144	15	180	16	131	17	134	18	157	19	111	20	198	21	150	22	130	23	117	24	121	25	158	26	181	27	122	28	152	29	113	30	121	31	100	32	134	33	154	34	199	35	170	36	142	37	165	38	185	39	186	40	140	41	149	42	121	43	127	44	105	45	147	46	169	47	157	48	139	49	100	
	0	106	1	198	2	173	3	102	4	115	5	133	6	152	7	189	8	176	9	146	10	140	11	166	12	108	13	132	14	154	15	178	16	153	17	119	18	134	19	152	20	103	21	175	22	164	23	184	24	152	25	179	26	163	27	147	28	195	29	166	30	144	31	148	32	103	33	183	34	162	35	142	36	167	37	195	38	199	39	125	40	184	41	101	42	151	43	147	44	151	45	176	46	159	47	107	48	109	49	129	
	0	102	1	132	2	101	3	172	4	127	5	140	6	126	7	123	8	195	9	105	10	159	11	189	12	131	13	170	14	119	15	186	16	126	17	116	18	133	19	124	20	147	21	195	22	157	23	123	24	157	25	168	26	113	27	143	28	182	29	140	30	191	31	190	32	134	33	166	34	156	35	197	36	173	37	130	38	139	39	119	40	129	41	174	42	188	43	109	44	127	45	147	46	180	47	110	48	175	49	193	
	0	197	1	135	2	179	3	194	4	174	5	132	6	178	7	184	8	150	9	165	10	115	11	118	12	187	13	123	14	194	15	100	16	187	17	143	18	133	19	122	20	142	21	197	22	119	23	136	24	126	25	195	26	198	27	147	28	180	29	109	30	131	31	166	32	196	33	149	34	196	35	192	36	129	37	107	38	162	39	133	40	198	41	187	42	161	43	148	44	185	45	104	46	126	47	192	48	115	49	173	
	0	164	1	191	2	105	3	187	4	162	5	160	6	126	7	158	8	149	9	181	10	157	11	177	12	177	13	161	14	197	15	148	16	162	17	113	18	109	19	137	20	126	21	186	22	122	23	104	24	138	25	163	26	173	27	152	28	198	29	168	30	107	31	195	32	114	33	110	34	138	35	166	36	127	37	171	38	179	39	166	40	187	41	130	42	105	43	175	44	161	45	184	46	141	47	198	48	161	49	154	
	0	177	1	162	2	100	3	199	4	134	5	124	6	107	7	166	8	179	9	125	10	183	11	158	12	131	13	142	14	150	15	158	16	187	17	166	18	197	19	163	20	114	21	167	22	129	23	141	24	125	25	118	26	147	27	125	28	155	29	159	30	196	31	154	32	118	33	162	34	174	35	168	36	121	37	167	38	171	39	138	40	143	41	121	42	156	43	176	44	160	45	113	46	169	47	100	48	174	49	111	
	0	184	1	114	2	138	3	137	4	135	5	135	6	137	7	100	8	147	9	194	10	104	11	113	12	127	13	150	14	104	15	189	16	183	17	129	18	111	19	158	20	136	21	199	22	116	23	121	24	161	25	164	26	165	27	140	28	138	29	155	30	124	31	120	32	108	33	174	34	135	35	189	36	164	37	191	38	121	39	183	40	178	41	106	42	175	43	134	44	108	45	162	46	108	47	102	48	163	49	118	
	0	177	1	188	2	186	3	176	4	100	5	152	6	122	7	196	8	103	9	171	10	103	11	104	12	177	13	119	14	133	15	157	16	182	17	174	18	177	19	142	20	153	21	120	22	179	23	124	24	100	25	169	26	125	27	137	28	116	29	166	30	163	31	123	32	134	33	173	34	147	35	113	36	109	37	100	38	111	39	134	40	121	41	115	42	161	43	130	44	149	45	194	46	171	47	165	48	138	49	133	
	0	102	1	131	2	161	3	103	4	161	5	182	6	112	7	166	8	115	9	179	10	136	11	161	12	125	13	152	14	122	15	146	16	141	17	171	18	120	19	111	20	144	21	145	22	139	23	147	24	179	25	194	26	120	27	133	28	163	29	144	30	128	31	148	32	198	33	107	34	129	35	128	36	122	37	107	38	142	39	110	40	145	41	145	42	122	43	119	44	115	45	185	46	194	47	122	48	180	49	126	
	0	114	1	126	2	166	3	176	4	142	5	187	6	175	7	103	8	114	9	126	10	199	11	196	12	187	13	125	14	134	15	105	16	197	17	194	18	129	19	194	20	134	21	112	22	132	23	119	24	185	25	167	26	164	27	102	28	137	29	113	30	166	31	185	32	121	33	157	34	156	35	141	36	109	37	148	38	166	39	154	40	175	41	183	42	137	43	163	44	151	45	148	46	110	47	130	48	164	49	170	
	0	191	1	117	2	181	3	100	4	100	5	156	6	109	7	127	8	143	9	123	10	128	11	123	12	121	13	153	14	138	15	187	16	177	17	159	18	109	19	137	20	160	21	130	22	162	23	126	24	156	25	167	26	121	27	107	28	149	29	130	30	168	31	148	32	118	33	191	34	147	35	159	36	136	37	157	38	113	39	153	40	119	41	104	42	146	43	117	44	165	45	193	46	137	47	138	48	111	49	102	
	0	117	1	134	2	152	3	108	4	165	5	105	6	140	7	126	8	144	9	188	10	184	11	144	12	131	13	152	14	144	15	180	16	118	17	139	18	165	19	105	20	191	21	166	22	173	23	181	24	163	25	190	26	188	27	118	28	141	29	140	30	126	31	101	32	161	33	131	34	159	35	132	36	118	37	108	38	134	39	159	40	141	41	106	42	103	43	180	44	178	45	198	46	131	47	195	48	165	49	142	
	0	123	1	137	2	105	3	141	4	174	5	107	6	192	7	158	8	112	9	103	10	156	11	118	12	160	13	170	14	134	15	189	16	172	17	145	18	194	19	137	20	136	21	146	22	107	23	182	24	101	25	147	26	177	27	105	28	129	29	198	30	101	31	192	32	109	33	136	34	124	35	104	36	147	37	112	38	104	39	193	40	157	41	185	42	153	43	196	44	174	45	168	46	180	47	107	48	188	49	179	
	0	198	1	190	2	144	3	158	4	135	5	118	6	139	7	153	8	184	9	198	10	129	11	136	12	120	13	179	14	188	15	191	16	189	17	145	18	194	19	133	20	156	21	192	22	180	23	139	24	171	25	197	26	109	27	187	28	161	29	109	30	107	31	116	32	128	33	180	34	181	35	137	36	180	37	132	38	108	39	129	40	191	41	173	42	104	43	185	44	121	45	177	46	112	47	133	48	138	49	113	
	0	181	1	143	2	107	3	166	4	177	5	138	6	112	7	190	8	128	9	187	10	179	11	104	12	112	13	193	14	161	15	159	16	111	17	166	18	138	19	107	20	146	21	119	22	142	23	158	24	168	25	181	26	169	27	157	28	196	29	107	30	176	31	195	32	107	33	116	34	114	35	140	36	116	37	133	38	150	39	155	40	115	41	148	42	198	43	147	44	173	45	140	46	137	47	115	48	158	49	121	
	0	118	1	132	2	103	3	181	4	133	5	160	6	154	7	156	8	139	9	112	10	169	11	145	12	155	13	133	14	192	15	165	16	184	17	152	18	172	19	129	20	154	21	152	22	186	23	118	24	157	25	178	26	167	27	161	28	156	29	143	30	190	31	118	32	187	33	150	34	191	35	112	36	164	37	144	38	163	39	102	40	104	41	160	42	163	43	134	44	194	45	105	46	161	47	131	48	113	49	132	
	0	142	1	126	2	104	3	113	4	137	5	189	6	184	7	173	8	141	9	179	10	157	11	128	12	175	13	145	14	189	15	177	16	151	17	134	18	174	19	130	20	142	21	147	22	191	23	187	24	193	25	190	26	115	27	160	28	128	29	140	30	110	31	167	32	122	33	147	34	128	35	145	36	184	37	149	38	116	39	165	40	121	41	107	42	194	43	150	44	142	45	146	46	157	47	113	48	155	49	107	
	0	197	1	102	2	163	3	175	4	196	5	117	6	176	7	126	8	105	9	166	10	191	11	114	12	174	13	194	14	107	15	144	16	134	17	141	18	136	19	182	20	100	21	161	22	124	23	160	24	122	25	109	26	166	27	117	28	183	29	143	30	199	31	150	32	159	33	132	34	154	35	130	36	108	37	192	38	127	39	166	40	159	41	199	42	169	43	191	44	149	45	188	46	154	47	186	48	158	49	101	
	0	188	1	188	2	100	3	161	4	121	5	143	6	164	7	116	8	115	9	130	10	189	11	138	12	154	13	184	14	102	15	171	16	119	17	177	18	138	19	154	20	155	21	113	22	107	23	154	24	146	25	121	26	136	27	121	28	114	29	125	30	172	31	189	32	112	33	140	34	117	35	105	36	149	37	183	38	177	39	157	40	161	41	101	42	117	43	166	44	177	45	189	46	112	47	128	48	163	49	198	
	0	183	1	194	2	184	3	115	4	139	5	108	6	130	7	146	8	131	9	129	10	136	11	188	12	132	13	157	14	136	15	180	16	179	17	118	18	172	19	101	20	142	21	170	22	156	23	194	24	147	25	175	26	127	27	135	28	166	29	123	30	148	31	106	32	154	33	129	34	170	35	177	36	136	37	137	38	181	39	156	40	173	41	129	42	140	43	108	44	157	45	136	46	180	47	133	48	192	49	187	
	0	181	1	113	2	197	3	196	4	120	5	125	6	142	7	102	8	177	9	121	10	172	11	148	12	112	13	117	14	172	15	153	16	188	17	171	18	114	19	185	20	140	21	165	22	110	23	112	24	198	25	180	26	193	27	191	28	116	29	179	30	102	31	144	32	117	33	113	34	167	35	102	36	110	37	126	38	178	39	150	40	147	41	193	42	194	43	178	44	126	45	103	46	167	47	140	48	195	49	148	
	0	193	1	108	2	109	3	119	4	178	5	122	6	145	7	144	8	102	9	134	10	121	11	175	12	129	13	174	14	116	15	160	16	128	17	162	18	176	19	197	20	160	21	187	22	181	23	163	24	136	25	186	26	194	27	125	28	190	29	134	30	122	31	101	32	141	33	193	34	178	35	137	36	114	37	171	38	154	39	102	40	146	41	100	42	197	43	191	44	124	45	176	46	181	47	128	48	144	49	114	
	0	160	1	194	2	191	3	126	4	134	5	172	6	150	7	100	8	164	9	109	10	186	11	157	12	115	13	157	14	106	15	125	16	118	17	159	18	102	19	196	20	120	21	163	22	187	23	135	24	198	25	160	26	199	27	102	28	125	29	109	30	171	31	187	32	137	33	198	34	152	35	110	36	115	37	132	38	111	39	124	40	113	41	169	42	125	43	171	44	155	45	109	46	152	47	160	48	161	49	196	
	0	124	1	136	2	188	3	118	4	186	5	157	6	115	7	171	8	131	9	105	10	140	11	100	12	176	13	149	14	199	15	195	16	138	17	139	18	135	19	174	20	129	21	138	22	147	23	187	24	199	25	139	26	117	27	196	28	199	29	162	30	147	31	186	32	103	33	147	34	162	35	101	36	163	37	163	38	124	39	130	40	191	41	107	42	189	43	165	44	161	45	163	46	115	47	166	48	137	49	101	
	0	159	1	138	2	186	3	169	4	140	5	172	6	119	7	178	8	171	9	175	10	110	11	186	12	160	13	140	14	112	15	118	16	161	17	164	18	170	19	109	20	133	21	130	22	136	23	174	24	181	25	195	26	105	27	175	28	195	29	100	30	126	31	193	32	115	33	198	34	112	35	102	36	119	37	125	38	133	39	142	40	154	41	106	42	175	43	125	44	181	45	106	46	117	47	100	48	146	49	148	
	0	159	1	106	2	151	3	176	4	189	5	174	6	100	7	103	8	167	9	159	10	193	11	159	12	156	13	190	14	114	15	127	16	101	17	141	18	196	19	144	20	102	21	181	22	157	23	171	24	164	25	163	26	125	27	168	28	174	29	125	30	125	31	132	32	169	33	168	34	104	35	118	36	126	37	177	38	189	39	148	40	164	41	192	42	191	43	172	44	116	45	164	46	165	47	167	48	126	49	126	
	0	199	1	183	2	129	3	174	4	113	5	109	6	154	7	180	8	151	9	114	10	189	11	173	12	186	13	101	14	114	15	177	16	170	17	142	18	156	19	149	20	125	21	151	22	145	23	193	24	135	25	180	26	117	27	104	28	148	29	190	30	199	31	137	32	140	33	140	34	102	35	146	36	114	37	174	38	134	39	168	40	109	41	183	42	109	43	109	44	140	45	103	46	125	47	122	48	108	49	163	
	0	142	1	181	2	147	3	195	4	140	5	132	6	144	7	145	8	163	9	169	10	110	11	175	12	120	13	169	14	196	15	109	16	162	17	112	18	115	19	174	20	186	21	146	22	103	23	145	24	159	25	160	26	179	27	181	28	113	29	174	30	166	31	144	32	189	33	166	34	189	35	109	36	166	37	143	38	183	39	197	40	151	41	155	42	184	43	127	44	129	45	143	46	118	47	169	48	153	49	100	
	0	178	1	170	2	139	3	199	4	131	5	147	6	125	7	166	8	121	9	147	10	119	11	111	12	180	13	107	14	152	15	106	16	145	17	100	18	159	19	147	20	198	21	106	22	196	23	198	24	198	25	133	26	194	27	107	28	149	29	115	30	157	31	142	32	152	33	170	34	161	35	143	36	170	37	146	38	119	39	148	40	184	41	114	42	192	43	163	44	199	45	102	46	171	47	179	48	159	49	153	
	0	147	1	188	2	123	3	154	4	135	5	127	6	164	7	154	8	107	9	172	10	179	11	193	12	176	13	119	14	140	15	125	16	103	17	186	18	117	19	108	20	188	21	113	22	184	23	130	24	154	25	111	26	189	27	139	28	139	29	117	30	192	31	123	32	113	33	133	34	192	35	151	36	167	37	113	38	185	39	134	40	103	41	156	42	163	43	174	44	130	45	146	46	152	47	108	48	199	49	155	
	0	171	1	146	2	176	3	181	4	143	5	178	6	146	7	115	8	136	9	185	10	107	11	162	12	152	13	131	14	199	15	176	16	127	17	119	18	165	19	172	20	169	21	163	22	152	23	113	24	106	25	121	26	166	27	183	28	148	29	122	30	164	31	168	32	136	33	132	34	108	35	188	36	115	37	155	38	152	39	131	40	127	41	152	42	120	43	128	44	163	45	168	46	188	47	199	48	127	49	197	
	0	119	1	149	2	141	3	180	4	116	5	184	6	126	7	164	8	168	9	170	10	162	11	120	12	189	13	123	14	108	15	114	16	183	17	159	18	188	19	100	20	112	21	118	22	102	23	159	24	153	25	174	26	196	27	151	28	187	29	119	30	188	31	104	32	160	33	123	34	165	35	167	36	129	37	177	38	145	39	110	40	145	41	196	42	164	43	109	44	148	45	124	46	131	47	156	48	153	49	133	
	0	192	1	122	2	110	3	177	4	113	5	140	6	150	7	169	8	136	9	116	10	194	11	100	12	131	13	114	14	109	15	182	16	121	17	132	18	189	19	167	20	125	21	195	22	108	23	140	24	170	25	173	26	195	27	109	28	137	29	150	30	135	31	166	32	140	33	184	34	153	35	188	36	140	37	122	38	164	39	127	40	158	41	142	42	199	43	121	44	134	45	102	46	164	47	122	48	188	49	192	
	0	141	1	128	2	116	3	147	4	130	5	198	6	174	7	114	8	164	9	168	10	163	11	101	12	176	13	110	14	123	15	103	16	171	17	123	18	120	19	149	20	167	21	166	22	151	23	161	24	127	25	191	26	103	27	156	28	101	29	168	30	135	31	147	32	149	33	126	34	181	35	126	36	190	37	139	38	170	39	130	40	125	41	131	42	144	43	155	44	161	45	150	46	135	47	134	48	111	49	101	
	0	131	1	117	2	157	3	177	4	139	5	111	6	130	7	194	8	136	9	183	10	167	11	111	12	110	13	136	14	165	15	158	16	181	17	128	18	104	19	122	20	174	21	105	22	191	23	160	24	176	25	185	26	197	27	193	28	101	29	134	30	156	31	191	32	187	33	130	34	116	35	145	36	194	37	165	38	188	39	142	40	115	41	117	42	106	43	179	44	196	45	100	46	197	47	199	48	194	49	113	
	0	101	1	167	2	164	3	180	4	114	5	147	6	131	7	168	8	105	9	124	10	197	11	102	12	123	13	185	14	139	15	144	16	192	17	169	18	119	19	101	20	185	21	171	22	103	23	149	24	139	25	120	26	162	27	134	28	169	29	187	30	101	31	105	32	112	33	183	34	166	35	138	36	102	37	174	38	113	39	170	40	196	41	173	42	162	43	155	44	161	45	115	46	187	47	127	48	120	49	113	
	0	158	1	115	2	197	3	112	4	121	5	151	6	105	7	115	8	176	9	119	10	117	11	164	12	147	13	160	14	118	15	136	16	184	17	180	18	114	19	107	20	178	21	196	22	190	23	178	24	145	25	137	26	196	27	169	28	151	29	191	30	148	31	101	32	125	33	154	34	132	35	138	36	167	37	103	38	165	39	199	40	169	41	158	42	152	43	167	44	151	45	150	46	110	47	144	48	155	49	102	
	0	184	1	187	2	155	3	107	4	176	5	126	6	113	7	187	8	109	9	130	10	152	11	156	12	193	13	102	14	162	15	103	16	198	17	125	18	131	19	185	20	173	21	173	22	166	23	107	24	196	25	128	26	181	27	135	28	168	29	199	30	143	31	163	32	107	33	130	34	106	35	181	36	117	37	142	38	140	39	113	40	192	41	159	42	144	43	190	44	126	45	151	46	166	47	197	48	122	49	129	
	0	139	1	185	2	112	3	123	4	150	5	192	6	163	7	154	8	101	9	171	10	129	11	155	12	128	13	119	14	122	15	176	16	165	17	144	18	141	19	141	20	180	21	184	22	129	23	164	24	169	25	105	26	167	27	128	28	148	29	165	30	102	31	138	32	149	33	167	34	116	35	175	36	110	37	115	38	159	39	179	40	183	41	194	42	140	43	126	44	121	45	139	46	111	47	160	48	151	49	114	
	0	125	1	135	2	157	3	100	4	183	5	109	6	106	7	105	8	165	9	105	10	109	11	182	12	184	13	183	14	132	15	115	16	149	17	100	18	122	19	160	20	198	21	141	22	196	23	152	24	102	25	175	26	175	27	183	28	160	29	119	30	104	31	101	32	125	33	108	34	136	35	144	36	132	37	162	38	135	39	151	40	140	41	199	42	101	43	177	44	157	45	137	46	185	47	121	48	163	49	167	
	0	198	1	140	2	129	3	149	4	166	5	129	6	138	7	159	8	129	9	150	10	126	11	129	12	160	13	156	14	191	15	145	16	177	17	112	18	171	19	122	20	168	21	117	22	158	23	113	24	143	25	154	26	158	27	156	28	146	29	157	30	119	31	102	32	133	33	182	34	148	35	198	36	167	37	142	38	108	39	136	40	137	41	181	42	149	43	174	44	144	45	110	46	185	47	125	48	144	49	186	
	0	111	1	190	2	174	3	132	4	126	5	112	6	188	7	176	8	177	9	120	10	196	11	199	12	197	13	172	14	164	15	159	16	171	17	138	18	198	19	121	20	101	21	164	22	141	23	187	24	166	25	146	26	194	27	141	28	175	29	108	30	164	31	111	32	102	33	190	34	115	35	196	36	101	37	146	38	140	39	159	40	111	41	160	42	152	43	127	44	191	45	142	46	134	47	167	48	130	49	139	
	0	135	1	171	2	168	3	106	4	165	5	149	6	130	7	116	8	160	9	108	10	128	11	158	12	109	13	177	14	190	15	194	16	161	17	134	18	181	19	169	20	106	21	176	22	180	23	133	24	133	25	122	26	168	27	157	28	156	29	177	30	181	31	114	32	102	33	145	34	138	35	199	36	170	37	106	38	172	39	117	40	137	41	174	42	152	43	160	44	137	45	124	46	160	47	177	48	135	49	144	
	0	121	1	128	2	179	3	178	4	111	5	151	6	103	7	142	8	165	9	194	10	190	11	157	12	195	13	183	14	156	15	125	16	118	17	162	18	128	19	131	20	123	21	169	22	121	23	101	24	164	25	185	26	126	27	108	28	156	29	120	30	129	31	148	32	170	33	116	34	135	35	167	36	190	37	122	38	162	39	108	40	128	41	176	42	119	43	160	44	106	45	141	46	155	47	108	48	176	49	107	
	0	182	1	139	2	127	3	120	4	136	5	156	6	115	7	141	8	137	9	127	10	178	11	135	12	195	13	112	14	115	15	108	16	149	17	180	18	160	19	186	20	158	21	100	22	197	23	132	24	185	25	130	26	192	27	186	28	133	29	119	30	173	31	178	32	154	33	199	34	119	35	133	36	155	37	135	38	150	39	165	40	137	41	112	42	182	43	154	44	109	45	169	46	125	47	128	48	110	49	103	
	0	156	1	186	2	124	3	127	4	198	5	101	6	181	7	122	8	159	9	124	10	121	11	188	12	161	13	104	14	189	15	134	16	189	17	101	18	132	19	105	20	100	21	180	22	151	23	137	24	184	25	161	26	183	27	152	28	199	29	172	30	182	31	168	32	136	33	143	34	106	35	147	36	114	37	179	38	142	39	184	40	157	41	196	42	151	43	105	44	182	45	188	46	122	47	189	48	155	49	192	
	0	121	1	184	2	137	3	158	4	179	5	182	6	176	7	119	8	154	9	183	10	189	11	112	12	108	13	182	14	130	15	113	16	194	17	118	18	114	19	182	20	106	21	182	22	163	23	150	24	171	25	188	26	138	27	186	28	143	29	131	30	135	31	118	32	169	33	199	34	154	35	155	36	168	37	112	38	193	39	181	40	153	41	168	42	160	43	197	44	133	45	106	46	155	47	100	48	167	49	198	
	0	180	1	122	2	113	3	105	4	189	5	101	6	101	7	127	8	169	9	139	10	157	11	101	12	175	13	155	14	188	15	102	16	186	17	188	18	175	19	130	20	141	21	183	22	120	23	102	24	143	25	186	26	197	27	107	28	199	29	159	30	109	31	164	32	160	33	172	34	121	35	172	36	191	37	162	38	142	39	196	40	182	41	157	42	107	43	175	44	164	45	118	46	154	47	141	48	186	49	128	
	0	180	1	177	2	187	3	185	4	135	5	140	6	199	7	132	8	155	9	150	10	199	11	183	12	140	13	109	14	188	15	135	16	124	17	124	18	173	19	106	20	157	21	141	22	101	23	170	24	162	25	108	26	122	27	100	28	135	29	176	30	177	31	115	32	118	33	101	34	142	35	186	36	154	37	160	38	123	39	198	40	184	41	130	42	152	43	104	44	153	45	127	46	155	47	104	48	179	49	124	
	0	139	1	182	2	181	3	121	4	135	5	158	6	166	7	137	8	117	9	101	10	196	11	111	12	160	13	110	14	150	15	101	16	171	17	147	18	157	19	196	20	143	21	124	22	135	23	140	24	137	25	162	26	130	27	188	28	186	29	122	30	185	31	126	32	133	33	153	34	108	35	199	36	171	37	159	38	194	39	177	40	145	41	185	42	119	43	106	44	153	45	132	46	168	47	118	48	138	49	124	
	0	105	1	178	2	128	3	174	4	197	5	107	6	185	7	105	8	157	9	107	10	159	11	136	12	119	13	150	14	178	15	193	16	181	17	177	18	129	19	111	20	131	21	124	22	109	23	175	24	182	25	109	26	175	27	125	28	199	29	187	30	131	31	169	32	192	33	173	34	125	35	128	36	150	37	156	38	184	39	132	40	173	41	191	42	154	43	109	44	121	45	157	46	164	47	132	48	117	49	158	
	0	178	1	166	2	101	3	103	4	103	5	116	6	180	7	185	8	167	9	169	10	164	11	132	12	126	13	194	14	184	15	141	16	167	17	119	18	118	19	103	20	181	21	184	22	114	23	146	24	126	25	158	26	102	27	102	28	169	29	152	30	146	31	190	32	198	33	130	34	167	35	198	36	130	37	140	38	145	39	192	40	127	41	113	42	103	43	135	44	171	45	186	46	188	47	197	48	109	49	106	
	0	128	1	143	2	154	3	181	4	188	5	199	6	155	7	165	8	191	9	130	10	183	11	129	12	186	13	168	14	131	15	197	16	186	17	164	18	193	19	135	20	189	21	107	22	195	23	156	24	115	25	129	26	110	27	158	28	152	29	131	30	128	31	142	32	169	33	172	34	153	35	151	36	103	37	121	38	186	39	161	40	143	41	129	42	128	43	141	44	159	45	162	46	112	47	142	48	182	49	106	
	0	129	1	129	2	121	3	170	4	170	5	150	6	137	7	149	8	191	9	134	10	101	11	134	12	150	13	117	14	184	15	139	16	136	17	197	18	124	19	146	20	186	21	123	22	156	23	154	24	121	25	198	26	119	27	163	28	126	29	197	30	122	31	175	32	187	33	165	34	143	35	113	36	144	37	151	38	117	39	160	40	153	41	170	42	105	43	134	44	106	45	177	46	134	47	100	48	145	49	117	
	0	177	1	113	2	135	3	165	4	184	5	165	6	122	7	105	8	161	9	151	10	123	11	167	12	171	13	108	14	109	15	104	16	129	17	145	18	198	19	140	20	114	21	129	22	194	23	125	24	198	25	139	26	197	27	190	28	147	29	174	30	121	31	161	32	188	33	166	34	198	35	121	36	119	37	147	38	199	39	194	40	186	41	186	42	103	43	115	44	185	45	113	46	128	47	166	48	122	49	136	
	0	159	1	136	2	121	3	170	4	124	5	153	6	187	7	193	8	149	9	134	10	123	11	141	12	148	13	142	14	112	15	124	16	178	17	174	18	126	19	108	20	160	21	185	22	156	23	112	24	180	25	121	26	135	27	152	28	192	29	183	30	166	31	119	32	183	33	104	34	150	35	159	36	149	37	192	38	108	39	180	40	178	41	171	42	129	43	166	44	154	45	123	46	117	47	105	48	136	49	197	
	0	165	1	159	2	105	3	117	4	148	5	189	6	153	7	125	8	186	9	144	10	105	11	163	12	109	13	115	14	151	15	118	16	188	17	105	18	187	19	198	20	197	21	144	22	171	23	148	24	106	25	105	26	179	27	122	28	175	29	136	30	103	31	169	32	152	33	185	34	154	35	116	36	111	37	193	38	139	39	112	40	146	41	123	42	115	43	105	44	199	45	194	46	135	47	196	48	120	49	163	
	0	115	1	145	2	114	3	165	4	120	5	101	6	173	7	109	8	147	9	185	10	183	11	137	12	168	13	158	14	138	15	105	16	134	17	168	18	148	19	188	20	160	21	185	22	198	23	141	24	109	25	174	26	181	27	106	28	121	29	189	30	169	31	118	32	157	33	183	34	179	35	143	36	198	37	199	38	163	39	107	40	117	41	121	42	139	43	180	44	146	45	136	46	132	47	144	48	147	49	145	
	0	175	1	162	2	104	3	172	4	143	5	135	6	141	7	178	8	197	9	133	10	155	11	174	12	161	13	118	14	137	15	182	16	165	17	138	18	120	19	173	20	144	21	182	22	139	23	134	24	137	25	145	26	109	27	152	28	190	29	161	30	143	31	173	32	104	33	195	34	173	35	110	36	152	37	121	38	185	39	109	40	101	41	189	42	169	43	166	44	141	45	150	46	131	47	192	48	107	49	122	
	0	122	1	143	2	191	3	123	4	167	5	171	6	180	7	144	8	182	9	197	10	151	11	165	12	191	13	110	14	175	15	179	16	122	17	190	18	179	19	106	20	123	21	130	22	100	23	116	24	138	25	181	26	188	27	142	28	139	29	125	30	153	31	187	32	133	33	178	34	161	35	117	36	195	37	157	38	144	39	121	40	124	41	111	42	140	43	123	44	124	45	165	46	189	47	139	48	176	49	116	
	0	134	1	130	2	181	3	178	4	130	5	144	6	142	7	171	8	108	9	156	10	105	11	195	12	147	13	154	14	181	15	153	16	122	17	185	18	109	19	133	20	125	21	152	22	132	23	198	24	156	25	116	26	156	27	122	28	144	29	185	30	137	31	196	32	177	33	183	34	136	35	173	36	108	37	131	38	178	39	149	40	186	41	185	42	192	43	160	44	193	45	109	46	116	47	148	48	105	49	191	
	0	138	1	112	2	144	3	121	4	176	5	139	6	148	7	179	8	172	9	173	10	146	11	122	12	181	13	167	14	117	15	178	16	101	17	119	18	148	19	135	20	177	21	146	22	117	23	167	24	126	25	149	26	163	27	121	28	117	29	127	30	159	31	146	32	138	33	121	34	163	35	196	36	119	37	177	38	156	39	185	40	180	41	173	42	194	43	154	44	171	45	136	46	118	47	185	48	174	49	183	
	0	136	1	107	2	112	3	154	4	147	5	134	6	189	7	134	8	178	9	194	10	149	11	171	12	184	13	146	14	121	15	194	16	168	17	190	18	107	19	140	20	155	21	186	22	140	23	136	24	132	25	178	26	131	27	151	28	176	29	188	30	136	31	119	32	190	33	158	34	106	35	105	36	133	37	141	38	110	39	119	40	116	41	105	42	138	43	198	44	179	45	148	46	107	47	197	48	170	49	105	
	0	196	1	173	2	147	3	117	4	103	5	192	6	176	7	124	8	141	9	125	10	158	11	110	12	146	13	141	14	188	15	122	16	155	17	136	18	178	19	177	20	138	21	187	22	183	23	168	24	199	25	115	26	149	27	180	28	140	29	100	30	173	31	134	32	102	33	187	34	173	35	126	36	183	37	174	38	115	39	193	40	166	41	193	42	197	43	144	44	150	45	122	46	141	47	106	48	184	49	126	
	0	124	1	197	2	143	3	131	4	186	5	140	6	165	7	175	8	130	9	177	10	116	11	155	12	149	13	129	14	134	15	158	16	176	17	118	18	191	19	129	20	119	21	150	22	126	23	147	24	148	25	197	26	163	27	129	28	121	29	173	30	148	31	191	32	172	33	142	34	154	35	167	36	101	37	150	38	119	39	164	40	101	41	131	42	170	43	112	44	182	45	179	46	108	47	106	48	154	49	161	
	0	182	1	158	2	194	3	137	4	148	5	151	6	116	7	130	8	137	9	184	10	197	11	137	12	172	13	136	14	117	15	140	16	127	17	179	18	136	19	172	20	158	21	129	22	111	23	147	24	140	25	105	26	128	27	106	28	175	29	188	30	148	31	170	32	142	33	186	34	127	35	164	36	156	37	186	38	185	39	107	40	199	41	157	42	151	43	101	44	135	45	116	46	144	47	181	48	138	49	127	
	0	112	1	120	2	125	3	110	4	136	5	149	6	168	7	131	8	196	9	119	10	111	11	131	12	153	13	150	14	169	15	179	16	126	17	113	18	195	19	171	20	158	21	159	22	118	23	193	24	137	25	113	26	189	27	163	28	161	29	172	30	122	31	106	32	183	33	184	34	124	35	196	36	103	37	172	38	152	39	174	40	177	41	107	42	140	43	155	44	118	45	108	46	148	47	177	48	127	49	122	
	0	192	1	150	2	133	3	106	4	147	5	128	6	194	7	189	8	131	9	161	10	119	11	131	12	137	13	181	14	147	15	150	16	140	17	130	18	105	19	193	20	174	21	158	22	155	23	144	24	187	25	117	26	119	27	137	28	123	29	174	30	110	31	121	32	147	33	143	34	143	35	113	36	132	37	157	38	158	39	145	40	112	41	151	42	147	43	146	44	105	45	124	46	175	47	136	48	196	49	152	
	0	166	1	139	2	115	3	115	4	126	5	128	6	160	7	160	8	119	9	108	10	110	11	184	12	152	13	168	14	165	15	175	16	119	17	139	18	118	19	134	20	137	21	161	22	125	23	116	24	145	25	182	26	144	27	119	28	191	29	196	30	133	31	142	32	101	33	187	34	183	35	124	36	182	37	165	38	106	39	164	40	147	41	194	42	169	43	124	44	143	45	126	46	170	47	137	48	155	49	166	
	0	161	1	197	2	119	3	113	4	157	5	100	6	156	7	195	8	132	9	133	10	127	11	113	12	150	13	189	14	143	15	100	16	186	17	134	18	159	19	173	20	109	21	137	22	131	23	194	24	188	25	138	26	169	27	118	28	156	29	122	30	179	31	127	32	121	33	167	34	117	35	101	36	120	37	180	38	157	39	104	40	195	41	139	42	108	43	110	44	135	45	108	46	143	47	199	48	188	49	113	
	0	106	1	110	2	150	3	156	4	182	5	189	6	103	7	174	8	181	9	182	10	181	11	188	12	169	13	196	14	190	15	156	16	161	17	129	18	115	19	143	20	104	21	165	22	135	23	161	24	136	25	133	26	153	27	103	28	143	29	167	30	173	31	124	32	162	33	102	34	160	35	156	36	129	37	150	38	129	39	155	40	171	41	193	42	173	43	161	44	123	45	105	46	132	47	167	48	161	49	185	
	0	161	1	173	2	164	3	196	4	133	5	183	6	181	7	157	8	167	9	167	10	128	11	149	12	117	13	117	14	147	15	191	16	143	17	161	18	188	19	190	20	112	21	122	22	172	23	102	24	151	25	148	26	154	27	177	28	158	29	121	30	160	31	129	32	191	33	154	34	154	35	166	36	101	37	109	38	142	39	186	40	122	41	159	42	109	43	129	44	179	45	178	46	185	47	103	48	192	49	124	
	0	186	1	197	2	198	3	139	4	138	5	175	6	155	7	194	8	197	9	109	10	186	11	114	12	190	13	121	14	160	15	179	16	146	17	181	18	187	19	198	20	103	21	187	22	169	23	107	24	156	25	142	26	149	27	124	28	156	29	117	30	106	31	192	32	148	33	166	34	177	35	142	36	187	37	199	38	142	39	102	40	165	41	128	42	198	43	162	44	183	45	118	46	173	47	167	48	147	49	185	
	0	195	1	159	2	160	3	154	4	189	5	151	6	182	7	128	8	125	9	126	10	116	11	112	12	174	13	153	14	138	15	181	16	139	17	195	18	161	19	126	20	171	21	156	22	186	23	187	24	152	25	165	26	184	27	154	28	181	29	138	30	102	31	141	32	108	33	148	34	197	35	194	36	104	37	136	38	138	39	180	40	180	41	106	42	173	43	174	44	151	45	187	46	199	47	171	48	113	49	189	
	0	126	1	164	2	183	3	192	4	175	5	165	6	106	7	170	8	119	9	186	10	196	11	104	12	191	13	106	14	120	15	101	16	175	17	123	18	173	19	137	20	142	21	150	22	167	23	190	24	128	25	158	26	146	27	103	28	160	29	180	30	163	31	105	32	169	33	161	34	153	35	119	36	153	37	107	38	177	39	150	40	110	41	182	42	107	43	166	44	177	45	176	46	173	47	197	48	184	49	113	
	0	121	1	122	2	159	3	125	4	112	5	187	6	144	7	180	8	157	9	192	10	145	11	159	12	157	13	195	14	186	15	196	16	189	17	159	18	195	19	128	20	157	21	173	22	100	23	175	24	137	25	115	26	149	27	105	28	153	29	170	30	190	31	196	32	138	33	123	34	192	35	113	36	152	37	141	38	113	39	108	40	119	41	158	42	121	43	120	44	103	45	114	46	130	47	143	48	112	49	175	
	0	159	1	141	2	134	3	199	4	165	5	143	6	142	7	156	8	195	9	116	10	194	11	198	12	168	13	188	14	172	15	129	16	163	17	191	18	147	19	144	20	107	21	181	22	149	23	113	24	181	25	156	26	173	27	100	28	183	29	161	30	109	31	100	32	171	33	117	34	108	35	104	36	109	37	171	38	151	39	179	40	126	41	187	42	137	43	138	44	102	45	105	46	142	47	183	48	189	49	151	
	0	101	1	175	2	162	3	133	4	146	5	150	6	116	7	143	8	115	9	191	10	103	11	138	12	105	13	192	14	175	15	109	16	111	17	155	18	125	19	144	20	199	21	142	22	199	23	166	24	151	25	197	26	140	27	107	28	104	29	150	30	125	31	176	32	149	33	199	34	179	35	183	36	147	37	184	38	135	39	136	40	164	41	120	42	141	43	187	44	171	45	170	46	145	47	197	48	179	49	185	
	0	135	1	148	2	195	3	172	4	121	5	162	6	198	7	133	8	175	9	118	10	199	11	160	12	188	13	171	14	149	15	100	16	176	17	143	18	138	19	120	20	158	21	156	22	106	23	179	24	117	25	170	26	171	27	150	28	138	29	124	30	115	31	182	32	117	33	129	34	142	35	166	36	161	37	179	38	127	39	104	40	189	41	194	42	158	43	107	44	134	45	139	46	160	47	114	48	119	49	129	
	0	166	1	132	2	105	3	174	4	115	5	163	6	143	7	140	8	146	9	117	10	161	11	138	12	129	13	177	14	197	15	133	16	137	17	103	18	135	19	108	20	102	21	151	22	132	23	119	24	113	25	111	26	150	27	101	28	145	29	192	30	111	31	161	32	160	33	142	34	139	35	131	36	168	37	182	38	191	39	161	40	127	41	105	42	180	43	116	44	143	45	100	46	189	47	186	48	179	49	167	
	0	155	1	177	2	158	3	117	4	119	5	121	6	181	7	106	8	121	9	140	10	189	11	188	12	196	13	143	14	195	15	177	16	121	17	107	18	118	19	162	20	102	21	121	22	187	23	125	24	108	25	110	26	174	27	133	28	177	29	126	30	196	31	138	32	156	33	159	34	197	35	104	36	170	37	189	38	126	39	186	40	119	41	189	42	173	43	148	44	130	45	187	46	128	47	138	48	122	49	120	
	0	135	1	100	2	146	3	164	4	177	5	102	6	153	7	111	8	111	9	165	10	115	11	135	12	189	13	173	14	179	15	114	16	154	17	170	18	141	19	113	20	146	21	174	22	171	23	104	24	111	25	133	26	165	27	189	28	170	29	119	30	128	31	193	32	140	33	168	34	129	35	191	36	101	37	110	38	158	39	152	40	184	41	124	42	120	43	136	44	193	45	119	46	135	47	165	48	108	49	108	
	0	117	1	166	2	120	3	146	4	198	5	116	6	172	7	110	8	158	9	110	10	121	11	115	12	112	13	128	14	177	15	125	16	150	17	124	18	176	19	168	20	148	21	168	22	198	23	185	24	129	25	164	26	101	27	168	28	113	29	157	30	168	31	178	32	168	33	196	34	193	35	179	36	184	37	137	38	172	39	101	40	172	41	144	42	118	43	167	44	109	45	109	46	178	47	112	48	133	49	100	
	0	117	1	132	2	122	3	132	4	161	5	174	6	137	7	181	8	160	9	128	10	101	11	137	12	191	13	152	14	112	15	192	16	179	17	168	18	152	19	172	20	183	21	164	22	118	23	128	24	160	25	188	26	101	27	161	28	138	29	117	30	194	31	131	32	125	33	194	34	133	35	183	36	157	37	173	38	107	39	190	40	126	41	108	42	119	43	174	44	135	45	117	46	132	47	180	48	177	49	149	
	0	151	1	109	2	109	3	132	4	146	5	130	6	172	7	199	8	141	9	140	10	159	11	172	12	162	13	194	14	143	15	131	16	165	17	198	18	181	19	151	20	186	21	102	22	104	23	155	24	114	25	139	26	149	27	110	28	155	29	157	30	128	31	138	32	117	33	147	34	153	35	181	36	107	37	143	38	193	39	127	40	160	41	173	42	168	43	169	44	175	45	167	46	107	47	166	48	110	49	112	
	0	123	1	135	2	143	3	167	4	121	5	109	6	154	7	101	8	177	9	191	10	152	11	164	12	127	13	156	14	153	15	150	16	189	17	102	18	178	19	153	20	187	21	109	22	151	23	184	24	152	25	103	26	167	27	164	28	190	29	112	30	143	31	102	32	146	33	135	34	147	35	132	36	154	37	103	38	101	39	159	40	175	41	192	42	160	43	119	44	119	45	186	46	112	47	171	48	144	49	173	
	0	105	1	161	2	147	3	128	4	182	5	126	6	117	7	199	8	141	9	175	10	104	11	103	12	113	13	143	14	109	15	145	16	175	17	125	18	146	19	144	20	173	21	142	22	171	23	129	24	120	25	116	26	171	27	124	28	154	29	106	30	153	31	100	32	154	33	124	34	116	35	156	36	192	37	183	38	105	39	189	40	145	41	130	42	171	43	141	44	139	45	192	46	130	47	178	48	133	49	130	
	0	153	1	132	2	175	3	166	4	145	5	125	6	113	7	121	8	195	9	187	10	134	11	194	12	165	13	184	14	136	15	108	16	143	17	185	18	174	19	134	20	197	21	153	22	199	23	179	24	157	25	130	26	190	27	141	28	187	29	174	30	163	31	107	32	100	33	151	34	198	35	178	36	164	37	189	38	106	39	192	40	128	41	130	42	117	43	156	44	125	45	152	46	138	47	114	48	163	49	123	
	0	128	1	148	2	129	3	142	4	107	5	156	6	198	7	124	8	182	9	101	10	125	11	148	12	128	13	184	14	114	15	126	16	119	17	174	18	166	19	177	20	115	21	183	22	197	23	189	24	151	25	199	26	163	27	162	28	187	29	103	30	116	31	159	32	142	33	132	34	165	35	118	36	182	37	191	38	109	39	181	40	194	41	152	42	192	43	174	44	132	45	125	46	160	47	112	48	146	49	119	
	0	169	1	181	2	112	3	136	4	199	5	184	6	187	7	196	8	188	9	120	10	144	11	101	12	183	13	100	14	127	15	159	16	113	17	131	18	194	19	122	20	190	21	164	22	195	23	115	24	168	25	174	26	140	27	174	28	105	29	177	30	158	31	113	32	159	33	172	34	165	35	102	36	153	37	188	38	154	39	146	40	172	41	119	42	154	43	102	44	111	45	199	46	199	47	196	48	193	49	198	
	0	189	1	144	2	198	3	197	4	173	5	166	6	109	7	181	8	114	9	179	10	185	11	122	12	136	13	159	14	166	15	180	16	150	17	140	18	131	19	164	20	127	21	186	22	111	23	103	24	138	25	104	26	157	27	167	28	128	29	124	30	181	31	102	32	186	33	108	34	168	35	173	36	191	37	140	38	139	39	142	40	196	41	188	42	165	43	122	44	180	45	161	46	179	47	135	48	120	49	112	
	0	114	1	168	2	192	3	171	4	184	5	136	6	142	7	141	8	176	9	199	10	176	11	147	12	124	13	153	14	129	15	176	16	117	17	115	18	142	19	149	20	134	21	187	22	136	23	133	24	128	25	109	26	129	27	144	28	170	29	185	30	177	31	101	32	149	33	165	34	170	35	154	36	153	37	157	38	132	39	148	40	120	41	190	42	111	43	195	44	176	45	189	46	131	47	195	48	127	49	103	
	0	166	1	187	2	125	3	142	4	132	5	166	6	171	7	195	8	180	9	104	10	175	11	176	12	159	13	163	14	117	15	162	16	140	17	199	18	129	19	191	20	119	21	112	22	130	23	145	24	163	25	131	26	139	27	147	28	170	29	145	30	177	31	178	32	147	33	135	34	178	35	164	36	119	37	159	38	125	39	121	40	121	41	144	42	194	43	118	44	141	45	113	46	129	47	159	48	192	49	169	
	0	163	1	182	2	175	3	179	4	106	5	142	6	133	7	165	8	103	9	107	10	180	11	113	12	145	13	126	14	196	15	123	16	147	17	177	18	114	19	192	20	134	21	198	22	199	23	137	24	183	25	160	26	119	27	153	28	194	29	112	30	107	31	120	32	149	33	146	34	101	35	180	36	190	37	188	38	128	39	161	40	170	41	116	42	175	43	129	44	103	45	101	46	113	47	179	48	118	49	153	
	0	151	1	145	2	171	3	118	4	143	5	118	6	106	7	134	8	198	9	158	10	106	11	170	12	125	13	165	14	117	15	102	16	159	17	154	18	156	19	128	20	174	21	192	22	133	23	131	24	145	25	176	26	199	27	155	28	159	29	134	30	101	31	171	32	140	33	107	34	180	35	125	36	109	37	100	38	106	39	136	40	132	41	184	42	160	43	160	44	193	45	132	46	124	47	100	48	183	49	123	
	0	104	1	132	2	156	3	170	4	140	5	197	6	173	7	118	8	170	9	114	10	182	11	173	12	125	13	164	14	107	15	160	16	139	17	192	18	144	19	138	20	165	21	162	22	179	23	111	24	133	25	162	26	107	27	196	28	134	29	138	30	184	31	182	32	189	33	114	34	102	35	182	36	115	37	127	38	159	39	155	40	192	41	180	42	170	43	188	44	194	45	132	46	102	47	137	48	130	49	106	
	0	165	1	101	2	141	3	107	4	126	5	171	6	151	7	129	8	157	9	129	10	171	11	140	12	142	13	195	14	199	15	161	16	127	17	121	18	114	19	104	20	104	21	195	22	115	23	100	24	138	25	174	26	132	27	151	28	100	29	127	30	189	31	172	32	111	33	141	34	144	35	132	36	185	37	108	38	110	39	136	40	141	41	189	42	183	43	108	44	145	45	178	46	179	47	190	48	136	49	142	
	0	169	1	195	2	106	3	138	4	190	5	127	6	167	7	179	8	175	9	112	10	157	11	120	12	103	13	160	14	112	15	177	16	180	17	137	18	152	19	118	20	133	21	135	22	196	23	185	24	178	25	180	26	153	27	171	28	160	29	168	30	177	31	137	32	151	33	195	34	139	35	148	36	162	37	152	38	169	39	196	40	135	41	181	42	122	43	125	44	144	45	132	46	170	47	177	48	150	49	145	
	0	123	1	129	2	108	3	138	4	193	5	107	6	148	7	126	8	174	9	189	10	102	11	171	12	197	13	124	14	106	15	169	16	102	17	177	18	177	19	167	20	127	21	120	22	144	23	152	24	105	25	115	26	113	27	107	28	169	29	198	30	110	31	162	32	110	33	105	34	168	35	154	36	109	37	159	38	145	39	188	40	109	41	138	42	134	43	103	44	117	45	144	46	141	47	125	48	187	49	177	
	0	195	1	104	2	158	3	120	4	153	5	178	6	124	7	192	8	189	9	114	10	194	11	179	12	172	13	182	14	130	15	142	16	132	17	142	18	184	19	144	20	132	21	178	22	149	23	181	24	148	25	185	26	192	27	112	28	107	29	158	30	162	31	116	32	166	33	147	34	170	35	156	36	196	37	122	38	194	39	102	40	161	41	108	42	169	43	146	44	140	45	166	46	190	47	188	48	140	49	198	
	0	185	1	143	2	183	3	190	4	110	5	182	6	138	7	172	8	103	9	122	10	129	11	177	12	187	13	178	14	165	15	149	16	138	17	199	18	135	19	170	20	131	21	139	22	116	23	109	24	170	25	100	26	174	27	182	28	137	29	159	30	177	31	178	32	169	33	160	34	160	35	142	36	156	37	169	38	127	39	144	40	178	41	142	42	172	43	155	44	147	45	176	46	133	47	177	48	151	49	186	
	0	172	1	184	2	131	3	117	4	154	5	137	6	148	7	147	8	181	9	157	10	125	11	116	12	159	13	115	14	136	15	117	16	136	17	131	18	111	19	187	20	144	21	117	22	141	23	165	24	118	25	198	26	100	27	132	28	140	29	100	30	148	31	196	32	153	33	169	34	142	35	131	36	100	37	161	38	180	39	195	40	159	41	136	42	166	43	105	44	100	45	132	46	102	47	137	48	112	49	153	
	0	175	1	142	2	115	3	116	4	143	5	166	6	160	7	198	8	156	9	143	10	198	11	184	12	150	13	197	14	171	15	157	16	144	17	176	18	161	19	104	20	121	21	131	22	190	23	171	24	118	25	147	26	103	27	137	28	134	29	102	30	154	31	152	32	197	33	143	34	151	35	136	36	177	37	162	38	126	39	153	40	118	41	153	42	134	43	187	44	161	45	123	46	186	47	179	48	178	49	174	
	0	169	1	170	2	148	3	136	4	152	5	194	6	115	7	146	8	109	9	163	10	188	11	156	12	139	13	127	14	127	15	170	16	141	17	117	18	126	19	137	20	172	21	169	22	154	23	199	24	184	25	121	26	177	27	111	28	174	29	108	30	127	31	184	32	117	33	111	34	153	35	177	36	179	37	185	38	159	39	143	40	144	41	101	42	194	43	144	44	131	45	119	46	187	47	139	48	160	49	140	
	0	175	1	138	2	121	3	135	4	132	5	119	6	185	7	136	8	165	9	139	10	187	11	153	12	103	13	133	14	149	15	172	16	155	17	175	18	136	19	127	20	128	21	188	22	111	23	119	24	174	25	126	26	137	27	108	28	180	29	150	30	101	31	100	32	180	33	101	34	163	35	119	36	181	37	114	38	180	39	102	40	138	41	199	42	125	43	199	44	134	45	139	46	156	47	132	48	196	49	153	
	0	188	1	138	2	177	3	166	4	127	5	130	6	144	7	149	8	167	9	186	10	194	11	188	12	107	13	145	14	140	15	107	16	189	17	196	18	119	19	181	20	145	21	194	22	119	23	183	24	139	25	185	26	148	27	189	28	166	29	115	30	141	31	172	32	197	33	108	34	118	35	182	36	123	37	132	38	125	39	125	40	172	41	133	42	157	43	139	44	162	45	187	46	177	47	112	48	110	49	148	
	0	112	1	106	2	113	3	137	4	125	5	101	6	195	7	142	8	181	9	163	10	179	11	102	12	145	13	191	14	107	15	109	16	139	17	146	18	164	19	171	20	193	21	183	22	175	23	144	24	158	25	180	26	171	27	155	28	112	29	183	30	147	31	133	32	187	33	163	34	159	35	133	36	164	37	128	38	143	39	181	40	102	41	169	42	120	43	112	44	150	45	151	46	100	47	155	48	101	49	188	
	0	101	1	159	2	140	3	163	4	138	5	136	6	184	7	168	8	161	9	176	10	172	11	104	12	185	13	148	14	136	15	126	16	100	17	132	18	144	19	162	20	133	21	167	22	182	23	122	24	169	25	129	26	193	27	147	28	139	29	180	30	122	31	150	32	134	33	106	34	169	35	188	36	163	37	105	38	170	39	153	40	129	41	130	42	119	43	161	44	198	45	189	46	127	47	169	48	111	49	153	
	0	192	1	199	2	167	3	188	4	120	5	188	6	101	7	149	8	177	9	184	10	104	11	185	12	196	13	114	14	116	15	194	16	109	17	195	18	103	19	187	20	170	21	161	22	142	23	142	24	105	25	119	26	199	27	163	28	144	29	118	30	184	31	161	32	184	33	124	34	190	35	163	36	122	37	150	38	140	39	145	40	119	41	102	42	190	43	134	44	142	45	118	46	158	47	170	48	156	49	159	
	0	174	1	185	2	139	3	166	4	140	5	103	6	140	7	153	8	104	9	163	10	192	11	191	12	172	13	103	14	142	15	109	16	138	17	126	18	183	19	164	20	186	21	112	22	115	23	184	24	159	25	131	26	136	27	152	28	169	29	103	30	137	31	161	32	197	33	133	34	125	35	118	36	108	37	173	38	138	39	104	40	161	41	113	42	133	43	142	44	115	45	183	46	132	47	149	48	119	49	127	
	0	112	1	134	2	112	3	154	4	164	5	146	6	149	7	187	8	142	9	127	10	124	11	119	12	105	13	176	14	189	15	105	16	189	17	135	18	178	19	100	20	196	21	195	22	170	23	149	24	129	25	141	26	147	27	165	28	191	29	176	30	173	31	147	32	179	33	168	34	154	35	160	36	131	37	162	38	149	39	120	40	145	41	142	42	187	43	192	44	196	45	169	46	181	47	157	48	169	49	111	
	0	152	1	105	2	165	3	124	4	191	5	119	6	119	7	163	8	163	9	142	10	146	11	179	12	108	13	161	14	142	15	154	16	151	17	153	18	144	19	105	20	120	21	112	22	103	23	131	24	179	25	142	26	169	27	107	28	140	29	147	30	195	31	140	32	180	33	151	34	178	35	159	36	147	37	110	38	115	39	195	40	176	41	153	42	118	43	166	44	156	45	155	46	196	47	120	48	179	49	185	
	0	198	1	185	2	120	3	167	4	162	5	133	6	103	7	171	8	169	9	119	10	154	11	145	12	122	13	144	14	178	15	122	16	139	17	129	18	196	19	100	20	114	21	135	22	164	23	158	24	111	25	132	26	157	27	107	28	157	29	115	30	159	31	104	32	150	33	102	34	162	35	151	36	109	37	107	38	144	39	149	40	167	41	181	42	190	43	192	44	166	45	185	46	117	47	187	48	159	49	133	
	0	192	1	134	2	178	3	134	4	154	5	165	6	136	7	118	8	178	9	170	10	169	11	169	12	130	13	167	14	140	15	131	16	190	17	174	18	108	19	123	20	149	21	163	22	116	23	104	24	106	25	112	26	187	27	165	28	153	29	117	30	155	31	136	32	121	33	183	34	109	35	128	36	127	37	103	38	134	39	135	40	193	41	120	42	140	43	139	44	188	45	133	46	187	47	105	48	103	49	114	
	0	175	1	184	2	119	3	150	4	144	5	196	6	128	7	145	8	197	9	175	10	115	11	156	12	106	13	106	14	141	15	106	16	109	17	177	18	178	19	159	20	117	21	108	22	100	23	185	24	154	25	157	26	198	27	194	28	188	29	199	30	147	31	160	32	130	33	142	34	141	35	120	36	155	37	158	38	194	39	103	40	121	41	163	42	106	43	172	44	154	45	186	46	149	47	122	48	140	49	189	
	0	140	1	117	2	168	3	152	4	160	5	172	6	112	7	187	8	111	9	174	10	154	11	114	12	157	13	163	14	190	15	189	16	119	17	123	18	124	19	174	20	162	21	141	22	182	23	160	24	190	25	118	26	169	27	176	28	185	29	120	30	197	31	195	32	176	33	186	34	148	35	112	36	165	37	154	38	101	39	130	40	160	41	198	42	151	43	141	44	152	45	170	46	137	47	121	48	101	49	162	
	0	196	1	139	2	173	3	196	4	143	5	144	6	156	7	141	8	171	9	137	10	117	11	128	12	192	13	173	14	154	15	105	16	137	17	191	18	123	19	107	20	188	21	124	22	112	23	149	24	105	25	141	26	154	27	136	28	177	29	114	30	117	31	126	32	182	33	153	34	191	35	152	36	186	37	182	38	107	39	125	40	158	41	109	42	137	43	130	44	178	45	106	46	175	47	130	48	198	49	186	
	0	134	1	115	2	147	3	166	4	140	5	156	6	144	7	165	8	145	9	186	10	181	11	148	12	136	13	138	14	103	15	190	16	144	17	164	18	170	19	162	20	140	21	102	22	171	23	147	24	145	25	121	26	125	27	150	28	166	29	138	30	140	31	105	32	126	33	165	34	154	35	161	36	123	37	177	38	193	39	158	40	142	41	104	42	105	43	143	44	104	45	182	46	131	47	103	48	188	49	114	
	0	136	1	184	2	186	3	185	4	105	5	124	6	128	7	142	8	187	9	185	10	124	11	175	12	127	13	158	14	131	15	119	16	119	17	131	18	189	19	146	20	140	21	132	22	129	23	169	24	153	25	159	26	108	27	170	28	145	29	162	30	167	31	120	32	158	33	116	34	106	35	173	36	174	37	103	38	132	39	177	40	119	41	163	42	180	43	115	44	146	45	172	46	169	47	115	48	191	49	194	
	0	147	1	186	2	121	3	118	4	190	5	127	6	170	7	136	8	197	9	155	10	114	11	147	12	124	13	123	14	122	15	102	16	131	17	131	18	135	19	125	20	135	21	186	22	133	23	117	24	118	25	166	26	190	27	177	28	135	29	162	30	147	31	116	32	172	33	170	34	123	35	168	36	157	37	136	38	102	39	126	40	198	41	184	42	194	43	193	44	125	45	195	46	110	47	102	48	169	49	185	
	0	164	1	165	2	107	3	157	4	169	5	141	6	111	7	138	8	114	9	117	10	139	11	199	12	138	13	179	14	168	15	149	16	159	17	163	18	158	19	177	20	183	21	133	22	128	23	133	24	117	25	161	26	140	27	167	28	104	29	136	30	165	31	101	32	136	33	160	34	118	35	185	36	131	37	184	38	102	39	101	40	127	41	138	42	123	43	152	44	196	45	161	46	132	47	139	48	156	49	111	
	0	181	1	178	2	152	3	117	4	157	5	151	6	142	7	103	8	163	9	109	10	151	11	196	12	138	13	170	14	184	15	133	16	145	17	131	18	108	19	138	20	120	21	110	22	129	23	185	24	121	25	151	26	137	27	144	28	148	29	164	30	112	31	127	32	182	33	178	34	141	35	158	36	176	37	168	38	185	39	109	40	152	41	103	42	199	43	118	44	180	45	181	46	159	47	129	48	117	49	199	
	0	150	1	107	2	128	3	174	4	128	5	152	6	179	7	157	8	109	9	142	10	194	11	169	12	168	13	140	14	116	15	107	16	186	17	165	18	191	19	130	20	120	21	198	22	184	23	122	24	197	25	170	26	140	27	157	28	122	29	159	30	104	31	137	32	127	33	187	34	154	35	131	36	143	37	171	38	154	39	150	40	113	41	129	42	113	43	121	44	167	45	129	46	165	47	103	48	171	49	108	
	0	190	1	181	2	161	3	124	4	127	5	173	6	151	7	112	8	114	9	166	10	165	11	168	12	111	13	172	14	162	15	191	16	171	17	179	18	155	19	197	20	198	21	197	22	151	23	104	24	102	25	144	26	147	27	139	28	123	29	166	30	105	31	144	32	137	33	179	34	156	35	195	36	161	37	130	38	159	39	104	40	165	41	196	42	148	43	132	44	105	45	170	46	119	47	101	48	194	49	157	
	0	127	1	167	2	103	3	171	4	157	5	182	6	171	7	102	8	185	9	129	10	140	11	174	12	183	13	122	14	137	15	126	16	179	17	164	18	182	19	151	20	152	21	150	22	105	23	123	24	146	25	190	26	196	27	101	28	126	29	146	30	172	31	134	32	133	33	112	34	189	35	128	36	138	37	117	38	112	39	136	40	192	41	104	42	186	43	138	44	132	45	168	46	170	47	137	48	108	49	103	
	0	102	1	153	2	146	3	131	4	174	5	124	6	195	7	130	8	151	9	165	10	172	11	147	12	120	13	193	14	194	15	177	16	152	17	128	18	122	19	180	20	183	21	177	22	129	23	163	24	138	25	101	26	142	27	151	28	198	29	177	30	175	31	119	32	129	33	128	34	181	35	169	36	141	37	130	38	101	39	173	40	117	41	156	42	159	43	170	44	123	45	170	46	141	47	121	48	147	49	143	
	0	153	1	147	2	183	3	193	4	192	5	191	6	124	7	128	8	133	9	196	10	107	11	101	12	146	13	160	14	142	15	139	16	185	17	113	18	174	19	102	20	190	21	175	22	128	23	128	24	197	25	129	26	191	27	113	28	124	29	137	30	100	31	128	32	136	33	185	34	197	35	181	36	169	37	123	38	120	39	111	40	191	41	157	42	101	43	165	44	159	45	100	46	147	47	188	48	107	49	112	
	0	163	1	167	2	135	3	147	4	166	5	175	6	193	7	126	8	135	9	115	10	188	11	108	12	134	13	193	14	145	15	184	16	107	17	180	18	155	19	192	20	150	21	153	22	109	23	100	24	139	25	173	26	162	27	156	28	134	29	137	30	153	31	124	32	143	33	177	34	163	35	102	36	101	37	127	38	191	39	191	40	184	41	179	42	164	43	155	44	180	45	192	46	118	47	147	48	141	49	174	
	0	194	1	105	2	117	3	191	4	152	5	191	6	181	7	190	8	144	9	106	10	105	11	175	12	197	13	186	14	123	15	116	16	151	17	151	18	195	19	104	20	115	21	110	22	149	23	161	24	173	25	110	26	115	27	158	28	178	29	134	30	185	31	191	32	144	33	151	34	151	35	102	36	147	37	196	38	112	39	134	40	129	41	182	42	110	43	121	44	166	45	147	46	173	47	132	48	187	49	143	
	0	189	1	152	2	137	3	117	4	195	5	142	6	183	7	100	8	119	9	198	10	121	11	193	12	142	13	160	14	139	15	130	16	155	17	107	18	122	19	185	20	195	21	128	22	149	23	151	24	154	25	181	26	100	27	153	28	109	29	190	30	126	31	137	32	187	33	181	34	114	35	106	36	180	37	180	38	133	39	169	40	173	41	145	42	199	43	120	44	113	45	180	46	148	47	125	48	172	49	197	
	0	117	1	192	2	131	3	157	4	187	5	182	6	153	7	189	8	191	9	174	10	186	11	165	12	125	13	130	14	137	15	180	16	100	17	163	18	103	19	134	20	181	21	166	22	199	23	120	24	168	25	139	26	192	27	155	28	174	29	152	30	152	31	171	32	148	33	196	34	107	35	119	36	152	37	150	38	179	39	198	40	120	41	156	42	140	43	166	44	192	45	165	46	147	47	141	48	185	49	123	
	0	105	1	165	2	136	3	155	4	121	5	137	6	116	7	158	8	139	9	130	10	146	11	172	12	121	13	124	14	115	15	136	16	163	17	101	18	124	19	132	20	184	21	168	22	165	23	137	24	191	25	184	26	194	27	147	28	168	29	168	30	144	31	185	32	149	33	187	34	133	35	199	36	177	37	184	38	124	39	165	40	189	41	140	42	156	43	113	44	116	45	177	46	199	47	170	48	176	49	163	
	0	166	1	172	2	120	3	182	4	180	5	175	6	105	7	115	8	168	9	123	10	142	11	164	12	153	13	175	14	180	15	114	16	194	17	183	18	146	19	199	20	191	21	180	22	178	23	117	24	135	25	190	26	129	27	178	28	134	29	145	30	174	31	101	32	131	33	156	34	199	35	182	36	124	37	132	38	131	39	147	40	182	41	198	42	124	43	186	44	153	45	188	46	129	47	109	48	171	49	178	
	0	176	1	152	2	157	3	155	4	175	5	157	6	184	7	180	8	188	9	106	10	122	11	172	12	163	13	160	14	118	15	103	16	140	17	170	18	177	19	143	20	187	21	124	22	119	23	196	24	169	25	182	26	154	27	143	28	148	29	197	30	138	31	164	32	130	33	128	34	138	35	178	36	143	37	105	38	130	39	118	40	181	41	111	42	122	43	125	44	149	45	135	46	172	47	147	48	145	49	131	
	0	147	1	123	2	160	3	131	4	188	5	199	6	198	7	188	8	182	9	130	10	186	11	124	12	149	13	159	14	142	15	191	16	134	17	134	18	154	19	180	20	191	21	113	22	148	23	179	24	178	25	119	26	148	27	199	28	149	29	116	30	176	31	173	32	162	33	118	34	135	35	107	36	177	37	114	38	176	39	179	40	127	41	140	42	134	43	125	44	108	45	112	46	126	47	120	48	142	49	109	
	0	185	1	178	2	173	3	112	4	157	5	103	6	187	7	126	8	107	9	199	10	109	11	187	12	170	13	187	14	115	15	187	16	115	17	161	18	169	19	175	20	149	21	165	22	143	23	105	24	132	25	124	26	153	27	146	28	135	29	133	30	156	31	192	32	115	33	183	34	168	35	132	36	179	37	178	38	179	39	178	40	114	41	166	42	175	43	124	44	184	45	126	46	124	47	130	48	152	49	139	
	0	113	1	155	2	190	3	180	4	185	5	181	6	185	7	178	8	146	9	146	10	170	11	188	12	138	13	107	14	197	15	172	16	194	17	124	18	124	19	194	20	172	21	191	22	153	23	139	24	136	25	158	26	132	27	150	28	175	29	102	30	127	31	135	32	149	33	157	34	111	35	141	36	137	37	120	38	181	39	134	40	135	41	151	42	137	43	174	44	175	45	151	46	106	47	100	48	121	49	165	
	0	114	1	145	2	101	3	133	4	182	5	155	6	199	7	110	8	111	9	147	10	195	11	173	12	192	13	100	14	132	15	149	16	136	17	183	18	164	19	138	20	135	21	112	22	166	23	135	24	161	25	171	26	103	27	126	28	131	29	176	30	101	31	138	32	154	33	168	34	146	35	124	36	110	37	156	38	189	39	135	40	173	41	165	42	128	43	110	44	105	45	143	46	139	47	108	48	173	49	116	
	0	168	1	139	2	175	3	132	4	113	5	142	6	197	7	102	8	118	9	197	10	198	11	110	12	135	13	184	14	117	15	167	16	139	17	112	18	127	19	161	20	158	21	109	22	118	23	115	24	154	25	125	26	180	27	183	28	181	29	174	30	121	31	110	32	183	33	127	34	161	35	155	36	168	37	177	38	151	39	160	40	104	41	117	42	170	43	176	44	127	45	135	46	161	47	118	48	196	49	181	
	0	192	1	159	2	165	3	114	4	141	5	150	6	170	7	134	8	133	9	108	10	132	11	170	12	126	13	114	14	184	15	154	16	194	17	108	18	108	19	179	20	130	21	126	22	162	23	188	24	185	25	113	26	149	27	178	28	147	29	136	30	149	31	163	32	138	33	156	34	155	35	127	36	168	37	154	38	110	39	177	40	183	41	158	42	157	43	121	44	178	45	128	46	163	47	136	48	190	49	187	
	0	189	1	161	2	114	3	197	4	122	5	144	6	183	7	154	8	176	9	105	10	171	11	198	12	143	13	150	14	168	15	146	16	184	17	191	18	162	19	199	20	148	21	162	22	118	23	130	24	143	25	190	26	115	27	167	28	184	29	141	30	172	31	137	32	187	33	131	34	178	35	176	36	142	37	111	38	152	39	158	40	141	41	173	42	181	43	184	44	137	45	170	46	151	47	108	48	184	49	175	
	0	138	1	185	2	191	3	161	4	147	5	111	6	192	7	174	8	195	9	161	10	155	11	145	12	120	13	165	14	137	15	180	16	100	17	117	18	173	19	195	20	117	21	149	22	155	23	130	24	189	25	174	26	114	27	119	28	113	29	191	30	194	31	158	32	113	33	127	34	175	35	138	36	173	37	169	38	117	39	140	40	103	41	140	42	177	43	160	44	122	45	171	46	176	47	149	48	182	49	162	
	0	155	1	150	2	173	3	127	4	139	5	119	6	190	7	111	8	108	9	105	10	137	11	142	12	182	13	174	14	132	15	186	16	184	17	117	18	105	19	136	20	193	21	101	22	160	23	145	24	196	25	127	26	147	27	175	28	163	29	113	30	121	31	169	32	100	33	162	34	117	35	117	36	197	37	172	38	102	39	189	40	127	41	141	42	141	43	133	44	166	45	107	46	189	47	142	48	171	49	134	
	0	138	1	189	2	162	3	137	4	108	5	119	6	110	7	140	8	123	9	198	10	108	11	144	12	129	13	194	14	133	15	130	16	100	17	198	18	125	19	135	20	191	21	130	22	193	23	153	24	169	25	172	26	132	27	118	28	197	29	119	30	110	31	193	32	128	33	183	34	149	35	199	36	124	37	116	38	110	39	136	40	177	41	143	42	189	43	108	44	102	45	143	46	132	47	189	48	155	49	182	
	0	114	1	193	2	167	3	191	4	191	5	106	6	181	7	100	8	112	9	106	10	136	11	132	12	151	13	198	14	128	15	126	16	177	17	123	18	135	19	186	20	164	21	147	22	129	23	142	24	178	25	198	26	140	27	166	28	127	29	109	30	173	31	105	32	161	33	129	34	196	35	131	36	122	37	157	38	178	39	187	40	148	41	104	42	134	43	114	44	145	45	134	46	165	47	195	48	144	49	118	
	0	175	1	186	2	176	3	138	4	160	5	192	6	128	7	197	8	175	9	164	10	193	11	169	12	170	13	172	14	197	15	100	16	139	17	136	18	169	19	152	20	136	21	172	22	114	23	172	24	147	25	149	26	180	27	163	28	192	29	165	30	199	31	164	32	139	33	172	34	147	35	151	36	173	37	104	38	115	39	110	40	143	41	105	42	154	43	196	44	195	45	122	46	135	47	113	48	140	49	108	
	0	116	1	108	2	137	3	176	4	186	5	109	6	130	7	125	8	148	9	106	10	120	11	172	12	185	13	132	14	178	15	156	16	171	17	128	18	188	19	194	20	154	21	108	22	156	23	137	24	134	25	164	26	175	27	191	28	191	29	149	30	179	31	124	32	143	33	110	34	139	35	129	36	110	37	171	38	133	39	170	40	197	41	115	42	177	43	124	44	119	45	162	46	190	47	149	48	106	49	159	
	0	110	1	194	2	111	3	177	4	185	5	175	6	162	7	120	8	167	9	196	10	156	11	151	12	164	13	192	14	150	15	116	16	106	17	166	18	116	19	104	20	143	21	135	22	179	23	167	24	104	25	122	26	149	27	183	28	113	29	164	30	103	31	129	32	154	33	149	34	199	35	141	36	124	37	169	38	176	39	192	40	122	41	168	42	120	43	121	44	163	45	135	46	118	47	124	48	129	49	135	
	0	144	1	181	2	119	3	117	4	191	5	176	6	116	7	157	8	150	9	119	10	149	11	121	12	118	13	167	14	189	15	134	16	109	17	173	18	187	19	105	20	190	21	116	22	132	23	155	24	120	25	147	26	152	27	139	28	109	29	132	30	188	31	181	32	104	33	108	34	110	35	132	36	196	37	164	38	158	39	173	40	183	41	129	42	196	43	136	44	183	45	136	46	122	47	105	48	183	49	112	
	0	163	1	139	2	155	3	152	4	174	5	173	6	195	7	182	8	163	9	142	10	149	11	134	12	184	13	119	14	145	15	145	16	113	17	132	18	150	19	105	20	169	21	167	22	164	23	122	24	163	25	184	26	166	27	167	28	170	29	174	30	166	31	159	32	173	33	165	34	119	35	120	36	139	37	179	38	183	39	166	40	147	41	161	42	129	43	136	44	192	45	109	46	114	47	119	48	110	49	152	
	0	193	1	168	2	161	3	134	4	125	5	169	6	194	7	143	8	184	9	142	10	159	11	170	12	105	13	110	14	171	15	101	16	146	17	100	18	160	19	188	20	104	21	162	22	186	23	167	24	117	25	120	26	181	27	123	28	137	29	171	30	166	31	177	32	113	33	142	34	179	35	178	36	193	37	147	38	169	39	195	40	147	41	119	42	128	43	168	44	169	45	132	46	154	47	124	48	100	49	188	
	0	168	1	168	2	152	3	150	4	118	5	182	6	129	7	132	8	118	9	134	10	111	11	148	12	145	13	171	14	122	15	161	16	138	17	131	18	172	19	199	20	168	21	181	22	125	23	108	24	134	25	105	26	182	27	153	28	126	29	174	30	194	31	100	32	164	33	184	34	101	35	167	36	168	37	120	38	150	39	158	40	140	41	117	42	192	43	115	44	167	45	186	46	193	47	151	48	195	49	126	
	0	132	1	106	2	162	3	152	4	181	5	136	6	136	7	115	8	111	9	142	10	134	11	147	12	182	13	168	14	154	15	195	16	139	17	109	18	140	19	126	20	126	21	173	22	145	23	176	24	183	25	176	26	167	27	174	28	165	29	139	30	145	31	102	32	139	33	184	34	169	35	166	36	175	37	158	38	171	39	108	40	173	41	183	42	164	43	115	44	138	45	160	46	153	47	177	48	120	49	135	
	0	199	1	136	2	155	3	137	4	112	5	124	6	125	7	145	8	179	9	182	10	157	11	124	12	100	13	163	14	169	15	179	16	176	17	193	18	148	19	176	20	153	21	107	22	144	23	151	24	163	25	125	26	177	27	128	28	150	29	146	30	170	31	126	32	195	33	177	34	196	35	117	36	142	37	144	38	129	39	157	40	110	41	119	42	123	43	172	44	189	45	146	46	148	47	170	48	194	49	122	
	0	158	1	181	2	177	3	133	4	195	5	195	6	182	7	142	8	139	9	176	10	147	11	135	12	181	13	141	14	192	15	127	16	169	17	191	18	113	19	196	20	112	21	102	22	159	23	165	24	171	25	157	26	107	27	162	28	118	29	139	30	168	31	105	32	115	33	161	34	180	35	149	36	123	37	154	38	119	39	154	40	184	41	164	42	120	43	147	44	159	45	152	46	172	47	124	48	150	49	186	
	0	181	1	112	2	198	3	156	4	120	5	188	6	159	7	137	8	107	9	155	10	151	11	194	12	115	13	109	14	161	15	144	16	121	17	103	18	112	19	141	20	140	21	128	22	173	23	133	24	120	25	150	26	146	27	105	28	174	29	105	30	123	31	198	32	121	33	133	34	123	35	144	36	171	37	195	38	100	39	131	40	168	41	145	42	116	43	152	44	133	45	131	46	194	47	189	48	165	49	131	
	0	133	1	107	2	143	3	182	4	156	5	157	6	127	7	140	8	102	9	102	10	150	11	193	12	193	13	103	14	173	15	138	16	106	17	182	18	161	19	128	20	179	21	155	22	195	23	185	24	161	25	173	26	115	27	187	28	189	29	126	30	131	31	150	32	135	33	109	34	174	35	102	36	123	37	173	38	190	39	170	40	180	41	135	42	183	43	110	44	162	45	129	46	134	47	115	48	148	49	129	
	0	126	1	109	2	139	3	101	4	191	5	130	6	186	7	136	8	113	9	173	10	110	11	130	12	191	13	122	14	118	15	138	16	190	17	125	18	145	19	141	20	108	21	123	22	180	23	125	24	111	25	134	26	108	27	100	28	151	29	117	30	100	31	138	32	190	33	167	34	180	35	188	36	164	37	104	38	190	39	118	40	131	41	165	42	190	43	105	44	150	45	154	46	137	47	183	48	131	49	167	