200 50 1
50
	0	164	1	181	2	101	3	193	4	155	5	127	6	104	7	175	8	173	9	180	10	162	11	100	12	122	13	116	14	168	15	198	16	182	17	189	18	135	19	137	20	160	21	194	22	156	23	146	24	169	25	114	26	165	27	197	28	157	29	134	30	141	31	163	32	166	33	157	34	157	35	161	36	170	37	117	38	111	39	132	40	102	41	184	42	160	43	190	44	169	45	115	46	127	47	183	48	105	49	180	
	0	137	1	157	2	123	3	135	4	148	5	134	6	126	7	189	8	132	9	127	10	154	11	108	12	196	13	143	14	156	15	147	16	162	17	138	18	125	19	134	20	194	21	108	22	113	23	176	24	133	25	186	26	193	27	145	28	183	29	186	30	112	31	111	32	114	33	164	34	175	35	180	36	126	37	130	38	108	39	197	40	171	41	118	42	170	43	195	44	106	45	191	46	120	47	115	48	181	49	144	
	0	115	1	158	2	145	3	129	4	114	5	142	6	149	7	196	8	149	9	163	10	144	11	185	12	106	13	145	14	183	15	151	16	177	17	119	18	155	19	122	20	153	21	187	22	107	23	173	24	184	25	180	26	187	27	112	28	192	29	101	30	177	31	112	32	133	33	172	34	107	35	164	36	125	37	139	38	130	39	164	40	170	41	144	42	190	43	194	44	115	45	152	46	152	47	128	48	176	49	141	
	0	141	1	177	2	115	3	129	4	136	5	104	6	129	7	175	8	187	9	142	10	154	11	170	12	166	13	145	14	115	15	140	16	138	17	113	18	174	19	196	20	194	21	167	22	112	23	141	24	161	25	194	26	167	27	135	28	160	29	149	30	181	31	149	32	137	33	188	34	185	35	100	36	188	37	195	38	133	39	115	40	162	41	125	42	122	43	112	44	129	45	135	46	145	47	139	48	125	49	103	
	0	158	1	115	2	145	3	196	4	155	5	157	6	109	7	176	8	150	9	170	10	187	11	114	12	196	13	181	14	167	15	107	16	199	17	177	18	114	19	127	20	103	21	124	22	112	23	157	24	170	25	136	26	186	27	118	28	166	29	173	30	147	31	180	32	180	33	122	34	138	35	160	36	118	37	133	38	189	39	178	40	196	41	128	42	125	43	133	44	112	45	189	46	139	47	166	48	154	49	174	
	0	131	1	103	2	116	3	199	4	176	5	197	6	147	7	142	8	112	9	123	10	194	11	125	12	138	13	198	14	191	15	111	16	101	17	181	18	185	19	136	20	151	21	142	22	102	23	183	24	115	25	124	26	102	27	186	28	137	29	192	30	116	31	117	32	157	33	167	34	100	35	132	36	148	37	158	38	138	39	183	40	163	41	189	42	191	43	124	44	172	45	174	46	189	47	175	48	107	49	101	
	0	154	1	183	2	189	3	165	4	114	5	130	6	149	7	142	8	182	9	159	10	149	11	199	12	151	13	188	14	160	15	112	16	122	17	162	18	198	19	148	20	194	21	125	22	103	23	192	24	191	25	173	26	170	27	124	28	190	29	155	30	175	31	180	32	171	33	178	34	196	35	175	36	198	37	133	38	198	39	184	40	143	41	141	42	174	43	173	44	169	45	113	46	186	47	169	48	175	49	138	
	0	163	1	199	2	139	3	186	4	198	5	169	6	179	7	105	8	188	9	159	10	164	11	150	12	113	13	112	14	157	15	140	16	149	17	132	18	189	19	116	20	154	21	152	22	115	23	188	24	110	25	199	26	152	27	186	28	146	29	162	30	111	31	131	32	199	33	146	34	177	35	176	36	137	37	131	38	134	39	187	40	146	41	184	42	168	43	111	44	186	45	179	46	119	47	129	48	166	49	175	
	0	111	1	163	2	121	3	116	4	159	5	143	6	179	7	165	8	127	9	109	10	149	11	115	12	121	13	122	14	142	15	194	16	172	17	113	18	142	19	130	20	169	21	164	22	164	23	136	24	163	25	152	26	177	27	176	28	106	29	126	30	160	31	189	32	185	33	150	34	156	35	104	36	190	37	138	38	135	39	118	40	162	41	188	42	181	43	101	44	126	45	186	46	100	47	195	48	144	49	143	
	0	144	1	178	2	140	3	163	4	178	5	132	6	188	7	111	8	135	9	119	10	190	11	155	12	131	13	110	14	197	15	105	16	191	17	126	18	146	19	122	20	188	21	143	22	198	23	141	24	130	25	167	26	149	27	148	28	129	29	185	30	126	31	132	32	104	33	192	34	130	35	101	36	116	37	167	38	171	39	178	40	147	41	181	42	182	43	107	44	126	45	154	46	169	47	148	48	193	49	140	
	0	143	1	103	2	191	3	140	4	117	5	151	6	170	7	125	8	108	9	199	10	149	11	160	12	133	13	110	14	197	15	171	16	188	17	129	18	109	19	107	20	144	21	188	22	162	23	153	24	155	25	114	26	191	27	136	28	180	29	199	30	142	31	145	32	191	33	148	34	176	35	133	36	101	37	150	38	176	39	108	40	192	41	116	42	112	43	199	44	104	45	103	46	187	47	175	48	118	49	180	
	0	195	1	134	2	103	3	177	4	187	5	179	6	185	7	174	8	125	9	165	10	185	11	122	12	115	13	110	14	124	15	142	16	199	17	170	18	105	19	185	20	145	21	183	22	188	23	155	24	133	25	131	26	165	27	150	28	179	29	101	30	171	31	197	32	132	33	190	34	169	35	132	36	174	37	140	38	179	39	156	40	179	41	121	42	159	43	141	44	135	45	193	46	114	47	180	48	144	49	162	
	0	133	1	118	2	175	3	106	4	170	5	139	6	190	7	140	8	128	9	106	10	140	11	108	12	116	13	117	14	130	15	179	16	168	17	139	18	140	19	134	20	154	21	191	22	127	23	116	24	195	25	129	26	154	27	136	28	178	29	151	30	131	31	150	32	141	33	152	34	174	35	197	36	123	37	124	38	181	39	118	40	191	41	157	42	111	43	132	44	168	45	176	46	107	47	163	48	110	49	161	
	0	124	1	175	2	146	3	116	4	107	5	134	6	122	7	184	8	129	9	102	10	132	11	182	12	196	13	130	14	169	15	107	16	169	17	141	18	174	19	115	20	148	21	120	22	131	23	178	24	147	25	157	26	137	27	129	28	120	29	196	30	106	31	182	32	131	33	171	34	138	35	110	36	141	37	102	38	109	39	175	40	191	41	192	42	136	43	182	44	194	45	186	46	118	47	107	48	188	49	189	
	0	117	1	148	2	113	3	144	4	169	5	140	6	129	7	132	8	165	9	105	10	101	11	139	12	168	13	138	14	156	15	124	16	167	17	142	18	187	19	149	20	126	21	158	22	101	23	101	24	173	25	106	26	103	27	141	28	142	29	168	30	100	31	189	32	197	33	182	34	133	35	128	36	192	37	149	38	163	39	168	40	128	41	139	42	174	43	192	44	100	45	133	46	151	47	140	48	117	49	143	
	0	158	1	131	2	111	3	142	4	198	5	197	6	152	7	139	8	197	9	173	10	103	11	162	12	188	13	174	14	181	15	197	16	156	17	113	18	160	19	168	20	100	21	117	22	100	23	127	24	135	25	151	26	126	27	123	28	117	29	114	30	191	31	115	32	118	33	112	34	187	35	197	36	199	37	108	38	109	39	184	40	110	41	136	42	124	43	161	44	144	45	170	46	139	47	119	48	106	49	186	
	0	153	1	153	2	190	3	107	4	198	5	146	6	164	7	147	8	167	9	172	10	145	11	143	12	194	13	142	14	115	15	196	16	127	17	176	18	123	19	163	20	187	21	162	22	116	23	102	24	109	25	121	26	137	27	120	28	172	29	181	30	119	31	181	32	103	33	188	34	121	35	111	36	169	37	124	38	188	39	197	40	174	41	172	42	123	43	137	44	174	45	145	46	172	47	170	48	133	49	184	
	0	126	1	197	2	147	3	141	4	112	5	105	6	127	7	186	8	198	9	113	10	179	11	169	12	198	13	144	14	174	15	105	16	169	17	132	18	147	19	164	20	137	21	109	22	134	23	195	24	160	25	130	26	118	27	199	28	171	29	155	30	154	31	187	32	161	33	166	34	120	35	156	36	178	37	115	38	128	39	152	40	136	41	107	42	141	43	119	44	185	45	192	46	127	47	100	48	103	49	111	
	0	193	1	191	2	138	3	115	4	165	5	101	6	152	7	138	8	123	9	177	10	155	11	155	12	119	13	103	14	187	15	166	16	100	17	199	18	198	19	154	20	110	21	175	22	174	23	125	24	194	25	118	26	187	27	109	28	133	29	125	30	190	31	162	32	171	33	160	34	162	35	131	36	199	37	182	38	122	39	187	40	129	41	111	42	195	43	177	44	163	45	102	46	172	47	122	48	192	49	147	
	0	100	1	136	2	159	3	199	4	101	5	163	6	193	7	135	8	171	9	134	10	104	11	192	12	159	13	167	14	144	15	144	16	122	17	144	18	114	19	114	20	122	21	179	22	143	23	148	24	169	25	143	26	158	27	106	28	185	29	173	30	139	31	116	32	144	33	125	34	165	35	144	36	112	37	177	38	199	39	190	40	127	41	108	42	196	43	189	44	113	45	117	46	165	47	122	48	147	49	131	
	0	131	1	137	2	193	3	169	4	106	5	197	6	115	7	111	8	156	9	145	10	122	11	132	12	155	13	137	14	165	15	147	16	187	17	138	18	103	19	160	20	196	21	157	22	181	23	143	24	129	25	152	26	101	27	137	28	137	29	195	30	111	31	180	32	127	33	148	34	174	35	194	36	145	37	129	38	106	39	166	40	161	41	101	42	189	43	133	44	189	45	130	46	137	47	104	48	189	49	126	
	0	107	1	163	2	111	3	107	4	194	5	159	6	103	7	181	8	194	9	125	10	105	11	123	12	115	13	159	14	121	15	129	16	133	17	104	18	153	19	132	20	174	21	196	22	190	23	173	24	165	25	126	26	192	27	141	28	118	29	189	30	128	31	110	32	131	33	110	34	185	35	130	36	194	37	188	38	155	39	124	40	104	41	179	42	137	43	117	44	151	45	159	46	177	47	121	48	167	49	197	
	0	174	1	156	2	176	3	140	4	189	5	128	6	163	7	130	8	118	9	115	10	190	11	110	12	142	13	135	14	191	15	198	16	150	17	102	18	149	19	197	20	107	21	121	22	132	23	123	24	125	25	109	26	107	27	142	28	195	29	152	30	187	31	161	32	156	33	154	34	117	35	196	36	108	37	120	38	173	39	194	40	180	41	103	42	119	43	179	44	117	45	193	46	100	47	138	48	189	49	188	
	0	147	1	192	2	101	3	133	4	133	5	179	6	124	7	136	8	142	9	138	10	103	11	151	12	186	13	154	14	150	15	137	16	176	17	162	18	170	19	132	20	111	21	132	22	141	23	190	24	194	25	119	26	148	27	173	28	190	29	198	30	171	31	164	32	164	33	119	34	180	35	146	36	180	37	193	38	170	39	142	40	126	41	103	42	133	43	156	44	155	45	170	46	101	47	162	48	124	49	107	
	0	143	1	111	2	143	3	198	4	143	5	167	6	120	7	123	8	159	9	173	10	192	11	115	12	104	13	101	14	144	15	150	16	148	17	133	18	132	19	136	20	173	21	190	22	186	23	159	24	162	25	133	26	166	27	164	28	108	29	124	30	101	31	146	32	175	33	115	34	124	35	188	36	147	37	111	38	159	39	143	40	134	41	127	42	122	43	119	44	111	45	115	46	142	47	187	48	138	49	146	
	0	157	1	141	2	151	3	108	4	157	5	152	6	181	7	116	8	116	9	121	10	152	11	149	12	198	13	105	14	118	15	191	16	143	17	128	18	192	19	121	20	192	21	163	22	117	23	137	24	188	25	188	26	153	27	116	28	120	29	180	30	140	31	150	32	120	33	195	34	141	35	185	36	112	37	196	38	169	39	126	40	168	41	199	42	169	43	133	44	177	45	158	46	165	47	127	48	102	49	112	
	0	175	1	159	2	130	3	171	4	152	5	197	6	183	7	102	8	186	9	181	10	128	11	106	12	112	13	187	14	192	15	106	16	178	17	145	18	100	19	125	20	168	21	144	22	175	23	152	24	103	25	181	26	148	27	122	28	127	29	147	30	149	31	147	32	196	33	189	34	127	35	110	36	196	37	161	38	135	39	107	40	181	41	128	42	168	43	197	44	188	45	198	46	162	47	110	48	179	49	183	
	0	159	1	195	2	146	3	168	4	140	5	175	6	109	7	140	8	105	9	185	10	183	11	103	12	178	13	106	14	166	15	140	16	118	17	173	18	136	19	171	20	134	21	181	22	151	23	109	24	110	25	193	26	106	27	168	28	101	29	167	30	184	31	120	32	154	33	188	34	109	35	188	36	108	37	181	38	171	39	143	40	146	41	126	42	163	43	171	44	112	45	155	46	154	47	195	48	190	49	172	
	0	112	1	141	2	151	3	171	4	196	5	103	6	179	7	158	8	157	9	163	10	133	11	118	12	192	13	179	14	133	15	154	16	106	17	179	18	150	19	113	20	143	21	186	22	116	23	167	24	139	25	163	26	168	27	168	28	116	29	167	30	185	31	119	32	108	33	113	34	139	35	122	36	187	37	191	38	195	39	179	40	194	41	113	42	107	43	122	44	128	45	173	46	136	47	118	48	146	49	160	
	0	126	1	171	2	127	3	112	4	127	5	130	6	121	7	163	8	132	9	125	10	183	11	192	12	189	13	165	14	188	15	197	16	112	17	168	18	169	19	164	20	194	21	105	22	199	23	180	24	170	25	112	26	124	27	113	28	155	29	184	30	180	31	189	32	141	33	127	34	140	35	141	36	195	37	168	38	114	39	191	40	164	41	192	42	136	43	125	44	195	45	155	46	104	47	139	48	138	49	187	
	0	185	1	119	2	192	3	156	4	134	5	162	6	107	7	122	8	107	9	184	10	130	11	128	12	116	13	165	14	114	15	118	16	117	17	110	18	128	19	185	20	103	21	103	22	139	23	191	24	123	25	139	26	112	27	149	28	109	29	134	30	104	31	119	32	125	33	144	34	125	35	131	36	145	37	193	38	113	39	190	40	142	41	133	42	196	43	105	44	158	45	143	46	125	47	115	48	111	49	187	
	0	153	1	172	2	171	3	155	4	101	5	101	6	107	7	173	8	182	9	147	10	166	11	162	12	166	13	102	14	154	15	185	16	104	17	108	18	118	19	127	20	148	21	128	22	177	23	137	24	127	25	104	26	134	27	153	28	103	29	114	30	110	31	107	32	160	33	106	34	142	35	147	36	134	37	199	38	193	39	107	40	166	41	185	42	190	43	114	44	156	45	178	46	159	47	101	48	175	49	101	
	0	132	1	167	2	121	3	110	4	199	5	124	6	157	7	197	8	153	9	190	10	124	11	171	12	157	13	151	14	180	15	179	16	148	17	151	18	148	19	119	20	105	21	103	22	120	23	134	24	127	25	192	26	135	27	106	28	178	29	158	30	196	31	183	32	195	33	172	34	136	35	110	36	137	37	161	38	120	39	136	40	169	41	126	42	134	43	199	44	153	45	110	46	128	47	167	48	185	49	163	
	0	172	1	175	2	182	3	142	4	191	5	183	6	157	7	151	8	183	9	155	10	144	11	144	12	185	13	189	14	120	15	116	16	195	17	163	18	191	19	136	20	122	21	112	22	124	23	100	24	180	25	157	26	142	27	117	28	189	29	130	30	177	31	116	32	184	33	134	34	113	35	143	36	117	37	100	38	138	39	167	40	147	41	187	42	152	43	152	44	164	45	133	46	193	47	130	48	116	49	146	
	0	132	1	114	2	152	3	163	4	109	5	162	6	175	7	149	8	187	9	119	10	116	11	183	12	193	13	100	14	151	15	105	16	166	17	187	18	129	19	189	20	131	21	100	22	143	23	140	24	128	25	162	26	134	27	137	28	132	29	138	30	175	31	145	32	197	33	155	34	154	35	155	36	152	37	103	38	117	39	132	40	141	41	193	42	103	43	167	44	116	45	128	46	166	47	139	48	148	49	105	
	0	166	1	193	2	125	3	118	4	140	5	153	6	169	7	189	8	160	9	134	10	179	11	115	12	175	13	182	14	106	15	158	16	180	17	117	18	117	19	195	20	133	21	161	22	132	23	166	24	143	25	178	26	102	27	108	28	180	29	176	30	128	31	167	32	150	33	110	34	199	35	181	36	101	37	155	38	118	39	142	40	108	41	152	42	148	43	119	44	124	45	116	46	162	47	156	48	146	49	164	
	0	136	1	114	2	100	3	152	4	163	5	183	6	112	7	152	8	127	9	157	10	130	11	124	12	134	13	117	14	155	15	126	16	141	17	133	18	170	19	193	20	117	21	144	22	155	23	191	24	195	25	117	26	199	27	160	28	130	29	112	30	168	31	170	32	110	33	116	34	165	35	198	36	175	37	128	38	170	39	104	40	187	41	177	42	150	43	176	44	161	45	188	46	154	47	114	48	167	49	198	
	0	164	1	147	2	159	3	115	4	116	5	194	6	182	7	149	8	163	9	141	10	101	11	182	12	173	13	165	14	162	15	101	16	145	17	125	18	167	19	132	20	193	21	132	22	146	23	138	24	183	25	195	26	154	27	183	28	151	29	129	30	153	31	192	32	198	33	185	34	103	35	165	36	129	37	170	38	146	39	131	40	172	41	155	42	137	43	152	44	115	45	190	46	199	47	181	48	111	49	115	
	0	133	1	143	2	128	3	122	4	153	5	134	6	114	7	161	8	100	9	103	10	183	11	193	12	191	13	179	14	169	15	116	16	174	17	143	18	101	19	103	20	140	21	147	22	179	23	170	24	127	25	135	26	125	27	193	28	107	29	140	30	111	31	180	32	103	33	134	34	141	35	147	36	138	37	186	38	186	39	130	40	152	41	148	42	179	43	164	44	114	45	103	46	136	47	167	48	124	49	160	
	0	115	1	153	2	118	3	185	4	144	5	123	6	166	7	146	8	166	9	101	10	194	11	186	12	170	13	182	14	109	15	165	16	106	17	150	18	183	19	103	20	148	21	139	22	154	23	185	24	126	25	139	26	133	27	168	28	196	29	186	30	132	31	153	32	173	33	107	34	170	35	149	36	117	37	117	38	116	39	178	40	131	41	156	42	186	43	152	44	191	45	159	46	104	47	191	48	109	49	165	
	0	179	1	167	2	110	3	135	4	154	5	131	6	183	7	105	8	176	9	170	10	160	11	129	12	163	13	189	14	165	15	179	16	135	17	135	18	189	19	120	20	182	21	118	22	180	23	184	24	160	25	192	26	175	27	118	28	140	29	128	30	196	31	182	32	146	33	176	34	187	35	155	36	115	37	113	38	166	39	120	40	147	41	153	42	124	43	157	44	169	45	142	46	189	47	183	48	162	49	159	
	0	137	1	152	2	103	3	152	4	122	5	134	6	137	7	179	8	129	9	103	10	113	11	197	12	124	13	158	14	196	15	165	16	160	17	173	18	106	19	115	20	182	21	182	22	182	23	154	24	137	25	157	26	190	27	168	28	103	29	124	30	149	31	125	32	139	33	170	34	185	35	168	36	155	37	102	38	152	39	133	40	178	41	151	42	122	43	194	44	162	45	193	46	114	47	105	48	176	49	147	
	0	110	1	114	2	169	3	136	4	113	5	175	6	126	7	158	8	161	9	128	10	168	11	169	12	197	13	121	14	170	15	109	16	145	17	151	18	180	19	171	20	189	21	159	22	128	23	117	24	188	25	178	26	188	27	182	28	122	29	134	30	188	31	184	32	156	33	162	34	101	35	182	36	109	37	153	38	103	39	194	40	114	41	149	42	132	43	124	44	127	45	164	46	131	47	113	48	158	49	156	
	0	176	1	126	2	148	3	119	4	106	5	129	6	130	7	142	8	107	9	131	10	158	11	151	12	131	13	109	14	144	15	142	16	192	17	184	18	104	19	128	20	141	21	103	22	131	23	192	24	195	25	175	26	194	27	132	28	101	29	107	30	122	31	160	32	161	33	199	34	125	35	170	36	145	37	184	38	157	39	197	40	183	41	106	42	109	43	151	44	197	45	152	46	178	47	167	48	160	49	117	
	0	192	1	101	2	124	3	168	4	138	5	189	6	165	7	171	8	110	9	190	10	117	11	138	12	106	13	199	14	162	15	190	16	108	17	113	18	131	19	145	20	177	21	136	22	167	23	116	24	135	25	184	26	155	27	175	28	173	29	136	30	102	31	162	32	188	33	102	34	163	35	142	36	159	37	111	38	113	39	108	40	179	41	142	42	198	43	130	44	129	45	112	46	146	47	107	48	166	49	126	
	0	128	1	104	2	106	3	170	4	137	5	176	6	108	7	133	8	192	9	194	10	126	11	146	12	122	13	107	14	136	15	121	16	146	17	176	18	119	19	150	20	149	21	125	22	189	23	137	24	124	25	119	26	124	27	124	28	143	29	181	30	182	31	158	32	187	33	181	34	151	35	136	36	164	37	148	38	149	39	122	40	129	41	159	42	160	43	161	44	164	45	128	46	128	47	196	48	161	49	182	
	0	142	1	100	2	195	3	100	4	193	5	101	6	168	7	166	8	167	9	154	10	167	11	177	12	123	13	102	14	184	15	189	16	145	17	189	18	159	19	122	20	112	21	163	22	193	23	156	24	124	25	179	26	112	27	117	28	149	29	196	30	129	31	184	32	196	33	110	34	161	35	123	36	125	37	127	38	141	39	170	40	161	41	194	42	180	43	187	44	135	45	180	46	164	47	103	48	103	49	146	
	0	151	1	171	2	179	3	151	4	156	5	104	6	190	7	115	8	182	9	133	10	102	11	194	12	114	13	158	14	192	15	138	16	173	17	127	18	107	19	128	20	172	21	179	22	184	23	162	24	188	25	147	26	146	27	102	28	142	29	119	30	130	31	127	32	181	33	143	34	105	35	184	36	163	37	172	38	117	39	119	40	189	41	161	42	158	43	101	44	174	45	133	46	135	47	176	48	128	49	111	
	0	150	1	150	2	116	3	150	4	165	5	147	6	160	7	192	8	198	9	146	10	162	11	186	12	106	13	103	14	163	15	121	16	158	17	141	18	177	19	150	20	198	21	179	22	155	23	137	24	175	25	156	26	156	27	196	28	117	29	135	30	167	31	149	32	142	33	175	34	146	35	158	36	107	37	151	38	112	39	164	40	100	41	110	42	137	43	118	44	158	45	178	46	158	47	191	48	178	49	162	
	0	107	1	132	2	165	3	148	4	186	5	125	6	152	7	189	8	181	9	124	10	169	11	124	12	140	13	147	14	123	15	193	16	112	17	143	18	124	19	178	20	104	21	113	22	105	23	133	24	159	25	181	26	123	27	189	28	178	29	159	30	121	31	191	32	136	33	114	34	105	35	150	36	100	37	128	38	105	39	162	40	111	41	136	42	196	43	174	44	104	45	102	46	110	47	186	48	193	49	165	
	0	116	1	108	2	128	3	164	4	148	5	182	6	162	7	175	8	153	9	184	10	151	11	178	12	116	13	192	14	120	15	182	16	167	17	172	18	163	19	187	20	163	21	157	22	158	23	144	24	186	25	134	26	131	27	194	28	197	29	184	30	118	31	197	32	129	33	163	34	183	35	116	36	169	37	119	38	172	39	110	40	188	41	110	42	137	43	135	44	169	45	109	46	116	47	134	48	163	49	127	
	0	184	1	114	2	192	3	181	4	145	5	136	6	138	7	112	8	120	9	123	10	110	11	177	12	177	13	170	14	181	15	170	16	107	17	159	18	144	19	127	20	169	21	104	22	191	23	104	24	192	25	188	26	126	27	182	28	104	29	149	30	152	31	106	32	119	33	169	34	158	35	113	36	184	37	116	38	125	39	102	40	137	41	148	42	100	43	151	44	146	45	168	46	144	47	167	48	191	49	123	
	0	101	1	121	2	168	3	117	4	194	5	169	6	191	7	163	8	182	9	152	10	194	11	116	12	131	13	101	14	172	15	168	16	136	17	139	18	163	19	169	20	170	21	191	22	101	23	162	24	103	25	120	26	100	27	112	28	124	29	194	30	106	31	141	32	145	33	163	34	149	35	147	36	163	37	161	38	140	39	109	40	149	41	193	42	192	43	169	44	112	45	126	46	119	47	134	48	126	49	102	
	0	167	1	170	2	102	3	113	4	147	5	165	6	131	7	195	8	159	9	197	10	151	11	188	12	197	13	161	14	106	15	164	16	105	17	180	18	160	19	174	20	193	21	154	22	115	23	166	24	138	25	150	26	142	27	182	28	176	29	184	30	180	31	110	32	128	33	144	34	137	35	168	36	157	37	177	38	116	39	103	40	160	41	119	42	129	43	105	44	153	45	146	46	122	47	136	48	103	49	139	
	0	125	1	105	2	180	3	122	4	125	5	151	6	151	7	102	8	118	9	100	10	135	11	154	12	146	13	103	14	177	15	153	16	179	17	165	18	129	19	153	20	119	21	122	22	194	23	166	24	183	25	148	26	192	27	141	28	128	29	143	30	144	31	140	32	184	33	197	34	119	35	156	36	137	37	156	38	195	39	150	40	144	41	161	42	139	43	160	44	101	45	121	46	194	47	135	48	103	49	100	
	0	192	1	183	2	154	3	131	4	149	5	131	6	173	7	133	8	171	9	127	10	112	11	193	12	147	13	100	14	187	15	108	16	143	17	145	18	117	19	106	20	123	21	169	22	131	23	152	24	142	25	146	26	163	27	188	28	160	29	178	30	106	31	172	32	158	33	185	34	135	35	182	36	114	37	101	38	147	39	149	40	110	41	133	42	166	43	118	44	184	45	194	46	138	47	142	48	124	49	117	
	0	144	1	151	2	114	3	131	4	100	5	150	6	102	7	123	8	154	9	103	10	146	11	128	12	131	13	146	14	159	15	155	16	181	17	170	18	160	19	108	20	172	21	148	22	137	23	194	24	138	25	122	26	124	27	126	28	174	29	112	30	190	31	168	32	106	33	112	34	100	35	144	36	198	37	122	38	140	39	152	40	117	41	184	42	164	43	159	44	123	45	117	46	171	47	103	48	180	49	185	
	0	108	1	168	2	141	3	101	4	104	5	113	6	161	7	101	8	146	9	140	10	155	11	181	12	109	13	165	14	127	15	198	16	198	17	117	18	103	19	134	20	113	21	137	22	152	23	178	24	103	25	114	26	158	27	173	28	138	29	171	30	141	31	166	32	133	33	126	34	126	35	121	36	130	37	117	38	194	39	115	40	111	41	197	42	113	43	162	44	153	45	106	46	195	47	183	48	104	49	121	
	0	129	1	106	2	175	3	101	4	199	5	166	6	179	7	141	8	183	9	120	10	120	11	169	12	126	13	121	14	124	15	185	16	190	17	151	18	145	19	119	20	164	21	120	22	178	23	148	24	179	25	159	26	138	27	177	28	163	29	101	30	116	31	164	32	152	33	179	34	123	35	154	36	143	37	190	38	198	39	173	40	151	41	151	42	184	43	131	44	132	45	118	46	196	47	150	48	198	49	124	
	0	119	1	135	2	141	3	124	4	163	5	153	6	154	7	163	8	139	9	163	10	121	11	174	12	164	13	182	14	169	15	185	16	125	17	130	18	158	19	183	20	178	21	105	22	114	23	169	24	144	25	137	26	168	27	185	28	173	29	195	30	145	31	131	32	114	33	128	34	161	35	147	36	171	37	181	38	198	39	142	40	130	41	183	42	155	43	144	44	168	45	128	46	144	47	163	48	165	49	146	
	0	142	1	105	2	143	3	193	4	156	5	119	6	122	7	113	8	149	9	170	10	196	11	114	12	180	13	125	14	188	15	187	16	158	17	137	18	113	19	119	20	182	21	189	22	153	23	115	24	184	25	117	26	139	27	133	28	161	29	149	30	107	31	154	32	174	33	184	34	136	35	166	36	128	37	124	38	160	39	129	40	107	41	129	42	160	43	114	44	143	45	117	46	134	47	129	48	173	49	166	
	0	178	1	187	2	107	3	152	4	157	5	129	6	104	7	103	8	129	9	114	10	163	11	152	12	186	13	181	14	102	15	176	16	177	17	115	18	178	19	102	20	116	21	142	22	174	23	162	24	197	25	120	26	146	27	112	28	137	29	155	30	179	31	182	32	165	33	105	34	172	35	178	36	127	37	138	38	144	39	148	40	171	41	101	42	179	43	144	44	192	45	108	46	194	47	121	48	103	49	120	
	0	152	1	165	2	151	3	188	4	115	5	173	6	108	7	114	8	128	9	145	10	143	11	172	12	187	13	142	14	166	15	106	16	167	17	144	18	113	19	194	20	114	21	138	22	144	23	124	24	156	25	108	26	183	27	131	28	123	29	168	30	177	31	185	32	160	33	162	34	197	35	155	36	144	37	143	38	105	39	186	40	198	41	157	42	197	43	151	44	153	45	116	46	130	47	169	48	165	49	153	
	0	116	1	136	2	164	3	140	4	117	5	198	6	123	7	129	8	125	9	114	10	187	11	143	12	184	13	151	14	166	15	160	16	178	17	114	18	139	19	166	20	155	21	108	22	191	23	104	24	126	25	131	26	141	27	157	28	160	29	178	30	197	31	105	32	176	33	117	34	136	35	193	36	185	37	180	38	156	39	198	40	172	41	129	42	176	43	191	44	122	45	136	46	176	47	188	48	102	49	138	
	0	131	1	195	2	130	3	126	4	184	5	121	6	148	7	141	8	163	9	198	10	101	11	126	12	157	13	194	14	149	15	118	16	184	17	167	18	144	19	132	20	131	21	132	22	169	23	183	24	149	25	125	26	146	27	159	28	164	29	106	30	157	31	163	32	104	33	170	34	106	35	150	36	165	37	172	38	190	39	161	40	135	41	153	42	108	43	120	44	154	45	121	46	102	47	164	48	171	49	101	
	0	123	1	192	2	119	3	170	4	152	5	186	6	162	7	159	8	118	9	197	10	150	11	121	12	131	13	141	14	118	15	131	16	128	17	123	18	138	19	194	20	103	21	174	22	114	23	115	24	153	25	192	26	147	27	145	28	149	29	118	30	198	31	119	32	129	33	104	34	184	35	149	36	157	37	100	38	175	39	139	40	178	41	144	42	196	43	170	44	188	45	196	46	185	47	171	48	112	49	102	
	0	182	1	183	2	113	3	194	4	191	5	101	6	113	7	118	8	109	9	188	10	133	11	163	12	167	13	164	14	167	15	110	16	120	17	132	18	188	19	133	20	196	21	191	22	198	23	103	24	120	25	112	26	107	27	115	28	114	29	188	30	113	31	178	32	101	33	118	34	118	35	163	36	173	37	177	38	148	39	179	40	148	41	190	42	121	43	146	44	143	45	178	46	124	47	100	48	113	49	124	
	0	149	1	119	2	101	3	164	4	159	5	110	6	134	7	187	8	198	9	143	10	131	11	163	12	143	13	155	14	101	15	192	16	136	17	126	18	122	19	157	20	164	21	134	22	188	23	156	24	195	25	188	26	195	27	184	28	112	29	173	30	180	31	165	32	112	33	124	34	147	35	199	36	129	37	186	38	119	39	180	40	107	41	160	42	154	43	141	44	146	45	161	46	196	47	112	48	189	49	187	
	0	178	1	111	2	159	3	143	4	164	5	105	6	137	7	129	8	154	9	166	10	140	11	154	12	168	13	110	14	169	15	165	16	153	17	175	18	151	19	122	20	115	21	195	22	159	23	154	24	174	25	136	26	183	27	164	28	143	29	115	30	142	31	177	32	183	33	165	34	153	35	154	36	129	37	174	38	180	39	148	40	144	41	164	42	195	43	173	44	126	45	123	46	119	47	134	48	147	49	111	
	0	169	1	158	2	134	3	147	4	150	5	148	6	179	7	138	8	142	9	137	10	177	11	160	12	131	13	161	14	110	15	138	16	153	17	168	18	170	19	155	20	196	21	135	22	173	23	194	24	134	25	108	26	190	27	177	28	180	29	147	30	101	31	173	32	199	33	122	34	143	35	109	36	156	37	116	38	113	39	101	40	146	41	115	42	139	43	120	44	128	45	159	46	120	47	185	48	119	49	188	
	0	148	1	151	2	137	3	120	4	105	5	116	6	116	7	183	8	191	9	160	10	146	11	139	12	195	13	183	14	110	15	179	16	147	17	120	18	157	19	180	20	176	21	131	22	127	23	199	24	125	25	162	26	117	27	107	28	180	29	188	30	136	31	143	32	175	33	110	34	191	35	196	36	193	37	186	38	113	39	168	40	130	41	163	42	154	43	192	44	185	45	107	46	186	47	136	48	158	49	161	
	0	169	1	176	2	109	3	190	4	182	5	112	6	134	7	183	8	101	9	165	10	126	11	125	12	147	13	139	14	130	15	178	16	114	17	118	18	131	19	140	20	182	21	157	22	163	23	170	24	156	25	156	26	164	27	112	28	110	29	101	30	123	31	188	32	156	33	194	34	127	35	128	36	162	37	197	38	175	39	158	40	118	41	192	42	114	43	154	44	108	45	102	46	170	47	176	48	142	49	152	
	0	133	1	150	2	154	3	185	4	125	5	146	6	117	7	139	8	159	9	181	10	114	11	103	12	199	13	116	14	126	15	160	16	194	17	159	18	123	19	125	20	172	21	168	22	131	23	153	24	128	25	186	26	140	27	119	28	159	29	158	30	174	31	164	32	174	33	156	34	194	35	173	36	145	37	135	38	131	39	127	40	161	41	196	42	106	43	181	44	181	45	141	46	170	47	187	48	170	49	165	
	0	190	1	169	2	180	3	192	4	127	5	184	6	173	7	141	8	195	9	147	10	160	11	136	12	188	13	195	14	198	15	178	16	125	17	167	18	151	19	112	20	186	21	186	22	180	23	196	24	184	25	147	26	170	27	188	28	150	29	191	30	127	31	161	32	114	33	115	34	116	35	107	36	167	37	161	38	123	39	123	40	183	41	157	42	182	43	121	44	122	45	117	46	101	47	153	48	164	49	153	
	0	130	1	186	2	168	3	150	4	108	5	141	6	181	7	141	8	150	9	148	10	148	11	116	12	173	13	171	14	128	15	186	16	124	17	117	18	116	19	112	20	112	21	171	22	119	23	101	24	149	25	106	26	146	27	154	28	144	29	199	30	137	31	158	32	119	33	168	34	160	35	112	36	175	37	183	38	199	39	144	40	165	41	118	42	194	43	198	44	149	45	178	46	179	47	195	48	111	49	141	
	0	120	1	180	2	175	3	115	4	152	5	171	6	172	7	158	8	190	9	169	10	101	11	101	12	187	13	143	14	198	15	175	16	122	17	183	18	138	19	194	20	189	21	199	22	126	23	194	24	130	25	128	26	129	27	168	28	139	29	152	30	146	31	179	32	136	33	142	34	176	35	178	36	100	37	108	38	140	39	146	40	123	41	191	42	110	43	139	44	135	45	167	46	110	47	122	48	113	49	106	
	0	162	1	113	2	128	3	166	4	154	5	179	6	169	7	107	8	199	9	168	10	137	11	123	12	184	13	133	14	152	15	126	16	191	17	160	18	143	19	122	20	165	21	169	22	185	23	164	24	194	25	122	26	120	27	102	28	156	29	118	30	171	31	140	32	154	33	122	34	103	35	117	36	184	37	170	38	195	39	135	40	194	41	166	42	141	43	135	44	143	45	100	46	104	47	120	48	184	49	189	
	0	167	1	116	2	146	3	144	4	156	5	132	6	105	7	116	8	131	9	116	10	191	11	131	12	162	13	154	14	134	15	172	16	122	17	125	18	145	19	170	20	140	21	119	22	198	23	122	24	185	25	161	26	124	27	190	28	128	29	143	30	180	31	101	32	106	33	155	34	196	35	131	36	156	37	158	38	103	39	130	40	138	41	158	42	161	43	188	44	167	45	136	46	182	47	123	48	166	49	197	
	0	173	1	100	2	160	3	141	4	115	5	175	6	119	7	184	8	114	9	147	10	123	11	164	12	190	13	176	14	180	15	193	16	167	17	109	18	149	19	176	20	109	21	113	22	164	23	155	24	175	25	149	26	194	27	105	28	114	29	183	30	115	31	186	32	191	33	195	34	190	35	195	36	194	37	183	38	191	39	124	40	163	41	198	42	147	43	111	44	113	45	158	46	160	47	161	48	158	49	154	
	0	163	1	112	2	185	3	175	4	186	5	119	6	188	7	179	8	191	9	103	10	162	11	121	12	115	13	110	14	160	15	167	16	104	17	114	18	141	19	145	20	100	21	141	22	184	23	120	24	102	25	140	26	111	27	179	28	150	29	143	30	170	31	115	32	133	33	150	34	193	35	198	36	103	37	122	38	114	39	158	40	158	41	124	42	163	43	159	44	104	45	191	46	120	47	190	48	137	49	134	
	0	166	1	129	2	198	3	164	4	169	5	112	6	194	7	159	8	108	9	131	10	147	11	168	12	126	13	136	14	173	15	176	16	131	17	160	18	160	19	109	20	178	21	181	22	131	23	197	24	196	25	162	26	158	27	165	28	135	29	138	30	128	31	102	32	120	33	135	34	142	35	128	36	177	37	107	38	189	39	131	40	150	41	127	42	103	43	142	44	100	45	180	46	177	47	105	48	149	49	139	
	0	100	1	195	2	132	3	128	4	110	5	130	6	101	7	198	8	124	9	194	10	128	11	175	12	167	13	192	14	139	15	175	16	155	17	153	18	121	19	120	20	164	21	105	22	150	23	101	24	160	25	112	26	125	27	195	28	147	29	120	30	131	31	105	32	131	33	153	34	131	35	164	36	103	37	158	38	134	39	183	40	110	41	108	42	183	43	178	44	116	45	190	46	147	47	181	48	186	49	183	
	0	112	1	100	2	171	3	173	4	145	5	130	6	128	7	187	8	132	9	186	10	185	11	130	12	175	13	124	14	154	15	125	16	144	17	129	18	125	19	134	20	195	21	113	22	117	23	158	24	178	25	150	26	136	27	149	28	128	29	118	30	134	31	143	32	167	33	111	34	146	35	147	36	126	37	162	38	139	39	157	40	135	41	141	42	120	43	178	44	130	45	195	46	156	47	181	48	118	49	186	
	0	154	1	139	2	108	3	129	4	116	5	128	6	175	7	108	8	175	9	168	10	123	11	104	12	163	13	180	14	154	15	120	16	185	17	114	18	133	19	185	20	199	21	141	22	151	23	179	24	168	25	138	26	181	27	113	28	186	29	104	30	114	31	180	32	140	33	146	34	114	35	105	36	176	37	123	38	162	39	123	40	177	41	181	42	119	43	116	44	134	45	166	46	169	47	111	48	196	49	120	
	0	146	1	144	2	115	3	195	4	144	5	185	6	105	7	104	8	135	9	116	10	127	11	103	12	116	13	142	14	172	15	118	16	159	17	142	18	196	19	118	20	101	21	180	22	106	23	126	24	183	25	134	26	126	27	182	28	135	29	109	30	147	31	123	32	109	33	193	34	160	35	119	36	133	37	158	38	171	39	197	40	111	41	191	42	139	43	180	44	103	45	113	46	119	47	138	48	125	49	165	
	0	128	1	173	2	142	3	139	4	170	5	116	6	181	7	174	8	184	9	167	10	145	11	130	12	162	13	119	14	162	15	121	16	180	17	182	18	106	19	191	20	198	21	109	22	192	23	177	24	143	25	117	26	141	27	148	28	147	29	133	30	123	31	124	32	145	33	164	34	141	35	119	36	125	37	103	38	189	39	157	40	139	41	141	42	126	43	181	44	172	45	162	46	118	47	133	48	175	49	119	
	0	149	1	111	2	125	3	184	4	159	5	132	6	178	7	102	8	143	9	156	10	173	11	180	12	137	13	120	14	162	15	180	16	172	17	177	18	178	19	130	20	141	21	129	22	115	23	144	24	135	25	162	26	191	27	178	28	128	29	111	30	168	31	175	32	188	33	159	34	170	35	169	36	105	37	179	38	160	39	129	40	148	41	172	42	109	43	158	44	191	45	126	46	163	47	132	48	133	49	168	
	0	119	1	190	2	170	3	107	4	169	5	173	6	188	7	138	8	145	9	137	10	151	11	101	12	123	13	156	14	132	15	179	16	143	17	110	18	171	19	130	20	146	21	156	22	166	23	133	24	119	25	177	26	166	27	112	28	149	29	192	30	112	31	148	32	146	33	120	34	149	35	168	36	140	37	143	38	116	39	173	40	155	41	120	42	121	43	157	44	181	45	180	46	152	47	146	48	130	49	105	
	0	111	1	145	2	168	3	178	4	145	5	135	6	126	7	151	8	176	9	192	10	120	11	173	12	151	13	107	14	177	15	174	16	193	17	186	18	157	19	178	20	116	21	146	22	110	23	138	24	198	25	169	26	137	27	135	28	141	29	152	30	149	31	130	32	191	33	196	34	117	35	188	36	103	37	156	38	148	39	169	40	151	41	172	42	171	43	154	44	195	45	182	46	154	47	132	48	138	49	142	
	0	147	1	171	2	100	3	118	4	160	5	106	6	184	7	199	8	107	9	175	10	115	11	126	12	145	13	103	14	106	15	131	16	117	17	172	18	126	19	127	20	108	21	171	22	190	23	194	24	114	25	143	26	163	27	127	28	126	29	152	30	132	31	141	32	194	33	157	34	115	35	176	36	154	37	107	38	116	39	197	40	172	41	158	42	154	43	175	44	194	45	106	46	132	47	102	48	157	49	156	
	0	139	1	158	2	129	3	109	4	105	5	117	6	125	7	176	8	145	9	194	10	141	11	160	12	127	13	101	14	159	15	176	16	114	17	193	18	176	19	114	20	127	21	138	22	124	23	131	24	165	25	144	26	192	27	177	28	150	29	125	30	132	31	108	32	145	33	173	34	172	35	146	36	192	37	120	38	109	39	178	40	126	41	167	42	195	43	197	44	111	45	100	46	153	47	136	48	173	49	104	
	0	198	1	163	2	176	3	165	4	113	5	122	6	112	7	113	8	123	9	137	10	102	11	160	12	154	13	142	14	181	15	158	16	194	17	184	18	144	19	105	20	142	21	176	22	126	23	132	24	196	25	195	26	133	27	188	28	105	29	130	30	179	31	198	32	123	33	118	34	147	35	124	36	129	37	148	38	145	39	193	40	191	41	109	42	122	43	127	44	196	45	112	46	135	47	130	48	141	49	105	
	0	187	1	155	2	127	3	198	4	168	5	168	6	164	7	113	8	103	9	123	10	146	11	125	12	157	13	182	14	129	15	194	16	140	17	106	18	124	19	152	20	194	21	181	22	100	23	144	24	144	25	194	26	169	27	125	28	146	29	167	30	118	31	110	32	167	33	105	34	196	35	173	36	133	37	141	38	146	39	197	40	159	41	152	42	192	43	185	44	119	45	105	46	194	47	128	48	195	49	106	
	0	189	1	166	2	139	3	144	4	130	5	145	6	194	7	137	8	154	9	150	10	155	11	177	12	117	13	186	14	199	15	137	16	198	17	152	18	116	19	179	20	156	21	113	22	192	23	174	24	132	25	107	26	160	27	159	28	132	29	152	30	185	31	118	32	172	33	115	34	174	35	179	36	112	37	129	38	143	39	136	40	118	41	105	42	146	43	187	44	134	45	183	46	115	47	134	48	100	49	195	
	0	126	1	127	2	168	3	130	4	138	5	111	6	165	7	130	8	105	9	187	10	101	11	158	12	124	13	133	14	122	15	173	16	141	17	145	18	176	19	152	20	164	21	195	22	121	23	184	24	126	25	178	26	157	27	191	28	143	29	108	30	130	31	182	32	195	33	144	34	124	35	151	36	194	37	138	38	196	39	122	40	126	41	121	42	191	43	173	44	162	45	123	46	114	47	190	48	172	49	107	
	0	116	1	181	2	135	3	183	4	168	5	118	6	156	7	181	8	121	9	199	10	119	11	131	12	109	13	166	14	139	15	140	16	114	17	194	18	134	19	186	20	196	21	123	22	198	23	170	24	116	25	135	26	134	27	184	28	129	29	190	30	157	31	184	32	181	33	138	34	154	35	102	36	151	37	160	38	119	39	165	40	188	41	106	42	128	43	111	44	196	45	170	46	141	47	132	48	151	49	185	
	0	104	1	161	2	138	3	138	4	174	5	198	6	141	7	154	8	188	9	100	10	190	11	103	12	198	13	125	14	111	15	125	16	195	17	101	18	184	19	177	20	129	21	101	22	169	23	138	24	184	25	191	26	120	27	178	28	178	29	166	30	140	31	141	32	119	33	158	34	121	35	170	36	162	37	144	38	158	39	191	40	188	41	195	42	165	43	143	44	199	45	161	46	118	47	143	48	172	49	184	
	0	125	1	193	2	148	3	114	4	131	5	193	6	101	7	149	8	116	9	163	10	109	11	190	12	115	13	166	14	139	15	161	16	117	17	151	18	145	19	128	20	111	21	129	22	182	23	172	24	131	25	169	26	110	27	181	28	122	29	128	30	116	31	124	32	150	33	112	34	124	35	187	36	175	37	192	38	174	39	160	40	104	41	152	42	127	43	191	44	153	45	144	46	196	47	154	48	155	49	181	
	0	184	1	124	2	159	3	198	4	147	5	113	6	131	7	186	8	121	9	172	10	143	11	123	12	131	13	135	14	102	15	123	16	194	17	197	18	110	19	187	20	175	21	112	22	173	23	189	24	120	25	154	26	121	27	186	28	150	29	133	30	174	31	145	32	146	33	181	34	184	35	188	36	138	37	162	38	178	39	157	40	144	41	103	42	137	43	137	44	126	45	183	46	197	47	189	48	162	49	168	
	0	186	1	186	2	104	3	133	4	147	5	186	6	160	7	114	8	125	9	117	10	149	11	190	12	154	13	190	14	165	15	142	16	157	17	184	18	194	19	105	20	123	21	154	22	176	23	106	24	132	25	179	26	183	27	162	28	116	29	178	30	128	31	103	32	148	33	148	34	150	35	119	36	120	37	116	38	154	39	132	40	140	41	101	42	158	43	173	44	196	45	101	46	130	47	100	48	121	49	130	
	0	177	1	107	2	122	3	197	4	101	5	108	6	119	7	170	8	144	9	114	10	190	11	122	12	119	13	174	14	176	15	178	16	159	17	187	18	130	19	194	20	158	21	179	22	117	23	122	24	100	25	190	26	156	27	116	28	160	29	194	30	106	31	153	32	103	33	124	34	144	35	142	36	139	37	157	38	152	39	101	40	172	41	149	42	116	43	110	44	192	45	198	46	146	47	196	48	161	49	159	
	0	121	1	144	2	106	3	184	4	110	5	140	6	175	7	133	8	120	9	137	10	161	11	105	12	146	13	191	14	142	15	184	16	196	17	130	18	149	19	110	20	173	21	158	22	107	23	177	24	136	25	117	26	106	27	131	28	197	29	106	30	111	31	188	32	116	33	126	34	120	35	178	36	101	37	114	38	123	39	182	40	110	41	107	42	198	43	140	44	190	45	110	46	135	47	143	48	195	49	140	
	0	124	1	147	2	124	3	183	4	181	5	128	6	189	7	176	8	111	9	168	10	107	11	143	12	181	13	110	14	135	15	185	16	156	17	178	18	103	19	153	20	168	21	101	22	166	23	151	24	119	25	109	26	198	27	183	28	139	29	105	30	128	31	193	32	120	33	107	34	123	35	122	36	122	37	132	38	157	39	113	40	100	41	142	42	159	43	117	44	163	45	121	46	155	47	188	48	100	49	147	
	0	117	1	165	2	126	3	114	4	155	5	195	6	143	7	136	8	102	9	109	10	185	11	167	12	195	13	199	14	100	15	107	16	179	17	191	18	123	19	111	20	160	21	150	22	148	23	176	24	192	25	134	26	186	27	114	28	175	29	175	30	162	31	150	32	105	33	102	34	118	35	133	36	113	37	122	38	142	39	138	40	186	41	194	42	105	43	123	44	125	45	180	46	153	47	118	48	116	49	192	
	0	158	1	139	2	198	3	146	4	137	5	199	6	136	7	171	8	188	9	159	10	128	11	131	12	179	13	143	14	128	15	147	16	102	17	118	18	113	19	157	20	190	21	158	22	186	23	168	24	199	25	118	26	149	27	128	28	170	29	181	30	138	31	195	32	157	33	151	34	156	35	134	36	136	37	158	38	165	39	167	40	191	41	161	42	181	43	195	44	146	45	137	46	150	47	189	48	188	49	173	
	0	166	1	185	2	157	3	181	4	118	5	160	6	107	7	185	8	192	9	117	10	124	11	135	12	113	13	157	14	119	15	102	16	142	17	168	18	116	19	194	20	112	21	120	22	198	23	109	24	146	25	135	26	132	27	172	28	195	29	116	30	179	31	143	32	197	33	183	34	112	35	155	36	198	37	126	38	149	39	178	40	157	41	181	42	115	43	133	44	189	45	170	46	148	47	138	48	122	49	138	
	0	162	1	162	2	125	3	160	4	137	5	193	6	188	7	140	8	156	9	153	10	130	11	160	12	123	13	186	14	153	15	114	16	190	17	187	18	177	19	174	20	150	21	170	22	140	23	135	24	191	25	150	26	173	27	154	28	168	29	146	30	147	31	184	32	174	33	111	34	144	35	124	36	116	37	122	38	162	39	104	40	188	41	188	42	157	43	181	44	141	45	199	46	134	47	123	48	108	49	154	
	0	105	1	187	2	128	3	166	4	138	5	148	6	155	7	115	8	199	9	156	10	115	11	182	12	114	13	172	14	172	15	124	16	181	17	192	18	195	19	113	20	128	21	169	22	142	23	100	24	162	25	110	26	143	27	122	28	117	29	113	30	130	31	131	32	188	33	194	34	153	35	136	36	187	37	126	38	159	39	115	40	122	41	150	42	118	43	138	44	125	45	196	46	171	47	106	48	108	49	199	
	0	158	1	164	2	139	3	147	4	114	5	193	6	135	7	160	8	155	9	176	10	141	11	184	12	196	13	134	14	191	15	107	16	188	17	182	18	177	19	199	20	101	21	115	22	121	23	170	24	172	25	150	26	188	27	103	28	131	29	176	30	149	31	146	32	194	33	113	34	139	35	116	36	182	37	181	38	154	39	115	40	103	41	167	42	135	43	116	44	161	45	188	46	155	47	134	48	174	49	154	
	0	178	1	146	2	163	3	107	4	153	5	104	6	188	7	185	8	158	9	122	10	122	11	123	12	135	13	126	14	142	15	186	16	151	17	102	18	188	19	117	20	128	21	171	22	173	23	197	24	170	25	193	26	177	27	105	28	126	29	158	30	173	31	166	32	170	33	104	34	158	35	189	36	114	37	150	38	136	39	153	40	115	41	159	42	102	43	103	44	112	45	120	46	186	47	161	48	171	49	196	
	0	136	1	116	2	110	3	167	4	176	5	184	6	190	7	124	8	146	9	180	10	105	11	173	12	158	13	192	14	128	15	140	16	189	17	160	18	185	19	170	20	124	21	189	22	195	23	152	24	119	25	155	26	102	27	151	28	130	29	133	30	159	31	107	32	175	33	191	34	102	35	116	36	137	37	114	38	120	39	172	40	106	41	110	42	132	43	193	44	130	45	178	46	140	47	114	48	101	49	186	
	0	192	1	149	2	102	3	121	4	103	5	173	6	131	7	163	8	135	9	154	10	198	11	197	12	172	13	185	14	197	15	193	16	169	17	122	18	186	19	137	20	163	21	118	22	197	23	123	24	110	25	143	26	148	27	135	28	107	29	118	30	182	31	148	32	167	33	187	34	159	35	161	36	115	37	100	38	140	39	128	40	125	41	140	42	126	43	135	44	198	45	136	46	170	47	191	48	159	49	197	
	0	188	1	147	2	156	3	177	4	125	5	177	6	145	7	178	8	108	9	126	10	172	11	189	12	139	13	157	14	108	15	144	16	128	17	121	18	134	19	159	20	151	21	186	22	105	23	110	24	135	25	154	26	188	27	180	28	125	29	112	30	135	31	165	32	160	33	154	34	178	35	112	36	120	37	139	38	196	39	112	40	158	41	121	42	103	43	106	44	113	45	101	46	130	47	108	48	128	49	106	
	0	124	1	145	2	191	3	144	4	179	5	196	6	191	7	189	8	134	9	147	10	147	11	154	12	191	13	173	14	165	15	144	16	178	17	198	18	162	19	199	20	154	21	143	22	154	23	111	24	193	25	109	26	180	27	101	28	137	29	154	30	127	31	190	32	154	33	183	34	197	35	111	36	171	37	129	38	196	39	122	40	153	41	179	42	111	43	149	44	146	45	182	46	135	47	184	48	123	49	164	
	0	117	1	193	2	193	3	132	4	137	5	156	6	198	7	106	8	195	9	157	10	116	11	119	12	149	13	106	14	151	15	131	16	136	17	134	18	129	19	127	20	157	21	184	22	156	23	143	24	123	25	190	26	191	27	104	28	182	29	153	30	137	31	120	32	103	33	158	34	127	35	130	36	181	37	143	38	177	39	190	40	115	41	156	42	177	43	127	44	138	45	182	46	191	47	107	48	126	49	102	
	0	101	1	180	2	106	3	147	4	171	5	120	6	192	7	181	8	112	9	147	10	194	11	181	12	116	13	185	14	152	15	178	16	113	17	107	18	100	19	122	20	190	21	160	22	172	23	111	24	138	25	129	26	158	27	134	28	131	29	106	30	177	31	182	32	155	33	161	34	180	35	195	36	123	37	100	38	189	39	169	40	167	41	134	42	192	43	103	44	174	45	152	46	138	47	128	48	184	49	177	
	0	193	1	108	2	109	3	100	4	105	5	113	6	108	7	139	8	178	9	143	10	126	11	193	12	161	13	179	14	106	15	141	16	105	17	171	18	139	19	149	20	104	21	126	22	177	23	127	24	195	25	134	26	104	27	175	28	138	29	160	30	142	31	173	32	196	33	157	34	147	35	143	36	119	37	179	38	196	39	179	40	125	41	115	42	157	43	147	44	148	45	144	46	164	47	174	48	111	49	133	
	0	180	1	146	2	102	3	157	4	186	5	148	6	158	7	148	8	144	9	164	10	131	11	179	12	196	13	135	14	177	15	105	16	172	17	112	18	194	19	141	20	128	21	146	22	106	23	163	24	123	25	172	26	191	27	190	28	119	29	186	30	161	31	152	32	193	33	168	34	146	35	146	36	178	37	134	38	123	39	176	40	149	41	170	42	167	43	157	44	178	45	175	46	164	47	192	48	166	49	195	
	0	157	1	185	2	165	3	104	4	195	5	111	6	105	7	156	8	165	9	104	10	105	11	182	12	191	13	184	14	130	15	118	16	133	17	136	18	113	19	196	20	133	21	174	22	156	23	134	24	131	25	153	26	175	27	120	28	194	29	190	30	168	31	145	32	121	33	110	34	122	35	164	36	140	37	132	38	186	39	156	40	132	41	127	42	196	43	174	44	121	45	137	46	160	47	188	48	123	49	104	
	0	123	1	160	2	109	3	194	4	112	5	199	6	123	7	156	8	197	9	180	10	186	11	111	12	191	13	196	14	126	15	194	16	133	17	103	18	151	19	160	20	102	21	127	22	117	23	123	24	137	25	146	26	195	27	115	28	171	29	118	30	132	31	113	32	124	33	120	34	149	35	128	36	106	37	165	38	122	39	193	40	123	41	177	42	167	43	187	44	189	45	186	46	159	47	105	48	181	49	145	
	0	185	1	177	2	154	3	113	4	108	5	175	6	112	7	117	8	113	9	194	10	129	11	145	12	143	13	148	14	187	15	161	16	191	17	160	18	157	19	196	20	193	21	105	22	176	23	131	24	107	25	162	26	146	27	175	28	117	29	120	30	158	31	146	32	171	33	129	34	125	35	158	36	168	37	107	38	177	39	136	40	144	41	135	42	136	43	188	44	108	45	152	46	126	47	198	48	129	49	190	
	0	141	1	161	2	155	3	191	4	166	5	136	6	177	7	164	8	116	9	113	10	144	11	175	12	147	13	134	14	148	15	122	16	139	17	175	18	130	19	192	20	196	21	155	22	123	23	124	24	128	25	183	26	113	27	138	28	155	29	149	30	169	31	114	32	103	33	139	34	198	35	120	36	131	37	134	38	126	39	137	40	134	41	190	42	175	43	141	44	138	45	112	46	108	47	186	48	105	49	103	
	0	133	1	138	2	145	3	114	4	177	5	146	6	172	7	199	8	168	9	181	10	144	11	100	12	110	13	124	14	126	15	158	16	119	17	199	18	188	19	154	20	132	21	158	22	113	23	185	24	199	25	110	26	157	27	114	28	131	29	123	30	107	31	155	32	158	33	148	34	103	35	184	36	149	37	105	38	120	39	146	40	178	41	162	42	151	43	168	44	193	45	168	46	166	47	190	48	141	49	141	
	0	109	1	136	2	129	3	109	4	139	5	139	6	115	7	180	8	189	9	109	10	133	11	175	12	187	13	197	14	157	15	119	16	128	17	175	18	188	19	109	20	101	21	142	22	174	23	184	24	113	25	109	26	112	27	182	28	176	29	184	30	114	31	149	32	106	33	112	34	192	35	183	36	196	37	198	38	132	39	176	40	106	41	136	42	111	43	188	44	168	45	171	46	162	47	166	48	163	49	109	
	0	131	1	143	2	110	3	135	4	141	5	136	6	102	7	159	8	180	9	174	10	136	11	107	12	147	13	120	14	155	15	186	16	157	17	144	18	111	19	104	20	142	21	192	22	192	23	110	24	187	25	165	26	163	27	184	28	160	29	125	30	115	31	151	32	175	33	181	34	108	35	103	36	147	37	130	38	142	39	193	40	190	41	132	42	100	43	115	44	127	45	130	46	112	47	113	48	156	49	129	
	0	156	1	192	2	193	3	112	4	127	5	110	6	171	7	189	8	142	9	193	10	192	11	142	12	137	13	104	14	118	15	180	16	106	17	120	18	115	19	137	20	141	21	197	22	141	23	145	24	183	25	153	26	195	27	154	28	133	29	186	30	121	31	104	32	175	33	179	34	188	35	131	36	103	37	173	38	150	39	194	40	164	41	180	42	197	43	178	44	121	45	174	46	102	47	153	48	148	49	125	
	0	106	1	149	2	183	3	161	4	193	5	135	6	110	7	156	8	191	9	144	10	174	11	161	12	168	13	194	14	158	15	184	16	184	17	190	18	120	19	183	20	104	21	119	22	130	23	147	24	168	25	164	26	192	27	135	28	170	29	122	30	155	31	127	32	136	33	135	34	148	35	193	36	166	37	199	38	111	39	192	40	139	41	185	42	106	43	133	44	142	45	136	46	110	47	103	48	160	49	145	
	0	106	1	168	2	161	3	196	4	159	5	110	6	173	7	117	8	156	9	164	10	122	11	112	12	198	13	149	14	104	15	131	16	168	17	107	18	176	19	185	20	138	21	169	22	190	23	109	24	107	25	136	26	185	27	108	28	125	29	104	30	145	31	138	32	108	33	163	34	162	35	108	36	156	37	115	38	191	39	152	40	174	41	145	42	102	43	128	44	185	45	123	46	171	47	104	48	126	49	113	
	0	124	1	106	2	101	3	168	4	144	5	127	6	151	7	196	8	135	9	160	10	174	11	152	12	107	13	172	14	164	15	173	16	169	17	177	18	180	19	156	20	179	21	107	22	121	23	113	24	163	25	156	26	133	27	109	28	128	29	131	30	148	31	192	32	140	33	184	34	115	35	188	36	183	37	184	38	103	39	194	40	191	41	138	42	182	43	102	44	102	45	125	46	100	47	138	48	188	49	174	
	0	199	1	196	2	193	3	110	4	115	5	102	6	119	7	154	8	106	9	175	10	169	11	127	12	172	13	188	14	126	15	156	16	129	17	125	18	157	19	179	20	100	21	121	22	134	23	116	24	100	25	146	26	141	27	125	28	149	29	166	30	182	31	107	32	190	33	116	34	137	35	126	36	199	37	146	38	128	39	124	40	171	41	102	42	120	43	192	44	163	45	109	46	117	47	143	48	177	49	168	
	0	187	1	197	2	120	3	127	4	146	5	196	6	148	7	157	8	112	9	109	10	108	11	109	12	195	13	152	14	169	15	158	16	170	17	127	18	132	19	110	20	173	21	176	22	136	23	178	24	145	25	124	26	169	27	162	28	153	29	131	30	183	31	116	32	156	33	121	34	172	35	194	36	188	37	140	38	115	39	181	40	125	41	197	42	103	43	154	44	179	45	177	46	182	47	180	48	100	49	196	
	0	136	1	125	2	102	3	197	4	109	5	101	6	193	7	124	8	158	9	189	10	178	11	126	12	158	13	169	14	177	15	144	16	140	17	175	18	189	19	106	20	109	21	105	22	142	23	100	24	195	25	126	26	114	27	174	28	119	29	178	30	121	31	161	32	101	33	133	34	175	35	146	36	123	37	161	38	144	39	139	40	146	41	140	42	141	43	102	44	162	45	191	46	142	47	169	48	163	49	170	
	0	172	1	180	2	140	3	146	4	168	5	130	6	156	7	133	8	145	9	159	10	184	11	158	12	139	13	159	14	144	15	148	16	181	17	193	18	146	19	153	20	142	21	195	22	169	23	199	24	112	25	193	26	115	27	191	28	150	29	153	30	131	31	115	32	145	33	197	34	191	35	129	36	142	37	124	38	117	39	171	40	154	41	184	42	188	43	126	44	198	45	174	46	186	47	179	48	142	49	161	
	0	145	1	153	2	158	3	196	4	131	5	196	6	181	7	121	8	118	9	188	10	122	11	187	12	139	13	157	14	112	15	153	16	155	17	135	18	149	19	138	20	156	21	199	22	155	23	145	24	163	25	129	26	152	27	121	28	169	29	174	30	104	31	197	32	148	33	165	34	169	35	143	36	112	37	117	38	195	39	108	40	115	41	178	42	190	43	192	44	182	45	149	46	157	47	139	48	198	49	120	
	0	141	1	119	2	140	3	155	4	175	5	166	6	137	7	172	8	167	9	133	10	194	11	100	12	162	13	127	14	108	15	174	16	167	17	103	18	187	19	156	20	134	21	141	22	177	23	194	24	117	25	115	26	198	27	171	28	101	29	129	30	107	31	190	32	125	33	104	34	116	35	181	36	190	37	140	38	120	39	161	40	127	41	105	42	109	43	183	44	156	45	186	46	144	47	179	48	175	49	197	
	0	158	1	111	2	190	3	159	4	120	5	171	6	108	7	117	8	145	9	175	10	126	11	110	12	171	13	171	14	102	15	176	16	110	17	166	18	172	19	113	20	173	21	150	22	134	23	110	24	113	25	101	26	178	27	198	28	168	29	165	30	126	31	193	32	151	33	122	34	155	35	144	36	105	37	105	38	131	39	110	40	140	41	153	42	170	43	162	44	105	45	134	46	132	47	128	48	116	49	125	
	0	134	1	150	2	122	3	114	4	142	5	175	6	160	7	199	8	124	9	123	10	165	11	183	12	119	13	158	14	136	15	123	16	150	17	139	18	103	19	148	20	141	21	113	22	132	23	188	24	156	25	121	26	198	27	175	28	194	29	103	30	196	31	160	32	174	33	115	34	162	35	194	36	143	37	173	38	161	39	113	40	179	41	188	42	162	43	100	44	135	45	192	46	139	47	188	48	129	49	172	
	0	106	1	169	2	123	3	142	4	111	5	129	6	120	7	110	8	161	9	147	10	177	11	154	12	124	13	149	14	170	15	125	16	106	17	145	18	138	19	159	20	115	21	106	22	177	23	115	24	164	25	155	26	114	27	188	28	137	29	190	30	194	31	146	32	107	33	199	34	112	35	147	36	138	37	180	38	130	39	139	40	190	41	149	42	165	43	192	44	185	45	173	46	145	47	198	48	117	49	163	
	0	163	1	114	2	136	3	127	4	156	5	167	6	102	7	197	8	151	9	138	10	106	11	137	12	128	13	139	14	114	15	122	16	106	17	121	18	192	19	125	20	114	21	127	22	146	23	165	24	101	25	186	26	175	27	163	28	159	29	163	30	147	31	140	32	194	33	197	34	130	35	156	36	195	37	132	38	184	39	164	40	132	41	121	42	142	43	105	44	183	45	186	46	137	47	182	48	199	49	142	
	0	175	1	123	2	173	3	146	4	176	5	151	6	194	7	111	8	198	9	193	10	120	11	105	12	145	13	113	14	110	15	145	16	190	17	197	18	118	19	198	20	175	21	111	22	126	23	134	24	181	25	125	26	159	27	191	28	114	29	152	30	147	31	162	32	166	33	191	34	194	35	124	36	169	37	136	38	155	39	140	40	169	41	141	42	148	43	174	44	187	45	185	46	132	47	194	48	197	49	158	
	0	121	1	141	2	199	3	122	4	116	5	140	6	194	7	194	8	113	9	146	10	101	11	139	12	123	13	120	14	157	15	133	16	104	17	189	18	148	19	127	20	138	21	197	22	114	23	140	24	180	25	143	26	159	27	148	28	172	29	122	30	117	31	150	32	125	33	169	34	166	35	110	36	152	37	128	38	147	39	112	40	159	41	175	42	161	43	156	44	187	45	133	46	191	47	185	48	189	49	118	
	0	149	1	196	2	189	3	193	4	172	5	162	6	138	7	121	8	176	9	178	10	165	11	192	12	131	13	154	14	176	15	138	16	110	17	118	18	163	19	193	20	115	21	119	22	175	23	126	24	162	25	113	26	151	27	184	28	149	29	191	30	128	31	109	32	181	33	104	34	160	35	168	36	102	37	167	38	100	39	150	40	147	41	112	42	148	43	102	44	134	45	150	46	172	47	197	48	131	49	198	
	0	120	1	100	2	161	3	122	4	168	5	143	6	121	7	136	8	166	9	102	10	128	11	142	12	110	13	127	14	123	15	146	16	192	17	143	18	186	19	114	20	161	21	188	22	174	23	173	24	124	25	193	26	180	27	198	28	176	29	120	30	160	31	147	32	100	33	100	34	139	35	175	36	170	37	186	38	165	39	148	40	197	41	186	42	154	43	115	44	109	45	168	46	112	47	170	48	101	49	198	
	0	182	1	164	2	161	3	106	4	108	5	118	6	142	7	196	8	108	9	198	10	156	11	132	12	153	13	112	14	143	15	114	16	199	17	192	18	133	19	139	20	127	21	186	22	115	23	161	24	104	25	106	26	139	27	100	28	147	29	144	30	171	31	108	32	183	33	109	34	113	35	167	36	170	37	173	38	186	39	159	40	133	41	145	42	172	43	193	44	103	45	113	46	108	47	161	48	162	49	114	
	0	198	1	102	2	114	3	124	4	197	5	195	6	170	7	167	8	187	9	107	10	168	11	177	12	177	13	146	14	125	15	185	16	123	17	133	18	151	19	156	20	188	21	108	22	101	23	168	24	133	25	196	26	181	27	126	28	188	29	126	30	152	31	156	32	123	33	175	34	126	35	145	36	167	37	139	38	160	39	193	40	141	41	178	42	168	43	132	44	104	45	195	46	197	47	164	48	173	49	146	
	0	112	1	138	2	119	3	168	4	194	5	155	6	149	7	111	8	196	9	188	10	167	11	113	12	149	13	120	14	142	15	187	16	168	17	186	18	105	19	129	20	146	21	157	22	125	23	143	24	186	25	161	26	183	27	108	28	140	29	181	30	105	31	188	32	108	33	116	34	120	35	149	36	138	37	121	38	106	39	155	40	115	41	165	42	124	43	121	44	153	45	176	46	106	47	100	48	175	49	172	
	0	162	1	106	2	124	3	147	4	175	5	151	6	107	7	133	8	143	9	164	10	125	11	133	12	105	13	166	14	139	15	160	16	190	17	175	18	179	19	112	20	134	21	156	22	190	23	140	24	196	25	178	26	156	27	109	28	131	29	171	30	195	31	156	32	123	33	154	34	185	35	159	36	107	37	151	38	162	39	163	40	168	41	128	42	199	43	188	44	188	45	172	46	198	47	104	48	158	49	169	
	0	158	1	186	2	159	3	183	4	170	5	198	6	127	7	141	8	190	9	147	10	177	11	188	12	165	13	181	14	135	15	164	16	111	17	173	18	142	19	197	20	108	21	151	22	114	23	199	24	106	25	122	26	190	27	129	28	148	29	100	30	140	31	148	32	107	33	152	34	177	35	118	36	158	37	161	38	136	39	146	40	118	41	185	42	108	43	152	44	101	45	132	46	179	47	144	48	153	49	148	
	0	158	1	139	2	187	3	121	4	152	5	170	6	145	7	102	8	168	9	103	10	118	11	142	12	111	13	180	14	118	15	130	16	122	17	115	18	131	19	108	20	156	21	136	22	166	23	157	24	120	25	149	26	178	27	176	28	159	29	171	30	102	31	161	32	117	33	107	34	142	35	158	36	163	37	128	38	142	39	141	40	176	41	193	42	103	43	180	44	152	45	164	46	123	47	107	48	123	49	188	
	0	195	1	127	2	159	3	184	4	136	5	101	6	114	7	152	8	144	9	177	10	190	11	145	12	115	13	192	14	110	15	151	16	186	17	169	18	186	19	150	20	155	21	187	22	184	23	107	24	191	25	117	26	147	27	112	28	122	29	173	30	129	31	175	32	149	33	123	34	136	35	137	36	174	37	162	38	113	39	182	40	148	41	163	42	141	43	165	44	172	45	109	46	169	47	109	48	185	49	110	
	0	198	1	168	2	198	3	192	4	115	5	101	6	159	7	146	8	167	9	101	10	170	11	106	12	179	13	106	14	127	15	199	16	176	17	163	18	150	19	147	20	173	21	133	22	153	23	190	24	196	25	120	26	134	27	164	28	155	29	183	30	163	31	109	32	143	33	193	34	109	35	164	36	101	37	111	38	122	39	105	40	109	41	182	42	133	43	135	44	105	45	167	46	117	47	111	48	150	49	172	
	0	197	1	170	2	110	3	111	4	135	5	167	6	146	7	153	8	103	9	120	10	170	11	111	12	143	13	107	14	168	15	181	16	157	17	150	18	190	19	145	20	165	21	140	22	117	23	172	24	129	25	143	26	111	27	148	28	147	29	107	30	124	31	129	32	143	33	189	34	156	35	186	36	107	37	137	38	164	39	133	40	159	41	102	42	184	43	135	44	177	45	179	46	142	47	173	48	178	49	155	
	0	154	1	111	2	175	3	187	4	107	5	159	6	100	7	116	8	149	9	119	10	199	11	176	12	103	13	157	14	156	15	193	16	119	17	116	18	116	19	117	20	118	21	159	22	168	23	130	24	184	25	102	26	154	27	138	28	113	29	141	30	184	31	131	32	146	33	173	34	108	35	136	36	118	37	198	38	120	39	112	40	171	41	187	42	134	43	173	44	146	45	110	46	148	47	178	48	152	49	123	
	0	127	1	122	2	195	3	164	4	153	5	155	6	106	7	119	8	109	9	102	10	189	11	164	12	183	13	102	14	164	15	135	16	105	17	197	18	174	19	198	20	182	21	132	22	106	23	147	24	114	25	142	26	195	27	100	28	119	29	115	30	110	31	193	32	135	33	188	34	184	35	199	36	190	37	155	38	166	39	120	40	195	41	117	42	177	43	102	44	162	45	135	46	170	47	133	48	186	49	133	
	0	181	1	102	2	166	3	136	4	188	5	105	6	118	7	176	8	147	9	156	10	124	11	170	12	144	13	184	14	148	15	151	16	101	17	181	18	174	19	120	20	132	21	188	22	159	23	126	24	193	25	153	26	147	27	172	28	103	29	187	30	157	31	133	32	121	33	198	34	196	35	112	36	115	37	188	38	103	39	166	40	194	41	161	42	141	43	105	44	128	45	106	46	167	47	155	48	193	49	154	
	0	195	1	187	2	108	3	122	4	145	5	198	6	127	7	110	8	137	9	199	10	151	11	101	12	132	13	119	14	126	15	112	16	120	17	183	18	166	19	132	20	176	21	100	22	167	23	180	24	124	25	197	26	154	27	110	28	167	29	137	30	129	31	173	32	107	33	196	34	151	35	104	36	142	37	100	38	109	39	192	40	175	41	104	42	130	43	147	44	175	45	153	46	121	47	113	48	178	49	154	
	0	149	1	173	2	141	3	194	4	143	5	129	6	195	7	166	8	116	9	179	10	189	11	120	12	101	13	154	14	135	15	106	16	128	17	197	18	137	19	140	20	103	21	136	22	170	23	165	24	149	25	194	26	105	27	194	28	126	29	184	30	154	31	129	32	137	33	182	34	175	35	165	36	141	37	123	38	120	39	175	40	147	41	171	42	140	43	137	44	128	45	190	46	131	47	163	48	143	49	109	
	0	106	1	194	2	119	3	169	4	135	5	152	6	194	7	176	8	122	9	175	10	141	11	122	12	199	13	104	14	160	15	137	16	165	17	148	18	166	19	158	20	180	21	169	22	196	23	125	24	177	25	134	26	179	27	141	28	128	29	161	30	136	31	184	32	186	33	147	34	155	35	156	36	104	37	195	38	163	39	134	40	147	41	199	42	133	43	126	44	155	45	190	46	140	47	169	48	136	49	159	
	0	110	1	151	2	180	3	148	4	114	5	125	6	119	7	177	8	186	9	166	10	127	11	109	12	139	13	158	14	165	15	189	16	187	17	168	18	170	19	192	20	191	21	141	22	123	23	110	24	151	25	114	26	196	27	140	28	128	29	138	30	175	31	174	32	141	33	126	34	186	35	188	36	133	37	146	38	194	39	149	40	172	41	121	42	151	43	102	44	184	45	127	46	153	47	159	48	156	49	123	
	0	153	1	183	2	186	3	131	4	198	5	120	6	107	7	150	8	152	9	154	10	112	11	164	12	159	13	190	14	158	15	126	16	119	17	165	18	133	19	102	20	115	21	107	22	126	23	172	24	163	25	126	26	196	27	163	28	177	29	138	30	150	31	109	32	197	33	142	34	128	35	149	36	105	37	106	38	176	39	143	40	125	41	172	42	180	43	111	44	130	45	186	46	177	47	136	48	118	49	102	
	0	138	1	108	2	169	3	118	4	143	5	108	6	107	7	187	8	133	9	114	10	170	11	160	12	185	13	115	14	138	15	139	16	193	17	172	18	175	19	195	20	163	21	120	22	176	23	102	24	180	25	135	26	159	27	103	28	184	29	107	30	157	31	149	32	177	33	100	34	156	35	166	36	121	37	111	38	178	39	166	40	189	41	160	42	102	43	164	44	164	45	148	46	143	47	155	48	118	49	106	
	0	161	1	131	2	183	3	138	4	109	5	195	6	116	7	128	8	171	9	143	10	169	11	100	12	191	13	147	14	196	15	102	16	153	17	123	18	150	19	197	20	142	21	147	22	115	23	157	24	121	25	150	26	160	27	129	28	194	29	166	30	122	31	125	32	114	33	134	34	126	35	173	36	116	37	105	38	173	39	138	40	161	41	136	42	177	43	190	44	143	45	155	46	113	47	102	48	191	49	158	
	0	162	1	166	2	197	3	117	4	163	5	177	6	117	7	151	8	173	9	186	10	173	11	156	12	176	13	167	14	115	15	137	16	113	17	128	18	169	19	121	20	118	21	182	22	102	23	122	24	147	25	178	26	183	27	160	28	103	29	148	30	179	31	150	32	106	33	180	34	137	35	154	36	162	37	104	38	137	39	181	40	178	41	158	42	194	43	124	44	138	45	114	46	171	47	159	48	155	49	143	
	0	152	1	118	2	150	3	126	4	116	5	179	6	108	7	159	8	137	9	121	10	130	11	120	12	152	13	135	14	198	15	150	16	192	17	124	18	194	19	114	20	198	21	179	22	152	23	138	24	195	25	155	26	171	27	108	28	122	29	161	30	138	31	172	32	196	33	163	34	179	35	111	36	178	37	161	38	160	39	170	40	146	41	187	42	118	43	190	44	195	45	177	46	198	47	198	48	147	49	168	
	0	165	1	100	2	150	3	150	4	142	5	165	6	125	7	141	8	136	9	183	10	189	11	145	12	171	13	172	14	183	15	123	16	181	17	161	18	125	19	155	20	130	21	130	22	107	23	126	24	159	25	118	26	147	27	101	28	125	29	180	30	114	31	197	32	122	33	148	34	197	35	124	36	134	37	171	38	177	39	118	40	159	41	173	42	151	43	173	44	165	45	117	46	151	47	175	48	146	49	164	
	0	116	1	177	2	199	3	144	4	142	5	118	6	174	7	109	8	188	9	102	10	112	11	181	12	129	13	185	14	120	15	167	16	126	17	104	18	129	19	122	20	133	21	194	22	186	23	156	24	129	25	188	26	106	27	143	28	102	29	171	30	199	31	101	32	128	33	188	34	151	35	132	36	184	37	134	38	129	39	117	40	147	41	176	42	114	43	168	44	180	45	110	46	182	47	190	48	157	49	174	
	0	182	1	155	2	158	3	152	4	104	5	167	6	150	7	147	8	171	9	157	10	126	11	123	12	177	13	194	14	112	15	163	16	149	17	149	18	169	19	167	20	102	21	147	22	151	23	136	24	124	25	178	26	191	27	101	28	153	29	191	30	187	31	115	32	171	33	169	34	131	35	141	36	152	37	134	38	158	39	168	40	151	41	112	42	176	43	106	44	159	45	144	46	192	47	130	48	146	49	183	
	0	193	1	137	2	164	3	183	4	141	5	169	6	158	7	107	8	185	9	174	10	162	11	195	12	119	13	109	14	193	15	165	16	198	17	197	18	140	19	160	20	170	21	181	22	140	23	107	24	156	25	105	26	153	27	156	28	165	29	133	30	146	31	155	32	131	33	172	34	175	35	157	36	128	37	155	38	115	39	170	40	152	41	185	42	158	43	183	44	113	45	166	46	115	47	178	48	162	49	136	
	0	172	1	155	2	109	3	190	4	139	5	135	6	106	7	148	8	111	9	184	10	138	11	145	12	164	13	137	14	129	15	100	16	104	17	126	18	116	19	118	20	136	21	183	22	162	23	117	24	115	25	173	26	102	27	134	28	138	29	166	30	175	31	193	32	170	33	122	34	100	35	197	36	155	37	139	38	110	39	131	40	173	41	122	42	128	43	113	44	145	45	164	46	145	47	160	48	149	49	148	
	0	114	1	183	2	169	3	120	4	173	5	175	6	179	7	183	8	149	9	187	10	126	11	133	12	136	13	133	14	148	15	189	16	190	17	132	18	169	19	112	20	188	21	178	22	144	23	172	24	150	25	105	26	169	27	189	28	113	29	137	30	140	31	100	32	125	33	185	34	186	35	154	36	119	37	183	38	141	39	107	40	191	41	187	42	199	43	180	44	142	45	196	46	144	47	152	48	115	49	142	
	0	177	1	178	2	180	3	180	4	118	5	100	6	108	7	138	8	163	9	111	10	119	11	167	12	184	13	191	14	114	15	104	16	170	17	163	18	173	19	173	20	137	21	155	22	123	23	178	24	120	25	118	26	126	27	122	28	148	29	115	30	116	31	196	32	102	33	192	34	142	35	194	36	121	37	160	38	175	39	103	40	112	41	195	42	188	43	198	44	104	45	135	46	144	47	177	48	185	49	167	
	0	123	1	184	2	116	3	177	4	146	5	102	6	178	7	156	8	110	9	163	10	187	11	177	12	180	13	148	14	109	15	174	16	193	17	152	18	144	19	178	20	134	21	128	22	167	23	192	24	141	25	133	26	162	27	110	28	119	29	127	30	177	31	145	32	109	33	158	34	180	35	103	36	134	37	113	38	192	39	126	40	159	41	166	42	117	43	136	44	148	45	196	46	166	47	185	48	191	49	134	
	0	155	1	136	2	162	3	181	4	102	5	159	6	152	7	193	8	130	9	106	10	172	11	166	12	104	13	122	14	159	15	129	16	199	17	187	18	106	19	134	20	167	21	111	22	177	23	196	24	107	25	119	26	131	27	172	28	140	29	113	30	178	31	199	32	158	33	124	34	146	35	115	36	183	37	111	38	186	39	142	40	134	41	161	42	154	43	122	44	198	45	117	46	105	47	121	48	136	49	155	
	0	147	1	133	2	123	3	119	4	156	5	197	6	123	7	194	8	101	9	126	10	184	11	105	12	175	13	144	14	170	15	137	16	178	17	109	18	154	19	169	20	187	21	124	22	168	23	141	24	198	25	132	26	113	27	167	28	151	29	196	30	103	31	138	32	120	33	147	34	175	35	163	36	136	37	161	38	139	39	110	40	103	41	176	42	190	43	117	44	151	45	105	46	137	47	142	48	123	49	187	
	0	172	1	124	2	130	3	143	4	110	5	144	6	163	7	163	8	187	9	108	10	145	11	192	12	140	13	147	14	150	15	195	16	188	17	119	18	197	19	199	20	121	21	149	22	160	23	117	24	197	25	103	26	164	27	182	28	145	29	105	30	136	31	142	32	137	33	161	34	105	35	182	36	118	37	168	38	142	39	103	40	108	41	179	42	178	43	183	44	107	45	176	46	143	47	173	48	174	49	114	
	0	178	1	192	2	183	3	132	4	133	5	138	6	134	7	180	8	159	9	135	10	189	11	105	12	198	13	189	14	165	15	199	16	131	17	166	18	179	19	151	20	181	21	129	22	190	23	148	24	148	25	103	26	104	27	184	28	170	29	122	30	128	31	185	32	121	33	116	34	184	35	167	36	105	37	197	38	165	39	126	40	171	41	115	42	109	43	134	44	172	45	120	46	135	47	183	48	163	49	183	
	0	177	1	148	2	191	3	132	4	143	5	140	6	137	7	112	8	112	9	159	10	184	11	120	12	199	13	199	14	180	15	195	16	133	17	162	18	117	19	164	20	117	21	145	22	186	23	195	24	129	25	136	26	178	27	143	28	152	29	101	30	107	31	121	32	133	33	107	34	113	35	184	36	115	37	158	38	126	39	136	40	142	41	145	42	172	43	173	44	147	45	173	46	181	47	105	48	148	49	181	
	0	199	1	110	2	167	3	184	4	107	5	135	6	153	7	106	8	101	9	159	10	183	11	188	12	129	13	124	14	189	15	139	16	105	17	161	18	128	19	188	20	123	21	109	22	130	23	177	24	163	25	153	26	179	27	138	28	178	29	181	30	167	31	197	32	182	33	168	34	151	35	160	36	178	37	115	38	182	39	110	40	164	41	183	42	193	43	172	44	106	45	131	46	147	47	154	48	163	49	148	
	0	120	1	107	2	188	3	120	4	184	5	169	6	188	7	138	8	148	9	155	10	112	11	132	12	100	13	108	14	155	15	149	16	132	17	181	18	122	19	142	20	110	21	195	22	176	23	119	24	106	25	110	26	118	27	167	28	118	29	115	30	150	31	164	32	195	33	173	34	117	35	117	36	156	37	180	38	151	39	178	40	102	41	175	42	175	43	174	44	113	45	151	46	173	47	165	48	107	49	133	
	0	121	1	114	2	127	3	121	4	104	5	192	6	146	7	190	8	113	9	112	10	194	11	154	12	142	13	101	14	138	15	170	16	166	17	148	18	138	19	194	20	181	21	124	22	156	23	147	24	163	25	195	26	121	27	171	28	189	29	160	30	112	31	111	32	173	33	137	34	128	35	144	36	117	37	165	38	160	39	191	40	187	41	129	42	179	43	155	44	112	45	147	46	113	47	133	48	155	49	112	
	0	187	1	179	2	153	3	153	4	119	5	195	6	152	7	199	8	176	9	122	10	197	11	167	12	142	13	117	14	187	15	119	16	125	17	104	18	145	19	106	20	192	21	170	22	176	23	184	24	193	25	145	26	127	27	179	28	144	29	115	30	144	31	199	32	145	33	159	34	172	35	112	36	135	37	150	38	194	39	193	40	131	41	153	42	104	43	197	44	126	45	155	46	103	47	122	48	130	49	185	
	0	135	1	175	2	116	3	186	4	100	5	151	6	132	7	118	8	151	9	164	10	178	11	115	12	124	13	147	14	118	15	110	16	161	17	141	18	143	19	132	20	144	21	142	22	164	23	117	24	143	25	162	26	111	27	130	28	145	29	116	30	188	31	167	32	196	33	185	34	142	35	104	36	198	37	167	38	197	39	185	40	141	41	155	42	168	43	178	44	125	45	132	46	145	47	172	48	116	49	132	
	0	132	1	146	2	172	3	170	4	161	5	144	6	185	7	194	8	126	9	110	10	121	11	167	12	169	13	194	14	199	15	111	16	119	17	103	18	144	19	140	20	139	21	134	22	161	23	134	24	157	25	143	26	109	27	124	28	198	29	198	30	118	31	149	32	125	33	184	34	125	35	169	36	137	37	120	38	187	39	130	40	115	41	130	42	127	43	169	44	179	45	199	46	117	47	141	48	130	49	192	
	0	196	1	125	2	117	3	169	4	185	5	107	6	123	7	183	8	162	9	177	10	114	11	138	12	150	13	149	14	168	15	129	16	150	17	118	18	128	19	107	20	192	21	101	22	114	23	162	24	115	25	146	26	157	27	140	28	180	29	111	30	140	31	142	32	112	33	131	34	130	35	138	36	176	37	185	38	159	39	101	40	122	41	184	42	131	43	193	44	145	45	159	46	178	47	169	48	108	49	166	
	0	170	1	171	2	196	3	140	4	142	5	191	6	113	7	116	8	163	9	182	10	155	11	138	12	149	13	138	14	110	15	131	16	139	17	153	18	191	19	125	20	196	21	142	22	166	23	169	24	159	25	143	26	106	27	104	28	158	29	125	30	144	31	145	32	183	33	163	34	140	35	185	36	164	37	133	38	104	39	169	40	145	41	105	42	191	43	185	44	128	45	111	46	107	47	102	48	189	49	139	
	0	168	1	158	2	192	3	173	4	122	5	192	6	113	7	124	8	185	9	134	10	170	11	177	12	160	13	127	14	171	15	194	16	111	17	106	18	147	19	119	20	122	21	158	22	131	23	157	24	103	25	132	26	130	27	126	28	127	29	139	30	117	31	198	32	191	33	112	34	108	35	191	36	106	37	144	38	172	39	117	40	123	41	119	42	179	43	136	44	177	45	199	46	103	47	178	48	165	49	130	
	0	128	1	182	2	177	3	195	4	126	5	119	6	160	7	172	8	119	9	187	10	146	11	161	12	145	13	127	14	182	15	107	16	111	17	124	18	162	19	151	20	115	21	152	22	199	23	179	24	189	25	159	26	171	27	179	28	170	29	153	30	115	31	194	32	159	33	197	34	179	35	124	36	121	37	125	38	165	39	104	40	134	41	185	42	132	43	127	44	167	45	110	46	183	47	103	48	170	49	179	
	0	142	1	163	2	159	3	142	4	138	5	176	6	163	7	137	8	134	9	157	10	168	11	177	12	177	13	124	14	196	15	125	16	122	17	144	18	195	19	100	20	134	21	120	22	116	23	144	24	129	25	178	26	130	27	119	28	146	29	141	30	161	31	132	32	141	33	169	34	193	35	140	36	183	37	120	38	145	39	191	40	101	41	126	42	113	43	157	44	102	45	162	46	186	47	169	48	175	49	196	
	0	162	1	189	2	136	3	181	4	169	5	181	6	109	7	137	8	142	9	127	10	126	11	196	12	124	13	164	14	157	15	180	16	162	17	140	18	179	19	150	20	193	21	156	22	178	23	133	24	181	25	197	26	102	27	176	28	102	29	122	30	130	31	176	32	126	33	162	34	150	35	125	36	132	37	168	38	136	39	198	40	195	41	196	42	135	43	101	44	138	45	171	46	172	47	194	48	144	49	192	
	0	152	1	199	2	169	3	141	4	120	5	168	6	120	7	133	8	113	9	192	10	103	11	179	12	155	13	140	14	137	15	165	16	153	17	130	18	150	19	172	20	197	21	151	22	142	23	115	24	138	25	199	26	176	27	188	28	100	29	181	30	117	31	146	32	173	33	141	34	162	35	193	36	194	37	189	38	111	39	180	40	156	41	180	42	114	43	109	44	110	45	188	46	144	47	132	48	188	49	168	
	0	191	1	190	2	102	3	114	4	197	5	165	6	162	7	162	8	157	9	104	10	111	11	102	12	188	13	199	14	115	15	162	16	143	17	161	18	178	19	113	20	164	21	120	22	187	23	151	24	175	25	112	26	162	27	103	28	144	29	109	30	187	31	121	32	150	33	161	34	177	35	148	36	162	37	136	38	160	39	134	40	154	41	198	42	158	43	192	44	101	45	184	46	121	47	153	48	105	49	113	
	0	166	1	164	2	101	3	108	4	177	5	166	6	137	7	159	8	169	9	110	10	100	11	182	12	131	13	187	14	188	15	118	16	147	17	184	18	188	19	125	20	167	21	195	22	151	23	142	24	101	25	169	26	157	27	152	28	140	29	143	30	108	31	132	32	171	33	165	34	149	35	160	36	162	37	199	38	125	39	110	40	150	41	133	42	172	43	161	44	171	45	129	46	177	47	180	48	160	49	161	
	0	135	1	177	2	128	3	158	4	123	5	134	6	120	7	183	8	110	9	162	10	122	11	199	12	180	13	198	14	189	15	162	16	128	17	160	18	103	19	168	20	155	21	102	22	192	23	132	24	152	25	176	26	196	27	100	28	128	29	172	30	188	31	142	32	123	33	158	34	169	35	154	36	103	37	175	38	175	39	123	40	190	41	152	42	166	43	169	44	188	45	172	46	140	47	173	48	159	49	156	
	0	159	1	121	2	130	3	195	4	188	5	190	6	104	7	185	8	129	9	130	10	146	11	181	12	191	13	156	14	161	15	134	16	169	17	144	18	167	19	188	20	114	21	105	22	136	23	112	24	133	25	137	26	116	27	174	28	144	29	115	30	188	31	124	32	138	33	124	34	159	35	104	36	151	37	172	38	164	39	175	40	154	41	133	42	102	43	116	44	129	45	139	46	179	47	115	48	149	49	195	
	0	166	1	183	2	121	3	189	4	108	5	156	6	174	7	120	8	114	9	163	10	113	11	184	12	117	13	160	14	105	15	123	16	170	17	109	18	115	19	190	20	161	21	137	22	112	23	133	24	193	25	176	26	162	27	162	28	151	29	115	30	195	31	175	32	177	33	112	34	159	35	170	36	118	37	131	38	114	39	177	40	188	41	124	42	123	43	131	44	125	45	140	46	115	47	157	48	130	49	107	
	0	117	1	180	2	177	3	197	4	158	5	184	6	155	7	130	8	194	9	119	10	140	11	129	12	167	13	188	14	136	15	164	16	114	17	133	18	182	19	125	20	136	21	164	22	174	23	184	24	165	25	117	26	108	27	140	28	145	29	131	30	188	31	114	32	117	33	102	34	130	35	190	36	113	37	140	38	120	39	109	40	140	41	136	42	154	43	108	44	120	45	102	46	158	47	102	48	176	49	154	
	0	148	1	125	2	104	3	117	4	118	5	143	6	169	7	138	8	150	9	129	10	122	11	195	12	180	13	185	14	135	15	183	16	163	17	164	18	168	19	164	20	187	21	166	22	154	23	198	24	181	25	182	26	118	27	130	28	180	29	155	30	163	31	109	32	181	33	169	34	159	35	137	36	162	37	155	38	101	39	102	40	167	41	145	42	134	43	151	44	117	45	141	46	191	47	100	48	184	49	118	
	0	127	1	165	2	125	3	133	4	114	5	100	6	169	7	154	8	178	9	159	10	142	11	131	12	105	13	118	14	192	15	136	16	160	17	191	18	138	19	137	20	143	21	117	22	191	23	101	24	194	25	138	26	112	27	121	28	160	29	153	30	134	31	130	32	107	33	141	34	137	35	145	36	186	37	108	38	139	39	195	40	179	41	170	42	191	43	193	44	151	45	196	46	161	47	138	48	155	49	107	
	0	148	1	156	2	189	3	170	4	119	5	105	6	178	7	161	8	121	9	134	10	172	11	154	12	183	13	155	14	135	15	106	16	120	17	138	18	136	19	196	20	194	21	183	22	121	23	153	24	172	25	109	26	145	27	168	28	168	29	111	30	193	31	130	32	170	33	186	34	180	35	150	36	190	37	126	38	172	39	199	40	143	41	175	42	122	43	142	44	169	45	105	46	128	47	111	48	174	49	185	
	0	165	1	101	2	169	3	117	4	189	5	138	6	196	7	164	8	171	9	114	10	193	11	143	12	166	13	171	14	160	15	139	16	156	17	117	18	143	19	110	20	154	21	144	22	147	23	173	24	101	25	147	26	119	27	192	28	197	29	101	30	107	31	114	32	149	33	143	34	166	35	177	36	166	37	196	38	189	39	142	40	109	41	118	42	100	43	198	44	137	45	170	46	196	47	176	48	133	49	195	