200 50 1
50
	0	135	1	133	2	123	3	106	4	161	5	131	6	146	7	131	8	179	9	189	10	109	11	156	12	180	13	181	14	179	15	143	16	196	17	138	18	153	19	198	20	159	21	198	22	138	23	182	24	191	25	162	26	187	27	141	28	180	29	198	30	116	31	119	32	180	33	133	34	171	35	177	36	100	37	110	38	185	39	145	40	140	41	169	42	171	43	114	44	191	45	139	46	186	47	147	48	148	49	156	
	0	131	1	198	2	185	3	103	4	139	5	135	6	141	7	177	8	174	9	144	10	153	11	104	12	167	13	171	14	199	15	163	16	160	17	194	18	127	19	195	20	144	21	124	22	139	23	180	24	116	25	142	26	155	27	158	28	142	29	107	30	118	31	159	32	101	33	193	34	133	35	117	36	113	37	114	38	174	39	162	40	122	41	190	42	189	43	144	44	157	45	156	46	150	47	184	48	175	49	141	
	0	182	1	166	2	143	3	174	4	136	5	154	6	119	7	184	8	168	9	147	10	179	11	109	12	124	13	182	14	142	15	167	16	119	17	123	18	173	19	198	20	172	21	135	22	154	23	113	24	167	25	109	26	194	27	109	28	107	29	134	30	191	31	176	32	128	33	100	34	134	35	109	36	123	37	148	38	101	39	105	40	169	41	148	42	185	43	118	44	113	45	172	46	170	47	165	48	115	49	114	
	0	156	1	161	2	138	3	145	4	162	5	132	6	132	7	171	8	106	9	119	10	161	11	130	12	125	13	125	14	126	15	165	16	129	17	105	18	113	19	196	20	165	21	172	22	135	23	125	24	155	25	182	26	105	27	163	28	174	29	190	30	164	31	137	32	140	33	189	34	180	35	101	36	111	37	116	38	191	39	187	40	120	41	170	42	148	43	176	44	152	45	167	46	159	47	188	48	163	49	144	
	0	104	1	156	2	143	3	101	4	181	5	198	6	183	7	145	8	140	9	114	10	173	11	166	12	126	13	145	14	114	15	104	16	122	17	109	18	120	19	104	20	198	21	197	22	102	23	165	24	132	25	185	26	124	27	159	28	132	29	181	30	198	31	104	32	114	33	166	34	108	35	108	36	184	37	129	38	156	39	114	40	175	41	185	42	184	43	122	44	163	45	145	46	194	47	182	48	104	49	179	
	0	170	1	148	2	191	3	168	4	195	5	161	6	166	7	171	8	190	9	180	10	141	11	190	12	144	13	102	14	182	15	131	16	199	17	142	18	148	19	105	20	145	21	147	22	140	23	136	24	166	25	105	26	129	27	110	28	155	29	177	30	162	31	165	32	188	33	152	34	122	35	165	36	130	37	139	38	148	39	199	40	121	41	190	42	133	43	152	44	142	45	194	46	144	47	116	48	189	49	154	
	0	100	1	124	2	164	3	166	4	133	5	151	6	175	7	191	8	197	9	192	10	127	11	155	12	145	13	153	14	182	15	164	16	105	17	111	18	120	19	104	20	172	21	110	22	138	23	125	24	157	25	141	26	173	27	160	28	188	29	176	30	185	31	188	32	186	33	166	34	155	35	115	36	189	37	145	38	132	39	168	40	118	41	194	42	185	43	185	44	104	45	109	46	137	47	137	48	186	49	130	
	0	170	1	111	2	157	3	190	4	100	5	101	6	169	7	157	8	135	9	112	10	162	11	134	12	180	13	153	14	195	15	136	16	143	17	192	18	176	19	140	20	168	21	161	22	157	23	188	24	144	25	159	26	139	27	179	28	140	29	150	30	141	31	184	32	106	33	155	34	175	35	177	36	135	37	191	38	140	39	139	40	141	41	173	42	167	43	172	44	105	45	127	46	166	47	126	48	184	49	107	
	0	114	1	119	2	172	3	137	4	174	5	195	6	186	7	157	8	198	9	117	10	116	11	160	12	155	13	134	14	121	15	119	16	122	17	117	18	188	19	186	20	139	21	160	22	135	23	184	24	174	25	124	26	108	27	172	28	193	29	159	30	162	31	190	32	191	33	166	34	119	35	152	36	144	37	127	38	109	39	186	40	145	41	137	42	156	43	194	44	144	45	151	46	167	47	116	48	115	49	136	
	0	115	1	115	2	138	3	123	4	176	5	141	6	146	7	120	8	190	9	156	10	160	11	199	12	101	13	150	14	124	15	165	16	105	17	175	18	136	19	155	20	123	21	128	22	128	23	162	24	152	25	192	26	112	27	101	28	188	29	118	30	144	31	184	32	126	33	188	34	112	35	129	36	106	37	147	38	105	39	179	40	134	41	177	42	157	43	183	44	153	45	106	46	175	47	148	48	155	49	193	
	0	158	1	127	2	154	3	153	4	112	5	187	6	113	7	130	8	106	9	120	10	184	11	140	12	111	13	131	14	103	15	127	16	110	17	162	18	100	19	104	20	190	21	176	22	172	23	129	24	102	25	191	26	162	27	153	28	142	29	152	30	189	31	122	32	133	33	197	34	107	35	138	36	108	37	162	38	142	39	184	40	167	41	189	42	122	43	108	44	147	45	191	46	146	47	148	48	104	49	145	
	0	193	1	158	2	174	3	189	4	185	5	144	6	176	7	170	8	163	9	158	10	104	11	103	12	169	13	170	14	170	15	134	16	198	17	106	18	183	19	150	20	160	21	199	22	102	23	163	24	184	25	168	26	184	27	150	28	190	29	121	30	181	31	162	32	171	33	146	34	159	35	101	36	189	37	160	38	166	39	101	40	146	41	190	42	125	43	198	44	145	45	162	46	133	47	180	48	119	49	126	
	0	163	1	135	2	174	3	174	4	117	5	175	6	140	7	109	8	162	9	111	10	171	11	116	12	154	13	142	14	168	15	140	16	183	17	192	18	110	19	171	20	129	21	163	22	197	23	173	24	109	25	133	26	137	27	137	28	193	29	119	30	129	31	175	32	140	33	144	34	140	35	114	36	193	37	137	38	184	39	150	40	121	41	153	42	146	43	104	44	107	45	168	46	117	47	147	48	168	49	130	
	0	130	1	100	2	153	3	113	4	118	5	186	6	161	7	136	8	156	9	183	10	191	11	178	12	146	13	107	14	104	15	175	16	183	17	153	18	173	19	168	20	138	21	153	22	142	23	114	24	118	25	134	26	127	27	153	28	131	29	105	30	164	31	102	32	197	33	155	34	197	35	186	36	183	37	127	38	135	39	100	40	178	41	104	42	123	43	166	44	105	45	150	46	124	47	183	48	158	49	185	
	0	179	1	120	2	195	3	104	4	167	5	113	6	115	7	192	8	107	9	121	10	180	11	172	12	186	13	150	14	178	15	113	16	182	17	123	18	141	19	174	20	109	21	171	22	156	23	125	24	180	25	194	26	193	27	146	28	145	29	168	30	162	31	118	32	104	33	118	34	175	35	148	36	126	37	122	38	122	39	116	40	131	41	119	42	177	43	137	44	103	45	141	46	145	47	181	48	195	49	123	
	0	140	1	112	2	190	3	138	4	157	5	125	6	187	7	159	8	196	9	117	10	170	11	138	12	138	13	174	14	171	15	118	16	130	17	177	18	178	19	113	20	166	21	149	22	150	23	152	24	193	25	151	26	173	27	143	28	111	29	131	30	114	31	111	32	116	33	157	34	186	35	166	36	165	37	117	38	163	39	173	40	136	41	196	42	191	43	157	44	135	45	151	46	185	47	163	48	176	49	139	
	0	175	1	109	2	112	3	152	4	125	5	107	6	178	7	140	8	161	9	136	10	163	11	123	12	173	13	199	14	181	15	148	16	177	17	145	18	113	19	195	20	110	21	119	22	130	23	155	24	144	25	121	26	116	27	184	28	130	29	122	30	137	31	117	32	182	33	164	34	103	35	196	36	111	37	133	38	163	39	186	40	184	41	132	42	134	43	102	44	168	45	185	46	115	47	182	48	127	49	176	
	0	104	1	189	2	197	3	185	4	103	5	110	6	141	7	122	8	197	9	145	10	118	11	110	12	189	13	188	14	113	15	129	16	160	17	121	18	118	19	149	20	176	21	190	22	161	23	175	24	107	25	163	26	157	27	180	28	194	29	175	30	121	31	128	32	135	33	174	34	139	35	124	36	149	37	192	38	198	39	156	40	163	41	139	42	152	43	144	44	192	45	168	46	146	47	128	48	190	49	123	
	0	196	1	151	2	180	3	112	4	100	5	153	6	154	7	118	8	165	9	190	10	193	11	147	12	186	13	167	14	193	15	151	16	130	17	160	18	113	19	106	20	140	21	179	22	105	23	177	24	104	25	103	26	153	27	173	28	131	29	193	30	185	31	163	32	161	33	177	34	133	35	163	36	145	37	187	38	160	39	116	40	127	41	139	42	170	43	150	44	121	45	171	46	123	47	167	48	187	49	140	
	0	122	1	140	2	194	3	147	4	171	5	159	6	140	7	192	8	142	9	107	10	130	11	112	12	142	13	136	14	150	15	173	16	109	17	169	18	152	19	183	20	132	21	152	22	117	23	113	24	159	25	127	26	132	27	166	28	152	29	170	30	182	31	112	32	126	33	194	34	108	35	133	36	102	37	134	38	138	39	178	40	133	41	145	42	114	43	161	44	124	45	174	46	155	47	199	48	149	49	156	
	0	134	1	118	2	199	3	162	4	100	5	165	6	162	7	196	8	158	9	198	10	132	11	104	12	174	13	193	14	192	15	167	16	118	17	179	18	134	19	104	20	115	21	178	22	183	23	116	24	127	25	116	26	175	27	129	28	176	29	144	30	133	31	153	32	121	33	128	34	188	35	186	36	100	37	169	38	149	39	115	40	124	41	157	42	164	43	122	44	167	45	187	46	159	47	117	48	128	49	190	
	0	125	1	120	2	102	3	167	4	121	5	184	6	166	7	162	8	160	9	102	10	180	11	103	12	149	13	191	14	159	15	185	16	192	17	109	18	168	19	161	20	193	21	184	22	116	23	117	24	163	25	155	26	195	27	129	28	157	29	106	30	198	31	194	32	109	33	127	34	160	35	186	36	185	37	105	38	173	39	197	40	171	41	116	42	168	43	133	44	121	45	152	46	199	47	178	48	121	49	190	
	0	173	1	144	2	178	3	181	4	128	5	109	6	114	7	147	8	100	9	108	10	112	11	107	12	193	13	104	14	110	15	171	16	197	17	119	18	144	19	198	20	150	21	154	22	178	23	155	24	179	25	106	26	113	27	170	28	145	29	129	30	194	31	105	32	150	33	135	34	132	35	164	36	114	37	164	38	124	39	190	40	103	41	119	42	138	43	159	44	183	45	138	46	139	47	194	48	152	49	185	
	0	122	1	196	2	180	3	145	4	148	5	176	6	182	7	109	8	197	9	122	10	197	11	119	12	148	13	183	14	112	15	149	16	143	17	126	18	124	19	140	20	117	21	177	22	135	23	103	24	105	25	104	26	114	27	157	28	172	29	119	30	154	31	128	32	130	33	151	34	111	35	158	36	154	37	138	38	197	39	182	40	140	41	192	42	172	43	141	44	165	45	159	46	171	47	111	48	183	49	111	
	0	113	1	168	2	158	3	159	4	133	5	143	6	142	7	120	8	129	9	198	10	126	11	167	12	139	13	181	14	186	15	123	16	119	17	178	18	154	19	105	20	179	21	198	22	124	23	108	24	196	25	169	26	145	27	165	28	119	29	132	30	187	31	127	32	186	33	184	34	186	35	116	36	157	37	180	38	129	39	132	40	100	41	123	42	136	43	184	44	130	45	132	46	105	47	175	48	172	49	111	
	0	144	1	129	2	109	3	189	4	112	5	193	6	175	7	196	8	147	9	137	10	183	11	157	12	181	13	181	14	113	15	172	16	122	17	133	18	171	19	113	20	150	21	168	22	164	23	122	24	179	25	137	26	144	27	108	28	150	29	101	30	119	31	186	32	110	33	195	34	195	35	106	36	107	37	176	38	176	39	107	40	151	41	164	42	124	43	153	44	143	45	155	46	175	47	163	48	185	49	141	
	0	150	1	175	2	113	3	143	4	135	5	129	6	194	7	170	8	164	9	166	10	119	11	195	12	186	13	164	14	195	15	190	16	173	17	182	18	170	19	181	20	135	21	100	22	154	23	109	24	165	25	157	26	155	27	191	28	137	29	119	30	135	31	112	32	198	33	138	34	110	35	154	36	199	37	142	38	109	39	188	40	108	41	197	42	198	43	138	44	139	45	151	46	188	47	150	48	162	49	180	
	0	101	1	132	2	136	3	141	4	103	5	100	6	115	7	145	8	159	9	145	10	194	11	139	12	117	13	162	14	145	15	152	16	100	17	122	18	138	19	199	20	149	21	186	22	190	23	138	24	128	25	146	26	169	27	104	28	159	29	120	30	130	31	140	32	161	33	152	34	111	35	145	36	170	37	117	38	174	39	180	40	104	41	139	42	106	43	199	44	190	45	180	46	137	47	168	48	141	49	120	
	0	106	1	166	2	113	3	116	4	138	5	148	6	105	7	134	8	180	9	168	10	168	11	151	12	115	13	112	14	136	15	119	16	109	17	159	18	104	19	193	20	125	21	142	22	118	23	103	24	197	25	111	26	159	27	189	28	179	29	124	30	135	31	199	32	166	33	133	34	170	35	102	36	161	37	100	38	154	39	123	40	156	41	197	42	138	43	191	44	147	45	177	46	142	47	107	48	141	49	189	
	0	172	1	151	2	113	3	116	4	141	5	114	6	139	7	115	8	127	9	193	10	118	11	137	12	164	13	174	14	122	15	118	16	191	17	145	18	111	19	173	20	105	21	177	22	182	23	189	24	137	25	188	26	178	27	134	28	197	29	196	30	142	31	169	32	183	33	164	34	174	35	114	36	157	37	196	38	121	39	139	40	118	41	121	42	163	43	138	44	162	45	132	46	139	47	124	48	140	49	156	
	0	196	1	108	2	114	3	148	4	180	5	122	6	105	7	175	8	174	9	189	10	148	11	176	12	110	13	133	14	100	15	194	16	171	17	167	18	130	19	105	20	170	21	151	22	165	23	124	24	102	25	183	26	118	27	110	28	139	29	110	30	146	31	191	32	195	33	188	34	195	35	152	36	120	37	122	38	192	39	159	40	101	41	134	42	183	43	190	44	104	45	180	46	188	47	163	48	145	49	140	
	0	136	1	117	2	133	3	167	4	155	5	146	6	114	7	153	8	148	9	104	10	180	11	122	12	144	13	183	14	173	15	114	16	179	17	164	18	189	19	132	20	143	21	104	22	123	23	178	24	161	25	185	26	177	27	174	28	146	29	106	30	148	31	124	32	155	33	159	34	156	35	111	36	157	37	147	38	176	39	160	40	172	41	177	42	181	43	167	44	187	45	199	46	185	47	141	48	169	49	169	
	0	171	1	147	2	144	3	167	4	114	5	188	6	156	7	126	8	175	9	110	10	122	11	140	12	148	13	147	14	194	15	116	16	170	17	172	18	150	19	192	20	104	21	163	22	102	23	163	24	110	25	169	26	194	27	143	28	153	29	194	30	127	31	191	32	102	33	125	34	126	35	175	36	152	37	185	38	170	39	136	40	160	41	158	42	165	43	164	44	132	45	167	46	147	47	128	48	176	49	116	
	0	187	1	180	2	145	3	191	4	174	5	128	6	179	7	107	8	145	9	115	10	155	11	173	12	107	13	198	14	182	15	141	16	102	17	148	18	197	19	197	20	124	21	109	22	138	23	105	24	166	25	106	26	152	27	121	28	152	29	146	30	172	31	160	32	150	33	159	34	112	35	159	36	160	37	105	38	156	39	135	40	133	41	184	42	107	43	181	44	115	45	153	46	108	47	126	48	139	49	130	
	0	155	1	191	2	110	3	151	4	139	5	107	6	130	7	118	8	197	9	124	10	166	11	160	12	163	13	168	14	102	15	189	16	156	17	100	18	167	19	189	20	170	21	144	22	158	23	125	24	154	25	114	26	125	27	170	28	166	29	114	30	153	31	150	32	108	33	179	34	121	35	191	36	142	37	112	38	132	39	177	40	103	41	165	42	125	43	156	44	142	45	193	46	124	47	151	48	195	49	101	
	0	101	1	142	2	135	3	186	4	154	5	134	6	148	7	153	8	110	9	143	10	142	11	140	12	141	13	147	14	136	15	170	16	139	17	133	18	128	19	104	20	164	21	141	22	154	23	195	24	109	25	159	26	184	27	121	28	199	29	196	30	111	31	191	32	184	33	158	34	141	35	109	36	103	37	139	38	136	39	182	40	194	41	189	42	199	43	120	44	175	45	125	46	172	47	108	48	156	49	161	
	0	111	1	171	2	115	3	109	4	121	5	132	6	162	7	160	8	101	9	161	10	180	11	169	12	120	13	126	14	194	15	150	16	183	17	193	18	157	19	197	20	192	21	196	22	145	23	131	24	109	25	194	26	197	27	180	28	172	29	116	30	158	31	134	32	136	33	133	34	180	35	130	36	177	37	184	38	112	39	109	40	189	41	162	42	165	43	172	44	167	45	100	46	133	47	142	48	113	49	110	
	0	123	1	195	2	145	3	148	4	167	5	159	6	176	7	114	8	133	9	189	10	140	11	167	12	128	13	150	14	148	15	114	16	168	17	114	18	122	19	164	20	187	21	116	22	185	23	182	24	141	25	171	26	164	27	140	28	186	29	122	30	152	31	116	32	101	33	118	34	118	35	121	36	120	37	107	38	185	39	123	40	127	41	183	42	103	43	116	44	165	45	191	46	126	47	146	48	130	49	164	
	0	115	1	103	2	183	3	102	4	115	5	170	6	141	7	113	8	179	9	112	10	157	11	121	12	102	13	131	14	120	15	132	16	157	17	108	18	123	19	164	20	150	21	175	22	122	23	139	24	198	25	100	26	191	27	185	28	154	29	141	30	134	31	128	32	169	33	106	34	147	35	115	36	161	37	195	38	132	39	155	40	115	41	192	42	186	43	132	44	124	45	151	46	199	47	199	48	103	49	148	
	0	174	1	169	2	113	3	141	4	154	5	131	6	120	7	158	8	100	9	158	10	100	11	183	12	173	13	143	14	164	15	177	16	133	17	143	18	170	19	171	20	143	21	156	22	177	23	129	24	157	25	171	26	123	27	132	28	198	29	170	30	187	31	126	32	163	33	176	34	157	35	157	36	140	37	181	38	155	39	115	40	102	41	132	42	164	43	140	44	198	45	143	46	111	47	159	48	195	49	137	
	0	110	1	192	2	145	3	128	4	140	5	111	6	170	7	118	8	186	9	131	10	122	11	146	12	198	13	193	14	172	15	179	16	186	17	152	18	131	19	104	20	144	21	134	22	115	23	188	24	119	25	104	26	102	27	163	28	143	29	117	30	187	31	198	32	197	33	113	34	102	35	183	36	166	37	105	38	172	39	152	40	193	41	102	42	159	43	198	44	120	45	182	46	127	47	111	48	124	49	128	
	0	104	1	189	2	130	3	192	4	104	5	114	6	139	7	132	8	132	9	104	10	147	11	166	12	159	13	158	14	107	15	137	16	195	17	166	18	180	19	132	20	189	21	171	22	116	23	150	24	183	25	110	26	196	27	192	28	105	29	176	30	171	31	182	32	174	33	194	34	135	35	161	36	105	37	122	38	186	39	186	40	180	41	184	42	188	43	154	44	176	45	129	46	152	47	198	48	103	49	168	
	0	145	1	155	2	123	3	101	4	148	5	143	6	148	7	182	8	131	9	184	10	178	11	162	12	180	13	194	14	197	15	189	16	108	17	167	18	150	19	184	20	179	21	167	22	175	23	118	24	154	25	199	26	194	27	191	28	193	29	106	30	106	31	117	32	127	33	171	34	152	35	143	36	127	37	190	38	122	39	151	40	141	41	150	42	142	43	120	44	198	45	128	46	146	47	118	48	176	49	165	
	0	147	1	103	2	174	3	187	4	196	5	126	6	109	7	146	8	137	9	115	10	129	11	135	12	153	13	185	14	187	15	159	16	130	17	148	18	123	19	157	20	180	21	132	22	149	23	153	24	137	25	172	26	124	27	116	28	108	29	199	30	101	31	121	32	172	33	116	34	135	35	199	36	124	37	172	38	116	39	122	40	181	41	162	42	168	43	108	44	196	45	177	46	196	47	128	48	110	49	106	
	0	135	1	169	2	198	3	165	4	148	5	185	6	155	7	172	8	176	9	122	10	176	11	186	12	180	13	127	14	156	15	195	16	191	17	161	18	130	19	165	20	156	21	176	22	130	23	108	24	114	25	149	26	146	27	108	28	163	29	133	30	112	31	135	32	195	33	191	34	117	35	134	36	146	37	191	38	136	39	196	40	130	41	111	42	109	43	198	44	184	45	128	46	113	47	151	48	156	49	158	
	0	158	1	120	2	132	3	195	4	199	5	121	6	139	7	129	8	135	9	122	10	184	11	175	12	108	13	144	14	127	15	141	16	156	17	160	18	158	19	127	20	155	21	106	22	160	23	137	24	171	25	144	26	199	27	100	28	105	29	106	30	132	31	151	32	177	33	162	34	105	35	133	36	198	37	188	38	187	39	158	40	107	41	132	42	106	43	125	44	194	45	105	46	131	47	101	48	108	49	190	
	0	121	1	160	2	138	3	112	4	123	5	193	6	163	7	127	8	134	9	174	10	178	11	126	12	118	13	194	14	122	15	129	16	127	17	166	18	110	19	106	20	199	21	187	22	111	23	109	24	163	25	196	26	102	27	133	28	151	29	125	30	152	31	120	32	179	33	111	34	135	35	179	36	124	37	132	38	104	39	175	40	136	41	159	42	154	43	148	44	110	45	177	46	186	47	159	48	146	49	139	
	0	178	1	131	2	157	3	156	4	131	5	185	6	172	7	163	8	136	9	194	10	120	11	131	12	148	13	175	14	183	15	119	16	108	17	139	18	170	19	140	20	131	21	140	22	138	23	134	24	150	25	175	26	144	27	126	28	128	29	132	30	117	31	151	32	143	33	123	34	183	35	101	36	106	37	176	38	164	39	147	40	136	41	102	42	161	43	125	44	189	45	106	46	102	47	105	48	183	49	112	
	0	169	1	187	2	147	3	162	4	196	5	160	6	130	7	137	8	148	9	199	10	173	11	110	12	184	13	107	14	121	15	154	16	184	17	106	18	196	19	143	20	161	21	108	22	193	23	102	24	138	25	149	26	194	27	153	28	195	29	164	30	161	31	177	32	177	33	127	34	108	35	126	36	149	37	160	38	102	39	144	40	123	41	115	42	100	43	151	44	157	45	147	46	109	47	179	48	192	49	159	
	0	138	1	129	2	143	3	121	4	173	5	197	6	183	7	181	8	112	9	176	10	136	11	145	12	150	13	176	14	114	15	178	16	191	17	163	18	170	19	167	20	154	21	157	22	132	23	193	24	165	25	194	26	122	27	194	28	141	29	199	30	180	31	112	32	191	33	106	34	112	35	186	36	190	37	157	38	152	39	143	40	150	41	156	42	130	43	167	44	158	45	163	46	196	47	154	48	195	49	146	
	0	179	1	184	2	146	3	172	4	134	5	183	6	161	7	183	8	140	9	188	10	165	11	194	12	106	13	185	14	171	15	119	16	194	17	124	18	105	19	164	20	133	21	122	22	124	23	140	24	140	25	175	26	141	27	154	28	132	29	173	30	109	31	145	32	107	33	120	34	186	35	153	36	167	37	132	38	151	39	111	40	130	41	174	42	199	43	100	44	172	45	134	46	139	47	147	48	197	49	127	
	0	155	1	151	2	167	3	137	4	147	5	184	6	100	7	120	8	179	9	171	10	172	11	109	12	120	13	114	14	179	15	134	16	166	17	171	18	158	19	111	20	103	21	197	22	149	23	136	24	198	25	108	26	137	27	163	28	170	29	134	30	187	31	174	32	166	33	182	34	161	35	186	36	110	37	137	38	183	39	199	40	100	41	112	42	162	43	188	44	188	45	189	46	179	47	103	48	169	49	123	
	0	112	1	126	2	154	3	185	4	189	5	181	6	126	7	152	8	172	9	180	10	109	11	156	12	142	13	102	14	155	15	196	16	142	17	168	18	118	19	102	20	181	21	151	22	139	23	199	24	149	25	120	26	178	27	168	28	150	29	111	30	145	31	133	32	119	33	136	34	152	35	184	36	189	37	118	38	166	39	166	40	180	41	181	42	139	43	122	44	110	45	158	46	102	47	179	48	188	49	103	
	0	170	1	107	2	153	3	165	4	182	5	126	6	121	7	115	8	125	9	105	10	169	11	185	12	164	13	121	14	169	15	149	16	191	17	120	18	102	19	194	20	196	21	195	22	158	23	150	24	112	25	163	26	197	27	147	28	162	29	177	30	187	31	118	32	194	33	156	34	164	35	105	36	147	37	197	38	151	39	196	40	126	41	131	42	156	43	177	44	127	45	195	46	112	47	176	48	190	49	183	
	0	128	1	122	2	106	3	102	4	123	5	144	6	157	7	199	8	173	9	144	10	113	11	191	12	133	13	135	14	171	15	118	16	133	17	186	18	115	19	122	20	101	21	147	22	128	23	199	24	166	25	148	26	158	27	178	28	174	29	187	30	134	31	137	32	110	33	157	34	165	35	157	36	180	37	101	38	137	39	158	40	130	41	186	42	126	43	125	44	175	45	121	46	157	47	116	48	117	49	172	
	0	139	1	123	2	165	3	103	4	164	5	143	6	108	7	114	8	157	9	107	10	194	11	197	12	125	13	120	14	185	15	176	16	198	17	146	18	187	19	126	20	137	21	145	22	133	23	164	24	164	25	194	26	118	27	188	28	110	29	146	30	152	31	181	32	141	33	189	34	142	35	126	36	149	37	169	38	137	39	118	40	180	41	142	42	181	43	150	44	194	45	162	46	117	47	198	48	163	49	174	
	0	106	1	160	2	172	3	143	4	122	5	163	6	193	7	107	8	129	9	168	10	160	11	101	12	197	13	146	14	106	15	152	16	152	17	123	18	183	19	160	20	199	21	176	22	179	23	131	24	161	25	162	26	178	27	142	28	153	29	116	30	157	31	188	32	104	33	161	34	139	35	149	36	129	37	110	38	183	39	196	40	172	41	173	42	131	43	124	44	126	45	145	46	158	47	144	48	155	49	150	
	0	151	1	105	2	132	3	170	4	126	5	165	6	115	7	193	8	152	9	169	10	190	11	166	12	164	13	198	14	109	15	178	16	113	17	133	18	133	19	138	20	119	21	173	22	119	23	187	24	102	25	151	26	148	27	186	28	121	29	100	30	191	31	163	32	180	33	103	34	112	35	129	36	145	37	137	38	124	39	179	40	165	41	185	42	164	43	191	44	111	45	158	46	130	47	136	48	194	49	109	
	0	115	1	135	2	145	3	190	4	114	5	142	6	173	7	158	8	174	9	160	10	182	11	109	12	176	13	146	14	106	15	142	16	180	17	167	18	163	19	159	20	187	21	144	22	164	23	156	24	118	25	175	26	112	27	141	28	145	29	161	30	171	31	160	32	135	33	164	34	117	35	114	36	149	37	130	38	181	39	134	40	130	41	144	42	175	43	111	44	175	45	191	46	186	47	186	48	140	49	140	
	0	142	1	115	2	120	3	120	4	181	5	190	6	133	7	199	8	174	9	107	10	100	11	183	12	155	13	119	14	180	15	125	16	163	17	170	18	181	19	135	20	157	21	150	22	157	23	177	24	119	25	118	26	123	27	102	28	164	29	100	30	192	31	111	32	168	33	125	34	119	35	111	36	133	37	117	38	168	39	167	40	100	41	168	42	194	43	196	44	186	45	121	46	183	47	139	48	123	49	190	
	0	197	1	121	2	133	3	126	4	190	5	196	6	181	7	161	8	184	9	111	10	150	11	191	12	155	13	117	14	123	15	156	16	196	17	198	18	135	19	135	20	108	21	118	22	148	23	123	24	123	25	114	26	141	27	146	28	107	29	122	30	141	31	118	32	185	33	129	34	154	35	178	36	154	37	116	38	142	39	154	40	154	41	110	42	102	43	163	44	158	45	194	46	109	47	129	48	184	49	135	
	0	172	1	131	2	129	3	188	4	128	5	101	6	179	7	107	8	128	9	150	10	189	11	117	12	189	13	106	14	121	15	173	16	176	17	159	18	185	19	150	20	191	21	167	22	193	23	131	24	148	25	112	26	164	27	136	28	159	29	136	30	109	31	107	32	175	33	134	34	123	35	178	36	169	37	190	38	154	39	189	40	118	41	174	42	117	43	133	44	126	45	133	46	109	47	162	48	113	49	152	
	0	174	1	166	2	154	3	181	4	109	5	122	6	127	7	179	8	130	9	170	10	161	11	149	12	109	13	166	14	161	15	158	16	193	17	164	18	163	19	150	20	137	21	110	22	131	23	189	24	115	25	137	26	174	27	172	28	129	29	156	30	103	31	177	32	102	33	162	34	176	35	155	36	179	37	159	38	131	39	123	40	196	41	122	42	199	43	123	44	179	45	176	46	192	47	197	48	136	49	157	
	0	138	1	113	2	166	3	108	4	103	5	175	6	102	7	161	8	147	9	195	10	154	11	160	12	138	13	175	14	117	15	109	16	129	17	119	18	101	19	182	20	101	21	128	22	154	23	144	24	117	25	175	26	135	27	190	28	131	29	123	30	119	31	162	32	158	33	194	34	147	35	198	36	155	37	188	38	111	39	147	40	147	41	157	42	106	43	140	44	169	45	197	46	170	47	101	48	113	49	115	
	0	101	1	147	2	168	3	127	4	187	5	117	6	195	7	133	8	113	9	186	10	115	11	194	12	100	13	182	14	191	15	162	16	199	17	124	18	135	19	117	20	189	21	152	22	152	23	180	24	199	25	137	26	144	27	163	28	150	29	102	30	144	31	140	32	170	33	195	34	113	35	143	36	164	37	161	38	168	39	197	40	158	41	190	42	142	43	168	44	104	45	134	46	153	47	169	48	182	49	157	
	0	169	1	149	2	149	3	171	4	119	5	162	6	108	7	196	8	104	9	190	10	161	11	193	12	185	13	182	14	188	15	120	16	119	17	108	18	140	19	163	20	130	21	111	22	132	23	144	24	156	25	196	26	178	27	141	28	100	29	123	30	100	31	151	32	104	33	160	34	159	35	198	36	100	37	188	38	125	39	147	40	164	41	180	42	154	43	174	44	162	45	176	46	104	47	175	48	138	49	150	
	0	104	1	175	2	191	3	118	4	141	5	181	6	108	7	159	8	100	9	152	10	107	11	139	12	121	13	141	14	173	15	103	16	178	17	153	18	159	19	158	20	110	21	103	22	161	23	131	24	158	25	128	26	110	27	156	28	184	29	177	30	199	31	162	32	188	33	139	34	177	35	123	36	176	37	178	38	162	39	115	40	143	41	175	42	168	43	118	44	106	45	151	46	130	47	153	48	131	49	101	
	0	140	1	183	2	104	3	153	4	178	5	199	6	117	7	120	8	176	9	180	10	170	11	116	12	129	13	119	14	135	15	108	16	170	17	110	18	197	19	117	20	179	21	134	22	170	23	140	24	125	25	112	26	118	27	101	28	151	29	174	30	182	31	149	32	154	33	181	34	189	35	127	36	131	37	146	38	102	39	113	40	197	41	177	42	164	43	109	44	129	45	157	46	174	47	156	48	103	49	199	
	0	156	1	140	2	142	3	163	4	162	5	102	6	119	7	125	8	104	9	119	10	190	11	182	12	151	13	166	14	171	15	102	16	187	17	107	18	197	19	142	20	158	21	140	22	122	23	114	24	160	25	193	26	198	27	177	28	137	29	191	30	136	31	118	32	177	33	189	34	103	35	111	36	191	37	175	38	179	39	177	40	178	41	192	42	130	43	186	44	161	45	144	46	162	47	147	48	185	49	160	
	0	195	1	186	2	168	3	152	4	161	5	165	6	113	7	130	8	168	9	158	10	143	11	192	12	193	13	102	14	125	15	114	16	195	17	125	18	124	19	187	20	155	21	175	22	144	23	194	24	160	25	157	26	100	27	174	28	198	29	167	30	135	31	149	32	162	33	131	34	198	35	158	36	147	37	188	38	196	39	106	40	188	41	176	42	193	43	160	44	126	45	128	46	171	47	102	48	186	49	177	
	0	119	1	131	2	136	3	192	4	128	5	132	6	106	7	151	8	162	9	172	10	172	11	168	12	109	13	112	14	169	15	199	16	150	17	189	18	156	19	164	20	155	21	155	22	157	23	147	24	151	25	142	26	139	27	156	28	162	29	160	30	114	31	143	32	149	33	199	34	170	35	148	36	167	37	179	38	160	39	141	40	177	41	163	42	165	43	172	44	172	45	111	46	152	47	144	48	156	49	170	
	0	144	1	117	2	196	3	127	4	180	5	144	6	157	7	111	8	196	9	157	10	172	11	106	12	117	13	112	14	121	15	130	16	176	17	103	18	198	19	121	20	125	21	154	22	193	23	159	24	159	25	100	26	190	27	184	28	132	29	134	30	101	31	100	32	198	33	102	34	113	35	156	36	104	37	182	38	166	39	183	40	184	41	177	42	116	43	187	44	187	45	159	46	137	47	145	48	184	49	196	
	0	196	1	155	2	133	3	190	4	108	5	167	6	187	7	164	8	133	9	178	10	168	11	195	12	197	13	100	14	100	15	145	16	112	17	100	18	182	19	129	20	122	21	124	22	157	23	194	24	151	25	198	26	167	27	156	28	121	29	147	30	137	31	161	32	165	33	181	34	181	35	109	36	124	37	164	38	157	39	124	40	144	41	141	42	145	43	185	44	148	45	113	46	153	47	176	48	164	49	182	
	0	112	1	190	2	118	3	105	4	137	5	185	6	119	7	165	8	173	9	171	10	159	11	153	12	186	13	168	14	137	15	143	16	168	17	176	18	113	19	125	20	161	21	103	22	159	23	132	24	162	25	167	26	145	27	124	28	160	29	116	30	165	31	117	32	169	33	108	34	166	35	196	36	158	37	198	38	150	39	183	40	174	41	117	42	101	43	182	44	149	45	157	46	172	47	149	48	126	49	122	
	0	169	1	151	2	175	3	122	4	102	5	189	6	111	7	114	8	117	9	133	10	155	11	133	12	168	13	179	14	198	15	143	16	174	17	101	18	194	19	156	20	150	21	196	22	177	23	161	24	127	25	138	26	144	27	146	28	150	29	147	30	188	31	103	32	197	33	101	34	118	35	185	36	161	37	191	38	181	39	108	40	171	41	147	42	188	43	174	44	163	45	103	46	145	47	115	48	133	49	137	
	0	146	1	133	2	133	3	136	4	127	5	143	6	123	7	155	8	169	9	169	10	188	11	102	12	197	13	175	14	120	15	148	16	124	17	144	18	109	19	190	20	112	21	131	22	100	23	174	24	180	25	164	26	104	27	181	28	178	29	137	30	156	31	112	32	122	33	159	34	170	35	131	36	111	37	176	38	159	39	111	40	170	41	104	42	129	43	124	44	110	45	135	46	184	47	159	48	164	49	158	
	0	192	1	158	2	146	3	102	4	120	5	196	6	155	7	167	8	109	9	100	10	108	11	188	12	111	13	129	14	138	15	195	16	150	17	193	18	181	19	123	20	155	21	134	22	180	23	169	24	113	25	110	26	194	27	110	28	110	29	155	30	137	31	136	32	120	33	115	34	189	35	190	36	175	37	122	38	153	39	179	40	172	41	162	42	127	43	144	44	137	45	153	46	110	47	188	48	123	49	166	
	0	134	1	164	2	129	3	109	4	199	5	116	6	180	7	165	8	158	9	161	10	138	11	159	12	100	13	174	14	128	15	149	16	105	17	130	18	172	19	186	20	194	21	168	22	192	23	194	24	184	25	153	26	139	27	147	28	138	29	152	30	110	31	150	32	101	33	176	34	175	35	123	36	159	37	143	38	142	39	139	40	181	41	190	42	159	43	120	44	174	45	108	46	124	47	120	48	113	49	182	
	0	139	1	136	2	174	3	169	4	158	5	152	6	182	7	104	8	153	9	128	10	182	11	165	12	184	13	193	14	191	15	149	16	197	17	185	18	183	19	144	20	139	21	129	22	139	23	131	24	106	25	162	26	145	27	142	28	176	29	176	30	133	31	122	32	106	33	183	34	149	35	151	36	172	37	112	38	118	39	100	40	106	41	191	42	189	43	156	44	176	45	115	46	111	47	177	48	112	49	155	
	0	193	1	184	2	164	3	144	4	149	5	111	6	162	7	120	8	174	9	123	10	173	11	137	12	138	13	119	14	159	15	180	16	111	17	150	18	152	19	106	20	126	21	162	22	103	23	132	24	161	25	153	26	142	27	176	28	133	29	188	30	196	31	168	32	108	33	119	34	179	35	166	36	138	37	151	38	141	39	150	40	177	41	140	42	129	43	127	44	131	45	132	46	175	47	134	48	199	49	186	
	0	192	1	126	2	185	3	152	4	187	5	133	6	124	7	163	8	114	9	192	10	166	11	180	12	173	13	104	14	171	15	129	16	198	17	177	18	178	19	126	20	129	21	125	22	182	23	181	24	170	25	170	26	148	27	153	28	173	29	110	30	103	31	167	32	190	33	152	34	121	35	180	36	143	37	100	38	120	39	184	40	116	41	159	42	117	43	111	44	130	45	168	46	144	47	149	48	196	49	163	
	0	126	1	156	2	106	3	105	4	184	5	150	6	195	7	190	8	182	9	182	10	198	11	167	12	149	13	152	14	145	15	136	16	162	17	157	18	167	19	181	20	183	21	170	22	157	23	101	24	171	25	148	26	176	27	108	28	185	29	120	30	105	31	110	32	190	33	197	34	173	35	137	36	121	37	155	38	132	39	116	40	133	41	168	42	118	43	178	44	126	45	194	46	158	47	142	48	108	49	100	
	0	127	1	161	2	162	3	198	4	123	5	178	6	167	7	164	8	186	9	123	10	143	11	182	12	137	13	193	14	164	15	106	16	162	17	145	18	180	19	147	20	121	21	158	22	175	23	102	24	160	25	147	26	115	27	141	28	159	29	178	30	100	31	183	32	150	33	191	34	193	35	143	36	132	37	135	38	121	39	125	40	186	41	102	42	138	43	131	44	117	45	179	46	126	47	190	48	141	49	139	
	0	148	1	135	2	195	3	125	4	155	5	145	6	161	7	141	8	122	9	117	10	197	11	108	12	130	13	137	14	197	15	180	16	100	17	191	18	167	19	150	20	146	21	117	22	162	23	120	24	171	25	183	26	119	27	186	28	196	29	101	30	165	31	148	32	127	33	151	34	160	35	165	36	198	37	147	38	137	39	188	40	144	41	153	42	137	43	104	44	176	45	139	46	103	47	156	48	111	49	100	
	0	104	1	116	2	161	3	131	4	122	5	170	6	179	7	193	8	161	9	125	10	173	11	195	12	122	13	158	14	103	15	191	16	158	17	103	18	162	19	118	20	195	21	185	22	133	23	118	24	134	25	147	26	137	27	158	28	113	29	142	30	162	31	179	32	163	33	194	34	183	35	140	36	143	37	163	38	169	39	126	40	134	41	107	42	177	43	101	44	118	45	149	46	125	47	150	48	168	49	185	
	0	182	1	169	2	104	3	151	4	128	5	132	6	112	7	155	8	102	9	191	10	199	11	102	12	180	13	156	14	169	15	170	16	195	17	103	18	133	19	152	20	124	21	198	22	162	23	106	24	173	25	102	26	103	27	189	28	137	29	145	30	118	31	149	32	119	33	165	34	148	35	172	36	111	37	131	38	167	39	157	40	149	41	105	42	184	43	101	44	139	45	182	46	132	47	109	48	173	49	180	
	0	167	1	184	2	124	3	101	4	181	5	157	6	188	7	114	8	198	9	184	10	119	11	176	12	128	13	129	14	160	15	153	16	194	17	173	18	149	19	175	20	123	21	157	22	134	23	109	24	134	25	195	26	137	27	171	28	122	29	104	30	162	31	119	32	171	33	168	34	120	35	158	36	156	37	124	38	171	39	142	40	158	41	181	42	187	43	111	44	174	45	182	46	150	47	189	48	155	49	132	
	0	181	1	195	2	117	3	188	4	187	5	194	6	194	7	155	8	132	9	101	10	182	11	113	12	186	13	109	14	126	15	175	16	198	17	118	18	109	19	106	20	145	21	185	22	180	23	130	24	101	25	142	26	148	27	121	28	100	29	161	30	195	31	181	32	157	33	196	34	139	35	188	36	115	37	108	38	191	39	161	40	106	41	193	42	192	43	110	44	131	45	173	46	183	47	102	48	152	49	169	
	0	150	1	105	2	198	3	147	4	112	5	187	6	177	7	136	8	199	9	152	10	198	11	185	12	145	13	131	14	123	15	134	16	191	17	155	18	199	19	175	20	127	21	111	22	104	23	127	24	176	25	149	26	183	27	183	28	140	29	124	30	164	31	195	32	114	33	140	34	127	35	168	36	137	37	153	38	102	39	106	40	198	41	125	42	181	43	158	44	110	45	159	46	100	47	113	48	108	49	187	
	0	113	1	171	2	186	3	178	4	178	5	110	6	114	7	120	8	194	9	164	10	174	11	150	12	168	13	104	14	125	15	159	16	199	17	157	18	124	19	123	20	122	21	112	22	113	23	135	24	136	25	147	26	130	27	196	28	104	29	144	30	154	31	117	32	177	33	141	34	162	35	181	36	116	37	199	38	143	39	197	40	115	41	158	42	148	43	124	44	177	45	143	46	111	47	162	48	179	49	137	
	0	197	1	138	2	120	3	134	4	176	5	141	6	104	7	121	8	188	9	187	10	184	11	184	12	113	13	194	14	181	15	164	16	105	17	109	18	126	19	175	20	150	21	134	22	194	23	139	24	167	25	133	26	163	27	101	28	164	29	121	30	186	31	100	32	171	33	198	34	103	35	155	36	131	37	133	38	148	39	159	40	117	41	103	42	185	43	189	44	170	45	120	46	100	47	169	48	120	49	185	
	0	104	1	143	2	122	3	158	4	192	5	135	6	107	7	142	8	130	9	126	10	161	11	156	12	149	13	175	14	163	15	114	16	168	17	172	18	178	19	113	20	140	21	129	22	164	23	125	24	106	25	175	26	135	27	141	28	175	29	139	30	122	31	123	32	114	33	182	34	137	35	148	36	188	37	136	38	195	39	162	40	190	41	186	42	176	43	199	44	138	45	193	46	153	47	195	48	143	49	185	
	0	122	1	131	2	177	3	175	4	186	5	176	6	190	7	170	8	102	9	192	10	132	11	113	12	144	13	115	14	131	15	142	16	150	17	134	18	118	19	140	20	104	21	185	22	190	23	112	24	159	25	178	26	164	27	126	28	140	29	196	30	156	31	150	32	193	33	190	34	114	35	117	36	167	37	177	38	109	39	113	40	146	41	164	42	183	43	110	44	118	45	102	46	177	47	125	48	126	49	155	
	0	199	1	167	2	178	3	184	4	104	5	173	6	109	7	190	8	140	9	130	10	145	11	121	12	155	13	179	14	165	15	134	16	128	17	132	18	163	19	156	20	130	21	141	22	171	23	103	24	139	25	155	26	167	27	115	28	194	29	101	30	123	31	195	32	195	33	147	34	180	35	159	36	147	37	117	38	142	39	133	40	108	41	146	42	188	43	140	44	144	45	127	46	189	47	118	48	190	49	183	
	0	173	1	164	2	183	3	126	4	137	5	124	6	124	7	146	8	168	9	191	10	168	11	186	12	115	13	149	14	160	15	102	16	195	17	125	18	110	19	120	20	186	21	136	22	148	23	113	24	188	25	178	26	155	27	123	28	185	29	136	30	133	31	123	32	174	33	117	34	146	35	104	36	136	37	154	38	107	39	182	40	156	41	162	42	101	43	106	44	164	45	183	46	117	47	187	48	163	49	159	
	0	102	1	186	2	102	3	143	4	167	5	135	6	174	7	162	8	152	9	115	10	186	11	179	12	167	13	114	14	193	15	140	16	193	17	190	18	145	19	179	20	107	21	172	22	189	23	187	24	162	25	171	26	148	27	152	28	131	29	182	30	191	31	192	32	128	33	110	34	164	35	190	36	157	37	120	38	170	39	169	40	122	41	143	42	198	43	139	44	187	45	162	46	147	47	117	48	158	49	102	
	0	130	1	110	2	140	3	158	4	117	5	182	6	107	7	150	8	162	9	148	10	156	11	188	12	172	13	193	14	114	15	145	16	110	17	106	18	171	19	161	20	143	21	174	22	143	23	150	24	123	25	192	26	142	27	119	28	108	29	159	30	158	31	122	32	149	33	199	34	191	35	166	36	152	37	140	38	168	39	135	40	191	41	103	42	128	43	120	44	166	45	162	46	157	47	119	48	123	49	181	
	0	144	1	149	2	126	3	107	4	137	5	186	6	116	7	106	8	182	9	143	10	144	11	138	12	133	13	191	14	113	15	197	16	155	17	179	18	115	19	149	20	109	21	122	22	161	23	185	24	129	25	170	26	132	27	157	28	153	29	172	30	119	31	128	32	168	33	169	34	199	35	116	36	154	37	193	38	193	39	193	40	183	41	132	42	178	43	115	44	199	45	164	46	174	47	102	48	125	49	118	
	0	150	1	188	2	162	3	178	4	193	5	190	6	110	7	146	8	107	9	101	10	134	11	184	12	102	13	156	14	100	15	127	16	153	17	142	18	132	19	175	20	154	21	133	22	176	23	129	24	135	25	154	26	116	27	151	28	176	29	177	30	192	31	122	32	193	33	130	34	163	35	113	36	116	37	182	38	116	39	101	40	191	41	132	42	160	43	122	44	104	45	119	46	108	47	129	48	153	49	172	
	0	108	1	126	2	147	3	102	4	121	5	170	6	194	7	118	8	156	9	150	10	168	11	142	12	189	13	175	14	139	15	130	16	179	17	153	18	193	19	173	20	133	21	174	22	107	23	122	24	154	25	183	26	186	27	171	28	162	29	118	30	186	31	187	32	138	33	112	34	172	35	148	36	143	37	184	38	144	39	156	40	162	41	182	42	176	43	165	44	199	45	117	46	129	47	109	48	196	49	166	
	0	128	1	199	2	141	3	121	4	112	5	180	6	198	7	163	8	138	9	194	10	172	11	119	12	126	13	131	14	162	15	175	16	154	17	135	18	141	19	162	20	173	21	175	22	196	23	111	24	162	25	182	26	154	27	129	28	131	29	126	30	168	31	134	32	101	33	152	34	166	35	123	36	173	37	146	38	166	39	194	40	190	41	162	42	114	43	155	44	194	45	195	46	108	47	101	48	116	49	195	
	0	119	1	144	2	120	3	192	4	104	5	156	6	169	7	169	8	111	9	130	10	172	11	198	12	152	13	171	14	156	15	188	16	119	17	119	18	168	19	115	20	172	21	187	22	113	23	185	24	187	25	102	26	173	27	119	28	108	29	138	30	122	31	140	32	198	33	127	34	130	35	186	36	108	37	170	38	101	39	142	40	197	41	104	42	105	43	156	44	105	45	106	46	182	47	100	48	113	49	117	
	0	115	1	115	2	114	3	187	4	183	5	113	6	135	7	180	8	113	9	133	10	110	11	192	12	116	13	167	14	138	15	166	16	191	17	118	18	198	19	122	20	162	21	149	22	153	23	103	24	133	25	101	26	193	27	191	28	185	29	178	30	170	31	189	32	110	33	132	34	161	35	170	36	137	37	184	38	135	39	178	40	115	41	198	42	177	43	173	44	134	45	186	46	193	47	129	48	194	49	152	
	0	143	1	169	2	109	3	106	4	133	5	104	6	137	7	192	8	181	9	198	10	171	11	159	12	110	13	132	14	130	15	135	16	158	17	112	18	197	19	140	20	194	21	155	22	178	23	184	24	107	25	166	26	108	27	106	28	186	29	176	30	116	31	107	32	119	33	182	34	172	35	169	36	108	37	114	38	129	39	190	40	193	41	166	42	163	43	139	44	180	45	177	46	139	47	198	48	159	49	100	
	0	181	1	124	2	133	3	191	4	176	5	111	6	130	7	107	8	199	9	123	10	106	11	140	12	121	13	139	14	182	15	147	16	189	17	147	18	168	19	173	20	176	21	179	22	185	23	101	24	117	25	107	26	168	27	104	28	117	29	125	30	189	31	120	32	123	33	143	34	107	35	162	36	138	37	174	38	119	39	164	40	165	41	166	42	123	43	191	44	112	45	125	46	192	47	134	48	155	49	190	
	0	189	1	198	2	168	3	194	4	132	5	177	6	137	7	145	8	194	9	110	10	139	11	159	12	179	13	122	14	101	15	135	16	128	17	153	18	155	19	110	20	139	21	100	22	112	23	149	24	192	25	108	26	166	27	165	28	149	29	133	30	186	31	151	32	143	33	180	34	198	35	183	36	160	37	131	38	184	39	114	40	147	41	170	42	134	43	169	44	127	45	119	46	102	47	119	48	113	49	199	
	0	149	1	126	2	108	3	188	4	135	5	193	6	158	7	104	8	183	9	178	10	197	11	164	12	198	13	142	14	171	15	123	16	157	17	155	18	116	19	170	20	180	21	143	22	155	23	124	24	181	25	150	26	132	27	130	28	162	29	170	30	197	31	176	32	129	33	179	34	135	35	180	36	130	37	195	38	104	39	145	40	126	41	192	42	143	43	149	44	199	45	172	46	161	47	191	48	163	49	198	
	0	179	1	115	2	111	3	146	4	181	5	144	6	193	7	199	8	114	9	177	10	186	11	178	12	157	13	161	14	126	15	109	16	184	17	156	18	105	19	101	20	151	21	162	22	172	23	104	24	185	25	114	26	105	27	187	28	160	29	137	30	113	31	191	32	183	33	155	34	132	35	109	36	117	37	167	38	186	39	176	40	196	41	194	42	132	43	122	44	164	45	129	46	197	47	130	48	179	49	172	
	0	157	1	157	2	154	3	183	4	193	5	138	6	149	7	188	8	161	9	132	10	120	11	188	12	138	13	119	14	162	15	188	16	199	17	198	18	160	19	176	20	191	21	172	22	123	23	194	24	106	25	186	26	138	27	144	28	102	29	133	30	175	31	135	32	104	33	189	34	105	35	189	36	160	37	189	38	157	39	103	40	178	41	180	42	129	43	128	44	155	45	169	46	113	47	190	48	120	49	139	
	0	113	1	195	2	146	3	107	4	112	5	133	6	135	7	130	8	132	9	130	10	124	11	164	12	134	13	118	14	184	15	123	16	161	17	175	18	122	19	142	20	135	21	183	22	140	23	149	24	152	25	170	26	136	27	174	28	128	29	195	30	187	31	110	32	140	33	116	34	172	35	166	36	197	37	142	38	167	39	110	40	169	41	168	42	156	43	159	44	166	45	165	46	148	47	133	48	145	49	189	
	0	155	1	192	2	152	3	120	4	127	5	141	6	121	7	137	8	124	9	153	10	199	11	161	12	165	13	117	14	190	15	156	16	160	17	132	18	199	19	155	20	110	21	166	22	166	23	137	24	142	25	127	26	109	27	184	28	120	29	169	30	186	31	123	32	102	33	144	34	172	35	157	36	191	37	114	38	187	39	181	40	112	41	175	42	142	43	161	44	116	45	183	46	163	47	190	48	196	49	107	
	0	122	1	102	2	132	3	182	4	102	5	193	6	153	7	132	8	137	9	122	10	120	11	182	12	147	13	134	14	104	15	137	16	103	17	111	18	164	19	102	20	118	21	198	22	164	23	199	24	185	25	147	26	178	27	199	28	157	29	115	30	136	31	168	32	162	33	108	34	154	35	122	36	109	37	121	38	174	39	101	40	104	41	140	42	193	43	159	44	112	45	117	46	148	47	184	48	181	49	130	
	0	171	1	183	2	111	3	149	4	167	5	118	6	188	7	183	8	186	9	119	10	114	11	189	12	110	13	169	14	179	15	185	16	146	17	114	18	152	19	176	20	149	21	158	22	176	23	158	24	185	25	122	26	122	27	104	28	156	29	108	30	198	31	105	32	159	33	155	34	149	35	121	36	110	37	127	38	114	39	116	40	144	41	198	42	134	43	150	44	156	45	146	46	181	47	148	48	194	49	126	
	0	138	1	118	2	165	3	193	4	178	5	156	6	102	7	174	8	100	9	180	10	113	11	158	12	166	13	182	14	184	15	196	16	112	17	134	18	137	19	159	20	145	21	111	22	185	23	119	24	136	25	121	26	107	27	174	28	163	29	138	30	193	31	150	32	116	33	111	34	139	35	155	36	190	37	198	38	151	39	159	40	183	41	148	42	162	43	170	44	164	45	135	46	138	47	116	48	105	49	157	
	0	195	1	142	2	187	3	172	4	187	5	188	6	140	7	119	8	194	9	154	10	147	11	171	12	159	13	190	14	193	15	184	16	179	17	186	18	120	19	103	20	112	21	132	22	190	23	132	24	189	25	191	26	182	27	137	28	157	29	190	30	167	31	197	32	157	33	103	34	130	35	119	36	128	37	188	38	111	39	179	40	166	41	133	42	107	43	143	44	140	45	199	46	110	47	148	48	104	49	170	
	0	156	1	100	2	101	3	139	4	106	5	136	6	155	7	133	8	150	9	167	10	173	11	149	12	159	13	166	14	167	15	174	16	140	17	120	18	138	19	119	20	156	21	165	22	159	23	184	24	125	25	142	26	133	27	163	28	130	29	175	30	151	31	170	32	149	33	173	34	110	35	143	36	189	37	165	38	139	39	157	40	153	41	111	42	110	43	183	44	144	45	116	46	128	47	136	48	102	49	114	
	0	107	1	105	2	188	3	109	4	184	5	114	6	111	7	107	8	188	9	199	10	157	11	181	12	184	13	199	14	141	15	182	16	188	17	168	18	158	19	162	20	167	21	103	22	140	23	111	24	113	25	159	26	111	27	196	28	165	29	189	30	120	31	142	32	122	33	102	34	190	35	116	36	186	37	152	38	166	39	107	40	187	41	147	42	108	43	127	44	118	45	161	46	154	47	150	48	137	49	106	
	0	190	1	171	2	196	3	142	4	109	5	108	6	173	7	165	8	130	9	185	10	118	11	148	12	182	13	124	14	115	15	113	16	154	17	112	18	144	19	153	20	150	21	118	22	165	23	152	24	162	25	176	26	134	27	174	28	186	29	103	30	179	31	161	32	199	33	112	34	101	35	178	36	105	37	126	38	186	39	145	40	132	41	183	42	114	43	193	44	152	45	135	46	199	47	188	48	121	49	168	
	0	108	1	130	2	147	3	156	4	174	5	180	6	115	7	105	8	136	9	141	10	115	11	167	12	113	13	181	14	141	15	106	16	104	17	132	18	128	19	149	20	160	21	118	22	162	23	102	24	134	25	149	26	130	27	193	28	104	29	118	30	178	31	189	32	172	33	150	34	185	35	173	36	170	37	144	38	168	39	184	40	191	41	116	42	102	43	159	44	191	45	170	46	179	47	192	48	110	49	108	
	0	198	1	196	2	155	3	106	4	179	5	147	6	177	7	168	8	128	9	168	10	168	11	183	12	178	13	101	14	176	15	178	16	156	17	100	18	178	19	125	20	152	21	159	22	184	23	179	24	124	25	194	26	149	27	124	28	137	29	187	30	186	31	197	32	198	33	140	34	120	35	172	36	164	37	145	38	108	39	149	40	181	41	185	42	194	43	140	44	108	45	103	46	174	47	162	48	184	49	106	
	0	136	1	153	2	160	3	101	4	142	5	187	6	127	7	154	8	104	9	123	10	160	11	177	12	197	13	124	14	174	15	169	16	157	17	128	18	175	19	173	20	175	21	153	22	199	23	184	24	150	25	155	26	172	27	147	28	143	29	165	30	100	31	111	32	126	33	130	34	159	35	103	36	174	37	188	38	128	39	169	40	198	41	175	42	163	43	168	44	131	45	116	46	145	47	183	48	192	49	150	
	0	115	1	137	2	106	3	107	4	164	5	108	6	164	7	137	8	139	9	110	10	126	11	111	12	114	13	190	14	198	15	110	16	142	17	100	18	124	19	129	20	191	21	160	22	113	23	176	24	142	25	104	26	127	27	126	28	166	29	105	30	176	31	166	32	193	33	135	34	108	35	156	36	193	37	135	38	160	39	162	40	140	41	122	42	169	43	113	44	132	45	173	46	174	47	187	48	184	49	140	
	0	160	1	198	2	131	3	110	4	184	5	170	6	162	7	191	8	166	9	173	10	198	11	165	12	125	13	152	14	156	15	138	16	118	17	144	18	159	19	199	20	115	21	146	22	188	23	198	24	189	25	111	26	139	27	194	28	134	29	167	30	169	31	171	32	161	33	136	34	158	35	165	36	179	37	174	38	115	39	107	40	136	41	186	42	130	43	141	44	155	45	196	46	105	47	143	48	107	49	161	
	0	136	1	125	2	111	3	105	4	154	5	123	6	130	7	196	8	168	9	106	10	100	11	116	12	186	13	174	14	184	15	175	16	103	17	179	18	134	19	154	20	103	21	111	22	176	23	117	24	116	25	134	26	106	27	174	28	183	29	148	30	149	31	106	32	125	33	109	34	102	35	124	36	190	37	139	38	107	39	101	40	129	41	101	42	149	43	141	44	142	45	176	46	140	47	166	48	117	49	109	
	0	146	1	119	2	101	3	175	4	183	5	157	6	185	7	107	8	103	9	187	10	150	11	100	12	133	13	161	14	134	15	194	16	111	17	113	18	193	19	189	20	189	21	169	22	139	23	182	24	146	25	165	26	178	27	153	28	106	29	194	30	161	31	171	32	129	33	113	34	174	35	180	36	109	37	174	38	113	39	134	40	157	41	169	42	183	43	164	44	194	45	150	46	195	47	165	48	126	49	109	
	0	142	1	153	2	163	3	193	4	194	5	147	6	106	7	198	8	173	9	109	10	130	11	194	12	184	13	157	14	125	15	121	16	184	17	173	18	177	19	149	20	148	21	129	22	115	23	161	24	157	25	169	26	142	27	194	28	175	29	154	30	147	31	124	32	178	33	163	34	142	35	180	36	150	37	122	38	140	39	147	40	151	41	153	42	176	43	131	44	160	45	130	46	121	47	177	48	170	49	154	
	0	160	1	138	2	110	3	137	4	139	5	139	6	197	7	112	8	142	9	149	10	188	11	149	12	127	13	143	14	120	15	136	16	150	17	135	18	158	19	164	20	171	21	135	22	109	23	188	24	123	25	136	26	134	27	107	28	132	29	186	30	133	31	163	32	102	33	124	34	142	35	158	36	176	37	156	38	130	39	156	40	165	41	150	42	197	43	198	44	108	45	104	46	112	47	191	48	111	49	177	
	0	140	1	148	2	180	3	124	4	150	5	110	6	191	7	186	8	134	9	136	10	193	11	161	12	168	13	141	14	154	15	159	16	146	17	163	18	175	19	118	20	136	21	130	22	180	23	185	24	161	25	116	26	152	27	101	28	159	29	197	30	148	31	175	32	123	33	192	34	128	35	137	36	159	37	128	38	182	39	196	40	172	41	197	42	197	43	188	44	100	45	107	46	181	47	188	48	157	49	154	
	0	142	1	102	2	108	3	109	4	107	5	179	6	186	7	144	8	182	9	144	10	197	11	148	12	102	13	100	14	170	15	150	16	164	17	130	18	115	19	117	20	186	21	171	22	120	23	150	24	157	25	197	26	196	27	145	28	103	29	107	30	194	31	133	32	127	33	145	34	113	35	121	36	173	37	136	38	150	39	198	40	186	41	147	42	192	43	162	44	112	45	109	46	119	47	151	48	194	49	119	
	0	146	1	161	2	160	3	103	4	134	5	126	6	174	7	186	8	116	9	116	10	155	11	111	12	178	13	193	14	165	15	153	16	116	17	114	18	187	19	123	20	150	21	138	22	168	23	152	24	194	25	163	26	143	27	158	28	164	29	107	30	100	31	108	32	181	33	132	34	123	35	175	36	185	37	150	38	151	39	109	40	165	41	175	42	170	43	181	44	102	45	165	46	143	47	171	48	140	49	160	
	0	197	1	145	2	110	3	111	4	136	5	137	6	151	7	189	8	143	9	118	10	190	11	117	12	161	13	121	14	175	15	191	16	172	17	127	18	147	19	142	20	132	21	116	22	174	23	114	24	192	25	148	26	128	27	111	28	168	29	160	30	101	31	172	32	171	33	157	34	178	35	119	36	195	37	136	38	122	39	130	40	155	41	193	42	113	43	135	44	125	45	178	46	105	47	149	48	107	49	172	
	0	154	1	122	2	193	3	157	4	120	5	169	6	152	7	153	8	181	9	157	10	165	11	102	12	180	13	185	14	180	15	180	16	166	17	120	18	135	19	143	20	179	21	193	22	140	23	184	24	121	25	131	26	189	27	127	28	186	29	130	30	183	31	110	32	192	33	141	34	186	35	191	36	194	37	133	38	135	39	131	40	173	41	160	42	175	43	103	44	112	45	132	46	184	47	141	48	134	49	191	
	0	154	1	169	2	183	3	146	4	114	5	195	6	102	7	186	8	123	9	188	10	182	11	143	12	189	13	160	14	123	15	117	16	111	17	197	18	108	19	193	20	156	21	151	22	176	23	196	24	139	25	133	26	122	27	116	28	173	29	181	30	182	31	175	32	155	33	185	34	161	35	138	36	192	37	157	38	196	39	199	40	113	41	129	42	110	43	131	44	165	45	138	46	144	47	124	48	165	49	161	
	0	175	1	137	2	125	3	168	4	177	5	109	6	167	7	102	8	161	9	128	10	169	11	128	12	105	13	162	14	194	15	129	16	194	17	104	18	155	19	126	20	179	21	112	22	125	23	110	24	197	25	102	26	122	27	197	28	119	29	110	30	182	31	194	32	146	33	118	34	119	35	131	36	122	37	178	38	109	39	121	40	109	41	115	42	168	43	136	44	141	45	110	46	136	47	132	48	168	49	136	
	0	115	1	152	2	154	3	167	4	169	5	119	6	104	7	148	8	101	9	161	10	160	11	177	12	112	13	140	14	146	15	139	16	193	17	108	18	146	19	120	20	196	21	121	22	171	23	142	24	124	25	152	26	156	27	148	28	131	29	114	30	138	31	103	32	152	33	120	34	155	35	197	36	160	37	168	38	166	39	150	40	182	41	117	42	123	43	199	44	122	45	158	46	158	47	100	48	109	49	178	
	0	100	1	187	2	152	3	140	4	135	5	151	6	182	7	122	8	136	9	192	10	173	11	158	12	198	13	115	14	161	15	180	16	172	17	154	18	183	19	185	20	111	21	155	22	120	23	130	24	196	25	141	26	184	27	194	28	191	29	117	30	144	31	113	32	154	33	151	34	158	35	109	36	119	37	169	38	133	39	158	40	111	41	137	42	164	43	194	44	108	45	166	46	150	47	128	48	163	49	146	
	0	168	1	154	2	124	3	111	4	140	5	183	6	115	7	111	8	103	9	135	10	123	11	195	12	114	13	102	14	106	15	191	16	140	17	123	18	197	19	169	20	159	21	133	22	178	23	192	24	118	25	117	26	196	27	144	28	128	29	123	30	190	31	148	32	157	33	172	34	145	35	162	36	126	37	145	38	115	39	189	40	125	41	193	42	117	43	189	44	178	45	153	46	105	47	129	48	128	49	120	
	0	157	1	105	2	189	3	167	4	181	5	114	6	118	7	103	8	151	9	127	10	119	11	134	12	122	13	185	14	132	15	189	16	172	17	197	18	181	19	131	20	166	21	103	22	176	23	168	24	142	25	199	26	168	27	129	28	139	29	191	30	105	31	159	32	174	33	183	34	123	35	159	36	160	37	180	38	100	39	124	40	189	41	169	42	111	43	197	44	175	45	165	46	187	47	110	48	103	49	119	
	0	162	1	174	2	182	3	148	4	187	5	164	6	104	7	114	8	146	9	194	10	192	11	133	12	163	13	136	14	128	15	134	16	184	17	122	18	171	19	193	20	125	21	112	22	176	23	129	24	111	25	151	26	169	27	176	28	117	29	152	30	106	31	109	32	128	33	154	34	169	35	181	36	106	37	109	38	159	39	193	40	170	41	106	42	148	43	149	44	122	45	143	46	196	47	175	48	161	49	143	
	0	134	1	152	2	191	3	103	4	163	5	124	6	168	7	144	8	172	9	125	10	134	11	141	12	140	13	165	14	109	15	166	16	101	17	110	18	137	19	179	20	118	21	188	22	105	23	130	24	131	25	169	26	166	27	112	28	117	29	185	30	118	31	186	32	180	33	136	34	148	35	149	36	175	37	121	38	142	39	185	40	152	41	102	42	123	43	174	44	129	45	137	46	143	47	162	48	191	49	170	
	0	120	1	102	2	141	3	107	4	138	5	120	6	189	7	115	8	151	9	150	10	147	11	156	12	102	13	117	14	155	15	150	16	155	17	150	18	170	19	188	20	100	21	125	22	133	23	129	24	106	25	124	26	106	27	188	28	126	29	147	30	175	31	187	32	191	33	186	34	113	35	167	36	194	37	196	38	102	39	137	40	110	41	163	42	135	43	108	44	110	45	169	46	190	47	146	48	140	49	158	
	0	104	1	141	2	119	3	113	4	190	5	147	6	153	7	197	8	162	9	143	10	135	11	152	12	189	13	127	14	171	15	183	16	189	17	195	18	141	19	189	20	145	21	111	22	150	23	170	24	177	25	194	26	161	27	157	28	192	29	123	30	147	31	101	32	147	33	160	34	151	35	133	36	109	37	163	38	107	39	147	40	134	41	117	42	126	43	111	44	177	45	135	46	107	47	153	48	121	49	199	
	0	154	1	156	2	188	3	155	4	127	5	103	6	155	7	101	8	128	9	135	10	178	11	154	12	132	13	123	14	134	15	142	16	199	17	140	18	136	19	107	20	140	21	184	22	181	23	190	24	179	25	133	26	187	27	167	28	162	29	180	30	142	31	115	32	182	33	141	34	117	35	107	36	185	37	154	38	104	39	101	40	163	41	131	42	185	43	124	44	120	45	113	46	190	47	110	48	152	49	111	
	0	193	1	197	2	144	3	146	4	111	5	198	6	185	7	144	8	182	9	190	10	186	11	197	12	196	13	160	14	149	15	158	16	161	17	152	18	156	19	144	20	157	21	102	22	142	23	158	24	143	25	163	26	129	27	169	28	105	29	141	30	141	31	121	32	114	33	150	34	135	35	104	36	141	37	186	38	193	39	124	40	156	41	153	42	127	43	182	44	105	45	193	46	167	47	134	48	161	49	122	
	0	120	1	163	2	164	3	133	4	152	5	123	6	181	7	187	8	165	9	172	10	139	11	121	12	103	13	142	14	132	15	166	16	153	17	141	18	194	19	109	20	106	21	184	22	163	23	164	24	199	25	192	26	112	27	114	28	143	29	151	30	151	31	109	32	102	33	108	34	100	35	101	36	106	37	167	38	143	39	182	40	111	41	102	42	151	43	176	44	146	45	168	46	107	47	148	48	119	49	119	
	0	154	1	155	2	137	3	101	4	137	5	115	6	132	7	123	8	130	9	112	10	197	11	121	12	108	13	112	14	104	15	151	16	142	17	106	18	131	19	170	20	173	21	146	22	143	23	140	24	137	25	102	26	142	27	152	28	159	29	101	30	184	31	145	32	198	33	120	34	186	35	174	36	144	37	158	38	152	39	116	40	137	41	182	42	155	43	149	44	176	45	180	46	124	47	160	48	189	49	153	
	0	196	1	123	2	178	3	160	4	117	5	184	6	130	7	181	8	174	9	140	10	164	11	166	12	156	13	146	14	130	15	149	16	124	17	176	18	121	19	196	20	141	21	177	22	120	23	108	24	167	25	131	26	126	27	109	28	181	29	139	30	190	31	113	32	165	33	158	34	156	35	100	36	134	37	187	38	145	39	175	40	147	41	104	42	174	43	176	44	143	45	104	46	141	47	177	48	169	49	186	
	0	181	1	135	2	142	3	199	4	164	5	167	6	109	7	134	8	164	9	107	10	159	11	189	12	124	13	170	14	129	15	120	16	182	17	197	18	112	19	162	20	118	21	107	22	108	23	168	24	172	25	110	26	185	27	170	28	131	29	136	30	138	31	125	32	166	33	197	34	135	35	155	36	140	37	137	38	194	39	114	40	113	41	186	42	110	43	164	44	187	45	124	46	182	47	125	48	143	49	149	
	0	153	1	119	2	162	3	154	4	130	5	186	6	196	7	163	8	106	9	144	10	108	11	131	12	130	13	116	14	128	15	102	16	156	17	183	18	197	19	196	20	118	21	140	22	104	23	121	24	131	25	117	26	136	27	148	28	105	29	160	30	108	31	190	32	100	33	104	34	124	35	134	36	161	37	177	38	140	39	102	40	199	41	118	42	185	43	149	44	155	45	176	46	145	47	160	48	146	49	189	
	0	190	1	144	2	125	3	104	4	187	5	117	6	145	7	137	8	178	9	125	10	157	11	137	12	198	13	189	14	137	15	127	16	121	17	105	18	129	19	191	20	178	21	108	22	187	23	139	24	114	25	158	26	102	27	128	28	104	29	165	30	187	31	151	32	111	33	187	34	102	35	185	36	184	37	166	38	107	39	110	40	166	41	195	42	116	43	122	44	147	45	182	46	112	47	150	48	160	49	166	
	0	105	1	136	2	180	3	145	4	109	5	113	6	118	7	194	8	106	9	165	10	185	11	126	12	161	13	199	14	137	15	155	16	194	17	180	18	144	19	108	20	123	21	158	22	111	23	191	24	134	25	120	26	168	27	164	28	117	29	195	30	141	31	158	32	149	33	109	34	175	35	112	36	131	37	123	38	105	39	166	40	100	41	115	42	175	43	183	44	167	45	115	46	127	47	151	48	145	49	184	
	0	171	1	102	2	180	3	155	4	177	5	132	6	101	7	102	8	101	9	124	10	197	11	184	12	113	13	164	14	195	15	106	16	123	17	127	18	148	19	125	20	191	21	121	22	172	23	109	24	100	25	108	26	133	27	145	28	126	29	160	30	110	31	150	32	142	33	146	34	186	35	107	36	153	37	102	38	139	39	109	40	106	41	190	42	182	43	127	44	140	45	128	46	105	47	198	48	188	49	136	
	0	149	1	135	2	189	3	119	4	101	5	171	6	150	7	196	8	107	9	112	10	173	11	180	12	102	13	137	14	122	15	134	16	198	17	148	18	155	19	185	20	141	21	172	22	167	23	110	24	190	25	110	26	112	27	162	28	136	29	153	30	142	31	164	32	112	33	177	34	163	35	113	36	104	37	135	38	190	39	153	40	198	41	183	42	132	43	105	44	145	45	198	46	166	47	150	48	134	49	136	
	0	101	1	138	2	178	3	153	4	168	5	192	6	192	7	176	8	108	9	163	10	179	11	148	12	109	13	142	14	139	15	163	16	160	17	142	18	105	19	138	20	145	21	105	22	108	23	164	24	148	25	143	26	170	27	140	28	149	29	184	30	176	31	193	32	141	33	124	34	139	35	140	36	184	37	151	38	164	39	144	40	113	41	182	42	183	43	139	44	117	45	168	46	145	47	145	48	144	49	182	
	0	115	1	166	2	113	3	104	4	167	5	178	6	132	7	180	8	126	9	144	10	195	11	194	12	167	13	125	14	119	15	127	16	164	17	134	18	153	19	189	20	151	21	192	22	153	23	195	24	176	25	173	26	138	27	188	28	150	29	112	30	156	31	109	32	143	33	195	34	131	35	124	36	170	37	116	38	161	39	182	40	168	41	142	42	191	43	169	44	143	45	178	46	118	47	176	48	180	49	174	
	0	197	1	139	2	139	3	111	4	187	5	130	6	117	7	103	8	147	9	127	10	134	11	182	12	135	13	172	14	113	15	192	16	151	17	139	18	125	19	192	20	154	21	188	22	165	23	105	24	143	25	133	26	168	27	102	28	182	29	158	30	156	31	157	32	194	33	108	34	142	35	181	36	104	37	148	38	131	39	100	40	106	41	189	42	121	43	108	44	161	45	122	46	156	47	174	48	104	49	143	
	0	124	1	109	2	164	3	187	4	141	5	161	6	161	7	134	8	182	9	184	10	116	11	185	12	195	13	151	14	182	15	107	16	198	17	166	18	147	19	120	20	190	21	165	22	189	23	194	24	143	25	178	26	111	27	195	28	165	29	168	30	108	31	149	32	143	33	123	34	110	35	109	36	128	37	135	38	147	39	148	40	174	41	132	42	127	43	153	44	151	45	147	46	114	47	103	48	145	49	182	
	0	173	1	170	2	169	3	185	4	109	5	133	6	129	7	116	8	132	9	127	10	179	11	179	12	142	13	144	14	131	15	138	16	164	17	172	18	109	19	195	20	199	21	150	22	111	23	189	24	163	25	151	26	190	27	153	28	122	29	101	30	174	31	124	32	145	33	107	34	109	35	149	36	194	37	135	38	126	39	187	40	181	41	199	42	116	43	110	44	157	45	111	46	142	47	118	48	170	49	103	
	0	125	1	116	2	186	3	153	4	184	5	153	6	181	7	114	8	100	9	146	10	190	11	189	12	185	13	142	14	127	15	174	16	190	17	192	18	164	19	176	20	193	21	105	22	185	23	118	24	198	25	186	26	139	27	145	28	178	29	111	30	134	31	123	32	151	33	150	34	180	35	177	36	131	37	163	38	132	39	122	40	187	41	134	42	166	43	123	44	143	45	147	46	180	47	187	48	163	49	159	
	0	171	1	104	2	124	3	143	4	105	5	133	6	121	7	134	8	158	9	175	10	142	11	181	12	133	13	195	14	164	15	163	16	193	17	113	18	195	19	143	20	189	21	111	22	128	23	148	24	130	25	130	26	166	27	123	28	135	29	187	30	113	31	162	32	167	33	170	34	151	35	190	36	188	37	134	38	158	39	127	40	107	41	189	42	102	43	180	44	105	45	143	46	124	47	120	48	149	49	143	
	0	193	1	181	2	199	3	102	4	134	5	193	6	185	7	183	8	132	9	194	10	117	11	144	12	196	13	119	14	144	15	112	16	120	17	160	18	114	19	143	20	133	21	161	22	174	23	182	24	154	25	112	26	109	27	187	28	170	29	199	30	148	31	177	32	143	33	185	34	107	35	158	36	167	37	172	38	173	39	106	40	160	41	156	42	173	43	112	44	131	45	125	46	166	47	196	48	144	49	119	
	0	124	1	123	2	146	3	111	4	179	5	164	6	115	7	169	8	194	9	132	10	171	11	152	12	109	13	124	14	171	15	103	16	176	17	116	18	112	19	122	20	148	21	107	22	198	23	146	24	175	25	135	26	179	27	130	28	100	29	171	30	148	31	185	32	109	33	147	34	128	35	125	36	122	37	121	38	143	39	151	40	171	41	141	42	159	43	186	44	114	45	116	46	163	47	151	48	162	49	130	
	0	161	1	118	2	188	3	178	4	106	5	114	6	176	7	163	8	131	9	154	10	156	11	112	12	163	13	104	14	113	15	174	16	120	17	192	18	131	19	166	20	152	21	182	22	177	23	158	24	178	25	142	26	177	27	152	28	153	29	161	30	146	31	146	32	177	33	101	34	103	35	122	36	144	37	125	38	119	39	162	40	128	41	179	42	164	43	197	44	181	45	114	46	161	47	128	48	153	49	128	
	0	170	1	111	2	149	3	134	4	122	5	108	6	123	7	164	8	164	9	134	10	108	11	197	12	167	13	199	14	165	15	114	16	190	17	168	18	181	19	191	20	177	21	195	22	122	23	190	24	122	25	112	26	106	27	173	28	197	29	157	30	117	31	164	32	111	33	195	34	170	35	163	36	129	37	105	38	186	39	130	40	193	41	172	42	136	43	163	44	109	45	174	46	184	47	118	48	130	49	188	
	0	131	1	192	2	173	3	127	4	157	5	125	6	172	7	126	8	162	9	171	10	183	11	174	12	173	13	105	14	149	15	192	16	127	17	106	18	160	19	179	20	193	21	111	22	129	23	179	24	174	25	119	26	105	27	146	28	179	29	100	30	125	31	110	32	164	33	160	34	139	35	164	36	124	37	172	38	151	39	139	40	154	41	170	42	138	43	178	44	164	45	106	46	190	47	148	48	168	49	121	
	0	195	1	122	2	190	3	165	4	104	5	162	6	196	7	105	8	111	9	187	10	158	11	141	12	196	13	197	14	127	15	144	16	180	17	128	18	152	19	146	20	119	21	190	22	168	23	109	24	103	25	133	26	164	27	148	28	180	29	175	30	142	31	109	32	118	33	144	34	193	35	116	36	154	37	191	38	152	39	129	40	130	41	157	42	181	43	153	44	154	45	103	46	144	47	126	48	119	49	138	
	0	136	1	144	2	164	3	180	4	102	5	199	6	176	7	143	8	110	9	186	10	113	11	123	12	120	13	167	14	186	15	199	16	172	17	133	18	155	19	184	20	153	21	143	22	198	23	148	24	103	25	119	26	137	27	150	28	131	29	183	30	153	31	195	32	110	33	125	34	122	35	153	36	115	37	150	38	157	39	149	40	109	41	121	42	167	43	175	44	185	45	173	46	115	47	122	48	133	49	112	
	0	131	1	170	2	183	3	188	4	159	5	165	6	120	7	131	8	168	9	134	10	101	11	196	12	117	13	174	14	143	15	106	16	197	17	113	18	159	19	189	20	104	21	186	22	198	23	152	24	175	25	158	26	163	27	112	28	131	29	142	30	168	31	144	32	134	33	117	34	170	35	146	36	166	37	179	38	130	39	114	40	186	41	113	42	104	43	147	44	104	45	111	46	138	47	134	48	176	49	128	
	0	142	1	164	2	188	3	138	4	185	5	132	6	189	7	169	8	190	9	121	10	168	11	142	12	131	13	161	14	115	15	108	16	122	17	138	18	107	19	183	20	183	21	192	22	197	23	105	24	186	25	118	26	160	27	106	28	101	29	142	30	149	31	157	32	157	33	106	34	154	35	166	36	142	37	156	38	101	39	152	40	104	41	186	42	154	43	162	44	184	45	181	46	144	47	181	48	192	49	133	
	0	164	1	100	2	104	3	192	4	127	5	176	6	118	7	139	8	164	9	112	10	165	11	157	12	191	13	174	14	102	15	141	16	124	17	133	18	184	19	185	20	127	21	102	22	178	23	145	24	160	25	138	26	175	27	169	28	191	29	138	30	126	31	177	32	108	33	142	34	108	35	107	36	138	37	188	38	192	39	172	40	149	41	148	42	181	43	104	44	157	45	149	46	171	47	104	48	190	49	159	
	0	111	1	102	2	142	3	168	4	185	5	156	6	134	7	187	8	133	9	163	10	182	11	160	12	118	13	143	14	104	15	193	16	188	17	128	18	152	19	189	20	108	21	147	22	150	23	146	24	166	25	175	26	136	27	187	28	167	29	195	30	194	31	152	32	109	33	132	34	180	35	187	36	148	37	125	38	185	39	123	40	142	41	107	42	115	43	122	44	191	45	124	46	166	47	121	48	184	49	192	
	0	106	1	169	2	194	3	190	4	148	5	163	6	172	7	161	8	100	9	175	10	106	11	162	12	119	13	137	14	180	15	119	16	132	17	148	18	119	19	170	20	124	21	181	22	134	23	132	24	127	25	186	26	125	27	114	28	130	29	163	30	175	31	154	32	132	33	186	34	199	35	147	36	141	37	193	38	150	39	130	40	146	41	134	42	188	43	153	44	182	45	113	46	185	47	146	48	157	49	118	
	0	194	1	133	2	140	3	106	4	116	5	135	6	150	7	150	8	168	9	191	10	159	11	118	12	182	13	115	14	134	15	129	16	149	17	112	18	156	19	135	20	102	21	155	22	156	23	125	24	145	25	152	26	169	27	188	28	155	29	125	30	105	31	180	32	121	33	153	34	184	35	112	36	113	37	171	38	192	39	187	40	149	41	117	42	169	43	179	44	105	45	170	46	112	47	102	48	134	49	136	
	0	190	1	102	2	109	3	184	4	190	5	110	6	177	7	183	8	116	9	171	10	123	11	137	12	182	13	113	14	124	15	137	16	192	17	118	18	137	19	105	20	189	21	181	22	170	23	146	24	104	25	129	26	131	27	140	28	133	29	125	30	161	31	138	32	190	33	108	34	166	35	176	36	194	37	137	38	105	39	154	40	166	41	113	42	125	43	170	44	185	45	182	46	128	47	115	48	169	49	112	
	0	179	1	125	2	193	3	103	4	141	5	160	6	122	7	160	8	157	9	144	10	147	11	173	12	126	13	172	14	169	15	127	16	131	17	156	18	199	19	100	20	152	21	117	22	195	23	118	24	112	25	167	26	198	27	187	28	103	29	114	30	151	31	182	32	192	33	113	34	160	35	131	36	113	37	157	38	104	39	160	40	183	41	111	42	185	43	179	44	162	45	165	46	110	47	138	48	124	49	103	
	0	181	1	185	2	110	3	108	4	192	5	118	6	133	7	133	8	177	9	111	10	155	11	137	12	184	13	165	14	163	15	196	16	121	17	115	18	134	19	108	20	176	21	133	22	160	23	101	24	174	25	123	26	107	27	176	28	193	29	194	30	119	31	153	32	163	33	105	34	131	35	155	36	116	37	142	38	199	39	135	40	110	41	120	42	143	43	194	44	146	45	156	46	197	47	172	48	182	49	188	
	0	108	1	172	2	169	3	132	4	145	5	180	6	123	7	189	8	195	9	139	10	183	11	165	12	150	13	188	14	119	15	152	16	131	17	143	18	179	19	101	20	192	21	178	22	125	23	164	24	179	25	100	26	157	27	188	28	102	29	185	30	137	31	118	32	151	33	195	34	140	35	160	36	106	37	151	38	129	39	144	40	156	41	101	42	111	43	122	44	185	45	181	46	135	47	189	48	155	49	106	
	0	114	1	191	2	162	3	105	4	158	5	116	6	172	7	187	8	196	9	120	10	110	11	188	12	187	13	160	14	116	15	192	16	196	17	110	18	138	19	152	20	146	21	154	22	168	23	150	24	193	25	181	26	106	27	183	28	168	29	178	30	125	31	149	32	148	33	104	34	181	35	189	36	176	37	199	38	184	39	143	40	115	41	151	42	160	43	173	44	129	45	135	46	117	47	179	48	173	49	108	
	0	178	1	108	2	135	3	109	4	182	5	106	6	138	7	199	8	151	9	163	10	103	11	177	12	115	13	108	14	162	15	125	16	171	17	189	18	121	19	191	20	149	21	152	22	198	23	148	24	177	25	163	26	153	27	135	28	112	29	127	30	124	31	192	32	142	33	142	34	124	35	194	36	122	37	141	38	122	39	123	40	120	41	148	42	162	43	127	44	152	45	104	46	187	47	177	48	194	49	102	
	0	179	1	182	2	106	3	110	4	127	5	128	6	192	7	119	8	164	9	176	10	140	11	134	12	193	13	101	14	193	15	190	16	197	17	164	18	161	19	151	20	176	21	185	22	147	23	160	24	118	25	120	26	140	27	167	28	148	29	197	30	170	31	131	32	143	33	105	34	111	35	165	36	171	37	173	38	130	39	148	40	102	41	146	42	181	43	147	44	118	45	104	46	188	47	105	48	190	49	109	
	0	153	1	120	2	184	3	121	4	126	5	147	6	106	7	147	8	187	9	198	10	195	11	123	12	100	13	149	14	110	15	124	16	112	17	197	18	112	19	198	20	179	21	130	22	135	23	104	24	131	25	166	26	125	27	128	28	106	29	155	30	118	31	135	32	156	33	192	34	130	35	116	36	153	37	170	38	136	39	173	40	157	41	190	42	139	43	117	44	124	45	124	46	194	47	175	48	165	49	190	
	0	177	1	140	2	114	3	159	4	158	5	151	6	195	7	151	8	122	9	173	10	173	11	111	12	123	13	127	14	105	15	167	16	179	17	125	18	129	19	136	20	159	21	159	22	167	23	193	24	150	25	110	26	126	27	183	28	196	29	145	30	126	31	172	32	155	33	113	34	128	35	132	36	129	37	131	38	131	39	194	40	100	41	151	42	178	43	134	44	171	45	185	46	128	47	161	48	191	49	128	
	0	174	1	130	2	179	3	190	4	147	5	193	6	136	7	183	8	177	9	166	10	172	11	135	12	196	13	187	14	129	15	175	16	101	17	164	18	175	19	180	20	181	21	107	22	103	23	187	24	124	25	143	26	104	27	128	28	165	29	154	30	113	31	114	32	164	33	184	34	171	35	109	36	183	37	128	38	173	39	151	40	138	41	186	42	174	43	153	44	170	45	179	46	136	47	173	48	129	49	156	
	0	155	1	166	2	144	3	178	4	172	5	152	6	153	7	191	8	128	9	194	10	124	11	130	12	181	13	186	14	150	15	177	16	101	17	170	18	134	19	168	20	166	21	154	22	172	23	147	24	142	25	167	26	151	27	108	28	146	29	184	30	187	31	179	32	110	33	184	34	136	35	139	36	178	37	102	38	102	39	109	40	192	41	177	42	138	43	177	44	167	45	148	46	129	47	138	48	135	49	119	
	0	184	1	139	2	118	3	104	4	144	5	116	6	183	7	120	8	169	9	106	10	174	11	183	12	167	13	103	14	137	15	175	16	141	17	138	18	130	19	165	20	198	21	130	22	121	23	142	24	121	25	160	26	164	27	180	28	100	29	190	30	166	31	174	32	165	33	111	34	162	35	154	36	178	37	193	38	107	39	150	40	164	41	170	42	142	43	138	44	191	45	116	46	126	47	163	48	108	49	195	
	0	199	1	174	2	123	3	110	4	189	5	112	6	163	7	109	8	196	9	171	10	185	11	157	12	138	13	159	14	110	15	159	16	121	17	163	18	170	19	104	20	152	21	187	22	118	23	110	24	138	25	193	26	129	27	183	28	106	29	160	30	123	31	102	32	105	33	140	34	166	35	184	36	189	37	173	38	135	39	197	40	170	41	196	42	170	43	113	44	151	45	156	46	125	47	166	48	176	49	179	
	0	143	1	170	2	188	3	100	4	112	5	183	6	138	7	145	8	125	9	115	10	105	11	141	12	140	13	155	14	189	15	135	16	198	17	124	18	140	19	115	20	165	21	156	22	118	23	115	24	151	25	119	26	101	27	139	28	164	29	146	30	106	31	182	32	110	33	166	34	161	35	168	36	167	37	146	38	151	39	120	40	121	41	117	42	183	43	139	44	190	45	139	46	102	47	160	48	197	49	187	
	0	108	1	191	2	141	3	199	4	117	5	161	6	197	7	178	8	140	9	101	10	194	11	134	12	183	13	125	14	194	15	149	16	104	17	101	18	174	19	149	20	185	21	169	22	167	23	169	24	164	25	106	26	129	27	176	28	101	29	166	30	124	31	101	32	144	33	165	34	188	35	128	36	194	37	137	38	128	39	171	40	108	41	198	42	171	43	165	44	156	45	103	46	188	47	178	48	157	49	185	
	0	157	1	169	2	186	3	185	4	199	5	154	6	139	7	150	8	189	9	199	10	185	11	121	12	162	13	197	14	135	15	153	16	104	17	101	18	121	19	155	20	131	21	105	22	101	23	130	24	175	25	129	26	128	27	112	28	112	29	194	30	180	31	129	32	156	33	115	34	160	35	122	36	155	37	164	38	186	39	127	40	194	41	176	42	194	43	125	44	104	45	127	46	103	47	186	48	131	49	124	
	0	143	1	103	2	180	3	106	4	106	5	112	6	131	7	145	8	160	9	141	10	149	11	160	12	145	13	189	14	123	15	161	16	199	17	147	18	137	19	189	20	152	21	116	22	104	23	164	24	173	25	175	26	102	27	192	28	138	29	197	30	132	31	114	32	143	33	134	34	176	35	146	36	165	37	110	38	145	39	121	40	143	41	193	42	109	43	198	44	108	45	188	46	123	47	189	48	198	49	148	
	0	185	1	150	2	132	3	110	4	104	5	153	6	109	7	114	8	115	9	140	10	174	11	134	12	159	13	132	14	190	15	191	16	178	17	198	18	168	19	174	20	191	21	177	22	141	23	148	24	129	25	128	26	173	27	168	28	126	29	185	30	133	31	162	32	145	33	161	34	143	35	165	36	177	37	109	38	163	39	142	40	172	41	166	42	173	43	197	44	120	45	181	46	119	47	102	48	176	49	161	
	0	168	1	136	2	148	3	165	4	179	5	106	6	132	7	135	8	124	9	127	10	150	11	131	12	125	13	156	14	130	15	142	16	130	17	137	18	127	19	198	20	114	21	176	22	137	23	163	24	140	25	153	26	195	27	136	28	111	29	159	30	199	31	104	32	170	33	118	34	132	35	101	36	132	37	168	38	168	39	103	40	152	41	154	42	114	43	185	44	149	45	150	46	139	47	140	48	111	49	169	
	0	130	1	137	2	146	3	131	4	122	5	150	6	147	7	176	8	137	9	131	10	184	11	127	12	154	13	187	14	108	15	174	16	111	17	169	18	197	19	149	20	105	21	143	22	199	23	144	24	138	25	185	26	110	27	176	28	118	29	120	30	111	31	158	32	134	33	175	34	160	35	183	36	114	37	104	38	130	39	152	40	132	41	132	42	153	43	169	44	106	45	165	46	127	47	173	48	169	49	125	
	0	197	1	173	2	109	3	191	4	159	5	199	6	126	7	185	8	139	9	175	10	128	11	113	12	138	13	140	14	147	15	106	16	151	17	104	18	161	19	176	20	161	21	130	22	198	23	117	24	131	25	122	26	103	27	194	28	115	29	155	30	183	31	101	32	113	33	165	34	166	35	192	36	185	37	173	38	179	39	191	40	121	41	102	42	165	43	116	44	140	45	143	46	166	47	180	48	152	49	163	
	0	153	1	111	2	127	3	177	4	182	5	129	6	113	7	172	8	116	9	183	10	191	11	168	12	199	13	101	14	155	15	104	16	152	17	162	18	141	19	155	20	195	21	102	22	130	23	189	24	104	25	177	26	156	27	151	28	186	29	144	30	198	31	147	32	116	33	141	34	150	35	175	36	160	37	103	38	104	39	193	40	102	41	164	42	181	43	148	44	111	45	173	46	178	47	138	48	189	49	128	
	0	136	1	125	2	100	3	158	4	105	5	193	6	138	7	114	8	108	9	155	10	170	11	181	12	133	13	164	14	154	15	196	16	105	17	122	18	117	19	173	20	118	21	172	22	105	23	116	24	116	25	158	26	190	27	101	28	139	29	115	30	155	31	103	32	188	33	174	34	165	35	162	36	135	37	137	38	162	39	114	40	171	41	152	42	184	43	145	44	198	45	107	46	117	47	183	48	159	49	187	
	0	191	1	122	2	178	3	102	4	192	5	144	6	155	7	187	8	160	9	181	10	144	11	156	12	178	13	182	14	125	15	188	16	106	17	184	18	122	19	133	20	161	21	183	22	196	23	130	24	192	25	106	26	176	27	151	28	191	29	172	30	157	31	166	32	148	33	130	34	137	35	178	36	100	37	155	38	184	39	151	40	149	41	173	42	149	43	156	44	124	45	181	46	109	47	177	48	119	49	151	
	0	174	1	117	2	151	3	109	4	109	5	161	6	180	7	170	8	196	9	164	10	180	11	167	12	144	13	174	14	170	15	129	16	146	17	180	18	165	19	182	20	193	21	105	22	162	23	170	24	169	25	179	26	131	27	190	28	199	29	150	30	144	31	115	32	146	33	150	34	100	35	197	36	100	37	168	38	177	39	160	40	189	41	142	42	113	43	185	44	122	45	160	46	127	47	186	48	146	49	136	
	0	110	1	104	2	184	3	159	4	181	5	154	6	128	7	181	8	139	9	119	10	195	11	114	12	122	13	108	14	198	15	175	16	135	17	195	18	110	19	113	20	160	21	112	22	196	23	170	24	130	25	198	26	128	27	100	28	146	29	147	30	156	31	111	32	104	33	162	34	187	35	147	36	104	37	178	38	155	39	127	40	153	41	116	42	160	43	175	44	175	45	182	46	123	47	108	48	149	49	142	
	0	151	1	142	2	152	3	182	4	188	5	147	6	155	7	193	8	130	9	154	10	175	11	103	12	192	13	171	14	155	15	139	16	123	17	158	18	194	19	178	20	101	21	164	22	165	23	174	24	192	25	107	26	129	27	133	28	144	29	134	30	113	31	191	32	107	33	172	34	105	35	165	36	169	37	189	38	139	39	119	40	188	41	170	42	159	43	142	44	123	45	135	46	154	47	116	48	136	49	124	