100 20 1
20
	0	118	1	105	2	113	3	103	4	106	5	107	6	104	7	107	8	111	9	116	10	114	11	114	12	106	13	106	14	109	15	114	16	111	17	111	18	114	19	103	
	0	119	1	115	2	117	3	105	4	106	5	119	6	107	7	105	8	113	9	101	10	115	11	105	12	109	13	117	14	120	15	102	16	102	17	103	18	110	19	120	
	0	112	1	115	2	116	3	105	4	111	5	116	6	107	7	113	8	118	9	102	10	113	11	109	12	102	13	119	14	100	15	109	16	119	17	115	18	108	19	105	
	0	114	1	115	2	113	3	107	4	109	5	109	6	120	7	120	8	117	9	108	10	119	11	116	12	117	13	114	14	115	15	118	16	115	17	106	18	102	19	102	
	0	114	1	100	2	108	3	119	4	109	5	109	6	112	7	103	8	112	9	103	10	119	11	106	12	116	13	107	14	104	15	100	16	111	17	100	18	115	19	117	
	0	102	1	103	2	109	3	106	4	117	5	120	6	110	7	108	8	114	9	116	10	111	11	111	12	100	13	108	14	109	15	112	16	116	17	113	18	113	19	109	
	0	112	1	116	2	118	3	119	4	100	5	109	6	110	7	103	8	114	9	103	10	120	11	119	12	116	13	117	14	105	15	110	16	105	17	106	18	117	19	117	
	0	105	1	109	2	109	3	108	4	110	5	115	6	105	7	120	8	111	9	104	10	104	11	116	12	101	13	118	14	114	15	102	16	107	17	112	18	119	19	114	
	0	117	1	102	2	108	3	118	4	109	5	106	6	104	7	112	8	112	9	101	10	105	11	101	12	119	13	100	14	109	15	104	16	119	17	104	18	106	19	114	
	0	117	1	104	2	120	3	108	4	118	5	115	6	101	7	112	8	111	9	110	10	118	11	103	12	114	13	112	14	115	15	112	16	107	17	112	18	111	19	107	
	0	113	1	109	2	116	3	104	4	112	5	103	6	105	7	100	8	111	9	116	10	108	11	102	12	108	13	120	14	113	15	114	16	118	17	116	18	101	19	111	
	0	116	1	110	2	102	3	119	4	100	5	108	6	101	7	103	8	104	9	107	10	106	11	118	12	115	13	106	14	115	15	116	16	108	17	103	18	117	19	105	
	0	114	1	118	2	115	3	109	4	104	5	120	6	118	7	115	8	102	9	108	10	104	11	120	12	102	13	117	14	112	15	118	16	107	17	120	18	102	19	105	
	0	107	1	105	2	100	3	112	4	114	5	109	6	110	7	116	8	117	9	101	10	108	11	106	12	106	13	111	14	100	15	102	16	118	17	109	18	104	19	109	
	0	103	1	112	2	120	3	109	4	120	5	107	6	101	7	106	8	107	9	105	10	101	11	109	12	109	13	114	14	109	15	100	16	115	17	114	18	109	19	100	
	0	117	1	109	2	120	3	101	4	120	5	100	6	103	7	109	8	118	9	101	10	109	11	109	12	103	13	116	14	111	15	102	16	120	17	119	18	109	19	116	
	0	107	1	113	2	104	3	110	4	101	5	119	6	100	7	112	8	110	9	120	10	115	11	120	12	110	13	106	14	118	15	102	16	116	17	120	18	113	19	103	
	0	101	1	103	2	111	3	116	4	109	5	108	6	108	7	115	8	103	9	101	10	118	11	110	12	120	13	119	14	117	15	101	16	120	17	101	18	117	19	103	
	0	120	1	117	2	103	3	115	4	117	5	115	6	102	7	114	8	118	9	107	10	102	11	118	12	110	13	114	14	101	15	102	16	114	17	113	18	116	19	111	
	0	102	1	114	2	114	3	105	4	112	5	111	6	115	7	114	8	116	9	113	10	117	11	101	12	119	13	114	14	105	15	106	16	110	17	106	18	101	19	116	
	0	108	1	120	2	115	3	112	4	114	5	111	6	114	7	101	8	113	9	107	10	109	11	100	12	102	13	118	14	117	15	108	16	114	17	120	18	107	19	110	
	0	113	1	119	2	120	3	113	4	110	5	116	6	113	7	103	8	108	9	110	10	109	11	101	12	107	13	116	14	118	15	115	16	109	17	105	18	102	19	105	
	0	113	1	114	2	107	3	113	4	100	5	109	6	117	7	117	8	106	9	116	10	120	11	104	12	109	13	115	14	111	15	112	16	117	17	109	18	108	19	114	
	0	107	1	101	2	117	3	102	4	107	5	117	6	103	7	105	8	115	9	102	10	110	11	113	12	112	13	100	14	114	15	115	16	109	17	109	18	101	19	112	
	0	105	1	118	2	101	3	103	4	104	5	101	6	105	7	100	8	100	9	111	10	116	11	103	12	100	13	106	14	111	15	108	16	110	17	115	18	115	19	120	
	0	105	1	108	2	104	3	107	4	116	5	118	6	106	7	103	8	105	9	106	10	115	11	105	12	106	13	101	14	116	15	120	16	120	17	102	18	110	19	105	
	0	105	1	101	2	112	3	116	4	117	5	114	6	103	7	116	8	118	9	107	10	119	11	101	12	103	13	117	14	119	15	104	16	111	17	107	18	115	19	104	
	0	108	1	109	2	117	3	105	4	111	5	108	6	118	7	110	8	101	9	105	10	110	11	118	12	108	13	120	14	119	15	105	16	114	17	102	18	103	19	108	
	0	109	1	102	2	110	3	101	4	111	5	119	6	106	7	108	8	112	9	112	10	110	11	116	12	118	13	102	14	112	15	109	16	114	17	103	18	112	19	110	
	0	106	1	112	2	117	3	100	4	118	5	106	6	114	7	109	8	110	9	117	10	104	11	109	12	105	13	103	14	113	15	103	16	112	17	100	18	117	19	113	
	0	106	1	107	2	103	3	107	4	112	5	116	6	111	7	105	8	112	9	113	10	114	11	106	12	119	13	114	14	107	15	109	16	104	17	109	18	105	19	109	
	0	115	1	107	2	117	3	109	4	109	5	110	6	111	7	102	8	109	9	112	10	119	11	118	12	109	13	101	14	112	15	109	16	114	17	113	18	108	19	114	
	0	104	1	105	2	107	3	114	4	109	5	101	6	113	7	108	8	106	9	105	10	113	11	100	12	102	13	111	14	109	15	113	16	110	17	111	18	106	19	107	
	0	116	1	115	2	112	3	103	4	105	5	113	6	112	7	104	8	102	9	119	10	114	11	115	12	111	13	110	14	105	15	113	16	120	17	113	18	102	19	104	
	0	120	1	116	2	114	3	105	4	116	5	105	6	116	7	116	8	112	9	115	10	105	11	110	12	111	13	120	14	113	15	104	16	112	17	110	18	101	19	120	
	0	105	1	112	2	110	3	100	4	114	5	108	6	120	7	115	8	109	9	120	10	102	11	114	12	100	13	109	14	111	15	117	16	105	17	117	18	101	19	100	
	0	102	1	100	2	103	3	120	4	107	5	117	6	108	7	102	8	115	9	119	10	101	11	103	12	105	13	112	14	112	15	101	16	101	17	110	18	116	19	100	
	0	105	1	116	2	112	3	116	4	105	5	108	6	105	7	113	8	109	9	100	10	103	11	112	12	105	13	116	14	109	15	114	16	110	17	115	18	112	19	114	
	0	111	1	111	2	111	3	114	4	118	5	117	6	115	7	113	8	103	9	109	10	113	11	111	12	116	13	107	14	105	15	110	16	107	17	119	18	120	19	113	
	0	117	1	110	2	111	3	119	4	114	5	107	6	114	7	108	8	106	9	103	10	111	11	104	12	119	13	110	14	105	15	106	16	108	17	112	18	117	19	112	
	0	103	1	116	2	102	3	116	4	104	5	119	6	112	7	108	8	116	9	118	10	110	11	103	12	100	13	104	14	107	15	114	16	109	17	105	18	114	19	118	
	0	112	1	104	2	100	3	109	4	113	5	102	6	114	7	115	8	120	9	112	10	117	11	118	12	113	13	116	14	116	15	119	16	118	17	115	18	101	19	106	
	0	104	1	108	2	105	3	114	4	108	5	106	6	104	7	117	8	115	9	106	10	108	11	102	12	111	13	100	14	102	15	107	16	109	17	102	18	104	19	103	
	0	100	1	109	2	119	3	118	4	107	5	101	6	117	7	110	8	109	9	115	10	118	11	118	12	101	13	120	14	108	15	109	16	104	17	118	18	101	19	120	
	0	106	1	110	2	118	3	110	4	111	5	108	6	108	7	111	8	109	9	106	10	113	11	112	12	102	13	102	14	102	15	109	16	117	17	102	18	101	19	111	
	0	117	1	110	2	116	3	100	4	107	5	106	6	100	7	107	8	119	9	112	10	104	11	114	12	107	13	111	14	115	15	106	16	120	17	116	18	117	19	111	
	0	119	1	112	2	102	3	119	4	111	5	103	6	103	7	118	8	103	9	104	10	105	11	116	12	118	13	118	14	120	15	100	16	103	17	114	18	114	19	120	
	0	104	1	114	2	109	3	113	4	119	5	103	6	105	7	119	8	111	9	103	10	103	11	108	12	103	13	103	14	111	15	116	16	103	17	112	18	120	19	105	
	0	106	1	101	2	105	3	107	4	101	5	102	6	103	7	108	8	104	9	110	10	120	11	107	12	102	13	116	14	108	15	117	16	105	17	109	18	105	19	107	
	0	112	1	108	2	102	3	101	4	113	5	111	6	104	7	108	8	104	9	117	10	119	11	109	12	111	13	104	14	110	15	104	16	120	17	119	18	111	19	115	
	0	116	1	119	2	120	3	104	4	118	5	106	6	111	7	113	8	107	9	114	10	119	11	111	12	107	13	118	14	104	15	107	16	101	17	102	18	119	19	102	
	0	111	1	105	2	108	3	120	4	115	5	114	6	118	7	112	8	112	9	119	10	103	11	112	12	112	13	109	14	113	15	112	16	104	17	116	18	114	19	114	
	0	117	1	118	2	120	3	101	4	100	5	116	6	116	7	116	8	118	9	120	10	113	11	116	12	119	13	110	14	109	15	115	16	110	17	111	18	101	19	107	
	0	105	1	117	2	114	3	100	4	105	5	111	6	104	7	116	8	105	9	113	10	118	11	103	12	108	13	114	14	102	15	110	16	104	17	103	18	107	19	116	
	0	113	1	108	2	100	3	105	4	101	5	115	6	104	7	111	8	117	9	103	10	105	11	103	12	115	13	110	14	116	15	106	16	106	17	104	18	117	19	115	
	0	101	1	109	2	106	3	101	4	117	5	103	6	100	7	101	8	101	9	112	10	114	11	102	12	108	13	104	14	101	15	109	16	104	17	106	18	117	19	108	
	0	103	1	109	2	120	3	110	4	117	5	104	6	101	7	116	8	101	9	120	10	117	11	118	12	114	13	105	14	113	15	117	16	101	17	102	18	106	19	104	
	0	100	1	110	2	106	3	100	4	114	5	101	6	111	7	115	8	107	9	113	10	112	11	118	12	118	13	114	14	109	15	113	16	101	17	118	18	113	19	116	
	0	110	1	102	2	101	3	109	4	102	5	105	6	105	7	107	8	103	9	116	10	116	11	106	12	119	13	111	14	108	15	104	16	103	17	108	18	103	19	107	
	0	100	1	107	2	103	3	101	4	111	5	114	6	118	7	116	8	120	9	104	10	109	11	105	12	120	13	116	14	115	15	120	16	118	17	102	18	114	19	101	
	0	115	1	105	2	116	3	114	4	106	5	108	6	117	7	103	8	119	9	107	10	118	11	105	12	102	13	103	14	109	15	105	16	116	17	103	18	113	19	119	
	0	106	1	108	2	116	3	113	4	115	5	107	6	118	7	101	8	108	9	116	10	103	11	112	12	103	13	104	14	109	15	115	16	101	17	115	18	103	19	105	
	0	103	1	120	2	112	3	110	4	115	5	119	6	108	7	109	8	119	9	105	10	119	11	107	12	108	13	100	14	111	15	116	16	104	17	111	18	115	19	107	
	0	110	1	106	2	117	3	119	4	101	5	112	6	104	7	119	8	108	9	115	10	116	11	100	12	120	13	101	14	101	15	112	16	111	17	107	18	120	19	111	
	0	105	1	106	2	116	3	110	4	109	5	104	6	113	7	112	8	107	9	103	10	117	11	108	12	116	13	118	14	120	15	108	16	105	17	119	18	106	19	113	
	0	102	1	113	2	106	3	113	4	120	5	117	6	108	7	115	8	118	9	109	10	117	11	103	12	101	13	106	14	103	15	113	16	113	17	107	18	111	19	120	
	0	102	1	118	2	115	3	112	4	108	5	118	6	103	7	100	8	110	9	106	10	105	11	104	12	117	13	117	14	111	15	103	16	114	17	116	18	103	19	100	
	0	110	1	104	2	104	3	116	4	114	5	120	6	118	7	114	8	119	9	101	10	104	11	107	12	117	13	112	14	103	15	119	16	110	17	112	18	100	19	109	
	0	111	1	118	2	104	3	111	4	117	5	106	6	117	7	114	8	115	9	115	10	116	11	113	12	106	13	108	14	108	15	113	16	120	17	115	18	119	19	119	
	0	109	1	120	2	102	3	110	4	116	5	107	6	118	7	117	8	111	9	114	10	116	11	117	12	102	13	100	14	107	15	102	16	111	17	118	18	116	19	106	
	0	106	1	120	2	100	3	116	4	114	5	107	6	120	7	115	8	104	9	108	10	119	11	102	12	113	13	113	14	120	15	105	16	103	17	120	18	100	19	112	
	0	115	1	105	2	101	3	112	4	114	5	118	6	104	7	112	8	105	9	116	10	113	11	111	12	101	13	116	14	115	15	103	16	114	17	110	18	100	19	112	
	0	108	1	115	2	113	3	103	4	120	5	106	6	101	7	106	8	113	9	100	10	117	11	110	12	116	13	118	14	114	15	119	16	120	17	119	18	104	19	107	
	0	117	1	107	2	117	3	105	4	102	5	109	6	114	7	111	8	114	9	113	10	117	11	116	12	112	13	115	14	117	15	105	16	106	17	112	18	110	19	101	
	0	119	1	102	2	106	3	103	4	103	5	105	6	106	7	118	8	113	9	117	10	109	11	101	12	102	13	117	14	118	15	116	16	111	17	120	18	103	19	105	
	0	117	1	118	2	115	3	107	4	110	5	113	6	117	7	116	8	100	9	117	10	101	11	120	12	115	13	100	14	120	15	111	16	113	17	111	18	103	19	101	
	0	116	1	101	2	115	3	113	4	115	5	110	6	109	7	114	8	117	9	113	10	108	11	114	12	103	13	106	14	100	15	103	16	117	17	112	18	111	19	109	
	0	114	1	100	2	107	3	100	4	115	5	116	6	115	7	119	8	105	9	111	10	119	11	107	12	104	13	120	14	101	15	107	16	113	17	112	18	109	19	116	
	0	102	1	114	2	109	3	117	4	105	5	106	6	107	7	111	8	108	9	112	10	116	11	109	12	115	13	102	14	106	15	104	16	113	17	114	18	111	19	101	
	0	115	1	106	2	113	3	113	4	100	5	108	6	105	7	105	8	110	9	113	10	110	11	117	12	117	13	116	14	103	15	110	16	115	17	105	18	120	19	119	
	0	107	1	112	2	106	3	106	4	119	5	115	6	119	7	102	8	106	9	118	10	115	11	101	12	102	13	117	14	106	15	101	16	118	17	112	18	103	19	111	
	0	110	1	107	2	107	3	117	4	107	5	119	6	111	7	111	8	103	9	116	10	109	11	117	12	120	13	108	14	104	15	113	16	111	17	112	18	115	19	120	
	0	110	1	102	2	104	3	113	4	109	5	112	6	109	7	118	8	103	9	111	10	114	11	107	12	120	13	102	14	112	15	114	16	103	17	103	18	120	19	114	
	0	116	1	108	2	116	3	103	4	113	5	108	6	103	7	112	8	108	9	110	10	115	11	110	12	105	13	102	14	109	15	113	16	114	17	108	18	100	19	107	
	0	112	1	118	2	114	3	104	4	115	5	100	6	116	7	107	8	115	9	116	10	114	11	107	12	108	13	114	14	116	15	118	16	101	17	104	18	101	19	116	
	0	112	1	119	2	117	3	118	4	103	5	108	6	113	7	102	8	105	9	118	10	110	11	116	12	101	13	106	14	116	15	104	16	117	17	114	18	109	19	103	
	0	120	1	112	2	112	3	100	4	117	5	104	6	120	7	100	8	119	9	119	10	112	11	113	12	116	13	113	14	100	15	116	16	119	17	113	18	111	19	108	
	0	111	1	109	2	112	3	108	4	114	5	114	6	110	7	106	8	119	9	103	10	100	11	120	12	102	13	111	14	103	15	107	16	102	17	105	18	108	19	101	
	0	113	1	117	2	113	3	100	4	103	5	100	6	112	7	119	8	106	9	106	10	104	11	109	12	106	13	106	14	112	15	113	16	111	17	108	18	119	19	111	
	0	120	1	103	2	118	3	108	4	119	5	107	6	114	7	115	8	104	9	104	10	113	11	114	12	110	13	117	14	117	15	109	16	104	17	115	18	102	19	119	
	0	116	1	117	2	110	3	119	4	101	5	109	6	112	7	108	8	100	9	109	10	116	11	114	12	115	13	104	14	108	15	115	16	120	17	111	18	106	19	116	
	0	102	1	104	2	114	3	113	4	118	5	100	6	120	7	107	8	100	9	115	10	102	11	114	12	104	13	110	14	104	15	117	16	104	17	103	18	113	19	102	
	0	120	1	115	2	117	3	113	4	102	5	115	6	102	7	117	8	100	9	117	10	106	11	120	12	114	13	100	14	109	15	120	16	106	17	100	18	115	19	102	
	0	104	1	109	2	103	3	107	4	117	5	115	6	107	7	102	8	107	9	100	10	106	11	112	12	102	13	119	14	109	15	115	16	103	17	115	18	113	19	105	
	0	118	1	114	2	105	3	104	4	104	5	109	6	112	7	103	8	103	9	115	10	109	11	104	12	112	13	107	14	103	15	103	16	119	17	114	18	118	19	116	
	0	110	1	101	2	100	3	114	4	111	5	110	6	105	7	107	8	119	9	108	10	116	11	114	12	102	13	110	14	106	15	109	16	107	17	109	18	102	19	112	
	0	115	1	101	2	101	3	111	4	107	5	115	6	109	7	105	8	116	9	100	10	113	11	112	12	109	13	118	14	120	15	104	16	105	17	120	18	120	19	112	
	0	108	1	109	2	113	3	117	4	108	5	116	6	117	7	120	8	111	9	100	10	116	11	111	12	107	13	102	14	109	15	100	16	107	17	109	18	109	19	118	
	0	112	1	110	2	112	3	111	4	104	5	106	6	106	7	111	8	117	9	105	10	108	11	111	12	102	13	111	14	117	15	101	16	112	17	105	18	107	19	117	
	0	118	1	112	2	113	3	103	4	112	5	113	6	101	7	104	8	106	9	104	10	116	11	113	12	110	13	104	14	110	15	119	16	119	17	100	18	114	19	102	