100 30 1
30
	0	117	1	108	2	118	3	115	4	118	5	119	6	102	7	112	8	106	9	115	10	105	11	115	12	106	13	116	14	107	15	100	16	115	17	109	18	104	19	107	20	101	21	109	22	105	23	109	24	113	25	111	26	115	27	109	28	116	29	104	
	0	103	1	104	2	117	3	119	4	112	5	112	6	111	7	108	8	115	9	107	10	110	11	106	12	106	13	102	14	119	15	112	16	112	17	107	18	107	19	106	20	108	21	113	22	109	23	115	24	117	25	106	26	104	27	107	28	119	29	116	
	0	118	1	109	2	108	3	106	4	103	5	108	6	115	7	103	8	106	9	115	10	110	11	111	12	107	13	116	14	107	15	108	16	109	17	106	18	114	19	117	20	102	21	113	22	110	23	108	24	112	25	107	26	116	27	108	28	106	29	114	
	0	104	1	107	2	103	3	107	4	116	5	115	6	100	7	119	8	106	9	100	10	120	11	107	12	110	13	118	14	114	15	106	16	111	17	101	18	114	19	101	20	118	21	107	22	107	23	111	24	115	25	104	26	112	27	118	28	113	29	106	
	0	105	1	108	2	111	3	120	4	107	5	119	6	111	7	113	8	106	9	103	10	106	11	108	12	102	13	103	14	112	15	104	16	105	17	100	18	104	19	111	20	104	21	112	22	103	23	105	24	110	25	108	26	104	27	106	28	102	29	110	
	0	100	1	118	2	116	3	111	4	119	5	106	6	120	7	117	8	104	9	120	10	104	11	100	12	103	13	101	14	105	15	106	16	103	17	108	18	106	19	108	20	101	21	120	22	103	23	112	24	108	25	114	26	101	27	106	28	104	29	120	
	0	108	1	105	2	111	3	112	4	106	5	109	6	120	7	120	8	117	9	120	10	108	11	105	12	101	13	105	14	109	15	102	16	112	17	119	18	115	19	104	20	111	21	103	22	108	23	116	24	105	25	102	26	103	27	118	28	115	29	119	
	0	116	1	114	2	118	3	115	4	105	5	118	6	109	7	113	8	118	9	112	10	101	11	120	12	104	13	118	14	120	15	105	16	110	17	104	18	101	19	109	20	116	21	101	22	117	23	100	24	102	25	106	26	117	27	105	28	111	29	114	
	0	117	1	102	2	111	3	104	4	113	5	105	6	112	7	100	8	102	9	115	10	103	11	114	12	103	13	112	14	117	15	104	16	117	17	117	18	102	19	118	20	118	21	115	22	118	23	119	24	116	25	101	26	110	27	116	28	120	29	119	
	0	105	1	115	2	101	3	110	4	105	5	119	6	110	7	118	8	101	9	115	10	112	11	112	12	120	13	105	14	102	15	113	16	114	17	107	18	118	19	104	20	107	21	105	22	117	23	115	24	120	25	116	26	114	27	116	28	116	29	115	
	0	111	1	108	2	102	3	118	4	117	5	111	6	120	7	107	8	119	9	119	10	104	11	107	12	117	13	108	14	120	15	116	16	100	17	114	18	113	19	106	20	117	21	108	22	102	23	112	24	118	25	107	26	108	27	103	28	115	29	114	
	0	104	1	103	2	100	3	101	4	118	5	109	6	119	7	101	8	120	9	101	10	101	11	105	12	114	13	113	14	106	15	103	16	113	17	120	18	100	19	111	20	112	21	111	22	119	23	119	24	108	25	113	26	114	27	102	28	118	29	102	
	0	119	1	103	2	103	3	120	4	119	5	118	6	100	7	116	8	117	9	104	10	120	11	108	12	103	13	103	14	104	15	113	16	106	17	117	18	101	19	106	20	101	21	118	22	107	23	105	24	105	25	114	26	112	27	112	28	103	29	102	
	0	103	1	112	2	103	3	120	4	113	5	108	6	107	7	108	8	101	9	108	10	106	11	117	12	113	13	100	14	102	15	103	16	104	17	113	18	110	19	109	20	117	21	118	22	101	23	113	24	105	25	113	26	117	27	114	28	106	29	110	
	0	120	1	113	2	116	3	101	4	107	5	117	6	116	7	107	8	107	9	110	10	100	11	113	12	103	13	108	14	100	15	119	16	111	17	113	18	105	19	108	20	116	21	111	22	111	23	101	24	107	25	103	26	105	27	119	28	108	29	104	
	0	105	1	119	2	120	3	118	4	104	5	117	6	111	7	103	8	102	9	105	10	115	11	119	12	105	13	106	14	115	15	120	16	116	17	111	18	109	19	104	20	100	21	117	22	107	23	115	24	114	25	115	26	118	27	106	28	119	29	113	
	0	113	1	101	2	118	3	100	4	115	5	111	6	116	7	111	8	109	9	120	10	102	11	113	12	107	13	120	14	103	15	103	16	111	17	110	18	118	19	119	20	110	21	115	22	109	23	104	24	103	25	109	26	100	27	109	28	105	29	108	
	0	111	1	108	2	118	3	110	4	108	5	107	6	119	7	120	8	118	9	103	10	120	11	103	12	111	13	110	14	101	15	100	16	120	17	109	18	101	19	108	20	113	21	105	22	103	23	102	24	105	25	106	26	114	27	116	28	115	29	111	
	0	120	1	113	2	119	3	103	4	103	5	116	6	111	7	103	8	119	9	120	10	114	11	107	12	100	13	116	14	112	15	109	16	119	17	111	18	119	19	107	20	113	21	109	22	118	23	104	24	110	25	107	26	116	27	119	28	107	29	112	
	0	101	1	107	2	108	3	101	4	110	5	101	6	100	7	110	8	118	9	116	10	100	11	110	12	117	13	111	14	112	15	106	16	119	17	120	18	101	19	110	20	101	21	113	22	105	23	118	24	112	25	120	26	115	27	104	28	105	29	114	
	0	101	1	109	2	103	3	108	4	115	5	109	6	117	7	105	8	104	9	105	10	110	11	118	12	109	13	111	14	100	15	116	16	103	17	119	18	113	19	118	20	113	21	113	22	107	23	120	24	103	25	114	26	100	27	120	28	112	29	118	
	0	104	1	117	2	103	3	100	4	101	5	110	6	105	7	113	8	100	9	113	10	109	11	104	12	106	13	108	14	119	15	117	16	104	17	117	18	119	19	116	20	104	21	101	22	113	23	109	24	110	25	101	26	114	27	111	28	112	29	105	
	0	112	1	111	2	111	3	117	4	112	5	119	6	105	7	105	8	118	9	120	10	106	11	111	12	104	13	100	14	100	15	112	16	101	17	116	18	117	19	102	20	107	21	110	22	107	23	103	24	107	25	117	26	106	27	110	28	116	29	109	
	0	114	1	100	2	104	3	102	4	118	5	112	6	115	7	118	8	107	9	100	10	101	11	110	12	112	13	107	14	103	15	106	16	117	17	113	18	120	19	120	20	100	21	105	22	105	23	111	24	102	25	101	26	109	27	107	28	100	29	108	
	0	109	1	102	2	101	3	103	4	111	5	117	6	116	7	112	8	112	9	102	10	117	11	115	12	108	13	105	14	111	15	113	16	115	17	105	18	116	19	117	20	103	21	103	22	113	23	112	24	118	25	105	26	100	27	108	28	116	29	109	
	0	110	1	113	2	108	3	110	4	113	5	116	6	120	7	108	8	100	9	109	10	103	11	108	12	103	13	117	14	112	15	103	16	105	17	118	18	102	19	120	20	105	21	113	22	119	23	109	24	102	25	113	26	114	27	118	28	101	29	111	
	0	112	1	118	2	117	3	116	4	111	5	107	6	103	7	120	8	104	9	101	10	114	11	107	12	115	13	119	14	107	15	108	16	105	17	101	18	107	19	112	20	119	21	106	22	101	23	108	24	111	25	115	26	105	27	105	28	102	29	102	
	0	106	1	105	2	106	3	105	4	120	5	107	6	106	7	111	8	110	9	104	10	120	11	105	12	104	13	120	14	117	15	110	16	120	17	109	18	104	19	110	20	114	21	118	22	108	23	100	24	108	25	110	26	116	27	118	28	107	29	110	
	0	114	1	116	2	115	3	118	4	114	5	103	6	116	7	109	8	102	9	101	10	109	11	115	12	113	13	100	14	110	15	115	16	111	17	114	18	106	19	107	20	116	21	111	22	105	23	118	24	106	25	118	26	103	27	119	28	105	29	110	
	0	106	1	100	2	113	3	102	4	110	5	105	6	117	7	107	8	118	9	107	10	113	11	101	12	103	13	107	14	100	15	110	16	108	17	117	18	116	19	118	20	110	21	101	22	119	23	111	24	113	25	108	26	112	27	105	28	108	29	120	
	0	100	1	106	2	111	3	117	4	102	5	102	6	120	7	109	8	101	9	115	10	110	11	108	12	116	13	101	14	109	15	108	16	109	17	107	18	110	19	104	20	107	21	109	22	119	23	105	24	117	25	106	26	113	27	101	28	107	29	103	
	0	111	1	109	2	111	3	114	4	101	5	100	6	118	7	112	8	106	9	113	10	112	11	113	12	100	13	115	14	111	15	114	16	114	17	111	18	100	19	119	20	105	21	103	22	107	23	114	24	109	25	107	26	107	27	101	28	100	29	117	
	0	106	1	108	2	109	3	107	4	107	5	115	6	112	7	114	8	117	9	100	10	111	11	101	12	108	13	102	14	112	15	114	16	115	17	115	18	113	19	103	20	113	21	117	22	100	23	117	24	114	25	109	26	117	27	108	28	107	29	105	
	0	120	1	110	2	120	3	117	4	119	5	113	6	107	7	106	8	119	9	102	10	114	11	113	12	119	13	104	14	118	15	102	16	120	17	105	18	119	19	119	20	104	21	113	22	115	23	112	24	102	25	115	26	101	27	119	28	109	29	100	
	0	109	1	103	2	106	3	103	4	111	5	102	6	110	7	102	8	106	9	115	10	104	11	103	12	116	13	101	14	110	15	106	16	105	17	104	18	110	19	117	20	100	21	120	22	120	23	113	24	115	25	107	26	113	27	118	28	116	29	106	
	0	101	1	109	2	117	3	120	4	115	5	108	6	109	7	118	8	101	9	107	10	114	11	112	12	101	13	106	14	120	15	110	16	109	17	110	18	112	19	115	20	100	21	119	22	120	23	111	24	119	25	112	26	104	27	110	28	120	29	119	
	0	118	1	114	2	102	3	119	4	114	5	114	6	107	7	111	8	115	9	107	10	109	11	108	12	112	13	105	14	102	15	104	16	107	17	117	18	109	19	105	20	108	21	109	22	119	23	108	24	115	25	104	26	110	27	119	28	107	29	109	
	0	109	1	110	2	118	3	110	4	102	5	106	6	111	7	108	8	118	9	120	10	113	11	117	12	117	13	102	14	116	15	113	16	119	17	100	18	102	19	100	20	105	21	113	22	107	23	104	24	115	25	105	26	104	27	110	28	106	29	113	
	0	107	1	115	2	119	3	103	4	114	5	115	6	102	7	101	8	111	9	111	10	106	11	109	12	109	13	112	14	115	15	103	16	100	17	101	18	118	19	120	20	108	21	118	22	110	23	104	24	111	25	107	26	114	27	107	28	107	29	117	
	0	110	1	100	2	116	3	116	4	107	5	108	6	102	7	111	8	104	9	110	10	120	11	102	12	113	13	103	14	116	15	106	16	100	17	110	18	110	19	104	20	120	21	104	22	111	23	117	24	110	25	101	26	120	27	116	28	115	29	111	
	0	111	1	101	2	109	3	112	4	109	5	120	6	102	7	113	8	111	9	107	10	106	11	119	12	100	13	104	14	105	15	113	16	107	17	109	18	101	19	104	20	119	21	112	22	107	23	111	24	108	25	112	26	106	27	114	28	120	29	110	
	0	115	1	100	2	117	3	111	4	106	5	106	6	101	7	107	8	115	9	111	10	119	11	101	12	112	13	106	14	106	15	110	16	101	17	103	18	102	19	117	20	108	21	109	22	119	23	115	24	116	25	112	26	104	27	101	28	109	29	120	
	0	109	1	111	2	104	3	117	4	106	5	117	6	103	7	102	8	118	9	117	10	117	11	111	12	110	13	119	14	112	15	112	16	105	17	109	18	108	19	118	20	103	21	105	22	117	23	110	24	110	25	113	26	119	27	108	28	109	29	117	
	0	111	1	109	2	110	3	100	4	114	5	113	6	118	7	114	8	101	9	103	10	102	11	112	12	110	13	113	14	102	15	114	16	108	17	106	18	111	19	105	20	115	21	118	22	108	23	103	24	110	25	102	26	101	27	110	28	108	29	112	
	0	108	1	107	2	102	3	104	4	109	5	120	6	100	7	110	8	102	9	118	10	120	11	101	12	101	13	113	14	114	15	120	16	106	17	119	18	114	19	118	20	114	21	104	22	102	23	101	24	110	25	106	26	110	27	114	28	117	29	108	
	0	103	1	112	2	116	3	112	4	112	5	100	6	113	7	106	8	113	9	117	10	111	11	110	12	114	13	112	14	105	15	111	16	115	17	100	18	117	19	117	20	101	21	110	22	108	23	113	24	105	25	119	26	115	27	108	28	117	29	116	
	0	120	1	108	2	110	3	105	4	116	5	119	6	114	7	113	8	107	9	120	10	114	11	119	12	120	13	102	14	106	15	100	16	114	17	109	18	112	19	109	20	114	21	111	22	105	23	108	24	113	25	108	26	117	27	120	28	109	29	106	
	0	109	1	109	2	101	3	116	4	112	5	111	6	102	7	113	8	119	9	101	10	114	11	111	12	116	13	108	14	112	15	114	16	100	17	112	18	113	19	101	20	120	21	104	22	105	23	111	24	115	25	102	26	101	27	103	28	102	29	112	
	0	117	1	114	2	115	3	114	4	103	5	112	6	108	7	115	8	117	9	117	10	105	11	117	12	120	13	116	14	120	15	106	16	103	17	114	18	118	19	105	20	101	21	115	22	107	23	108	24	104	25	112	26	100	27	107	28	105	29	114	
	0	115	1	112	2	115	3	103	4	102	5	111	6	103	7	100	8	111	9	120	10	115	11	102	12	115	13	115	14	109	15	114	16	117	17	102	18	115	19	106	20	104	21	105	22	115	23	119	24	111	25	109	26	106	27	113	28	114	29	118	
	0	101	1	108	2	100	3	114	4	118	5	114	6	115	7	108	8	120	9	120	10	119	11	109	12	101	13	114	14	106	15	114	16	102	17	100	18	114	19	114	20	102	21	117	22	109	23	109	24	104	25	113	26	100	27	119	28	117	29	101	
	0	115	1	114	2	100	3	102	4	115	5	110	6	110	7	119	8	100	9	113	10	113	11	112	12	107	13	108	14	102	15	106	16	117	17	101	18	112	19	109	20	115	21	100	22	103	23	113	24	107	25	108	26	117	27	101	28	114	29	115	
	0	117	1	100	2	104	3	102	4	108	5	102	6	104	7	120	8	100	9	107	10	118	11	119	12	115	13	107	14	100	15	106	16	100	17	101	18	109	19	106	20	110	21	119	22	118	23	101	24	115	25	106	26	107	27	106	28	120	29	110	
	0	116	1	101	2	107	3	103	4	109	5	103	6	102	7	105	8	112	9	100	10	102	11	116	12	113	13	109	14	113	15	115	16	110	17	100	18	119	19	119	20	116	21	106	22	107	23	100	24	107	25	119	26	101	27	101	28	115	29	105	
	0	107	1	118	2	115	3	120	4	100	5	100	6	120	7	117	8	100	9	114	10	120	11	110	12	104	13	114	14	103	15	101	16	108	17	116	18	105	19	109	20	111	21	105	22	104	23	104	24	114	25	114	26	107	27	112	28	100	29	120	
	0	111	1	101	2	110	3	107	4	112	5	110	6	118	7	120	8	109	9	119	10	113	11	112	12	107	13	112	14	118	15	103	16	113	17	102	18	105	19	117	20	120	21	116	22	106	23	108	24	103	25	108	26	115	27	116	28	118	29	100	
	0	116	1	112	2	120	3	120	4	106	5	104	6	107	7	101	8	110	9	119	10	116	11	115	12	108	13	111	14	111	15	108	16	105	17	112	18	106	19	107	20	113	21	106	22	104	23	113	24	107	25	119	26	115	27	107	28	107	29	111	
	0	112	1	102	2	105	3	112	4	113	5	109	6	100	7	105	8	109	9	107	10	100	11	101	12	113	13	107	14	111	15	106	16	114	17	117	18	109	19	102	20	116	21	102	22	107	23	104	24	104	25	112	26	108	27	120	28	115	29	108	
	0	113	1	101	2	107	3	108	4	101	5	108	6	120	7	100	8	104	9	107	10	119	11	110	12	106	13	106	14	116	15	104	16	110	17	105	18	116	19	108	20	102	21	110	22	114	23	104	24	119	25	103	26	113	27	100	28	115	29	120	
	0	113	1	110	2	113	3	120	4	103	5	115	6	100	7	120	8	100	9	100	10	112	11	111	12	113	13	115	14	111	15	110	16	101	17	100	18	120	19	113	20	115	21	106	22	120	23	104	24	101	25	116	26	112	27	105	28	100	29	114	
	0	111	1	108	2	103	3	109	4	108	5	114	6	119	7	104	8	110	9	116	10	120	11	107	12	109	13	120	14	104	15	115	16	108	17	100	18	119	19	100	20	111	21	108	22	106	23	120	24	102	25	112	26	120	27	117	28	112	29	114	
	0	106	1	101	2	117	3	106	4	105	5	119	6	105	7	107	8	108	9	104	10	120	11	101	12	108	13	100	14	113	15	113	16	113	17	115	18	114	19	111	20	115	21	115	22	108	23	118	24	107	25	101	26	106	27	113	28	112	29	106	
	0	100	1	102	2	116	3	108	4	108	5	101	6	115	7	116	8	109	9	104	10	111	11	108	12	103	13	114	14	117	15	100	16	103	17	105	18	106	19	102	20	111	21	100	22	101	23	107	24	103	25	107	26	100	27	105	28	110	29	106	
	0	102	1	120	2	106	3	113	4	100	5	100	6	111	7	102	8	105	9	105	10	105	11	113	12	108	13	112	14	100	15	103	16	107	17	113	18	115	19	108	20	107	21	100	22	118	23	106	24	104	25	112	26	111	27	108	28	103	29	107	
	0	100	1	114	2	113	3	101	4	106	5	119	6	103	7	101	8	112	9	118	10	103	11	117	12	116	13	114	14	101	15	102	16	111	17	100	18	118	19	115	20	108	21	100	22	110	23	110	24	108	25	114	26	118	27	115	28	119	29	101	
	0	117	1	109	2	105	3	113	4	115	5	108	6	102	7	119	8	107	9	112	10	112	11	106	12	120	13	113	14	110	15	104	16	104	17	104	18	104	19	117	20	103	21	118	22	113	23	100	24	103	25	106	26	109	27	116	28	111	29	114	
	0	113	1	104	2	108	3	100	4	118	5	111	6	117	7	112	8	112	9	113	10	106	11	117	12	112	13	113	14	114	15	102	16	105	17	103	18	102	19	105	20	109	21	101	22	119	23	110	24	110	25	102	26	119	27	101	28	105	29	109	
	0	102	1	105	2	114	3	110	4	120	5	107	6	115	7	118	8	109	9	116	10	102	11	101	12	114	13	103	14	116	15	116	16	115	17	115	18	111	19	105	20	103	21	101	22	115	23	120	24	104	25	119	26	106	27	107	28	106	29	114	
	0	118	1	106	2	102	3	119	4	115	5	109	6	107	7	108	8	119	9	103	10	102	11	100	12	103	13	100	14	116	15	110	16	109	17	107	18	107	19	116	20	111	21	120	22	120	23	111	24	103	25	113	26	115	27	103	28	117	29	106	
	0	118	1	109	2	108	3	110	4	108	5	113	6	101	7	105	8	102	9	106	10	119	11	102	12	103	13	100	14	112	15	115	16	102	17	116	18	111	19	103	20	107	21	106	22	112	23	119	24	116	25	114	26	116	27	120	28	120	29	108	
	0	107	1	107	2	113	3	107	4	112	5	106	6	117	7	113	8	110	9	117	10	120	11	113	12	110	13	105	14	112	15	119	16	112	17	116	18	111	19	104	20	114	21	114	22	102	23	111	24	104	25	106	26	109	27	119	28	114	29	111	
	0	112	1	117	2	100	3	117	4	106	5	120	6	102	7	116	8	102	9	107	10	110	11	103	12	118	13	103	14	110	15	110	16	102	17	118	18	106	19	104	20	106	21	100	22	109	23	113	24	108	25	119	26	120	27	119	28	104	29	107	
	0	100	1	116	2	109	3	103	4	117	5	110	6	119	7	104	8	113	9	115	10	101	11	109	12	112	13	119	14	105	15	109	16	112	17	108	18	115	19	101	20	119	21	105	22	104	23	100	24	116	25	101	26	119	27	108	28	108	29	116	
	0	102	1	114	2	109	3	103	4	116	5	117	6	108	7	103	8	116	9	100	10	100	11	101	12	100	13	108	14	100	15	103	16	100	17	104	18	118	19	104	20	110	21	102	22	116	23	104	24	111	25	106	26	105	27	119	28	115	29	102	
	0	104	1	107	2	112	3	113	4	117	5	105	6	113	7	118	8	101	9	107	10	102	11	108	12	104	13	118	14	100	15	103	16	118	17	116	18	103	19	113	20	108	21	117	22	111	23	102	24	114	25	110	26	108	27	102	28	110	29	115	
	0	116	1	102	2	109	3	115	4	100	5	106	6	111	7	117	8	109	9	117	10	113	11	110	12	110	13	120	14	117	15	104	16	108	17	117	18	112	19	108	20	115	21	103	22	116	23	102	24	109	25	103	26	105	27	105	28	111	29	118	
	0	109	1	106	2	107	3	117	4	109	5	103	6	108	7	111	8	114	9	113	10	114	11	102	12	106	13	114	14	102	15	115	16	118	17	118	18	103	19	117	20	105	21	113	22	118	23	119	24	109	25	112	26	103	27	100	28	115	29	108	
	0	113	1	111	2	103	3	106	4	101	5	119	6	108	7	118	8	116	9	101	10	103	11	112	12	111	13	115	14	100	15	116	16	100	17	109	18	110	19	115	20	112	21	118	22	108	23	114	24	101	25	111	26	111	27	107	28	114	29	107	
	0	113	1	103	2	104	3	113	4	120	5	102	6	120	7	101	8	113	9	103	10	115	11	103	12	109	13	102	14	102	15	114	16	109	17	104	18	103	19	113	20	119	21	120	22	110	23	100	24	104	25	111	26	112	27	100	28	120	29	102	
	0	109	1	103	2	118	3	108	4	105	5	110	6	119	7	107	8	113	9	100	10	101	11	100	12	118	13	116	14	118	15	108	16	104	17	119	18	118	19	120	20	102	21	105	22	100	23	105	24	104	25	108	26	118	27	113	28	102	29	102	
	0	117	1	120	2	104	3	115	4	111	5	113	6	117	7	108	8	113	9	106	10	120	11	110	12	112	13	112	14	116	15	119	16	113	17	119	18	114	19	103	20	108	21	114	22	101	23	108	24	107	25	116	26	102	27	105	28	108	29	114	
	0	113	1	115	2	111	3	114	4	109	5	109	6	105	7	112	8	114	9	117	10	118	11	116	12	114	13	112	14	104	15	118	16	117	17	103	18	108	19	117	20	117	21	104	22	105	23	101	24	117	25	118	26	100	27	100	28	109	29	112	
	0	119	1	112	2	107	3	115	4	112	5	103	6	103	7	103	8	102	9	103	10	102	11	116	12	115	13	110	14	112	15	105	16	115	17	103	18	106	19	120	20	103	21	101	22	100	23	101	24	105	25	119	26	118	27	116	28	108	29	111	
	0	120	1	113	2	110	3	113	4	117	5	110	6	100	7	100	8	118	9	120	10	105	11	118	12	105	13	102	14	117	15	102	16	108	17	112	18	113	19	104	20	114	21	112	22	109	23	113	24	115	25	101	26	103	27	110	28	102	29	111	
	0	109	1	116	2	115	3	104	4	110	5	104	6	101	7	101	8	103	9	102	10	116	11	119	12	106	13	119	14	105	15	111	16	111	17	114	18	110	19	106	20	100	21	107	22	107	23	109	24	110	25	115	26	102	27	105	28	117	29	107	
	0	110	1	118	2	112	3	109	4	104	5	104	6	114	7	103	8	100	9	113	10	108	11	108	12	114	13	107	14	109	15	111	16	100	17	101	18	101	19	110	20	106	21	100	22	118	23	101	24	110	25	105	26	108	27	114	28	109	29	110	
	0	101	1	100	2	120	3	107	4	108	5	112	6	107	7	115	8	113	9	116	10	112	11	102	12	106	13	113	14	115	15	120	16	119	17	116	18	105	19	101	20	119	21	111	22	109	23	109	24	102	25	110	26	107	27	110	28	110	29	107	
	0	104	1	118	2	104	3	110	4	111	5	107	6	120	7	120	8	101	9	119	10	102	11	109	12	110	13	108	14	112	15	110	16	116	17	100	18	102	19	107	20	101	21	119	22	119	23	119	24	109	25	120	26	113	27	107	28	112	29	119	
	0	102	1	112	2	103	3	106	4	105	5	110	6	119	7	103	8	107	9	104	10	118	11	108	12	105	13	106	14	109	15	107	16	105	17	105	18	113	19	115	20	115	21	120	22	108	23	119	24	115	25	116	26	103	27	105	28	119	29	106	
	0	109	1	113	2	115	3	107	4	106	5	111	6	115	7	101	8	108	9	100	10	117	11	114	12	109	13	106	14	119	15	110	16	103	17	105	18	106	19	111	20	107	21	106	22	117	23	118	24	109	25	108	26	103	27	101	28	111	29	108	
	0	104	1	120	2	100	3	118	4	108	5	119	6	105	7	117	8	116	9	119	10	107	11	110	12	113	13	115	14	107	15	103	16	102	17	111	18	118	19	110	20	105	21	101	22	100	23	100	24	102	25	120	26	120	27	113	28	111	29	110	
	0	120	1	117	2	117	3	116	4	101	5	100	6	120	7	118	8	116	9	110	10	103	11	120	12	117	13	101	14	106	15	106	16	117	17	117	18	114	19	115	20	105	21	113	22	119	23	100	24	106	25	107	26	114	27	100	28	100	29	107	
	0	100	1	102	2	113	3	109	4	103	5	119	6	110	7	104	8	106	9	109	10	108	11	112	12	100	13	104	14	101	15	111	16	105	17	119	18	110	19	117	20	111	21	109	22	107	23	104	24	100	25	107	26	109	27	102	28	106	29	100	
	0	108	1	116	2	105	3	115	4	105	5	101	6	114	7	118	8	119	9	111	10	112	11	101	12	110	13	120	14	106	15	107	16	106	17	111	18	115	19	104	20	102	21	116	22	118	23	113	24	115	25	109	26	111	27	101	28	101	29	106	
	0	114	1	119	2	114	3	118	4	116	5	103	6	100	7	114	8	118	9	104	10	115	11	113	12	103	13	115	14	105	15	113	16	102	17	112	18	104	19	113	20	118	21	104	22	111	23	115	24	113	25	108	26	102	27	100	28	106	29	114	
	0	110	1	114	2	107	3	116	4	106	5	101	6	102	7	113	8	115	9	110	10	108	11	106	12	112	13	100	14	101	15	116	16	109	17	119	18	116	19	119	20	117	21	115	22	113	23	104	24	119	25	105	26	119	27	109	28	117	29	117	
	0	109	1	112	2	116	3	118	4	107	5	116	6	120	7	113	8	111	9	116	10	118	11	111	12	118	13	120	14	102	15	106	16	116	17	104	18	112	19	107	20	110	21	107	22	108	23	111	24	115	25	104	26	101	27	109	28	116	29	120	
	0	109	1	114	2	118	3	107	4	104	5	114	6	105	7	107	8	120	9	106	10	101	11	105	12	114	13	120	14	118	15	119	16	101	17	115	18	119	19	106	20	112	21	108	22	104	23	116	24	111	25	116	26	120	27	112	28	103	29	107	
	0	112	1	110	2	116	3	109	4	103	5	105	6	105	7	108	8	102	9	113	10	113	11	120	12	106	13	100	14	110	15	118	16	107	17	101	18	108	19	118	20	120	21	114	22	104	23	117	24	102	25	101	26	103	27	117	28	102	29	115	
	0	112	1	112	2	120	3	117	4	105	5	102	6	113	7	116	8	106	9	102	10	106	11	100	12	109	13	111	14	109	15	107	16	120	17	108	18	113	19	103	20	113	21	104	22	106	23	119	24	112	25	104	26	115	27	108	28	110	29	112	