100 30 1
30
	0	108	1	115	2	114	3	105	4	108	5	108	6	118	7	117	8	106	9	112	10	102	11	106	12	117	13	119	14	107	15	104	16	112	17	114	18	112	19	110	20	101	21	106	22	112	23	113	24	110	25	102	26	119	27	107	28	116	29	104	
	0	116	1	104	2	110	3	100	4	120	5	118	6	114	7	101	8	114	9	113	10	102	11	104	12	106	13	101	14	101	15	104	16	108	17	104	18	102	19	108	20	108	21	101	22	117	23	118	24	111	25	118	26	112	27	116	28	105	29	101	
	0	105	1	101	2	101	3	112	4	107	5	119	6	115	7	105	8	105	9	107	10	112	11	104	12	101	13	107	14	114	15	117	16	100	17	115	18	116	19	114	20	120	21	110	22	110	23	120	24	116	25	114	26	102	27	111	28	112	29	110	
	0	106	1	112	2	110	3	106	4	106	5	115	6	119	7	100	8	117	9	101	10	102	11	105	12	110	13	118	14	114	15	116	16	113	17	107	18	116	19	119	20	108	21	118	22	118	23	102	24	103	25	118	26	119	27	104	28	106	29	120	
	0	109	1	116	2	110	3	119	4	103	5	118	6	101	7	106	8	100	9	113	10	100	11	118	12	110	13	102	14	117	15	111	16	102	17	120	18	113	19	110	20	110	21	118	22	119	23	114	24	106	25	111	26	103	27	112	28	112	29	117	
	0	109	1	107	2	105	3	106	4	106	5	108	6	116	7	113	8	110	9	102	10	107	11	105	12	109	13	105	14	111	15	100	16	112	17	117	18	120	19	100	20	117	21	107	22	114	23	106	24	117	25	106	26	100	27	107	28	105	29	109	
	0	110	1	110	2	112	3	112	4	100	5	114	6	119	7	114	8	101	9	102	10	120	11	118	12	120	13	116	14	103	15	106	16	118	17	114	18	109	19	100	20	104	21	107	22	108	23	109	24	108	25	106	26	118	27	112	28	112	29	114	
	0	119	1	108	2	114	3	118	4	100	5	111	6	100	7	106	8	119	9	120	10	109	11	108	12	107	13	112	14	101	15	117	16	120	17	109	18	102	19	105	20	111	21	118	22	118	23	106	24	103	25	120	26	115	27	113	28	105	29	100	
	0	103	1	102	2	108	3	111	4	108	5	111	6	111	7	113	8	117	9	109	10	105	11	112	12	104	13	100	14	107	15	112	16	118	17	112	18	120	19	100	20	105	21	112	22	106	23	117	24	106	25	108	26	101	27	119	28	120	29	105	
	0	104	1	105	2	106	3	103	4	109	5	115	6	115	7	111	8	115	9	107	10	117	11	113	12	102	13	110	14	114	15	109	16	108	17	104	18	120	19	119	20	107	21	108	22	113	23	106	24	114	25	119	26	102	27	104	28	101	29	105	
	0	118	1	116	2	103	3	119	4	116	5	120	6	106	7	114	8	104	9	106	10	117	11	104	12	113	13	112	14	112	15	119	16	106	17	100	18	107	19	110	20	118	21	117	22	118	23	110	24	116	25	105	26	101	27	118	28	115	29	118	
	0	113	1	119	2	109	3	110	4	119	5	107	6	118	7	118	8	103	9	119	10	119	11	109	12	114	13	108	14	114	15	113	16	109	17	112	18	106	19	105	20	112	21	116	22	118	23	114	24	118	25	105	26	114	27	101	28	119	29	109	
	0	102	1	111	2	119	3	111	4	120	5	102	6	118	7	118	8	110	9	104	10	114	11	100	12	118	13	103	14	112	15	120	16	110	17	100	18	110	19	100	20	113	21	106	22	120	23	115	24	115	25	115	26	102	27	119	28	112	29	112	
	0	111	1	117	2	108	3	100	4	101	5	105	6	118	7	120	8	118	9	117	10	107	11	110	12	102	13	103	14	112	15	102	16	108	17	107	18	110	19	118	20	120	21	102	22	105	23	113	24	105	25	112	26	103	27	112	28	101	29	112	
	0	107	1	100	2	104	3	117	4	120	5	113	6	106	7	111	8	113	9	113	10	108	11	111	12	116	13	120	14	106	15	108	16	108	17	113	18	108	19	119	20	107	21	120	22	120	23	106	24	103	25	118	26	116	27	112	28	105	29	119	
	0	119	1	118	2	112	3	101	4	113	5	112	6	106	7	118	8	104	9	106	10	106	11	104	12	109	13	108	14	113	15	101	16	107	17	107	18	113	19	103	20	106	21	117	22	104	23	107	24	119	25	100	26	117	27	119	28	110	29	101	
	0	107	1	113	2	112	3	113	4	118	5	102	6	105	7	120	8	117	9	120	10	100	11	112	12	114	13	113	14	108	15	117	16	113	17	105	18	107	19	117	20	106	21	107	22	111	23	109	24	101	25	111	26	100	27	107	28	113	29	110	
	0	116	1	108	2	115	3	104	4	112	5	120	6	113	7	113	8	117	9	110	10	113	11	113	12	108	13	106	14	117	15	100	16	117	17	103	18	112	19	103	20	120	21	107	22	104	23	113	24	119	25	109	26	105	27	101	28	112	29	101	
	0	107	1	105	2	112	3	101	4	118	5	116	6	114	7	115	8	116	9	103	10	114	11	114	12	110	13	114	14	100	15	110	16	109	17	110	18	117	19	103	20	111	21	119	22	108	23	115	24	102	25	106	26	109	27	119	28	110	29	111	
	0	103	1	101	2	116	3	110	4	104	5	119	6	104	7	118	8	114	9	117	10	107	11	105	12	120	13	109	14	104	15	107	16	100	17	108	18	109	19	112	20	103	21	112	22	102	23	111	24	103	25	103	26	111	27	116	28	110	29	113	
	0	111	1	113	2	108	3	112	4	100	5	104	6	102	7	102	8	107	9	111	10	106	11	118	12	113	13	108	14	108	15	107	16	114	17	107	18	104	19	119	20	114	21	107	22	119	23	109	24	115	25	104	26	113	27	105	28	118	29	103	
	0	104	1	119	2	119	3	113	4	117	5	117	6	114	7	102	8	119	9	102	10	115	11	102	12	112	13	105	14	116	15	120	16	114	17	110	18	114	19	108	20	102	21	112	22	107	23	110	24	100	25	100	26	117	27	101	28	119	29	113	
	0	106	1	119	2	120	3	113	4	115	5	115	6	117	7	107	8	104	9	117	10	110	11	100	12	114	13	100	14	113	15	119	16	110	17	103	18	110	19	110	20	103	21	107	22	108	23	116	24	107	25	118	26	102	27	117	28	113	29	100	
	0	119	1	109	2	120	3	114	4	118	5	103	6	118	7	103	8	107	9	101	10	104	11	119	12	104	13	112	14	103	15	116	16	107	17	109	18	119	19	101	20	112	21	118	22	120	23	116	24	108	25	112	26	107	27	107	28	110	29	115	
	0	120	1	100	2	120	3	101	4	104	5	119	6	100	7	120	8	101	9	114	10	112	11	116	12	114	13	106	14	100	15	119	16	102	17	109	18	100	19	108	20	107	21	105	22	119	23	105	24	111	25	104	26	107	27	108	28	110	29	101	
	0	111	1	102	2	109	3	118	4	105	5	100	6	118	7	113	8	101	9	104	10	118	11	102	12	100	13	111	14	102	15	103	16	103	17	110	18	117	19	111	20	112	21	104	22	119	23	119	24	104	25	113	26	105	27	113	28	103	29	109	
	0	116	1	112	2	103	3	116	4	113	5	104	6	116	7	112	8	118	9	117	10	112	11	115	12	100	13	119	14	102	15	114	16	104	17	102	18	106	19	100	20	104	21	114	22	115	23	109	24	110	25	111	26	108	27	117	28	114	29	120	
	0	108	1	119	2	115	3	117	4	112	5	117	6	114	7	107	8	112	9	100	10	118	11	109	12	112	13	104	14	109	15	117	16	107	17	113	18	104	19	111	20	107	21	111	22	110	23	112	24	116	25	107	26	105	27	119	28	105	29	106	
	0	114	1	105	2	109	3	120	4	115	5	108	6	105	7	105	8	103	9	103	10	107	11	119	12	106	13	117	14	101	15	117	16	106	17	109	18	104	19	119	20	115	21	107	22	119	23	105	24	107	25	109	26	112	27	117	28	108	29	117	
	0	117	1	105	2	105	3	112	4	103	5	109	6	106	7	119	8	118	9	112	10	104	11	113	12	100	13	115	14	116	15	102	16	110	17	110	18	109	19	115	20	103	21	113	22	111	23	105	24	107	25	108	26	109	27	111	28	119	29	109	
	0	101	1	116	2	102	3	117	4	101	5	107	6	120	7	100	8	108	9	117	10	102	11	119	12	103	13	104	14	106	15	100	16	104	17	108	18	119	19	111	20	115	21	114	22	119	23	104	24	118	25	110	26	100	27	111	28	111	29	106	
	0	120	1	120	2	117	3	117	4	111	5	114	6	109	7	113	8	103	9	113	10	113	11	109	12	117	13	106	14	117	15	103	16	101	17	112	18	106	19	112	20	112	21	118	22	120	23	102	24	107	25	102	26	105	27	114	28	104	29	113	
	0	100	1	117	2	104	3	109	4	105	5	117	6	107	7	114	8	103	9	120	10	116	11	116	12	102	13	119	14	112	15	113	16	120	17	116	18	110	19	106	20	108	21	114	22	118	23	109	24	116	25	108	26	103	27	116	28	107	29	106	
	0	106	1	106	2	110	3	103	4	110	5	107	6	106	7	103	8	113	9	101	10	102	11	100	12	100	13	115	14	104	15	120	16	104	17	111	18	102	19	106	20	100	21	100	22	104	23	107	24	107	25	110	26	112	27	117	28	108	29	114	
	0	103	1	119	2	103	3	112	4	111	5	102	6	102	7	110	8	101	9	109	10	109	11	114	12	117	13	120	14	110	15	111	16	103	17	100	18	108	19	117	20	114	21	108	22	104	23	111	24	112	25	110	26	108	27	110	28	115	29	117	
	0	115	1	105	2	107	3	110	4	114	5	109	6	114	7	104	8	117	9	111	10	100	11	117	12	113	13	115	14	117	15	103	16	102	17	111	18	104	19	113	20	117	21	108	22	112	23	109	24	108	25	119	26	117	27	102	28	103	29	106	
	0	120	1	107	2	102	3	105	4	111	5	118	6	101	7	118	8	102	9	116	10	108	11	108	12	114	13	109	14	113	15	120	16	100	17	116	18	109	19	109	20	102	21	114	22	120	23	119	24	114	25	107	26	118	27	104	28	104	29	116	
	0	119	1	106	2	111	3	119	4	107	5	111	6	101	7	114	8	110	9	106	10	119	11	110	12	106	13	119	14	104	15	110	16	119	17	115	18	102	19	116	20	118	21	100	22	110	23	115	24	114	25	119	26	114	27	106	28	101	29	116	
	0	116	1	107	2	102	3	115	4	117	5	101	6	120	7	118	8	108	9	100	10	120	11	103	12	101	13	111	14	111	15	119	16	109	17	119	18	107	19	100	20	119	21	102	22	101	23	111	24	113	25	119	26	104	27	115	28	110	29	118	
	0	101	1	108	2	113	3	105	4	108	5	104	6	107	7	118	8	105	9	100	10	111	11	107	12	118	13	107	14	120	15	118	16	115	17	109	18	115	19	111	20	110	21	109	22	118	23	115	24	119	25	117	26	100	27	115	28	117	29	109	
	0	114	1	100	2	110	3	111	4	108	5	116	6	113	7	120	8	107	9	115	10	104	11	114	12	113	13	102	14	119	15	108	16	114	17	106	18	116	19	112	20	119	21	103	22	101	23	114	24	107	25	105	26	112	27	115	28	104	29	117	
	0	117	1	106	2	103	3	106	4	105	5	113	6	101	7	119	8	111	9	114	10	105	11	109	12	118	13	100	14	115	15	117	16	111	17	116	18	114	19	118	20	114	21	103	22	111	23	102	24	116	25	111	26	108	27	120	28	116	29	117	
	0	101	1	109	2	118	3	113	4	120	5	119	6	113	7	105	8	102	9	107	10	101	11	102	12	101	13	104	14	111	15	120	16	102	17	110	18	101	19	102	20	105	21	114	22	110	23	101	24	103	25	109	26	113	27	115	28	116	29	102	
	0	108	1	106	2	119	3	118	4	116	5	118	6	113	7	116	8	119	9	113	10	100	11	113	12	105	13	104	14	100	15	103	16	102	17	102	18	111	19	115	20	100	21	101	22	110	23	115	24	109	25	110	26	119	27	101	28	110	29	114	
	0	107	1	106	2	101	3	101	4	115	5	109	6	102	7	117	8	104	9	101	10	107	11	118	12	105	13	106	14	105	15	119	16	100	17	110	18	118	19	109	20	118	21	102	22	112	23	104	24	119	25	101	26	117	27	112	28	109	29	116	
	0	114	1	104	2	117	3	115	4	111	5	104	6	115	7	113	8	110	9	117	10	115	11	110	12	108	13	112	14	103	15	107	16	104	17	110	18	118	19	117	20	117	21	102	22	102	23	104	24	104	25	104	26	120	27	118	28	108	29	117	
	0	108	1	102	2	113	3	116	4	118	5	116	6	117	7	120	8	110	9	119	10	113	11	104	12	110	13	115	14	109	15	104	16	110	17	100	18	109	19	108	20	111	21	108	22	119	23	114	24	106	25	118	26	103	27	119	28	110	29	114	
	0	119	1	114	2	111	3	116	4	102	5	110	6	113	7	119	8	116	9	112	10	118	11	105	12	113	13	115	14	117	15	111	16	117	17	114	18	107	19	104	20	112	21	116	22	111	23	120	24	118	25	110	26	114	27	115	28	101	29	116	
	0	111	1	110	2	110	3	119	4	101	5	119	6	115	7	104	8	113	9	115	10	109	11	111	12	107	13	100	14	105	15	101	16	106	17	103	18	115	19	117	20	106	21	101	22	107	23	111	24	102	25	103	26	106	27	118	28	120	29	104	
	0	108	1	112	2	106	3	112	4	104	5	117	6	119	7	101	8	102	9	116	10	117	11	118	12	119	13	118	14	113	15	109	16	108	17	105	18	106	19	101	20	115	21	103	22	108	23	101	24	102	25	117	26	118	27	117	28	117	29	111	
	0	107	1	113	2	112	3	116	4	102	5	115	6	108	7	102	8	116	9	102	10	118	11	110	12	111	13	114	14	102	15	106	16	109	17	103	18	109	19	120	20	103	21	103	22	112	23	108	24	111	25	114	26	108	27	119	28	113	29	107	
	0	102	1	100	2	102	3	104	4	112	5	117	6	102	7	102	8	118	9	105	10	110	11	120	12	114	13	105	14	103	15	113	16	106	17	117	18	115	19	116	20	120	21	103	22	114	23	101	24	107	25	103	26	105	27	101	28	107	29	106	
	0	115	1	106	2	119	3	116	4	119	5	115	6	115	7	108	8	104	9	115	10	115	11	103	12	107	13	100	14	118	15	112	16	112	17	101	18	114	19	111	20	115	21	110	22	115	23	115	24	103	25	109	26	109	27	103	28	101	29	110	
	0	119	1	107	2	114	3	115	4	102	5	111	6	119	7	105	8	102	9	117	10	117	11	116	12	106	13	112	14	101	15	107	16	117	17	109	18	116	19	108	20	107	21	100	22	116	23	114	24	100	25	106	26	105	27	110	28	105	29	100	
	0	110	1	114	2	112	3	112	4	101	5	113	6	118	7	104	8	101	9	104	10	117	11	103	12	111	13	119	14	107	15	107	16	103	17	110	18	119	19	114	20	118	21	113	22	113	23	110	24	119	25	103	26	109	27	110	28	104	29	110	
	0	112	1	104	2	100	3	111	4	100	5	100	6	104	7	117	8	120	9	120	10	120	11	113	12	106	13	120	14	112	15	101	16	116	17	108	18	101	19	102	20	108	21	107	22	101	23	105	24	115	25	118	26	120	27	116	28	115	29	115	
	0	110	1	112	2	110	3	105	4	103	5	117	6	116	7	106	8	109	9	101	10	112	11	108	12	100	13	104	14	118	15	106	16	113	17	103	18	115	19	104	20	108	21	101	22	108	23	115	24	114	25	112	26	111	27	108	28	100	29	103	
	0	106	1	118	2	101	3	120	4	120	5	114	6	116	7	120	8	118	9	117	10	113	11	114	12	108	13	102	14	103	15	112	16	107	17	105	18	108	19	114	20	104	21	104	22	119	23	109	24	107	25	119	26	114	27	111	28	119	29	117	
	0	110	1	120	2	119	3	101	4	107	5	116	6	104	7	108	8	113	9	103	10	112	11	107	12	113	13	110	14	104	15	116	16	108	17	115	18	120	19	101	20	119	21	107	22	102	23	114	24	102	25	114	26	109	27	114	28	109	29	101	
	0	108	1	114	2	108	3	103	4	104	5	118	6	101	7	107	8	107	9	109	10	101	11	112	12	120	13	102	14	119	15	102	16	113	17	100	18	104	19	102	20	112	21	115	22	102	23	102	24	120	25	117	26	117	27	103	28	107	29	109	
	0	103	1	104	2	108	3	113	4	118	5	109	6	101	7	112	8	106	9	109	10	120	11	113	12	108	13	106	14	115	15	120	16	114	17	106	18	117	19	100	20	106	21	112	22	105	23	103	24	107	25	120	26	118	27	118	28	119	29	109	
	0	118	1	109	2	116	3	100	4	106	5	119	6	102	7	103	8	105	9	120	10	102	11	110	12	111	13	113	14	112	15	114	16	119	17	116	18	118	19	113	20	114	21	101	22	109	23	110	24	115	25	114	26	107	27	101	28	103	29	107	
	0	103	1	101	2	105	3	108	4	117	5	108	6	113	7	118	8	117	9	103	10	109	11	120	12	114	13	104	14	118	15	106	16	111	17	115	18	114	19	120	20	118	21	100	22	105	23	104	24	100	25	113	26	117	27	102	28	118	29	116	
	0	117	1	102	2	104	3	112	4	120	5	103	6	118	7	115	8	108	9	102	10	104	11	106	12	111	13	107	14	106	15	107	16	112	17	101	18	117	19	105	20	119	21	120	22	115	23	101	24	103	25	112	26	103	27	102	28	107	29	114	
	0	120	1	100	2	120	3	114	4	103	5	103	6	114	7	104	8	105	9	105	10	103	11	111	12	111	13	113	14	108	15	103	16	102	17	116	18	114	19	104	20	101	21	107	22	117	23	119	24	103	25	112	26	105	27	102	28	120	29	108	
	0	112	1	110	2	119	3	117	4	112	5	115	6	108	7	119	8	120	9	116	10	102	11	117	12	112	13	101	14	118	15	106	16	100	17	113	18	115	19	103	20	101	21	109	22	110	23	116	24	108	25	101	26	101	27	115	28	104	29	110	
	0	112	1	113	2	112	3	119	4	113	5	107	6	114	7	102	8	113	9	100	10	101	11	102	12	113	13	114	14	115	15	112	16	104	17	106	18	100	19	119	20	108	21	103	22	106	23	114	24	108	25	104	26	110	27	105	28	107	29	120	
	0	116	1	106	2	112	3	114	4	111	5	105	6	113	7	117	8	106	9	108	10	103	11	106	12	119	13	113	14	102	15	115	16	116	17	118	18	120	19	118	20	100	21	104	22	112	23	116	24	115	25	113	26	110	27	102	28	119	29	117	
	0	117	1	113	2	105	3	115	4	105	5	105	6	113	7	104	8	101	9	106	10	102	11	109	12	100	13	117	14	102	15	120	16	104	17	106	18	115	19	108	20	113	21	114	22	119	23	117	24	101	25	103	26	102	27	113	28	117	29	101	
	0	103	1	111	2	117	3	114	4	106	5	118	6	106	7	105	8	108	9	107	10	113	11	102	12	115	13	111	14	101	15	103	16	118	17	117	18	105	19	109	20	104	21	114	22	101	23	112	24	119	25	103	26	111	27	107	28	103	29	106	
	0	109	1	111	2	107	3	116	4	107	5	118	6	106	7	112	8	116	9	110	10	108	11	116	12	119	13	120	14	103	15	102	16	116	17	101	18	102	19	118	20	118	21	104	22	100	23	112	24	114	25	112	26	111	27	111	28	105	29	102	
	0	111	1	113	2	119	3	109	4	118	5	110	6	111	7	109	8	107	9	102	10	105	11	111	12	112	13	115	14	100	15	103	16	101	17	114	18	113	19	110	20	115	21	101	22	103	23	117	24	104	25	111	26	111	27	112	28	119	29	113	
	0	119	1	114	2	116	3	111	4	112	5	112	6	115	7	115	8	116	9	113	10	113	11	110	12	109	13	117	14	115	15	119	16	102	17	104	18	104	19	110	20	102	21	115	22	109	23	105	24	111	25	110	26	116	27	104	28	115	29	119	
	0	114	1	109	2	107	3	100	4	120	5	100	6	102	7	120	8	109	9	108	10	102	11	108	12	114	13	118	14	109	15	116	16	117	17	100	18	101	19	110	20	104	21	105	22	116	23	115	24	118	25	119	26	118	27	103	28	119	29	110	
	0	105	1	106	2	114	3	100	4	111	5	101	6	117	7	101	8	102	9	119	10	101	11	102	12	101	13	120	14	113	15	109	16	119	17	109	18	116	19	114	20	105	21	108	22	118	23	101	24	105	25	110	26	108	27	106	28	106	29	119	
	0	116	1	113	2	108	3	111	4	119	5	114	6	116	7	109	8	102	9	114	10	101	11	100	12	107	13	114	14	102	15	100	16	116	17	108	18	106	19	110	20	104	21	110	22	116	23	120	24	103	25	108	26	103	27	119	28	108	29	113	
	0	112	1	119	2	105	3	117	4	109	5	119	6	107	7	106	8	120	9	116	10	117	11	117	12	105	13	112	14	112	15	111	16	114	17	106	18	118	19	105	20	117	21	101	22	108	23	100	24	110	25	118	26	104	27	104	28	108	29	120	
	0	106	1	119	2	118	3	115	4	117	5	114	6	117	7	112	8	104	9	108	10	114	11	100	12	107	13	116	14	119	15	109	16	102	17	100	18	109	19	104	20	117	21	116	22	115	23	118	24	116	25	120	26	110	27	102	28	104	29	106	
	0	105	1	108	2	120	3	105	4	105	5	109	6	105	7	102	8	110	9	119	10	103	11	102	12	101	13	116	14	112	15	115	16	116	17	107	18	116	19	118	20	116	21	112	22	103	23	112	24	108	25	119	26	114	27	100	28	116	29	110	
	0	116	1	105	2	100	3	104	4	102	5	114	6	114	7	112	8	109	9	117	10	103	11	120	12	113	13	104	14	117	15	104	16	115	17	118	18	101	19	113	20	117	21	112	22	115	23	104	24	112	25	113	26	103	27	103	28	112	29	105	
	0	104	1	110	2	108	3	115	4	102	5	118	6	114	7	113	8	107	9	117	10	116	11	109	12	108	13	119	14	117	15	100	16	112	17	100	18	104	19	116	20	115	21	102	22	108	23	103	24	102	25	118	26	119	27	116	28	103	29	102	
	0	105	1	100	2	103	3	116	4	112	5	120	6	112	7	117	8	119	9	104	10	107	11	108	12	104	13	116	14	110	15	101	16	119	17	115	18	120	19	116	20	104	21	120	22	114	23	113	24	115	25	112	26	114	27	118	28	109	29	111	
	0	101	1	115	2	101	3	117	4	115	5	104	6	113	7	120	8	108	9	104	10	114	11	114	12	105	13	111	14	116	15	109	16	116	17	116	18	111	19	117	20	106	21	106	22	111	23	110	24	104	25	118	26	117	27	111	28	116	29	100	
	0	119	1	102	2	104	3	120	4	106	5	109	6	108	7	111	8	120	9	114	10	119	11	113	12	112	13	110	14	119	15	117	16	100	17	100	18	117	19	120	20	116	21	102	22	100	23	118	24	106	25	120	26	110	27	120	28	120	29	112	
	0	102	1	105	2	113	3	118	4	106	5	100	6	107	7	115	8	116	9	101	10	119	11	103	12	115	13	104	14	102	15	118	16	117	17	115	18	108	19	111	20	118	21	113	22	118	23	112	24	101	25	110	26	120	27	119	28	119	29	105	
	0	103	1	118	2	107	3	114	4	115	5	109	6	114	7	104	8	100	9	108	10	115	11	109	12	118	13	105	14	109	15	107	16	101	17	103	18	103	19	101	20	100	21	117	22	118	23	102	24	110	25	108	26	109	27	109	28	100	29	115	
	0	105	1	115	2	112	3	111	4	115	5	103	6	116	7	103	8	108	9	105	10	112	11	120	12	119	13	119	14	119	15	100	16	100	17	112	18	109	19	119	20	104	21	119	22	101	23	119	24	111	25	101	26	114	27	106	28	117	29	100	
	0	119	1	113	2	100	3	113	4	101	5	105	6	115	7	113	8	104	9	113	10	108	11	119	12	114	13	120	14	100	15	109	16	120	17	109	18	111	19	108	20	102	21	111	22	114	23	119	24	111	25	120	26	112	27	115	28	100	29	103	
	0	103	1	116	2	113	3	109	4	104	5	113	6	107	7	116	8	105	9	114	10	102	11	112	12	102	13	109	14	110	15	112	16	120	17	112	18	115	19	115	20	119	21	120	22	116	23	108	24	114	25	101	26	119	27	117	28	101	29	104	
	0	106	1	107	2	104	3	118	4	119	5	104	6	116	7	107	8	109	9	104	10	116	11	109	12	111	13	107	14	108	15	119	16	117	17	109	18	105	19	100	20	102	21	108	22	108	23	103	24	107	25	110	26	112	27	106	28	101	29	117	
	0	110	1	107	2	112	3	114	4	106	5	102	6	101	7	115	8	102	9	101	10	119	11	107	12	110	13	115	14	103	15	100	16	100	17	101	18	104	19	112	20	112	21	109	22	116	23	113	24	100	25	117	26	100	27	118	28	102	29	102	
	0	117	1	109	2	118	3	111	4	116	5	112	6	102	7	120	8	109	9	106	10	103	11	104	12	114	13	109	14	115	15	119	16	106	17	116	18	116	19	116	20	115	21	103	22	117	23	120	24	100	25	102	26	113	27	100	28	106	29	100	
	0	111	1	108	2	105	3	118	4	111	5	102	6	109	7	113	8	114	9	102	10	120	11	107	12	114	13	119	14	104	15	104	16	111	17	105	18	109	19	111	20	103	21	101	22	116	23	102	24	106	25	104	26	111	27	100	28	102	29	113	
	0	105	1	103	2	115	3	104	4	117	5	108	6	102	7	106	8	106	9	115	10	100	11	108	12	112	13	107	14	114	15	108	16	119	17	112	18	119	19	103	20	106	21	109	22	119	23	113	24	104	25	113	26	102	27	111	28	102	29	104	
	0	117	1	120	2	112	3	100	4	102	5	102	6	115	7	105	8	103	9	113	10	116	11	116	12	100	13	120	14	111	15	106	16	115	17	113	18	111	19	102	20	101	21	105	22	107	23	100	24	106	25	116	26	118	27	115	28	109	29	110	
	0	107	1	118	2	119	3	102	4	118	5	100	6	105	7	109	8	104	9	114	10	120	11	113	12	115	13	114	14	112	15	112	16	118	17	106	18	102	19	100	20	102	21	112	22	107	23	110	24	105	25	106	26	100	27	113	28	114	29	105	
	0	105	1	105	2	104	3	106	4	118	5	111	6	111	7	111	8	120	9	105	10	107	11	115	12	103	13	104	14	111	15	120	16	104	17	101	18	119	19	109	20	119	21	117	22	116	23	107	24	120	25	103	26	109	27	104	28	116	29	113	
	0	106	1	120	2	109	3	120	4	102	5	104	6	115	7	116	8	114	9	104	10	119	11	120	12	117	13	113	14	114	15	100	16	112	17	106	18	106	19	118	20	109	21	113	22	119	23	101	24	113	25	102	26	107	27	117	28	104	29	105	
	0	106	1	102	2	101	3	102	4	105	5	117	6	101	7	107	8	115	9	112	10	108	11	116	12	105	13	117	14	100	15	115	16	102	17	107	18	111	19	118	20	102	21	120	22	120	23	118	24	101	25	119	26	108	27	107	28	106	29	119	
	0	106	1	115	2	100	3	102	4	102	5	113	6	113	7	109	8	101	9	110	10	106	11	111	12	113	13	117	14	111	15	113	16	117	17	108	18	100	19	118	20	114	21	101	22	109	23	120	24	107	25	103	26	107	27	107	28	115	29	115	