100 30 1
30
	0	112	1	103	2	101	3	105	4	108	5	104	6	105	7	107	8	107	9	109	10	118	11	112	12	115	13	105	14	110	15	111	16	105	17	106	18	104	19	117	20	100	21	120	22	102	23	103	24	101	25	102	26	109	27	104	28	117	29	105	
	0	118	1	103	2	120	3	103	4	112	5	108	6	119	7	107	8	111	9	103	10	106	11	103	12	107	13	119	14	110	15	108	16	103	17	118	18	112	19	113	20	107	21	101	22	111	23	104	24	100	25	103	26	108	27	114	28	116	29	116	
	0	101	1	105	2	111	3	104	4	116	5	100	6	114	7	110	8	100	9	117	10	117	11	108	12	111	13	109	14	104	15	113	16	100	17	113	18	100	19	105	20	111	21	103	22	115	23	101	24	102	25	104	26	115	27	116	28	100	29	107	
	0	109	1	102	2	104	3	107	4	106	5	118	6	118	7	103	8	119	9	102	10	111	11	102	12	111	13	117	14	113	15	116	16	114	17	118	18	119	19	114	20	112	21	116	22	114	23	108	24	103	25	105	26	111	27	113	28	114	29	103	
	0	101	1	112	2	113	3	116	4	119	5	100	6	103	7	116	8	110	9	115	10	110	11	114	12	102	13	120	14	107	15	109	16	116	17	119	18	111	19	109	20	102	21	110	22	112	23	110	24	116	25	112	26	100	27	106	28	108	29	109	
	0	107	1	101	2	107	3	116	4	119	5	113	6	113	7	108	8	106	9	109	10	114	11	110	12	120	13	108	14	107	15	112	16	106	17	115	18	105	19	102	20	110	21	101	22	116	23	112	24	111	25	114	26	118	27	106	28	104	29	113	
	0	115	1	100	2	113	3	117	4	110	5	106	6	120	7	105	8	108	9	103	10	120	11	103	12	111	13	118	14	113	15	115	16	110	17	105	18	100	19	114	20	112	21	116	22	111	23	119	24	109	25	113	26	101	27	118	28	107	29	105	
	0	107	1	114	2	105	3	119	4	114	5	100	6	102	7	110	8	118	9	120	10	105	11	108	12	114	13	118	14	100	15	100	16	120	17	120	18	105	19	117	20	100	21	109	22	117	23	115	24	104	25	105	26	110	27	109	28	115	29	111	
	0	120	1	103	2	101	3	105	4	120	5	101	6	110	7	119	8	100	9	119	10	112	11	107	12	107	13	102	14	109	15	104	16	119	17	101	18	113	19	105	20	120	21	107	22	100	23	112	24	112	25	119	26	101	27	105	28	100	29	120	
	0	120	1	109	2	117	3	115	4	116	5	104	6	105	7	117	8	119	9	111	10	109	11	112	12	109	13	102	14	120	15	100	16	118	17	101	18	100	19	106	20	104	21	113	22	104	23	112	24	103	25	120	26	117	27	102	28	108	29	109	
	0	110	1	114	2	108	3	105	4	111	5	116	6	119	7	106	8	117	9	104	10	104	11	118	12	106	13	100	14	116	15	107	16	119	17	115	18	111	19	117	20	119	21	119	22	113	23	107	24	111	25	100	26	111	27	105	28	116	29	106	
	0	113	1	106	2	105	3	104	4	105	5	102	6	115	7	109	8	110	9	112	10	112	11	118	12	115	13	120	14	112	15	111	16	104	17	114	18	117	19	111	20	115	21	106	22	113	23	101	24	116	25	105	26	117	27	119	28	103	29	103	
	0	107	1	103	2	112	3	117	4	100	5	113	6	111	7	100	8	114	9	105	10	101	11	102	12	105	13	102	14	104	15	112	16	119	17	111	18	102	19	106	20	119	21	104	22	105	23	117	24	113	25	120	26	102	27	111	28	112	29	108	
	0	111	1	107	2	119	3	101	4	101	5	119	6	120	7	101	8	107	9	115	10	114	11	114	12	104	13	108	14	112	15	101	16	117	17	115	18	109	19	118	20	108	21	111	22	112	23	114	24	106	25	109	26	114	27	107	28	113	29	115	
	0	120	1	115	2	102	3	108	4	107	5	106	6	110	7	101	8	105	9	118	10	106	11	110	12	120	13	120	14	119	15	104	16	103	17	110	18	111	19	100	20	113	21	114	22	118	23	117	24	111	25	107	26	120	27	120	28	119	29	108	
	0	108	1	117	2	116	3	108	4	107	5	103	6	112	7	107	8	105	9	107	10	108	11	117	12	116	13	111	14	112	15	100	16	107	17	119	18	101	19	102	20	100	21	114	22	114	23	111	24	103	25	109	26	114	27	106	28	114	29	118	
	0	113	1	117	2	103	3	113	4	102	5	106	6	105	7	116	8	111	9	100	10	116	11	107	12	110	13	117	14	100	15	100	16	112	17	117	18	107	19	118	20	101	21	111	22	118	23	118	24	100	25	116	26	103	27	104	28	109	29	113	
	0	108	1	109	2	112	3	112	4	100	5	105	6	100	7	104	8	118	9	100	10	119	11	107	12	118	13	116	14	108	15	101	16	110	17	109	18	110	19	115	20	118	21	110	22	105	23	111	24	104	25	116	26	111	27	116	28	105	29	105	
	0	103	1	111	2	120	3	117	4	105	5	113	6	102	7	119	8	113	9	112	10	111	11	108	12	110	13	111	14	115	15	111	16	111	17	107	18	108	19	117	20	108	21	119	22	106	23	117	24	110	25	103	26	119	27	114	28	113	29	112	
	0	108	1	107	2	110	3	104	4	114	5	110	6	111	7	110	8	105	9	118	10	120	11	119	12	106	13	104	14	108	15	106	16	107	17	106	18	105	19	117	20	110	21	113	22	116	23	117	24	107	25	110	26	106	27	118	28	100	29	110	
	0	109	1	101	2	100	3	119	4	115	5	116	6	113	7	116	8	112	9	105	10	103	11	117	12	101	13	103	14	106	15	113	16	116	17	107	18	108	19	103	20	113	21	113	22	119	23	109	24	115	25	104	26	119	27	116	28	110	29	114	
	0	101	1	105	2	112	3	113	4	106	5	113	6	108	7	104	8	114	9	100	10	109	11	116	12	104	13	119	14	111	15	100	16	112	17	116	18	107	19	110	20	114	21	114	22	115	23	109	24	100	25	120	26	103	27	120	28	113	29	107	
	0	118	1	115	2	116	3	106	4	118	5	108	6	100	7	106	8	100	9	114	10	119	11	100	12	110	13	103	14	100	15	115	16	110	17	116	18	116	19	106	20	115	21	100	22	111	23	120	24	104	25	100	26	112	27	115	28	108	29	100	
	0	107	1	107	2	109	3	120	4	119	5	107	6	100	7	114	8	104	9	104	10	109	11	117	12	108	13	102	14	100	15	116	16	109	17	119	18	118	19	106	20	114	21	103	22	107	23	102	24	119	25	114	26	104	27	108	28	108	29	109	
	0	101	1	118	2	115	3	113	4	112	5	103	6	109	7	118	8	118	9	116	10	103	11	119	12	108	13	107	14	119	15	111	16	113	17	101	18	113	19	108	20	116	21	110	22	111	23	113	24	117	25	101	26	103	27	107	28	118	29	105	
	0	108	1	100	2	112	3	112	4	111	5	107	6	117	7	101	8	106	9	114	10	107	11	110	12	114	13	119	14	100	15	104	16	119	17	112	18	104	19	119	20	102	21	106	22	120	23	100	24	111	25	112	26	111	27	104	28	106	29	106	
	0	108	1	118	2	118	3	115	4	118	5	118	6	101	7	118	8	105	9	110	10	107	11	107	12	115	13	120	14	118	15	102	16	101	17	103	18	105	19	119	20	117	21	108	22	119	23	114	24	107	25	108	26	109	27	100	28	112	29	111	
	0	111	1	106	2	113	3	102	4	114	5	115	6	106	7	119	8	113	9	108	10	117	11	114	12	108	13	115	14	115	15	111	16	103	17	101	18	105	19	118	20	111	21	119	22	115	23	112	24	110	25	102	26	107	27	103	28	102	29	118	
	0	111	1	101	2	102	3	102	4	116	5	119	6	109	7	115	8	104	9	102	10	100	11	107	12	114	13	108	14	105	15	101	16	114	17	119	18	101	19	100	20	110	21	117	22	104	23	101	24	110	25	111	26	108	27	112	28	115	29	111	
	0	100	1	116	2	111	3	112	4	111	5	118	6	106	7	100	8	100	9	119	10	110	11	117	12	116	13	107	14	103	15	108	16	113	17	120	18	115	19	104	20	113	21	115	22	115	23	115	24	115	25	109	26	106	27	103	28	100	29	109	
	0	100	1	110	2	108	3	120	4	104	5	112	6	119	7	102	8	104	9	103	10	108	11	117	12	116	13	109	14	120	15	106	16	114	17	109	18	119	19	105	20	109	21	102	22	101	23	101	24	117	25	117	26	119	27	107	28	101	29	109	
	0	120	1	120	2	107	3	101	4	113	5	101	6	109	7	112	8	117	9	112	10	114	11	104	12	108	13	108	14	105	15	103	16	114	17	117	18	117	19	103	20	104	21	103	22	105	23	119	24	104	25	112	26	102	27	120	28	111	29	106	
	0	104	1	113	2	112	3	112	4	104	5	118	6	100	7	111	8	114	9	117	10	102	11	105	12	108	13	114	14	109	15	110	16	106	17	117	18	105	19	111	20	120	21	105	22	113	23	115	24	102	25	107	26	114	27	112	28	106	29	111	
	0	115	1	120	2	106	3	114	4	116	5	117	6	101	7	117	8	119	9	102	10	100	11	115	12	120	13	113	14	117	15	113	16	115	17	105	18	107	19	119	20	112	21	117	22	108	23	113	24	120	25	120	26	110	27	112	28	107	29	101	
	0	113	1	112	2	117	3	110	4	106	5	105	6	106	7	102	8	115	9	119	10	118	11	114	12	116	13	115	14	109	15	116	16	104	17	110	18	103	19	118	20	103	21	108	22	117	23	110	24	105	25	119	26	120	27	114	28	116	29	100	
	0	100	1	119	2	113	3	110	4	115	5	112	6	102	7	100	8	104	9	101	10	117	11	103	12	117	13	107	14	110	15	107	16	114	17	118	18	106	19	110	20	112	21	104	22	112	23	102	24	110	25	111	26	102	27	106	28	112	29	106	
	0	100	1	117	2	120	3	120	4	102	5	104	6	109	7	110	8	119	9	116	10	109	11	109	12	100	13	114	14	117	15	113	16	104	17	115	18	104	19	116	20	110	21	100	22	119	23	100	24	113	25	118	26	114	27	117	28	120	29	110	
	0	117	1	118	2	100	3	119	4	118	5	120	6	103	7	102	8	118	9	100	10	109	11	120	12	104	13	108	14	119	15	101	16	118	17	102	18	103	19	107	20	107	21	119	22	111	23	117	24	115	25	104	26	114	27	118	28	115	29	100	
	0	112	1	109	2	111	3	113	4	103	5	116	6	115	7	107	8	101	9	102	10	107	11	109	12	107	13	112	14	102	15	110	16	105	17	112	18	107	19	101	20	117	21	111	22	101	23	107	24	114	25	100	26	108	27	111	28	117	29	100	
	0	103	1	102	2	110	3	103	4	111	5	116	6	116	7	106	8	108	9	102	10	115	11	116	12	104	13	110	14	106	15	118	16	104	17	108	18	105	19	103	20	114	21	118	22	112	23	108	24	113	25	112	26	101	27	118	28	103	29	100	
	0	100	1	120	2	113	3	110	4	107	5	109	6	113	7	114	8	117	9	109	10	118	11	103	12	117	13	116	14	106	15	103	16	106	17	101	18	105	19	108	20	101	21	105	22	107	23	119	24	102	25	111	26	106	27	101	28	111	29	107	
	0	101	1	100	2	118	3	118	4	100	5	107	6	119	7	106	8	104	9	100	10	101	11	105	12	108	13	112	14	115	15	111	16	109	17	120	18	116	19	119	20	104	21	107	22	115	23	117	24	117	25	110	26	119	27	115	28	106	29	110	
	0	109	1	104	2	107	3	104	4	103	5	105	6	111	7	112	8	109	9	105	10	112	11	108	12	107	13	117	14	110	15	114	16	116	17	111	18	107	19	113	20	108	21	108	22	114	23	103	24	109	25	104	26	104	27	107	28	108	29	113	
	0	107	1	103	2	117	3	109	4	119	5	108	6	119	7	102	8	116	9	113	10	118	11	116	12	100	13	106	14	101	15	101	16	112	17	116	18	110	19	115	20	117	21	110	22	111	23	119	24	106	25	108	26	110	27	105	28	109	29	117	
	0	108	1	101	2	102	3	113	4	107	5	103	6	109	7	111	8	107	9	106	10	101	11	111	12	112	13	114	14	111	15	118	16	110	17	116	18	106	19	113	20	108	21	118	22	114	23	111	24	117	25	113	26	107	27	109	28	113	29	116	
	0	116	1	106	2	120	3	101	4	108	5	113	6	114	7	111	8	101	9	116	10	103	11	105	12	101	13	113	14	119	15	102	16	119	17	110	18	119	19	114	20	104	21	110	22	114	23	110	24	101	25	115	26	108	27	116	28	110	29	120	
	0	104	1	112	2	101	3	118	4	102	5	111	6	103	7	112	8	115	9	120	10	106	11	100	12	112	13	100	14	112	15	113	16	105	17	104	18	102	19	107	20	106	21	103	22	104	23	108	24	110	25	116	26	112	27	118	28	113	29	110	
	0	119	1	102	2	111	3	115	4	106	5	111	6	113	7	111	8	111	9	112	10	102	11	111	12	106	13	107	14	101	15	104	16	114	17	117	18	100	19	111	20	114	21	120	22	101	23	114	24	102	25	102	26	120	27	117	28	102	29	119	
	0	100	1	105	2	105	3	109	4	119	5	113	6	105	7	104	8	104	9	110	10	116	11	119	12	103	13	105	14	116	15	111	16	113	17	101	18	110	19	119	20	117	21	114	22	108	23	114	24	120	25	107	26	100	27	101	28	105	29	106	
	0	114	1	107	2	112	3	108	4	109	5	107	6	108	7	106	8	108	9	107	10	120	11	105	12	105	13	106	14	116	15	100	16	108	17	110	18	108	19	111	20	115	21	100	22	114	23	106	24	106	25	115	26	101	27	109	28	101	29	117	
	0	120	1	105	2	114	3	117	4	109	5	120	6	116	7	110	8	109	9	105	10	115	11	111	12	111	13	113	14	110	15	108	16	103	17	110	18	102	19	106	20	108	21	118	22	117	23	107	24	103	25	119	26	106	27	120	28	104	29	101	
	0	115	1	113	2	109	3	107	4	105	5	113	6	108	7	109	8	113	9	109	10	107	11	116	12	106	13	100	14	106	15	109	16	108	17	108	18	118	19	108	20	112	21	112	22	116	23	116	24	106	25	115	26	103	27	100	28	113	29	110	
	0	112	1	113	2	106	3	105	4	100	5	119	6	115	7	104	8	113	9	113	10	108	11	110	12	113	13	106	14	109	15	100	16	114	17	106	18	106	19	101	20	103	21	110	22	114	23	100	24	120	25	116	26	112	27	115	28	106	29	109	
	0	105	1	101	2	104	3	117	4	110	5	109	6	110	7	102	8	106	9	106	10	110	11	113	12	112	13	115	14	120	15	113	16	111	17	107	18	107	19	106	20	105	21	108	22	112	23	116	24	104	25	104	26	116	27	110	28	105	29	114	
	0	119	1	101	2	107	3	120	4	104	5	117	6	111	7	102	8	104	9	102	10	108	11	107	12	107	13	105	14	114	15	120	16	115	17	116	18	106	19	102	20	114	21	105	22	111	23	100	24	109	25	105	26	112	27	105	28	117	29	114	
	0	115	1	109	2	104	3	118	4	119	5	104	6	115	7	110	8	120	9	117	10	114	11	112	12	101	13	112	14	101	15	100	16	104	17	102	18	115	19	115	20	104	21	109	22	113	23	119	24	115	25	116	26	110	27	115	28	112	29	100	
	0	101	1	107	2	110	3	116	4	119	5	102	6	116	7	119	8	104	9	104	10	103	11	118	12	104	13	116	14	112	15	101	16	109	17	107	18	111	19	120	20	120	21	109	22	113	23	114	24	106	25	118	26	100	27	113	28	108	29	109	
	0	110	1	109	2	113	3	116	4	114	5	104	6	103	7	113	8	118	9	113	10	100	11	120	12	118	13	114	14	107	15	100	16	113	17	103	18	107	19	116	20	117	21	109	22	102	23	118	24	114	25	111	26	104	27	117	28	109	29	115	
	0	103	1	117	2	102	3	109	4	118	5	110	6	113	7	104	8	111	9	117	10	118	11	106	12	107	13	115	14	102	15	120	16	107	17	109	18	102	19	105	20	110	21	102	22	117	23	116	24	107	25	116	26	102	27	101	28	117	29	108	
	0	101	1	100	2	120	3	116	4	107	5	104	6	102	7	103	8	120	9	101	10	101	11	113	12	114	13	117	14	113	15	104	16	117	17	120	18	113	19	102	20	107	21	113	22	109	23	120	24	113	25	101	26	105	27	100	28	120	29	119	
	0	111	1	116	2	115	3	101	4	118	5	100	6	104	7	106	8	118	9	115	10	117	11	105	12	107	13	102	14	100	15	112	16	100	17	117	18	112	19	101	20	120	21	102	22	104	23	112	24	118	25	116	26	115	27	119	28	113	29	119	
	0	101	1	105	2	115	3	112	4	111	5	116	6	114	7	115	8	115	9	115	10	109	11	106	12	118	13	119	14	111	15	113	16	113	17	115	18	102	19	114	20	113	21	116	22	108	23	118	24	109	25	118	26	106	27	118	28	107	29	108	
	0	108	1	104	2	105	3	109	4	109	5	104	6	110	7	104	8	113	9	104	10	104	11	101	12	114	13	104	14	119	15	117	16	107	17	115	18	112	19	117	20	112	21	101	22	114	23	101	24	118	25	101	26	112	27	116	28	110	29	112	
	0	110	1	105	2	101	3	113	4	117	5	114	6	116	7	117	8	115	9	118	10	120	11	110	12	120	13	115	14	117	15	112	16	104	17	114	18	120	19	119	20	102	21	117	22	112	23	109	24	102	25	113	26	109	27	110	28	114	29	108	
	0	100	1	111	2	114	3	116	4	100	5	116	6	110	7	109	8	113	9	103	10	104	11	119	12	104	13	112	14	102	15	104	16	104	17	105	18	103	19	102	20	109	21	101	22	111	23	113	24	111	25	109	26	103	27	113	28	100	29	117	
	0	101	1	109	2	106	3	103	4	107	5	109	6	119	7	116	8	103	9	104	10	100	11	100	12	118	13	120	14	114	15	109	16	110	17	113	18	113	19	118	20	100	21	115	22	101	23	105	24	119	25	113	26	101	27	114	28	114	29	103	
	0	107	1	111	2	119	3	118	4	108	5	117	6	111	7	102	8	112	9	113	10	113	11	113	12	114	13	111	14	116	15	108	16	101	17	109	18	116	19	102	20	109	21	110	22	104	23	100	24	103	25	107	26	114	27	114	28	110	29	118	
	0	103	1	109	2	107	3	100	4	113	5	102	6	110	7	116	8	101	9	110	10	102	11	115	12	111	13	111	14	100	15	108	16	117	17	102	18	101	19	103	20	118	21	111	22	109	23	111	24	115	25	104	26	119	27	116	28	100	29	101	
	0	112	1	111	2	112	3	106	4	107	5	117	6	103	7	118	8	108	9	113	10	105	11	107	12	120	13	108	14	113	15	116	16	114	17	105	18	113	19	116	20	118	21	103	22	118	23	107	24	100	25	101	26	117	27	115	28	114	29	113	
	0	112	1	116	2	111	3	102	4	103	5	106	6	117	7	102	8	115	9	108	10	119	11	105	12	102	13	109	14	103	15	103	16	105	17	120	18	115	19	103	20	101	21	108	22	101	23	101	24	101	25	101	26	100	27	103	28	110	29	103	
	0	118	1	120	2	113	3	114	4	100	5	101	6	104	7	107	8	108	9	118	10	102	11	104	12	119	13	109	14	111	15	111	16	102	17	112	18	102	19	107	20	104	21	102	22	116	23	111	24	112	25	106	26	114	27	119	28	109	29	100	
	0	104	1	104	2	114	3	117	4	120	5	116	6	107	7	115	8	116	9	110	10	119	11	109	12	116	13	119	14	100	15	113	16	102	17	103	18	107	19	106	20	113	21	104	22	111	23	101	24	116	25	115	26	115	27	120	28	106	29	101	
	0	118	1	105	2	108	3	105	4	105	5	115	6	102	7	115	8	104	9	112	10	117	11	111	12	106	13	118	14	117	15	119	16	102	17	116	18	102	19	110	20	113	21	115	22	116	23	116	24	100	25	112	26	111	27	116	28	107	29	109	
	0	118	1	102	2	108	3	118	4	108	5	105	6	110	7	113	8	117	9	100	10	107	11	102	12	101	13	118	14	105	15	116	16	104	17	118	18	104	19	117	20	114	21	110	22	117	23	119	24	108	25	104	26	107	27	112	28	111	29	104	
	0	106	1	101	2	100	3	117	4	102	5	113	6	105	7	110	8	105	9	104	10	119	11	112	12	100	13	100	14	119	15	118	16	101	17	113	18	120	19	115	20	117	21	110	22	110	23	117	24	107	25	111	26	111	27	111	28	118	29	105	
	0	115	1	115	2	103	3	106	4	114	5	110	6	108	7	115	8	114	9	107	10	116	11	119	12	119	13	105	14	117	15	112	16	110	17	112	18	112	19	117	20	102	21	106	22	117	23	113	24	109	25	100	26	119	27	104	28	120	29	106	
	0	117	1	104	2	102	3	116	4	112	5	112	6	104	7	112	8	112	9	102	10	105	11	106	12	100	13	107	14	112	15	102	16	107	17	104	18	103	19	101	20	102	21	101	22	106	23	103	24	111	25	112	26	105	27	115	28	118	29	103	
	0	114	1	113	2	105	3	109	4	108	5	103	6	113	7	118	8	102	9	100	10	118	11	115	12	117	13	115	14	112	15	117	16	105	17	106	18	106	19	104	20	105	21	109	22	111	23	106	24	107	25	114	26	107	27	116	28	106	29	105	
	0	109	1	102	2	109	3	113	4	120	5	105	6	114	7	105	8	105	9	110	10	101	11	101	12	105	13	101	14	114	15	101	16	108	17	112	18	118	19	110	20	109	21	116	22	111	23	112	24	119	25	117	26	100	27	103	28	107	29	106	
	0	110	1	114	2	105	3	116	4	116	5	117	6	107	7	119	8	100	9	106	10	110	11	119	12	102	13	102	14	116	15	118	16	117	17	117	18	110	19	102	20	108	21	106	22	106	23	105	24	110	25	105	26	116	27	105	28	114	29	114	
	0	102	1	110	2	119	3	110	4	106	5	108	6	103	7	107	8	115	9	117	10	107	11	108	12	120	13	109	14	101	15	103	16	105	17	103	18	108	19	101	20	109	21	119	22	100	23	113	24	110	25	102	26	112	27	118	28	109	29	119	
	0	105	1	111	2	111	3	115	4	115	5	118	6	104	7	109	8	105	9	102	10	107	11	114	12	108	13	102	14	102	15	108	16	103	17	117	18	103	19	111	20	100	21	113	22	110	23	115	24	112	25	120	26	101	27	113	28	108	29	108	
	0	108	1	120	2	111	3	101	4	120	5	109	6	115	7	109	8	102	9	103	10	118	11	107	12	107	13	112	14	104	15	118	16	117	17	120	18	105	19	112	20	113	21	115	22	115	23	108	24	101	25	115	26	116	27	102	28	112	29	119	
	0	101	1	100	2	110	3	112	4	108	5	110	6	100	7	107	8	104	9	107	10	108	11	104	12	106	13	106	14	105	15	106	16	108	17	115	18	103	19	111	20	119	21	102	22	104	23	110	24	112	25	113	26	108	27	101	28	113	29	117	
	0	106	1	107	2	112	3	101	4	116	5	114	6	118	7	117	8	101	9	119	10	109	11	114	12	109	13	117	14	114	15	108	16	109	17	114	18	105	19	101	20	111	21	101	22	101	23	100	24	107	25	103	26	115	27	108	28	103	29	117	
	0	109	1	115	2	119	3	119	4	115	5	118	6	111	7	103	8	105	9	116	10	109	11	108	12	104	13	100	14	106	15	119	16	104	17	108	18	106	19	101	20	108	21	110	22	117	23	105	24	111	25	113	26	110	27	100	28	104	29	103	
	0	116	1	100	2	116	3	120	4	109	5	109	6	110	7	118	8	116	9	107	10	117	11	113	12	102	13	109	14	103	15	103	16	105	17	103	18	118	19	110	20	117	21	113	22	105	23	100	24	107	25	101	26	104	27	120	28	111	29	106	
	0	110	1	104	2	116	3	101	4	107	5	102	6	100	7	102	8	111	9	102	10	100	11	117	12	119	13	105	14	115	15	104	16	102	17	105	18	105	19	113	20	103	21	119	22	103	23	120	24	116	25	100	26	109	27	113	28	113	29	114	
	0	106	1	102	2	115	3	118	4	120	5	118	6	107	7	120	8	119	9	118	10	115	11	119	12	118	13	116	14	115	15	100	16	103	17	104	18	116	19	114	20	103	21	102	22	110	23	104	24	111	25	110	26	106	27	115	28	104	29	120	
	0	120	1	115	2	104	3	118	4	102	5	114	6	102	7	120	8	106	9	113	10	113	11	117	12	118	13	108	14	104	15	117	16	102	17	114	18	106	19	117	20	110	21	115	22	112	23	116	24	102	25	115	26	108	27	117	28	105	29	111	
	0	102	1	101	2	112	3	103	4	118	5	109	6	111	7	114	8	115	9	106	10	104	11	102	12	105	13	114	14	117	15	120	16	118	17	103	18	115	19	119	20	104	21	105	22	105	23	100	24	116	25	110	26	103	27	108	28	104	29	104	
	0	112	1	113	2	117	3	100	4	107	5	114	6	107	7	106	8	113	9	101	10	102	11	111	12	111	13	103	14	115	15	104	16	104	17	117	18	100	19	115	20	113	21	105	22	112	23	117	24	110	25	112	26	114	27	101	28	119	29	102	
	0	113	1	115	2	109	3	112	4	103	5	113	6	108	7	111	8	110	9	106	10	103	11	115	12	116	13	106	14	111	15	110	16	107	17	118	18	108	19	119	20	109	21	109	22	116	23	118	24	117	25	118	26	114	27	114	28	118	29	100	
	0	100	1	118	2	113	3	100	4	102	5	102	6	119	7	104	8	100	9	105	10	117	11	100	12	117	13	120	14	108	15	111	16	102	17	115	18	103	19	102	20	115	21	119	22	101	23	110	24	108	25	101	26	108	27	115	28	105	29	101	
	0	103	1	117	2	111	3	105	4	119	5	120	6	102	7	105	8	112	9	109	10	100	11	102	12	118	13	112	14	105	15	114	16	117	17	118	18	105	19	100	20	108	21	110	22	119	23	113	24	116	25	114	26	105	27	108	28	114	29	103	
	0	100	1	108	2	100	3	115	4	120	5	116	6	112	7	102	8	104	9	100	10	105	11	109	12	101	13	120	14	108	15	107	16	114	17	119	18	113	19	101	20	113	21	107	22	100	23	104	24	101	25	109	26	120	27	120	28	109	29	103	
	0	117	1	113	2	104	3	104	4	120	5	100	6	113	7	104	8	116	9	105	10	107	11	103	12	116	13	115	14	107	15	109	16	104	17	119	18	113	19	112	20	113	21	115	22	106	23	102	24	106	25	119	26	103	27	118	28	115	29	100	
	0	101	1	108	2	109	3	107	4	116	5	104	6	113	7	112	8	105	9	118	10	114	11	111	12	118	13	117	14	109	15	101	16	114	17	110	18	119	19	118	20	104	21	118	22	106	23	112	24	118	25	115	26	101	27	105	28	109	29	104	
	0	114	1	106	2	116	3	106	4	108	5	100	6	111	7	104	8	100	9	111	10	120	11	111	12	104	13	110	14	119	15	110	16	112	17	118	18	101	19	115	20	111	21	110	22	111	23	102	24	119	25	114	26	119	27	107	28	115	29	107	
	0	114	1	101	2	105	3	115	4	116	5	111	6	116	7	115	8	117	9	108	10	111	11	111	12	120	13	113	14	116	15	103	16	110	17	107	18	115	19	109	20	111	21	117	22	118	23	100	24	117	25	100	26	115	27	104	28	103	29	116	