100 40 1
40
	0	101	1	102	2	119	3	105	4	108	5	119	6	100	7	106	8	105	9	101	10	108	11	101	12	111	13	100	14	116	15	106	16	114	17	111	18	113	19	108	20	102	21	104	22	103	23	102	24	106	25	104	26	110	27	100	28	119	29	105	30	103	31	103	32	117	33	111	34	100	35	111	36	108	37	117	38	105	39	104	
	0	114	1	101	2	109	3	111	4	103	5	116	6	112	7	104	8	109	9	100	10	105	11	120	12	118	13	114	14	101	15	111	16	100	17	108	18	119	19	104	20	112	21	113	22	112	23	109	24	113	25	104	26	112	27	118	28	111	29	114	30	106	31	116	32	110	33	113	34	107	35	107	36	102	37	109	38	110	39	112	
	0	116	1	108	2	100	3	107	4	114	5	109	6	120	7	103	8	118	9	118	10	117	11	101	12	111	13	107	14	106	15	101	16	114	17	109	18	119	19	102	20	108	21	119	22	111	23	113	24	113	25	114	26	114	27	100	28	104	29	102	30	116	31	110	32	106	33	118	34	101	35	119	36	114	37	114	38	109	39	113	
	0	102	1	100	2	117	3	110	4	109	5	102	6	107	7	113	8	109	9	117	10	107	11	108	12	109	13	116	14	106	15	103	16	104	17	117	18	111	19	107	20	105	21	115	22	117	23	119	24	119	25	116	26	113	27	113	28	102	29	116	30	103	31	114	32	107	33	115	34	103	35	100	36	103	37	117	38	119	39	104	
	0	109	1	103	2	102	3	116	4	116	5	113	6	117	7	111	8	119	9	108	10	117	11	112	12	101	13	105	14	101	15	105	16	112	17	108	18	104	19	117	20	104	21	120	22	117	23	102	24	107	25	107	26	118	27	110	28	103	29	107	30	120	31	113	32	116	33	118	34	112	35	110	36	117	37	108	38	103	39	100	
	0	107	1	111	2	115	3	118	4	115	5	104	6	109	7	113	8	118	9	106	10	100	11	107	12	110	13	104	14	119	15	116	16	110	17	120	18	118	19	116	20	116	21	108	22	107	23	113	24	100	25	108	26	120	27	119	28	111	29	118	30	118	31	112	32	119	33	112	34	108	35	119	36	100	37	101	38	116	39	112	
	0	112	1	103	2	108	3	116	4	102	5	102	6	108	7	110	8	110	9	116	10	103	11	120	12	115	13	104	14	115	15	111	16	100	17	100	18	120	19	115	20	106	21	120	22	111	23	102	24	101	25	101	26	105	27	119	28	102	29	110	30	112	31	115	32	114	33	116	34	109	35	105	36	108	37	108	38	108	39	102	
	0	110	1	112	2	100	3	107	4	109	5	103	6	117	7	116	8	104	9	101	10	100	11	104	12	109	13	101	14	102	15	105	16	107	17	100	18	103	19	117	20	113	21	110	22	116	23	115	24	105	25	110	26	101	27	109	28	103	29	100	30	120	31	106	32	111	33	116	34	101	35	104	36	103	37	103	38	102	39	112	
	0	102	1	100	2	120	3	101	4	105	5	109	6	108	7	117	8	118	9	103	10	113	11	103	12	120	13	115	14	119	15	113	16	109	17	112	18	105	19	119	20	119	21	117	22	115	23	100	24	108	25	107	26	113	27	120	28	101	29	104	30	119	31	103	32	107	33	119	34	110	35	105	36	100	37	113	38	109	39	114	
	0	119	1	110	2	100	3	106	4	102	5	112	6	118	7	108	8	103	9	105	10	117	11	110	12	119	13	100	14	109	15	113	16	114	17	110	18	109	19	101	20	106	21	102	22	119	23	119	24	107	25	105	26	104	27	114	28	112	29	102	30	109	31	110	32	118	33	103	34	120	35	107	36	101	37	105	38	108	39	109	
	0	105	1	103	2	106	3	116	4	110	5	120	6	112	7	106	8	107	9	116	10	101	11	108	12	105	13	112	14	108	15	105	16	113	17	120	18	114	19	100	20	106	21	105	22	117	23	113	24	102	25	115	26	114	27	100	28	110	29	111	30	100	31	106	32	107	33	101	34	103	35	117	36	112	37	106	38	119	39	104	
	0	102	1	104	2	116	3	118	4	108	5	108	6	105	7	115	8	107	9	107	10	105	11	115	12	101	13	101	14	116	15	106	16	107	17	108	18	111	19	111	20	114	21	101	22	111	23	119	24	106	25	102	26	107	27	101	28	119	29	104	30	109	31	108	32	115	33	119	34	117	35	108	36	110	37	120	38	103	39	108	
	0	104	1	100	2	104	3	115	4	112	5	112	6	107	7	110	8	118	9	102	10	104	11	118	12	102	13	104	14	103	15	108	16	114	17	116	18	105	19	116	20	110	21	117	22	111	23	115	24	117	25	105	26	107	27	100	28	120	29	119	30	111	31	109	32	102	33	111	34	116	35	117	36	116	37	103	38	120	39	105	
	0	112	1	120	2	119	3	117	4	111	5	105	6	117	7	104	8	108	9	118	10	112	11	118	12	105	13	111	14	116	15	109	16	100	17	102	18	114	19	109	20	118	21	102	22	117	23	111	24	104	25	109	26	118	27	106	28	105	29	109	30	107	31	115	32	110	33	103	34	103	35	111	36	115	37	105	38	115	39	103	
	0	104	1	117	2	106	3	102	4	105	5	120	6	118	7	104	8	117	9	112	10	118	11	100	12	119	13	115	14	115	15	117	16	104	17	117	18	110	19	120	20	102	21	107	22	118	23	115	24	116	25	106	26	100	27	100	28	120	29	108	30	101	31	115	32	104	33	110	34	117	35	107	36	115	37	103	38	101	39	102	
	0	105	1	100	2	105	3	112	4	120	5	115	6	114	7	102	8	101	9	114	10	116	11	115	12	117	13	118	14	100	15	102	16	118	17	107	18	114	19	113	20	113	21	104	22	119	23	109	24	117	25	102	26	110	27	100	28	115	29	113	30	118	31	117	32	117	33	117	34	105	35	103	36	117	37	108	38	104	39	117	
	0	116	1	102	2	109	3	105	4	101	5	106	6	106	7	107	8	112	9	118	10	100	11	118	12	114	13	109	14	104	15	116	16	117	17	116	18	118	19	118	20	117	21	105	22	106	23	111	24	105	25	111	26	108	27	108	28	109	29	108	30	114	31	102	32	106	33	105	34	114	35	105	36	106	37	102	38	109	39	117	
	0	120	1	105	2	115	3	109	4	102	5	104	6	111	7	109	8	117	9	100	10	108	11	101	12	108	13	109	14	100	15	113	16	108	17	115	18	100	19	112	20	100	21	113	22	120	23	103	24	117	25	120	26	111	27	101	28	114	29	112	30	116	31	117	32	104	33	114	34	101	35	118	36	119	37	112	38	106	39	116	
	0	105	1	112	2	107	3	116	4	109	5	109	6	102	7	110	8	114	9	101	10	102	11	100	12	113	13	113	14	115	15	112	16	116	17	104	18	118	19	110	20	115	21	118	22	116	23	106	24	110	25	114	26	112	27	107	28	115	29	111	30	104	31	119	32	118	33	100	34	100	35	100	36	113	37	119	38	116	39	115	
	0	106	1	103	2	119	3	116	4	117	5	104	6	109	7	116	8	118	9	110	10	105	11	110	12	101	13	104	14	102	15	114	16	100	17	105	18	114	19	119	20	111	21	109	22	104	23	113	24	109	25	106	26	113	27	111	28	100	29	117	30	116	31	114	32	105	33	101	34	104	35	101	36	116	37	105	38	101	39	115	
	0	120	1	117	2	108	3	103	4	103	5	100	6	115	7	110	8	112	9	114	10	115	11	103	12	113	13	112	14	101	15	109	16	109	17	101	18	119	19	107	20	113	21	107	22	100	23	118	24	104	25	118	26	116	27	119	28	107	29	109	30	100	31	114	32	104	33	110	34	119	35	115	36	111	37	109	38	119	39	119	
	0	109	1	116	2	107	3	110	4	118	5	116	6	115	7	114	8	106	9	100	10	109	11	102	12	109	13	109	14	109	15	109	16	111	17	120	18	116	19	106	20	102	21	120	22	116	23	112	24	116	25	113	26	100	27	102	28	104	29	120	30	106	31	115	32	104	33	110	34	106	35	113	36	108	37	106	38	106	39	114	
	0	101	1	102	2	104	3	110	4	102	5	118	6	119	7	117	8	106	9	103	10	114	11	100	12	102	13	112	14	114	15	109	16	119	17	110	18	106	19	109	20	102	21	100	22	116	23	105	24	108	25	103	26	119	27	106	28	117	29	117	30	120	31	111	32	104	33	119	34	106	35	116	36	113	37	113	38	100	39	114	
	0	118	1	120	2	105	3	118	4	119	5	110	6	111	7	120	8	100	9	115	10	118	11	120	12	110	13	113	14	117	15	117	16	111	17	112	18	103	19	110	20	118	21	111	22	113	23	112	24	100	25	105	26	102	27	108	28	118	29	102	30	109	31	119	32	115	33	113	34	119	35	111	36	117	37	111	38	102	39	111	
	0	114	1	105	2	107	3	118	4	100	5	101	6	103	7	105	8	117	9	115	10	120	11	104	12	120	13	102	14	103	15	104	16	101	17	119	18	116	19	102	20	100	21	110	22	120	23	108	24	114	25	105	26	117	27	102	28	106	29	100	30	114	31	108	32	100	33	117	34	107	35	114	36	110	37	107	38	110	39	104	
	0	117	1	103	2	120	3	109	4	101	5	120	6	116	7	114	8	117	9	105	10	115	11	107	12	112	13	108	14	102	15	119	16	108	17	104	18	103	19	115	20	114	21	119	22	103	23	108	24	100	25	107	26	114	27	111	28	101	29	118	30	117	31	114	32	118	33	107	34	107	35	107	36	104	37	107	38	116	39	118	
	0	119	1	104	2	101	3	106	4	110	5	114	6	100	7	103	8	114	9	106	10	114	11	103	12	100	13	108	14	117	15	116	16	101	17	113	18	101	19	119	20	111	21	100	22	102	23	114	24	117	25	117	26	117	27	107	28	112	29	104	30	119	31	100	32	112	33	109	34	112	35	116	36	110	37	110	38	107	39	102	
	0	102	1	114	2	114	3	108	4	109	5	118	6	104	7	115	8	109	9	114	10	111	11	111	12	110	13	105	14	100	15	101	16	114	17	113	18	117	19	111	20	109	21	112	22	117	23	104	24	113	25	115	26	108	27	120	28	110	29	100	30	113	31	100	32	120	33	117	34	115	35	117	36	109	37	101	38	113	39	109	
	0	112	1	117	2	100	3	107	4	109	5	106	6	116	7	120	8	103	9	108	10	104	11	115	12	115	13	119	14	115	15	116	16	112	17	100	18	103	19	110	20	104	21	115	22	108	23	111	24	117	25	106	26	105	27	104	28	110	29	104	30	100	31	102	32	100	33	110	34	107	35	115	36	116	37	100	38	105	39	103	
	0	113	1	108	2	101	3	116	4	116	5	102	6	114	7	101	8	110	9	106	10	103	11	111	12	102	13	101	14	115	15	119	16	115	17	107	18	114	19	106	20	104	21	115	22	120	23	118	24	120	25	118	26	120	27	106	28	108	29	108	30	120	31	117	32	119	33	117	34	103	35	119	36	101	37	101	38	115	39	105	
	0	112	1	118	2	117	3	110	4	101	5	114	6	113	7	100	8	116	9	120	10	108	11	104	12	106	13	104	14	101	15	112	16	115	17	112	18	104	19	100	20	105	21	111	22	100	23	110	24	115	25	102	26	113	27	111	28	106	29	110	30	111	31	107	32	106	33	100	34	115	35	116	36	113	37	120	38	109	39	114	
	0	110	1	118	2	105	3	113	4	115	5	118	6	103	7	107	8	101	9	102	10	105	11	119	12	100	13	105	14	119	15	108	16	116	17	105	18	109	19	115	20	104	21	113	22	104	23	105	24	115	25	119	26	107	27	103	28	104	29	103	30	111	31	101	32	119	33	120	34	106	35	104	36	100	37	113	38	100	39	114	
	0	114	1	119	2	103	3	107	4	119	5	115	6	107	7	110	8	113	9	116	10	105	11	118	12	111	13	112	14	102	15	109	16	112	17	114	18	108	19	113	20	110	21	103	22	109	23	110	24	101	25	118	26	113	27	100	28	108	29	117	30	105	31	105	32	113	33	106	34	102	35	100	36	113	37	115	38	109	39	100	
	0	110	1	112	2	104	3	120	4	112	5	116	6	119	7	118	8	111	9	116	10	112	11	118	12	105	13	107	14	100	15	118	16	107	17	105	18	101	19	100	20	107	21	112	22	116	23	104	24	111	25	118	26	110	27	101	28	100	29	114	30	118	31	110	32	105	33	113	34	104	35	112	36	116	37	105	38	108	39	112	
	0	102	1	118	2	104	3	113	4	107	5	111	6	109	7	110	8	119	9	108	10	101	11	103	12	117	13	101	14	114	15	116	16	105	17	110	18	112	19	103	20	119	21	111	22	115	23	120	24	108	25	101	26	115	27	115	28	106	29	101	30	113	31	111	32	114	33	110	34	118	35	112	36	114	37	110	38	109	39	101	
	0	117	1	116	2	116	3	117	4	118	5	112	6	109	7	112	8	100	9	100	10	119	11	103	12	109	13	117	14	114	15	113	16	117	17	114	18	118	19	112	20	116	21	100	22	111	23	110	24	113	25	113	26	106	27	102	28	103	29	104	30	120	31	107	32	100	33	104	34	116	35	105	36	111	37	104	38	102	39	106	
	0	120	1	112	2	112	3	110	4	113	5	120	6	106	7	104	8	105	9	104	10	111	11	118	12	116	13	119	14	117	15	110	16	106	17	118	18	102	19	100	20	116	21	100	22	112	23	120	24	114	25	119	26	107	27	111	28	119	29	110	30	109	31	120	32	101	33	102	34	117	35	106	36	109	37	114	38	118	39	108	
	0	105	1	100	2	100	3	101	4	105	5	103	6	108	7	118	8	110	9	110	10	117	11	115	12	107	13	120	14	112	15	109	16	109	17	110	18	111	19	110	20	104	21	106	22	120	23	119	24	104	25	105	26	111	27	109	28	116	29	113	30	107	31	115	32	111	33	109	34	107	35	112	36	112	37	105	38	107	39	103	
	0	116	1	108	2	108	3	105	4	112	5	104	6	100	7	101	8	105	9	108	10	101	11	118	12	100	13	113	14	110	15	107	16	101	17	104	18	103	19	100	20	120	21	110	22	111	23	111	24	108	25	103	26	112	27	111	28	107	29	111	30	115	31	109	32	120	33	104	34	102	35	118	36	101	37	117	38	102	39	120	
	0	104	1	108	2	120	3	100	4	102	5	106	6	117	7	119	8	110	9	107	10	117	11	105	12	100	13	118	14	116	15	120	16	120	17	114	18	109	19	100	20	102	21	110	22	108	23	112	24	116	25	107	26	120	27	116	28	116	29	107	30	100	31	108	32	105	33	102	34	107	35	103	36	115	37	115	38	114	39	109	
	0	115	1	109	2	103	3	102	4	114	5	102	6	118	7	101	8	114	9	104	10	103	11	105	12	104	13	120	14	114	15	100	16	115	17	110	18	105	19	119	20	118	21	100	22	118	23	115	24	108	25	106	26	101	27	115	28	110	29	100	30	113	31	113	32	120	33	119	34	105	35	108	36	116	37	105	38	118	39	118	
	0	106	1	112	2	109	3	103	4	110	5	109	6	116	7	118	8	120	9	120	10	100	11	119	12	110	13	111	14	115	15	112	16	120	17	117	18	120	19	113	20	102	21	114	22	112	23	100	24	119	25	119	26	120	27	109	28	101	29	101	30	117	31	113	32	114	33	107	34	117	35	112	36	109	37	111	38	104	39	114	
	0	104	1	120	2	108	3	119	4	111	5	112	6	116	7	101	8	117	9	112	10	106	11	115	12	114	13	117	14	100	15	112	16	120	17	113	18	101	19	112	20	100	21	106	22	100	23	112	24	111	25	109	26	103	27	119	28	105	29	102	30	101	31	112	32	116	33	108	34	104	35	105	36	100	37	118	38	114	39	105	
	0	116	1	113	2	100	3	119	4	115	5	120	6	106	7	120	8	105	9	120	10	103	11	119	12	108	13	113	14	107	15	116	16	105	17	108	18	108	19	111	20	112	21	109	22	110	23	106	24	119	25	119	26	108	27	113	28	109	29	120	30	113	31	102	32	114	33	106	34	117	35	109	36	103	37	120	38	112	39	117	
	0	115	1	115	2	109	3	120	4	119	5	120	6	111	7	117	8	116	9	118	10	104	11	112	12	104	13	117	14	109	15	118	16	106	17	118	18	104	19	110	20	101	21	117	22	104	23	103	24	120	25	108	26	102	27	114	28	110	29	102	30	116	31	107	32	104	33	116	34	103	35	109	36	119	37	111	38	104	39	120	
	0	104	1	100	2	112	3	117	4	118	5	103	6	112	7	117	8	102	9	106	10	113	11	108	12	107	13	111	14	108	15	117	16	116	17	120	18	104	19	103	20	102	21	101	22	102	23	105	24	117	25	110	26	109	27	102	28	101	29	120	30	105	31	120	32	113	33	113	34	117	35	110	36	117	37	118	38	116	39	101	
	0	102	1	119	2	113	3	110	4	107	5	113	6	101	7	115	8	114	9	120	10	109	11	106	12	106	13	111	14	120	15	109	16	106	17	112	18	117	19	110	20	120	21	108	22	105	23	109	24	118	25	117	26	106	27	114	28	103	29	106	30	113	31	103	32	118	33	106	34	100	35	118	36	118	37	115	38	108	39	109	
	0	100	1	103	2	113	3	116	4	110	5	100	6	102	7	104	8	117	9	108	10	115	11	109	12	114	13	115	14	109	15	111	16	110	17	102	18	108	19	108	20	112	21	116	22	113	23	110	24	118	25	101	26	111	27	100	28	103	29	105	30	108	31	113	32	104	33	102	34	100	35	113	36	119	37	105	38	107	39	117	
	0	102	1	114	2	100	3	103	4	113	5	102	6	106	7	100	8	106	9	120	10	106	11	116	12	107	13	112	14	107	15	104	16	110	17	108	18	104	19	100	20	104	21	110	22	101	23	101	24	106	25	101	26	101	27	118	28	102	29	118	30	104	31	109	32	101	33	100	34	116	35	116	36	103	37	114	38	111	39	101	
	0	117	1	108	2	109	3	118	4	106	5	115	6	111	7	115	8	113	9	106	10	100	11	106	12	106	13	104	14	120	15	116	16	103	17	110	18	109	19	112	20	120	21	105	22	108	23	118	24	117	25	118	26	103	27	102	28	114	29	101	30	118	31	112	32	116	33	107	34	116	35	100	36	118	37	117	38	106	39	114	
	0	109	1	103	2	119	3	114	4	112	5	111	6	101	7	115	8	116	9	114	10	117	11	117	12	120	13	116	14	119	15	117	16	104	17	114	18	112	19	116	20	102	21	114	22	116	23	107	24	117	25	117	26	119	27	114	28	103	29	115	30	110	31	102	32	103	33	120	34	115	35	105	36	114	37	119	38	104	39	109	
	0	100	1	103	2	105	3	111	4	111	5	120	6	102	7	102	8	120	9	106	10	113	11	105	12	116	13	109	14	114	15	108	16	111	17	101	18	109	19	109	20	105	21	102	22	118	23	106	24	119	25	120	26	107	27	117	28	110	29	114	30	113	31	107	32	120	33	120	34	116	35	105	36	116	37	119	38	112	39	108	
	0	112	1	109	2	116	3	107	4	103	5	103	6	100	7	103	8	112	9	112	10	112	11	119	12	101	13	119	14	107	15	118	16	118	17	118	18	105	19	118	20	113	21	115	22	104	23	112	24	105	25	107	26	100	27	120	28	111	29	113	30	115	31	101	32	117	33	110	34	104	35	110	36	118	37	115	38	102	39	104	
	0	120	1	102	2	106	3	109	4	110	5	111	6	120	7	114	8	119	9	119	10	115	11	107	12	104	13	108	14	105	15	107	16	101	17	106	18	115	19	109	20	105	21	103	22	105	23	102	24	100	25	110	26	104	27	102	28	116	29	117	30	109	31	112	32	106	33	113	34	100	35	104	36	100	37	111	38	101	39	102	
	0	114	1	110	2	113	3	112	4	110	5	102	6	120	7	115	8	103	9	106	10	102	11	115	12	117	13	116	14	100	15	119	16	104	17	119	18	102	19	106	20	112	21	111	22	113	23	115	24	101	25	116	26	101	27	119	28	114	29	108	30	101	31	105	32	108	33	114	34	107	35	119	36	105	37	120	38	112	39	105	
	0	117	1	109	2	119	3	120	4	116	5	120	6	103	7	110	8	114	9	114	10	115	11	120	12	115	13	102	14	109	15	118	16	104	17	111	18	114	19	111	20	106	21	112	22	114	23	105	24	105	25	116	26	102	27	105	28	109	29	112	30	113	31	113	32	115	33	106	34	110	35	115	36	109	37	102	38	107	39	115	
	0	103	1	116	2	117	3	107	4	113	5	113	6	113	7	119	8	102	9	119	10	115	11	119	12	116	13	117	14	104	15	102	16	109	17	106	18	115	19	114	20	104	21	117	22	103	23	108	24	103	25	113	26	117	27	118	28	105	29	110	30	100	31	119	32	100	33	120	34	102	35	103	36	111	37	118	38	102	39	111	
	0	108	1	116	2	115	3	116	4	114	5	115	6	119	7	105	8	115	9	114	10	100	11	105	12	113	13	120	14	112	15	107	16	116	17	100	18	115	19	114	20	112	21	118	22	106	23	111	24	115	25	100	26	105	27	112	28	113	29	109	30	109	31	101	32	100	33	118	34	111	35	100	36	107	37	109	38	119	39	109	
	0	101	1	101	2	118	3	117	4	102	5	114	6	113	7	114	8	119	9	102	10	106	11	118	12	101	13	101	14	106	15	104	16	103	17	102	18	112	19	103	20	119	21	109	22	108	23	108	24	106	25	118	26	113	27	111	28	116	29	115	30	116	31	118	32	117	33	115	34	118	35	113	36	115	37	120	38	103	39	113	
	0	116	1	107	2	106	3	114	4	116	5	111	6	114	7	107	8	108	9	119	10	117	11	109	12	113	13	100	14	104	15	106	16	112	17	114	18	103	19	109	20	101	21	115	22	120	23	117	24	112	25	106	26	119	27	111	28	109	29	118	30	107	31	115	32	105	33	105	34	104	35	110	36	100	37	111	38	116	39	107	
	0	117	1	110	2	120	3	100	4	114	5	107	6	106	7	112	8	110	9	119	10	112	11	108	12	104	13	110	14	107	15	109	16	116	17	111	18	114	19	113	20	116	21	111	22	107	23	112	24	109	25	112	26	115	27	101	28	102	29	111	30	109	31	110	32	104	33	117	34	104	35	116	36	107	37	114	38	119	39	115	
	0	107	1	103	2	114	3	116	4	109	5	105	6	113	7	100	8	111	9	103	10	113	11	118	12	102	13	102	14	106	15	113	16	117	17	101	18	108	19	100	20	103	21	111	22	108	23	111	24	111	25	100	26	119	27	106	28	111	29	105	30	103	31	114	32	113	33	118	34	120	35	117	36	100	37	109	38	110	39	104	
	0	106	1	112	2	102	3	102	4	118	5	109	6	114	7	103	8	106	9	115	10	105	11	117	12	103	13	117	14	112	15	114	16	107	17	103	18	114	19	110	20	107	21	105	22	117	23	117	24	115	25	105	26	103	27	105	28	119	29	110	30	104	31	102	32	110	33	115	34	103	35	120	36	100	37	103	38	120	39	102	
	0	114	1	111	2	106	3	111	4	115	5	100	6	119	7	100	8	115	9	115	10	106	11	111	12	118	13	101	14	100	15	111	16	114	17	114	18	120	19	100	20	118	21	100	22	109	23	116	24	117	25	108	26	107	27	109	28	113	29	103	30	104	31	113	32	120	33	110	34	113	35	113	36	109	37	105	38	113	39	113	
	0	120	1	106	2	120	3	111	4	102	5	103	6	112	7	116	8	114	9	103	10	105	11	117	12	115	13	107	14	109	15	104	16	112	17	103	18	110	19	102	20	115	21	112	22	105	23	115	24	118	25	119	26	100	27	108	28	113	29	109	30	102	31	118	32	110	33	110	34	113	35	109	36	115	37	106	38	113	39	113	
	0	101	1	103	2	111	3	100	4	103	5	105	6	107	7	108	8	101	9	118	10	115	11	107	12	104	13	100	14	115	15	115	16	114	17	101	18	104	19	120	20	105	21	111	22	112	23	117	24	107	25	115	26	112	27	120	28	118	29	102	30	105	31	110	32	100	33	120	34	107	35	100	36	103	37	109	38	120	39	117	
	0	112	1	114	2	117	3	115	4	110	5	107	6	107	7	109	8	105	9	105	10	101	11	114	12	106	13	107	14	104	15	120	16	111	17	111	18	118	19	112	20	115	21	108	22	100	23	117	24	103	25	109	26	103	27	113	28	108	29	112	30	110	31	110	32	104	33	118	34	110	35	113	36	114	37	104	38	102	39	106	
	0	107	1	114	2	107	3	110	4	100	5	113	6	112	7	103	8	110	9	113	10	105	11	104	12	118	13	100	14	111	15	104	16	100	17	114	18	113	19	101	20	107	21	112	22	114	23	106	24	104	25	104	26	112	27	112	28	101	29	114	30	112	31	115	32	118	33	112	34	103	35	116	36	112	37	107	38	116	39	110	
	0	107	1	101	2	104	3	114	4	106	5	115	6	107	7	107	8	104	9	110	10	100	11	100	12	115	13	120	14	106	15	118	16	119	17	116	18	100	19	108	20	102	21	108	22	103	23	114	24	113	25	114	26	102	27	100	28	108	29	115	30	109	31	109	32	104	33	109	34	111	35	111	36	116	37	105	38	101	39	110	
	0	113	1	112	2	115	3	104	4	110	5	110	6	104	7	107	8	102	9	118	10	113	11	114	12	120	13	103	14	104	15	101	16	118	17	100	18	106	19	114	20	100	21	104	22	116	23	110	24	116	25	104	26	101	27	102	28	106	29	118	30	111	31	106	32	111	33	115	34	110	35	111	36	113	37	100	38	111	39	106	
	0	109	1	107	2	104	3	102	4	119	5	117	6	112	7	102	8	117	9	102	10	110	11	116	12	105	13	104	14	112	15	119	16	118	17	100	18	111	19	116	20	117	21	113	22	107	23	117	24	109	25	114	26	118	27	105	28	113	29	120	30	110	31	114	32	110	33	113	34	114	35	109	36	104	37	107	38	112	39	115	
	0	105	1	118	2	103	3	120	4	115	5	106	6	102	7	113	8	105	9	110	10	109	11	105	12	106	13	101	14	103	15	104	16	101	17	107	18	102	19	118	20	117	21	103	22	115	23	113	24	104	25	116	26	110	27	105	28	114	29	105	30	116	31	116	32	107	33	113	34	112	35	111	36	120	37	113	38	120	39	120	
	0	101	1	110	2	100	3	117	4	103	5	118	6	119	7	115	8	110	9	103	10	103	11	119	12	100	13	118	14	120	15	104	16	100	17	109	18	118	19	120	20	103	21	109	22	111	23	111	24	101	25	109	26	114	27	104	28	113	29	112	30	110	31	107	32	111	33	100	34	102	35	106	36	111	37	102	38	104	39	104	
	0	104	1	112	2	120	3	102	4	116	5	107	6	118	7	118	8	105	9	120	10	113	11	109	12	103	13	115	14	103	15	101	16	108	17	102	18	115	19	102	20	111	21	116	22	102	23	116	24	112	25	106	26	112	27	119	28	110	29	109	30	102	31	120	32	102	33	117	34	113	35	102	36	113	37	100	38	100	39	111	
	0	108	1	109	2	116	3	110	4	115	5	102	6	116	7	109	8	112	9	102	10	113	11	113	12	113	13	116	14	106	15	109	16	101	17	104	18	107	19	102	20	119	21	109	22	113	23	101	24	101	25	106	26	117	27	105	28	120	29	110	30	107	31	105	32	113	33	104	34	116	35	115	36	106	37	119	38	119	39	120	
	0	104	1	106	2	110	3	116	4	118	5	110	6	108	7	116	8	117	9	100	10	104	11	110	12	109	13	108	14	103	15	119	16	111	17	101	18	112	19	109	20	112	21	120	22	117	23	117	24	105	25	110	26	107	27	104	28	106	29	116	30	107	31	115	32	100	33	107	34	105	35	112	36	100	37	118	38	106	39	103	
	0	100	1	117	2	105	3	101	4	113	5	105	6	106	7	111	8	102	9	104	10	108	11	116	12	102	13	114	14	103	15	106	16	108	17	115	18	107	19	103	20	116	21	109	22	113	23	111	24	113	25	120	26	114	27	100	28	105	29	112	30	104	31	107	32	110	33	110	34	119	35	113	36	102	37	107	38	106	39	102	
	0	119	1	104	2	101	3	108	4	101	5	116	6	104	7	111	8	106	9	108	10	116	11	117	12	108	13	113	14	119	15	110	16	110	17	101	18	103	19	110	20	105	21	107	22	113	23	116	24	108	25	108	26	104	27	109	28	100	29	112	30	112	31	114	32	116	33	113	34	108	35	105	36	120	37	107	38	106	39	118	
	0	106	1	116	2	111	3	113	4	117	5	110	6	116	7	103	8	101	9	114	10	110	11	100	12	113	13	114	14	105	15	107	16	111	17	115	18	112	19	102	20	115	21	102	22	109	23	118	24	100	25	108	26	100	27	103	28	105	29	118	30	111	31	116	32	104	33	105	34	103	35	116	36	118	37	104	38	100	39	115	
	0	108	1	120	2	117	3	108	4	113	5	107	6	109	7	109	8	104	9	100	10	106	11	115	12	110	13	103	14	102	15	115	16	118	17	103	18	106	19	101	20	115	21	111	22	110	23	103	24	118	25	101	26	110	27	100	28	115	29	118	30	115	31	120	32	111	33	119	34	117	35	115	36	115	37	112	38	117	39	114	
	0	109	1	117	2	109	3	117	4	108	5	110	6	113	7	109	8	120	9	103	10	111	11	108	12	108	13	101	14	115	15	103	16	100	17	116	18	101	19	108	20	120	21	120	22	112	23	104	24	101	25	103	26	108	27	103	28	116	29	111	30	118	31	112	32	107	33	101	34	115	35	107	36	106	37	110	38	120	39	109	
	0	102	1	118	2	111	3	103	4	101	5	110	6	117	7	117	8	113	9	116	10	117	11	107	12	120	13	118	14	118	15	113	16	113	17	114	18	100	19	107	20	110	21	100	22	113	23	105	24	108	25	117	26	120	27	117	28	101	29	101	30	113	31	110	32	120	33	116	34	106	35	100	36	115	37	120	38	106	39	108	
	0	120	1	114	2	112	3	115	4	120	5	109	6	112	7	105	8	117	9	101	10	118	11	116	12	115	13	100	14	112	15	116	16	101	17	118	18	112	19	115	20	105	21	103	22	112	23	115	24	104	25	102	26	118	27	105	28	101	29	104	30	117	31	104	32	112	33	115	34	117	35	107	36	106	37	113	38	111	39	104	
	0	107	1	115	2	102	3	109	4	115	5	104	6	114	7	102	8	114	9	103	10	108	11	106	12	100	13	106	14	105	15	100	16	114	17	112	18	102	19	111	20	114	21	102	22	101	23	100	24	108	25	103	26	103	27	102	28	107	29	100	30	114	31	116	32	104	33	120	34	118	35	109	36	106	37	120	38	119	39	115	
	0	113	1	110	2	110	3	120	4	115	5	117	6	105	7	102	8	106	9	109	10	115	11	119	12	107	13	104	14	110	15	120	16	119	17	108	18	107	19	111	20	101	21	105	22	110	23	100	24	120	25	111	26	102	27	116	28	104	29	105	30	102	31	100	32	100	33	114	34	117	35	102	36	115	37	112	38	102	39	101	
	0	101	1	119	2	104	3	107	4	117	5	119	6	104	7	111	8	106	9	116	10	107	11	109	12	114	13	113	14	108	15	119	16	115	17	118	18	100	19	120	20	102	21	117	22	108	23	102	24	102	25	107	26	103	27	106	28	110	29	119	30	112	31	102	32	113	33	107	34	119	35	119	36	109	37	111	38	114	39	106	
	0	105	1	118	2	106	3	118	4	106	5	109	6	116	7	114	8	120	9	101	10	114	11	119	12	102	13	104	14	101	15	114	16	108	17	115	18	104	19	116	20	110	21	104	22	110	23	113	24	119	25	105	26	101	27	103	28	112	29	117	30	106	31	102	32	102	33	105	34	119	35	119	36	110	37	110	38	118	39	119	
	0	119	1	116	2	110	3	120	4	119	5	120	6	116	7	101	8	108	9	100	10	120	11	109	12	103	13	102	14	101	15	106	16	110	17	111	18	113	19	102	20	110	21	107	22	120	23	110	24	102	25	106	26	115	27	114	28	103	29	118	30	120	31	119	32	102	33	109	34	113	35	104	36	119	37	111	38	100	39	110	
	0	109	1	103	2	114	3	101	4	112	5	119	6	119	7	108	8	107	9	107	10	106	11	107	12	115	13	119	14	118	15	117	16	107	17	112	18	118	19	101	20	112	21	114	22	113	23	101	24	112	25	101	26	111	27	103	28	104	29	108	30	113	31	113	32	114	33	119	34	114	35	102	36	116	37	100	38	103	39	106	
	0	119	1	103	2	115	3	114	4	113	5	110	6	107	7	108	8	113	9	112	10	112	11	103	12	115	13	120	14	103	15	110	16	104	17	117	18	115	19	102	20	106	21	107	22	117	23	117	24	119	25	119	26	100	27	108	28	107	29	115	30	113	31	111	32	115	33	114	34	115	35	110	36	100	37	116	38	120	39	110	
	0	113	1	108	2	102	3	106	4	106	5	119	6	116	7	110	8	107	9	109	10	113	11	111	12	104	13	120	14	110	15	103	16	105	17	120	18	101	19	109	20	117	21	116	22	101	23	110	24	100	25	114	26	118	27	104	28	100	29	108	30	119	31	107	32	118	33	114	34	111	35	118	36	114	37	112	38	111	39	105	
	0	120	1	104	2	119	3	115	4	101	5	108	6	109	7	107	8	103	9	112	10	107	11	120	12	102	13	119	14	116	15	104	16	103	17	103	18	113	19	105	20	112	21	101	22	107	23	116	24	100	25	104	26	106	27	113	28	105	29	106	30	103	31	110	32	118	33	100	34	118	35	116	36	116	37	104	38	106	39	108	
	0	113	1	105	2	120	3	106	4	111	5	109	6	115	7	115	8	120	9	113	10	100	11	101	12	118	13	118	14	108	15	120	16	105	17	115	18	113	19	115	20	101	21	104	22	108	23	117	24	108	25	100	26	111	27	104	28	107	29	118	30	110	31	112	32	115	33	117	34	112	35	102	36	116	37	115	38	105	39	101	
	0	120	1	113	2	120	3	114	4	111	5	100	6	104	7	101	8	100	9	104	10	118	11	101	12	111	13	113	14	112	15	115	16	109	17	103	18	110	19	105	20	114	21	117	22	107	23	105	24	100	25	118	26	104	27	120	28	111	29	113	30	118	31	114	32	104	33	110	34	101	35	120	36	110	37	100	38	101	39	112	
	0	102	1	115	2	107	3	112	4	117	5	119	6	120	7	112	8	117	9	101	10	100	11	115	12	113	13	109	14	116	15	111	16	103	17	112	18	116	19	100	20	105	21	103	22	101	23	102	24	111	25	114	26	103	27	109	28	105	29	104	30	106	31	109	32	100	33	113	34	104	35	109	36	109	37	109	38	100	39	102	
	0	112	1	115	2	117	3	114	4	109	5	119	6	102	7	109	8	114	9	112	10	114	11	108	12	115	13	100	14	111	15	105	16	102	17	119	18	119	19	117	20	115	21	105	22	104	23	110	24	107	25	108	26	107	27	104	28	117	29	119	30	118	31	117	32	115	33	105	34	111	35	103	36	116	37	105	38	116	39	110	
	0	118	1	100	2	105	3	115	4	118	5	110	6	119	7	103	8	100	9	105	10	108	11	105	12	102	13	108	14	114	15	113	16	117	17	105	18	120	19	115	20	114	21	114	22	117	23	104	24	111	25	119	26	102	27	116	28	106	29	115	30	103	31	114	32	119	33	109	34	119	35	118	36	102	37	116	38	109	39	111	
	0	106	1	105	2	114	3	105	4	110	5	101	6	102	7	100	8	110	9	104	10	102	11	106	12	100	13	101	14	105	15	105	16	103	17	108	18	107	19	106	20	115	21	112	22	114	23	105	24	111	25	108	26	102	27	112	28	111	29	118	30	107	31	111	32	110	33	105	34	108	35	109	36	100	37	104	38	119	39	101	
	0	100	1	100	2	112	3	116	4	117	5	102	6	111	7	110	8	112	9	108	10	109	11	105	12	115	13	112	14	116	15	110	16	113	17	114	18	110	19	102	20	116	21	113	22	115	23	100	24	112	25	113	26	117	27	104	28	109	29	112	30	106	31	115	32	116	33	117	34	104	35	114	36	116	37	105	38	110	39	104	
	0	117	1	116	2	117	3	102	4	118	5	105	6	103	7	120	8	112	9	105	10	120	11	119	12	110	13	101	14	120	15	113	16	100	17	101	18	102	19	100	20	115	21	116	22	108	23	113	24	105	25	104	26	113	27	115	28	104	29	106	30	101	31	105	32	115	33	104	34	107	35	107	36	100	37	110	38	120	39	114	