100 40 1
40
	0	113	1	112	2	105	3	105	4	108	5	111	6	103	7	118	8	104	9	111	10	116	11	117	12	107	13	102	14	102	15	106	16	118	17	106	18	114	19	108	20	103	21	104	22	115	23	112	24	100	25	104	26	101	27	112	28	120	29	106	30	111	31	104	32	103	33	120	34	103	35	102	36	100	37	114	38	119	39	116	
	0	107	1	117	2	114	3	100	4	105	5	109	6	116	7	104	8	116	9	111	10	104	11	116	12	117	13	112	14	110	15	104	16	107	17	100	18	112	19	105	20	100	21	104	22	100	23	106	24	119	25	108	26	111	27	108	28	119	29	119	30	100	31	109	32	119	33	119	34	100	35	120	36	106	37	103	38	104	39	110	
	0	112	1	106	2	109	3	117	4	114	5	104	6	119	7	116	8	103	9	103	10	109	11	111	12	112	13	106	14	108	15	108	16	109	17	116	18	119	19	103	20	114	21	110	22	114	23	110	24	112	25	114	26	115	27	114	28	113	29	106	30	103	31	104	32	117	33	113	34	120	35	118	36	111	37	103	38	112	39	106	
	0	116	1	103	2	103	3	101	4	113	5	107	6	113	7	101	8	116	9	100	10	114	11	119	12	110	13	109	14	118	15	116	16	106	17	112	18	109	19	104	20	102	21	114	22	117	23	105	24	111	25	102	26	104	27	114	28	115	29	115	30	116	31	100	32	109	33	105	34	102	35	111	36	109	37	100	38	107	39	104	
	0	109	1	101	2	118	3	108	4	100	5	105	6	101	7	103	8	118	9	116	10	115	11	117	12	109	13	104	14	108	15	102	16	105	17	109	18	105	19	102	20	119	21	107	22	101	23	115	24	116	25	102	26	117	27	104	28	105	29	112	30	120	31	108	32	112	33	120	34	100	35	114	36	116	37	102	38	118	39	100	
	0	108	1	117	2	101	3	104	4	101	5	102	6	102	7	114	8	101	9	100	10	104	11	106	12	106	13	111	14	117	15	102	16	120	17	113	18	115	19	110	20	104	21	106	22	107	23	116	24	101	25	101	26	120	27	106	28	120	29	112	30	106	31	106	32	120	33	118	34	111	35	118	36	106	37	108	38	104	39	103	
	0	119	1	106	2	108	3	119	4	119	5	112	6	105	7	107	8	105	9	102	10	101	11	107	12	105	13	106	14	100	15	112	16	105	17	111	18	101	19	111	20	109	21	105	22	116	23	108	24	115	25	115	26	109	27	117	28	103	29	115	30	101	31	102	32	120	33	106	34	109	35	116	36	101	37	105	38	101	39	120	
	0	101	1	113	2	119	3	102	4	104	5	120	6	105	7	107	8	109	9	104	10	114	11	100	12	105	13	115	14	111	15	114	16	112	17	115	18	105	19	106	20	108	21	104	22	106	23	111	24	115	25	100	26	117	27	106	28	100	29	115	30	100	31	106	32	111	33	120	34	111	35	108	36	100	37	108	38	118	39	116	
	0	107	1	102	2	120	3	113	4	113	5	115	6	113	7	118	8	119	9	109	10	113	11	108	12	110	13	118	14	117	15	117	16	102	17	104	18	107	19	100	20	100	21	104	22	118	23	111	24	102	25	101	26	117	27	107	28	117	29	103	30	103	31	113	32	117	33	101	34	102	35	107	36	107	37	104	38	120	39	119	
	0	117	1	111	2	100	3	103	4	103	5	120	6	120	7	119	8	115	9	104	10	120	11	120	12	120	13	116	14	108	15	106	16	118	17	120	18	110	19	102	20	120	21	119	22	118	23	102	24	101	25	116	26	108	27	111	28	110	29	113	30	109	31	101	32	107	33	106	34	118	35	109	36	105	37	111	38	100	39	101	
	0	101	1	115	2	110	3	110	4	108	5	115	6	116	7	107	8	106	9	112	10	103	11	116	12	103	13	111	14	111	15	119	16	102	17	107	18	108	19	109	20	105	21	110	22	111	23	109	24	103	25	117	26	120	27	110	28	107	29	109	30	111	31	103	32	100	33	103	34	100	35	105	36	114	37	101	38	109	39	110	
	0	116	1	109	2	114	3	111	4	115	5	117	6	113	7	118	8	109	9	114	10	110	11	112	12	113	13	120	14	119	15	100	16	108	17	117	18	118	19	118	20	101	21	117	22	113	23	109	24	101	25	103	26	109	27	116	28	104	29	103	30	110	31	120	32	105	33	110	34	115	35	116	36	105	37	102	38	115	39	115	
	0	101	1	106	2	115	3	119	4	106	5	101	6	107	7	102	8	100	9	107	10	110	11	103	12	113	13	114	14	117	15	101	16	113	17	106	18	103	19	115	20	114	21	104	22	111	23	100	24	110	25	120	26	114	27	114	28	106	29	109	30	106	31	112	32	110	33	118	34	120	35	114	36	117	37	114	38	102	39	100	
	0	113	1	106	2	111	3	107	4	105	5	108	6	115	7	103	8	106	9	110	10	106	11	108	12	104	13	107	14	111	15	109	16	114	17	103	18	116	19	117	20	110	21	118	22	101	23	100	24	113	25	102	26	101	27	116	28	115	29	113	30	100	31	116	32	112	33	111	34	106	35	114	36	102	37	119	38	115	39	103	
	0	116	1	115	2	104	3	108	4	108	5	115	6	104	7	112	8	105	9	113	10	112	11	120	12	120	13	101	14	105	15	115	16	106	17	118	18	104	19	102	20	116	21	107	22	118	23	102	24	107	25	105	26	102	27	113	28	110	29	102	30	118	31	116	32	104	33	111	34	110	35	113	36	117	37	111	38	111	39	114	
	0	120	1	108	2	102	3	112	4	117	5	105	6	105	7	104	8	118	9	117	10	103	11	110	12	100	13	105	14	113	15	120	16	101	17	105	18	101	19	105	20	112	21	101	22	100	23	109	24	119	25	100	26	107	27	116	28	112	29	104	30	111	31	115	32	117	33	102	34	114	35	110	36	118	37	112	38	112	39	111	
	0	115	1	104	2	106	3	103	4	109	5	115	6	117	7	104	8	110	9	107	10	119	11	103	12	100	13	108	14	110	15	111	16	117	17	112	18	119	19	102	20	107	21	110	22	111	23	109	24	118	25	107	26	120	27	109	28	114	29	118	30	118	31	104	32	119	33	110	34	115	35	110	36	104	37	101	38	110	39	101	
	0	114	1	105	2	101	3	100	4	118	5	109	6	118	7	101	8	100	9	102	10	120	11	112	12	117	13	104	14	101	15	102	16	119	17	106	18	114	19	100	20	117	21	107	22	113	23	115	24	112	25	101	26	115	27	112	28	109	29	102	30	120	31	116	32	109	33	114	34	113	35	103	36	110	37	117	38	100	39	115	
	0	113	1	103	2	117	3	110	4	112	5	120	6	106	7	102	8	108	9	107	10	113	11	107	12	112	13	118	14	109	15	105	16	111	17	118	18	115	19	114	20	100	21	110	22	113	23	107	24	109	25	103	26	115	27	104	28	101	29	119	30	120	31	115	32	108	33	103	34	118	35	100	36	106	37	104	38	108	39	105	
	0	113	1	106	2	119	3	119	4	109	5	107	6	115	7	103	8	100	9	107	10	119	11	118	12	102	13	108	14	119	15	115	16	118	17	118	18	102	19	108	20	104	21	106	22	103	23	112	24	107	25	106	26	112	27	110	28	103	29	117	30	118	31	111	32	108	33	106	34	106	35	111	36	105	37	110	38	119	39	109	
	0	115	1	120	2	103	3	118	4	117	5	108	6	101	7	101	8	110	9	108	10	103	11	106	12	109	13	105	14	111	15	101	16	106	17	116	18	107	19	114	20	106	21	107	22	109	23	109	24	101	25	119	26	104	27	104	28	110	29	107	30	114	31	119	32	100	33	108	34	101	35	100	36	115	37	101	38	110	39	113	
	0	102	1	106	2	103	3	100	4	100	5	101	6	104	7	102	8	109	9	118	10	111	11	106	12	114	13	101	14	119	15	101	16	116	17	108	18	109	19	112	20	110	21	112	22	111	23	117	24	106	25	115	26	109	27	108	28	102	29	104	30	114	31	104	32	101	33	106	34	109	35	119	36	108	37	116	38	113	39	116	
	0	119	1	112	2	108	3	107	4	109	5	113	6	107	7	101	8	101	9	112	10	104	11	110	12	114	13	119	14	100	15	110	16	106	17	107	18	114	19	109	20	103	21	105	22	107	23	114	24	115	25	101	26	118	27	112	28	103	29	117	30	117	31	103	32	105	33	113	34	106	35	111	36	120	37	118	38	100	39	117	
	0	119	1	107	2	112	3	111	4	101	5	110	6	101	7	108	8	110	9	103	10	116	11	101	12	105	13	109	14	100	15	120	16	113	17	111	18	101	19	107	20	102	21	113	22	111	23	118	24	106	25	105	26	101	27	102	28	109	29	111	30	108	31	118	32	110	33	105	34	108	35	101	36	110	37	110	38	102	39	109	
	0	109	1	114	2	112	3	108	4	114	5	106	6	120	7	119	8	112	9	110	10	103	11	113	12	115	13	106	14	117	15	114	16	105	17	120	18	120	19	119	20	115	21	106	22	101	23	109	24	114	25	104	26	110	27	107	28	107	29	113	30	103	31	108	32	111	33	110	34	106	35	100	36	116	37	111	38	107	39	107	
	0	111	1	108	2	100	3	105	4	119	5	118	6	107	7	117	8	113	9	104	10	109	11	114	12	120	13	109	14	120	15	105	16	102	17	114	18	119	19	118	20	104	21	119	22	105	23	104	24	108	25	112	26	103	27	114	28	120	29	108	30	104	31	116	32	100	33	115	34	106	35	103	36	103	37	116	38	105	39	100	
	0	103	1	100	2	119	3	101	4	110	5	118	6	111	7	117	8	113	9	114	10	113	11	103	12	112	13	108	14	120	15	102	16	109	17	101	18	104	19	106	20	120	21	106	22	110	23	115	24	117	25	112	26	111	27	103	28	120	29	116	30	102	31	113	32	114	33	109	34	114	35	115	36	105	37	120	38	111	39	119	
	0	103	1	119	2	105	3	111	4	107	5	116	6	109	7	112	8	116	9	110	10	114	11	114	12	108	13	101	14	108	15	101	16	109	17	110	18	104	19	115	20	114	21	112	22	112	23	112	24	112	25	102	26	117	27	115	28	114	29	105	30	105	31	115	32	106	33	113	34	104	35	104	36	115	37	109	38	118	39	112	
	0	103	1	103	2	115	3	118	4	114	5	102	6	115	7	104	8	102	9	100	10	111	11	107	12	101	13	102	14	116	15	115	16	108	17	117	18	103	19	104	20	113	21	102	22	112	23	109	24	115	25	109	26	111	27	111	28	112	29	108	30	101	31	101	32	118	33	111	34	101	35	111	36	100	37	104	38	103	39	106	
	0	109	1	112	2	101	3	100	4	100	5	108	6	101	7	108	8	110	9	117	10	105	11	114	12	112	13	120	14	103	15	111	16	102	17	117	18	104	19	112	20	118	21	100	22	103	23	108	24	101	25	120	26	106	27	101	28	120	29	105	30	109	31	104	32	101	33	119	34	106	35	100	36	104	37	106	38	113	39	103	
	0	108	1	115	2	103	3	109	4	113	5	112	6	111	7	101	8	104	9	106	10	114	11	113	12	120	13	106	14	102	15	118	16	116	17	116	18	111	19	109	20	110	21	117	22	120	23	108	24	104	25	120	26	114	27	105	28	110	29	105	30	107	31	108	32	107	33	115	34	104	35	119	36	102	37	119	38	105	39	116	
	0	115	1	104	2	115	3	103	4	117	5	100	6	116	7	119	8	107	9	109	10	119	11	114	12	110	13	110	14	101	15	105	16	103	17	111	18	104	19	113	20	107	21	117	22	111	23	116	24	110	25	119	26	101	27	103	28	108	29	120	30	119	31	119	32	118	33	115	34	101	35	111	36	100	37	114	38	118	39	105	
	0	100	1	105	2	119	3	113	4	114	5	100	6	103	7	107	8	112	9	109	10	102	11	109	12	105	13	106	14	111	15	119	16	113	17	110	18	116	19	113	20	101	21	112	22	111	23	116	24	102	25	110	26	105	27	119	28	105	29	119	30	110	31	111	32	118	33	118	34	116	35	111	36	109	37	110	38	108	39	105	
	0	113	1	120	2	107	3	116	4	109	5	102	6	117	7	100	8	118	9	110	10	115	11	118	12	105	13	108	14	116	15	117	16	116	17	100	18	105	19	112	20	117	21	101	22	120	23	104	24	105	25	112	26	103	27	113	28	114	29	112	30	103	31	118	32	114	33	113	34	120	35	120	36	117	37	118	38	106	39	107	
	0	108	1	105	2	100	3	112	4	113	5	115	6	114	7	108	8	120	9	120	10	108	11	104	12	109	13	117	14	105	15	105	16	111	17	102	18	116	19	112	20	109	21	118	22	117	23	101	24	117	25	109	26	111	27	110	28	102	29	104	30	115	31	118	32	116	33	105	34	106	35	118	36	116	37	120	38	109	39	115	
	0	100	1	101	2	111	3	118	4	111	5	108	6	117	7	105	8	113	9	105	10	100	11	115	12	107	13	116	14	103	15	116	16	100	17	107	18	118	19	112	20	114	21	118	22	111	23	107	24	111	25	113	26	114	27	113	28	118	29	104	30	107	31	119	32	112	33	107	34	114	35	102	36	108	37	114	38	101	39	115	
	0	106	1	114	2	114	3	101	4	106	5	119	6	118	7	102	8	120	9	112	10	115	11	104	12	104	13	117	14	106	15	117	16	108	17	112	18	110	19	104	20	107	21	101	22	117	23	110	24	107	25	112	26	106	27	102	28	118	29	116	30	112	31	109	32	117	33	113	34	109	35	118	36	101	37	108	38	111	39	119	
	0	112	1	105	2	104	3	105	4	116	5	120	6	108	7	108	8	116	9	119	10	119	11	106	12	106	13	118	14	103	15	101	16	100	17	103	18	105	19	109	20	103	21	120	22	107	23	101	24	106	25	116	26	114	27	118	28	116	29	103	30	119	31	120	32	109	33	106	34	114	35	118	36	113	37	107	38	105	39	107	
	0	108	1	111	2	102	3	102	4	113	5	115	6	111	7	104	8	120	9	109	10	102	11	115	12	119	13	120	14	110	15	116	16	100	17	106	18	109	19	116	20	109	21	102	22	108	23	117	24	113	25	114	26	118	27	103	28	120	29	108	30	110	31	113	32	103	33	107	34	116	35	110	36	118	37	112	38	120	39	111	
	0	112	1	110	2	100	3	107	4	108	5	118	6	119	7	107	8	114	9	120	10	119	11	109	12	116	13	113	14	114	15	109	16	109	17	106	18	104	19	110	20	108	21	112	22	101	23	111	24	108	25	105	26	110	27	110	28	110	29	106	30	100	31	107	32	119	33	112	34	112	35	116	36	109	37	106	38	103	39	101	
	0	115	1	102	2	119	3	111	4	108	5	116	6	100	7	116	8	112	9	119	10	120	11	110	12	111	13	107	14	107	15	115	16	104	17	110	18	107	19	119	20	103	21	109	22	103	23	120	24	115	25	120	26	107	27	103	28	117	29	115	30	111	31	104	32	108	33	100	34	105	35	107	36	106	37	100	38	117	39	101	
	0	113	1	109	2	103	3	117	4	120	5	113	6	104	7	105	8	115	9	107	10	107	11	115	12	120	13	113	14	109	15	103	16	113	17	115	18	120	19	106	20	107	21	117	22	120	23	101	24	103	25	116	26	101	27	112	28	101	29	100	30	105	31	100	32	106	33	111	34	119	35	104	36	117	37	104	38	112	39	115	
	0	119	1	107	2	106	3	112	4	117	5	107	6	116	7	115	8	106	9	102	10	119	11	101	12	109	13	107	14	105	15	118	16	108	17	100	18	110	19	118	20	113	21	113	22	113	23	111	24	110	25	108	26	118	27	111	28	108	29	101	30	117	31	108	32	110	33	117	34	109	35	115	36	105	37	114	38	110	39	112	
	0	100	1	110	2	113	3	113	4	106	5	109	6	107	7	114	8	100	9	105	10	102	11	111	12	120	13	119	14	107	15	111	16	119	17	103	18	118	19	105	20	114	21	117	22	101	23	109	24	110	25	101	26	112	27	118	28	107	29	114	30	114	31	118	32	113	33	102	34	107	35	100	36	117	37	106	38	104	39	114	
	0	111	1	102	2	116	3	107	4	117	5	105	6	113	7	101	8	102	9	112	10	100	11	112	12	119	13	110	14	116	15	118	16	109	17	110	18	101	19	113	20	101	21	120	22	107	23	104	24	102	25	114	26	112	27	109	28	118	29	102	30	118	31	118	32	108	33	109	34	107	35	101	36	102	37	119	38	101	39	108	
	0	105	1	119	2	116	3	100	4	116	5	118	6	104	7	120	8	100	9	103	10	104	11	101	12	104	13	114	14	120	15	114	16	120	17	111	18	110	19	106	20	119	21	111	22	118	23	107	24	106	25	100	26	100	27	107	28	104	29	112	30	113	31	108	32	108	33	103	34	107	35	103	36	109	37	112	38	106	39	105	
	0	100	1	109	2	117	3	107	4	102	5	112	6	102	7	114	8	110	9	106	10	104	11	109	12	105	13	114	14	104	15	102	16	107	17	104	18	108	19	113	20	116	21	115	22	107	23	108	24	100	25	105	26	101	27	108	28	110	29	107	30	117	31	105	32	101	33	108	34	105	35	107	36	104	37	117	38	100	39	119	
	0	103	1	106	2	119	3	107	4	120	5	108	6	108	7	108	8	118	9	119	10	113	11	118	12	101	13	118	14	100	15	117	16	100	17	112	18	110	19	116	20	101	21	107	22	115	23	111	24	111	25	118	26	108	27	101	28	112	29	107	30	120	31	106	32	112	33	105	34	120	35	114	36	114	37	108	38	105	39	120	
	0	105	1	107	2	103	3	113	4	102	5	120	6	100	7	117	8	109	9	114	10	111	11	100	12	103	13	109	14	104	15	103	16	118	17	100	18	117	19	119	20	105	21	111	22	106	23	104	24	111	25	111	26	116	27	113	28	107	29	105	30	117	31	108	32	104	33	102	34	120	35	117	36	117	37	109	38	104	39	105	
	0	113	1	120	2	106	3	114	4	115	5	105	6	103	7	115	8	111	9	109	10	118	11	103	12	104	13	111	14	111	15	112	16	107	17	107	18	114	19	112	20	107	21	116	22	106	23	115	24	100	25	110	26	113	27	100	28	117	29	102	30	114	31	101	32	117	33	102	34	119	35	109	36	113	37	109	38	112	39	109	
	0	110	1	101	2	113	3	112	4	118	5	120	6	111	7	102	8	106	9	110	10	118	11	105	12	107	13	118	14	108	15	108	16	116	17	111	18	118	19	103	20	101	21	103	22	113	23	101	24	109	25	119	26	103	27	112	28	105	29	114	30	101	31	100	32	117	33	101	34	115	35	118	36	116	37	115	38	110	39	101	
	0	106	1	114	2	107	3	109	4	115	5	116	6	112	7	100	8	116	9	106	10	101	11	101	12	109	13	103	14	105	15	119	16	120	17	117	18	103	19	110	20	116	21	111	22	115	23	116	24	118	25	116	26	112	27	100	28	103	29	108	30	102	31	103	32	104	33	103	34	105	35	113	36	105	37	112	38	118	39	109	
	0	111	1	116	2	115	3	103	4	107	5	103	6	105	7	110	8	100	9	115	10	120	11	103	12	103	13	105	14	118	15	112	16	104	17	106	18	105	19	109	20	117	21	100	22	101	23	110	24	103	25	117	26	115	27	107	28	106	29	114	30	103	31	107	32	117	33	119	34	105	35	116	36	101	37	108	38	102	39	111	
	0	101	1	119	2	112	3	106	4	106	5	110	6	108	7	117	8	110	9	115	10	100	11	103	12	110	13	107	14	111	15	102	16	112	17	105	18	104	19	116	20	105	21	114	22	100	23	108	24	102	25	115	26	105	27	113	28	117	29	103	30	103	31	104	32	111	33	109	34	115	35	120	36	112	37	112	38	104	39	112	
	0	111	1	106	2	110	3	113	4	110	5	113	6	104	7	113	8	109	9	101	10	114	11	120	12	104	13	115	14	106	15	119	16	104	17	113	18	100	19	100	20	120	21	109	22	117	23	106	24	112	25	120	26	109	27	113	28	113	29	116	30	107	31	101	32	107	33	105	34	115	35	117	36	110	37	120	38	113	39	104	
	0	111	1	110	2	101	3	103	4	102	5	103	6	110	7	120	8	106	9	120	10	103	11	114	12	112	13	110	14	100	15	117	16	109	17	119	18	107	19	112	20	109	21	120	22	114	23	110	24	120	25	110	26	110	27	111	28	116	29	105	30	106	31	101	32	108	33	115	34	105	35	102	36	101	37	118	38	119	39	116	
	0	120	1	103	2	118	3	115	4	102	5	118	6	118	7	113	8	119	9	117	10	114	11	104	12	103	13	102	14	108	15	109	16	102	17	103	18	105	19	112	20	105	21	113	22	118	23	102	24	102	25	105	26	118	27	107	28	104	29	110	30	115	31	109	32	105	33	118	34	101	35	119	36	119	37	117	38	119	39	111	
	0	104	1	111	2	104	3	117	4	119	5	113	6	110	7	104	8	112	9	112	10	104	11	112	12	100	13	107	14	110	15	105	16	118	17	115	18	112	19	100	20	107	21	114	22	106	23	120	24	118	25	101	26	108	27	120	28	118	29	100	30	112	31	106	32	105	33	100	34	103	35	107	36	118	37	108	38	113	39	108	
	0	107	1	104	2	108	3	120	4	106	5	119	6	105	7	105	8	110	9	102	10	114	11	120	12	108	13	107	14	117	15	111	16	117	17	104	18	120	19	100	20	110	21	110	22	117	23	109	24	107	25	106	26	100	27	118	28	103	29	109	30	106	31	111	32	110	33	114	34	103	35	109	36	114	37	114	38	111	39	106	
	0	116	1	102	2	109	3	116	4	105	5	103	6	114	7	114	8	102	9	107	10	118	11	111	12	107	13	115	14	106	15	119	16	108	17	114	18	118	19	101	20	120	21	110	22	106	23	111	24	105	25	108	26	104	27	104	28	115	29	100	30	116	31	120	32	116	33	106	34	117	35	107	36	120	37	119	38	120	39	109	
	0	111	1	112	2	109	3	106	4	103	5	115	6	119	7	111	8	113	9	102	10	108	11	105	12	102	13	101	14	118	15	120	16	120	17	101	18	103	19	108	20	119	21	120	22	108	23	102	24	118	25	106	26	113	27	107	28	101	29	101	30	113	31	101	32	107	33	118	34	115	35	112	36	102	37	109	38	100	39	105	
	0	107	1	119	2	101	3	118	4	108	5	107	6	107	7	108	8	100	9	113	10	120	11	116	12	111	13	112	14	118	15	112	16	120	17	103	18	105	19	110	20	105	21	109	22	115	23	107	24	107	25	115	26	102	27	115	28	112	29	106	30	111	31	114	32	100	33	104	34	101	35	102	36	107	37	102	38	109	39	110	
	0	106	1	118	2	114	3	115	4	111	5	100	6	113	7	118	8	117	9	109	10	112	11	111	12	102	13	112	14	116	15	117	16	106	17	118	18	106	19	106	20	116	21	116	22	120	23	105	24	111	25	114	26	106	27	110	28	100	29	100	30	113	31	104	32	118	33	110	34	102	35	101	36	111	37	105	38	118	39	113	
	0	107	1	119	2	120	3	106	4	103	5	100	6	112	7	108	8	112	9	110	10	114	11	117	12	100	13	119	14	119	15	106	16	111	17	113	18	111	19	108	20	120	21	108	22	119	23	120	24	112	25	104	26	115	27	118	28	107	29	101	30	105	31	110	32	114	33	108	34	113	35	117	36	102	37	106	38	105	39	118	
	0	102	1	103	2	101	3	117	4	116	5	101	6	102	7	110	8	104	9	107	10	108	11	117	12	112	13	112	14	110	15	100	16	115	17	120	18	101	19	110	20	104	21	111	22	100	23	100	24	102	25	114	26	103	27	115	28	120	29	113	30	113	31	118	32	103	33	101	34	109	35	116	36	109	37	119	38	117	39	107	
	0	119	1	110	2	102	3	100	4	114	5	107	6	102	7	112	8	104	9	115	10	111	11	120	12	106	13	108	14	110	15	104	16	113	17	108	18	104	19	108	20	100	21	101	22	110	23	112	24	112	25	100	26	104	27	110	28	104	29	115	30	110	31	109	32	107	33	102	34	105	35	101	36	115	37	101	38	100	39	110	
	0	100	1	114	2	119	3	119	4	116	5	103	6	105	7	102	8	105	9	115	10	119	11	114	12	110	13	103	14	117	15	109	16	104	17	112	18	100	19	109	20	111	21	117	22	105	23	105	24	115	25	117	26	110	27	109	28	117	29	120	30	114	31	113	32	102	33	116	34	101	35	101	36	110	37	101	38	118	39	110	
	0	100	1	119	2	105	3	113	4	113	5	109	6	109	7	120	8	113	9	105	10	108	11	100	12	109	13	116	14	115	15	119	16	109	17	101	18	102	19	106	20	102	21	117	22	116	23	119	24	102	25	104	26	102	27	107	28	100	29	104	30	105	31	102	32	103	33	107	34	103	35	111	36	101	37	115	38	109	39	110	
	0	100	1	114	2	115	3	115	4	112	5	115	6	112	7	115	8	108	9	120	10	106	11	112	12	114	13	108	14	119	15	103	16	115	17	112	18	112	19	110	20	120	21	112	22	111	23	119	24	111	25	109	26	117	27	103	28	100	29	114	30	105	31	115	32	112	33	119	34	120	35	120	36	117	37	108	38	115	39	120	
	0	113	1	116	2	106	3	111	4	109	5	118	6	101	7	101	8	109	9	113	10	104	11	100	12	107	13	108	14	104	15	119	16	104	17	118	18	103	19	115	20	116	21	105	22	116	23	118	24	107	25	106	26	112	27	104	28	110	29	100	30	115	31	109	32	107	33	105	34	103	35	114	36	103	37	113	38	116	39	118	
	0	120	1	106	2	119	3	120	4	101	5	103	6	105	7	111	8	115	9	103	10	112	11	102	12	110	13	116	14	120	15	102	16	111	17	110	18	118	19	107	20	119	21	108	22	102	23	113	24	116	25	107	26	100	27	105	28	102	29	106	30	104	31	112	32	120	33	106	34	117	35	112	36	112	37	120	38	111	39	107	
	0	107	1	110	2	120	3	117	4	103	5	115	6	109	7	111	8	120	9	110	10	111	11	115	12	114	13	102	14	111	15	108	16	118	17	105	18	119	19	120	20	112	21	114	22	115	23	112	24	117	25	101	26	102	27	106	28	107	29	110	30	109	31	120	32	105	33	116	34	117	35	118	36	119	37	115	38	105	39	114	
	0	118	1	115	2	117	3	109	4	107	5	104	6	106	7	119	8	102	9	120	10	118	11	100	12	118	13	111	14	106	15	109	16	119	17	117	18	117	19	108	20	110	21	103	22	106	23	115	24	103	25	117	26	117	27	102	28	110	29	109	30	114	31	115	32	115	33	101	34	104	35	110	36	109	37	107	38	117	39	106	
	0	110	1	102	2	102	3	112	4	120	5	114	6	103	7	107	8	104	9	120	10	119	11	105	12	108	13	108	14	114	15	100	16	111	17	106	18	105	19	118	20	116	21	111	22	103	23	111	24	100	25	116	26	102	27	112	28	103	29	104	30	117	31	103	32	120	33	119	34	107	35	108	36	101	37	112	38	108	39	106	
	0	114	1	100	2	114	3	102	4	108	5	108	6	103	7	109	8	120	9	104	10	101	11	113	12	105	13	111	14	110	15	107	16	108	17	101	18	111	19	115	20	111	21	109	22	113	23	106	24	112	25	101	26	115	27	102	28	100	29	102	30	102	31	109	32	119	33	109	34	104	35	106	36	107	37	110	38	102	39	106	
	0	118	1	117	2	115	3	110	4	109	5	110	6	112	7	102	8	120	9	115	10	111	11	112	12	119	13	111	14	100	15	102	16	101	17	106	18	116	19	120	20	110	21	114	22	105	23	103	24	113	25	106	26	103	27	120	28	120	29	120	30	106	31	110	32	102	33	111	34	117	35	107	36	102	37	105	38	103	39	113	
	0	103	1	118	2	114	3	104	4	104	5	104	6	100	7	117	8	115	9	115	10	119	11	118	12	118	13	105	14	101	15	107	16	110	17	102	18	106	19	113	20	110	21	105	22	109	23	106	24	109	25	103	26	105	27	117	28	112	29	119	30	111	31	114	32	107	33	105	34	100	35	117	36	108	37	111	38	100	39	118	
	0	113	1	119	2	115	3	118	4	110	5	120	6	101	7	117	8	109	9	105	10	103	11	102	12	111	13	100	14	107	15	106	16	120	17	112	18	108	19	110	20	119	21	110	22	109	23	118	24	111	25	115	26	114	27	106	28	113	29	112	30	109	31	104	32	113	33	115	34	115	35	102	36	100	37	102	38	112	39	101	
	0	111	1	116	2	106	3	112	4	107	5	115	6	106	7	119	8	118	9	117	10	112	11	114	12	113	13	114	14	107	15	108	16	113	17	118	18	103	19	105	20	120	21	117	22	102	23	109	24	111	25	117	26	108	27	118	28	120	29	111	30	120	31	101	32	101	33	111	34	118	35	102	36	101	37	102	38	120	39	110	
	0	105	1	110	2	111	3	119	4	113	5	117	6	102	7	106	8	107	9	105	10	110	11	120	12	106	13	104	14	113	15	111	16	104	17	115	18	114	19	101	20	118	21	102	22	103	23	113	24	103	25	119	26	120	27	101	28	100	29	116	30	100	31	100	32	105	33	113	34	115	35	102	36	114	37	100	38	115	39	101	
	0	104	1	108	2	103	3	103	4	116	5	106	6	101	7	107	8	106	9	117	10	106	11	114	12	108	13	108	14	109	15	117	16	110	17	111	18	110	19	113	20	114	21	110	22	107	23	107	24	105	25	104	26	108	27	106	28	103	29	109	30	117	31	105	32	102	33	111	34	103	35	113	36	104	37	112	38	112	39	118	
	0	113	1	100	2	119	3	107	4	111	5	114	6	105	7	118	8	115	9	108	10	119	11	109	12	118	13	111	14	102	15	110	16	112	17	115	18	112	19	115	20	105	21	103	22	102	23	112	24	114	25	108	26	105	27	114	28	111	29	107	30	102	31	117	32	106	33	106	34	109	35	118	36	113	37	111	38	110	39	112	
	0	113	1	113	2	119	3	103	4	110	5	107	6	104	7	109	8	115	9	108	10	117	11	107	12	100	13	114	14	118	15	110	16	116	17	111	18	111	19	102	20	108	21	102	22	100	23	114	24	111	25	100	26	105	27	111	28	115	29	108	30	103	31	120	32	119	33	112	34	101	35	116	36	114	37	117	38	120	39	100	
	0	115	1	119	2	106	3	100	4	111	5	110	6	102	7	119	8	105	9	100	10	111	11	108	12	110	13	105	14	116	15	109	16	104	17	116	18	116	19	115	20	111	21	101	22	112	23	119	24	112	25	112	26	110	27	118	28	101	29	108	30	113	31	114	32	107	33	112	34	109	35	120	36	110	37	101	38	102	39	111	
	0	109	1	119	2	104	3	116	4	100	5	109	6	104	7	118	8	107	9	108	10	111	11	120	12	110	13	105	14	105	15	115	16	112	17	111	18	107	19	119	20	116	21	118	22	110	23	107	24	110	25	119	26	107	27	111	28	118	29	113	30	106	31	100	32	107	33	117	34	118	35	109	36	105	37	110	38	120	39	117	
	0	107	1	114	2	101	3	108	4	119	5	112	6	110	7	110	8	119	9	113	10	114	11	108	12	118	13	101	14	100	15	105	16	116	17	119	18	103	19	116	20	112	21	113	22	114	23	101	24	114	25	117	26	113	27	103	28	118	29	113	30	114	31	115	32	112	33	119	34	100	35	101	36	114	37	108	38	101	39	108	
	0	102	1	104	2	110	3	116	4	102	5	101	6	116	7	117	8	110	9	115	10	116	11	112	12	115	13	103	14	111	15	108	16	110	17	112	18	103	19	113	20	120	21	101	22	101	23	109	24	115	25	112	26	100	27	107	28	119	29	100	30	105	31	106	32	117	33	103	34	120	35	118	36	109	37	114	38	113	39	104	
	0	116	1	107	2	113	3	104	4	113	5	119	6	118	7	110	8	104	9	111	10	101	11	105	12	111	13	111	14	106	15	104	16	113	17	104	18	100	19	111	20	120	21	111	22	117	23	104	24	114	25	104	26	103	27	108	28	117	29	106	30	109	31	112	32	113	33	113	34	108	35	104	36	103	37	114	38	117	39	115	
	0	104	1	120	2	102	3	117	4	116	5	113	6	112	7	109	8	113	9	111	10	112	11	117	12	113	13	100	14	101	15	114	16	112	17	115	18	105	19	105	20	108	21	104	22	120	23	107	24	108	25	110	26	108	27	114	28	110	29	109	30	120	31	112	32	119	33	117	34	100	35	120	36	119	37	110	38	111	39	110	
	0	117	1	118	2	117	3	109	4	100	5	119	6	100	7	120	8	102	9	102	10	106	11	117	12	119	13	110	14	115	15	119	16	120	17	102	18	115	19	114	20	104	21	117	22	111	23	106	24	118	25	113	26	113	27	119	28	120	29	102	30	116	31	108	32	111	33	119	34	119	35	118	36	109	37	103	38	113	39	106	
	0	108	1	113	2	101	3	104	4	105	5	106	6	107	7	103	8	108	9	106	10	104	11	100	12	118	13	110	14	119	15	118	16	117	17	110	18	102	19	115	20	109	21	113	22	108	23	107	24	109	25	104	26	109	27	119	28	104	29	109	30	104	31	103	32	102	33	111	34	108	35	105	36	101	37	113	38	116	39	102	
	0	107	1	119	2	117	3	100	4	105	5	116	6	105	7	112	8	109	9	112	10	109	11	104	12	102	13	118	14	101	15	106	16	100	17	100	18	113	19	106	20	115	21	118	22	102	23	118	24	120	25	103	26	103	27	116	28	107	29	113	30	116	31	111	32	114	33	119	34	111	35	112	36	102	37	117	38	104	39	102	
	0	103	1	103	2	103	3	112	4	108	5	115	6	106	7	108	8	118	9	100	10	101	11	104	12	110	13	104	14	118	15	105	16	120	17	104	18	102	19	109	20	102	21	101	22	102	23	108	24	100	25	100	26	108	27	120	28	115	29	120	30	102	31	110	32	108	33	106	34	108	35	106	36	114	37	114	38	105	39	100	
	0	106	1	114	2	102	3	113	4	102	5	110	6	109	7	115	8	116	9	120	10	116	11	112	12	118	13	105	14	119	15	114	16	116	17	118	18	100	19	112	20	107	21	114	22	117	23	102	24	113	25	113	26	109	27	106	28	107	29	110	30	114	31	110	32	113	33	118	34	102	35	116	36	110	37	114	38	118	39	119	
	0	112	1	118	2	100	3	118	4	104	5	115	6	100	7	114	8	109	9	105	10	103	11	111	12	112	13	112	14	113	15	115	16	116	17	105	18	108	19	116	20	115	21	113	22	109	23	104	24	101	25	116	26	119	27	110	28	108	29	105	30	116	31	102	32	116	33	120	34	119	35	111	36	102	37	109	38	118	39	100	
	0	107	1	101	2	103	3	107	4	114	5	110	6	118	7	116	8	109	9	106	10	102	11	119	12	101	13	106	14	118	15	106	16	108	17	117	18	113	19	106	20	108	21	114	22	120	23	100	24	113	25	117	26	110	27	109	28	119	29	116	30	120	31	112	32	109	33	110	34	112	35	104	36	107	37	104	38	119	39	116	
	0	115	1	106	2	111	3	118	4	113	5	119	6	111	7	105	8	115	9	103	10	114	11	105	12	110	13	102	14	119	15	112	16	107	17	116	18	107	19	100	20	112	21	100	22	103	23	111	24	118	25	100	26	114	27	114	28	115	29	119	30	107	31	115	32	112	33	119	34	105	35	102	36	112	37	109	38	114	39	108	
	0	103	1	119	2	101	3	103	4	117	5	103	6	100	7	104	8	108	9	104	10	117	11	102	12	106	13	119	14	109	15	111	16	106	17	116	18	108	19	116	20	103	21	107	22	110	23	105	24	115	25	107	26	118	27	104	28	101	29	110	30	101	31	118	32	110	33	100	34	107	35	100	36	113	37	103	38	119	39	115	
	0	102	1	111	2	100	3	117	4	120	5	114	6	109	7	107	8	116	9	109	10	116	11	115	12	105	13	115	14	105	15	110	16	110	17	103	18	108	19	112	20	120	21	109	22	105	23	113	24	115	25	116	26	106	27	101	28	112	29	111	30	104	31	100	32	114	33	103	34	110	35	119	36	113	37	115	38	118	39	108	
	0	112	1	115	2	103	3	119	4	120	5	107	6	113	7	112	8	117	9	109	10	114	11	106	12	106	13	100	14	113	15	100	16	116	17	119	18	108	19	111	20	104	21	119	22	117	23	110	24	100	25	114	26	110	27	115	28	106	29	120	30	112	31	101	32	106	33	111	34	111	35	115	36	108	37	103	38	102	39	120	