100 40 1
40
	0	111	1	106	2	108	3	117	4	118	5	116	6	103	7	112	8	102	9	108	10	109	11	113	12	115	13	115	14	108	15	118	16	109	17	104	18	115	19	119	20	103	21	112	22	111	23	107	24	108	25	115	26	117	27	108	28	101	29	106	30	106	31	102	32	107	33	105	34	104	35	118	36	107	37	112	38	114	39	113	
	0	102	1	115	2	116	3	114	4	116	5	104	6	108	7	112	8	101	9	117	10	102	11	105	12	118	13	100	14	117	15	100	16	112	17	106	18	108	19	106	20	105	21	120	22	106	23	103	24	112	25	120	26	109	27	114	28	112	29	101	30	108	31	103	32	101	33	111	34	119	35	103	36	117	37	113	38	112	39	120	
	0	120	1	116	2	115	3	111	4	103	5	102	6	119	7	100	8	115	9	118	10	115	11	105	12	112	13	107	14	120	15	112	16	107	17	101	18	108	19	106	20	108	21	106	22	114	23	108	24	110	25	102	26	117	27	111	28	117	29	118	30	119	31	112	32	102	33	111	34	109	35	116	36	107	37	118	38	114	39	100	
	0	113	1	104	2	106	3	117	4	105	5	108	6	106	7	105	8	100	9	113	10	117	11	103	12	109	13	106	14	114	15	103	16	116	17	111	18	119	19	103	20	101	21	111	22	106	23	107	24	116	25	105	26	120	27	115	28	120	29	115	30	103	31	103	32	101	33	109	34	101	35	117	36	103	37	111	38	110	39	115	
	0	101	1	110	2	115	3	114	4	103	5	112	6	105	7	111	8	120	9	109	10	106	11	120	12	102	13	103	14	110	15	101	16	100	17	108	18	104	19	117	20	106	21	101	22	104	23	100	24	119	25	119	26	116	27	113	28	116	29	113	30	110	31	105	32	100	33	111	34	105	35	105	36	115	37	110	38	104	39	111	
	0	110	1	110	2	103	3	108	4	104	5	112	6	120	7	117	8	113	9	106	10	115	11	105	12	115	13	114	14	106	15	104	16	114	17	109	18	114	19	119	20	109	21	116	22	116	23	117	24	101	25	118	26	108	27	100	28	102	29	119	30	110	31	111	32	119	33	109	34	114	35	116	36	119	37	111	38	109	39	120	
	0	102	1	108	2	118	3	100	4	106	5	107	6	104	7	104	8	100	9	107	10	111	11	101	12	110	13	118	14	116	15	111	16	108	17	117	18	111	19	118	20	110	21	119	22	118	23	100	24	114	25	111	26	101	27	105	28	105	29	117	30	117	31	118	32	112	33	112	34	100	35	102	36	118	37	105	38	118	39	119	
	0	118	1	112	2	109	3	100	4	100	5	106	6	110	7	102	8	111	9	105	10	110	11	109	12	112	13	111	14	116	15	117	16	116	17	104	18	117	19	103	20	104	21	113	22	111	23	120	24	110	25	106	26	115	27	104	28	120	29	101	30	120	31	116	32	120	33	113	34	104	35	100	36	120	37	110	38	115	39	107	
	0	110	1	114	2	111	3	109	4	107	5	107	6	117	7	117	8	100	9	102	10	102	11	110	12	116	13	120	14	105	15	109	16	120	17	111	18	119	19	110	20	110	21	120	22	118	23	115	24	109	25	106	26	109	27	100	28	114	29	102	30	107	31	105	32	112	33	103	34	107	35	119	36	111	37	120	38	104	39	100	
	0	104	1	110	2	112	3	101	4	104	5	114	6	109	7	104	8	113	9	104	10	100	11	115	12	119	13	112	14	107	15	104	16	109	17	115	18	108	19	101	20	116	21	108	22	119	23	115	24	106	25	102	26	120	27	109	28	120	29	118	30	118	31	118	32	103	33	107	34	107	35	100	36	117	37	103	38	107	39	107	
	0	110	1	111	2	102	3	117	4	119	5	114	6	107	7	106	8	106	9	120	10	116	11	108	12	113	13	109	14	113	15	116	16	117	17	120	18	114	19	113	20	106	21	111	22	119	23	117	24	104	25	107	26	113	27	103	28	106	29	120	30	116	31	101	32	116	33	114	34	120	35	108	36	105	37	120	38	116	39	101	
	0	114	1	113	2	101	3	107	4	118	5	103	6	108	7	120	8	100	9	119	10	112	11	109	12	106	13	109	14	100	15	108	16	108	17	101	18	101	19	100	20	116	21	114	22	102	23	115	24	118	25	103	26	120	27	104	28	118	29	104	30	111	31	118	32	111	33	105	34	105	35	111	36	102	37	103	38	111	39	119	
	0	100	1	100	2	120	3	110	4	113	5	116	6	118	7	108	8	120	9	109	10	102	11	117	12	117	13	110	14	113	15	118	16	113	17	112	18	112	19	115	20	106	21	118	22	102	23	115	24	108	25	107	26	116	27	110	28	109	29	115	30	104	31	112	32	103	33	100	34	111	35	113	36	118	37	120	38	105	39	119	
	0	113	1	111	2	117	3	112	4	113	5	110	6	106	7	104	8	114	9	118	10	112	11	114	12	105	13	117	14	111	15	120	16	112	17	104	18	105	19	110	20	115	21	117	22	101	23	115	24	118	25	119	26	114	27	112	28	110	29	106	30	117	31	116	32	102	33	105	34	108	35	115	36	116	37	116	38	103	39	114	
	0	114	1	105	2	114	3	120	4	109	5	112	6	108	7	106	8	108	9	112	10	120	11	119	12	100	13	103	14	112	15	104	16	118	17	117	18	113	19	103	20	114	21	117	22	106	23	115	24	102	25	106	26	112	27	119	28	117	29	110	30	107	31	119	32	116	33	111	34	106	35	106	36	109	37	103	38	107	39	109	
	0	104	1	103	2	102	3	101	4	118	5	109	6	100	7	116	8	104	9	118	10	118	11	108	12	112	13	100	14	120	15	118	16	115	17	117	18	116	19	112	20	111	21	119	22	109	23	120	24	109	25	108	26	106	27	113	28	111	29	120	30	107	31	104	32	106	33	114	34	118	35	114	36	120	37	104	38	104	39	120	
	0	114	1	115	2	105	3	113	4	102	5	118	6	103	7	104	8	120	9	102	10	107	11	115	12	105	13	109	14	101	15	108	16	107	17	118	18	119	19	105	20	114	21	111	22	115	23	120	24	104	25	114	26	114	27	107	28	116	29	115	30	109	31	117	32	105	33	112	34	114	35	112	36	112	37	100	38	110	39	104	
	0	102	1	113	2	102	3	118	4	118	5	112	6	102	7	107	8	112	9	115	10	116	11	118	12	100	13	102	14	103	15	115	16	103	17	101	18	112	19	105	20	105	21	113	22	110	23	109	24	110	25	114	26	106	27	119	28	106	29	106	30	112	31	115	32	112	33	104	34	110	35	117	36	106	37	119	38	107	39	117	
	0	106	1	120	2	113	3	117	4	116	5	105	6	117	7	107	8	117	9	120	10	119	11	110	12	111	13	100	14	118	15	102	16	108	17	115	18	113	19	104	20	116	21	118	22	114	23	109	24	109	25	119	26	117	27	104	28	104	29	114	30	115	31	103	32	115	33	104	34	115	35	109	36	104	37	117	38	115	39	109	
	0	118	1	107	2	106	3	101	4	115	5	109	6	109	7	117	8	101	9	107	10	117	11	110	12	102	13	102	14	108	15	115	16	116	17	103	18	108	19	102	20	101	21	105	22	103	23	112	24	115	25	118	26	111	27	109	28	103	29	108	30	110	31	110	32	111	33	106	34	118	35	104	36	100	37	111	38	116	39	117	
	0	112	1	100	2	120	3	106	4	114	5	104	6	102	7	118	8	119	9	116	10	105	11	108	12	119	13	101	14	106	15	108	16	103	17	104	18	109	19	117	20	104	21	117	22	112	23	105	24	119	25	119	26	109	27	116	28	110	29	116	30	110	31	119	32	108	33	117	34	102	35	114	36	105	37	106	38	106	39	120	
	0	100	1	111	2	112	3	106	4	101	5	114	6	100	7	107	8	110	9	118	10	101	11	118	12	116	13	108	14	113	15	109	16	118	17	112	18	105	19	104	20	105	21	119	22	111	23	120	24	111	25	107	26	115	27	100	28	111	29	106	30	109	31	119	32	102	33	115	34	113	35	112	36	119	37	110	38	117	39	108	
	0	117	1	108	2	120	3	104	4	113	5	108	6	113	7	105	8	120	9	118	10	110	11	104	12	111	13	101	14	105	15	108	16	120	17	106	18	109	19	118	20	104	21	106	22	101	23	118	24	120	25	110	26	116	27	104	28	107	29	106	30	114	31	111	32	106	33	120	34	114	35	108	36	103	37	100	38	112	39	119	
	0	120	1	120	2	116	3	108	4	102	5	120	6	106	7	111	8	105	9	108	10	105	11	113	12	100	13	118	14	115	15	101	16	103	17	110	18	111	19	107	20	103	21	103	22	120	23	110	24	118	25	116	26	102	27	109	28	106	29	117	30	106	31	119	32	109	33	109	34	102	35	105	36	106	37	109	38	112	39	118	
	0	106	1	118	2	116	3	112	4	110	5	110	6	109	7	117	8	108	9	107	10	116	11	120	12	114	13	119	14	113	15	109	16	116	17	100	18	113	19	109	20	100	21	114	22	111	23	110	24	103	25	105	26	106	27	112	28	107	29	118	30	118	31	100	32	117	33	106	34	104	35	105	36	109	37	104	38	106	39	110	
	0	119	1	111	2	100	3	113	4	117	5	107	6	105	7	118	8	119	9	105	10	118	11	117	12	114	13	109	14	118	15	109	16	112	17	108	18	116	19	118	20	111	21	108	22	115	23	114	24	102	25	114	26	119	27	113	28	109	29	115	30	119	31	107	32	120	33	107	34	104	35	112	36	105	37	119	38	120	39	100	
	0	107	1	108	2	117	3	120	4	118	5	110	6	117	7	114	8	114	9	107	10	111	11	112	12	109	13	118	14	100	15	105	16	103	17	105	18	106	19	101	20	105	21	119	22	104	23	115	24	104	25	108	26	119	27	112	28	113	29	112	30	113	31	120	32	103	33	120	34	104	35	113	36	102	37	113	38	104	39	107	
	0	105	1	100	2	120	3	113	4	117	5	105	6	112	7	110	8	117	9	120	10	115	11	116	12	116	13	109	14	101	15	111	16	105	17	109	18	119	19	106	20	119	21	100	22	111	23	105	24	111	25	117	26	103	27	114	28	105	29	107	30	112	31	103	32	110	33	102	34	119	35	119	36	110	37	104	38	119	39	114	
	0	100	1	107	2	101	3	100	4	118	5	112	6	113	7	105	8	102	9	108	10	114	11	112	12	104	13	116	14	117	15	113	16	117	17	103	18	115	19	109	20	119	21	116	22	105	23	118	24	103	25	111	26	104	27	114	28	103	29	100	30	101	31	100	32	119	33	110	34	110	35	100	36	102	37	116	38	112	39	107	
	0	117	1	104	2	110	3	102	4	102	5	100	6	117	7	111	8	100	9	120	10	118	11	115	12	105	13	108	14	108	15	120	16	117	17	111	18	107	19	105	20	116	21	113	22	114	23	114	24	113	25	110	26	107	27	100	28	118	29	103	30	102	31	117	32	101	33	111	34	108	35	112	36	103	37	111	38	102	39	112	
	0	117	1	114	2	106	3	110	4	110	5	100	6	100	7	103	8	109	9	109	10	106	11	119	12	115	13	117	14	102	15	109	16	118	17	109	18	114	19	114	20	112	21	109	22	119	23	117	24	118	25	118	26	115	27	114	28	102	29	101	30	113	31	109	32	109	33	102	34	118	35	100	36	119	37	119	38	114	39	106	
	0	115	1	109	2	108	3	108	4	106	5	102	6	102	7	114	8	120	9	112	10	116	11	111	12	105	13	111	14	101	15	104	16	117	17	103	18	102	19	102	20	108	21	109	22	115	23	102	24	108	25	108	26	110	27	114	28	100	29	107	30	113	31	119	32	116	33	114	34	100	35	116	36	110	37	115	38	118	39	101	
	0	106	1	107	2	115	3	103	4	110	5	115	6	110	7	103	8	112	9	106	10	101	11	104	12	111	13	112	14	113	15	115	16	113	17	118	18	111	19	103	20	116	21	115	22	102	23	108	24	102	25	117	26	112	27	107	28	105	29	111	30	113	31	102	32	118	33	114	34	113	35	116	36	119	37	108	38	106	39	109	
	0	114	1	113	2	110	3	105	4	108	5	105	6	104	7	100	8	120	9	118	10	116	11	108	12	115	13	110	14	114	15	114	16	100	17	119	18	117	19	110	20	112	21	118	22	110	23	115	24	113	25	120	26	120	27	107	28	111	29	100	30	115	31	111	32	119	33	101	34	119	35	113	36	117	37	105	38	114	39	105	
	0	103	1	118	2	109	3	112	4	107	5	105	6	117	7	119	8	100	9	116	10	112	11	105	12	118	13	115	14	119	15	102	16	103	17	109	18	108	19	117	20	113	21	100	22	109	23	113	24	102	25	102	26	120	27	106	28	111	29	107	30	104	31	102	32	109	33	102	34	111	35	111	36	108	37	116	38	119	39	110	
	0	114	1	117	2	109	3	100	4	107	5	117	6	109	7	102	8	118	9	108	10	111	11	109	12	118	13	118	14	119	15	117	16	112	17	104	18	109	19	101	20	101	21	117	22	119	23	103	24	120	25	102	26	110	27	117	28	106	29	117	30	100	31	113	32	105	33	109	34	102	35	120	36	107	37	110	38	102	39	100	
	0	109	1	102	2	105	3	118	4	102	5	119	6	114	7	113	8	106	9	108	10	104	11	105	12	107	13	105	14	101	15	100	16	117	17	119	18	103	19	117	20	101	21	103	22	119	23	117	24	101	25	110	26	105	27	118	28	117	29	109	30	112	31	103	32	115	33	119	34	117	35	111	36	105	37	115	38	107	39	105	
	0	116	1	107	2	114	3	118	4	101	5	109	6	119	7	115	8	110	9	102	10	110	11	102	12	106	13	108	14	120	15	108	16	115	17	102	18	112	19	109	20	102	21	116	22	101	23	101	24	117	25	100	26	114	27	102	28	106	29	108	30	112	31	100	32	118	33	104	34	117	35	111	36	113	37	120	38	113	39	119	
	0	115	1	113	2	111	3	103	4	113	5	120	6	116	7	106	8	104	9	110	10	101	11	113	12	106	13	103	14	118	15	101	16	101	17	118	18	102	19	113	20	104	21	107	22	108	23	110	24	114	25	120	26	112	27	109	28	104	29	106	30	108	31	105	32	115	33	109	34	112	35	118	36	107	37	110	38	118	39	109	
	0	106	1	101	2	101	3	109	4	101	5	115	6	112	7	113	8	105	9	106	10	112	11	120	12	111	13	113	14	103	15	104	16	103	17	114	18	102	19	104	20	100	21	104	22	119	23	109	24	114	25	112	26	116	27	116	28	118	29	104	30	111	31	106	32	115	33	106	34	116	35	102	36	118	37	102	38	119	39	108	
	0	103	1	119	2	119	3	118	4	114	5	113	6	102	7	103	8	120	9	107	10	108	11	113	12	117	13	120	14	103	15	101	16	120	17	120	18	117	19	108	20	116	21	114	22	115	23	100	24	118	25	119	26	120	27	108	28	101	29	102	30	100	31	100	32	112	33	111	34	115	35	108	36	114	37	120	38	117	39	112	
	0	117	1	108	2	113	3	114	4	116	5	105	6	108	7	120	8	114	9	102	10	112	11	103	12	115	13	104	14	119	15	119	16	111	17	104	18	109	19	101	20	109	21	118	22	111	23	102	24	106	25	114	26	114	27	113	28	112	29	120	30	109	31	115	32	112	33	104	34	109	35	113	36	111	37	102	38	107	39	114	
	0	105	1	101	2	116	3	109	4	110	5	106	6	107	7	113	8	120	9	109	10	105	11	105	12	106	13	113	14	107	15	112	16	113	17	115	18	114	19	111	20	100	21	117	22	100	23	109	24	108	25	108	26	104	27	118	28	110	29	102	30	114	31	116	32	117	33	101	34	111	35	109	36	107	37	102	38	118	39	117	
	0	101	1	109	2	119	3	102	4	120	5	102	6	107	7	101	8	118	9	118	10	102	11	119	12	116	13	109	14	118	15	107	16	114	17	103	18	113	19	113	20	105	21	109	22	116	23	111	24	105	25	104	26	102	27	119	28	117	29	100	30	116	31	117	32	111	33	110	34	113	35	117	36	115	37	109	38	110	39	112	
	0	101	1	116	2	118	3	120	4	104	5	117	6	103	7	101	8	105	9	101	10	110	11	101	12	106	13	107	14	117	15	108	16	112	17	117	18	120	19	113	20	114	21	100	22	109	23	103	24	103	25	107	26	104	27	105	28	110	29	111	30	109	31	105	32	119	33	105	34	120	35	108	36	113	37	111	38	120	39	114	
	0	106	1	107	2	108	3	112	4	104	5	105	6	111	7	102	8	107	9	101	10	100	11	100	12	101	13	118	14	117	15	112	16	109	17	108	18	104	19	106	20	108	21	104	22	115	23	119	24	100	25	107	26	115	27	110	28	104	29	118	30	105	31	113	32	107	33	108	34	112	35	120	36	117	37	119	38	110	39	117	
	0	109	1	113	2	109	3	104	4	120	5	111	6	103	7	113	8	118	9	108	10	103	11	111	12	102	13	115	14	109	15	101	16	106	17	110	18	104	19	114	20	104	21	118	22	118	23	108	24	100	25	111	26	118	27	118	28	113	29	108	30	109	31	118	32	115	33	120	34	106	35	102	36	105	37	107	38	107	39	114	
	0	105	1	106	2	112	3	102	4	117	5	101	6	102	7	120	8	119	9	105	10	103	11	100	12	116	13	119	14	114	15	111	16	108	17	107	18	102	19	109	20	115	21	101	22	107	23	113	24	106	25	105	26	106	27	101	28	116	29	119	30	114	31	103	32	107	33	105	34	119	35	114	36	113	37	111	38	115	39	101	
	0	106	1	103	2	105	3	108	4	120	5	120	6	106	7	105	8	109	9	100	10	113	11	103	12	109	13	108	14	104	15	102	16	112	17	106	18	101	19	107	20	107	21	113	22	108	23	106	24	111	25	105	26	104	27	110	28	110	29	120	30	104	31	107	32	106	33	114	34	111	35	117	36	114	37	105	38	101	39	119	
	0	100	1	117	2	105	3	101	4	120	5	109	6	108	7	106	8	100	9	109	10	116	11	101	12	114	13	115	14	107	15	118	16	119	17	104	18	116	19	100	20	102	21	103	22	114	23	115	24	112	25	115	26	106	27	110	28	120	29	103	30	103	31	117	32	116	33	120	34	120	35	112	36	110	37	114	38	104	39	105	
	0	111	1	113	2	120	3	103	4	110	5	101	6	105	7	118	8	110	9	120	10	118	11	110	12	101	13	107	14	102	15	104	16	112	17	110	18	111	19	119	20	100	21	116	22	113	23	110	24	115	25	108	26	106	27	100	28	119	29	113	30	117	31	109	32	112	33	114	34	104	35	104	36	109	37	102	38	103	39	106	
	0	120	1	120	2	120	3	118	4	108	5	102	6	105	7	111	8	104	9	117	10	107	11	109	12	106	13	110	14	120	15	101	16	101	17	114	18	110	19	111	20	101	21	116	22	116	23	111	24	116	25	103	26	117	27	113	28	120	29	116	30	120	31	113	32	104	33	115	34	120	35	107	36	120	37	108	38	111	39	108	
	0	110	1	120	2	115	3	111	4	118	5	113	6	105	7	113	8	103	9	118	10	113	11	106	12	112	13	107	14	102	15	119	16	106	17	113	18	117	19	105	20	110	21	114	22	119	23	120	24	113	25	109	26	101	27	100	28	103	29	114	30	107	31	101	32	106	33	103	34	105	35	109	36	113	37	103	38	113	39	115	
	0	113	1	108	2	106	3	105	4	115	5	109	6	112	7	118	8	108	9	103	10	112	11	112	12	104	13	106	14	105	15	101	16	118	17	105	18	119	19	101	20	115	21	100	22	116	23	100	24	114	25	117	26	106	27	118	28	117	29	108	30	111	31	111	32	112	33	119	34	103	35	117	36	108	37	110	38	105	39	105	
	0	109	1	113	2	110	3	112	4	120	5	119	6	107	7	102	8	101	9	118	10	110	11	102	12	118	13	115	14	119	15	109	16	114	17	101	18	111	19	108	20	115	21	118	22	109	23	102	24	116	25	113	26	102	27	120	28	113	29	110	30	101	31	107	32	107	33	102	34	110	35	106	36	111	37	110	38	113	39	103	
	0	100	1	108	2	103	3	116	4	106	5	117	6	113	7	114	8	110	9	111	10	110	11	100	12	110	13	101	14	117	15	116	16	112	17	111	18	104	19	113	20	112	21	113	22	103	23	113	24	106	25	119	26	103	27	102	28	119	29	101	30	101	31	106	32	105	33	119	34	102	35	116	36	106	37	114	38	114	39	117	
	0	109	1	118	2	118	3	106	4	117	5	118	6	101	7	119	8	107	9	106	10	114	11	116	12	117	13	115	14	100	15	114	16	119	17	100	18	111	19	101	20	107	21	102	22	105	23	109	24	103	25	112	26	119	27	101	28	103	29	120	30	101	31	113	32	109	33	107	34	100	35	117	36	113	37	115	38	106	39	100	
	0	113	1	110	2	119	3	117	4	100	5	100	6	105	7	104	8	109	9	100	10	117	11	117	12	114	13	120	14	119	15	116	16	110	17	102	18	113	19	104	20	105	21	101	22	116	23	103	24	100	25	100	26	109	27	115	28	120	29	115	30	114	31	107	32	106	33	102	34	111	35	109	36	103	37	109	38	100	39	108	
	0	100	1	104	2	115	3	100	4	119	5	102	6	109	7	101	8	103	9	111	10	108	11	110	12	112	13	100	14	101	15	115	16	114	17	114	18	113	19	120	20	107	21	110	22	100	23	112	24	108	25	110	26	114	27	100	28	117	29	119	30	114	31	108	32	107	33	114	34	118	35	120	36	114	37	100	38	104	39	104	
	0	105	1	101	2	109	3	106	4	119	5	110	6	103	7	116	8	111	9	110	10	118	11	102	12	114	13	103	14	116	15	104	16	116	17	104	18	104	19	110	20	111	21	107	22	110	23	117	24	102	25	100	26	116	27	101	28	108	29	102	30	100	31	103	32	100	33	107	34	103	35	107	36	119	37	114	38	112	39	120	
	0	118	1	103	2	104	3	119	4	120	5	109	6	106	7	111	8	114	9	116	10	119	11	104	12	111	13	118	14	102	15	105	16	113	17	107	18	119	19	107	20	100	21	105	22	108	23	106	24	101	25	114	26	120	27	100	28	101	29	107	30	104	31	117	32	108	33	118	34	101	35	101	36	100	37	109	38	111	39	110	
	0	116	1	118	2	115	3	107	4	109	5	100	6	115	7	100	8	115	9	108	10	104	11	105	12	115	13	108	14	114	15	111	16	101	17	115	18	105	19	105	20	118	21	118	22	118	23	115	24	116	25	101	26	117	27	118	28	111	29	107	30	105	31	102	32	114	33	107	34	113	35	116	36	110	37	120	38	111	39	103	
	0	117	1	110	2	111	3	100	4	108	5	116	6	110	7	103	8	103	9	116	10	115	11	118	12	101	13	112	14	106	15	118	16	105	17	103	18	114	19	115	20	101	21	101	22	101	23	108	24	119	25	119	26	107	27	112	28	114	29	106	30	117	31	114	32	112	33	108	34	100	35	112	36	117	37	116	38	107	39	118	
	0	103	1	111	2	116	3	102	4	106	5	111	6	107	7	102	8	111	9	107	10	108	11	109	12	100	13	118	14	108	15	104	16	110	17	114	18	107	19	104	20	109	21	101	22	114	23	112	24	110	25	114	26	110	27	103	28	115	29	110	30	107	31	108	32	101	33	117	34	100	35	107	36	100	37	107	38	111	39	120	
	0	102	1	102	2	111	3	109	4	112	5	110	6	109	7	116	8	108	9	118	10	109	11	107	12	110	13	115	14	108	15	109	16	118	17	107	18	116	19	106	20	120	21	110	22	118	23	112	24	104	25	110	26	105	27	119	28	101	29	105	30	119	31	105	32	119	33	117	34	115	35	100	36	117	37	105	38	108	39	115	
	0	118	1	113	2	118	3	111	4	101	5	120	6	100	7	104	8	104	9	113	10	120	11	105	12	117	13	102	14	107	15	119	16	111	17	112	18	115	19	113	20	120	21	106	22	120	23	110	24	116	25	114	26	110	27	116	28	108	29	101	30	113	31	108	32	109	33	102	34	113	35	103	36	110	37	110	38	100	39	108	
	0	105	1	103	2	111	3	113	4	109	5	110	6	115	7	120	8	116	9	111	10	119	11	105	12	103	13	110	14	103	15	103	16	101	17	110	18	102	19	107	20	119	21	100	22	108	23	110	24	110	25	112	26	114	27	116	28	120	29	114	30	107	31	116	32	113	33	105	34	117	35	107	36	100	37	100	38	115	39	101	
	0	118	1	100	2	113	3	114	4	120	5	117	6	105	7	105	8	116	9	112	10	108	11	110	12	105	13	113	14	107	15	106	16	113	17	116	18	118	19	108	20	101	21	120	22	106	23	105	24	113	25	116	26	107	27	105	28	100	29	111	30	101	31	116	32	117	33	105	34	112	35	110	36	118	37	108	38	105	39	120	
	0	119	1	119	2	119	3	114	4	104	5	104	6	113	7	109	8	119	9	113	10	118	11	109	12	111	13	112	14	103	15	118	16	103	17	120	18	108	19	100	20	118	21	104	22	104	23	103	24	119	25	106	26	105	27	106	28	106	29	113	30	112	31	106	32	106	33	114	34	104	35	103	36	118	37	112	38	112	39	116	
	0	102	1	107	2	120	3	113	4	108	5	109	6	119	7	109	8	112	9	109	10	100	11	102	12	120	13	109	14	115	15	117	16	107	17	116	18	102	19	116	20	113	21	108	22	105	23	110	24	102	25	116	26	118	27	115	28	100	29	103	30	108	31	112	32	116	33	110	34	120	35	114	36	111	37	119	38	100	39	115	
	0	103	1	108	2	104	3	119	4	102	5	108	6	102	7	116	8	104	9	104	10	103	11	106	12	111	13	110	14	114	15	116	16	109	17	104	18	102	19	101	20	109	21	105	22	119	23	103	24	120	25	102	26	101	27	116	28	118	29	110	30	111	31	100	32	113	33	102	34	118	35	114	36	107	37	104	38	113	39	114	
	0	100	1	117	2	110	3	118	4	109	5	120	6	113	7	120	8	108	9	100	10	102	11	108	12	108	13	102	14	103	15	120	16	104	17	112	18	107	19	113	20	110	21	120	22	105	23	112	24	102	25	112	26	108	27	105	28	103	29	112	30	106	31	111	32	114	33	117	34	100	35	100	36	119	37	106	38	119	39	101	
	0	104	1	117	2	106	3	115	4	119	5	106	6	100	7	111	8	106	9	108	10	104	11	110	12	117	13	107	14	110	15	111	16	106	17	110	18	115	19	112	20	112	21	110	22	103	23	107	24	116	25	108	26	120	27	114	28	110	29	107	30	105	31	108	32	105	33	102	34	115	35	101	36	118	37	111	38	101	39	117	
	0	103	1	107	2	103	3	108	4	112	5	118	6	117	7	101	8	103	9	110	10	112	11	114	12	111	13	105	14	118	15	100	16	110	17	119	18	112	19	118	20	100	21	110	22	102	23	107	24	104	25	110	26	107	27	107	28	100	29	101	30	102	31	114	32	100	33	107	34	113	35	103	36	107	37	107	38	102	39	104	
	0	108	1	116	2	103	3	109	4	105	5	120	6	118	7	100	8	113	9	116	10	104	11	103	12	112	13	106	14	101	15	117	16	112	17	101	18	104	19	103	20	117	21	119	22	102	23	109	24	116	25	117	26	104	27	100	28	120	29	109	30	120	31	102	32	111	33	110	34	108	35	101	36	106	37	105	38	113	39	109	
	0	116	1	101	2	115	3	118	4	102	5	100	6	104	7	103	8	101	9	103	10	114	11	104	12	114	13	110	14	118	15	115	16	105	17	109	18	107	19	104	20	119	21	100	22	109	23	108	24	108	25	115	26	109	27	119	28	118	29	112	30	104	31	106	32	114	33	104	34	112	35	103	36	113	37	117	38	101	39	108	
	0	105	1	120	2	118	3	106	4	120	5	102	6	109	7	107	8	101	9	101	10	103	11	108	12	115	13	100	14	111	15	109	16	120	17	114	18	107	19	107	20	117	21	114	22	118	23	103	24	119	25	115	26	101	27	103	28	116	29	101	30	114	31	120	32	106	33	103	34	113	35	108	36	100	37	100	38	108	39	116	
	0	120	1	105	2	110	3	111	4	115	5	112	6	100	7	108	8	109	9	105	10	120	11	116	12	114	13	117	14	111	15	114	16	114	17	120	18	110	19	120	20	116	21	111	22	119	23	110	24	112	25	118	26	109	27	106	28	119	29	102	30	107	31	112	32	110	33	105	34	117	35	100	36	120	37	120	38	105	39	111	
	0	112	1	105	2	103	3	112	4	112	5	120	6	111	7	118	8	105	9	118	10	101	11	111	12	100	13	102	14	119	15	108	16	105	17	119	18	100	19	107	20	102	21	104	22	118	23	102	24	116	25	101	26	102	27	106	28	107	29	106	30	104	31	116	32	100	33	104	34	103	35	107	36	116	37	111	38	119	39	107	
	0	102	1	116	2	116	3	103	4	103	5	112	6	101	7	106	8	108	9	107	10	101	11	100	12	113	13	104	14	120	15	119	16	109	17	111	18	109	19	112	20	118	21	118	22	100	23	107	24	118	25	119	26	113	27	100	28	113	29	107	30	113	31	120	32	112	33	101	34	104	35	116	36	112	37	106	38	104	39	117	
	0	100	1	102	2	112	3	106	4	110	5	115	6	107	7	115	8	108	9	113	10	104	11	107	12	119	13	110	14	116	15	111	16	105	17	109	18	114	19	118	20	119	21	113	22	105	23	108	24	116	25	105	26	119	27	107	28	115	29	117	30	119	31	104	32	120	33	105	34	109	35	105	36	114	37	104	38	120	39	101	
	0	118	1	101	2	112	3	119	4	106	5	106	6	112	7	117	8	106	9	114	10	109	11	102	12	107	13	108	14	104	15	107	16	110	17	116	18	106	19	108	20	103	21	103	22	118	23	115	24	105	25	105	26	100	27	113	28	104	29	101	30	118	31	120	32	108	33	114	34	110	35	116	36	102	37	107	38	102	39	102	
	0	111	1	112	2	102	3	107	4	115	5	118	6	111	7	102	8	102	9	112	10	115	11	100	12	111	13	109	14	111	15	116	16	104	17	107	18	111	19	116	20	109	21	103	22	105	23	112	24	112	25	109	26	119	27	104	28	114	29	101	30	106	31	116	32	103	33	110	34	104	35	100	36	108	37	109	38	103	39	108	
	0	109	1	110	2	120	3	116	4	119	5	102	6	107	7	106	8	101	9	120	10	112	11	120	12	105	13	107	14	102	15	115	16	110	17	110	18	113	19	107	20	108	21	100	22	119	23	107	24	104	25	117	26	114	27	118	28	107	29	101	30	114	31	101	32	107	33	119	34	104	35	103	36	101	37	115	38	114	39	119	
	0	117	1	104	2	111	3	105	4	114	5	113	6	102	7	115	8	107	9	107	10	120	11	119	12	110	13	104	14	103	15	113	16	111	17	113	18	120	19	113	20	103	21	102	22	120	23	112	24	116	25	112	26	110	27	108	28	115	29	108	30	118	31	110	32	109	33	116	34	120	35	113	36	111	37	120	38	119	39	116	
	0	120	1	112	2	101	3	108	4	109	5	108	6	102	7	109	8	103	9	112	10	116	11	105	12	110	13	106	14	106	15	110	16	116	17	118	18	105	19	104	20	106	21	100	22	106	23	101	24	108	25	113	26	110	27	103	28	110	29	120	30	106	31	101	32	111	33	114	34	110	35	104	36	116	37	106	38	116	39	120	
	0	100	1	109	2	102	3	106	4	113	5	109	6	106	7	100	8	117	9	111	10	105	11	106	12	100	13	104	14	105	15	117	16	101	17	110	18	100	19	111	20	113	21	119	22	116	23	118	24	104	25	115	26	120	27	100	28	100	29	114	30	104	31	119	32	104	33	112	34	100	35	118	36	107	37	107	38	109	39	118	
	0	114	1	101	2	116	3	107	4	100	5	119	6	110	7	113	8	114	9	116	10	112	11	113	12	103	13	114	14	109	15	114	16	116	17	102	18	114	19	116	20	116	21	103	22	116	23	110	24	109	25	113	26	107	27	115	28	114	29	110	30	104	31	109	32	119	33	106	34	107	35	115	36	105	37	115	38	104	39	117	
	0	103	1	108	2	106	3	114	4	106	5	100	6	107	7	109	8	104	9	102	10	104	11	110	12	103	13	112	14	116	15	112	16	112	17	116	18	118	19	117	20	118	21	109	22	103	23	119	24	116	25	114	26	105	27	120	28	102	29	111	30	102	31	111	32	101	33	106	34	103	35	119	36	120	37	103	38	104	39	100	
	0	105	1	105	2	107	3	107	4	115	5	102	6	115	7	115	8	118	9	109	10	115	11	115	12	110	13	116	14	111	15	102	16	117	17	113	18	105	19	111	20	113	21	113	22	118	23	120	24	117	25	119	26	119	27	103	28	107	29	119	30	118	31	108	32	120	33	103	34	112	35	113	36	113	37	119	38	108	39	114	
	0	104	1	117	2	103	3	112	4	104	5	119	6	102	7	120	8	107	9	105	10	100	11	116	12	114	13	116	14	101	15	105	16	113	17	115	18	102	19	106	20	115	21	110	22	110	23	106	24	112	25	108	26	104	27	106	28	116	29	110	30	119	31	113	32	107	33	110	34	105	35	117	36	116	37	114	38	118	39	101	
	0	101	1	108	2	106	3	114	4	118	5	109	6	115	7	115	8	102	9	103	10	119	11	106	12	110	13	117	14	112	15	117	16	119	17	120	18	103	19	107	20	117	21	105	22	100	23	109	24	120	25	104	26	104	27	118	28	119	29	118	30	101	31	114	32	103	33	106	34	107	35	120	36	107	37	103	38	113	39	111	
	0	107	1	113	2	115	3	107	4	106	5	109	6	101	7	103	8	105	9	115	10	102	11	105	12	118	13	109	14	114	15	119	16	107	17	120	18	117	19	118	20	105	21	102	22	111	23	103	24	105	25	111	26	106	27	119	28	108	29	112	30	111	31	119	32	105	33	119	34	116	35	118	36	102	37	112	38	114	39	119	
	0	108	1	117	2	102	3	112	4	118	5	105	6	110	7	111	8	112	9	116	10	105	11	118	12	101	13	112	14	120	15	114	16	119	17	102	18	104	19	114	20	104	21	114	22	112	23	102	24	120	25	112	26	112	27	111	28	115	29	107	30	102	31	119	32	117	33	113	34	103	35	102	36	120	37	111	38	106	39	120	
	0	109	1	120	2	118	3	110	4	118	5	103	6	120	7	104	8	118	9	115	10	105	11	118	12	112	13	115	14	112	15	107	16	101	17	102	18	116	19	113	20	110	21	107	22	103	23	116	24	107	25	106	26	116	27	110	28	109	29	106	30	113	31	120	32	114	33	104	34	106	35	102	36	119	37	119	38	118	39	108	
	0	104	1	106	2	105	3	104	4	114	5	107	6	115	7	119	8	108	9	114	10	107	11	105	12	105	13	120	14	101	15	108	16	103	17	105	18	118	19	101	20	104	21	119	22	119	23	107	24	108	25	120	26	112	27	111	28	110	29	114	30	112	31	109	32	118	33	114	34	111	35	106	36	103	37	104	38	119	39	106	
	0	113	1	118	2	104	3	100	4	110	5	103	6	117	7	116	8	103	9	113	10	107	11	113	12	104	13	110	14	100	15	112	16	115	17	100	18	100	19	112	20	100	21	104	22	106	23	114	24	100	25	111	26	108	27	101	28	120	29	112	30	120	31	115	32	107	33	113	34	111	35	102	36	107	37	107	38	117	39	106	
	0	100	1	116	2	115	3	113	4	119	5	113	6	110	7	118	8	118	9	114	10	105	11	109	12	100	13	116	14	102	15	103	16	106	17	111	18	109	19	112	20	108	21	106	22	118	23	117	24	107	25	107	26	115	27	110	28	106	29	117	30	109	31	102	32	101	33	120	34	108	35	116	36	100	37	102	38	108	39	112	
	0	112	1	118	2	105	3	118	4	120	5	110	6	120	7	104	8	107	9	108	10	100	11	110	12	113	13	115	14	101	15	120	16	107	17	119	18	119	19	108	20	111	21	116	22	110	23	100	24	115	25	117	26	102	27	120	28	114	29	112	30	113	31	114	32	103	33	108	34	104	35	101	36	113	37	112	38	114	39	118	
	0	111	1	114	2	108	3	105	4	110	5	119	6	109	7	120	8	120	9	102	10	120	11	100	12	114	13	120	14	111	15	116	16	114	17	117	18	101	19	119	20	120	21	119	22	100	23	110	24	119	25	109	26	110	27	104	28	117	29	114	30	118	31	110	32	102	33	115	34	103	35	108	36	101	37	100	38	104	39	111	