100 50 1
50
	0	115	1	117	2	116	3	117	4	118	5	114	6	113	7	102	8	101	9	103	10	104	11	119	12	113	13	101	14	111	15	104	16	102	17	117	18	109	19	105	20	104	21	105	22	101	23	116	24	101	25	117	26	107	27	105	28	100	29	107	30	108	31	103	32	115	33	108	34	119	35	108	36	112	37	118	38	111	39	103	40	108	41	114	42	119	43	111	44	104	45	108	46	103	47	105	48	109	49	120	
	0	101	1	105	2	110	3	105	4	106	5	104	6	108	7	104	8	119	9	100	10	120	11	103	12	116	13	116	14	119	15	120	16	108	17	117	18	107	19	111	20	113	21	109	22	111	23	115	24	109	25	101	26	117	27	111	28	117	29	113	30	113	31	107	32	118	33	115	34	110	35	115	36	111	37	105	38	103	39	113	40	120	41	114	42	106	43	108	44	120	45	115	46	104	47	104	48	110	49	105	
	0	117	1	103	2	113	3	107	4	109	5	102	6	116	7	101	8	120	9	113	10	100	11	110	12	119	13	115	14	109	15	103	16	120	17	108	18	101	19	106	20	105	21	119	22	109	23	114	24	119	25	109	26	106	27	113	28	110	29	115	30	106	31	120	32	103	33	103	34	104	35	120	36	109	37	110	38	117	39	102	40	114	41	103	42	118	43	101	44	107	45	108	46	117	47	107	48	118	49	107	
	0	101	1	120	2	101	3	119	4	116	5	101	6	119	7	106	8	106	9	101	10	108	11	115	12	107	13	119	14	118	15	103	16	101	17	109	18	105	19	111	20	120	21	116	22	104	23	111	24	104	25	107	26	118	27	109	28	103	29	119	30	111	31	112	32	105	33	103	34	108	35	111	36	117	37	104	38	102	39	116	40	110	41	111	42	112	43	111	44	115	45	112	46	107	47	101	48	116	49	102	
	0	118	1	119	2	106	3	118	4	105	5	119	6	103	7	102	8	106	9	118	10	101	11	111	12	106	13	117	14	118	15	114	16	118	17	113	18	115	19	117	20	105	21	116	22	102	23	102	24	100	25	101	26	108	27	111	28	105	29	110	30	120	31	102	32	120	33	118	34	115	35	103	36	114	37	107	38	100	39	110	40	119	41	107	42	111	43	117	44	118	45	118	46	103	47	110	48	106	49	115	
	0	116	1	119	2	113	3	118	4	118	5	103	6	109	7	108	8	106	9	104	10	104	11	114	12	112	13	116	14	118	15	101	16	101	17	112	18	104	19	113	20	112	21	120	22	100	23	103	24	107	25	112	26	110	27	111	28	101	29	102	30	108	31	113	32	116	33	111	34	106	35	118	36	120	37	120	38	114	39	115	40	107	41	116	42	103	43	117	44	105	45	120	46	110	47	102	48	103	49	107	
	0	115	1	111	2	116	3	104	4	107	5	102	6	105	7	117	8	112	9	120	10	107	11	109	12	111	13	120	14	108	15	109	16	112	17	104	18	100	19	114	20	111	21	114	22	104	23	106	24	104	25	102	26	106	27	102	28	101	29	109	30	102	31	120	32	114	33	116	34	112	35	104	36	117	37	102	38	105	39	103	40	105	41	108	42	119	43	106	44	107	45	104	46	104	47	102	48	106	49	108	
	0	108	1	116	2	109	3	111	4	105	5	119	6	114	7	117	8	107	9	117	10	111	11	102	12	105	13	105	14	105	15	104	16	102	17	107	18	117	19	103	20	106	21	117	22	106	23	111	24	120	25	115	26	118	27	105	28	102	29	109	30	120	31	108	32	104	33	117	34	104	35	105	36	120	37	101	38	118	39	114	40	118	41	110	42	112	43	108	44	107	45	114	46	119	47	105	48	117	49	105	
	0	117	1	115	2	102	3	101	4	119	5	113	6	116	7	112	8	107	9	118	10	102	11	119	12	120	13	108	14	114	15	113	16	107	17	117	18	103	19	116	20	119	21	105	22	115	23	108	24	112	25	100	26	115	27	114	28	119	29	106	30	114	31	100	32	120	33	114	34	112	35	104	36	119	37	119	38	119	39	103	40	118	41	107	42	101	43	118	44	107	45	113	46	112	47	109	48	116	49	108	
	0	101	1	108	2	110	3	116	4	115	5	120	6	114	7	111	8	104	9	101	10	120	11	106	12	111	13	118	14	117	15	104	16	120	17	116	18	106	19	105	20	105	21	115	22	100	23	109	24	110	25	120	26	101	27	111	28	115	29	115	30	106	31	102	32	109	33	112	34	118	35	118	36	118	37	104	38	114	39	110	40	118	41	112	42	113	43	114	44	105	45	101	46	114	47	101	48	110	49	114	
	0	101	1	101	2	109	3	103	4	105	5	112	6	119	7	107	8	103	9	118	10	117	11	113	12	119	13	110	14	120	15	119	16	105	17	109	18	106	19	111	20	119	21	105	22	108	23	101	24	104	25	111	26	120	27	112	28	114	29	109	30	110	31	119	32	104	33	117	34	117	35	106	36	118	37	117	38	100	39	114	40	113	41	102	42	111	43	112	44	107	45	118	46	102	47	116	48	105	49	115	
	0	114	1	110	2	102	3	100	4	102	5	116	6	118	7	115	8	117	9	107	10	111	11	105	12	114	13	101	14	117	15	109	16	118	17	101	18	111	19	113	20	104	21	104	22	115	23	120	24	101	25	118	26	104	27	111	28	104	29	104	30	104	31	110	32	113	33	110	34	106	35	107	36	119	37	115	38	115	39	115	40	112	41	118	42	109	43	119	44	110	45	115	46	102	47	105	48	118	49	106	
	0	102	1	112	2	115	3	108	4	110	5	119	6	111	7	109	8	109	9	112	10	115	11	107	12	119	13	118	14	116	15	103	16	117	17	117	18	118	19	117	20	112	21	104	22	109	23	120	24	111	25	108	26	112	27	105	28	105	29	110	30	106	31	111	32	118	33	116	34	107	35	110	36	114	37	106	38	101	39	118	40	106	41	110	42	116	43	106	44	118	45	100	46	120	47	110	48	113	49	106	
	0	100	1	117	2	115	3	108	4	103	5	107	6	114	7	118	8	111	9	101	10	103	11	107	12	109	13	113	14	109	15	105	16	118	17	108	18	110	19	110	20	118	21	117	22	101	23	115	24	101	25	108	26	110	27	113	28	118	29	100	30	114	31	106	32	105	33	101	34	115	35	115	36	112	37	105	38	105	39	115	40	106	41	114	42	110	43	106	44	104	45	119	46	106	47	112	48	109	49	108	
	0	110	1	111	2	116	3	120	4	107	5	116	6	108	7	108	8	103	9	109	10	114	11	102	12	120	13	109	14	100	15	119	16	103	17	120	18	105	19	109	20	108	21	117	22	108	23	108	24	103	25	108	26	105	27	103	28	115	29	101	30	108	31	111	32	105	33	103	34	116	35	113	36	119	37	105	38	105	39	106	40	104	41	100	42	106	43	115	44	115	45	114	46	111	47	103	48	112	49	116	
	0	114	1	101	2	118	3	100	4	100	5	116	6	103	7	103	8	120	9	119	10	107	11	115	12	120	13	109	14	113	15	110	16	104	17	119	18	109	19	113	20	107	21	112	22	103	23	104	24	113	25	114	26	101	27	113	28	111	29	120	30	114	31	111	32	116	33	111	34	101	35	111	36	117	37	115	38	111	39	101	40	103	41	104	42	105	43	107	44	113	45	115	46	118	47	114	48	113	49	115	
	0	104	1	115	2	105	3	111	4	113	5	120	6	105	7	101	8	119	9	107	10	108	11	116	12	119	13	107	14	110	15	104	16	116	17	116	18	112	19	104	20	103	21	103	22	108	23	118	24	104	25	111	26	105	27	104	28	111	29	102	30	114	31	106	32	113	33	117	34	117	35	111	36	107	37	111	38	105	39	111	40	120	41	107	42	103	43	111	44	102	45	104	46	104	47	117	48	111	49	117	
	0	117	1	106	2	103	3	118	4	117	5	112	6	105	7	101	8	102	9	106	10	102	11	110	12	117	13	116	14	114	15	107	16	111	17	116	18	116	19	100	20	111	21	109	22	108	23	113	24	100	25	100	26	119	27	114	28	120	29	115	30	102	31	112	32	115	33	117	34	102	35	114	36	116	37	115	38	105	39	107	40	120	41	106	42	115	43	111	44	113	45	109	46	117	47	119	48	111	49	118	
	0	105	1	102	2	107	3	100	4	100	5	115	6	117	7	106	8	103	9	113	10	120	11	107	12	119	13	104	14	107	15	114	16	111	17	103	18	112	19	113	20	112	21	108	22	119	23	105	24	103	25	106	26	104	27	107	28	114	29	111	30	103	31	113	32	113	33	104	34	117	35	109	36	105	37	109	38	104	39	106	40	104	41	117	42	113	43	112	44	106	45	116	46	117	47	116	48	117	49	106	
	0	119	1	106	2	113	3	107	4	120	5	115	6	103	7	115	8	119	9	111	10	112	11	114	12	103	13	115	14	107	15	113	16	100	17	114	18	119	19	106	20	102	21	109	22	120	23	114	24	110	25	106	26	104	27	101	28	108	29	114	30	112	31	107	32	104	33	116	34	108	35	104	36	117	37	106	38	108	39	102	40	106	41	114	42	113	43	117	44	110	45	115	46	104	47	118	48	112	49	111	
	0	119	1	105	2	120	3	113	4	109	5	100	6	116	7	112	8	105	9	118	10	109	11	113	12	118	13	117	14	108	15	117	16	110	17	105	18	115	19	105	20	102	21	101	22	108	23	112	24	120	25	115	26	102	27	107	28	102	29	104	30	107	31	107	32	100	33	104	34	103	35	117	36	104	37	108	38	117	39	101	40	115	41	106	42	109	43	119	44	111	45	119	46	108	47	120	48	113	49	109	
	0	117	1	105	2	113	3	118	4	101	5	108	6	112	7	101	8	114	9	110	10	101	11	107	12	106	13	107	14	118	15	112	16	110	17	117	18	117	19	109	20	108	21	118	22	103	23	113	24	106	25	107	26	106	27	115	28	111	29	107	30	106	31	110	32	119	33	107	34	108	35	112	36	120	37	104	38	113	39	118	40	116	41	117	42	102	43	114	44	105	45	106	46	109	47	106	48	114	49	115	
	0	106	1	107	2	110	3	107	4	112	5	105	6	120	7	106	8	100	9	101	10	110	11	115	12	120	13	100	14	107	15	107	16	112	17	113	18	106	19	108	20	111	21	117	22	120	23	112	24	112	25	103	26	114	27	115	28	103	29	120	30	103	31	110	32	107	33	116	34	116	35	119	36	115	37	117	38	108	39	114	40	115	41	120	42	114	43	116	44	110	45	105	46	101	47	103	48	119	49	102	
	0	109	1	108	2	104	3	109	4	101	5	112	6	119	7	109	8	112	9	108	10	115	11	113	12	110	13	117	14	103	15	102	16	119	17	107	18	107	19	104	20	118	21	109	22	102	23	106	24	111	25	111	26	105	27	120	28	112	29	107	30	120	31	101	32	102	33	117	34	120	35	110	36	115	37	120	38	108	39	116	40	106	41	107	42	116	43	104	44	104	45	105	46	104	47	112	48	109	49	103	
	0	103	1	113	2	107	3	109	4	107	5	112	6	100	7	118	8	119	9	105	10	101	11	108	12	100	13	110	14	110	15	104	16	112	17	104	18	103	19	110	20	115	21	111	22	106	23	103	24	113	25	101	26	109	27	119	28	111	29	112	30	118	31	103	32	103	33	116	34	115	35	115	36	116	37	104	38	107	39	113	40	111	41	103	42	117	43	120	44	106	45	115	46	100	47	118	48	103	49	113	
	0	106	1	117	2	107	3	105	4	102	5	103	6	107	7	119	8	113	9	116	10	116	11	104	12	102	13	112	14	114	15	115	16	108	17	100	18	107	19	105	20	103	21	104	22	101	23	104	24	120	25	110	26	103	27	114	28	103	29	112	30	109	31	101	32	100	33	105	34	116	35	108	36	101	37	116	38	104	39	117	40	100	41	101	42	109	43	103	44	116	45	105	46	119	47	102	48	108	49	103	
	0	113	1	118	2	118	3	110	4	103	5	115	6	101	7	119	8	104	9	111	10	109	11	111	12	119	13	118	14	110	15	114	16	110	17	112	18	107	19	110	20	115	21	108	22	111	23	119	24	100	25	101	26	111	27	115	28	102	29	102	30	110	31	101	32	101	33	116	34	120	35	115	36	110	37	102	38	105	39	114	40	100	41	115	42	110	43	103	44	111	45	111	46	110	47	104	48	115	49	100	
	0	115	1	115	2	101	3	108	4	116	5	103	6	118	7	101	8	107	9	102	10	112	11	113	12	102	13	113	14	102	15	100	16	113	17	117	18	120	19	113	20	120	21	113	22	109	23	100	24	116	25	113	26	112	27	105	28	110	29	120	30	111	31	110	32	116	33	115	34	105	35	118	36	104	37	119	38	116	39	108	40	118	41	117	42	109	43	106	44	114	45	101	46	101	47	120	48	112	49	107	
	0	107	1	112	2	115	3	115	4	111	5	115	6	120	7	120	8	102	9	104	10	111	11	120	12	118	13	117	14	102	15	118	16	114	17	117	18	102	19	101	20	108	21	102	22	112	23	116	24	106	25	116	26	105	27	101	28	118	29	103	30	102	31	117	32	116	33	105	34	109	35	112	36	113	37	114	38	103	39	103	40	119	41	116	42	119	43	108	44	120	45	113	46	104	47	113	48	118	49	103	
	0	113	1	115	2	103	3	112	4	112	5	108	6	103	7	115	8	100	9	119	10	112	11	116	12	101	13	120	14	119	15	116	16	120	17	103	18	102	19	111	20	120	21	100	22	100	23	115	24	120	25	101	26	117	27	118	28	113	29	115	30	119	31	115	32	102	33	104	34	106	35	100	36	119	37	118	38	112	39	112	40	112	41	120	42	114	43	115	44	103	45	106	46	119	47	113	48	117	49	117	
	0	115	1	108	2	103	3	104	4	103	5	103	6	101	7	112	8	120	9	113	10	109	11	101	12	118	13	103	14	106	15	113	16	107	17	106	18	106	19	107	20	118	21	107	22	116	23	102	24	107	25	104	26	114	27	107	28	116	29	104	30	116	31	105	32	111	33	106	34	111	35	118	36	107	37	106	38	118	39	119	40	101	41	105	42	100	43	105	44	117	45	116	46	114	47	100	48	109	49	119	
	0	100	1	114	2	117	3	103	4	111	5	107	6	105	7	107	8	101	9	113	10	101	11	108	12	109	13	119	14	103	15	119	16	112	17	109	18	114	19	104	20	105	21	108	22	117	23	119	24	117	25	113	26	105	27	117	28	115	29	115	30	109	31	104	32	116	33	115	34	110	35	119	36	119	37	107	38	102	39	105	40	118	41	119	42	105	43	108	44	103	45	119	46	109	47	118	48	100	49	120	
	0	117	1	116	2	104	3	100	4	112	5	117	6	115	7	101	8	113	9	105	10	106	11	100	12	113	13	101	14	109	15	120	16	108	17	120	18	117	19	101	20	104	21	103	22	110	23	110	24	100	25	102	26	115	27	104	28	104	29	100	30	112	31	104	32	108	33	118	34	120	35	102	36	103	37	103	38	102	39	100	40	111	41	100	42	111	43	104	44	106	45	107	46	111	47	117	48	104	49	104	
	0	115	1	108	2	117	3	111	4	117	5	102	6	101	7	118	8	109	9	119	10	105	11	119	12	106	13	117	14	116	15	113	16	100	17	107	18	105	19	114	20	105	21	117	22	103	23	118	24	111	25	111	26	120	27	120	28	104	29	120	30	117	31	117	32	114	33	101	34	105	35	110	36	107	37	103	38	117	39	112	40	117	41	113	42	110	43	104	44	101	45	107	46	107	47	117	48	110	49	106	
	0	112	1	106	2	103	3	108	4	100	5	114	6	116	7	100	8	118	9	108	10	118	11	107	12	108	13	118	14	105	15	120	16	117	17	116	18	116	19	113	20	109	21	115	22	110	23	114	24	103	25	113	26	115	27	120	28	117	29	120	30	115	31	103	32	118	33	118	34	104	35	120	36	104	37	109	38	103	39	111	40	119	41	106	42	120	43	119	44	116	45	119	46	111	47	113	48	115	49	112	
	0	103	1	114	2	105	3	115	4	111	5	100	6	112	7	105	8	115	9	118	10	113	11	111	12	114	13	101	14	109	15	119	16	119	17	109	18	115	19	106	20	101	21	106	22	118	23	120	24	120	25	115	26	113	27	113	28	112	29	107	30	114	31	103	32	103	33	118	34	118	35	109	36	108	37	102	38	119	39	111	40	102	41	101	42	107	43	104	44	113	45	111	46	120	47	108	48	110	49	103	
	0	112	1	100	2	117	3	100	4	104	5	117	6	114	7	117	8	100	9	107	10	120	11	111	12	100	13	112	14	100	15	104	16	118	17	119	18	120	19	107	20	120	21	115	22	114	23	105	24	111	25	103	26	112	27	111	28	119	29	107	30	107	31	109	32	106	33	120	34	117	35	117	36	108	37	110	38	120	39	110	40	116	41	111	42	116	43	110	44	119	45	112	46	118	47	112	48	102	49	111	
	0	100	1	105	2	101	3	102	4	103	5	105	6	105	7	108	8	108	9	115	10	109	11	119	12	118	13	109	14	115	15	107	16	117	17	102	18	109	19	109	20	102	21	118	22	117	23	120	24	107	25	111	26	101	27	107	28	103	29	109	30	120	31	107	32	100	33	120	34	112	35	110	36	118	37	113	38	111	39	101	40	115	41	103	42	113	43	118	44	111	45	120	46	104	47	109	48	109	49	104	
	0	110	1	105	2	114	3	100	4	117	5	110	6	119	7	114	8	119	9	112	10	116	11	100	12	104	13	113	14	118	15	115	16	119	17	119	18	101	19	118	20	105	21	114	22	118	23	110	24	115	25	112	26	104	27	110	28	117	29	119	30	116	31	111	32	102	33	107	34	117	35	103	36	114	37	118	38	111	39	105	40	115	41	107	42	102	43	100	44	119	45	102	46	102	47	100	48	111	49	110	
	0	114	1	106	2	114	3	100	4	106	5	109	6	106	7	104	8	105	9	107	10	119	11	100	12	111	13	101	14	116	15	112	16	120	17	106	18	100	19	103	20	115	21	107	22	105	23	104	24	118	25	109	26	100	27	103	28	105	29	116	30	120	31	120	32	119	33	114	34	107	35	106	36	103	37	110	38	100	39	118	40	115	41	105	42	117	43	119	44	100	45	108	46	107	47	117	48	120	49	111	
	0	110	1	120	2	118	3	110	4	105	5	104	6	109	7	108	8	113	9	118	10	105	11	113	12	117	13	116	14	106	15	101	16	109	17	109	18	106	19	100	20	101	21	106	22	105	23	108	24	113	25	101	26	107	27	107	28	119	29	119	30	114	31	116	32	111	33	107	34	104	35	114	36	116	37	116	38	105	39	111	40	115	41	116	42	106	43	111	44	110	45	114	46	116	47	102	48	111	49	103	
	0	110	1	109	2	105	3	101	4	112	5	118	6	111	7	113	8	108	9	119	10	104	11	105	12	115	13	120	14	115	15	103	16	111	17	115	18	117	19	107	20	108	21	118	22	119	23	103	24	117	25	118	26	110	27	105	28	118	29	109	30	116	31	102	32	100	33	109	34	118	35	113	36	115	37	116	38	113	39	112	40	110	41	102	42	114	43	115	44	105	45	117	46	116	47	109	48	103	49	102	
	0	117	1	100	2	104	3	118	4	106	5	113	6	120	7	116	8	114	9	101	10	103	11	110	12	104	13	115	14	113	15	118	16	101	17	114	18	113	19	102	20	120	21	106	22	101	23	106	24	113	25	101	26	115	27	105	28	112	29	101	30	107	31	103	32	120	33	114	34	107	35	107	36	114	37	111	38	109	39	109	40	108	41	119	42	101	43	102	44	116	45	106	46	107	47	109	48	111	49	102	
	0	109	1	114	2	120	3	103	4	115	5	102	6	112	7	118	8	113	9	116	10	106	11	104	12	102	13	106	14	113	15	103	16	115	17	102	18	110	19	117	20	112	21	105	22	113	23	114	24	119	25	109	26	114	27	113	28	109	29	106	30	103	31	116	32	118	33	113	34	107	35	113	36	118	37	111	38	105	39	119	40	103	41	100	42	108	43	120	44	119	45	113	46	119	47	103	48	100	49	118	
	0	105	1	102	2	111	3	116	4	100	5	117	6	102	7	109	8	115	9	120	10	120	11	105	12	109	13	105	14	107	15	101	16	120	17	120	18	115	19	107	20	113	21	108	22	110	23	107	24	118	25	110	26	112	27	111	28	101	29	105	30	119	31	118	32	102	33	101	34	108	35	104	36	111	37	120	38	118	39	116	40	102	41	120	42	112	43	103	44	100	45	100	46	102	47	103	48	119	49	113	
	0	113	1	118	2	112	3	110	4	116	5	110	6	109	7	106	8	102	9	115	10	101	11	100	12	119	13	100	14	118	15	103	16	113	17	105	18	111	19	106	20	120	21	109	22	110	23	100	24	108	25	109	26	108	27	100	28	120	29	112	30	118	31	116	32	114	33	118	34	103	35	114	36	102	37	110	38	120	39	107	40	103	41	106	42	109	43	117	44	119	45	107	46	105	47	100	48	119	49	119	
	0	109	1	101	2	116	3	108	4	101	5	115	6	110	7	103	8	109	9	119	10	101	11	101	12	116	13	117	14	100	15	119	16	120	17	115	18	119	19	102	20	102	21	119	22	104	23	101	24	112	25	110	26	114	27	105	28	100	29	111	30	119	31	105	32	106	33	107	34	111	35	109	36	111	37	107	38	115	39	119	40	113	41	102	42	112	43	118	44	102	45	106	46	102	47	103	48	112	49	110	
	0	110	1	107	2	111	3	120	4	120	5	104	6	106	7	105	8	108	9	115	10	119	11	107	12	117	13	106	14	109	15	106	16	110	17	119	18	102	19	106	20	110	21	111	22	117	23	115	24	109	25	109	26	107	27	113	28	116	29	120	30	116	31	106	32	120	33	113	34	120	35	114	36	118	37	119	38	117	39	110	40	110	41	118	42	110	43	108	44	101	45	120	46	111	47	116	48	112	49	108	
	0	114	1	103	2	115	3	116	4	103	5	120	6	116	7	103	8	101	9	116	10	110	11	103	12	102	13	108	14	105	15	108	16	106	17	110	18	102	19	113	20	113	21	101	22	100	23	116	24	111	25	119	26	113	27	102	28	107	29	103	30	104	31	105	32	114	33	119	34	104	35	120	36	111	37	101	38	118	39	106	40	116	41	103	42	119	43	116	44	101	45	107	46	120	47	102	48	119	49	103	
	0	100	1	119	2	111	3	112	4	111	5	119	6	109	7	108	8	104	9	100	10	104	11	102	12	107	13	120	14	100	15	108	16	117	17	107	18	105	19	108	20	109	21	116	22	118	23	108	24	120	25	104	26	113	27	105	28	103	29	119	30	103	31	119	32	115	33	119	34	107	35	113	36	109	37	115	38	120	39	116	40	118	41	116	42	107	43	104	44	108	45	100	46	120	47	101	48	117	49	108	
	0	111	1	111	2	116	3	102	4	103	5	108	6	115	7	106	8	100	9	116	10	120	11	114	12	114	13	119	14	106	15	105	16	113	17	116	18	100	19	100	20	107	21	113	22	115	23	106	24	116	25	102	26	118	27	104	28	117	29	104	30	119	31	118	32	115	33	110	34	101	35	117	36	102	37	113	38	104	39	113	40	102	41	112	42	118	43	100	44	116	45	105	46	105	47	113	48	120	49	101	
	0	115	1	107	2	113	3	103	4	100	5	116	6	118	7	108	8	116	9	107	10	117	11	101	12	120	13	104	14	109	15	101	16	112	17	119	18	111	19	120	20	117	21	119	22	109	23	116	24	109	25	114	26	119	27	119	28	120	29	115	30	108	31	116	32	101	33	100	34	119	35	116	36	101	37	113	38	111	39	105	40	101	41	119	42	102	43	107	44	120	45	103	46	101	47	117	48	115	49	106	
	0	110	1	109	2	101	3	111	4	118	5	101	6	113	7	118	8	119	9	119	10	111	11	117	12	112	13	111	14	111	15	116	16	119	17	120	18	101	19	102	20	112	21	104	22	104	23	114	24	112	25	109	26	113	27	112	28	104	29	106	30	114	31	114	32	119	33	103	34	120	35	104	36	107	37	108	38	113	39	119	40	108	41	108	42	111	43	120	44	104	45	115	46	115	47	105	48	109	49	115	
	0	111	1	112	2	117	3	117	4	108	5	112	6	105	7	104	8	103	9	106	10	103	11	103	12	102	13	106	14	107	15	100	16	101	17	116	18	102	19	109	20	102	21	103	22	113	23	105	24	100	25	117	26	105	27	113	28	114	29	108	30	115	31	110	32	118	33	115	34	116	35	115	36	111	37	112	38	117	39	110	40	116	41	115	42	109	43	105	44	102	45	111	46	109	47	104	48	101	49	104	
	0	114	1	114	2	106	3	117	4	104	5	104	6	119	7	104	8	113	9	114	10	105	11	113	12	114	13	104	14	105	15	107	16	115	17	110	18	116	19	104	20	109	21	117	22	108	23	101	24	120	25	116	26	116	27	120	28	119	29	117	30	113	31	113	32	110	33	101	34	113	35	120	36	110	37	104	38	112	39	114	40	117	41	113	42	101	43	118	44	119	45	112	46	103	47	107	48	109	49	112	
	0	110	1	108	2	103	3	109	4	114	5	113	6	119	7	113	8	104	9	118	10	102	11	114	12	103	13	109	14	100	15	118	16	118	17	107	18	108	19	115	20	104	21	112	22	101	23	119	24	120	25	102	26	103	27	108	28	101	29	103	30	119	31	114	32	105	33	107	34	113	35	109	36	100	37	108	38	116	39	111	40	103	41	106	42	114	43	108	44	103	45	108	46	107	47	117	48	115	49	105	
	0	101	1	100	2	109	3	111	4	117	5	111	6	108	7	119	8	109	9	103	10	112	11	116	12	114	13	107	14	118	15	102	16	113	17	108	18	105	19	119	20	116	21	104	22	118	23	108	24	116	25	101	26	109	27	116	28	108	29	106	30	116	31	107	32	108	33	113	34	112	35	101	36	111	37	109	38	105	39	112	40	109	41	120	42	101	43	110	44	119	45	116	46	100	47	111	48	113	49	114	
	0	116	1	119	2	110	3	115	4	105	5	115	6	111	7	105	8	105	9	101	10	116	11	116	12	112	13	118	14	100	15	107	16	106	17	120	18	114	19	113	20	117	21	104	22	107	23	111	24	117	25	101	26	120	27	113	28	114	29	120	30	118	31	106	32	104	33	111	34	100	35	116	36	102	37	106	38	104	39	108	40	104	41	119	42	109	43	118	44	106	45	100	46	106	47	105	48	109	49	117	
	0	106	1	108	2	116	3	102	4	102	5	105	6	114	7	107	8	109	9	113	10	119	11	117	12	107	13	108	14	108	15	103	16	116	17	105	18	111	19	110	20	119	21	117	22	106	23	110	24	105	25	100	26	119	27	105	28	118	29	110	30	107	31	119	32	100	33	116	34	100	35	113	36	104	37	107	38	115	39	115	40	108	41	114	42	117	43	113	44	107	45	114	46	117	47	106	48	106	49	100	
	0	114	1	109	2	120	3	100	4	109	5	119	6	117	7	120	8	113	9	101	10	117	11	106	12	117	13	112	14	104	15	115	16	106	17	100	18	103	19	104	20	114	21	110	22	115	23	119	24	117	25	117	26	115	27	107	28	118	29	120	30	101	31	119	32	109	33	103	34	100	35	109	36	118	37	101	38	112	39	119	40	117	41	118	42	118	43	111	44	118	45	119	46	114	47	102	48	101	49	112	
	0	120	1	104	2	111	3	116	4	120	5	107	6	120	7	106	8	102	9	101	10	103	11	111	12	109	13	104	14	110	15	101	16	103	17	110	18	114	19	107	20	110	21	112	22	112	23	118	24	119	25	101	26	116	27	116	28	108	29	112	30	117	31	105	32	100	33	106	34	109	35	116	36	106	37	105	38	107	39	105	40	120	41	119	42	107	43	114	44	117	45	115	46	107	47	109	48	106	49	118	
	0	101	1	101	2	107	3	118	4	104	5	101	6	108	7	102	8	120	9	104	10	103	11	100	12	109	13	109	14	117	15	115	16	112	17	101	18	110	19	111	20	110	21	102	22	119	23	109	24	120	25	101	26	116	27	102	28	120	29	115	30	104	31	110	32	100	33	101	34	106	35	100	36	113	37	103	38	117	39	118	40	101	41	111	42	108	43	119	44	100	45	107	46	111	47	116	48	113	49	106	
	0	113	1	105	2	105	3	105	4	113	5	100	6	118	7	105	8	115	9	100	10	120	11	108	12	102	13	114	14	113	15	106	16	100	17	119	18	107	19	106	20	106	21	119	22	100	23	104	24	117	25	100	26	114	27	103	28	117	29	117	30	115	31	108	32	114	33	109	34	112	35	109	36	105	37	113	38	118	39	117	40	105	41	109	42	115	43	113	44	114	45	104	46	113	47	118	48	119	49	103	
	0	100	1	104	2	106	3	106	4	101	5	110	6	102	7	116	8	106	9	113	10	115	11	112	12	100	13	113	14	110	15	116	16	112	17	112	18	116	19	108	20	108	21	101	22	118	23	112	24	116	25	103	26	112	27	115	28	118	29	105	30	105	31	106	32	104	33	118	34	113	35	104	36	110	37	115	38	115	39	100	40	101	41	105	42	110	43	106	44	111	45	111	46	111	47	102	48	111	49	105	
	0	111	1	120	2	103	3	102	4	105	5	106	6	103	7	120	8	118	9	112	10	110	11	116	12	105	13	106	14	107	15	115	16	116	17	115	18	117	19	107	20	110	21	109	22	116	23	107	24	104	25	104	26	107	27	108	28	103	29	110	30	118	31	108	32	117	33	116	34	105	35	107	36	114	37	104	38	116	39	111	40	109	41	109	42	114	43	114	44	110	45	115	46	108	47	111	48	120	49	110	
	0	109	1	109	2	107	3	112	4	119	5	120	6	102	7	108	8	117	9	117	10	109	11	118	12	108	13	118	14	114	15	109	16	102	17	119	18	120	19	110	20	113	21	109	22	102	23	103	24	111	25	117	26	109	27	104	28	118	29	118	30	115	31	104	32	112	33	110	34	118	35	118	36	102	37	102	38	102	39	101	40	109	41	118	42	106	43	106	44	120	45	100	46	102	47	104	48	119	49	104	
	0	110	1	109	2	108	3	104	4	101	5	107	6	116	7	113	8	111	9	108	10	102	11	115	12	118	13	109	14	107	15	103	16	105	17	111	18	113	19	113	20	120	21	119	22	108	23	113	24	119	25	118	26	110	27	120	28	119	29	105	30	113	31	106	32	109	33	106	34	105	35	118	36	101	37	110	38	110	39	109	40	107	41	120	42	101	43	100	44	120	45	113	46	103	47	110	48	112	49	103	
	0	106	1	113	2	108	3	103	4	108	5	101	6	115	7	108	8	109	9	117	10	108	11	100	12	104	13	117	14	102	15	104	16	101	17	114	18	101	19	106	20	113	21	111	22	111	23	110	24	102	25	110	26	115	27	116	28	113	29	101	30	115	31	114	32	120	33	101	34	100	35	100	36	111	37	105	38	107	39	105	40	120	41	103	42	112	43	110	44	119	45	100	46	107	47	113	48	104	49	106	
	0	110	1	104	2	100	3	102	4	104	5	107	6	118	7	101	8	108	9	118	10	112	11	113	12	103	13	116	14	109	15	106	16	101	17	103	18	106	19	102	20	103	21	100	22	101	23	102	24	112	25	110	26	112	27	102	28	114	29	118	30	120	31	113	32	110	33	102	34	103	35	112	36	117	37	105	38	120	39	106	40	106	41	103	42	111	43	120	44	118	45	107	46	120	47	108	48	106	49	110	
	0	119	1	119	2	112	3	117	4	109	5	115	6	108	7	109	8	113	9	110	10	108	11	111	12	106	13	116	14	109	15	118	16	105	17	114	18	103	19	102	20	112	21	107	22	102	23	103	24	120	25	112	26	120	27	116	28	120	29	113	30	106	31	119	32	103	33	108	34	112	35	104	36	117	37	116	38	112	39	105	40	107	41	113	42	105	43	110	44	103	45	107	46	117	47	115	48	116	49	105	
	0	106	1	103	2	101	3	108	4	113	5	104	6	103	7	118	8	113	9	118	10	120	11	113	12	101	13	101	14	113	15	108	16	115	17	116	18	111	19	118	20	102	21	101	22	116	23	120	24	108	25	105	26	113	27	115	28	120	29	116	30	106	31	112	32	117	33	119	34	109	35	104	36	113	37	103	38	115	39	119	40	116	41	114	42	104	43	114	44	109	45	110	46	111	47	102	48	109	49	103	
	0	110	1	112	2	104	3	113	4	120	5	118	6	107	7	114	8	113	9	109	10	117	11	108	12	107	13	104	14	110	15	114	16	119	17	119	18	101	19	112	20	106	21	105	22	119	23	105	24	108	25	105	26	114	27	115	28	105	29	117	30	106	31	108	32	102	33	115	34	116	35	103	36	101	37	120	38	119	39	114	40	112	41	107	42	113	43	111	44	100	45	108	46	109	47	107	48	105	49	112	
	0	103	1	120	2	116	3	110	4	117	5	100	6	106	7	119	8	108	9	109	10	118	11	118	12	113	13	112	14	116	15	110	16	110	17	113	18	103	19	115	20	113	21	116	22	113	23	105	24	101	25	118	26	115	27	118	28	104	29	109	30	114	31	111	32	115	33	109	34	111	35	119	36	111	37	101	38	119	39	107	40	112	41	106	42	106	43	116	44	111	45	106	46	113	47	111	48	118	49	110	
	0	107	1	107	2	117	3	109	4	100	5	117	6	109	7	105	8	110	9	120	10	118	11	119	12	113	13	109	14	114	15	110	16	110	17	112	18	112	19	105	20	104	21	120	22	115	23	111	24	113	25	118	26	115	27	115	28	118	29	102	30	117	31	106	32	115	33	102	34	119	35	118	36	103	37	114	38	112	39	103	40	117	41	113	42	114	43	117	44	111	45	116	46	112	47	110	48	107	49	102	
	0	106	1	108	2	109	3	100	4	117	5	118	6	112	7	104	8	110	9	107	10	116	11	110	12	116	13	109	14	109	15	106	16	109	17	111	18	107	19	113	20	118	21	104	22	103	23	106	24	115	25	116	26	104	27	103	28	104	29	108	30	110	31	116	32	104	33	103	34	109	35	120	36	120	37	100	38	114	39	103	40	115	41	106	42	109	43	115	44	104	45	118	46	101	47	119	48	106	49	113	
	0	100	1	103	2	113	3	117	4	116	5	109	6	113	7	101	8	111	9	109	10	106	11	107	12	115	13	119	14	120	15	117	16	112	17	104	18	114	19	103	20	106	21	109	22	120	23	102	24	113	25	107	26	113	27	106	28	107	29	119	30	100	31	111	32	119	33	118	34	103	35	101	36	108	37	104	38	103	39	105	40	115	41	103	42	113	43	114	44	111	45	116	46	116	47	112	48	103	49	108	
	0	108	1	107	2	101	3	117	4	110	5	104	6	119	7	101	8	112	9	119	10	103	11	103	12	101	13	101	14	118	15	116	16	119	17	117	18	109	19	105	20	108	21	101	22	116	23	117	24	117	25	102	26	113	27	112	28	110	29	106	30	105	31	108	32	102	33	115	34	119	35	107	36	100	37	117	38	120	39	101	40	112	41	120	42	120	43	101	44	107	45	111	46	120	47	102	48	115	49	120	
	0	109	1	106	2	106	3	108	4	117	5	104	6	111	7	110	8	116	9	107	10	100	11	107	12	109	13	103	14	115	15	111	16	112	17	108	18	107	19	114	20	108	21	109	22	106	23	115	24	105	25	112	26	111	27	111	28	118	29	105	30	120	31	115	32	105	33	113	34	101	35	113	36	103	37	113	38	104	39	100	40	117	41	100	42	116	43	106	44	111	45	119	46	114	47	101	48	115	49	102	
	0	109	1	110	2	102	3	103	4	107	5	120	6	112	7	115	8	116	9	120	10	112	11	117	12	108	13	105	14	102	15	106	16	112	17	101	18	115	19	104	20	105	21	100	22	115	23	105	24	107	25	114	26	104	27	103	28	116	29	102	30	115	31	119	32	116	33	116	34	105	35	120	36	113	37	109	38	117	39	119	40	104	41	114	42	115	43	105	44	116	45	118	46	111	47	112	48	108	49	111	
	0	120	1	109	2	115	3	118	4	106	5	111	6	119	7	109	8	116	9	113	10	110	11	106	12	109	13	103	14	105	15	119	16	120	17	109	18	102	19	111	20	111	21	104	22	100	23	114	24	115	25	104	26	113	27	109	28	110	29	103	30	110	31	120	32	117	33	102	34	109	35	111	36	109	37	104	38	119	39	118	40	100	41	103	42	120	43	116	44	119	45	110	46	112	47	111	48	112	49	106	
	0	109	1	120	2	119	3	118	4	103	5	100	6	117	7	100	8	112	9	107	10	100	11	104	12	111	13	114	14	116	15	100	16	112	17	115	18	107	19	117	20	101	21	106	22	120	23	111	24	109	25	101	26	110	27	118	28	116	29	120	30	102	31	119	32	100	33	108	34	105	35	104	36	105	37	101	38	106	39	112	40	119	41	117	42	109	43	105	44	101	45	114	46	118	47	120	48	112	49	119	
	0	105	1	114	2	108	3	107	4	111	5	119	6	108	7	100	8	113	9	100	10	120	11	116	12	102	13	111	14	118	15	115	16	111	17	111	18	100	19	102	20	114	21	112	22	118	23	113	24	114	25	101	26	118	27	116	28	100	29	104	30	108	31	115	32	113	33	118	34	111	35	119	36	112	37	106	38	113	39	101	40	102	41	112	42	120	43	111	44	101	45	116	46	103	47	116	48	107	49	105	
	0	116	1	115	2	117	3	120	4	102	5	102	6	102	7	113	8	104	9	112	10	107	11	101	12	102	13	114	14	117	15	113	16	101	17	110	18	107	19	111	20	101	21	113	22	118	23	104	24	115	25	119	26	111	27	119	28	112	29	111	30	118	31	103	32	120	33	111	34	103	35	120	36	111	37	114	38	120	39	120	40	111	41	118	42	111	43	113	44	106	45	101	46	111	47	109	48	104	49	103	
	0	115	1	113	2	115	3	116	4	109	5	107	6	114	7	120	8	101	9	108	10	115	11	109	12	119	13	113	14	103	15	107	16	100	17	119	18	112	19	100	20	118	21	106	22	107	23	115	24	112	25	112	26	116	27	112	28	115	29	119	30	117	31	112	32	116	33	112	34	118	35	100	36	115	37	120	38	116	39	115	40	116	41	117	42	105	43	116	44	107	45	106	46	105	47	110	48	112	49	117	
	0	101	1	116	2	110	3	115	4	113	5	106	6	115	7	111	8	102	9	105	10	100	11	106	12	113	13	120	14	114	15	115	16	107	17	120	18	114	19	107	20	109	21	114	22	102	23	120	24	118	25	116	26	105	27	109	28	101	29	112	30	105	31	112	32	110	33	102	34	116	35	113	36	101	37	107	38	118	39	120	40	115	41	115	42	113	43	113	44	116	45	105	46	110	47	100	48	101	49	100	
	0	103	1	109	2	100	3	108	4	110	5	113	6	114	7	117	8	111	9	105	10	105	11	115	12	102	13	102	14	101	15	108	16	113	17	109	18	110	19	113	20	110	21	118	22	101	23	103	24	101	25	117	26	101	27	104	28	107	29	110	30	118	31	102	32	118	33	115	34	103	35	117	36	106	37	100	38	108	39	105	40	114	41	113	42	104	43	113	44	117	45	118	46	108	47	119	48	120	49	120	
	0	106	1	100	2	113	3	106	4	120	5	109	6	104	7	108	8	113	9	118	10	100	11	115	12	102	13	102	14	103	15	116	16	115	17	109	18	104	19	112	20	106	21	100	22	111	23	115	24	105	25	115	26	100	27	104	28	120	29	105	30	101	31	109	32	102	33	117	34	111	35	103	36	118	37	100	38	114	39	114	40	101	41	105	42	118	43	103	44	102	45	111	46	114	47	111	48	103	49	116	
	0	116	1	119	2	115	3	120	4	104	5	101	6	116	7	107	8	117	9	115	10	101	11	112	12	101	13	106	14	104	15	106	16	102	17	119	18	105	19	113	20	117	21	103	22	107	23	120	24	116	25	105	26	120	27	108	28	101	29	107	30	117	31	104	32	113	33	106	34	117	35	100	36	102	37	105	38	103	39	120	40	114	41	120	42	113	43	116	44	119	45	100	46	113	47	111	48	100	49	103	
	0	118	1	112	2	104	3	120	4	107	5	117	6	113	7	113	8	114	9	108	10	109	11	116	12	100	13	120	14	115	15	108	16	101	17	104	18	101	19	109	20	114	21	111	22	105	23	119	24	106	25	107	26	117	27	112	28	108	29	110	30	101	31	104	32	114	33	106	34	114	35	115	36	105	37	102	38	117	39	111	40	109	41	110	42	119	43	111	44	102	45	103	46	120	47	105	48	115	49	101	
	0	105	1	101	2	111	3	116	4	105	5	119	6	110	7	116	8	105	9	110	10	120	11	107	12	117	13	104	14	119	15	108	16	102	17	115	18	104	19	113	20	104	21	120	22	114	23	114	24	108	25	112	26	119	27	110	28	107	29	113	30	106	31	111	32	117	33	104	34	106	35	110	36	100	37	107	38	112	39	102	40	108	41	108	42	111	43	116	44	111	45	104	46	114	47	113	48	109	49	109	
	0	120	1	105	2	104	3	108	4	104	5	112	6	102	7	110	8	101	9	112	10	111	11	118	12	120	13	118	14	103	15	114	16	103	17	107	18	113	19	118	20	114	21	104	22	111	23	108	24	113	25	103	26	111	27	110	28	102	29	108	30	112	31	120	32	105	33	113	34	118	35	111	36	101	37	118	38	117	39	116	40	104	41	106	42	104	43	103	44	104	45	119	46	111	47	101	48	114	49	102	
	0	115	1	115	2	105	3	111	4	118	5	118	6	100	7	116	8	116	9	120	10	105	11	113	12	111	13	112	14	106	15	115	16	110	17	107	18	116	19	117	20	102	21	109	22	116	23	107	24	105	25	106	26	110	27	110	28	117	29	104	30	101	31	116	32	110	33	113	34	120	35	108	36	119	37	103	38	106	39	102	40	103	41	111	42	101	43	107	44	108	45	108	46	112	47	117	48	105	49	112	
	0	118	1	117	2	115	3	110	4	108	5	107	6	100	7	102	8	100	9	109	10	113	11	111	12	120	13	100	14	120	15	106	16	117	17	117	18	114	19	109	20	104	21	104	22	103	23	110	24	106	25	105	26	113	27	118	28	102	29	117	30	115	31	103	32	102	33	114	34	108	35	101	36	113	37	117	38	106	39	104	40	101	41	110	42	119	43	108	44	109	45	106	46	102	47	104	48	100	49	117	
	0	112	1	120	2	119	3	104	4	112	5	116	6	102	7	103	8	106	9	106	10	115	11	120	12	117	13	102	14	115	15	114	16	114	17	114	18	111	19	103	20	113	21	107	22	109	23	103	24	106	25	101	26	115	27	109	28	104	29	109	30	104	31	109	32	109	33	100	34	101	35	107	36	102	37	113	38	120	39	113	40	117	41	106	42	112	43	109	44	108	45	112	46	107	47	110	48	106	49	118	
	0	115	1	118	2	118	3	108	4	110	5	109	6	112	7	118	8	120	9	101	10	103	11	111	12	119	13	113	14	105	15	109	16	117	17	105	18	116	19	112	20	108	21	103	22	115	23	107	24	102	25	102	26	117	27	104	28	120	29	105	30	104	31	106	32	119	33	117	34	115	35	108	36	107	37	111	38	116	39	103	40	100	41	120	42	110	43	120	44	101	45	120	46	116	47	110	48	118	49	104	
	0	117	1	100	2	110	3	115	4	114	5	110	6	113	7	114	8	105	9	120	10	109	11	105	12	103	13	103	14	102	15	111	16	116	17	111	18	114	19	116	20	101	21	119	22	106	23	114	24	100	25	104	26	119	27	108	28	112	29	107	30	108	31	105	32	115	33	116	34	120	35	101	36	110	37	102	38	119	39	112	40	111	41	114	42	108	43	101	44	101	45	104	46	112	47	108	48	119	49	113	
	0	119	1	102	2	104	3	111	4	106	5	120	6	101	7	105	8	101	9	105	10	108	11	120	12	108	13	107	14	118	15	101	16	120	17	110	18	109	19	107	20	116	21	114	22	101	23	100	24	113	25	114	26	105	27	113	28	120	29	101	30	118	31	113	32	119	33	108	34	112	35	105	36	111	37	113	38	106	39	114	40	102	41	120	42	100	43	120	44	120	45	114	46	110	47	104	48	103	49	111	
	0	116	1	109	2	118	3	120	4	105	5	108	6	107	7	103	8	112	9	110	10	106	11	102	12	115	13	109	14	120	15	102	16	100	17	115	18	112	19	120	20	116	21	118	22	105	23	107	24	102	25	104	26	112	27	105	28	107	29	101	30	101	31	101	32	117	33	116	34	118	35	102	36	110	37	106	38	110	39	104	40	119	41	120	42	113	43	113	44	103	45	104	46	113	47	108	48	106	49	103	
	0	119	1	118	2	117	3	118	4	107	5	101	6	108	7	103	8	108	9	106	10	107	11	102	12	107	13	113	14	118	15	100	16	115	17	103	18	107	19	113	20	114	21	114	22	114	23	105	24	117	25	104	26	120	27	105	28	111	29	104	30	113	31	110	32	116	33	102	34	109	35	108	36	104	37	100	38	112	39	103	40	100	41	103	42	104	43	100	44	109	45	107	46	107	47	115	48	100	49	105	
	0	113	1	118	2	108	3	103	4	106	5	102	6	108	7	108	8	101	9	108	10	116	11	114	12	118	13	110	14	102	15	105	16	114	17	118	18	109	19	100	20	117	21	106	22	117	23	102	24	111	25	100	26	115	27	106	28	100	29	120	30	100	31	120	32	115	33	112	34	107	35	119	36	111	37	107	38	115	39	101	40	101	41	113	42	101	43	117	44	113	45	117	46	106	47	104	48	111	49	119	