100 50 1
50
	0	116	1	100	2	107	3	107	4	108	5	118	6	101	7	108	8	101	9	115	10	114	11	101	12	120	13	120	14	117	15	103	16	110	17	104	18	105	19	120	20	104	21	109	22	109	23	100	24	101	25	108	26	114	27	120	28	102	29	109	30	106	31	103	32	109	33	118	34	115	35	115	36	102	37	100	38	106	39	108	40	108	41	110	42	100	43	102	44	102	45	108	46	110	47	109	48	101	49	109	
	0	101	1	112	2	104	3	120	4	101	5	105	6	108	7	109	8	106	9	115	10	120	11	101	12	110	13	106	14	120	15	114	16	106	17	106	18	117	19	100	20	104	21	110	22	106	23	110	24	117	25	104	26	110	27	116	28	108	29	115	30	113	31	109	32	105	33	112	34	105	35	104	36	102	37	116	38	104	39	101	40	109	41	120	42	120	43	107	44	110	45	119	46	100	47	110	48	100	49	106	
	0	117	1	118	2	115	3	103	4	109	5	110	6	118	7	110	8	107	9	100	10	117	11	115	12	101	13	118	14	116	15	110	16	109	17	114	18	112	19	107	20	112	21	117	22	114	23	107	24	105	25	112	26	100	27	105	28	103	29	108	30	118	31	103	32	116	33	119	34	108	35	102	36	115	37	107	38	105	39	120	40	102	41	116	42	120	43	100	44	104	45	113	46	108	47	101	48	120	49	100	
	0	104	1	120	2	113	3	113	4	108	5	111	6	107	7	113	8	106	9	120	10	106	11	111	12	114	13	108	14	114	15	119	16	119	17	114	18	112	19	109	20	101	21	112	22	100	23	119	24	103	25	113	26	111	27	110	28	104	29	114	30	102	31	116	32	110	33	111	34	120	35	119	36	114	37	103	38	100	39	100	40	101	41	113	42	113	43	103	44	108	45	113	46	120	47	120	48	113	49	105	
	0	106	1	118	2	110	3	110	4	112	5	114	6	105	7	110	8	114	9	116	10	120	11	119	12	107	13	103	14	120	15	104	16	115	17	114	18	114	19	102	20	105	21	104	22	100	23	112	24	100	25	100	26	120	27	113	28	112	29	107	30	112	31	101	32	100	33	100	34	118	35	110	36	102	37	107	38	114	39	118	40	118	41	109	42	115	43	112	44	118	45	102	46	100	47	114	48	108	49	106	
	0	111	1	107	2	101	3	110	4	112	5	118	6	112	7	102	8	110	9	117	10	119	11	101	12	111	13	104	14	120	15	111	16	117	17	108	18	106	19	108	20	103	21	116	22	102	23	118	24	104	25	107	26	116	27	116	28	102	29	106	30	116	31	114	32	110	33	100	34	109	35	117	36	113	37	111	38	118	39	104	40	103	41	108	42	104	43	118	44	119	45	106	46	107	47	109	48	102	49	105	
	0	104	1	115	2	104	3	119	4	117	5	103	6	115	7	106	8	102	9	103	10	115	11	115	12	114	13	100	14	106	15	109	16	102	17	120	18	104	19	113	20	116	21	106	22	106	23	117	24	115	25	111	26	117	27	110	28	103	29	110	30	111	31	110	32	115	33	113	34	106	35	111	36	110	37	120	38	104	39	107	40	107	41	111	42	119	43	102	44	111	45	110	46	109	47	119	48	115	49	114	
	0	114	1	120	2	100	3	101	4	109	5	111	6	120	7	110	8	116	9	114	10	106	11	117	12	109	13	108	14	106	15	108	16	106	17	117	18	118	19	103	20	116	21	115	22	114	23	109	24	112	25	102	26	117	27	108	28	116	29	117	30	102	31	115	32	110	33	108	34	110	35	114	36	114	37	113	38	108	39	116	40	105	41	116	42	116	43	111	44	114	45	120	46	111	47	100	48	114	49	110	
	0	109	1	116	2	116	3	112	4	106	5	110	6	115	7	120	8	105	9	106	10	100	11	100	12	115	13	108	14	116	15	106	16	111	17	107	18	101	19	103	20	113	21	103	22	120	23	110	24	120	25	105	26	111	27	119	28	109	29	100	30	116	31	117	32	101	33	107	34	102	35	106	36	106	37	113	38	107	39	118	40	100	41	104	42	108	43	103	44	100	45	106	46	108	47	118	48	120	49	120	
	0	112	1	105	2	110	3	113	4	112	5	118	6	102	7	106	8	108	9	106	10	117	11	117	12	110	13	107	14	111	15	106	16	111	17	115	18	107	19	104	20	120	21	107	22	117	23	109	24	106	25	104	26	117	27	117	28	114	29	112	30	110	31	118	32	106	33	104	34	110	35	117	36	109	37	107	38	108	39	114	40	104	41	101	42	114	43	113	44	111	45	102	46	116	47	118	48	118	49	114	
	0	108	1	118	2	104	3	105	4	101	5	105	6	102	7	101	8	103	9	105	10	106	11	113	12	108	13	101	14	119	15	102	16	115	17	105	18	107	19	100	20	105	21	105	22	104	23	117	24	102	25	113	26	101	27	118	28	102	29	105	30	113	31	106	32	105	33	105	34	120	35	100	36	119	37	111	38	104	39	110	40	115	41	104	42	101	43	102	44	119	45	114	46	102	47	115	48	117	49	114	
	0	108	1	105	2	112	3	113	4	120	5	119	6	114	7	110	8	101	9	110	10	105	11	113	12	102	13	118	14	106	15	106	16	110	17	112	18	118	19	112	20	116	21	112	22	111	23	117	24	117	25	120	26	103	27	105	28	105	29	107	30	114	31	114	32	107	33	100	34	104	35	106	36	116	37	118	38	117	39	108	40	105	41	119	42	113	43	105	44	111	45	116	46	107	47	102	48	103	49	120	
	0	108	1	115	2	104	3	105	4	100	5	115	6	118	7	113	8	101	9	106	10	103	11	103	12	120	13	107	14	101	15	106	16	109	17	105	18	115	19	105	20	111	21	110	22	100	23	109	24	102	25	117	26	118	27	114	28	116	29	115	30	102	31	104	32	120	33	110	34	101	35	107	36	109	37	120	38	110	39	103	40	100	41	115	42	106	43	110	44	105	45	107	46	103	47	115	48	115	49	102	
	0	103	1	111	2	106	3	107	4	118	5	102	6	110	7	102	8	104	9	118	10	119	11	105	12	108	13	114	14	118	15	106	16	119	17	110	18	107	19	103	20	119	21	108	22	105	23	119	24	107	25	105	26	117	27	105	28	102	29	119	30	113	31	110	32	112	33	103	34	111	35	120	36	105	37	106	38	113	39	106	40	112	41	117	42	104	43	109	44	106	45	116	46	115	47	117	48	105	49	117	
	0	104	1	118	2	118	3	105	4	103	5	107	6	102	7	105	8	100	9	119	10	107	11	108	12	111	13	107	14	109	15	113	16	116	17	103	18	113	19	102	20	104	21	109	22	119	23	107	24	114	25	118	26	103	27	105	28	119	29	119	30	104	31	116	32	116	33	108	34	101	35	101	36	107	37	114	38	115	39	118	40	105	41	112	42	117	43	103	44	101	45	107	46	108	47	101	48	103	49	114	
	0	109	1	107	2	104	3	117	4	102	5	114	6	118	7	105	8	110	9	115	10	100	11	102	12	101	13	100	14	120	15	112	16	113	17	115	18	119	19	118	20	115	21	107	22	105	23	118	24	108	25	116	26	104	27	111	28	100	29	110	30	100	31	115	32	109	33	109	34	115	35	117	36	100	37	100	38	120	39	103	40	110	41	117	42	101	43	111	44	117	45	118	46	109	47	117	48	110	49	120	
	0	115	1	109	2	106	3	103	4	106	5	110	6	112	7	102	8	108	9	107	10	114	11	106	12	105	13	108	14	108	15	110	16	108	17	115	18	120	19	118	20	118	21	119	22	108	23	103	24	106	25	106	26	105	27	107	28	115	29	115	30	117	31	117	32	106	33	106	34	113	35	119	36	100	37	120	38	118	39	108	40	116	41	109	42	104	43	119	44	105	45	106	46	101	47	112	48	116	49	115	
	0	101	1	107	2	114	3	115	4	112	5	103	6	118	7	116	8	115	9	103	10	112	11	107	12	120	13	114	14	100	15	100	16	112	17	104	18	108	19	118	20	109	21	113	22	112	23	102	24	109	25	101	26	110	27	111	28	105	29	115	30	107	31	109	32	100	33	107	34	115	35	116	36	103	37	105	38	110	39	101	40	114	41	103	42	115	43	102	44	106	45	109	46	106	47	111	48	107	49	107	
	0	106	1	100	2	106	3	106	4	105	5	109	6	115	7	101	8	102	9	108	10	105	11	112	12	113	13	117	14	111	15	116	16	105	17	108	18	102	19	110	20	108	21	112	22	102	23	100	24	104	25	103	26	106	27	107	28	100	29	120	30	112	31	103	32	101	33	117	34	110	35	118	36	117	37	108	38	106	39	102	40	109	41	101	42	114	43	107	44	107	45	105	46	111	47	106	48	101	49	100	
	0	112	1	114	2	117	3	110	4	112	5	109	6	116	7	100	8	114	9	112	10	114	11	117	12	114	13	102	14	103	15	117	16	100	17	108	18	108	19	101	20	104	21	102	22	103	23	119	24	104	25	118	26	104	27	104	28	116	29	108	30	108	31	107	32	110	33	101	34	103	35	101	36	106	37	104	38	108	39	115	40	110	41	119	42	116	43	104	44	115	45	106	46	112	47	105	48	118	49	114	
	0	103	1	101	2	101	3	118	4	119	5	104	6	101	7	106	8	117	9	110	10	108	11	113	12	113	13	105	14	118	15	111	16	117	17	116	18	110	19	114	20	118	21	103	22	112	23	100	24	112	25	119	26	102	27	103	28	104	29	120	30	111	31	118	32	103	33	113	34	103	35	111	36	104	37	101	38	107	39	103	40	105	41	113	42	119	43	115	44	115	45	117	46	104	47	120	48	112	49	107	
	0	103	1	108	2	113	3	108	4	102	5	113	6	114	7	100	8	104	9	113	10	102	11	107	12	103	13	102	14	101	15	115	16	108	17	109	18	113	19	101	20	113	21	101	22	114	23	118	24	118	25	117	26	106	27	113	28	112	29	113	30	108	31	100	32	111	33	104	34	110	35	107	36	109	37	114	38	111	39	104	40	117	41	117	42	116	43	109	44	101	45	108	46	112	47	103	48	104	49	114	
	0	118	1	103	2	107	3	103	4	109	5	107	6	101	7	115	8	108	9	119	10	114	11	114	12	112	13	109	14	111	15	109	16	106	17	116	18	116	19	103	20	118	21	109	22	105	23	105	24	111	25	103	26	112	27	106	28	103	29	116	30	115	31	114	32	114	33	110	34	117	35	103	36	102	37	116	38	112	39	106	40	114	41	116	42	113	43	105	44	106	45	100	46	109	47	117	48	102	49	116	
	0	116	1	114	2	110	3	110	4	100	5	112	6	118	7	115	8	120	9	111	10	120	11	115	12	101	13	114	14	109	15	118	16	115	17	105	18	103	19	111	20	109	21	105	22	114	23	114	24	118	25	108	26	109	27	105	28	119	29	101	30	100	31	105	32	100	33	106	34	117	35	101	36	106	37	117	38	114	39	105	40	104	41	109	42	111	43	109	44	101	45	111	46	105	47	117	48	102	49	106	
	0	118	1	112	2	112	3	108	4	100	5	115	6	109	7	111	8	114	9	101	10	110	11	102	12	100	13	117	14	119	15	110	16	105	17	110	18	117	19	110	20	100	21	108	22	112	23	118	24	104	25	106	26	101	27	111	28	111	29	101	30	111	31	116	32	119	33	114	34	106	35	110	36	108	37	111	38	108	39	109	40	108	41	103	42	101	43	115	44	117	45	110	46	104	47	118	48	119	49	118	
	0	113	1	119	2	107	3	101	4	104	5	100	6	110	7	107	8	102	9	118	10	103	11	111	12	115	13	109	14	117	15	112	16	114	17	117	18	107	19	114	20	107	21	109	22	106	23	113	24	115	25	108	26	105	27	117	28	110	29	116	30	115	31	100	32	103	33	100	34	119	35	117	36	100	37	105	38	116	39	105	40	118	41	115	42	112	43	101	44	103	45	109	46	107	47	118	48	118	49	113	
	0	105	1	106	2	101	3	105	4	103	5	100	6	117	7	101	8	102	9	102	10	105	11	112	12	102	13	117	14	103	15	116	16	110	17	115	18	107	19	116	20	116	21	118	22	114	23	119	24	113	25	101	26	104	27	108	28	108	29	114	30	106	31	104	32	119	33	104	34	100	35	114	36	103	37	105	38	106	39	113	40	105	41	105	42	103	43	120	44	116	45	111	46	118	47	117	48	115	49	108	
	0	109	1	109	2	108	3	102	4	111	5	106	6	120	7	106	8	109	9	119	10	115	11	103	12	101	13	113	14	109	15	107	16	111	17	106	18	100	19	107	20	110	21	100	22	106	23	103	24	107	25	118	26	114	27	111	28	103	29	104	30	112	31	103	32	114	33	107	34	113	35	105	36	100	37	108	38	110	39	109	40	101	41	115	42	101	43	110	44	100	45	102	46	108	47	117	48	116	49	100	
	0	117	1	101	2	120	3	109	4	114	5	100	6	101	7	115	8	111	9	102	10	100	11	105	12	105	13	119	14	100	15	119	16	106	17	105	18	106	19	112	20	103	21	106	22	116	23	105	24	100	25	120	26	116	27	107	28	117	29	120	30	100	31	116	32	100	33	102	34	103	35	104	36	117	37	111	38	102	39	113	40	110	41	100	42	104	43	114	44	114	45	106	46	110	47	100	48	117	49	114	
	0	112	1	108	2	103	3	106	4	119	5	102	6	101	7	100	8	108	9	112	10	116	11	109	12	105	13	108	14	113	15	117	16	112	17	101	18	110	19	105	20	108	21	113	22	101	23	116	24	111	25	106	26	113	27	108	28	114	29	112	30	104	31	105	32	101	33	104	34	116	35	119	36	110	37	108	38	105	39	106	40	104	41	112	42	119	43	109	44	100	45	108	46	118	47	120	48	109	49	101	
	0	107	1	114	2	100	3	106	4	101	5	114	6	110	7	105	8	102	9	120	10	100	11	106	12	107	13	120	14	118	15	107	16	102	17	104	18	106	19	108	20	108	21	104	22	108	23	120	24	100	25	113	26	116	27	109	28	115	29	119	30	110	31	117	32	106	33	114	34	115	35	119	36	113	37	103	38	105	39	100	40	111	41	107	42	110	43	113	44	120	45	117	46	107	47	119	48	120	49	108	
	0	108	1	114	2	111	3	100	4	105	5	105	6	112	7	105	8	106	9	114	10	114	11	107	12	117	13	109	14	118	15	119	16	104	17	112	18	115	19	106	20	111	21	108	22	119	23	101	24	119	25	118	26	102	27	106	28	102	29	100	30	111	31	116	32	109	33	120	34	115	35	113	36	106	37	105	38	114	39	103	40	116	41	113	42	113	43	105	44	114	45	102	46	110	47	112	48	100	49	117	
	0	118	1	110	2	107	3	109	4	115	5	119	6	110	7	104	8	115	9	113	10	114	11	112	12	112	13	117	14	110	15	103	16	113	17	108	18	107	19	103	20	106	21	117	22	118	23	118	24	105	25	104	26	103	27	106	28	109	29	107	30	114	31	103	32	107	33	114	34	117	35	115	36	120	37	107	38	109	39	100	40	110	41	113	42	116	43	111	44	110	45	100	46	119	47	105	48	113	49	100	
	0	120	1	100	2	115	3	108	4	101	5	102	6	111	7	101	8	101	9	114	10	100	11	120	12	116	13	109	14	107	15	111	16	100	17	120	18	108	19	106	20	106	21	112	22	101	23	103	24	102	25	115	26	105	27	116	28	114	29	107	30	114	31	107	32	104	33	108	34	115	35	114	36	116	37	111	38	106	39	102	40	114	41	105	42	112	43	119	44	117	45	116	46	107	47	114	48	111	49	116	
	0	108	1	117	2	115	3	106	4	114	5	100	6	113	7	109	8	108	9	114	10	101	11	105	12	107	13	118	14	102	15	103	16	107	17	117	18	102	19	113	20	119	21	100	22	108	23	112	24	103	25	118	26	101	27	104	28	114	29	115	30	108	31	115	32	117	33	118	34	100	35	111	36	111	37	112	38	108	39	118	40	104	41	117	42	119	43	107	44	102	45	113	46	111	47	111	48	103	49	111	
	0	110	1	109	2	119	3	108	4	114	5	101	6	106	7	103	8	106	9	100	10	114	11	100	12	113	13	117	14	104	15	115	16	101	17	120	18	106	19	118	20	101	21	103	22	118	23	106	24	104	25	111	26	116	27	115	28	103	29	102	30	103	31	106	32	100	33	112	34	114	35	103	36	105	37	119	38	100	39	100	40	108	41	104	42	105	43	117	44	120	45	101	46	120	47	117	48	101	49	120	
	0	120	1	120	2	117	3	120	4	114	5	115	6	106	7	115	8	101	9	110	10	114	11	120	12	120	13	107	14	100	15	114	16	117	17	105	18	110	19	109	20	120	21	120	22	111	23	104	24	115	25	105	26	106	27	116	28	114	29	105	30	104	31	111	32	103	33	115	34	103	35	111	36	106	37	109	38	116	39	114	40	112	41	110	42	114	43	116	44	114	45	111	46	112	47	113	48	118	49	117	
	0	116	1	102	2	100	3	110	4	120	5	107	6	106	7	109	8	109	9	116	10	101	11	103	12	107	13	109	14	112	15	106	16	111	17	114	18	107	19	112	20	111	21	111	22	109	23	112	24	110	25	118	26	101	27	117	28	107	29	100	30	115	31	111	32	101	33	113	34	103	35	113	36	104	37	119	38	103	39	105	40	118	41	110	42	103	43	100	44	104	45	101	46	107	47	105	48	107	49	112	
	0	101	1	104	2	112	3	109	4	105	5	103	6	110	7	107	8	104	9	116	10	115	11	116	12	114	13	101	14	117	15	117	16	100	17	106	18	119	19	113	20	108	21	103	22	113	23	108	24	106	25	103	26	109	27	104	28	103	29	102	30	118	31	102	32	102	33	106	34	108	35	102	36	109	37	114	38	108	39	113	40	103	41	102	42	120	43	118	44	109	45	113	46	108	47	111	48	114	49	114	
	0	110	1	107	2	102	3	101	4	114	5	104	6	115	7	100	8	107	9	106	10	105	11	119	12	115	13	106	14	116	15	120	16	115	17	117	18	109	19	119	20	113	21	110	22	107	23	117	24	103	25	109	26	115	27	100	28	116	29	119	30	109	31	102	32	114	33	112	34	113	35	103	36	113	37	119	38	101	39	110	40	115	41	110	42	120	43	114	44	101	45	110	46	102	47	107	48	108	49	114	
	0	111	1	115	2	101	3	105	4	114	5	112	6	108	7	111	8	100	9	104	10	112	11	120	12	105	13	115	14	103	15	116	16	120	17	106	18	114	19	119	20	100	21	110	22	115	23	114	24	118	25	107	26	110	27	120	28	111	29	104	30	105	31	110	32	102	33	112	34	115	35	111	36	115	37	116	38	101	39	101	40	102	41	119	42	102	43	112	44	104	45	115	46	100	47	105	48	105	49	120	
	0	118	1	116	2	100	3	119	4	118	5	120	6	103	7	108	8	112	9	106	10	116	11	119	12	114	13	106	14	113	15	110	16	109	17	108	18	113	19	105	20	115	21	111	22	116	23	104	24	109	25	120	26	116	27	101	28	100	29	110	30	103	31	108	32	107	33	116	34	109	35	101	36	103	37	102	38	106	39	106	40	120	41	119	42	103	43	107	44	116	45	102	46	108	47	109	48	102	49	115	
	0	118	1	101	2	110	3	106	4	108	5	110	6	105	7	105	8	104	9	110	10	104	11	110	12	113	13	108	14	120	15	100	16	119	17	102	18	104	19	115	20	119	21	115	22	110	23	103	24	102	25	112	26	100	27	115	28	111	29	109	30	115	31	102	32	108	33	118	34	102	35	111	36	117	37	116	38	111	39	101	40	112	41	100	42	103	43	120	44	106	45	117	46	108	47	102	48	106	49	100	
	0	116	1	102	2	109	3	119	4	114	5	104	6	111	7	104	8	102	9	100	10	102	11	105	12	114	13	100	14	115	15	111	16	106	17	113	18	112	19	111	20	111	21	108	22	104	23	114	24	114	25	119	26	104	27	112	28	119	29	111	30	106	31	103	32	118	33	119	34	101	35	107	36	105	37	110	38	119	39	102	40	119	41	100	42	106	43	113	44	101	45	106	46	108	47	108	48	109	49	108	
	0	117	1	116	2	120	3	107	4	120	5	111	6	116	7	120	8	106	9	100	10	113	11	118	12	107	13	101	14	113	15	107	16	111	17	103	18	103	19	101	20	114	21	118	22	105	23	105	24	115	25	109	26	115	27	110	28	108	29	104	30	112	31	111	32	116	33	107	34	112	35	107	36	120	37	100	38	118	39	119	40	104	41	117	42	103	43	113	44	118	45	102	46	106	47	115	48	120	49	108	
	0	113	1	114	2	101	3	119	4	104	5	110	6	117	7	112	8	117	9	117	10	117	11	107	12	119	13	120	14	110	15	100	16	107	17	102	18	115	19	101	20	107	21	110	22	114	23	102	24	114	25	117	26	119	27	107	28	120	29	114	30	112	31	120	32	106	33	118	34	107	35	114	36	116	37	117	38	110	39	101	40	103	41	120	42	119	43	105	44	108	45	108	46	110	47	105	48	102	49	120	
	0	112	1	108	2	104	3	116	4	106	5	109	6	111	7	106	8	118	9	118	10	110	11	118	12	103	13	114	14	119	15	111	16	102	17	119	18	103	19	116	20	119	21	116	22	101	23	102	24	119	25	100	26	103	27	106	28	114	29	119	30	102	31	110	32	105	33	108	34	106	35	108	36	106	37	111	38	111	39	116	40	113	41	116	42	106	43	107	44	115	45	105	46	107	47	110	48	101	49	108	
	0	113	1	102	2	115	3	106	4	113	5	119	6	120	7	118	8	104	9	102	10	100	11	109	12	105	13	118	14	112	15	110	16	105	17	102	18	120	19	106	20	103	21	108	22	109	23	114	24	115	25	119	26	109	27	111	28	115	29	119	30	111	31	103	32	112	33	118	34	117	35	119	36	112	37	114	38	118	39	100	40	103	41	113	42	105	43	109	44	105	45	111	46	101	47	112	48	105	49	104	
	0	118	1	114	2	120	3	104	4	102	5	101	6	114	7	117	8	113	9	108	10	111	11	100	12	105	13	116	14	116	15	118	16	114	17	120	18	119	19	117	20	108	21	102	22	116	23	110	24	103	25	112	26	114	27	117	28	114	29	104	30	119	31	112	32	101	33	119	34	115	35	108	36	100	37	111	38	116	39	108	40	105	41	105	42	115	43	111	44	114	45	106	46	111	47	118	48	118	49	115	
	0	100	1	119	2	112	3	109	4	103	5	106	6	118	7	114	8	102	9	112	10	102	11	117	12	100	13	111	14	113	15	119	16	112	17	100	18	120	19	109	20	106	21	100	22	112	23	115	24	119	25	107	26	116	27	105	28	115	29	108	30	120	31	100	32	113	33	103	34	100	35	106	36	108	37	113	38	101	39	120	40	102	41	103	42	113	43	114	44	101	45	101	46	112	47	106	48	110	49	107	
	0	103	1	107	2	113	3	102	4	117	5	101	6	102	7	103	8	120	9	112	10	107	11	106	12	113	13	108	14	111	15	110	16	114	17	109	18	102	19	109	20	108	21	108	22	109	23	109	24	111	25	105	26	104	27	101	28	102	29	120	30	100	31	101	32	112	33	100	34	103	35	104	36	115	37	112	38	119	39	117	40	106	41	115	42	116	43	100	44	117	45	107	46	115	47	107	48	111	49	104	
	0	101	1	103	2	109	3	118	4	109	5	116	6	114	7	109	8	105	9	118	10	114	11	119	12	117	13	113	14	103	15	104	16	100	17	110	18	100	19	111	20	106	21	101	22	107	23	100	24	109	25	108	26	101	27	117	28	119	29	119	30	113	31	101	32	103	33	120	34	116	35	117	36	119	37	112	38	103	39	119	40	109	41	100	42	102	43	114	44	113	45	110	46	115	47	116	48	116	49	104	
	0	100	1	107	2	101	3	100	4	100	5	115	6	100	7	104	8	116	9	103	10	110	11	115	12	117	13	113	14	111	15	106	16	105	17	112	18	118	19	116	20	100	21	108	22	101	23	117	24	111	25	119	26	104	27	115	28	103	29	117	30	117	31	120	32	111	33	105	34	113	35	104	36	102	37	112	38	108	39	106	40	115	41	105	42	102	43	120	44	112	45	109	46	103	47	105	48	114	49	112	
	0	100	1	111	2	102	3	111	4	119	5	116	6	107	7	118	8	107	9	104	10	117	11	109	12	100	13	106	14	119	15	103	16	114	17	103	18	109	19	120	20	108	21	113	22	102	23	116	24	100	25	109	26	120	27	101	28	111	29	107	30	108	31	100	32	111	33	118	34	120	35	120	36	114	37	105	38	118	39	114	40	106	41	108	42	106	43	116	44	109	45	102	46	110	47	108	48	120	49	101	
	0	102	1	112	2	120	3	114	4	107	5	101	6	114	7	100	8	104	9	104	10	108	11	100	12	101	13	102	14	108	15	102	16	107	17	106	18	103	19	120	20	119	21	100	22	104	23	107	24	108	25	120	26	100	27	101	28	112	29	113	30	100	31	113	32	109	33	116	34	110	35	115	36	102	37	118	38	113	39	119	40	117	41	113	42	111	43	116	44	107	45	116	46	109	47	110	48	100	49	111	
	0	116	1	102	2	112	3	100	4	109	5	105	6	120	7	115	8	113	9	117	10	115	11	115	12	103	13	108	14	115	15	100	16	115	17	112	18	108	19	118	20	103	21	104	22	119	23	108	24	118	25	107	26	101	27	118	28	119	29	113	30	102	31	101	32	116	33	118	34	118	35	115	36	108	37	115	38	102	39	100	40	111	41	102	42	101	43	110	44	104	45	105	46	110	47	101	48	113	49	110	
	0	102	1	114	2	100	3	101	4	113	5	116	6	108	7	105	8	104	9	104	10	111	11	106	12	119	13	101	14	113	15	103	16	114	17	105	18	112	19	111	20	112	21	120	22	114	23	102	24	115	25	115	26	119	27	105	28	111	29	105	30	106	31	103	32	120	33	100	34	108	35	110	36	109	37	101	38	119	39	116	40	108	41	110	42	100	43	100	44	111	45	118	46	113	47	112	48	105	49	117	
	0	101	1	101	2	105	3	108	4	100	5	102	6	103	7	106	8	113	9	100	10	119	11	119	12	108	13	104	14	105	15	114	16	109	17	112	18	101	19	117	20	107	21	112	22	108	23	107	24	114	25	106	26	120	27	110	28	101	29	104	30	117	31	117	32	111	33	114	34	115	35	108	36	118	37	113	38	107	39	116	40	110	41	116	42	120	43	105	44	105	45	111	46	113	47	115	48	100	49	104	
	0	105	1	112	2	106	3	109	4	100	5	115	6	112	7	109	8	107	9	118	10	106	11	120	12	119	13	116	14	113	15	114	16	105	17	104	18	106	19	115	20	106	21	114	22	109	23	109	24	110	25	106	26	115	27	104	28	110	29	101	30	113	31	113	32	110	33	104	34	110	35	106	36	100	37	109	38	103	39	113	40	120	41	116	42	111	43	116	44	113	45	111	46	112	47	120	48	108	49	118	
	0	112	1	114	2	117	3	105	4	114	5	108	6	111	7	106	8	117	9	118	10	117	11	111	12	117	13	102	14	118	15	100	16	110	17	111	18	104	19	103	20	107	21	106	22	105	23	107	24	102	25	105	26	100	27	110	28	105	29	103	30	111	31	107	32	106	33	120	34	108	35	118	36	101	37	120	38	106	39	116	40	112	41	103	42	118	43	116	44	112	45	112	46	118	47	116	48	101	49	117	
	0	100	1	115	2	106	3	100	4	113	5	103	6	104	7	111	8	106	9	107	10	117	11	109	12	119	13	100	14	119	15	101	16	106	17	113	18	115	19	118	20	113	21	109	22	118	23	111	24	103	25	114	26	107	27	113	28	116	29	105	30	110	31	101	32	118	33	119	34	104	35	105	36	111	37	108	38	112	39	117	40	115	41	100	42	101	43	102	44	106	45	106	46	113	47	102	48	115	49	120	
	0	103	1	106	2	116	3	111	4	104	5	119	6	103	7	105	8	112	9	117	10	116	11	113	12	108	13	111	14	103	15	107	16	118	17	109	18	107	19	102	20	108	21	108	22	107	23	112	24	118	25	109	26	104	27	115	28	120	29	111	30	115	31	100	32	109	33	104	34	120	35	100	36	105	37	111	38	105	39	107	40	119	41	119	42	106	43	116	44	113	45	107	46	101	47	119	48	117	49	103	
	0	108	1	120	2	119	3	110	4	116	5	103	6	102	7	101	8	118	9	110	10	113	11	111	12	115	13	112	14	110	15	109	16	120	17	116	18	103	19	114	20	102	21	100	22	116	23	116	24	103	25	105	26	100	27	105	28	117	29	120	30	100	31	105	32	118	33	107	34	116	35	111	36	117	37	111	38	113	39	105	40	110	41	100	42	108	43	120	44	116	45	111	46	117	47	117	48	115	49	119	
	0	102	1	106	2	112	3	100	4	106	5	115	6	102	7	112	8	112	9	115	10	103	11	113	12	111	13	110	14	104	15	114	16	100	17	117	18	103	19	112	20	109	21	104	22	110	23	119	24	118	25	117	26	119	27	114	28	100	29	106	30	114	31	111	32	106	33	101	34	120	35	107	36	101	37	107	38	108	39	102	40	101	41	113	42	116	43	117	44	106	45	119	46	111	47	103	48	106	49	108	
	0	100	1	112	2	102	3	100	4	114	5	107	6	104	7	115	8	112	9	106	10	113	11	119	12	101	13	105	14	106	15	116	16	102	17	118	18	102	19	119	20	109	21	111	22	103	23	108	24	104	25	107	26	105	27	111	28	106	29	112	30	118	31	110	32	114	33	120	34	104	35	100	36	102	37	116	38	100	39	103	40	102	41	119	42	110	43	120	44	108	45	115	46	108	47	103	48	105	49	115	
	0	100	1	106	2	116	3	112	4	116	5	108	6	114	7	102	8	102	9	120	10	112	11	113	12	115	13	100	14	117	15	107	16	117	17	102	18	111	19	110	20	104	21	100	22	101	23	120	24	112	25	115	26	102	27	119	28	104	29	102	30	118	31	119	32	104	33	116	34	106	35	107	36	101	37	119	38	111	39	116	40	100	41	111	42	113	43	101	44	102	45	114	46	106	47	119	48	105	49	107	
	0	113	1	117	2	115	3	116	4	115	5	117	6	103	7	114	8	106	9	109	10	100	11	111	12	118	13	107	14	112	15	110	16	116	17	104	18	107	19	104	20	103	21	120	22	107	23	106	24	105	25	106	26	117	27	118	28	111	29	109	30	118	31	107	32	107	33	106	34	116	35	105	36	116	37	103	38	107	39	102	40	102	41	119	42	110	43	103	44	104	45	113	46	116	47	120	48	103	49	118	
	0	119	1	115	2	110	3	114	4	106	5	102	6	100	7	114	8	117	9	103	10	106	11	101	12	103	13	119	14	105	15	100	16	101	17	111	18	115	19	107	20	112	21	105	22	115	23	116	24	119	25	108	26	117	27	118	28	118	29	103	30	115	31	111	32	110	33	113	34	112	35	103	36	116	37	102	38	114	39	115	40	114	41	105	42	118	43	104	44	100	45	115	46	110	47	115	48	110	49	117	
	0	112	1	112	2	117	3	118	4	109	5	101	6	106	7	116	8	119	9	101	10	111	11	119	12	110	13	111	14	119	15	104	16	110	17	111	18	108	19	110	20	114	21	105	22	110	23	102	24	111	25	100	26	110	27	100	28	109	29	103	30	106	31	110	32	109	33	109	34	109	35	120	36	102	37	101	38	117	39	105	40	113	41	103	42	109	43	102	44	112	45	112	46	100	47	117	48	103	49	102	
	0	102	1	106	2	110	3	109	4	106	5	100	6	109	7	107	8	105	9	106	10	120	11	103	12	114	13	101	14	102	15	104	16	111	17	101	18	111	19	103	20	118	21	109	22	107	23	106	24	100	25	103	26	113	27	117	28	109	29	102	30	118	31	111	32	111	33	113	34	108	35	111	36	115	37	102	38	119	39	119	40	112	41	120	42	100	43	110	44	101	45	107	46	118	47	102	48	112	49	100	
	0	110	1	119	2	105	3	115	4	113	5	107	6	106	7	110	8	106	9	112	10	111	11	115	12	113	13	107	14	117	15	113	16	105	17	119	18	102	19	103	20	118	21	102	22	110	23	103	24	120	25	119	26	113	27	101	28	109	29	103	30	101	31	110	32	120	33	116	34	118	35	116	36	117	37	113	38	101	39	111	40	102	41	104	42	110	43	103	44	107	45	113	46	115	47	112	48	111	49	119	
	0	101	1	111	2	107	3	106	4	120	5	115	6	115	7	119	8	114	9	109	10	120	11	120	12	119	13	119	14	119	15	108	16	120	17	119	18	118	19	100	20	103	21	113	22	120	23	101	24	119	25	113	26	111	27	110	28	117	29	117	30	109	31	100	32	115	33	106	34	117	35	115	36	111	37	101	38	115	39	104	40	109	41	105	42	114	43	102	44	120	45	118	46	108	47	112	48	100	49	119	
	0	118	1	103	2	109	3	117	4	109	5	116	6	106	7	111	8	109	9	113	10	112	11	116	12	107	13	115	14	116	15	101	16	104	17	115	18	105	19	118	20	118	21	120	22	100	23	104	24	115	25	114	26	120	27	114	28	105	29	110	30	102	31	118	32	106	33	106	34	113	35	115	36	120	37	109	38	104	39	111	40	114	41	113	42	115	43	112	44	116	45	116	46	120	47	109	48	107	49	105	
	0	104	1	109	2	112	3	120	4	102	5	108	6	100	7	111	8	108	9	114	10	118	11	117	12	102	13	120	14	105	15	116	16	114	17	109	18	118	19	119	20	114	21	107	22	115	23	106	24	116	25	106	26	108	27	112	28	114	29	120	30	113	31	108	32	105	33	112	34	110	35	118	36	101	37	100	38	105	39	107	40	111	41	102	42	117	43	108	44	101	45	105	46	105	47	115	48	111	49	113	
	0	107	1	112	2	113	3	114	4	114	5	116	6	117	7	106	8	106	9	112	10	106	11	111	12	102	13	113	14	109	15	105	16	103	17	111	18	112	19	106	20	108	21	112	22	105	23	119	24	106	25	102	26	102	27	111	28	114	29	118	30	105	31	117	32	112	33	100	34	100	35	104	36	106	37	104	38	110	39	116	40	103	41	118	42	100	43	106	44	115	45	101	46	113	47	112	48	106	49	119	
	0	108	1	118	2	114	3	113	4	110	5	101	6	115	7	108	8	105	9	100	10	118	11	116	12	110	13	100	14	118	15	116	16	106	17	114	18	120	19	102	20	106	21	110	22	106	23	112	24	112	25	100	26	109	27	106	28	103	29	100	30	105	31	108	32	109	33	108	34	106	35	104	36	117	37	118	38	120	39	106	40	113	41	103	42	107	43	107	44	104	45	101	46	110	47	116	48	106	49	115	
	0	112	1	112	2	100	3	107	4	107	5	118	6	102	7	106	8	116	9	112	10	103	11	105	12	119	13	118	14	117	15	102	16	108	17	118	18	108	19	101	20	111	21	110	22	111	23	112	24	120	25	109	26	115	27	118	28	102	29	118	30	112	31	105	32	115	33	119	34	106	35	107	36	111	37	110	38	101	39	110	40	112	41	114	42	109	43	102	44	104	45	104	46	111	47	102	48	112	49	115	
	0	103	1	110	2	101	3	113	4	114	5	118	6	114	7	103	8	103	9	113	10	108	11	113	12	116	13	115	14	115	15	102	16	109	17	103	18	100	19	108	20	110	21	102	22	120	23	114	24	104	25	102	26	107	27	112	28	102	29	103	30	117	31	108	32	106	33	120	34	105	35	105	36	105	37	119	38	120	39	116	40	116	41	101	42	104	43	117	44	112	45	109	46	102	47	104	48	102	49	106	
	0	118	1	114	2	116	3	100	4	100	5	111	6	107	7	104	8	111	9	110	10	103	11	115	12	107	13	107	14	115	15	113	16	110	17	100	18	112	19	113	20	111	21	111	22	106	23	113	24	114	25	113	26	119	27	100	28	115	29	117	30	115	31	105	32	105	33	118	34	102	35	110	36	119	37	114	38	106	39	104	40	110	41	120	42	103	43	117	44	118	45	100	46	117	47	103	48	105	49	110	
	0	116	1	117	2	117	3	111	4	101	5	102	6	105	7	100	8	113	9	119	10	107	11	119	12	116	13	109	14	108	15	109	16	105	17	109	18	105	19	112	20	109	21	101	22	112	23	106	24	116	25	107	26	109	27	100	28	111	29	113	30	117	31	101	32	116	33	112	34	119	35	109	36	105	37	115	38	108	39	119	40	108	41	104	42	114	43	101	44	105	45	104	46	113	47	120	48	102	49	114	
	0	105	1	101	2	108	3	120	4	114	5	114	6	119	7	119	8	110	9	113	10	119	11	117	12	111	13	106	14	115	15	101	16	106	17	111	18	108	19	117	20	101	21	100	22	112	23	117	24	117	25	100	26	119	27	119	28	118	29	108	30	115	31	119	32	113	33	117	34	100	35	100	36	105	37	108	38	114	39	111	40	110	41	119	42	104	43	104	44	105	45	106	46	105	47	104	48	102	49	115	
	0	120	1	106	2	108	3	106	4	115	5	102	6	116	7	120	8	119	9	103	10	104	11	118	12	108	13	111	14	109	15	112	16	112	17	120	18	106	19	112	20	103	21	118	22	101	23	101	24	113	25	120	26	120	27	102	28	115	29	100	30	113	31	117	32	100	33	101	34	108	35	106	36	116	37	115	38	119	39	100	40	104	41	116	42	107	43	113	44	110	45	117	46	102	47	119	48	119	49	119	
	0	117	1	112	2	117	3	116	4	101	5	119	6	109	7	114	8	120	9	103	10	116	11	113	12	104	13	113	14	104	15	112	16	113	17	110	18	108	19	113	20	106	21	117	22	102	23	107	24	104	25	111	26	114	27	119	28	103	29	108	30	102	31	100	32	113	33	112	34	104	35	104	36	110	37	102	38	104	39	114	40	114	41	104	42	120	43	120	44	110	45	109	46	115	47	118	48	111	49	114	
	0	106	1	107	2	109	3	103	4	119	5	120	6	117	7	100	8	102	9	119	10	103	11	100	12	102	13	115	14	115	15	116	16	105	17	102	18	107	19	116	20	112	21	111	22	111	23	118	24	109	25	107	26	107	27	118	28	109	29	110	30	120	31	119	32	111	33	109	34	113	35	117	36	119	37	112	38	109	39	104	40	104	41	100	42	103	43	105	44	108	45	104	46	115	47	117	48	119	49	120	
	0	113	1	111	2	117	3	120	4	107	5	116	6	112	7	115	8	105	9	118	10	101	11	119	12	109	13	117	14	103	15	113	16	115	17	105	18	113	19	113	20	103	21	114	22	112	23	107	24	117	25	116	26	116	27	109	28	118	29	117	30	116	31	119	32	109	33	106	34	111	35	101	36	118	37	106	38	104	39	120	40	110	41	112	42	115	43	118	44	113	45	104	46	120	47	106	48	107	49	107	
	0	119	1	114	2	112	3	113	4	113	5	117	6	108	7	117	8	120	9	109	10	106	11	113	12	114	13	107	14	108	15	111	16	113	17	109	18	100	19	110	20	102	21	105	22	116	23	113	24	114	25	112	26	102	27	105	28	106	29	109	30	103	31	100	32	114	33	109	34	104	35	120	36	112	37	120	38	104	39	102	40	114	41	101	42	108	43	105	44	102	45	116	46	112	47	103	48	100	49	103	
	0	101	1	103	2	102	3	117	4	100	5	113	6	106	7	117	8	105	9	110	10	116	11	119	12	102	13	109	14	120	15	114	16	110	17	117	18	116	19	103	20	105	21	120	22	120	23	119	24	100	25	112	26	103	27	109	28	118	29	107	30	106	31	114	32	103	33	102	34	100	35	108	36	109	37	102	38	116	39	114	40	103	41	104	42	115	43	101	44	103	45	104	46	115	47	108	48	102	49	102	
	0	117	1	100	2	111	3	107	4	110	5	103	6	105	7	120	8	114	9	120	10	111	11	113	12	110	13	102	14	110	15	104	16	119	17	110	18	107	19	101	20	120	21	100	22	116	23	102	24	112	25	102	26	109	27	120	28	101	29	117	30	114	31	110	32	106	33	110	34	115	35	114	36	107	37	116	38	107	39	111	40	106	41	108	42	115	43	103	44	114	45	103	46	102	47	109	48	116	49	100	
	0	103	1	117	2	111	3	107	4	103	5	119	6	115	7	106	8	110	9	108	10	117	11	108	12	118	13	114	14	100	15	119	16	106	17	107	18	111	19	103	20	107	21	105	22	101	23	112	24	117	25	118	26	111	27	105	28	119	29	110	30	107	31	104	32	102	33	112	34	109	35	110	36	108	37	102	38	102	39	107	40	106	41	120	42	107	43	107	44	118	45	116	46	117	47	117	48	102	49	106	
	0	100	1	117	2	105	3	114	4	110	5	104	6	106	7	101	8	108	9	113	10	102	11	101	12	106	13	111	14	102	15	100	16	117	17	113	18	109	19	102	20	117	21	119	22	110	23	108	24	103	25	104	26	111	27	108	28	106	29	110	30	109	31	119	32	110	33	119	34	118	35	112	36	104	37	105	38	118	39	102	40	119	41	106	42	107	43	103	44	115	45	109	46	107	47	108	48	102	49	111	
	0	115	1	110	2	106	3	116	4	114	5	111	6	109	7	119	8	104	9	106	10	109	11	110	12	114	13	108	14	101	15	101	16	100	17	117	18	120	19	103	20	111	21	105	22	100	23	119	24	114	25	114	26	110	27	112	28	108	29	114	30	108	31	116	32	112	33	107	34	100	35	109	36	115	37	104	38	106	39	111	40	104	41	118	42	111	43	120	44	117	45	109	46	109	47	113	48	105	49	100	
	0	110	1	115	2	116	3	117	4	114	5	117	6	103	7	101	8	108	9	110	10	115	11	105	12	116	13	111	14	111	15	103	16	119	17	110	18	114	19	102	20	101	21	118	22	111	23	108	24	116	25	119	26	107	27	118	28	115	29	103	30	102	31	102	32	120	33	108	34	100	35	120	36	105	37	113	38	117	39	115	40	109	41	109	42	119	43	108	44	107	45	107	46	111	47	107	48	100	49	104	
	0	110	1	110	2	114	3	105	4	103	5	107	6	108	7	102	8	114	9	105	10	116	11	113	12	120	13	112	14	113	15	118	16	120	17	116	18	101	19	109	20	102	21	116	22	118	23	110	24	116	25	120	26	112	27	104	28	113	29	103	30	113	31	107	32	105	33	119	34	103	35	111	36	118	37	103	38	109	39	117	40	120	41	102	42	111	43	111	44	103	45	105	46	103	47	105	48	102	49	116	
	0	101	1	109	2	111	3	119	4	105	5	103	6	112	7	117	8	103	9	117	10	119	11	114	12	103	13	115	14	114	15	112	16	102	17	104	18	118	19	114	20	106	21	112	22	120	23	100	24	114	25	113	26	106	27	113	28	113	29	110	30	101	31	106	32	107	33	111	34	108	35	109	36	111	37	108	38	120	39	112	40	108	41	116	42	105	43	103	44	117	45	101	46	103	47	119	48	107	49	106	
	0	119	1	114	2	110	3	113	4	110	5	113	6	113	7	106	8	108	9	108	10	111	11	110	12	101	13	105	14	120	15	101	16	113	17	105	18	117	19	102	20	107	21	108	22	117	23	114	24	101	25	102	26	111	27	107	28	118	29	108	30	104	31	100	32	111	33	118	34	108	35	106	36	114	37	109	38	110	39	119	40	112	41	117	42	120	43	118	44	112	45	104	46	119	47	101	48	108	49	103	
	0	103	1	119	2	111	3	120	4	119	5	115	6	105	7	120	8	105	9	118	10	108	11	115	12	117	13	105	14	112	15	114	16	106	17	109	18	100	19	114	20	110	21	105	22	118	23	110	24	100	25	114	26	117	27	115	28	107	29	117	30	110	31	114	32	108	33	102	34	114	35	111	36	113	37	118	38	104	39	115	40	107	41	111	42	107	43	117	44	106	45	113	46	120	47	105	48	104	49	115	
	0	115	1	105	2	106	3	111	4	114	5	101	6	102	7	118	8	103	9	103	10	106	11	111	12	102	13	113	14	100	15	119	16	115	17	117	18	104	19	103	20	119	21	110	22	114	23	106	24	118	25	113	26	114	27	115	28	117	29	118	30	108	31	104	32	113	33	102	34	106	35	114	36	104	37	106	38	108	39	120	40	101	41	106	42	113	43	101	44	116	45	109	46	107	47	111	48	110	49	116	
	0	100	1	104	2	117	3	116	4	114	5	107	6	117	7	109	8	115	9	115	10	111	11	113	12	116	13	112	14	107	15	108	16	114	17	115	18	106	19	100	20	111	21	104	22	111	23	111	24	100	25	102	26	115	27	104	28	113	29	113	30	119	31	105	32	109	33	116	34	106	35	105	36	107	37	120	38	104	39	115	40	101	41	110	42	110	43	117	44	108	45	102	46	100	47	113	48	102	49	107	
	0	119	1	119	2	118	3	110	4	117	5	119	6	103	7	102	8	109	9	112	10	120	11	111	12	117	13	100	14	105	15	106	16	116	17	120	18	102	19	117	20	106	21	104	22	117	23	103	24	115	25	108	26	110	27	105	28	110	29	113	30	120	31	115	32	112	33	102	34	105	35	103	36	104	37	110	38	110	39	100	40	102	41	100	42	102	43	105	44	113	45	101	46	112	47	120	48	109	49	101	
	0	112	1	120	2	105	3	101	4	114	5	102	6	115	7	104	8	107	9	113	10	105	11	111	12	112	13	117	14	106	15	111	16	105	17	100	18	113	19	120	20	120	21	112	22	120	23	102	24	112	25	119	26	108	27	103	28	116	29	106	30	112	31	119	32	101	33	106	34	105	35	120	36	119	37	114	38	120	39	118	40	115	41	116	42	116	43	116	44	115	45	104	46	109	47	103	48	105	49	104	