200 10 1
10
	0	112	1	107	2	112	3	100	4	118	5	106	6	117	7	102	8	106	9	119	
	0	105	1	115	2	103	3	120	4	115	5	113	6	101	7	116	8	115	9	111	
	0	114	1	100	2	100	3	110	4	102	5	110	6	100	7	101	8	118	9	100	
	0	118	1	118	2	119	3	113	4	112	5	111	6	113	7	107	8	111	9	119	
	0	101	1	108	2	102	3	119	4	115	5	118	6	110	7	108	8	100	9	120	
	0	100	1	115	2	100	3	106	4	106	5	101	6	102	7	102	8	111	9	102	
	0	108	1	103	2	108	3	106	4	107	5	103	6	103	7	119	8	106	9	101	
	0	103	1	100	2	114	3	118	4	109	5	104	6	103	7	116	8	107	9	106	
	0	101	1	115	2	119	3	108	4	116	5	116	6	104	7	111	8	114	9	106	
	0	105	1	102	2	100	3	108	4	111	5	105	6	111	7	112	8	118	9	102	
	0	111	1	101	2	104	3	107	4	114	5	107	6	111	7	101	8	111	9	101	
	0	102	1	105	2	114	3	117	4	106	5	113	6	100	7	108	8	107	9	103	
	0	118	1	103	2	112	3	104	4	109	5	111	6	101	7	102	8	111	9	119	
	0	108	1	100	2	110	3	119	4	110	5	116	6	111	7	114	8	116	9	108	
	0	102	1	107	2	111	3	105	4	110	5	115	6	118	7	118	8	106	9	106	
	0	111	1	100	2	102	3	111	4	109	5	103	6	116	7	111	8	115	9	102	
	0	117	1	109	2	111	3	106	4	112	5	106	6	107	7	100	8	119	9	115	
	0	117	1	116	2	119	3	100	4	114	5	120	6	114	7	100	8	101	9	111	
	0	103	1	115	2	119	3	118	4	118	5	113	6	101	7	101	8	115	9	109	
	0	114	1	109	2	102	3	112	4	101	5	103	6	100	7	111	8	114	9	107	
	0	112	1	103	2	109	3	113	4	114	5	115	6	104	7	115	8	117	9	110	
	0	118	1	117	2	115	3	115	4	101	5	100	6	119	7	110	8	101	9	105	
	0	101	1	108	2	112	3	119	4	102	5	111	6	104	7	116	8	111	9	106	
	0	113	1	106	2	107	3	114	4	117	5	105	6	105	7	110	8	115	9	109	
	0	101	1	108	2	120	3	103	4	115	5	101	6	111	7	107	8	119	9	119	
	0	104	1	109	2	118	3	102	4	110	5	110	6	113	7	112	8	106	9	106	
	0	112	1	103	2	112	3	120	4	110	5	120	6	107	7	110	8	101	9	109	
	0	118	1	107	2	119	3	117	4	104	5	101	6	104	7	120	8	102	9	118	
	0	109	1	115	2	110	3	110	4	104	5	113	6	102	7	104	8	107	9	100	
	0	119	1	113	2	104	3	105	4	108	5	101	6	114	7	115	8	103	9	101	
	0	104	1	110	2	110	3	116	4	115	5	120	6	104	7	103	8	114	9	111	
	0	112	1	103	2	102	3	117	4	105	5	112	6	108	7	109	8	112	9	118	
	0	102	1	119	2	117	3	111	4	106	5	104	6	100	7	112	8	104	9	118	
	0	117	1	104	2	117	3	110	4	106	5	104	6	113	7	119	8	120	9	116	
	0	101	1	107	2	110	3	118	4	100	5	118	6	109	7	102	8	103	9	110	
	0	111	1	113	2	104	3	108	4	101	5	116	6	104	7	109	8	112	9	115	
	0	118	1	109	2	103	3	113	4	104	5	111	6	117	7	120	8	120	9	118	
	0	106	1	118	2	105	3	105	4	111	5	113	6	111	7	118	8	109	9	110	
	0	100	1	114	2	112	3	119	4	108	5	116	6	112	7	110	8	104	9	113	
	0	117	1	115	2	108	3	119	4	106	5	103	6	115	7	106	8	120	9	105	
	0	116	1	110	2	100	3	106	4	105	5	113	6	105	7	101	8	114	9	120	
	0	113	1	102	2	101	3	111	4	108	5	100	6	103	7	105	8	110	9	109	
	0	103	1	116	2	104	3	113	4	100	5	106	6	103	7	102	8	113	9	102	
	0	119	1	115	2	111	3	117	4	112	5	102	6	118	7	101	8	117	9	100	
	0	112	1	111	2	107	3	117	4	109	5	109	6	101	7	117	8	107	9	101	
	0	110	1	114	2	119	3	105	4	118	5	107	6	119	7	105	8	115	9	100	
	0	107	1	109	2	105	3	114	4	110	5	101	6	117	7	111	8	117	9	109	
	0	107	1	113	2	112	3	109	4	112	5	102	6	102	7	120	8	104	9	114	
	0	113	1	113	2	119	3	108	4	110	5	117	6	103	7	113	8	112	9	110	
	0	118	1	103	2	113	3	114	4	101	5	113	6	101	7	109	8	103	9	104	
	0	110	1	109	2	102	3	107	4	106	5	108	6	103	7	111	8	100	9	104	
	0	112	1	106	2	101	3	114	4	115	5	120	6	105	7	113	8	117	9	112	
	0	114	1	112	2	109	3	103	4	112	5	103	6	102	7	111	8	105	9	101	
	0	108	1	113	2	108	3	116	4	116	5	112	6	114	7	113	8	106	9	114	
	0	118	1	114	2	108	3	118	4	104	5	113	6	118	7	112	8	111	9	120	
	0	120	1	110	2	110	3	100	4	107	5	100	6	108	7	120	8	118	9	118	
	0	113	1	106	2	119	3	106	4	115	5	110	6	107	7	106	8	111	9	115	
	0	117	1	110	2	104	3	105	4	109	5	107	6	115	7	101	8	105	9	115	
	0	114	1	100	2	111	3	109	4	104	5	107	6	116	7	105	8	118	9	117	
	0	111	1	117	2	109	3	112	4	109	5	109	6	114	7	120	8	111	9	115	
	0	116	1	111	2	109	3	101	4	116	5	117	6	102	7	107	8	107	9	105	
	0	109	1	107	2	110	3	118	4	114	5	113	6	100	7	109	8	107	9	112	
	0	102	1	107	2	115	3	120	4	114	5	103	6	100	7	119	8	107	9	116	
	0	101	1	101	2	107	3	105	4	106	5	105	6	105	7	114	8	119	9	102	
	0	109	1	114	2	108	3	107	4	105	5	100	6	114	7	117	8	119	9	109	
	0	110	1	112	2	102	3	102	4	115	5	112	6	103	7	106	8	116	9	101	
	0	111	1	107	2	119	3	100	4	117	5	106	6	116	7	116	8	100	9	109	
	0	115	1	101	2	120	3	104	4	119	5	110	6	112	7	108	8	109	9	108	
	0	113	1	120	2	112	3	100	4	113	5	116	6	113	7	116	8	106	9	114	
	0	120	1	100	2	117	3	106	4	105	5	112	6	119	7	103	8	106	9	111	
	0	107	1	108	2	114	3	109	4	116	5	110	6	110	7	111	8	112	9	116	
	0	120	1	104	2	106	3	119	4	111	5	103	6	116	7	107	8	114	9	120	
	0	102	1	105	2	112	3	114	4	102	5	117	6	105	7	104	8	110	9	110	
	0	112	1	106	2	115	3	108	4	102	5	109	6	106	7	107	8	118	9	117	
	0	110	1	118	2	104	3	120	4	119	5	103	6	118	7	106	8	106	9	109	
	0	113	1	118	2	104	3	101	4	108	5	109	6	106	7	114	8	117	9	100	
	0	108	1	109	2	111	3	108	4	104	5	117	6	120	7	113	8	107	9	105	
	0	107	1	115	2	119	3	118	4	118	5	103	6	113	7	116	8	118	9	107	
	0	116	1	116	2	119	3	112	4	119	5	113	6	105	7	117	8	107	9	108	
	0	102	1	116	2	110	3	103	4	119	5	120	6	115	7	120	8	105	9	114	
	0	101	1	106	2	116	3	105	4	106	5	118	6	114	7	111	8	105	9	119	
	0	106	1	111	2	114	3	114	4	117	5	106	6	106	7	109	8	114	9	108	
	0	102	1	107	2	100	3	102	4	110	5	105	6	103	7	117	8	118	9	107	
	0	119	1	114	2	117	3	101	4	112	5	108	6	107	7	105	8	105	9	109	
	0	108	1	106	2	114	3	107	4	113	5	106	6	107	7	107	8	107	9	116	
	0	108	1	101	2	115	3	104	4	106	5	107	6	110	7	112	8	115	9	115	
	0	100	1	100	2	116	3	105	4	109	5	103	6	113	7	101	8	111	9	109	
	0	102	1	101	2	104	3	100	4	112	5	109	6	106	7	107	8	116	9	115	
	0	101	1	115	2	101	3	105	4	112	5	110	6	115	7	109	8	102	9	120	
	0	101	1	118	2	106	3	117	4	102	5	109	6	109	7	104	8	111	9	110	
	0	102	1	102	2	111	3	102	4	111	5	120	6	105	7	107	8	110	9	119	
	0	119	1	113	2	115	3	115	4	106	5	112	6	104	7	100	8	120	9	112	
	0	118	1	112	2	111	3	119	4	106	5	118	6	105	7	101	8	108	9	112	
	0	100	1	106	2	115	3	120	4	110	5	111	6	110	7	120	8	120	9	118	
	0	108	1	100	2	109	3	113	4	113	5	120	6	111	7	112	8	116	9	100	
	0	104	1	105	2	119	3	114	4	115	5	103	6	120	7	109	8	102	9	115	
	0	108	1	116	2	106	3	116	4	119	5	110	6	109	7	103	8	102	9	117	
	0	120	1	120	2	119	3	100	4	112	5	103	6	112	7	108	8	110	9	113	
	0	102	1	116	2	104	3	109	4	104	5	109	6	115	7	118	8	114	9	120	
	0	113	1	118	2	116	3	113	4	115	5	100	6	106	7	110	8	104	9	103	
	0	101	1	112	2	103	3	107	4	101	5	105	6	115	7	103	8	103	9	100	
	0	119	1	112	2	120	3	103	4	109	5	110	6	108	7	107	8	103	9	120	
	0	114	1	104	2	104	3	120	4	107	5	100	6	115	7	115	8	118	9	104	
	0	104	1	115	2	103	3	109	4	104	5	112	6	106	7	103	8	117	9	119	
	0	116	1	102	2	120	3	109	4	106	5	110	6	105	7	108	8	120	9	113	
	0	113	1	119	2	106	3	114	4	106	5	113	6	101	7	116	8	109	9	107	
	0	109	1	114	2	118	3	118	4	117	5	102	6	110	7	104	8	100	9	116	
	0	120	1	103	2	115	3	103	4	115	5	111	6	113	7	102	8	108	9	105	
	0	111	1	100	2	109	3	106	4	116	5	112	6	119	7	100	8	102	9	103	
	0	117	1	103	2	120	3	111	4	109	5	117	6	103	7	110	8	106	9	100	
	0	108	1	109	2	116	3	101	4	119	5	115	6	115	7	105	8	117	9	118	
	0	118	1	110	2	111	3	112	4	108	5	113	6	106	7	114	8	114	9	101	
	0	118	1	100	2	117	3	104	4	118	5	114	6	115	7	101	8	105	9	108	
	0	105	1	112	2	116	3	120	4	103	5	111	6	104	7	114	8	104	9	100	
	0	115	1	101	2	115	3	107	4	112	5	110	6	113	7	113	8	112	9	102	
	0	108	1	116	2	102	3	101	4	119	5	119	6	108	7	104	8	109	9	117	
	0	101	1	103	2	110	3	107	4	111	5	118	6	104	7	102	8	102	9	101	
	0	100	1	106	2	104	3	118	4	117	5	113	6	100	7	116	8	109	9	108	
	0	100	1	103	2	104	3	113	4	104	5	105	6	101	7	105	8	115	9	108	
	0	103	1	117	2	101	3	118	4	117	5	111	6	120	7	113	8	101	9	103	
	0	106	1	108	2	114	3	118	4	105	5	116	6	107	7	118	8	111	9	113	
	0	105	1	104	2	120	3	120	4	119	5	113	6	114	7	100	8	117	9	110	
	0	114	1	120	2	114	3	110	4	109	5	100	6	101	7	119	8	102	9	118	
	0	112	1	120	2	119	3	105	4	104	5	108	6	102	7	110	8	103	9	112	
	0	120	1	112	2	116	3	109	4	112	5	100	6	104	7	120	8	114	9	112	
	0	113	1	100	2	112	3	110	4	105	5	117	6	102	7	110	8	100	9	103	
	0	112	1	115	2	102	3	113	4	120	5	106	6	113	7	108	8	115	9	107	
	0	106	1	119	2	110	3	101	4	114	5	103	6	119	7	111	8	120	9	120	
	0	119	1	109	2	115	3	119	4	114	5	114	6	109	7	117	8	110	9	113	
	0	104	1	108	2	115	3	107	4	114	5	109	6	118	7	101	8	108	9	103	
	0	110	1	111	2	111	3	107	4	109	5	114	6	119	7	100	8	116	9	116	
	0	105	1	116	2	117	3	101	4	120	5	113	6	115	7	106	8	120	9	113	
	0	120	1	103	2	105	3	102	4	119	5	106	6	108	7	117	8	109	9	117	
	0	115	1	110	2	119	3	100	4	118	5	118	6	111	7	100	8	119	9	120	
	0	115	1	108	2	104	3	100	4	102	5	104	6	106	7	101	8	114	9	116	
	0	100	1	111	2	113	3	102	4	119	5	119	6	113	7	120	8	115	9	111	
	0	105	1	101	2	107	3	119	4	104	5	101	6	119	7	103	8	111	9	109	
	0	116	1	118	2	103	3	108	4	109	5	100	6	106	7	105	8	114	9	120	
	0	108	1	101	2	110	3	107	4	108	5	115	6	107	7	116	8	111	9	117	
	0	114	1	112	2	103	3	106	4	107	5	105	6	100	7	104	8	117	9	107	
	0	107	1	113	2	108	3	102	4	112	5	107	6	107	7	107	8	100	9	112	
	0	117	1	103	2	102	3	106	4	111	5	102	6	114	7	100	8	100	9	101	
	0	100	1	101	2	105	3	115	4	115	5	110	6	103	7	100	8	115	9	102	
	0	106	1	113	2	116	3	118	4	120	5	102	6	118	7	100	8	109	9	112	
	0	106	1	116	2	104	3	107	4	118	5	101	6	101	7	101	8	118	9	105	
	0	113	1	117	2	116	3	106	4	120	5	120	6	100	7	108	8	105	9	100	
	0	112	1	106	2	111	3	112	4	111	5	112	6	100	7	109	8	110	9	110	
	0	112	1	106	2	100	3	112	4	113	5	103	6	108	7	113	8	101	9	114	
	0	119	1	108	2	100	3	116	4	116	5	120	6	104	7	105	8	109	9	115	
	0	117	1	112	2	120	3	115	4	118	5	102	6	117	7	109	8	107	9	106	
	0	102	1	119	2	103	3	117	4	118	5	112	6	118	7	117	8	108	9	105	
	0	102	1	107	2	100	3	105	4	108	5	118	6	109	7	102	8	104	9	106	
	0	107	1	112	2	103	3	120	4	101	5	117	6	119	7	116	8	110	9	100	
	0	104	1	118	2	116	3	114	4	106	5	101	6	115	7	100	8	105	9	119	
	0	109	1	110	2	119	3	109	4	102	5	109	6	111	7	119	8	100	9	105	
	0	114	1	115	2	106	3	110	4	110	5	101	6	109	7	120	8	113	9	112	
	0	120	1	108	2	114	3	109	4	100	5	108	6	100	7	102	8	113	9	104	
	0	117	1	112	2	101	3	114	4	110	5	101	6	113	7	106	8	110	9	115	
	0	105	1	101	2	118	3	105	4	106	5	105	6	107	7	101	8	113	9	104	
	0	119	1	120	2	116	3	118	4	110	5	117	6	112	7	102	8	109	9	112	
	0	104	1	103	2	105	3	111	4	114	5	107	6	100	7	113	8	117	9	120	
	0	110	1	109	2	107	3	112	4	118	5	113	6	100	7	112	8	104	9	115	
	0	100	1	106	2	114	3	120	4	107	5	113	6	119	7	110	8	104	9	113	
	0	114	1	100	2	102	3	100	4	101	5	115	6	100	7	113	8	106	9	110	
	0	110	1	112	2	101	3	119	4	108	5	119	6	117	7	107	8	116	9	112	
	0	117	1	114	2	116	3	116	4	103	5	102	6	113	7	102	8	113	9	108	
	0	116	1	118	2	105	3	115	4	108	5	102	6	102	7	109	8	112	9	111	
	0	105	1	111	2	110	3	102	4	116	5	104	6	104	7	102	8	104	9	113	
	0	113	1	113	2	117	3	103	4	100	5	118	6	107	7	107	8	115	9	110	
	0	111	1	115	2	100	3	114	4	108	5	100	6	116	7	104	8	102	9	101	
	0	102	1	104	2	102	3	109	4	110	5	114	6	114	7	119	8	111	9	116	
	0	120	1	102	2	112	3	116	4	101	5	120	6	103	7	110	8	108	9	107	
	0	119	1	107	2	119	3	111	4	103	5	120	6	112	7	115	8	111	9	106	
	0	116	1	108	2	106	3	117	4	114	5	100	6	105	7	104	8	118	9	116	
	0	108	1	117	2	116	3	108	4	111	5	120	6	102	7	103	8	106	9	103	
	0	114	1	100	2	104	3	108	4	103	5	112	6	107	7	119	8	110	9	115	
	0	105	1	116	2	111	3	108	4	108	5	118	6	102	7	119	8	100	9	106	
	0	108	1	110	2	113	3	116	4	117	5	106	6	117	7	120	8	112	9	115	
	0	101	1	103	2	112	3	112	4	109	5	112	6	101	7	118	8	117	9	103	
	0	118	1	114	2	105	3	112	4	103	5	100	6	101	7	111	8	100	9	103	
	0	113	1	117	2	118	3	110	4	109	5	104	6	105	7	109	8	115	9	108	
	0	105	1	119	2	116	3	119	4	108	5	115	6	120	7	105	8	104	9	110	
	0	106	1	105	2	114	3	120	4	105	5	106	6	117	7	102	8	110	9	104	
	0	101	1	115	2	108	3	109	4	103	5	115	6	106	7	118	8	105	9	118	
	0	118	1	117	2	120	3	113	4	107	5	104	6	120	7	102	8	114	9	118	
	0	109	1	116	2	119	3	111	4	103	5	103	6	105	7	117	8	103	9	120	
	0	100	1	101	2	101	3	111	4	108	5	107	6	110	7	102	8	106	9	110	
	0	113	1	110	2	100	3	106	4	105	5	115	6	115	7	109	8	103	9	115	
	0	117	1	118	2	119	3	108	4	103	5	103	6	103	7	110	8	120	9	114	
	0	100	1	109	2	111	3	102	4	106	5	120	6	113	7	102	8	118	9	118	
	0	108	1	116	2	108	3	119	4	103	5	112	6	119	7	102	8	102	9	114	
	0	104	1	112	2	100	3	109	4	100	5	106	6	104	7	104	8	107	9	119	
	0	110	1	110	2	107	3	113	4	106	5	116	6	112	7	107	8	103	9	110	
	0	118	1	120	2	120	3	110	4	102	5	103	6	114	7	100	8	106	9	113	
	0	113	1	117	2	119	3	101	4	112	5	112	6	111	7	116	8	113	9	100	
	0	102	1	119	2	116	3	106	4	115	5	103	6	114	7	113	8	102	9	110	
	0	109	1	102	2	114	3	120	4	114	5	107	6	113	7	118	8	107	9	113	
	0	110	1	104	2	103	3	120	4	111	5	119	6	119	7	118	8	110	9	106	
	0	114	1	112	2	120	3	111	4	110	5	107	6	103	7	100	8	111	9	116	
	0	105	1	120	2	114	3	103	4	120	5	108	6	102	7	117	8	107	9	115	