200 10 1
10
	0	109	1	100	2	116	3	111	4	110	5	112	6	118	7	118	8	107	9	113	
	0	118	1	112	2	112	3	109	4	118	5	103	6	114	7	113	8	117	9	100	
	0	115	1	109	2	118	3	104	4	111	5	101	6	117	7	119	8	119	9	101	
	0	112	1	117	2	103	3	120	4	114	5	107	6	100	7	106	8	107	9	115	
	0	118	1	105	2	103	3	113	4	106	5	116	6	101	7	117	8	103	9	106	
	0	101	1	103	2	100	3	116	4	110	5	119	6	106	7	109	8	106	9	102	
	0	112	1	118	2	113	3	104	4	118	5	116	6	102	7	105	8	100	9	103	
	0	112	1	116	2	118	3	111	4	106	5	111	6	115	7	104	8	112	9	115	
	0	112	1	103	2	103	3	101	4	106	5	113	6	103	7	119	8	108	9	120	
	0	112	1	118	2	120	3	108	4	101	5	108	6	110	7	117	8	108	9	102	
	0	104	1	119	2	105	3	104	4	113	5	117	6	114	7	118	8	116	9	114	
	0	117	1	112	2	119	3	114	4	115	5	112	6	118	7	103	8	110	9	100	
	0	114	1	105	2	116	3	100	4	100	5	113	6	114	7	105	8	115	9	110	
	0	112	1	106	2	110	3	115	4	105	5	102	6	101	7	112	8	104	9	106	
	0	100	1	105	2	120	3	110	4	118	5	119	6	114	7	118	8	112	9	105	
	0	118	1	106	2	112	3	116	4	109	5	110	6	109	7	102	8	119	9	112	
	0	108	1	119	2	109	3	111	4	112	5	112	6	108	7	109	8	118	9	109	
	0	107	1	118	2	113	3	100	4	117	5	118	6	110	7	100	8	101	9	102	
	0	110	1	110	2	100	3	102	4	101	5	110	6	101	7	109	8	106	9	111	
	0	105	1	105	2	110	3	104	4	105	5	116	6	100	7	120	8	101	9	117	
	0	113	1	116	2	112	3	116	4	118	5	103	6	100	7	117	8	109	9	117	
	0	109	1	117	2	104	3	119	4	110	5	103	6	112	7	107	8	101	9	113	
	0	105	1	117	2	103	3	100	4	103	5	106	6	116	7	109	8	115	9	114	
	0	116	1	114	2	109	3	106	4	100	5	106	6	119	7	114	8	100	9	106	
	0	106	1	107	2	108	3	104	4	101	5	118	6	109	7	105	8	115	9	100	
	0	111	1	102	2	101	3	113	4	104	5	110	6	115	7	117	8	119	9	114	
	0	114	1	116	2	115	3	113	4	106	5	117	6	100	7	120	8	102	9	110	
	0	112	1	101	2	112	3	101	4	115	5	107	6	120	7	119	8	120	9	116	
	0	106	1	115	2	118	3	107	4	103	5	100	6	106	7	119	8	110	9	102	
	0	116	1	100	2	114	3	104	4	112	5	105	6	117	7	103	8	116	9	116	
	0	101	1	116	2	114	3	101	4	109	5	104	6	101	7	100	8	112	9	119	
	0	114	1	116	2	112	3	109	4	120	5	105	6	106	7	110	8	110	9	110	
	0	104	1	109	2	105	3	106	4	101	5	118	6	103	7	112	8	105	9	110	
	0	107	1	107	2	101	3	113	4	116	5	118	6	109	7	106	8	112	9	106	
	0	112	1	101	2	111	3	104	4	108	5	105	6	100	7	117	8	101	9	108	
	0	114	1	108	2	119	3	111	4	109	5	108	6	107	7	105	8	118	9	118	
	0	108	1	109	2	114	3	110	4	106	5	106	6	107	7	104	8	115	9	119	
	0	108	1	112	2	105	3	104	4	111	5	110	6	103	7	112	8	110	9	112	
	0	118	1	100	2	110	3	110	4	116	5	120	6	104	7	109	8	115	9	119	
	0	106	1	112	2	103	3	100	4	115	5	116	6	105	7	118	8	105	9	112	
	0	103	1	107	2	112	3	112	4	113	5	113	6	116	7	101	8	113	9	110	
	0	104	1	116	2	110	3	112	4	109	5	117	6	119	7	119	8	117	9	114	
	0	103	1	120	2	111	3	101	4	100	5	118	6	116	7	119	8	109	9	112	
	0	104	1	114	2	107	3	108	4	110	5	108	6	108	7	119	8	102	9	115	
	0	109	1	114	2	116	3	112	4	113	5	113	6	116	7	118	8	118	9	105	
	0	113	1	112	2	115	3	116	4	119	5	114	6	120	7	109	8	118	9	102	
	0	102	1	107	2	116	3	100	4	107	5	104	6	106	7	119	8	111	9	109	
	0	107	1	108	2	119	3	105	4	101	5	115	6	119	7	120	8	120	9	117	
	0	113	1	108	2	106	3	100	4	118	5	112	6	115	7	118	8	114	9	111	
	0	111	1	118	2	118	3	109	4	119	5	110	6	102	7	114	8	111	9	103	
	0	101	1	103	2	113	3	100	4	101	5	117	6	106	7	108	8	104	9	109	
	0	109	1	107	2	116	3	116	4	107	5	120	6	107	7	118	8	119	9	109	
	0	115	1	116	2	116	3	109	4	119	5	104	6	113	7	109	8	114	9	108	
	0	115	1	118	2	110	3	104	4	115	5	101	6	111	7	113	8	117	9	108	
	0	103	1	110	2	111	3	113	4	108	5	112	6	109	7	107	8	105	9	112	
	0	117	1	111	2	120	3	114	4	110	5	100	6	100	7	118	8	109	9	107	
	0	108	1	116	2	109	3	100	4	117	5	106	6	110	7	120	8	117	9	115	
	0	103	1	110	2	106	3	108	4	113	5	116	6	105	7	101	8	111	9	117	
	0	113	1	111	2	100	3	102	4	100	5	105	6	106	7	112	8	103	9	103	
	0	120	1	119	2	120	3	113	4	106	5	101	6	105	7	115	8	106	9	111	
	0	101	1	105	2	106	3	112	4	114	5	101	6	117	7	118	8	115	9	105	
	0	102	1	106	2	102	3	112	4	101	5	110	6	113	7	120	8	102	9	118	
	0	102	1	105	2	106	3	109	4	105	5	112	6	100	7	115	8	105	9	112	
	0	119	1	110	2	116	3	118	4	111	5	108	6	108	7	105	8	112	9	110	
	0	109	1	105	2	106	3	116	4	118	5	104	6	120	7	118	8	107	9	103	
	0	120	1	104	2	106	3	102	4	105	5	110	6	113	7	115	8	115	9	103	
	0	117	1	111	2	101	3	108	4	102	5	114	6	111	7	117	8	103	9	105	
	0	107	1	113	2	105	3	107	4	119	5	113	6	100	7	108	8	108	9	110	
	0	102	1	110	2	116	3	119	4	110	5	120	6	119	7	102	8	119	9	105	
	0	115	1	107	2	101	3	105	4	106	5	107	6	104	7	118	8	103	9	117	
	0	117	1	115	2	110	3	104	4	113	5	101	6	102	7	117	8	110	9	100	
	0	111	1	102	2	110	3	108	4	107	5	116	6	111	7	108	8	103	9	100	
	0	115	1	100	2	107	3	101	4	103	5	101	6	117	7	108	8	118	9	105	
	0	119	1	108	2	115	3	112	4	112	5	105	6	104	7	103	8	115	9	108	
	0	102	1	104	2	102	3	100	4	118	5	120	6	100	7	105	8	110	9	105	
	0	111	1	105	2	108	3	103	4	104	5	100	6	103	7	107	8	102	9	105	
	0	112	1	111	2	101	3	110	4	113	5	118	6	113	7	107	8	109	9	102	
	0	104	1	108	2	120	3	109	4	106	5	104	6	110	7	102	8	102	9	102	
	0	112	1	116	2	118	3	111	4	107	5	103	6	105	7	115	8	110	9	117	
	0	114	1	116	2	112	3	106	4	109	5	114	6	109	7	101	8	103	9	102	
	0	120	1	108	2	113	3	113	4	102	5	111	6	118	7	106	8	115	9	105	
	0	111	1	114	2	100	3	111	4	113	5	114	6	104	7	115	8	119	9	112	
	0	120	1	118	2	106	3	118	4	108	5	106	6	107	7	109	8	119	9	115	
	0	116	1	117	2	103	3	111	4	114	5	100	6	100	7	109	8	102	9	117	
	0	105	1	112	2	101	3	112	4	115	5	120	6	100	7	111	8	111	9	115	
	0	120	1	114	2	116	3	112	4	101	5	114	6	113	7	119	8	110	9	108	
	0	113	1	106	2	113	3	109	4	113	5	115	6	118	7	115	8	119	9	110	
	0	117	1	115	2	102	3	110	4	113	5	101	6	118	7	102	8	119	9	106	
	0	100	1	108	2	114	3	103	4	115	5	108	6	120	7	112	8	101	9	104	
	0	106	1	113	2	102	3	119	4	106	5	110	6	103	7	102	8	103	9	120	
	0	102	1	104	2	108	3	105	4	113	5	107	6	106	7	100	8	113	9	109	
	0	119	1	120	2	115	3	102	4	117	5	108	6	109	7	102	8	110	9	115	
	0	118	1	105	2	114	3	117	4	108	5	108	6	111	7	105	8	104	9	116	
	0	109	1	115	2	113	3	107	4	103	5	114	6	101	7	118	8	110	9	115	
	0	112	1	112	2	119	3	104	4	105	5	109	6	111	7	120	8	112	9	103	
	0	103	1	107	2	115	3	119	4	110	5	108	6	115	7	109	8	111	9	102	
	0	106	1	102	2	107	3	119	4	116	5	113	6	116	7	119	8	101	9	113	
	0	113	1	103	2	119	3	112	4	109	5	120	6	103	7	110	8	102	9	102	
	0	109	1	104	2	117	3	109	4	113	5	107	6	112	7	101	8	113	9	105	
	0	106	1	107	2	100	3	110	4	112	5	104	6	119	7	102	8	104	9	105	
	0	108	1	114	2	102	3	114	4	100	5	116	6	110	7	103	8	112	9	100	
	0	108	1	116	2	113	3	104	4	108	5	113	6	115	7	102	8	120	9	102	
	0	118	1	113	2	115	3	106	4	102	5	103	6	111	7	117	8	106	9	110	
	0	118	1	105	2	103	3	104	4	105	5	101	6	105	7	109	8	110	9	120	
	0	117	1	111	2	117	3	106	4	115	5	101	6	110	7	104	8	120	9	107	
	0	114	1	106	2	102	3	104	4	106	5	117	6	115	7	119	8	112	9	120	
	0	112	1	107	2	113	3	119	4	107	5	120	6	117	7	112	8	115	9	111	
	0	111	1	109	2	105	3	115	4	106	5	110	6	109	7	117	8	100	9	113	
	0	114	1	103	2	104	3	107	4	104	5	102	6	100	7	120	8	106	9	112	
	0	117	1	104	2	106	3	120	4	103	5	107	6	100	7	108	8	120	9	111	
	0	110	1	119	2	114	3	114	4	117	5	108	6	119	7	103	8	109	9	119	
	0	105	1	118	2	114	3	100	4	101	5	106	6	119	7	108	8	116	9	102	
	0	114	1	103	2	104	3	108	4	100	5	102	6	116	7	103	8	106	9	113	
	0	107	1	120	2	120	3	112	4	103	5	110	6	114	7	101	8	115	9	106	
	0	120	1	116	2	107	3	117	4	101	5	111	6	105	7	117	8	102	9	114	
	0	107	1	118	2	102	3	101	4	106	5	107	6	111	7	117	8	119	9	119	
	0	110	1	117	2	120	3	108	4	114	5	109	6	119	7	106	8	112	9	107	
	0	114	1	108	2	119	3	105	4	100	5	119	6	114	7	111	8	113	9	100	
	0	118	1	117	2	118	3	118	4	113	5	117	6	105	7	103	8	112	9	107	
	0	118	1	110	2	102	3	107	4	120	5	101	6	101	7	115	8	110	9	113	
	0	116	1	106	2	116	3	118	4	101	5	105	6	118	7	117	8	115	9	115	
	0	119	1	109	2	116	3	111	4	120	5	105	6	113	7	113	8	100	9	114	
	0	117	1	113	2	116	3	120	4	103	5	120	6	101	7	106	8	114	9	115	
	0	100	1	120	2	120	3	112	4	119	5	111	6	118	7	109	8	113	9	101	
	0	102	1	116	2	112	3	115	4	100	5	101	6	110	7	116	8	107	9	114	
	0	107	1	119	2	106	3	112	4	106	5	115	6	117	7	105	8	118	9	114	
	0	112	1	108	2	105	3	119	4	117	5	115	6	100	7	118	8	104	9	116	
	0	101	1	118	2	109	3	118	4	110	5	105	6	107	7	111	8	119	9	115	
	0	103	1	112	2	112	3	112	4	113	5	105	6	117	7	114	8	109	9	109	
	0	102	1	102	2	120	3	114	4	119	5	102	6	117	7	110	8	100	9	113	
	0	105	1	117	2	103	3	100	4	108	5	101	6	102	7	110	8	115	9	107	
	0	107	1	106	2	120	3	117	4	116	5	119	6	101	7	103	8	119	9	118	
	0	101	1	118	2	105	3	109	4	119	5	110	6	115	7	116	8	112	9	105	
	0	117	1	101	2	109	3	101	4	115	5	118	6	115	7	116	8	111	9	115	
	0	109	1	103	2	116	3	112	4	109	5	113	6	103	7	117	8	110	9	103	
	0	113	1	103	2	119	3	112	4	115	5	111	6	114	7	106	8	103	9	108	
	0	118	1	117	2	115	3	120	4	118	5	113	6	102	7	113	8	113	9	106	
	0	119	1	118	2	109	3	105	4	105	5	117	6	118	7	113	8	107	9	103	
	0	115	1	105	2	120	3	118	4	115	5	107	6	115	7	115	8	119	9	117	
	0	104	1	116	2	114	3	104	4	113	5	118	6	110	7	118	8	107	9	103	
	0	120	1	105	2	107	3	102	4	109	5	113	6	102	7	105	8	106	9	114	
	0	106	1	119	2	112	3	105	4	105	5	104	6	104	7	117	8	111	9	112	
	0	111	1	101	2	116	3	112	4	104	5	100	6	117	7	103	8	102	9	112	
	0	100	1	108	2	110	3	100	4	109	5	102	6	116	7	116	8	109	9	119	
	0	110	1	105	2	115	3	102	4	113	5	100	6	117	7	111	8	103	9	100	
	0	105	1	100	2	120	3	118	4	116	5	104	6	112	7	116	8	118	9	114	
	0	107	1	105	2	114	3	116	4	108	5	109	6	100	7	105	8	110	9	102	
	0	113	1	101	2	118	3	117	4	118	5	118	6	115	7	119	8	100	9	120	
	0	103	1	111	2	113	3	107	4	102	5	106	6	116	7	111	8	100	9	120	
	0	109	1	107	2	119	3	104	4	113	5	108	6	112	7	105	8	115	9	105	
	0	102	1	114	2	117	3	120	4	109	5	118	6	119	7	100	8	118	9	111	
	0	119	1	109	2	112	3	104	4	112	5	112	6	110	7	112	8	113	9	119	
	0	113	1	115	2	111	3	118	4	100	5	102	6	104	7	117	8	116	9	100	
	0	106	1	117	2	106	3	117	4	117	5	106	6	115	7	111	8	118	9	115	
	0	103	1	116	2	118	3	101	4	104	5	114	6	102	7	105	8	108	9	102	
	0	111	1	108	2	119	3	113	4	107	5	108	6	116	7	117	8	112	9	107	
	0	113	1	100	2	114	3	112	4	113	5	104	6	111	7	107	8	105	9	110	
	0	109	1	103	2	120	3	113	4	119	5	116	6	106	7	111	8	107	9	110	
	0	119	1	111	2	114	3	102	4	113	5	115	6	112	7	108	8	120	9	103	
	0	110	1	101	2	111	3	111	4	111	5	102	6	120	7	118	8	103	9	118	
	0	114	1	100	2	102	3	117	4	100	5	105	6	101	7	120	8	107	9	107	
	0	120	1	111	2	110	3	105	4	115	5	100	6	115	7	102	8	115	9	103	
	0	114	1	112	2	106	3	101	4	109	5	109	6	110	7	114	8	108	9	101	
	0	102	1	116	2	105	3	110	4	110	5	113	6	105	7	111	8	107	9	101	
	0	113	1	112	2	108	3	115	4	103	5	110	6	101	7	100	8	114	9	106	
	0	119	1	120	2	110	3	106	4	110	5	119	6	110	7	113	8	103	9	106	
	0	117	1	120	2	118	3	115	4	112	5	120	6	114	7	109	8	101	9	111	
	0	110	1	104	2	117	3	115	4	107	5	110	6	118	7	120	8	117	9	115	
	0	119	1	106	2	105	3	120	4	115	5	116	6	116	7	104	8	109	9	116	
	0	119	1	118	2	119	3	119	4	109	5	114	6	120	7	120	8	107	9	116	
	0	109	1	107	2	109	3	108	4	109	5	111	6	120	7	104	8	112	9	116	
	0	118	1	109	2	120	3	120	4	102	5	115	6	106	7	118	8	115	9	111	
	0	119	1	107	2	105	3	120	4	120	5	114	6	111	7	101	8	109	9	120	
	0	117	1	115	2	101	3	108	4	103	5	120	6	101	7	101	8	112	9	102	
	0	100	1	112	2	113	3	109	4	105	5	120	6	114	7	107	8	115	9	111	
	0	115	1	119	2	105	3	117	4	108	5	109	6	104	7	102	8	119	9	114	
	0	113	1	110	2	114	3	120	4	117	5	112	6	112	7	120	8	104	9	113	
	0	115	1	100	2	120	3	112	4	100	5	116	6	100	7	105	8	111	9	118	
	0	111	1	105	2	113	3	112	4	111	5	106	6	117	7	115	8	110	9	115	
	0	108	1	119	2	117	3	109	4	115	5	106	6	113	7	106	8	118	9	108	
	0	113	1	106	2	109	3	100	4	119	5	111	6	113	7	113	8	102	9	107	
	0	102	1	115	2	114	3	120	4	104	5	114	6	112	7	103	8	116	9	111	
	0	113	1	101	2	112	3	112	4	100	5	112	6	114	7	106	8	113	9	111	
	0	115	1	119	2	106	3	113	4	107	5	112	6	115	7	105	8	112	9	108	
	0	107	1	120	2	111	3	111	4	105	5	104	6	120	7	102	8	102	9	102	
	0	107	1	119	2	119	3	111	4	105	5	120	6	105	7	101	8	100	9	101	
	0	108	1	103	2	113	3	110	4	109	5	110	6	105	7	111	8	110	9	112	
	0	106	1	101	2	113	3	117	4	107	5	111	6	119	7	119	8	109	9	109	
	0	118	1	119	2	111	3	104	4	118	5	118	6	117	7	100	8	120	9	101	
	0	110	1	113	2	106	3	104	4	100	5	113	6	118	7	117	8	109	9	110	
	0	102	1	111	2	120	3	120	4	120	5	100	6	116	7	101	8	105	9	104	
	0	120	1	110	2	115	3	110	4	119	5	107	6	102	7	104	8	118	9	101	
	0	110	1	107	2	106	3	107	4	100	5	115	6	100	7	115	8	104	9	118	
	0	119	1	101	2	108	3	108	4	101	5	103	6	107	7	107	8	112	9	102	
	0	114	1	118	2	101	3	104	4	113	5	107	6	119	7	114	8	113	9	116	
	0	107	1	119	2	117	3	119	4	109	5	104	6	112	7	110	8	100	9	100	
	0	118	1	117	2	112	3	106	4	118	5	114	6	119	7	106	8	116	9	116	
	0	109	1	103	2	112	3	102	4	106	5	105	6	111	7	116	8	113	9	118	
	0	108	1	117	2	108	3	108	4	100	5	113	6	116	7	111	8	111	9	116	
	0	114	1	116	2	116	3	101	4	120	5	112	6	100	7	102	8	100	9	112	