200 20 1
20
	0	119	1	104	2	103	3	100	4	120	5	109	6	102	7	101	8	104	9	118	10	119	11	103	12	116	13	103	14	110	15	117	16	107	17	106	18	119	19	109	
	0	116	1	117	2	105	3	107	4	115	5	114	6	101	7	106	8	120	9	104	10	115	11	116	12	112	13	114	14	118	15	114	16	120	17	120	18	116	19	101	
	0	106	1	119	2	112	3	118	4	119	5	102	6	118	7	106	8	116	9	102	10	117	11	111	12	100	13	100	14	107	15	108	16	118	17	107	18	116	19	104	
	0	105	1	104	2	107	3	119	4	117	5	113	6	118	7	101	8	101	9	113	10	112	11	105	12	109	13	109	14	118	15	107	16	107	17	106	18	114	19	102	
	0	116	1	111	2	118	3	105	4	116	5	108	6	102	7	116	8	105	9	120	10	110	11	120	12	100	13	110	14	115	15	119	16	101	17	109	18	120	19	106	
	0	102	1	106	2	106	3	120	4	110	5	105	6	115	7	108	8	108	9	109	10	118	11	112	12	113	13	107	14	102	15	111	16	111	17	107	18	115	19	108	
	0	104	1	111	2	105	3	107	4	119	5	119	6	111	7	118	8	108	9	106	10	101	11	101	12	110	13	105	14	111	15	100	16	115	17	108	18	112	19	102	
	0	115	1	101	2	107	3	117	4	115	5	108	6	119	7	118	8	109	9	106	10	118	11	116	12	106	13	110	14	107	15	106	16	109	17	117	18	110	19	104	
	0	100	1	105	2	120	3	109	4	120	5	111	6	119	7	109	8	119	9	110	10	115	11	107	12	114	13	100	14	105	15	116	16	117	17	102	18	101	19	104	
	0	112	1	112	2	108	3	119	4	113	5	101	6	120	7	112	8	119	9	119	10	116	11	118	12	115	13	116	14	100	15	111	16	117	17	101	18	100	19	107	
	0	116	1	113	2	100	3	108	4	107	5	111	6	109	7	119	8	104	9	117	10	103	11	115	12	109	13	110	14	116	15	112	16	118	17	117	18	120	19	116	
	0	117	1	106	2	112	3	102	4	102	5	116	6	104	7	113	8	106	9	113	10	106	11	115	12	109	13	105	14	106	15	103	16	117	17	105	18	116	19	114	
	0	117	1	112	2	120	3	111	4	105	5	102	6	105	7	120	8	107	9	112	10	119	11	106	12	117	13	106	14	103	15	110	16	100	17	113	18	110	19	117	
	0	118	1	115	2	101	3	111	4	119	5	106	6	117	7	108	8	105	9	119	10	115	11	104	12	110	13	118	14	106	15	102	16	111	17	114	18	107	19	110	
	0	114	1	115	2	106	3	100	4	115	5	103	6	120	7	107	8	117	9	108	10	105	11	107	12	117	13	114	14	103	15	117	16	105	17	107	18	109	19	102	
	0	113	1	119	2	111	3	106	4	114	5	100	6	115	7	116	8	110	9	118	10	114	11	105	12	119	13	106	14	104	15	101	16	102	17	117	18	104	19	103	
	0	112	1	102	2	117	3	112	4	103	5	116	6	112	7	110	8	108	9	109	10	115	11	116	12	118	13	120	14	102	15	114	16	118	17	105	18	105	19	116	
	0	103	1	104	2	114	3	119	4	109	5	104	6	117	7	118	8	114	9	106	10	102	11	110	12	103	13	118	14	106	15	120	16	118	17	112	18	113	19	104	
	0	114	1	109	2	105	3	103	4	108	5	108	6	119	7	100	8	106	9	118	10	110	11	117	12	105	13	118	14	109	15	120	16	119	17	117	18	109	19	112	
	0	105	1	106	2	110	3	106	4	115	5	117	6	118	7	104	8	102	9	114	10	113	11	120	12	109	13	104	14	102	15	109	16	102	17	118	18	102	19	110	
	0	110	1	115	2	108	3	113	4	101	5	107	6	111	7	101	8	112	9	114	10	117	11	116	12	118	13	109	14	114	15	105	16	102	17	100	18	115	19	108	
	0	103	1	103	2	111	3	105	4	104	5	110	6	117	7	101	8	105	9	100	10	101	11	107	12	116	13	100	14	108	15	120	16	103	17	112	18	118	19	112	
	0	100	1	102	2	101	3	120	4	102	5	108	6	119	7	102	8	111	9	117	10	101	11	108	12	118	13	105	14	103	15	116	16	100	17	104	18	110	19	112	
	0	104	1	101	2	109	3	115	4	119	5	105	6	119	7	101	8	108	9	111	10	111	11	118	12	115	13	112	14	110	15	118	16	111	17	103	18	107	19	107	
	0	109	1	106	2	101	3	114	4	100	5	116	6	105	7	116	8	116	9	118	10	109	11	115	12	110	13	117	14	110	15	118	16	103	17	110	18	118	19	102	
	0	118	1	106	2	102	3	100	4	115	5	117	6	115	7	118	8	112	9	105	10	102	11	108	12	117	13	107	14	102	15	114	16	109	17	114	18	102	19	102	
	0	114	1	107	2	112	3	104	4	100	5	109	6	102	7	111	8	120	9	108	10	113	11	114	12	110	13	112	14	110	15	112	16	102	17	115	18	108	19	109	
	0	100	1	106	2	116	3	117	4	120	5	101	6	107	7	113	8	110	9	109	10	106	11	112	12	112	13	118	14	115	15	104	16	120	17	110	18	118	19	118	
	0	118	1	102	2	115	3	120	4	100	5	119	6	100	7	120	8	106	9	115	10	105	11	110	12	108	13	117	14	110	15	105	16	119	17	103	18	116	19	100	
	0	104	1	102	2	109	3	102	4	105	5	107	6	118	7	110	8	100	9	105	10	105	11	100	12	111	13	112	14	114	15	119	16	120	17	115	18	112	19	118	
	0	102	1	106	2	103	3	101	4	110	5	116	6	103	7	109	8	118	9	109	10	106	11	120	12	118	13	115	14	119	15	103	16	108	17	109	18	104	19	119	
	0	100	1	101	2	117	3	120	4	118	5	120	6	117	7	109	8	101	9	117	10	110	11	116	12	103	13	115	14	103	15	119	16	111	17	101	18	112	19	113	
	0	107	1	118	2	100	3	105	4	117	5	116	6	117	7	113	8	113	9	108	10	108	11	101	12	118	13	102	14	104	15	102	16	103	17	117	18	116	19	111	
	0	112	1	119	2	110	3	117	4	101	5	117	6	117	7	118	8	110	9	110	10	104	11	107	12	104	13	114	14	119	15	101	16	104	17	106	18	109	19	120	
	0	105	1	118	2	105	3	107	4	103	5	107	6	110	7	100	8	114	9	118	10	100	11	103	12	116	13	117	14	111	15	109	16	120	17	104	18	113	19	112	
	0	101	1	117	2	102	3	112	4	106	5	116	6	118	7	114	8	102	9	115	10	107	11	102	12	116	13	117	14	116	15	115	16	119	17	115	18	104	19	101	
	0	116	1	108	2	111	3	102	4	110	5	116	6	111	7	105	8	119	9	103	10	113	11	118	12	113	13	120	14	113	15	116	16	115	17	114	18	112	19	102	
	0	103	1	104	2	100	3	101	4	117	5	104	6	105	7	102	8	118	9	106	10	101	11	108	12	103	13	107	14	119	15	109	16	115	17	103	18	103	19	101	
	0	105	1	115	2	109	3	116	4	113	5	100	6	113	7	106	8	111	9	120	10	114	11	106	12	100	13	107	14	112	15	105	16	103	17	100	18	117	19	106	
	0	102	1	112	2	117	3	108	4	113	5	117	6	101	7	115	8	113	9	108	10	108	11	112	12	118	13	111	14	102	15	117	16	114	17	107	18	116	19	104	
	0	112	1	110	2	102	3	116	4	113	5	115	6	107	7	116	8	103	9	107	10	101	11	119	12	108	13	102	14	116	15	113	16	119	17	118	18	109	19	101	
	0	113	1	105	2	118	3	107	4	102	5	105	6	119	7	106	8	101	9	101	10	105	11	101	12	107	13	120	14	118	15	101	16	115	17	106	18	112	19	118	
	0	117	1	107	2	106	3	110	4	119	5	120	6	106	7	104	8	115	9	112	10	114	11	109	12	102	13	109	14	103	15	114	16	120	17	111	18	118	19	108	
	0	118	1	107	2	110	3	117	4	106	5	109	6	112	7	113	8	105	9	117	10	120	11	119	12	100	13	115	14	118	15	119	16	108	17	106	18	111	19	119	
	0	116	1	114	2	109	3	118	4	105	5	119	6	114	7	100	8	117	9	119	10	100	11	115	12	111	13	110	14	116	15	109	16	106	17	100	18	106	19	108	
	0	106	1	112	2	116	3	118	4	104	5	114	6	103	7	119	8	103	9	119	10	113	11	120	12	117	13	103	14	106	15	100	16	120	17	110	18	101	19	118	
	0	101	1	105	2	104	3	107	4	112	5	118	6	106	7	117	8	107	9	109	10	117	11	108	12	103	13	112	14	101	15	117	16	116	17	118	18	118	19	112	
	0	118	1	102	2	105	3	104	4	102	5	120	6	113	7	100	8	100	9	118	10	100	11	107	12	109	13	115	14	116	15	102	16	104	17	105	18	100	19	111	
	0	119	1	115	2	116	3	113	4	105	5	101	6	101	7	110	8	111	9	107	10	109	11	119	12	113	13	108	14	117	15	104	16	118	17	114	18	120	19	107	
	0	109	1	108	2	108	3	109	4	100	5	105	6	101	7	111	8	116	9	104	10	110	11	120	12	117	13	120	14	109	15	114	16	116	17	120	18	100	19	109	
	0	110	1	120	2	103	3	118	4	114	5	105	6	118	7	107	8	114	9	100	10	109	11	105	12	115	13	105	14	101	15	103	16	100	17	106	18	114	19	103	
	0	115	1	104	2	106	3	112	4	104	5	110	6	116	7	119	8	116	9	105	10	120	11	117	12	107	13	104	14	100	15	106	16	106	17	100	18	114	19	102	
	0	105	1	115	2	112	3	120	4	104	5	118	6	108	7	117	8	118	9	108	10	111	11	115	12	111	13	114	14	110	15	106	16	115	17	113	18	117	19	102	
	0	106	1	103	2	115	3	120	4	115	5	111	6	119	7	117	8	116	9	119	10	105	11	108	12	117	13	103	14	119	15	107	16	120	17	118	18	116	19	118	
	0	117	1	112	2	112	3	112	4	112	5	110	6	106	7	115	8	116	9	118	10	100	11	107	12	112	13	103	14	104	15	119	16	112	17	102	18	101	19	106	
	0	120	1	105	2	108	3	115	4	115	5	110	6	114	7	116	8	104	9	107	10	104	11	100	12	104	13	106	14	103	15	106	16	120	17	111	18	120	19	107	
	0	104	1	114	2	105	3	101	4	107	5	108	6	113	7	111	8	105	9	113	10	119	11	117	12	109	13	107	14	105	15	107	16	119	17	104	18	106	19	107	
	0	114	1	117	2	104	3	101	4	108	5	116	6	106	7	106	8	116	9	110	10	108	11	116	12	100	13	101	14	111	15	111	16	120	17	110	18	105	19	100	
	0	112	1	115	2	110	3	115	4	100	5	107	6	101	7	116	8	102	9	100	10	106	11	112	12	103	13	112	14	112	15	120	16	116	17	115	18	106	19	120	
	0	107	1	115	2	110	3	114	4	106	5	109	6	111	7	118	8	101	9	102	10	100	11	112	12	105	13	101	14	106	15	115	16	103	17	104	18	118	19	118	
	0	102	1	104	2	105	3	116	4	110	5	112	6	105	7	120	8	108	9	104	10	117	11	103	12	106	13	103	14	100	15	100	16	116	17	110	18	110	19	107	
	0	105	1	113	2	114	3	106	4	106	5	115	6	103	7	109	8	110	9	106	10	100	11	101	12	104	13	116	14	103	15	114	16	103	17	110	18	120	19	114	
	0	107	1	107	2	113	3	110	4	112	5	104	6	109	7	102	8	107	9	103	10	118	11	111	12	111	13	118	14	111	15	111	16	118	17	103	18	111	19	101	
	0	116	1	102	2	116	3	116	4	112	5	104	6	101	7	106	8	100	9	120	10	103	11	115	12	104	13	112	14	104	15	115	16	117	17	113	18	116	19	102	
	0	116	1	100	2	103	3	108	4	104	5	105	6	120	7	107	8	106	9	101	10	119	11	109	12	120	13	114	14	109	15	108	16	118	17	114	18	105	19	103	
	0	111	1	108	2	117	3	119	4	109	5	102	6	101	7	115	8	110	9	101	10	115	11	103	12	104	13	104	14	106	15	114	16	107	17	115	18	118	19	106	
	0	105	1	117	2	111	3	117	4	113	5	120	6	100	7	119	8	100	9	107	10	102	11	112	12	119	13	104	14	108	15	116	16	106	17	109	18	106	19	104	
	0	112	1	109	2	110	3	102	4	111	5	115	6	113	7	102	8	119	9	110	10	108	11	104	12	110	13	119	14	107	15	114	16	115	17	104	18	111	19	101	
	0	119	1	117	2	120	3	119	4	116	5	107	6	110	7	101	8	115	9	114	10	109	11	120	12	110	13	100	14	110	15	103	16	118	17	112	18	103	19	115	
	0	109	1	117	2	114	3	113	4	107	5	108	6	101	7	106	8	103	9	102	10	116	11	105	12	109	13	117	14	104	15	119	16	106	17	103	18	117	19	112	
	0	117	1	106	2	100	3	106	4	119	5	118	6	102	7	114	8	103	9	103	10	117	11	104	12	100	13	108	14	110	15	108	16	101	17	109	18	102	19	101	
	0	117	1	116	2	103	3	105	4	109	5	110	6	100	7	118	8	105	9	104	10	101	11	116	12	115	13	105	14	116	15	117	16	112	17	120	18	109	19	113	
	0	101	1	118	2	106	3	112	4	100	5	101	6	104	7	120	8	104	9	104	10	119	11	108	12	111	13	104	14	100	15	115	16	102	17	117	18	100	19	110	
	0	113	1	108	2	100	3	111	4	116	5	102	6	100	7	112	8	108	9	101	10	116	11	105	12	111	13	113	14	118	15	102	16	111	17	120	18	110	19	117	
	0	114	1	116	2	106	3	103	4	119	5	110	6	106	7	110	8	100	9	112	10	100	11	115	12	120	13	113	14	119	15	107	16	120	17	118	18	116	19	104	
	0	119	1	103	2	119	3	104	4	101	5	113	6	101	7	114	8	110	9	106	10	103	11	115	12	119	13	120	14	101	15	109	16	113	17	106	18	119	19	116	
	0	112	1	120	2	114	3	114	4	103	5	118	6	101	7	101	8	115	9	102	10	106	11	112	12	110	13	109	14	104	15	100	16	115	17	104	18	117	19	109	
	0	108	1	113	2	113	3	119	4	112	5	110	6	102	7	105	8	107	9	118	10	104	11	104	12	114	13	118	14	117	15	108	16	101	17	110	18	105	19	117	
	0	117	1	112	2	116	3	100	4	110	5	113	6	106	7	101	8	102	9	109	10	102	11	118	12	108	13	108	14	106	15	100	16	108	17	111	18	100	19	116	
	0	117	1	105	2	102	3	120	4	111	5	101	6	108	7	106	8	101	9	100	10	100	11	120	12	100	13	115	14	120	15	101	16	104	17	103	18	108	19	117	
	0	100	1	110	2	118	3	112	4	119	5	116	6	104	7	101	8	113	9	110	10	102	11	119	12	102	13	105	14	106	15	101	16	118	17	112	18	104	19	111	
	0	112	1	103	2	103	3	107	4	119	5	120	6	108	7	109	8	120	9	105	10	108	11	101	12	118	13	102	14	118	15	115	16	103	17	105	18	106	19	118	
	0	103	1	110	2	112	3	105	4	109	5	108	6	114	7	102	8	106	9	109	10	112	11	104	12	115	13	118	14	112	15	105	16	101	17	102	18	113	19	115	
	0	103	1	101	2	119	3	119	4	120	5	117	6	108	7	111	8	112	9	109	10	102	11	106	12	115	13	110	14	101	15	111	16	101	17	111	18	101	19	113	
	0	120	1	108	2	113	3	112	4	114	5	108	6	107	7	116	8	112	9	111	10	118	11	108	12	109	13	117	14	116	15	114	16	111	17	101	18	120	19	115	
	0	107	1	118	2	107	3	105	4	106	5	110	6	100	7	101	8	119	9	116	10	110	11	113	12	100	13	113	14	111	15	119	16	113	17	104	18	119	19	102	
	0	104	1	103	2	105	3	103	4	106	5	117	6	112	7	103	8	101	9	118	10	116	11	115	12	107	13	104	14	114	15	111	16	110	17	117	18	117	19	106	
	0	114	1	112	2	119	3	116	4	112	5	105	6	110	7	113	8	100	9	114	10	118	11	111	12	104	13	100	14	106	15	117	16	116	17	110	18	117	19	109	
	0	118	1	111	2	104	3	120	4	102	5	109	6	106	7	104	8	116	9	117	10	100	11	108	12	101	13	102	14	108	15	104	16	106	17	102	18	106	19	100	
	0	101	1	111	2	120	3	114	4	115	5	105	6	119	7	106	8	108	9	103	10	103	11	117	12	111	13	100	14	111	15	105	16	105	17	106	18	113	19	102	
	0	115	1	113	2	107	3	118	4	105	5	113	6	110	7	119	8	107	9	100	10	112	11	107	12	110	13	106	14	113	15	107	16	105	17	112	18	118	19	114	
	0	117	1	104	2	106	3	103	4	104	5	109	6	120	7	112	8	116	9	107	10	115	11	112	12	100	13	110	14	102	15	120	16	115	17	106	18	106	19	103	
	0	116	1	114	2	105	3	105	4	118	5	102	6	103	7	100	8	106	9	111	10	120	11	103	12	115	13	115	14	115	15	112	16	105	17	120	18	108	19	103	
	0	113	1	113	2	103	3	111	4	112	5	104	6	117	7	113	8	120	9	114	10	102	11	116	12	110	13	110	14	113	15	116	16	106	17	111	18	108	19	114	
	0	102	1	103	2	112	3	111	4	102	5	119	6	115	7	114	8	120	9	119	10	117	11	104	12	108	13	106	14	105	15	111	16	114	17	120	18	101	19	109	
	0	105	1	117	2	112	3	102	4	108	5	102	6	113	7	102	8	118	9	116	10	105	11	119	12	118	13	113	14	117	15	108	16	115	17	110	18	107	19	106	
	0	114	1	119	2	111	3	112	4	107	5	112	6	119	7	120	8	107	9	119	10	105	11	109	12	110	13	106	14	119	15	103	16	107	17	105	18	109	19	107	
	0	119	1	100	2	108	3	109	4	118	5	111	6	101	7	106	8	100	9	118	10	107	11	117	12	101	13	112	14	104	15	103	16	104	17	101	18	109	19	120	
	0	120	1	105	2	108	3	112	4	111	5	106	6	116	7	120	8	105	9	119	10	104	11	119	12	118	13	115	14	114	15	107	16	106	17	110	18	120	19	108	
	0	111	1	115	2	114	3	105	4	116	5	110	6	100	7	119	8	117	9	120	10	118	11	119	12	118	13	114	14	103	15	105	16	111	17	120	18	119	19	105	
	0	118	1	103	2	110	3	101	4	115	5	118	6	117	7	112	8	107	9	106	10	108	11	105	12	119	13	112	14	115	15	117	16	115	17	111	18	103	19	105	
	0	114	1	104	2	112	3	101	4	101	5	111	6	113	7	104	8	115	9	111	10	110	11	106	12	108	13	110	14	106	15	120	16	107	17	113	18	107	19	107	
	0	112	1	116	2	117	3	103	4	117	5	103	6	107	7	112	8	110	9	113	10	108	11	101	12	111	13	106	14	114	15	104	16	114	17	112	18	108	19	107	
	0	109	1	107	2	118	3	115	4	104	5	120	6	106	7	106	8	113	9	112	10	113	11	105	12	109	13	116	14	107	15	110	16	109	17	101	18	120	19	119	
	0	101	1	110	2	106	3	101	4	104	5	105	6	114	7	103	8	120	9	113	10	112	11	110	12	101	13	100	14	115	15	106	16	107	17	120	18	114	19	116	
	0	118	1	113	2	101	3	103	4	112	5	105	6	107	7	114	8	101	9	118	10	113	11	116	12	105	13	112	14	110	15	113	16	111	17	111	18	119	19	118	
	0	118	1	114	2	106	3	118	4	113	5	105	6	101	7	115	8	110	9	120	10	115	11	107	12	106	13	110	14	117	15	113	16	116	17	103	18	109	19	118	
	0	113	1	112	2	102	3	102	4	117	5	106	6	112	7	106	8	119	9	109	10	102	11	119	12	119	13	119	14	102	15	105	16	109	17	103	18	100	19	113	
	0	111	1	103	2	102	3	119	4	102	5	119	6	113	7	117	8	101	9	117	10	103	11	112	12	115	13	100	14	103	15	107	16	101	17	113	18	110	19	120	
	0	101	1	118	2	104	3	103	4	110	5	108	6	119	7	103	8	100	9	113	10	107	11	108	12	102	13	104	14	111	15	103	16	110	17	116	18	115	19	105	
	0	114	1	111	2	108	3	112	4	111	5	114	6	103	7	108	8	109	9	118	10	115	11	106	12	115	13	111	14	107	15	118	16	120	17	106	18	101	19	109	
	0	103	1	104	2	116	3	115	4	108	5	108	6	107	7	118	8	109	9	103	10	116	11	111	12	111	13	102	14	112	15	105	16	108	17	100	18	104	19	109	
	0	102	1	119	2	119	3	114	4	115	5	104	6	101	7	111	8	116	9	111	10	105	11	104	12	112	13	107	14	103	15	116	16	106	17	120	18	115	19	106	
	0	100	1	117	2	112	3	109	4	106	5	115	6	117	7	103	8	113	9	114	10	117	11	106	12	109	13	116	14	112	15	113	16	118	17	100	18	113	19	103	
	0	103	1	107	2	115	3	103	4	104	5	115	6	120	7	120	8	111	9	114	10	102	11	119	12	111	13	119	14	105	15	105	16	102	17	108	18	105	19	119	
	0	116	1	112	2	102	3	108	4	117	5	117	6	113	7	112	8	118	9	110	10	117	11	116	12	113	13	111	14	101	15	114	16	103	17	111	18	108	19	111	
	0	104	1	116	2	119	3	108	4	110	5	108	6	115	7	101	8	100	9	112	10	104	11	102	12	117	13	103	14	112	15	114	16	109	17	118	18	108	19	104	
	0	115	1	111	2	101	3	118	4	100	5	110	6	117	7	100	8	104	9	120	10	103	11	119	12	114	13	101	14	110	15	120	16	105	17	100	18	107	19	107	
	0	118	1	105	2	102	3	111	4	103	5	103	6	114	7	113	8	113	9	116	10	100	11	115	12	106	13	102	14	117	15	107	16	112	17	107	18	104	19	102	
	0	110	1	109	2	104	3	105	4	105	5	107	6	113	7	115	8	108	9	111	10	120	11	118	12	111	13	120	14	104	15	114	16	111	17	119	18	116	19	100	
	0	100	1	119	2	120	3	102	4	100	5	118	6	115	7	119	8	119	9	120	10	119	11	115	12	115	13	112	14	115	15	118	16	110	17	107	18	100	19	104	
	0	102	1	104	2	109	3	105	4	118	5	107	6	114	7	119	8	117	9	110	10	114	11	112	12	100	13	114	14	117	15	101	16	117	17	100	18	106	19	102	
	0	108	1	101	2	120	3	119	4	100	5	104	6	104	7	102	8	106	9	104	10	104	11	119	12	104	13	120	14	100	15	112	16	115	17	107	18	103	19	107	
	0	106	1	118	2	108	3	112	4	104	5	115	6	120	7	118	8	105	9	107	10	103	11	100	12	113	13	110	14	109	15	101	16	103	17	117	18	100	19	109	
	0	117	1	104	2	118	3	103	4	107	5	102	6	119	7	116	8	103	9	105	10	116	11	109	12	107	13	109	14	101	15	100	16	119	17	120	18	110	19	109	
	0	115	1	103	2	112	3	115	4	103	5	110	6	115	7	110	8	104	9	104	10	102	11	103	12	102	13	108	14	107	15	107	16	103	17	106	18	116	19	108	
	0	105	1	109	2	113	3	101	4	118	5	103	6	103	7	118	8	103	9	108	10	107	11	113	12	116	13	102	14	111	15	119	16	117	17	109	18	103	19	100	
	0	100	1	108	2	107	3	105	4	104	5	114	6	113	7	106	8	119	9	103	10	105	11	103	12	116	13	104	14	101	15	115	16	111	17	107	18	106	19	101	
	0	105	1	111	2	112	3	105	4	101	5	116	6	111	7	102	8	100	9	116	10	106	11	120	12	111	13	117	14	103	15	103	16	102	17	115	18	107	19	113	
	0	120	1	104	2	104	3	109	4	115	5	117	6	103	7	118	8	100	9	109	10	111	11	104	12	117	13	103	14	108	15	102	16	108	17	101	18	112	19	102	
	0	100	1	112	2	100	3	117	4	117	5	107	6	115	7	102	8	107	9	116	10	106	11	118	12	109	13	116	14	100	15	102	16	104	17	100	18	111	19	117	
	0	109	1	118	2	100	3	110	4	100	5	118	6	111	7	114	8	104	9	112	10	103	11	108	12	112	13	106	14	113	15	120	16	106	17	106	18	103	19	105	
	0	100	1	108	2	101	3	114	4	105	5	107	6	116	7	115	8	101	9	106	10	107	11	102	12	111	13	106	14	116	15	114	16	111	17	107	18	107	19	114	
	0	107	1	106	2	114	3	105	4	111	5	115	6	117	7	110	8	103	9	115	10	106	11	102	12	103	13	114	14	109	15	100	16	104	17	118	18	111	19	112	
	0	103	1	108	2	107	3	113	4	100	5	108	6	109	7	106	8	100	9	119	10	103	11	100	12	102	13	102	14	106	15	110	16	104	17	117	18	113	19	116	
	0	113	1	103	2	111	3	112	4	116	5	119	6	109	7	111	8	104	9	119	10	113	11	115	12	104	13	104	14	108	15	102	16	115	17	116	18	107	19	117	
	0	107	1	116	2	105	3	100	4	102	5	109	6	119	7	120	8	111	9	107	10	100	11	105	12	105	13	101	14	105	15	120	16	101	17	104	18	104	19	120	
	0	110	1	120	2	109	3	113	4	108	5	106	6	106	7	119	8	105	9	117	10	107	11	109	12	111	13	114	14	103	15	107	16	103	17	102	18	119	19	107	
	0	112	1	117	2	113	3	116	4	118	5	117	6	106	7	115	8	108	9	109	10	117	11	111	12	109	13	111	14	111	15	120	16	110	17	109	18	103	19	105	
	0	100	1	110	2	120	3	111	4	120	5	111	6	114	7	103	8	104	9	108	10	111	11	117	12	104	13	112	14	105	15	109	16	115	17	113	18	112	19	103	
	0	114	1	103	2	117	3	118	4	105	5	108	6	103	7	113	8	120	9	107	10	103	11	109	12	119	13	102	14	115	15	111	16	112	17	102	18	110	19	106	
	0	113	1	118	2	111	3	101	4	110	5	108	6	100	7	118	8	105	9	117	10	113	11	118	12	105	13	110	14	111	15	111	16	111	17	111	18	114	19	115	
	0	106	1	114	2	104	3	118	4	119	5	100	6	112	7	105	8	107	9	119	10	109	11	113	12	105	13	101	14	105	15	115	16	111	17	118	18	105	19	119	
	0	103	1	114	2	105	3	101	4	109	5	103	6	103	7	108	8	107	9	114	10	107	11	117	12	109	13	110	14	118	15	112	16	116	17	118	18	113	19	103	
	0	113	1	100	2	100	3	117	4	101	5	107	6	116	7	108	8	112	9	114	10	101	11	117	12	118	13	113	14	108	15	115	16	104	17	101	18	100	19	117	
	0	101	1	104	2	105	3	115	4	106	5	116	6	118	7	102	8	119	9	114	10	111	11	103	12	103	13	111	14	110	15	101	16	101	17	106	18	120	19	110	
	0	120	1	107	2	110	3	120	4	108	5	112	6	111	7	111	8	119	9	105	10	115	11	108	12	117	13	119	14	108	15	108	16	116	17	105	18	110	19	111	
	0	110	1	100	2	111	3	116	4	106	5	110	6	103	7	113	8	111	9	111	10	104	11	116	12	111	13	113	14	101	15	117	16	116	17	111	18	113	19	115	
	0	100	1	115	2	111	3	104	4	106	5	117	6	117	7	116	8	106	9	114	10	102	11	116	12	109	13	105	14	107	15	112	16	108	17	100	18	120	19	110	
	0	110	1	107	2	100	3	105	4	106	5	101	6	119	7	111	8	113	9	102	10	106	11	116	12	104	13	106	14	118	15	110	16	118	17	112	18	119	19	110	
	0	109	1	120	2	103	3	109	4	107	5	108	6	114	7	117	8	106	9	100	10	104	11	107	12	106	13	120	14	105	15	100	16	103	17	111	18	113	19	106	
	0	108	1	100	2	111	3	114	4	112	5	111	6	106	7	100	8	117	9	120	10	119	11	108	12	111	13	112	14	112	15	112	16	108	17	117	18	110	19	116	
	0	100	1	112	2	101	3	120	4	111	5	111	6	104	7	104	8	102	9	114	10	111	11	107	12	117	13	117	14	100	15	113	16	109	17	116	18	119	19	119	
	0	108	1	106	2	106	3	101	4	115	5	103	6	114	7	106	8	111	9	104	10	102	11	105	12	107	13	105	14	120	15	114	16	119	17	113	18	120	19	120	
	0	116	1	118	2	101	3	103	4	116	5	113	6	111	7	117	8	119	9	112	10	106	11	110	12	110	13	113	14	117	15	112	16	120	17	111	18	118	19	118	
	0	115	1	102	2	104	3	110	4	111	5	113	6	105	7	115	8	106	9	109	10	101	11	120	12	115	13	108	14	106	15	118	16	119	17	101	18	115	19	117	
	0	113	1	118	2	106	3	104	4	106	5	102	6	112	7	107	8	110	9	109	10	117	11	118	12	105	13	104	14	114	15	116	16	118	17	120	18	106	19	110	
	0	120	1	116	2	116	3	116	4	101	5	113	6	113	7	107	8	105	9	112	10	105	11	101	12	113	13	106	14	120	15	105	16	115	17	106	18	118	19	103	
	0	106	1	104	2	102	3	105	4	114	5	107	6	108	7	119	8	118	9	101	10	107	11	101	12	102	13	100	14	110	15	103	16	119	17	101	18	118	19	119	
	0	101	1	109	2	118	3	111	4	110	5	101	6	111	7	103	8	118	9	114	10	116	11	113	12	105	13	107	14	107	15	118	16	118	17	107	18	107	19	118	
	0	105	1	101	2	113	3	105	4	101	5	109	6	112	7	115	8	100	9	112	10	112	11	117	12	100	13	107	14	101	15	109	16	106	17	117	18	110	19	102	
	0	117	1	110	2	112	3	100	4	105	5	118	6	103	7	102	8	119	9	110	10	101	11	113	12	110	13	103	14	119	15	106	16	117	17	113	18	110	19	101	
	0	110	1	117	2	101	3	104	4	118	5	116	6	119	7	116	8	117	9	107	10	100	11	109	12	100	13	108	14	115	15	111	16	102	17	100	18	107	19	118	
	0	103	1	109	2	117	3	110	4	103	5	108	6	108	7	101	8	100	9	118	10	110	11	108	12	120	13	120	14	120	15	114	16	112	17	101	18	118	19	117	
	0	101	1	120	2	109	3	109	4	111	5	108	6	107	7	105	8	114	9	114	10	100	11	101	12	108	13	115	14	113	15	114	16	110	17	119	18	114	19	113	
	0	106	1	117	2	119	3	102	4	115	5	117	6	118	7	115	8	117	9	113	10	111	11	114	12	116	13	105	14	109	15	120	16	117	17	102	18	113	19	101	
	0	107	1	118	2	115	3	102	4	100	5	100	6	100	7	117	8	114	9	100	10	115	11	118	12	100	13	114	14	106	15	118	16	108	17	105	18	112	19	108	
	0	108	1	102	2	119	3	100	4	114	5	106	6	112	7	117	8	111	9	109	10	118	11	101	12	115	13	111	14	118	15	118	16	108	17	109	18	111	19	120	
	0	114	1	105	2	112	3	103	4	114	5	117	6	119	7	102	8	103	9	119	10	118	11	101	12	105	13	112	14	107	15	117	16	114	17	103	18	104	19	117	
	0	100	1	118	2	118	3	110	4	117	5	101	6	120	7	119	8	108	9	104	10	119	11	100	12	108	13	116	14	116	15	109	16	107	17	119	18	113	19	120	
	0	101	1	114	2	104	3	110	4	118	5	109	6	111	7	113	8	104	9	113	10	102	11	111	12	118	13	109	14	116	15	108	16	119	17	117	18	119	19	100	
	0	102	1	103	2	102	3	102	4	113	5	106	6	105	7	116	8	111	9	111	10	108	11	108	12	113	13	111	14	103	15	105	16	120	17	120	18	108	19	102	
	0	109	1	116	2	114	3	100	4	117	5	109	6	100	7	107	8	108	9	100	10	115	11	112	12	107	13	108	14	111	15	118	16	114	17	115	18	109	19	106	
	0	120	1	103	2	104	3	100	4	119	5	115	6	107	7	116	8	115	9	102	10	118	11	105	12	106	13	120	14	111	15	109	16	105	17	112	18	106	19	109	
	0	113	1	104	2	111	3	113	4	117	5	108	6	100	7	115	8	110	9	111	10	100	11	105	12	109	13	120	14	119	15	113	16	113	17	109	18	107	19	100	
	0	105	1	115	2	115	3	108	4	116	5	108	6	108	7	111	8	117	9	108	10	104	11	108	12	106	13	105	14	110	15	100	16	111	17	118	18	107	19	102	
	0	103	1	108	2	101	3	114	4	102	5	112	6	113	7	104	8	119	9	108	10	102	11	115	12	116	13	103	14	119	15	119	16	113	17	113	18	101	19	100	
	0	118	1	117	2	108	3	111	4	100	5	111	6	106	7	101	8	113	9	111	10	114	11	102	12	113	13	120	14	114	15	120	16	101	17	103	18	104	19	104	
	0	117	1	116	2	108	3	118	4	102	5	109	6	115	7	107	8	118	9	105	10	100	11	116	12	107	13	118	14	110	15	110	16	115	17	112	18	115	19	104	
	0	116	1	104	2	118	3	106	4	119	5	115	6	104	7	106	8	118	9	113	10	102	11	102	12	107	13	102	14	111	15	101	16	119	17	109	18	118	19	102	
	0	103	1	110	2	102	3	104	4	106	5	119	6	115	7	115	8	118	9	100	10	115	11	120	12	107	13	108	14	110	15	115	16	105	17	111	18	102	19	119	
	0	114	1	116	2	104	3	119	4	112	5	100	6	105	7	106	8	115	9	104	10	119	11	120	12	102	13	111	14	109	15	115	16	109	17	118	18	103	19	106	
	0	100	1	111	2	107	3	118	4	116	5	106	6	103	7	108	8	104	9	101	10	103	11	115	12	111	13	103	14	119	15	112	16	110	17	114	18	119	19	112	
	0	104	1	112	2	102	3	106	4	119	5	108	6	100	7	104	8	111	9	112	10	101	11	108	12	116	13	108	14	110	15	110	16	110	17	112	18	104	19	113	
	0	112	1	118	2	101	3	100	4	109	5	103	6	111	7	101	8	120	9	116	10	102	11	117	12	115	13	108	14	107	15	112	16	102	17	113	18	104	19	109	
	0	109	1	113	2	117	3	110	4	106	5	104	6	103	7	119	8	101	9	108	10	109	11	102	12	111	13	113	14	116	15	111	16	114	17	110	18	108	19	110	
	0	107	1	104	2	116	3	105	4	117	5	104	6	102	7	106	8	116	9	116	10	113	11	114	12	101	13	117	14	111	15	120	16	120	17	109	18	117	19	115	
	0	103	1	106	2	103	3	115	4	108	5	103	6	105	7	105	8	116	9	108	10	113	11	113	12	104	13	113	14	104	15	107	16	104	17	117	18	113	19	111	
	0	108	1	100	2	113	3	106	4	113	5	103	6	115	7	110	8	114	9	115	10	113	11	119	12	113	13	107	14	114	15	113	16	115	17	110	18	104	19	113	
	0	103	1	103	2	106	3	110	4	107	5	105	6	112	7	100	8	106	9	119	10	100	11	107	12	108	13	106	14	118	15	109	16	108	17	119	18	119	19	112	
	0	117	1	115	2	112	3	100	4	112	5	111	6	113	7	105	8	116	9	113	10	117	11	109	12	110	13	109	14	116	15	106	16	113	17	105	18	112	19	118	
	0	101	1	112	2	111	3	109	4	101	5	109	6	111	7	111	8	102	9	113	10	108	11	109	12	117	13	114	14	109	15	108	16	102	17	112	18	104	19	109	
	0	120	1	104	2	110	3	118	4	119	5	101	6	112	7	117	8	113	9	114	10	120	11	111	12	101	13	118	14	102	15	107	16	110	17	118	18	117	19	105	
	0	114	1	117	2	100	3	113	4	116	5	116	6	118	7	113	8	116	9	115	10	104	11	101	12	113	13	109	14	103	15	115	16	107	17	102	18	100	19	109	
	0	120	1	119	2	114	3	102	4	112	5	114	6	111	7	113	8	117	9	100	10	104	11	120	12	106	13	118	14	113	15	120	16	110	17	107	18	118	19	118	
	0	116	1	110	2	100	3	112	4	117	5	105	6	103	7	109	8	119	9	110	10	103	11	107	12	102	13	111	14	113	15	110	16	100	17	106	18	110	19	100	
	0	101	1	113	2	111	3	118	4	114	5	104	6	107	7	112	8	115	9	100	10	109	11	116	12	106	13	108	14	117	15	116	16	114	17	108	18	116	19	111	
	0	103	1	109	2	106	3	100	4	100	5	118	6	106	7	119	8	100	9	105	10	116	11	104	12	100	13	106	14	110	15	119	16	117	17	111	18	108	19	112	
	0	110	1	112	2	117	3	117	4	115	5	120	6	112	7	112	8	105	9	111	10	110	11	113	12	102	13	115	14	108	15	115	16	118	17	105	18	101	19	116	
	0	102	1	106	2	102	3	115	4	117	5	111	6	119	7	102	8	101	9	110	10	102	11	112	12	119	13	120	14	115	15	110	16	111	17	118	18	111	19	112	