200 30 1
30
	0	112	1	114	2	110	3	102	4	120	5	101	6	105	7	113	8	103	9	107	10	104	11	119	12	110	13	105	14	119	15	119	16	111	17	101	18	120	19	109	20	117	21	117	22	117	23	117	24	111	25	114	26	113	27	120	28	102	29	105	
	0	102	1	117	2	119	3	102	4	100	5	107	6	112	7	117	8	107	9	113	10	120	11	116	12	115	13	107	14	100	15	116	16	101	17	106	18	102	19	115	20	116	21	107	22	101	23	117	24	116	25	101	26	106	27	120	28	109	29	105	
	0	112	1	116	2	116	3	116	4	102	5	117	6	115	7	114	8	107	9	118	10	106	11	117	12	118	13	115	14	111	15	118	16	111	17	100	18	108	19	102	20	112	21	109	22	106	23	115	24	114	25	103	26	120	27	108	28	111	29	105	
	0	102	1	109	2	101	3	109	4	115	5	105	6	117	7	118	8	120	9	107	10	110	11	118	12	107	13	117	14	109	15	103	16	116	17	101	18	117	19	113	20	105	21	106	22	103	23	102	24	100	25	110	26	106	27	117	28	118	29	101	
	0	118	1	114	2	110	3	119	4	102	5	103	6	117	7	104	8	117	9	112	10	106	11	112	12	109	13	119	14	102	15	113	16	115	17	105	18	110	19	120	20	112	21	100	22	107	23	101	24	107	25	115	26	110	27	119	28	101	29	105	
	0	112	1	102	2	108	3	119	4	106	5	117	6	115	7	100	8	119	9	104	10	102	11	103	12	115	13	101	14	104	15	103	16	103	17	101	18	118	19	118	20	115	21	112	22	120	23	120	24	112	25	113	26	110	27	103	28	100	29	110	
	0	108	1	101	2	113	3	109	4	120	5	115	6	119	7	108	8	100	9	103	10	116	11	113	12	111	13	118	14	109	15	115	16	116	17	116	18	115	19	105	20	119	21	119	22	107	23	117	24	114	25	109	26	102	27	101	28	108	29	109	
	0	105	1	114	2	105	3	117	4	114	5	117	6	107	7	108	8	119	9	112	10	105	11	106	12	112	13	105	14	103	15	107	16	104	17	100	18	115	19	107	20	115	21	109	22	110	23	111	24	109	25	102	26	102	27	112	28	104	29	105	
	0	103	1	113	2	120	3	114	4	120	5	114	6	102	7	117	8	100	9	119	10	117	11	114	12	107	13	108	14	111	15	111	16	105	17	101	18	110	19	111	20	119	21	100	22	106	23	117	24	112	25	120	26	100	27	106	28	106	29	103	
	0	104	1	112	2	116	3	110	4	106	5	115	6	104	7	111	8	100	9	107	10	107	11	114	12	104	13	116	14	110	15	118	16	108	17	117	18	101	19	111	20	119	21	103	22	113	23	107	24	112	25	103	26	110	27	101	28	111	29	114	
	0	108	1	113	2	101	3	102	4	103	5	111	6	110	7	113	8	107	9	112	10	115	11	107	12	117	13	110	14	112	15	105	16	120	17	120	18	120	19	107	20	117	21	104	22	119	23	103	24	113	25	101	26	119	27	111	28	109	29	115	
	0	115	1	100	2	110	3	102	4	102	5	120	6	111	7	120	8	107	9	118	10	105	11	112	12	115	13	111	14	103	15	119	16	100	17	105	18	109	19	105	20	107	21	118	22	115	23	100	24	119	25	101	26	104	27	103	28	101	29	109	
	0	110	1	110	2	107	3	100	4	109	5	118	6	119	7	111	8	120	9	117	10	113	11	106	12	106	13	113	14	106	15	113	16	102	17	106	18	110	19	113	20	119	21	104	22	109	23	110	24	107	25	107	26	101	27	120	28	100	29	104	
	0	111	1	113	2	119	3	107	4	100	5	111	6	104	7	103	8	115	9	102	10	106	11	108	12	112	13	107	14	101	15	102	16	115	17	100	18	111	19	110	20	119	21	101	22	118	23	106	24	117	25	119	26	112	27	108	28	107	29	117	
	0	104	1	108	2	105	3	101	4	105	5	110	6	102	7	109	8	102	9	119	10	112	11	102	12	109	13	102	14	105	15	108	16	105	17	105	18	108	19	118	20	116	21	107	22	118	23	111	24	109	25	119	26	108	27	105	28	115	29	105	
	0	106	1	103	2	109	3	103	4	108	5	110	6	101	7	113	8	117	9	117	10	112	11	117	12	111	13	105	14	112	15	106	16	100	17	118	18	114	19	112	20	112	21	109	22	105	23	103	24	108	25	107	26	104	27	104	28	100	29	114	
	0	106	1	114	2	112	3	118	4	115	5	105	6	105	7	106	8	117	9	100	10	113	11	102	12	100	13	108	14	103	15	109	16	104	17	100	18	116	19	101	20	101	21	114	22	102	23	106	24	108	25	111	26	101	27	109	28	119	29	116	
	0	118	1	111	2	104	3	114	4	106	5	111	6	112	7	102	8	107	9	120	10	113	11	114	12	104	13	115	14	117	15	112	16	102	17	112	18	116	19	102	20	105	21	104	22	109	23	110	24	107	25	110	26	118	27	116	28	110	29	117	
	0	111	1	101	2	100	3	106	4	108	5	115	6	111	7	104	8	118	9	115	10	120	11	113	12	112	13	105	14	118	15	107	16	107	17	103	18	118	19	118	20	111	21	100	22	115	23	105	24	103	25	112	26	109	27	107	28	115	29	114	
	0	120	1	109	2	111	3	103	4	100	5	103	6	100	7	102	8	112	9	103	10	120	11	102	12	107	13	108	14	117	15	106	16	118	17	100	18	111	19	101	20	101	21	103	22	113	23	113	24	107	25	104	26	101	27	100	28	103	29	109	
	0	117	1	116	2	119	3	101	4	109	5	106	6	115	7	111	8	112	9	112	10	114	11	117	12	101	13	104	14	111	15	100	16	114	17	107	18	114	19	111	20	101	21	119	22	117	23	120	24	120	25	116	26	114	27	102	28	119	29	108	
	0	103	1	114	2	101	3	119	4	110	5	105	6	114	7	107	8	120	9	107	10	106	11	118	12	118	13	105	14	104	15	104	16	109	17	110	18	111	19	118	20	106	21	107	22	104	23	101	24	108	25	118	26	103	27	111	28	115	29	116	
	0	102	1	103	2	117	3	115	4	114	5	113	6	108	7	119	8	113	9	101	10	108	11	109	12	117	13	119	14	120	15	106	16	100	17	105	18	108	19	104	20	101	21	118	22	112	23	100	24	100	25	114	26	119	27	111	28	116	29	120	
	0	112	1	114	2	104	3	112	4	112	5	119	6	110	7	116	8	108	9	100	10	118	11	111	12	118	13	101	14	120	15	120	16	101	17	106	18	118	19	105	20	111	21	120	22	102	23	117	24	109	25	100	26	112	27	120	28	100	29	100	
	0	103	1	120	2	100	3	117	4	115	5	106	6	113	7	116	8	113	9	111	10	103	11	102	12	110	13	106	14	109	15	109	16	110	17	107	18	109	19	104	20	111	21	117	22	118	23	102	24	116	25	114	26	110	27	101	28	104	29	116	
	0	115	1	104	2	114	3	110	4	114	5	109	6	110	7	109	8	116	9	112	10	114	11	116	12	107	13	100	14	105	15	103	16	119	17	114	18	114	19	119	20	107	21	114	22	101	23	111	24	110	25	106	26	100	27	113	28	107	29	116	
	0	118	1	109	2	118	3	107	4	109	5	117	6	100	7	114	8	114	9	108	10	112	11	111	12	100	13	114	14	104	15	106	16	105	17	112	18	111	19	119	20	107	21	113	22	118	23	110	24	108	25	104	26	114	27	107	28	101	29	101	
	0	108	1	103	2	106	3	116	4	107	5	105	6	116	7	114	8	118	9	108	10	106	11	105	12	106	13	119	14	118	15	106	16	107	17	112	18	104	19	120	20	119	21	104	22	101	23	118	24	119	25	107	26	100	27	117	28	103	29	110	
	0	112	1	118	2	104	3	100	4	101	5	105	6	116	7	113	8	118	9	109	10	116	11	113	12	105	13	101	14	113	15	106	16	104	17	120	18	109	19	114	20	105	21	120	22	105	23	103	24	117	25	113	26	100	27	119	28	101	29	120	
	0	107	1	108	2	120	3	113	4	102	5	104	6	110	7	114	8	118	9	102	10	113	11	103	12	113	13	115	14	114	15	114	16	102	17	107	18	114	19	109	20	111	21	104	22	102	23	117	24	104	25	110	26	114	27	118	28	112	29	108	
	0	107	1	117	2	107	3	104	4	111	5	110	6	102	7	104	8	112	9	117	10	110	11	112	12	118	13	118	14	104	15	116	16	106	17	117	18	101	19	100	20	102	21	113	22	111	23	100	24	113	25	118	26	117	27	105	28	117	29	120	
	0	115	1	108	2	117	3	108	4	107	5	120	6	118	7	117	8	118	9	109	10	100	11	104	12	101	13	110	14	106	15	120	16	114	17	117	18	112	19	108	20	118	21	108	22	104	23	107	24	105	25	111	26	116	27	104	28	119	29	107	
	0	114	1	103	2	119	3	103	4	119	5	106	6	118	7	103	8	106	9	102	10	113	11	107	12	110	13	112	14	110	15	114	16	101	17	115	18	105	19	103	20	101	21	104	22	108	23	110	24	100	25	104	26	115	27	118	28	115	29	119	
	0	118	1	101	2	107	3	113	4	106	5	100	6	101	7	103	8	118	9	112	10	104	11	104	12	104	13	114	14	111	15	103	16	111	17	110	18	108	19	120	20	103	21	112	22	102	23	106	24	117	25	112	26	117	27	116	28	109	29	106	
	0	105	1	102	2	108	3	108	4	114	5	113	6	107	7	101	8	114	9	116	10	107	11	117	12	108	13	112	14	120	15	102	16	107	17	107	18	103	19	103	20	108	21	111	22	109	23	115	24	102	25	120	26	119	27	110	28	117	29	116	
	0	108	1	113	2	102	3	114	4	113	5	113	6	102	7	120	8	101	9	110	10	117	11	109	12	102	13	119	14	115	15	104	16	113	17	113	18	105	19	110	20	107	21	102	22	117	23	105	24	102	25	106	26	113	27	105	28	101	29	114	
	0	120	1	117	2	103	3	115	4	110	5	110	6	111	7	112	8	100	9	114	10	101	11	110	12	108	13	101	14	112	15	119	16	105	17	120	18	109	19	108	20	106	21	105	22	105	23	100	24	114	25	118	26	104	27	111	28	110	29	112	
	0	119	1	117	2	113	3	102	4	111	5	112	6	107	7	119	8	102	9	110	10	116	11	100	12	120	13	112	14	114	15	104	16	110	17	116	18	106	19	105	20	103	21	109	22	116	23	111	24	104	25	104	26	115	27	100	28	108	29	101	
	0	102	1	104	2	110	3	120	4	108	5	119	6	112	7	113	8	118	9	114	10	109	11	115	12	120	13	100	14	105	15	109	16	104	17	114	18	103	19	103	20	106	21	100	22	110	23	120	24	105	25	113	26	109	27	102	28	102	29	109	
	0	108	1	115	2	111	3	108	4	100	5	114	6	103	7	104	8	117	9	105	10	100	11	102	12	114	13	104	14	106	15	111	16	116	17	115	18	113	19	120	20	110	21	120	22	106	23	103	24	111	25	117	26	104	27	111	28	116	29	116	
	0	119	1	101	2	112	3	115	4	101	5	110	6	105	7	100	8	119	9	111	10	100	11	114	12	118	13	105	14	101	15	104	16	117	17	114	18	119	19	116	20	110	21	119	22	113	23	104	24	114	25	110	26	104	27	103	28	114	29	101	
	0	115	1	102	2	107	3	110	4	113	5	117	6	115	7	109	8	116	9	114	10	112	11	114	12	100	13	102	14	112	15	105	16	101	17	114	18	113	19	108	20	109	21	106	22	100	23	100	24	112	25	108	26	107	27	109	28	104	29	120	
	0	117	1	108	2	100	3	108	4	107	5	104	6	118	7	106	8	102	9	116	10	111	11	114	12	103	13	107	14	120	15	101	16	115	17	116	18	115	19	114	20	104	21	105	22	119	23	114	24	120	25	111	26	114	27	102	28	105	29	115	
	0	116	1	100	2	112	3	108	4	116	5	120	6	119	7	110	8	113	9	105	10	100	11	117	12	100	13	102	14	110	15	117	16	112	17	113	18	107	19	103	20	120	21	109	22	107	23	116	24	120	25	104	26	101	27	110	28	117	29	111	
	0	108	1	104	2	114	3	115	4	112	5	106	6	119	7	120	8	107	9	101	10	105	11	112	12	119	13	105	14	103	15	113	16	115	17	104	18	110	19	116	20	101	21	119	22	114	23	102	24	103	25	109	26	106	27	114	28	112	29	108	
	0	112	1	112	2	119	3	119	4	102	5	101	6	118	7	117	8	109	9	115	10	106	11	104	12	116	13	120	14	101	15	111	16	115	17	120	18	116	19	105	20	114	21	100	22	104	23	116	24	120	25	113	26	103	27	104	28	107	29	103	
	0	120	1	103	2	116	3	115	4	118	5	114	6	118	7	101	8	120	9	105	10	118	11	112	12	113	13	112	14	115	15	104	16	108	17	113	18	117	19	103	20	100	21	114	22	116	23	107	24	110	25	112	26	108	27	107	28	114	29	108	
	0	117	1	114	2	119	3	109	4	101	5	109	6	105	7	102	8	102	9	101	10	115	11	113	12	101	13	100	14	107	15	112	16	110	17	108	18	101	19	104	20	109	21	105	22	104	23	110	24	114	25	114	26	109	27	111	28	110	29	103	
	0	108	1	118	2	108	3	103	4	114	5	100	6	116	7	120	8	119	9	112	10	100	11	115	12	120	13	102	14	112	15	101	16	102	17	109	18	108	19	114	20	102	21	107	22	105	23	101	24	107	25	116	26	120	27	105	28	109	29	107	
	0	119	1	115	2	106	3	103	4	110	5	114	6	101	7	112	8	105	9	109	10	102	11	119	12	108	13	107	14	111	15	106	16	106	17	100	18	104	19	119	20	104	21	106	22	119	23	111	24	110	25	120	26	109	27	111	28	110	29	105	
	0	118	1	117	2	106	3	107	4	103	5	103	6	104	7	102	8	110	9	117	10	113	11	120	12	117	13	115	14	108	15	117	16	114	17	108	18	117	19	120	20	102	21	104	22	110	23	113	24	104	25	108	26	112	27	102	28	109	29	103	
	0	105	1	109	2	108	3	118	4	104	5	109	6	114	7	106	8	102	9	104	10	118	11	105	12	112	13	104	14	115	15	119	16	108	17	118	18	120	19	115	20	120	21	110	22	120	23	100	24	112	25	100	26	118	27	105	28	102	29	110	
	0	104	1	116	2	117	3	105	4	116	5	104	6	108	7	112	8	106	9	101	10	104	11	101	12	103	13	103	14	106	15	108	16	118	17	103	18	116	19	105	20	102	21	107	22	116	23	119	24	103	25	118	26	119	27	100	28	116	29	120	
	0	100	1	119	2	114	3	102	4	104	5	114	6	119	7	115	8	120	9	111	10	100	11	103	12	115	13	102	14	113	15	109	16	105	17	114	18	111	19	106	20	100	21	103	22	111	23	113	24	120	25	116	26	107	27	110	28	106	29	111	
	0	118	1	112	2	109	3	110	4	105	5	115	6	114	7	118	8	108	9	120	10	106	11	113	12	106	13	102	14	118	15	116	16	114	17	100	18	105	19	101	20	110	21	107	22	108	23	119	24	100	25	114	26	102	27	110	28	101	29	117	
	0	119	1	119	2	102	3	118	4	108	5	117	6	117	7	102	8	113	9	108	10	108	11	104	12	104	13	120	14	106	15	114	16	110	17	114	18	110	19	108	20	111	21	112	22	107	23	114	24	103	25	105	26	109	27	106	28	109	29	114	
	0	114	1	118	2	111	3	105	4	101	5	103	6	107	7	109	8	120	9	103	10	112	11	115	12	104	13	107	14	119	15	120	16	120	17	109	18	106	19	100	20	101	21	104	22	101	23	102	24	103	25	109	26	113	27	112	28	101	29	115	
	0	103	1	107	2	115	3	101	4	116	5	108	6	118	7	100	8	115	9	111	10	107	11	102	12	118	13	118	14	118	15	106	16	113	17	118	18	119	19	103	20	115	21	109	22	119	23	110	24	114	25	108	26	101	27	114	28	106	29	100	
	0	116	1	101	2	110	3	119	4	103	5	108	6	112	7	116	8	119	9	108	10	100	11	106	12	103	13	117	14	119	15	110	16	109	17	117	18	109	19	104	20	116	21	119	22	111	23	105	24	119	25	115	26	106	27	109	28	102	29	113	
	0	117	1	108	2	118	3	116	4	113	5	104	6	109	7	115	8	103	9	101	10	103	11	114	12	102	13	113	14	118	15	111	16	108	17	120	18	114	19	101	20	105	21	109	22	113	23	114	24	115	25	118	26	109	27	114	28	110	29	113	
	0	116	1	109	2	111	3	120	4	103	5	107	6	102	7	101	8	105	9	118	10	105	11	102	12	107	13	109	14	104	15	104	16	109	17	103	18	105	19	117	20	113	21	114	22	103	23	105	24	114	25	120	26	111	27	117	28	119	29	120	
	0	100	1	102	2	118	3	100	4	113	5	111	6	107	7	102	8	117	9	105	10	114	11	104	12	107	13	102	14	113	15	101	16	104	17	120	18	102	19	118	20	115	21	108	22	112	23	116	24	120	25	107	26	104	27	112	28	101	29	106	
	0	109	1	120	2	103	3	110	4	115	5	113	6	110	7	109	8	106	9	115	10	106	11	120	12	114	13	112	14	116	15	105	16	113	17	111	18	100	19	103	20	105	21	106	22	118	23	102	24	112	25	106	26	100	27	118	28	100	29	111	
	0	115	1	111	2	116	3	109	4	117	5	119	6	106	7	109	8	103	9	117	10	113	11	106	12	114	13	105	14	120	15	119	16	110	17	101	18	104	19	118	20	115	21	114	22	105	23	114	24	116	25	109	26	110	27	113	28	105	29	109	
	0	117	1	112	2	112	3	101	4	117	5	109	6	113	7	116	8	108	9	111	10	110	11	114	12	106	13	103	14	116	15	102	16	115	17	118	18	120	19	105	20	120	21	103	22	113	23	112	24	102	25	100	26	116	27	101	28	103	29	107	
	0	120	1	116	2	102	3	114	4	108	5	104	6	118	7	117	8	102	9	103	10	116	11	117	12	105	13	108	14	120	15	115	16	108	17	120	18	103	19	120	20	103	21	116	22	116	23	101	24	105	25	101	26	110	27	105	28	104	29	108	
	0	119	1	107	2	110	3	104	4	120	5	102	6	108	7	119	8	120	9	100	10	116	11	108	12	119	13	107	14	104	15	114	16	104	17	110	18	104	19	100	20	117	21	103	22	102	23	101	24	100	25	106	26	108	27	101	28	118	29	102	
	0	109	1	114	2	106	3	114	4	104	5	110	6	106	7	108	8	109	9	115	10	113	11	112	12	109	13	116	14	114	15	113	16	118	17	102	18	119	19	108	20	120	21	104	22	101	23	112	24	106	25	112	26	109	27	109	28	113	29	120	
	0	118	1	106	2	117	3	101	4	100	5	118	6	117	7	110	8	108	9	113	10	117	11	118	12	106	13	100	14	105	15	113	16	100	17	107	18	102	19	108	20	101	21	116	22	117	23	104	24	101	25	116	26	111	27	110	28	106	29	106	
	0	104	1	101	2	114	3	120	4	117	5	118	6	119	7	115	8	105	9	118	10	100	11	117	12	105	13	118	14	106	15	105	16	117	17	110	18	108	19	116	20	120	21	115	22	101	23	107	24	105	25	100	26	114	27	110	28	116	29	107	
	0	101	1	117	2	119	3	101	4	110	5	113	6	101	7	101	8	117	9	100	10	101	11	101	12	105	13	102	14	111	15	119	16	115	17	104	18	119	19	104	20	120	21	110	22	114	23	117	24	109	25	104	26	110	27	118	28	103	29	116	
	0	119	1	103	2	112	3	109	4	104	5	108	6	106	7	102	8	117	9	104	10	113	11	104	12	116	13	108	14	119	15	111	16	113	17	117	18	101	19	116	20	119	21	111	22	101	23	117	24	117	25	119	26	119	27	102	28	103	29	102	
	0	106	1	120	2	101	3	120	4	100	5	109	6	120	7	117	8	107	9	110	10	115	11	117	12	102	13	120	14	109	15	105	16	103	17	109	18	108	19	114	20	109	21	114	22	108	23	115	24	100	25	114	26	104	27	118	28	120	29	100	
	0	115	1	104	2	103	3	116	4	119	5	101	6	113	7	116	8	118	9	104	10	108	11	110	12	111	13	114	14	118	15	118	16	110	17	118	18	120	19	103	20	105	21	100	22	112	23	119	24	119	25	115	26	104	27	114	28	115	29	110	
	0	106	1	112	2	114	3	120	4	102	5	102	6	115	7	101	8	116	9	115	10	107	11	101	12	104	13	111	14	107	15	111	16	119	17	116	18	116	19	110	20	100	21	106	22	120	23	101	24	102	25	107	26	106	27	103	28	112	29	111	
	0	104	1	110	2	120	3	111	4	107	5	104	6	120	7	115	8	105	9	104	10	103	11	115	12	108	13	103	14	105	15	107	16	118	17	113	18	112	19	114	20	113	21	115	22	114	23	116	24	111	25	108	26	105	27	120	28	109	29	101	
	0	120	1	104	2	104	3	104	4	109	5	111	6	111	7	119	8	106	9	112	10	106	11	107	12	117	13	106	14	103	15	101	16	106	17	102	18	102	19	105	20	111	21	106	22	102	23	119	24	101	25	118	26	114	27	120	28	100	29	120	
	0	120	1	119	2	118	3	116	4	116	5	100	6	116	7	110	8	102	9	112	10	110	11	119	12	109	13	109	14	114	15	113	16	105	17	113	18	110	19	112	20	112	21	106	22	103	23	107	24	100	25	100	26	102	27	118	28	116	29	101	
	0	108	1	110	2	110	3	119	4	101	5	119	6	104	7	107	8	110	9	114	10	116	11	114	12	109	13	100	14	116	15	116	16	104	17	115	18	115	19	100	20	116	21	100	22	105	23	113	24	111	25	116	26	114	27	120	28	107	29	104	
	0	101	1	119	2	100	3	117	4	119	5	120	6	108	7	109	8	119	9	115	10	108	11	104	12	111	13	118	14	119	15	111	16	119	17	108	18	116	19	114	20	108	21	102	22	120	23	100	24	117	25	111	26	108	27	106	28	120	29	102	
	0	113	1	100	2	109	3	108	4	112	5	105	6	107	7	118	8	101	9	103	10	117	11	114	12	113	13	103	14	105	15	108	16	116	17	118	18	110	19	101	20	105	21	115	22	110	23	114	24	106	25	101	26	110	27	104	28	118	29	119	
	0	118	1	101	2	101	3	115	4	109	5	120	6	112	7	118	8	108	9	111	10	108	11	119	12	109	13	119	14	120	15	108	16	119	17	110	18	116	19	112	20	111	21	115	22	113	23	111	24	110	25	113	26	118	27	109	28	102	29	117	
	0	108	1	116	2	115	3	106	4	100	5	111	6	105	7	104	8	106	9	108	10	111	11	100	12	119	13	117	14	113	15	107	16	110	17	110	18	120	19	115	20	117	21	110	22	109	23	116	24	100	25	114	26	116	27	108	28	114	29	120	
	0	102	1	105	2	106	3	106	4	105	5	105	6	118	7	112	8	102	9	105	10	103	11	116	12	115	13	103	14	120	15	119	16	118	17	113	18	108	19	115	20	111	21	105	22	112	23	103	24	104	25	107	26	114	27	108	28	116	29	117	
	0	119	1	117	2	106	3	117	4	106	5	103	6	115	7	105	8	102	9	101	10	115	11	119	12	119	13	120	14	109	15	112	16	114	17	110	18	115	19	110	20	100	21	118	22	119	23	109	24	118	25	110	26	100	27	117	28	113	29	101	
	0	106	1	100	2	108	3	102	4	120	5	119	6	106	7	108	8	119	9	106	10	108	11	108	12	112	13	111	14	115	15	114	16	101	17	115	18	111	19	118	20	109	21	120	22	108	23	101	24	102	25	120	26	105	27	109	28	117	29	102	
	0	109	1	103	2	120	3	113	4	118	5	112	6	108	7	102	8	107	9	113	10	101	11	102	12	110	13	115	14	104	15	111	16	102	17	116	18	116	19	117	20	118	21	117	22	112	23	117	24	109	25	111	26	110	27	106	28	110	29	113	
	0	102	1	110	2	111	3	103	4	114	5	112	6	103	7	107	8	111	9	103	10	106	11	108	12	119	13	105	14	107	15	103	16	103	17	104	18	111	19	104	20	106	21	107	22	119	23	107	24	109	25	102	26	118	27	119	28	104	29	119	
	0	109	1	108	2	103	3	118	4	111	5	103	6	114	7	108	8	103	9	116	10	104	11	104	12	115	13	104	14	108	15	103	16	104	17	106	18	110	19	111	20	103	21	115	22	119	23	114	24	102	25	104	26	103	27	106	28	112	29	102	
	0	112	1	107	2	101	3	112	4	100	5	109	6	102	7	115	8	106	9	114	10	117	11	115	12	103	13	116	14	113	15	102	16	104	17	100	18	103	19	111	20	106	21	119	22	114	23	118	24	110	25	104	26	113	27	104	28	104	29	100	
	0	110	1	108	2	113	3	104	4	114	5	119	6	120	7	106	8	103	9	111	10	106	11	102	12	110	13	101	14	108	15	118	16	106	17	103	18	119	19	115	20	100	21	108	22	116	23	101	24	108	25	107	26	103	27	107	28	113	29	115	
	0	104	1	117	2	104	3	110	4	116	5	107	6	118	7	119	8	116	9	101	10	109	11	105	12	119	13	120	14	106	15	101	16	100	17	103	18	118	19	116	20	101	21	115	22	119	23	103	24	114	25	116	26	104	27	107	28	112	29	119	
	0	112	1	100	2	104	3	102	4	117	5	104	6	101	7	109	8	115	9	104	10	108	11	118	12	117	13	116	14	111	15	117	16	117	17	104	18	100	19	106	20	116	21	111	22	120	23	119	24	111	25	113	26	104	27	105	28	108	29	113	
	0	117	1	120	2	100	3	102	4	117	5	112	6	105	7	107	8	119	9	115	10	102	11	102	12	109	13	115	14	108	15	115	16	117	17	101	18	118	19	106	20	105	21	116	22	103	23	114	24	104	25	117	26	107	27	112	28	119	29	118	
	0	113	1	111	2	104	3	118	4	117	5	101	6	103	7	118	8	115	9	103	10	107	11	116	12	113	13	103	14	114	15	114	16	100	17	103	18	113	19	107	20	110	21	106	22	100	23	117	24	107	25	111	26	117	27	101	28	103	29	117	
	0	111	1	100	2	113	3	100	4	111	5	119	6	107	7	114	8	101	9	102	10	100	11	104	12	105	13	100	14	103	15	107	16	116	17	107	18	100	19	119	20	100	21	100	22	109	23	113	24	102	25	117	26	117	27	120	28	119	29	118	
	0	109	1	105	2	117	3	107	4	107	5	114	6	103	7	112	8	104	9	110	10	116	11	119	12	113	13	104	14	117	15	120	16	100	17	109	18	120	19	105	20	106	21	119	22	100	23	119	24	110	25	103	26	102	27	100	28	116	29	111	
	0	115	1	109	2	107	3	112	4	110	5	105	6	120	7	111	8	112	9	112	10	105	11	118	12	113	13	109	14	110	15	119	16	117	17	102	18	118	19	107	20	100	21	104	22	101	23	112	24	117	25	107	26	117	27	109	28	100	29	108	
	0	117	1	114	2	112	3	109	4	115	5	120	6	114	7	106	8	106	9	108	10	119	11	118	12	108	13	113	14	116	15	104	16	106	17	102	18	100	19	110	20	106	21	104	22	109	23	117	24	120	25	100	26	104	27	118	28	112	29	118	
	0	109	1	114	2	101	3	119	4	111	5	110	6	115	7	116	8	103	9	102	10	102	11	105	12	119	13	110	14	117	15	115	16	117	17	108	18	112	19	115	20	101	21	120	22	108	23	111	24	106	25	101	26	117	27	103	28	102	29	117	
	0	102	1	110	2	106	3	103	4	119	5	108	6	118	7	103	8	111	9	117	10	111	11	109	12	114	13	102	14	100	15	104	16	114	17	116	18	117	19	117	20	104	21	115	22	120	23	102	24	101	25	107	26	102	27	116	28	110	29	103	
	0	116	1	103	2	113	3	116	4	103	5	107	6	108	7	102	8	109	9	107	10	103	11	113	12	110	13	102	14	100	15	110	16	119	17	108	18	115	19	102	20	101	21	107	22	112	23	108	24	119	25	114	26	109	27	101	28	118	29	110	
	0	104	1	102	2	102	3	117	4	111	5	105	6	105	7	102	8	118	9	111	10	109	11	112	12	102	13	102	14	103	15	116	16	104	17	115	18	114	19	117	20	110	21	110	22	115	23	113	24	104	25	117	26	108	27	102	28	120	29	109	
	0	116	1	116	2	115	3	102	4	105	5	108	6	109	7	103	8	102	9	118	10	110	11	105	12	102	13	112	14	114	15	120	16	113	17	112	18	117	19	109	20	119	21	110	22	112	23	110	24	113	25	115	26	118	27	117	28	102	29	100	
	0	116	1	118	2	120	3	101	4	117	5	107	6	102	7	104	8	106	9	112	10	117	11	113	12	105	13	104	14	114	15	117	16	101	17	102	18	120	19	113	20	104	21	110	22	107	23	105	24	112	25	101	26	102	27	103	28	118	29	105	
	0	114	1	107	2	110	3	112	4	114	5	112	6	100	7	104	8	117	9	119	10	103	11	113	12	117	13	116	14	114	15	119	16	103	17	116	18	100	19	106	20	111	21	106	22	117	23	103	24	100	25	120	26	107	27	113	28	107	29	119	
	0	102	1	119	2	113	3	100	4	116	5	119	6	100	7	102	8	103	9	114	10	120	11	114	12	120	13	101	14	107	15	105	16	117	17	118	18	105	19	105	20	119	21	113	22	109	23	112	24	109	25	105	26	102	27	113	28	109	29	105	
	0	107	1	104	2	102	3	114	4	116	5	102	6	116	7	112	8	119	9	109	10	111	11	119	12	107	13	101	14	109	15	119	16	105	17	105	18	106	19	108	20	100	21	108	22	105	23	113	24	105	25	112	26	117	27	115	28	104	29	110	
	0	100	1	120	2	109	3	108	4	107	5	120	6	107	7	117	8	119	9	120	10	102	11	111	12	119	13	101	14	120	15	108	16	101	17	101	18	119	19	103	20	119	21	112	22	106	23	115	24	109	25	120	26	116	27	119	28	110	29	103	
	0	120	1	115	2	106	3	112	4	100	5	111	6	110	7	115	8	103	9	119	10	117	11	119	12	116	13	116	14	101	15	106	16	101	17	111	18	112	19	102	20	120	21	111	22	112	23	108	24	100	25	108	26	104	27	112	28	115	29	100	
	0	109	1	116	2	107	3	120	4	101	5	115	6	105	7	100	8	110	9	119	10	118	11	109	12	102	13	102	14	114	15	108	16	104	17	108	18	101	19	116	20	117	21	101	22	119	23	114	24	119	25	106	26	111	27	113	28	105	29	118	
	0	118	1	120	2	112	3	115	4	117	5	106	6	119	7	109	8	105	9	112	10	103	11	101	12	109	13	119	14	118	15	115	16	119	17	114	18	105	19	117	20	117	21	120	22	116	23	105	24	107	25	108	26	112	27	111	28	117	29	114	
	0	108	1	114	2	106	3	120	4	101	5	109	6	118	7	118	8	104	9	118	10	114	11	102	12	108	13	111	14	102	15	114	16	109	17	108	18	106	19	104	20	115	21	110	22	116	23	117	24	109	25	109	26	104	27	114	28	101	29	114	
	0	102	1	119	2	115	3	117	4	117	5	116	6	118	7	117	8	110	9	115	10	107	11	109	12	101	13	111	14	120	15	102	16	117	17	112	18	115	19	108	20	109	21	110	22	101	23	118	24	108	25	115	26	120	27	118	28	101	29	117	
	0	112	1	120	2	108	3	101	4	104	5	116	6	117	7	115	8	100	9	105	10	112	11	100	12	112	13	102	14	105	15	108	16	104	17	117	18	116	19	104	20	106	21	104	22	118	23	100	24	115	25	103	26	119	27	110	28	119	29	112	
	0	115	1	105	2	101	3	105	4	102	5	112	6	116	7	112	8	108	9	103	10	107	11	100	12	116	13	117	14	115	15	103	16	106	17	101	18	101	19	108	20	119	21	111	22	100	23	116	24	112	25	108	26	102	27	118	28	120	29	115	
	0	110	1	116	2	114	3	118	4	111	5	107	6	102	7	103	8	106	9	120	10	102	11	101	12	115	13	108	14	103	15	111	16	116	17	102	18	115	19	109	20	115	21	119	22	112	23	102	24	105	25	106	26	119	27	105	28	110	29	115	
	0	114	1	103	2	117	3	109	4	107	5	100	6	116	7	100	8	103	9	107	10	119	11	106	12	110	13	109	14	106	15	106	16	106	17	105	18	104	19	112	20	108	21	104	22	116	23	105	24	104	25	118	26	118	27	116	28	109	29	102	
	0	114	1	109	2	115	3	117	4	115	5	120	6	101	7	112	8	119	9	112	10	100	11	101	12	118	13	118	14	100	15	117	16	104	17	113	18	110	19	108	20	115	21	110	22	108	23	111	24	108	25	118	26	108	27	119	28	107	29	116	
	0	115	1	111	2	111	3	108	4	120	5	119	6	110	7	116	8	117	9	118	10	116	11	114	12	112	13	116	14	118	15	109	16	117	17	115	18	112	19	102	20	105	21	101	22	105	23	109	24	115	25	109	26	107	27	117	28	111	29	119	
	0	119	1	115	2	103	3	100	4	105	5	104	6	106	7	108	8	119	9	118	10	106	11	109	12	100	13	119	14	117	15	109	16	117	17	101	18	103	19	104	20	106	21	113	22	111	23	116	24	100	25	109	26	117	27	100	28	100	29	105	
	0	104	1	116	2	109	3	108	4	104	5	100	6	117	7	119	8	108	9	105	10	108	11	107	12	105	13	105	14	120	15	114	16	120	17	115	18	112	19	101	20	105	21	120	22	111	23	100	24	104	25	114	26	107	27	113	28	100	29	111	
	0	107	1	108	2	118	3	108	4	118	5	107	6	120	7	107	8	113	9	119	10	114	11	109	12	112	13	104	14	105	15	106	16	117	17	106	18	102	19	107	20	100	21	118	22	103	23	108	24	106	25	109	26	100	27	113	28	116	29	103	
	0	103	1	120	2	107	3	115	4	117	5	120	6	119	7	102	8	114	9	103	10	110	11	110	12	111	13	101	14	119	15	104	16	100	17	116	18	109	19	112	20	103	21	100	22	104	23	102	24	112	25	115	26	112	27	107	28	106	29	109	
	0	114	1	107	2	117	3	104	4	106	5	116	6	105	7	101	8	111	9	111	10	111	11	104	12	110	13	109	14	116	15	119	16	106	17	101	18	105	19	101	20	117	21	103	22	115	23	112	24	100	25	119	26	110	27	112	28	112	29	103	
	0	109	1	109	2	111	3	102	4	105	5	103	6	104	7	110	8	109	9	116	10	120	11	103	12	106	13	114	14	100	15	120	16	114	17	110	18	106	19	119	20	116	21	113	22	112	23	112	24	113	25	117	26	107	27	103	28	117	29	108	
	0	113	1	113	2	114	3	112	4	118	5	107	6	107	7	101	8	109	9	120	10	110	11	119	12	103	13	113	14	112	15	111	16	101	17	119	18	116	19	108	20	110	21	101	22	119	23	114	24	117	25	102	26	110	27	112	28	111	29	109	
	0	105	1	101	2	117	3	115	4	104	5	107	6	100	7	101	8	104	9	107	10	115	11	100	12	106	13	120	14	109	15	118	16	116	17	116	18	104	19	110	20	110	21	104	22	113	23	119	24	110	25	111	26	114	27	111	28	107	29	113	
	0	117	1	110	2	118	3	100	4	114	5	108	6	104	7	119	8	107	9	112	10	105	11	111	12	109	13	112	14	107	15	108	16	102	17	106	18	102	19	109	20	112	21	103	22	107	23	118	24	102	25	118	26	107	27	109	28	102	29	119	
	0	108	1	102	2	106	3	117	4	110	5	118	6	117	7	118	8	105	9	106	10	117	11	112	12	101	13	100	14	117	15	116	16	111	17	117	18	115	19	119	20	119	21	116	22	112	23	113	24	119	25	105	26	111	27	117	28	119	29	107	
	0	104	1	105	2	115	3	114	4	100	5	104	6	119	7	101	8	109	9	102	10	116	11	112	12	102	13	106	14	114	15	101	16	115	17	105	18	110	19	116	20	101	21	105	22	118	23	119	24	115	25	116	26	105	27	107	28	119	29	101	
	0	116	1	105	2	119	3	111	4	108	5	116	6	111	7	118	8	114	9	102	10	105	11	103	12	117	13	113	14	101	15	100	16	116	17	116	18	105	19	104	20	114	21	110	22	119	23	113	24	116	25	103	26	116	27	100	28	118	29	114	
	0	107	1	111	2	103	3	111	4	117	5	101	6	103	7	106	8	110	9	117	10	104	11	100	12	119	13	114	14	101	15	102	16	113	17	102	18	107	19	108	20	114	21	107	22	109	23	112	24	112	25	100	26	118	27	102	28	103	29	101	
	0	111	1	110	2	110	3	106	4	119	5	118	6	119	7	111	8	114	9	118	10	106	11	118	12	120	13	116	14	112	15	109	16	106	17	100	18	101	19	103	20	108	21	113	22	116	23	118	24	113	25	106	26	115	27	110	28	112	29	104	
	0	118	1	116	2	104	3	112	4	100	5	111	6	104	7	120	8	102	9	111	10	104	11	117	12	107	13	111	14	107	15	120	16	116	17	119	18	114	19	114	20	114	21	119	22	113	23	119	24	101	25	102	26	104	27	113	28	114	29	118	
	0	106	1	111	2	116	3	111	4	119	5	105	6	103	7	119	8	117	9	101	10	105	11	109	12	103	13	119	14	114	15	113	16	105	17	103	18	119	19	109	20	119	21	105	22	110	23	114	24	105	25	120	26	118	27	103	28	120	29	114	
	0	106	1	118	2	101	3	118	4	119	5	116	6	120	7	115	8	114	9	114	10	118	11	119	12	112	13	106	14	116	15	103	16	101	17	101	18	118	19	113	20	114	21	108	22	120	23	111	24	100	25	111	26	119	27	104	28	116	29	112	
	0	112	1	110	2	106	3	118	4	116	5	114	6	106	7	103	8	111	9	113	10	118	11	112	12	120	13	106	14	108	15	104	16	119	17	118	18	115	19	105	20	115	21	118	22	115	23	120	24	103	25	112	26	109	27	105	28	112	29	104	
	0	108	1	118	2	120	3	113	4	112	5	112	6	107	7	111	8	100	9	107	10	104	11	117	12	103	13	104	14	112	15	106	16	103	17	106	18	104	19	106	20	110	21	113	22	118	23	112	24	110	25	102	26	107	27	106	28	104	29	112	
	0	108	1	105	2	103	3	112	4	120	5	100	6	117	7	102	8	100	9	113	10	118	11	119	12	108	13	106	14	116	15	113	16	119	17	109	18	106	19	108	20	120	21	111	22	118	23	118	24	117	25	116	26	111	27	105	28	101	29	115	
	0	104	1	103	2	107	3	103	4	109	5	100	6	118	7	101	8	115	9	110	10	113	11	100	12	120	13	107	14	114	15	120	16	106	17	117	18	102	19	120	20	102	21	114	22	120	23	116	24	107	25	117	26	109	27	108	28	105	29	116	
	0	117	1	118	2	112	3	111	4	107	5	101	6	110	7	117	8	101	9	100	10	104	11	104	12	109	13	115	14	100	15	117	16	102	17	106	18	101	19	120	20	102	21	102	22	117	23	119	24	105	25	119	26	110	27	120	28	102	29	109	
	0	104	1	106	2	112	3	110	4	116	5	114	6	105	7	113	8	103	9	115	10	102	11	110	12	118	13	118	14	118	15	100	16	113	17	119	18	107	19	105	20	107	21	120	22	103	23	100	24	102	25	104	26	103	27	119	28	104	29	114	
	0	104	1	102	2	120	3	117	4	112	5	110	6	113	7	119	8	109	9	118	10	111	11	115	12	107	13	109	14	116	15	117	16	120	17	119	18	118	19	109	20	114	21	109	22	109	23	119	24	100	25	112	26	117	27	119	28	108	29	114	
	0	112	1	109	2	112	3	118	4	108	5	117	6	115	7	110	8	112	9	113	10	114	11	118	12	103	13	113	14	113	15	119	16	103	17	110	18	119	19	113	20	115	21	113	22	117	23	100	24	111	25	117	26	112	27	103	28	111	29	101	
	0	106	1	107	2	118	3	114	4	118	5	120	6	106	7	105	8	107	9	101	10	108	11	114	12	100	13	110	14	111	15	109	16	108	17	100	18	102	19	108	20	117	21	110	22	113	23	108	24	110	25	113	26	119	27	109	28	109	29	119	
	0	103	1	107	2	114	3	103	4	111	5	109	6	100	7	116	8	106	9	107	10	114	11	109	12	112	13	107	14	102	15	114	16	116	17	101	18	115	19	114	20	113	21	109	22	103	23	102	24	108	25	106	26	105	27	101	28	105	29	110	
	0	108	1	103	2	117	3	104	4	114	5	112	6	104	7	112	8	118	9	120	10	109	11	102	12	119	13	106	14	116	15	101	16	120	17	112	18	117	19	119	20	104	21	112	22	117	23	103	24	101	25	112	26	101	27	109	28	105	29	109	
	0	111	1	104	2	100	3	105	4	112	5	110	6	102	7	105	8	106	9	110	10	110	11	120	12	114	13	109	14	102	15	102	16	108	17	107	18	102	19	112	20	113	21	109	22	109	23	114	24	112	25	112	26	102	27	117	28	105	29	119	
	0	103	1	111	2	119	3	100	4	104	5	102	6	117	7	109	8	118	9	105	10	118	11	109	12	112	13	119	14	103	15	115	16	117	17	109	18	107	19	118	20	101	21	113	22	118	23	102	24	101	25	116	26	118	27	100	28	112	29	114	
	0	102	1	115	2	112	3	101	4	117	5	105	6	110	7	110	8	109	9	103	10	112	11	100	12	112	13	116	14	102	15	101	16	101	17	109	18	117	19	107	20	105	21	114	22	118	23	111	24	103	25	103	26	114	27	114	28	119	29	108	
	0	117	1	104	2	107	3	111	4	106	5	117	6	111	7	111	8	120	9	112	10	119	11	107	12	109	13	108	14	102	15	108	16	105	17	113	18	118	19	105	20	110	21	118	22	111	23	112	24	100	25	112	26	101	27	106	28	109	29	106	
	0	120	1	102	2	114	3	110	4	119	5	118	6	102	7	119	8	113	9	112	10	115	11	115	12	110	13	119	14	104	15	100	16	117	17	115	18	118	19	111	20	112	21	112	22	104	23	117	24	119	25	114	26	114	27	120	28	117	29	102	
	0	114	1	114	2	118	3	103	4	104	5	102	6	100	7	107	8	103	9	109	10	106	11	101	12	120	13	108	14	108	15	116	16	112	17	118	18	117	19	102	20	102	21	104	22	102	23	113	24	106	25	103	26	120	27	112	28	112	29	110	
	0	108	1	116	2	118	3	113	4	115	5	119	6	101	7	118	8	118	9	103	10	107	11	116	12	120	13	115	14	120	15	110	16	105	17	116	18	103	19	111	20	113	21	110	22	107	23	109	24	115	25	107	26	105	27	116	28	103	29	111	
	0	105	1	118	2	108	3	120	4	116	5	114	6	102	7	119	8	116	9	105	10	106	11	106	12	120	13	102	14	120	15	110	16	107	17	107	18	103	19	112	20	109	21	118	22	106	23	104	24	107	25	101	26	115	27	120	28	105	29	111	
	0	113	1	101	2	100	3	105	4	100	5	110	6	100	7	102	8	115	9	100	10	116	11	107	12	106	13	114	14	111	15	112	16	100	17	114	18	119	19	101	20	110	21	108	22	102	23	102	24	102	25	119	26	116	27	114	28	115	29	100	
	0	107	1	102	2	109	3	112	4	100	5	110	6	104	7	104	8	116	9	113	10	114	11	113	12	102	13	107	14	116	15	111	16	115	17	104	18	117	19	114	20	119	21	105	22	107	23	116	24	114	25	111	26	101	27	107	28	104	29	106	
	0	101	1	105	2	108	3	101	4	106	5	110	6	105	7	108	8	119	9	104	10	112	11	102	12	119	13	116	14	103	15	114	16	113	17	115	18	108	19	112	20	118	21	114	22	104	23	108	24	102	25	109	26	101	27	111	28	100	29	119	
	0	104	1	115	2	111	3	109	4	114	5	111	6	119	7	100	8	118	9	112	10	109	11	108	12	102	13	115	14	105	15	109	16	101	17	112	18	107	19	114	20	106	21	109	22	119	23	100	24	108	25	115	26	120	27	100	28	106	29	116	
	0	116	1	109	2	117	3	115	4	103	5	117	6	110	7	120	8	115	9	113	10	111	11	119	12	112	13	101	14	100	15	105	16	119	17	110	18	116	19	102	20	113	21	115	22	103	23	112	24	119	25	104	26	120	27	103	28	107	29	118	
	0	101	1	115	2	102	3	114	4	103	5	114	6	109	7	103	8	112	9	108	10	114	11	114	12	120	13	101	14	105	15	116	16	103	17	116	18	110	19	109	20	112	21	120	22	114	23	108	24	115	25	118	26	115	27	110	28	102	29	117	
	0	113	1	103	2	100	3	114	4	100	5	110	6	115	7	103	8	106	9	111	10	104	11	101	12	105	13	113	14	102	15	108	16	120	17	108	18	117	19	114	20	100	21	117	22	104	23	116	24	110	25	109	26	107	27	103	28	118	29	113	
	0	115	1	116	2	104	3	106	4	106	5	115	6	108	7	120	8	112	9	102	10	107	11	107	12	110	13	115	14	118	15	108	16	108	17	114	18	106	19	116	20	105	21	102	22	112	23	100	24	102	25	108	26	103	27	116	28	105	29	114	
	0	103	1	104	2	115	3	100	4	116	5	101	6	117	7	100	8	106	9	105	10	103	11	117	12	114	13	116	14	101	15	116	16	107	17	103	18	105	19	110	20	111	21	119	22	102	23	116	24	112	25	102	26	119	27	120	28	119	29	103	
	0	115	1	113	2	101	3	105	4	102	5	118	6	117	7	118	8	110	9	100	10	114	11	120	12	103	13	105	14	100	15	104	16	108	17	116	18	108	19	106	20	120	21	115	22	115	23	103	24	120	25	100	26	105	27	111	28	119	29	107	
	0	111	1	117	2	109	3	105	4	104	5	104	6	117	7	108	8	102	9	100	10	111	11	120	12	117	13	113	14	116	15	100	16	102	17	104	18	107	19	107	20	119	21	111	22	105	23	111	24	100	25	101	26	101	27	118	28	106	29	115	
	0	103	1	107	2	119	3	107	4	101	5	109	6	108	7	100	8	100	9	100	10	120	11	114	12	104	13	100	14	117	15	120	16	111	17	110	18	105	19	109	20	103	21	103	22	107	23	102	24	119	25	106	26	116	27	112	28	104	29	104	
	0	105	1	102	2	114	3	118	4	113	5	112	6	105	7	119	8	112	9	108	10	100	11	113	12	107	13	104	14	109	15	102	16	104	17	109	18	102	19	113	20	106	21	103	22	105	23	119	24	115	25	105	26	101	27	104	28	115	29	120	
	0	104	1	116	2	107	3	101	4	106	5	115	6	117	7	116	8	105	9	101	10	119	11	117	12	100	13	116	14	107	15	101	16	106	17	107	18	117	19	103	20	102	21	112	22	114	23	118	24	112	25	114	26	113	27	100	28	109	29	107	
	0	112	1	119	2	112	3	103	4	114	5	120	6	103	7	100	8	118	9	105	10	107	11	102	12	116	13	101	14	113	15	114	16	113	17	116	18	119	19	119	20	110	21	105	22	104	23	111	24	117	25	114	26	118	27	113	28	104	29	111	
	0	117	1	118	2	106	3	107	4	117	5	105	6	111	7	112	8	100	9	104	10	105	11	118	12	116	13	111	14	111	15	104	16	115	17	108	18	117	19	108	20	115	21	108	22	105	23	105	24	111	25	118	26	111	27	107	28	117	29	119	
	0	111	1	102	2	114	3	104	4	116	5	118	6	105	7	117	8	103	9	102	10	105	11	102	12	104	13	113	14	116	15	101	16	109	17	117	18	116	19	108	20	111	21	100	22	116	23	117	24	105	25	112	26	120	27	109	28	107	29	102	
	0	117	1	117	2	111	3	113	4	110	5	105	6	102	7	113	8	116	9	113	10	114	11	113	12	117	13	111	14	101	15	100	16	118	17	103	18	113	19	113	20	102	21	113	22	106	23	110	24	113	25	107	26	108	27	102	28	111	29	111	
	0	111	1	113	2	110	3	116	4	104	5	102	6	107	7	104	8	114	9	118	10	112	11	102	12	104	13	118	14	120	15	107	16	115	17	109	18	116	19	114	20	107	21	112	22	112	23	118	24	100	25	106	26	117	27	110	28	117	29	117	
	0	119	1	103	2	107	3	108	4	119	5	119	6	120	7	110	8	114	9	100	10	114	11	101	12	106	13	117	14	116	15	115	16	112	17	114	18	109	19	101	20	109	21	104	22	113	23	115	24	116	25	107	26	110	27	109	28	116	29	117	
	0	116	1	115	2	120	3	106	4	115	5	106	6	100	7	111	8	103	9	111	10	105	11	101	12	113	13	109	14	119	15	113	16	118	17	111	18	115	19	112	20	106	21	108	22	107	23	114	24	105	25	112	26	104	27	101	28	105	29	111	
	0	118	1	105	2	114	3	116	4	112	5	119	6	110	7	114	8	113	9	117	10	108	11	107	12	102	13	105	14	104	15	103	16	101	17	105	18	108	19	102	20	111	21	111	22	105	23	113	24	114	25	106	26	119	27	113	28	109	29	117	
	0	114	1	102	2	116	3	117	4	118	5	113	6	107	7	115	8	101	9	110	10	112	11	103	12	100	13	120	14	107	15	119	16	120	17	110	18	119	19	117	20	108	21	101	22	108	23	108	24	107	25	108	26	109	27	106	28	111	29	104	
	0	119	1	101	2	116	3	114	4	109	5	109	6	103	7	106	8	118	9	110	10	118	11	119	12	103	13	102	14	100	15	116	16	100	17	116	18	109	19	109	20	105	21	104	22	111	23	103	24	106	25	106	26	119	27	106	28	106	29	115	
	0	106	1	112	2	101	3	109	4	101	5	115	6	112	7	109	8	111	9	117	10	114	11	116	12	111	13	103	14	103	15	105	16	118	17	114	18	104	19	114	20	115	21	106	22	118	23	101	24	101	25	103	26	113	27	109	28	113	29	108	
	0	106	1	108	2	112	3	117	4	108	5	118	6	111	7	111	8	108	9	120	10	105	11	118	12	120	13	105	14	110	15	120	16	116	17	113	18	102	19	109	20	110	21	111	22	116	23	115	24	101	25	102	26	106	27	112	28	112	29	101	
	0	112	1	105	2	119	3	104	4	114	5	117	6	105	7	116	8	100	9	100	10	107	11	109	12	113	13	105	14	104	15	102	16	100	17	115	18	114	19	116	20	118	21	120	22	114	23	117	24	110	25	102	26	113	27	120	28	112	29	110	
	0	119	1	114	2	117	3	110	4	113	5	101	6	102	7	104	8	103	9	118	10	106	11	110	12	112	13	119	14	110	15	109	16	112	17	115	18	103	19	111	20	107	21	107	22	112	23	115	24	107	25	119	26	117	27	111	28	104	29	109	
	0	115	1	109	2	107	3	110	4	115	5	102	6	106	7	107	8	101	9	111	10	101	11	100	12	118	13	105	14	111	15	116	16	116	17	120	18	106	19	109	20	112	21	110	22	103	23	112	24	116	25	110	26	100	27	119	28	119	29	101	
	0	101	1	111	2	113	3	120	4	117	5	103	6	101	7	111	8	107	9	118	10	119	11	119	12	118	13	106	14	107	15	112	16	100	17	106	18	117	19	115	20	110	21	107	22	114	23	102	24	117	25	117	26	110	27	100	28	117	29	103	
	0	118	1	100	2	105	3	112	4	105	5	103	6	109	7	111	8	105	9	119	10	110	11	116	12	115	13	114	14	110	15	117	16	112	17	108	18	100	19	116	20	119	21	101	22	103	23	110	24	105	25	112	26	111	27	103	28	111	29	111	
	0	102	1	103	2	116	3	113	4	118	5	113	6	104	7	104	8	114	9	114	10	102	11	111	12	118	13	113	14	100	15	102	16	120	17	109	18	106	19	118	20	118	21	103	22	111	23	117	24	108	25	100	26	111	27	117	28	111	29	110	
	0	119	1	103	2	105	3	116	4	101	5	100	6	104	7	120	8	102	9	107	10	112	11	107	12	109	13	100	14	114	15	106	16	103	17	114	18	109	19	109	20	118	21	117	22	100	23	120	24	113	25	107	26	111	27	114	28	117	29	100	
	0	100	1	114	2	116	3	100	4	111	5	104	6	113	7	101	8	106	9	115	10	109	11	111	12	112	13	110	14	110	15	102	16	113	17	106	18	120	19	114	20	120	21	116	22	108	23	108	24	111	25	104	26	117	27	110	28	118	29	120	
	0	118	1	120	2	102	3	106	4	102	5	116	6	101	7	101	8	117	9	116	10	118	11	100	12	100	13	106	14	110	15	114	16	120	17	111	18	105	19	119	20	115	21	109	22	102	23	116	24	101	25	100	26	109	27	116	28	103	29	104	
	0	115	1	109	2	105	3	113	4	105	5	103	6	106	7	100	8	118	9	119	10	112	11	117	12	115	13	115	14	108	15	101	16	118	17	109	18	118	19	113	20	108	21	118	22	114	23	111	24	118	25	117	26	112	27	103	28	101	29	119	
	0	102	1	117	2	110	3	107	4	108	5	102	6	113	7	104	8	117	9	111	10	114	11	100	12	104	13	100	14	100	15	117	16	101	17	107	18	109	19	120	20	115	21	115	22	120	23	105	24	106	25	110	26	113	27	113	28	119	29	113	
	0	107	1	115	2	116	3	114	4	103	5	112	6	111	7	110	8	115	9	105	10	116	11	116	12	103	13	110	14	118	15	118	16	110	17	114	18	109	19	110	20	109	21	117	22	117	23	102	24	106	25	107	26	105	27	114	28	111	29	105	
	0	111	1	111	2	112	3	118	4	111	5	109	6	116	7	119	8	112	9	115	10	104	11	104	12	110	13	109	14	117	15	108	16	120	17	105	18	107	19	117	20	107	21	119	22	108	23	101	24	119	25	111	26	101	27	106	28	100	29	120	
	0	112	1	109	2	111	3	107	4	106	5	109	6	116	7	107	8	120	9	119	10	108	11	106	12	118	13	112	14	107	15	117	16	113	17	112	18	100	19	101	20	109	21	106	22	120	23	100	24	101	25	112	26	112	27	107	28	104	29	113	
	0	103	1	115	2	111	3	116	4	101	5	104	6	117	7	112	8	120	9	107	10	110	11	118	12	113	13	100	14	113	15	104	16	114	17	104	18	117	19	109	20	109	21	109	22	110	23	119	24	115	25	111	26	115	27	112	28	118	29	106	
	0	119	1	101	2	114	3	108	4	118	5	119	6	105	7	108	8	101	9	120	10	104	11	114	12	110	13	116	14	114	15	104	16	106	17	117	18	118	19	113	20	107	21	112	22	105	23	120	24	111	25	102	26	110	27	103	28	105	29	100	
	0	118	1	109	2	104	3	108	4	100	5	103	6	117	7	105	8	101	9	107	10	119	11	114	12	117	13	115	14	103	15	107	16	114	17	116	18	114	19	116	20	103	21	111	22	107	23	114	24	115	25	120	26	116	27	103	28	113	29	110	
	0	109	1	119	2	104	3	118	4	105	5	108	6	117	7	104	8	110	9	114	10	111	11	105	12	100	13	116	14	109	15	119	16	101	17	120	18	100	19	105	20	106	21	101	22	111	23	116	24	106	25	116	26	106	27	115	28	120	29	111	