200 30 1
30
	0	120	1	113	2	107	3	102	4	120	5	116	6	100	7	112	8	101	9	101	10	117	11	108	12	108	13	100	14	104	15	112	16	120	17	104	18	108	19	102	20	117	21	101	22	118	23	118	24	114	25	116	26	114	27	114	28	102	29	105	
	0	108	1	115	2	118	3	110	4	109	5	108	6	101	7	106	8	101	9	114	10	107	11	112	12	119	13	120	14	116	15	103	16	112	17	113	18	101	19	102	20	114	21	105	22	108	23	108	24	117	25	109	26	119	27	116	28	112	29	114	
	0	104	1	103	2	117	3	100	4	118	5	119	6	115	7	101	8	120	9	115	10	116	11	104	12	117	13	100	14	114	15	112	16	111	17	119	18	118	19	107	20	117	21	114	22	114	23	100	24	107	25	106	26	106	27	116	28	108	29	118	
	0	110	1	108	2	108	3	109	4	117	5	109	6	113	7	103	8	120	9	107	10	107	11	114	12	109	13	113	14	107	15	103	16	118	17	104	18	104	19	103	20	111	21	102	22	118	23	112	24	100	25	103	26	111	27	118	28	113	29	111	
	0	100	1	102	2	116	3	113	4	111	5	105	6	100	7	103	8	116	9	114	10	105	11	106	12	116	13	115	14	101	15	107	16	103	17	101	18	108	19	118	20	115	21	105	22	112	23	112	24	108	25	119	26	102	27	105	28	116	29	112	
	0	106	1	115	2	110	3	118	4	113	5	104	6	107	7	111	8	111	9	118	10	116	11	115	12	118	13	109	14	113	15	104	16	114	17	118	18	111	19	103	20	101	21	100	22	105	23	113	24	102	25	104	26	104	27	103	28	100	29	114	
	0	118	1	100	2	117	3	117	4	119	5	118	6	117	7	111	8	114	9	107	10	116	11	102	12	116	13	120	14	108	15	110	16	102	17	119	18	118	19	112	20	114	21	114	22	111	23	114	24	118	25	100	26	112	27	115	28	119	29	112	
	0	119	1	107	2	110	3	102	4	119	5	112	6	113	7	118	8	117	9	108	10	118	11	104	12	103	13	100	14	103	15	115	16	104	17	120	18	100	19	110	20	112	21	112	22	112	23	108	24	113	25	116	26	113	27	102	28	103	29	106	
	0	116	1	115	2	106	3	102	4	104	5	115	6	100	7	106	8	110	9	116	10	108	11	104	12	113	13	110	14	115	15	118	16	107	17	102	18	119	19	102	20	107	21	111	22	115	23	107	24	101	25	100	26	104	27	118	28	108	29	112	
	0	117	1	118	2	113	3	111	4	120	5	114	6	105	7	102	8	110	9	117	10	108	11	114	12	116	13	100	14	120	15	100	16	107	17	111	18	105	19	106	20	113	21	115	22	116	23	117	24	111	25	109	26	100	27	120	28	106	29	101	
	0	111	1	109	2	109	3	114	4	118	5	105	6	113	7	116	8	112	9	108	10	110	11	114	12	103	13	105	14	120	15	102	16	104	17	110	18	109	19	102	20	100	21	106	22	105	23	118	24	105	25	110	26	116	27	104	28	111	29	110	
	0	115	1	118	2	102	3	113	4	114	5	108	6	105	7	102	8	100	9	104	10	112	11	111	12	115	13	112	14	120	15	115	16	109	17	111	18	114	19	119	20	111	21	117	22	107	23	118	24	113	25	103	26	108	27	118	28	109	29	120	
	0	103	1	117	2	114	3	110	4	111	5	117	6	107	7	117	8	107	9	117	10	108	11	112	12	120	13	111	14	113	15	116	16	120	17	105	18	117	19	108	20	108	21	100	22	102	23	112	24	103	25	113	26	103	27	104	28	119	29	119	
	0	111	1	114	2	118	3	109	4	100	5	120	6	108	7	107	8	116	9	117	10	118	11	118	12	114	13	115	14	120	15	100	16	110	17	114	18	109	19	108	20	114	21	100	22	109	23	106	24	119	25	115	26	113	27	119	28	110	29	102	
	0	109	1	119	2	101	3	104	4	119	5	119	6	108	7	110	8	107	9	110	10	106	11	100	12	117	13	102	14	110	15	100	16	114	17	101	18	116	19	101	20	105	21	118	22	116	23	114	24	106	25	118	26	114	27	102	28	101	29	102	
	0	103	1	101	2	115	3	117	4	117	5	113	6	115	7	112	8	100	9	100	10	118	11	101	12	106	13	113	14	108	15	108	16	100	17	100	18	111	19	112	20	119	21	103	22	106	23	111	24	101	25	104	26	100	27	120	28	108	29	106	
	0	118	1	118	2	113	3	120	4	104	5	111	6	105	7	100	8	103	9	102	10	103	11	113	12	113	13	116	14	104	15	119	16	104	17	101	18	114	19	120	20	110	21	120	22	116	23	103	24	104	25	102	26	105	27	105	28	111	29	101	
	0	100	1	111	2	115	3	111	4	101	5	102	6	107	7	103	8	109	9	102	10	106	11	106	12	105	13	114	14	120	15	114	16	109	17	105	18	114	19	103	20	101	21	112	22	109	23	108	24	119	25	103	26	107	27	102	28	119	29	102	
	0	105	1	113	2	118	3	119	4	107	5	111	6	106	7	112	8	112	9	112	10	114	11	120	12	114	13	118	14	106	15	109	16	111	17	101	18	102	19	106	20	105	21	100	22	113	23	109	24	117	25	108	26	106	27	120	28	100	29	116	
	0	109	1	102	2	118	3	114	4	101	5	108	6	114	7	109	8	115	9	105	10	102	11	109	12	100	13	100	14	104	15	106	16	111	17	115	18	105	19	111	20	113	21	103	22	120	23	106	24	117	25	101	26	110	27	106	28	104	29	101	
	0	111	1	113	2	103	3	115	4	114	5	105	6	116	7	118	8	101	9	100	10	106	11	115	12	117	13	117	14	107	15	110	16	116	17	107	18	118	19	100	20	120	21	110	22	117	23	120	24	101	25	116	26	105	27	107	28	105	29	109	
	0	120	1	107	2	106	3	102	4	109	5	116	6	102	7	109	8	110	9	103	10	113	11	106	12	102	13	110	14	115	15	108	16	103	17	101	18	118	19	105	20	111	21	111	22	103	23	101	24	112	25	114	26	117	27	109	28	101	29	106	
	0	103	1	114	2	107	3	101	4	101	5	116	6	116	7	119	8	103	9	114	10	103	11	111	12	113	13	102	14	113	15	117	16	119	17	110	18	101	19	115	20	104	21	102	22	116	23	108	24	117	25	118	26	118	27	105	28	106	29	120	
	0	113	1	108	2	103	3	101	4	114	5	104	6	116	7	117	8	102	9	108	10	109	11	107	12	107	13	102	14	118	15	101	16	103	17	107	18	114	19	111	20	115	21	113	22	118	23	110	24	110	25	104	26	106	27	103	28	117	29	109	
	0	107	1	114	2	113	3	120	4	112	5	114	6	108	7	110	8	109	9	115	10	104	11	106	12	117	13	110	14	105	15	110	16	113	17	110	18	112	19	106	20	108	21	104	22	102	23	118	24	109	25	106	26	119	27	120	28	101	29	101	
	0	111	1	102	2	120	3	119	4	105	5	102	6	106	7	106	8	103	9	111	10	113	11	111	12	114	13	116	14	101	15	105	16	111	17	118	18	109	19	110	20	110	21	118	22	103	23	115	24	101	25	106	26	110	27	114	28	113	29	110	
	0	100	1	100	2	102	3	105	4	100	5	105	6	112	7	105	8	109	9	115	10	100	11	118	12	109	13	116	14	111	15	105	16	118	17	114	18	109	19	115	20	110	21	101	22	107	23	120	24	104	25	117	26	118	27	115	28	120	29	106	
	0	112	1	119	2	104	3	105	4	113	5	120	6	119	7	117	8	103	9	107	10	102	11	119	12	119	13	101	14	107	15	113	16	120	17	109	18	106	19	111	20	106	21	120	22	113	23	118	24	107	25	120	26	102	27	104	28	120	29	113	
	0	110	1	110	2	107	3	108	4	103	5	102	6	101	7	114	8	120	9	107	10	104	11	108	12	100	13	104	14	119	15	114	16	101	17	100	18	105	19	120	20	118	21	102	22	117	23	114	24	102	25	115	26	113	27	109	28	113	29	110	
	0	113	1	107	2	113	3	111	4	118	5	101	6	110	7	120	8	103	9	118	10	102	11	111	12	103	13	120	14	111	15	103	16	110	17	104	18	103	19	108	20	112	21	110	22	112	23	114	24	101	25	110	26	106	27	102	28	118	29	108	
	0	109	1	107	2	115	3	110	4	115	5	101	6	102	7	108	8	102	9	110	10	120	11	108	12	104	13	105	14	111	15	105	16	105	17	100	18	101	19	109	20	111	21	110	22	117	23	117	24	115	25	111	26	111	27	118	28	118	29	105	
	0	113	1	110	2	120	3	120	4	109	5	115	6	120	7	117	8	102	9	107	10	104	11	113	12	106	13	114	14	103	15	120	16	100	17	106	18	113	19	107	20	104	21	101	22	116	23	101	24	118	25	110	26	110	27	116	28	112	29	114	
	0	103	1	116	2	116	3	109	4	115	5	110	6	102	7	118	8	109	9	119	10	108	11	106	12	101	13	102	14	104	15	108	16	117	17	117	18	116	19	115	20	102	21	109	22	117	23	103	24	112	25	104	26	118	27	108	28	115	29	106	
	0	117	1	110	2	101	3	116	4	118	5	120	6	112	7	114	8	111	9	114	10	100	11	113	12	104	13	112	14	116	15	110	16	112	17	119	18	120	19	106	20	106	21	104	22	108	23	101	24	101	25	109	26	113	27	108	28	105	29	101	
	0	106	1	109	2	115	3	106	4	108	5	117	6	113	7	108	8	100	9	115	10	106	11	119	12	110	13	104	14	118	15	112	16	107	17	106	18	116	19	103	20	105	21	107	22	114	23	111	24	109	25	117	26	120	27	120	28	117	29	101	
	0	101	1	120	2	112	3	114	4	115	5	117	6	101	7	112	8	117	9	109	10	109	11	106	12	108	13	105	14	101	15	114	16	116	17	102	18	109	19	104	20	116	21	117	22	117	23	112	24	104	25	111	26	102	27	111	28	117	29	112	
	0	101	1	114	2	118	3	103	4	117	5	101	6	108	7	117	8	111	9	112	10	103	11	112	12	120	13	111	14	118	15	105	16	115	17	118	18	101	19	103	20	103	21	117	22	103	23	106	24	114	25	115	26	117	27	116	28	119	29	100	
	0	113	1	120	2	110	3	100	4	110	5	111	6	111	7	118	8	120	9	117	10	119	11	120	12	116	13	111	14	104	15	109	16	110	17	113	18	106	19	108	20	102	21	105	22	120	23	115	24	106	25	116	26	113	27	103	28	115	29	109	
	0	115	1	108	2	105	3	118	4	120	5	109	6	102	7	112	8	106	9	116	10	102	11	108	12	111	13	119	14	110	15	112	16	115	17	102	18	101	19	105	20	104	21	118	22	110	23	110	24	107	25	117	26	115	27	113	28	116	29	115	
	0	110	1	103	2	103	3	106	4	106	5	117	6	100	7	103	8	102	9	109	10	110	11	120	12	109	13	112	14	101	15	111	16	113	17	113	18	116	19	104	20	116	21	117	22	115	23	112	24	120	25	105	26	106	27	115	28	107	29	100	
	0	110	1	120	2	116	3	115	4	116	5	115	6	103	7	109	8	118	9	101	10	111	11	113	12	107	13	112	14	117	15	115	16	105	17	104	18	116	19	108	20	114	21	104	22	106	23	116	24	106	25	101	26	111	27	115	28	109	29	104	
	0	104	1	109	2	116	3	113	4	105	5	105	6	109	7	102	8	100	9	107	10	100	11	106	12	120	13	101	14	112	15	114	16	118	17	103	18	119	19	112	20	110	21	116	22	106	23	109	24	114	25	106	26	104	27	120	28	107	29	104	
	0	112	1	117	2	118	3	109	4	117	5	118	6	114	7	120	8	120	9	114	10	110	11	105	12	115	13	110	14	118	15	112	16	101	17	116	18	108	19	113	20	110	21	116	22	108	23	118	24	109	25	120	26	117	27	107	28	110	29	116	
	0	114	1	115	2	108	3	111	4	101	5	119	6	112	7	101	8	105	9	105	10	115	11	102	12	107	13	106	14	110	15	113	16	113	17	118	18	107	19	105	20	108	21	106	22	109	23	103	24	114	25	119	26	106	27	120	28	117	29	115	
	0	110	1	115	2	116	3	120	4	117	5	119	6	108	7	108	8	111	9	111	10	114	11	119	12	112	13	119	14	113	15	113	16	114	17	114	18	107	19	103	20	102	21	111	22	116	23	116	24	120	25	114	26	109	27	106	28	120	29	106	
	0	116	1	116	2	104	3	110	4	119	5	100	6	118	7	111	8	114	9	113	10	105	11	117	12	100	13	120	14	112	15	120	16	105	17	120	18	116	19	101	20	111	21	114	22	105	23	107	24	114	25	114	26	100	27	119	28	111	29	107	
	0	114	1	102	2	109	3	119	4	103	5	104	6	109	7	106	8	111	9	105	10	104	11	102	12	115	13	101	14	100	15	103	16	117	17	100	18	103	19	120	20	111	21	104	22	107	23	116	24	120	25	110	26	107	27	103	28	101	29	119	
	0	117	1	115	2	117	3	109	4	107	5	111	6	107	7	105	8	111	9	101	10	108	11	104	12	108	13	105	14	119	15	119	16	102	17	114	18	104	19	118	20	115	21	113	22	105	23	100	24	105	25	117	26	100	27	117	28	110	29	111	
	0	105	1	106	2	117	3	104	4	108	5	107	6	117	7	118	8	101	9	104	10	116	11	112	12	112	13	114	14	111	15	100	16	116	17	105	18	119	19	116	20	101	21	114	22	109	23	109	24	101	25	107	26	106	27	113	28	100	29	111	
	0	112	1	107	2	116	3	118	4	118	5	113	6	102	7	120	8	115	9	110	10	108	11	116	12	103	13	102	14	119	15	111	16	106	17	108	18	108	19	118	20	106	21	100	22	110	23	102	24	118	25	114	26	117	27	112	28	120	29	119	
	0	102	1	120	2	110	3	109	4	119	5	109	6	120	7	101	8	117	9	104	10	107	11	101	12	117	13	113	14	105	15	100	16	102	17	103	18	101	19	115	20	112	21	113	22	120	23	111	24	111	25	116	26	106	27	104	28	110	29	110	
	0	112	1	112	2	120	3	103	4	111	5	101	6	107	7	120	8	113	9	114	10	110	11	118	12	117	13	115	14	119	15	113	16	112	17	100	18	107	19	118	20	104	21	105	22	101	23	109	24	108	25	103	26	116	27	101	28	112	29	120	
	0	117	1	111	2	110	3	102	4	120	5	112	6	110	7	104	8	103	9	116	10	113	11	117	12	111	13	115	14	111	15	107	16	101	17	111	18	119	19	104	20	120	21	107	22	110	23	110	24	118	25	111	26	104	27	103	28	105	29	118	
	0	114	1	105	2	115	3	108	4	101	5	108	6	103	7	109	8	105	9	112	10	105	11	120	12	106	13	110	14	107	15	119	16	114	17	110	18	116	19	104	20	117	21	100	22	103	23	117	24	109	25	110	26	108	27	110	28	106	29	116	
	0	115	1	111	2	120	3	105	4	109	5	104	6	104	7	110	8	112	9	118	10	111	11	100	12	119	13	118	14	109	15	102	16	115	17	112	18	117	19	117	20	100	21	114	22	104	23	120	24	120	25	116	26	106	27	102	28	104	29	102	
	0	104	1	110	2	110	3	113	4	104	5	104	6	120	7	109	8	113	9	104	10	117	11	106	12	117	13	106	14	103	15	112	16	105	17	100	18	117	19	115	20	103	21	118	22	108	23	102	24	105	25	101	26	108	27	102	28	101	29	107	
	0	115	1	110	2	109	3	108	4	112	5	115	6	107	7	112	8	112	9	109	10	113	11	112	12	114	13	108	14	109	15	112	16	110	17	115	18	119	19	111	20	102	21	101	22	109	23	102	24	110	25	100	26	116	27	120	28	117	29	108	
	0	115	1	110	2	118	3	114	4	104	5	109	6	115	7	105	8	111	9	103	10	104	11	114	12	119	13	102	14	105	15	105	16	106	17	114	18	115	19	107	20	101	21	119	22	104	23	105	24	107	25	111	26	102	27	105	28	105	29	117	
	0	104	1	112	2	118	3	114	4	104	5	117	6	109	7	106	8	117	9	111	10	114	11	102	12	110	13	108	14	113	15	118	16	105	17	107	18	119	19	116	20	119	21	109	22	101	23	109	24	110	25	119	26	115	27	104	28	120	29	102	
	0	101	1	101	2	100	3	119	4	117	5	118	6	113	7	109	8	108	9	110	10	103	11	118	12	111	13	101	14	104	15	115	16	114	17	116	18	111	19	101	20	114	21	103	22	108	23	108	24	103	25	105	26	104	27	104	28	113	29	114	
	0	109	1	114	2	108	3	117	4	103	5	110	6	110	7	112	8	110	9	109	10	101	11	105	12	105	13	118	14	112	15	109	16	104	17	106	18	116	19	119	20	118	21	113	22	120	23	100	24	115	25	114	26	105	27	100	28	105	29	100	
	0	106	1	115	2	116	3	101	4	100	5	107	6	110	7	105	8	118	9	112	10	107	11	117	12	102	13	114	14	109	15	101	16	113	17	120	18	114	19	101	20	111	21	117	22	112	23	111	24	110	25	117	26	104	27	106	28	109	29	108	
	0	119	1	103	2	103	3	110	4	103	5	105	6	106	7	119	8	117	9	117	10	115	11	101	12	118	13	114	14	118	15	106	16	103	17	111	18	117	19	116	20	114	21	108	22	115	23	117	24	106	25	105	26	111	27	106	28	107	29	105	
	0	101	1	117	2	108	3	109	4	109	5	116	6	100	7	115	8	117	9	107	10	105	11	114	12	109	13	100	14	102	15	108	16	115	17	108	18	110	19	104	20	102	21	108	22	118	23	109	24	114	25	111	26	101	27	108	28	119	29	118	
	0	117	1	113	2	100	3	109	4	109	5	114	6	109	7	107	8	101	9	107	10	112	11	111	12	109	13	103	14	102	15	102	16	100	17	119	18	100	19	103	20	115	21	112	22	103	23	100	24	118	25	113	26	112	27	104	28	107	29	106	
	0	100	1	116	2	118	3	109	4	117	5	111	6	100	7	115	8	110	9	100	10	112	11	104	12	117	13	104	14	112	15	100	16	109	17	120	18	103	19	108	20	101	21	105	22	100	23	100	24	104	25	104	26	112	27	103	28	101	29	115	
	0	111	1	101	2	101	3	102	4	108	5	103	6	100	7	117	8	101	9	107	10	119	11	109	12	119	13	105	14	106	15	106	16	100	17	118	18	115	19	110	20	119	21	117	22	119	23	115	24	111	25	110	26	114	27	100	28	103	29	100	
	0	104	1	120	2	119	3	107	4	110	5	104	6	119	7	106	8	120	9	100	10	113	11	111	12	114	13	114	14	110	15	101	16	120	17	114	18	100	19	101	20	114	21	116	22	116	23	100	24	106	25	113	26	104	27	114	28	117	29	109	
	0	108	1	100	2	112	3	106	4	104	5	102	6	116	7	115	8	120	9	106	10	104	11	116	12	102	13	103	14	106	15	105	16	118	17	103	18	117	19	101	20	109	21	115	22	117	23	103	24	120	25	114	26	101	27	114	28	102	29	109	
	0	103	1	113	2	102	3	117	4	109	5	117	6	118	7	111	8	102	9	120	10	114	11	100	12	119	13	116	14	108	15	103	16	114	17	116	18	105	19	104	20	112	21	105	22	101	23	104	24	111	25	117	26	111	27	102	28	109	29	101	
	0	117	1	114	2	110	3	120	4	117	5	119	6	118	7	112	8	120	9	116	10	114	11	119	12	103	13	101	14	104	15	116	16	110	17	107	18	119	19	101	20	115	21	110	22	104	23	115	24	107	25	109	26	116	27	113	28	111	29	114	
	0	109	1	106	2	104	3	100	4	108	5	120	6	100	7	116	8	116	9	103	10	120	11	119	12	105	13	112	14	119	15	108	16	115	17	116	18	108	19	106	20	115	21	119	22	117	23	108	24	101	25	110	26	106	27	116	28	119	29	103	
	0	104	1	102	2	106	3	106	4	105	5	117	6	115	7	117	8	104	9	106	10	102	11	100	12	113	13	118	14	111	15	105	16	103	17	112	18	108	19	110	20	108	21	112	22	105	23	116	24	101	25	116	26	115	27	100	28	106	29	118	
	0	119	1	107	2	101	3	112	4	118	5	115	6	108	7	104	8	111	9	111	10	118	11	117	12	106	13	116	14	108	15	101	16	109	17	110	18	109	19	100	20	104	21	110	22	110	23	102	24	120	25	108	26	101	27	113	28	118	29	117	
	0	108	1	102	2	107	3	110	4	105	5	105	6	112	7	117	8	120	9	104	10	101	11	100	12	119	13	115	14	119	15	110	16	106	17	105	18	103	19	110	20	105	21	110	22	106	23	112	24	110	25	109	26	108	27	113	28	117	29	102	
	0	104	1	114	2	112	3	101	4	118	5	117	6	102	7	106	8	106	9	111	10	110	11	111	12	113	13	106	14	112	15	110	16	106	17	100	18	103	19	107	20	109	21	107	22	118	23	102	24	104	25	111	26	118	27	111	28	114	29	106	
	0	111	1	116	2	117	3	104	4	111	5	116	6	105	7	112	8	111	9	103	10	101	11	106	12	109	13	119	14	103	15	106	16	115	17	119	18	114	19	118	20	100	21	104	22	102	23	104	24	103	25	104	26	116	27	119	28	118	29	107	
	0	115	1	107	2	113	3	104	4	117	5	118	6	108	7	101	8	119	9	119	10	114	11	107	12	110	13	111	14	102	15	110	16	113	17	102	18	104	19	110	20	113	21	115	22	114	23	104	24	101	25	111	26	119	27	104	28	101	29	120	
	0	116	1	117	2	109	3	114	4	110	5	111	6	103	7	113	8	102	9	119	10	110	11	110	12	119	13	114	14	120	15	107	16	111	17	104	18	100	19	103	20	102	21	110	22	100	23	115	24	110	25	110	26	107	27	103	28	110	29	117	
	0	108	1	114	2	110	3	101	4	105	5	107	6	113	7	104	8	101	9	118	10	101	11	100	12	110	13	114	14	115	15	118	16	100	17	102	18	113	19	109	20	107	21	111	22	100	23	100	24	111	25	116	26	113	27	112	28	101	29	116	
	0	109	1	100	2	110	3	100	4	120	5	104	6	110	7	102	8	117	9	105	10	101	11	112	12	118	13	104	14	113	15	116	16	104	17	105	18	118	19	113	20	112	21	107	22	117	23	115	24	103	25	111	26	115	27	108	28	111	29	111	
	0	120	1	102	2	117	3	117	4	117	5	118	6	115	7	100	8	101	9	105	10	106	11	108	12	113	13	114	14	106	15	103	16	110	17	114	18	103	19	104	20	103	21	101	22	105	23	117	24	104	25	106	26	113	27	118	28	100	29	109	
	0	103	1	107	2	114	3	118	4	110	5	100	6	107	7	103	8	115	9	110	10	117	11	107	12	104	13	100	14	108	15	106	16	114	17	120	18	106	19	105	20	110	21	107	22	117	23	110	24	117	25	108	26	114	27	111	28	108	29	116	
	0	106	1	101	2	120	3	111	4	109	5	107	6	104	7	108	8	112	9	108	10	102	11	117	12	105	13	114	14	111	15	118	16	113	17	103	18	103	19	116	20	117	21	105	22	118	23	106	24	116	25	116	26	106	27	110	28	100	29	104	
	0	106	1	100	2	102	3	104	4	105	5	110	6	116	7	109	8	114	9	118	10	112	11	116	12	107	13	104	14	114	15	117	16	119	17	110	18	111	19	109	20	109	21	115	22	104	23	106	24	109	25	115	26	113	27	116	28	102	29	108	
	0	120	1	119	2	111	3	114	4	118	5	114	6	102	7	108	8	106	9	103	10	117	11	106	12	107	13	101	14	109	15	119	16	109	17	102	18	117	19	120	20	104	21	106	22	106	23	103	24	102	25	109	26	107	27	112	28	104	29	101	
	0	108	1	115	2	109	3	108	4	106	5	101	6	119	7	113	8	104	9	117	10	109	11	109	12	118	13	116	14	114	15	117	16	112	17	119	18	111	19	120	20	102	21	107	22	120	23	119	24	103	25	113	26	113	27	115	28	100	29	104	
	0	105	1	113	2	120	3	102	4	103	5	104	6	117	7	106	8	104	9	102	10	111	11	102	12	110	13	115	14	120	15	114	16	111	17	119	18	103	19	114	20	110	21	119	22	116	23	109	24	100	25	102	26	112	27	115	28	111	29	101	
	0	115	1	101	2	105	3	115	4	101	5	113	6	114	7	118	8	110	9	103	10	109	11	118	12	103	13	114	14	118	15	102	16	112	17	113	18	112	19	111	20	113	21	100	22	109	23	106	24	117	25	101	26	100	27	104	28	118	29	115	
	0	100	1	102	2	101	3	112	4	108	5	108	6	114	7	118	8	104	9	109	10	111	11	110	12	115	13	118	14	107	15	119	16	116	17	110	18	105	19	105	20	101	21	108	22	120	23	102	24	100	25	114	26	105	27	101	28	112	29	111	
	0	113	1	119	2	113	3	107	4	100	5	114	6	100	7	104	8	108	9	119	10	116	11	115	12	102	13	118	14	115	15	114	16	100	17	107	18	120	19	106	20	103	21	102	22	115	23	115	24	119	25	114	26	107	27	106	28	115	29	100	
	0	115	1	106	2	102	3	109	4	117	5	111	6	109	7	110	8	103	9	110	10	107	11	100	12	109	13	108	14	104	15	113	16	119	17	105	18	107	19	114	20	118	21	117	22	111	23	118	24	113	25	115	26	106	27	109	28	115	29	104	
	0	112	1	116	2	110	3	113	4	103	5	101	6	120	7	105	8	107	9	114	10	118	11	115	12	102	13	113	14	104	15	108	16	107	17	109	18	119	19	101	20	107	21	106	22	120	23	111	24	112	25	120	26	110	27	114	28	117	29	108	
	0	107	1	110	2	119	3	117	4	106	5	100	6	120	7	101	8	109	9	116	10	117	11	109	12	119	13	120	14	119	15	100	16	106	17	107	18	109	19	106	20	100	21	113	22	107	23	108	24	108	25	112	26	117	27	118	28	104	29	112	
	0	106	1	109	2	100	3	109	4	107	5	118	6	119	7	118	8	114	9	116	10	117	11	107	12	105	13	104	14	102	15	109	16	106	17	113	18	120	19	103	20	105	21	114	22	105	23	101	24	106	25	103	26	114	27	106	28	113	29	103	
	0	120	1	120	2	117	3	107	4	115	5	109	6	119	7	119	8	120	9	118	10	110	11	119	12	119	13	114	14	118	15	116	16	110	17	114	18	101	19	100	20	103	21	109	22	114	23	120	24	115	25	100	26	115	27	113	28	111	29	114	
	0	114	1	100	2	115	3	101	4	111	5	111	6	109	7	102	8	119	9	110	10	112	11	114	12	118	13	107	14	107	15	117	16	119	17	120	18	104	19	113	20	117	21	113	22	103	23	109	24	103	25	114	26	111	27	107	28	114	29	102	
	0	103	1	108	2	109	3	105	4	119	5	107	6	118	7	101	8	111	9	119	10	116	11	119	12	117	13	117	14	119	15	104	16	100	17	108	18	104	19	107	20	111	21	116	22	119	23	115	24	104	25	114	26	105	27	106	28	106	29	104	
	0	114	1	105	2	119	3	119	4	119	5	105	6	115	7	100	8	116	9	104	10	101	11	108	12	106	13	120	14	110	15	115	16	105	17	105	18	120	19	106	20	103	21	105	22	114	23	104	24	116	25	111	26	101	27	118	28	111	29	113	
	0	108	1	107	2	109	3	101	4	120	5	108	6	100	7	107	8	114	9	117	10	110	11	105	12	112	13	100	14	102	15	118	16	103	17	108	18	119	19	116	20	118	21	110	22	105	23	115	24	105	25	116	26	110	27	118	28	118	29	100	
	0	112	1	118	2	115	3	120	4	113	5	101	6	106	7	107	8	113	9	113	10	110	11	102	12	106	13	111	14	105	15	120	16	108	17	118	18	112	19	104	20	111	21	118	22	105	23	101	24	100	25	119	26	112	27	114	28	113	29	105	
	0	102	1	101	2	106	3	118	4	118	5	110	6	117	7	101	8	100	9	120	10	112	11	113	12	109	13	118	14	115	15	115	16	115	17	112	18	104	19	117	20	116	21	116	22	115	23	102	24	103	25	102	26	102	27	119	28	104	29	102	
	0	114	1	114	2	107	3	106	4	109	5	107	6	106	7	119	8	108	9	108	10	120	11	118	12	107	13	112	14	117	15	106	16	117	17	117	18	117	19	113	20	120	21	120	22	118	23	112	24	103	25	114	26	113	27	113	28	115	29	114	
	0	101	1	106	2	105	3	108	4	104	5	113	6	101	7	118	8	106	9	111	10	106	11	114	12	114	13	100	14	116	15	103	16	112	17	110	18	111	19	107	20	103	21	104	22	117	23	105	24	103	25	106	26	118	27	113	28	106	29	109	
	0	104	1	104	2	116	3	108	4	102	5	113	6	108	7	114	8	109	9	114	10	105	11	109	12	110	13	118	14	102	15	119	16	103	17	113	18	114	19	108	20	108	21	120	22	101	23	104	24	106	25	107	26	101	27	106	28	100	29	120	
	0	106	1	106	2	103	3	118	4	110	5	118	6	116	7	116	8	110	9	108	10	106	11	107	12	104	13	117	14	105	15	106	16	106	17	107	18	116	19	110	20	106	21	108	22	106	23	117	24	115	25	109	26	113	27	100	28	106	29	105	
	0	118	1	118	2	102	3	120	4	106	5	110	6	113	7	109	8	107	9	100	10	117	11	107	12	118	13	111	14	119	15	116	16	117	17	110	18	119	19	104	20	101	21	105	22	112	23	102	24	101	25	110	26	115	27	104	28	106	29	101	
	0	119	1	103	2	116	3	104	4	119	5	110	6	117	7	103	8	102	9	106	10	114	11	111	12	110	13	103	14	104	15	119	16	100	17	107	18	103	19	113	20	100	21	118	22	101	23	112	24	118	25	116	26	115	27	117	28	119	29	107	
	0	120	1	115	2	113	3	117	4	115	5	115	6	101	7	103	8	107	9	114	10	102	11	106	12	119	13	109	14	108	15	111	16	106	17	108	18	118	19	102	20	110	21	100	22	107	23	119	24	106	25	107	26	120	27	110	28	102	29	100	
	0	112	1	112	2	117	3	113	4	102	5	111	6	101	7	109	8	112	9	107	10	106	11	105	12	113	13	101	14	109	15	106	16	104	17	115	18	112	19	120	20	104	21	105	22	102	23	102	24	118	25	118	26	100	27	106	28	108	29	120	
	0	111	1	109	2	113	3	104	4	119	5	113	6	116	7	118	8	106	9	114	10	110	11	105	12	113	13	119	14	120	15	116	16	117	17	110	18	100	19	107	20	116	21	119	22	114	23	108	24	117	25	117	26	117	27	116	28	101	29	109	
	0	120	1	115	2	118	3	115	4	104	5	114	6	118	7	113	8	101	9	116	10	120	11	101	12	115	13	105	14	108	15	105	16	118	17	119	18	115	19	100	20	101	21	104	22	118	23	113	24	115	25	100	26	119	27	120	28	105	29	112	
	0	111	1	106	2	111	3	104	4	119	5	110	6	116	7	116	8	111	9	118	10	119	11	109	12	110	13	102	14	119	15	110	16	119	17	110	18	115	19	101	20	118	21	111	22	116	23	116	24	117	25	106	26	108	27	110	28	102	29	106	
	0	106	1	105	2	119	3	105	4	117	5	115	6	110	7	101	8	103	9	120	10	104	11	112	12	120	13	118	14	106	15	119	16	107	17	117	18	104	19	120	20	101	21	103	22	110	23	117	24	116	25	107	26	113	27	111	28	103	29	115	
	0	104	1	118	2	119	3	101	4	112	5	110	6	102	7	113	8	104	9	101	10	100	11	101	12	112	13	103	14	112	15	103	16	108	17	115	18	101	19	120	20	118	21	115	22	115	23	107	24	106	25	120	26	105	27	107	28	101	29	108	
	0	101	1	106	2	102	3	112	4	108	5	110	6	111	7	110	8	113	9	120	10	120	11	105	12	117	13	113	14	106	15	107	16	120	17	110	18	105	19	105	20	110	21	108	22	117	23	100	24	112	25	115	26	109	27	115	28	102	29	107	
	0	115	1	108	2	109	3	101	4	114	5	100	6	118	7	109	8	104	9	119	10	111	11	120	12	100	13	119	14	114	15	118	16	118	17	105	18	119	19	110	20	114	21	102	22	103	23	117	24	113	25	111	26	111	27	115	28	106	29	114	
	0	106	1	111	2	104	3	120	4	119	5	107	6	113	7	102	8	113	9	111	10	115	11	111	12	109	13	100	14	108	15	116	16	114	17	119	18	115	19	100	20	112	21	110	22	100	23	119	24	113	25	102	26	120	27	111	28	120	29	106	
	0	112	1	117	2	119	3	107	4	120	5	112	6	113	7	120	8	114	9	119	10	118	11	101	12	101	13	111	14	113	15	115	16	118	17	114	18	107	19	103	20	120	21	118	22	110	23	107	24	100	25	119	26	116	27	106	28	115	29	103	
	0	118	1	112	2	106	3	109	4	114	5	104	6	106	7	120	8	117	9	107	10	100	11	108	12	101	13	108	14	118	15	119	16	104	17	107	18	113	19	115	20	114	21	120	22	110	23	106	24	112	25	101	26	118	27	116	28	107	29	117	
	0	113	1	119	2	110	3	119	4	110	5	110	6	116	7	104	8	119	9	109	10	100	11	115	12	117	13	111	14	107	15	119	16	111	17	114	18	103	19	101	20	100	21	102	22	117	23	114	24	120	25	110	26	116	27	101	28	116	29	105	
	0	115	1	114	2	106	3	106	4	116	5	104	6	107	7	114	8	112	9	117	10	107	11	105	12	105	13	109	14	108	15	106	16	116	17	105	18	102	19	115	20	119	21	101	22	102	23	105	24	101	25	114	26	110	27	104	28	114	29	118	
	0	107	1	111	2	102	3	108	4	104	5	100	6	111	7	118	8	101	9	118	10	101	11	104	12	115	13	116	14	115	15	104	16	114	17	107	18	114	19	110	20	120	21	102	22	105	23	100	24	111	25	106	26	108	27	114	28	107	29	102	
	0	112	1	115	2	101	3	112	4	111	5	112	6	108	7	103	8	115	9	115	10	112	11	101	12	107	13	116	14	120	15	118	16	112	17	105	18	113	19	100	20	113	21	105	22	105	23	101	24	117	25	110	26	103	27	107	28	113	29	114	
	0	111	1	102	2	119	3	111	4	100	5	115	6	116	7	102	8	114	9	114	10	102	11	117	12	114	13	112	14	113	15	112	16	110	17	118	18	106	19	119	20	120	21	108	22	107	23	119	24	108	25	110	26	107	27	111	28	115	29	115	
	0	105	1	100	2	103	3	108	4	112	5	113	6	109	7	111	8	100	9	113	10	114	11	119	12	102	13	111	14	104	15	104	16	100	17	112	18	102	19	114	20	118	21	118	22	105	23	107	24	111	25	119	26	108	27	111	28	118	29	118	
	0	112	1	119	2	106	3	114	4	112	5	114	6	112	7	108	8	118	9	120	10	116	11	108	12	120	13	112	14	101	15	120	16	118	17	105	18	107	19	106	20	101	21	105	22	109	23	119	24	107	25	119	26	120	27	116	28	102	29	119	
	0	118	1	114	2	107	3	100	4	115	5	102	6	111	7	106	8	107	9	113	10	104	11	106	12	102	13	100	14	106	15	103	16	118	17	120	18	106	19	115	20	119	21	100	22	102	23	102	24	105	25	111	26	106	27	118	28	109	29	103	
	0	115	1	114	2	108	3	102	4	110	5	107	6	112	7	112	8	110	9	105	10	109	11	118	12	115	13	108	14	118	15	115	16	117	17	107	18	115	19	118	20	110	21	109	22	113	23	115	24	113	25	120	26	115	27	102	28	101	29	102	
	0	105	1	109	2	102	3	104	4	102	5	113	6	102	7	105	8	107	9	104	10	115	11	108	12	100	13	119	14	100	15	116	16	116	17	107	18	108	19	112	20	103	21	119	22	104	23	116	24	116	25	116	26	106	27	116	28	112	29	108	
	0	110	1	115	2	106	3	107	4	102	5	109	6	115	7	109	8	110	9	110	10	105	11	104	12	118	13	118	14	100	15	102	16	118	17	103	18	103	19	119	20	110	21	113	22	117	23	112	24	110	25	103	26	117	27	105	28	114	29	110	
	0	108	1	104	2	106	3	113	4	116	5	116	6	102	7	117	8	114	9	103	10	114	11	120	12	104	13	102	14	103	15	102	16	117	17	100	18	114	19	104	20	107	21	100	22	105	23	112	24	101	25	100	26	107	27	115	28	103	29	102	
	0	105	1	116	2	109	3	107	4	105	5	101	6	104	7	107	8	114	9	114	10	105	11	106	12	108	13	100	14	111	15	101	16	111	17	107	18	106	19	116	20	115	21	109	22	101	23	117	24	117	25	106	26	116	27	102	28	103	29	109	
	0	119	1	115	2	106	3	110	4	109	5	101	6	116	7	114	8	109	9	106	10	115	11	110	12	120	13	100	14	109	15	108	16	103	17	114	18	112	19	109	20	119	21	115	22	100	23	110	24	105	25	116	26	101	27	114	28	101	29	104	
	0	104	1	102	2	114	3	110	4	109	5	116	6	115	7	109	8	102	9	120	10	111	11	117	12	117	13	111	14	119	15	111	16	103	17	104	18	117	19	119	20	116	21	114	22	112	23	101	24	100	25	117	26	104	27	112	28	106	29	114	
	0	100	1	113	2	116	3	108	4	102	5	112	6	101	7	112	8	102	9	103	10	112	11	106	12	101	13	103	14	111	15	101	16	102	17	111	18	110	19	117	20	106	21	108	22	106	23	120	24	100	25	105	26	107	27	117	28	116	29	108	
	0	113	1	112	2	102	3	104	4	107	5	111	6	101	7	120	8	113	9	109	10	115	11	110	12	115	13	114	14	119	15	100	16	112	17	116	18	110	19	115	20	103	21	106	22	104	23	104	24	116	25	120	26	117	27	109	28	112	29	103	
	0	102	1	102	2	111	3	116	4	106	5	114	6	114	7	109	8	108	9	102	10	109	11	111	12	103	13	116	14	105	15	101	16	105	17	105	18	101	19	116	20	109	21	119	22	106	23	117	24	118	25	108	26	115	27	113	28	111	29	119	
	0	112	1	111	2	100	3	106	4	106	5	118	6	114	7	109	8	103	9	117	10	104	11	111	12	120	13	110	14	120	15	110	16	116	17	116	18	106	19	103	20	110	21	118	22	104	23	108	24	107	25	116	26	116	27	100	28	113	29	111	
	0	104	1	115	2	115	3	114	4	120	5	112	6	106	7	100	8	110	9	102	10	104	11	107	12	109	13	107	14	104	15	114	16	105	17	114	18	110	19	105	20	115	21	102	22	100	23	113	24	117	25	101	26	108	27	100	28	110	29	120	
	0	114	1	115	2	109	3	107	4	116	5	105	6	100	7	113	8	114	9	117	10	102	11	108	12	105	13	108	14	111	15	118	16	117	17	105	18	110	19	100	20	114	21	117	22	120	23	106	24	107	25	109	26	106	27	116	28	114	29	104	
	0	106	1	111	2	100	3	107	4	106	5	117	6	114	7	117	8	102	9	105	10	100	11	118	12	111	13	100	14	114	15	112	16	113	17	113	18	118	19	102	20	106	21	106	22	104	23	102	24	107	25	118	26	109	27	109	28	116	29	108	
	0	109	1	101	2	101	3	106	4	114	5	113	6	100	7	105	8	119	9	111	10	117	11	105	12	104	13	112	14	110	15	117	16	110	17	103	18	110	19	105	20	116	21	115	22	102	23	120	24	120	25	108	26	115	27	117	28	108	29	110	
	0	115	1	116	2	103	3	106	4	113	5	108	6	104	7	115	8	103	9	114	10	109	11	111	12	115	13	106	14	108	15	105	16	104	17	106	18	107	19	106	20	113	21	105	22	114	23	101	24	114	25	115	26	106	27	112	28	107	29	111	
	0	115	1	101	2	115	3	112	4	104	5	105	6	101	7	106	8	110	9	105	10	113	11	114	12	116	13	117	14	100	15	112	16	118	17	120	18	102	19	108	20	112	21	103	22	115	23	106	24	116	25	119	26	101	27	101	28	103	29	102	
	0	117	1	101	2	119	3	117	4	111	5	114	6	109	7	117	8	105	9	116	10	108	11	117	12	119	13	100	14	115	15	112	16	104	17	116	18	110	19	111	20	101	21	100	22	106	23	118	24	114	25	106	26	101	27	116	28	114	29	119	
	0	114	1	105	2	111	3	118	4	117	5	114	6	112	7	110	8	116	9	120	10	111	11	101	12	114	13	100	14	103	15	105	16	113	17	101	18	114	19	102	20	117	21	108	22	104	23	108	24	112	25	116	26	120	27	108	28	111	29	102	
	0	109	1	118	2	105	3	113	4	105	5	112	6	103	7	103	8	100	9	103	10	111	11	106	12	113	13	118	14	100	15	101	16	103	17	108	18	104	19	111	20	105	21	120	22	110	23	106	24	110	25	103	26	106	27	109	28	101	29	115	
	0	112	1	117	2	119	3	117	4	118	5	115	6	100	7	102	8	120	9	103	10	114	11	108	12	102	13	120	14	119	15	113	16	104	17	113	18	103	19	106	20	120	21	100	22	112	23	107	24	100	25	114	26	117	27	120	28	104	29	116	
	0	108	1	114	2	117	3	107	4	105	5	104	6	111	7	104	8	106	9	111	10	107	11	110	12	103	13	118	14	108	15	119	16	103	17	100	18	103	19	105	20	111	21	100	22	106	23	118	24	118	25	117	26	117	27	104	28	111	29	103	
	0	106	1	119	2	103	3	104	4	106	5	113	6	111	7	105	8	103	9	115	10	102	11	113	12	111	13	113	14	103	15	101	16	107	17	109	18	110	19	103	20	119	21	103	22	100	23	116	24	103	25	116	26	109	27	106	28	115	29	109	
	0	105	1	108	2	108	3	110	4	113	5	106	6	107	7	101	8	107	9	111	10	103	11	104	12	107	13	106	14	104	15	108	16	103	17	112	18	107	19	102	20	117	21	105	22	116	23	118	24	103	25	115	26	103	27	112	28	103	29	108	
	0	114	1	115	2	115	3	108	4	105	5	108	6	105	7	103	8	106	9	100	10	112	11	102	12	109	13	103	14	115	15	107	16	107	17	110	18	111	19	111	20	117	21	102	22	114	23	118	24	119	25	119	26	110	27	115	28	117	29	101	
	0	104	1	104	2	114	3	119	4	107	5	110	6	108	7	101	8	117	9	114	10	113	11	103	12	110	13	112	14	107	15	119	16	102	17	118	18	100	19	110	20	112	21	101	22	115	23	110	24	116	25	103	26	117	27	110	28	120	29	110	
	0	119	1	108	2	107	3	108	4	118	5	108	6	117	7	116	8	113	9	117	10	113	11	104	12	106	13	114	14	108	15	115	16	104	17	117	18	120	19	118	20	108	21	104	22	109	23	119	24	119	25	102	26	120	27	102	28	110	29	108	
	0	108	1	103	2	112	3	116	4	113	5	112	6	102	7	110	8	101	9	113	10	105	11	113	12	118	13	104	14	118	15	113	16	100	17	120	18	101	19	117	20	111	21	120	22	111	23	105	24	118	25	116	26	112	27	119	28	116	29	113	
	0	117	1	110	2	106	3	100	4	114	5	120	6	100	7	114	8	115	9	119	10	106	11	110	12	116	13	118	14	106	15	102	16	117	17	117	18	101	19	104	20	101	21	119	22	117	23	120	24	107	25	110	26	105	27	120	28	118	29	106	
	0	110	1	105	2	111	3	117	4	107	5	104	6	113	7	104	8	111	9	111	10	109	11	101	12	104	13	110	14	113	15	106	16	109	17	111	18	120	19	111	20	100	21	106	22	106	23	113	24	100	25	101	26	116	27	118	28	108	29	108	
	0	103	1	116	2	109	3	115	4	103	5	107	6	110	7	113	8	106	9	112	10	108	11	116	12	114	13	115	14	117	15	105	16	102	17	108	18	113	19	118	20	110	21	112	22	108	23	110	24	118	25	111	26	106	27	101	28	109	29	112	
	0	109	1	119	2	111	3	104	4	106	5	106	6	115	7	114	8	111	9	105	10	106	11	109	12	101	13	118	14	117	15	117	16	114	17	100	18	103	19	103	20	105	21	112	22	106	23	107	24	102	25	102	26	102	27	109	28	107	29	110	
	0	120	1	100	2	111	3	118	4	108	5	103	6	110	7	109	8	117	9	119	10	120	11	103	12	106	13	102	14	115	15	119	16	115	17	103	18	117	19	101	20	102	21	108	22	113	23	108	24	102	25	115	26	113	27	116	28	119	29	109	
	0	101	1	104	2	117	3	115	4	110	5	115	6	108	7	115	8	104	9	120	10	114	11	117	12	104	13	108	14	114	15	109	16	106	17	107	18	106	19	100	20	116	21	103	22	112	23	109	24	102	25	118	26	118	27	103	28	104	29	101	
	0	101	1	119	2	118	3	108	4	101	5	117	6	101	7	116	8	110	9	110	10	103	11	112	12	114	13	109	14	103	15	103	16	114	17	106	18	105	19	108	20	111	21	100	22	106	23	100	24	107	25	106	26	110	27	117	28	117	29	115	
	0	114	1	114	2	105	3	118	4	100	5	116	6	103	7	113	8	116	9	119	10	120	11	117	12	112	13	114	14	118	15	103	16	117	17	117	18	106	19	101	20	102	21	100	22	117	23	103	24	105	25	112	26	108	27	117	28	117	29	118	
	0	100	1	101	2	101	3	119	4	111	5	105	6	106	7	105	8	101	9	106	10	107	11	102	12	115	13	111	14	115	15	120	16	117	17	112	18	113	19	100	20	116	21	112	22	118	23	117	24	103	25	114	26	120	27	105	28	101	29	101	
	0	113	1	110	2	112	3	116	4	103	5	113	6	118	7	106	8	116	9	114	10	109	11	113	12	102	13	106	14	102	15	103	16	100	17	120	18	115	19	117	20	106	21	119	22	109	23	116	24	120	25	106	26	104	27	114	28	105	29	113	
	0	105	1	118	2	113	3	107	4	107	5	106	6	107	7	104	8	104	9	109	10	103	11	106	12	113	13	108	14	108	15	119	16	119	17	117	18	103	19	108	20	110	21	101	22	114	23	116	24	107	25	119	26	106	27	101	28	111	29	112	
	0	104	1	100	2	111	3	111	4	116	5	110	6	113	7	100	8	109	9	119	10	112	11	115	12	107	13	112	14	104	15	103	16	110	17	106	18	115	19	104	20	104	21	115	22	116	23	117	24	103	25	112	26	102	27	114	28	110	29	107	
	0	118	1	115	2	101	3	104	4	116	5	108	6	109	7	100	8	117	9	116	10	103	11	114	12	119	13	106	14	113	15	111	16	116	17	118	18	120	19	103	20	114	21	103	22	106	23	102	24	116	25	101	26	115	27	108	28	112	29	101	
	0	118	1	107	2	109	3	109	4	113	5	105	6	117	7	105	8	106	9	110	10	113	11	109	12	104	13	119	14	118	15	115	16	108	17	113	18	119	19	109	20	105	21	113	22	107	23	105	24	111	25	105	26	111	27	105	28	114	29	112	
	0	112	1	109	2	117	3	120	4	108	5	116	6	110	7	102	8	110	9	120	10	108	11	112	12	111	13	120	14	115	15	100	16	110	17	112	18	113	19	120	20	104	21	111	22	105	23	109	24	110	25	105	26	102	27	113	28	119	29	104	
	0	119	1	112	2	103	3	109	4	112	5	112	6	101	7	112	8	105	9	115	10	117	11	102	12	109	13	119	14	117	15	116	16	107	17	116	18	119	19	112	20	114	21	109	22	109	23	107	24	110	25	102	26	104	27	117	28	100	29	108	
	0	111	1	110	2	110	3	103	4	107	5	104	6	104	7	107	8	118	9	116	10	114	11	115	12	107	13	103	14	110	15	112	16	112	17	110	18	115	19	120	20	115	21	102	22	112	23	101	24	116	25	120	26	106	27	105	28	100	29	119	
	0	120	1	118	2	107	3	115	4	114	5	105	6	106	7	119	8	100	9	111	10	116	11	110	12	113	13	103	14	102	15	101	16	106	17	107	18	100	19	110	20	119	21	103	22	104	23	113	24	120	25	111	26	113	27	118	28	103	29	103	
	0	119	1	103	2	117	3	107	4	113	5	105	6	104	7	107	8	118	9	102	10	107	11	117	12	104	13	104	14	116	15	119	16	105	17	103	18	109	19	110	20	105	21	109	22	102	23	109	24	109	25	118	26	106	27	100	28	108	29	112	
	0	101	1	109	2	117	3	116	4	103	5	107	6	117	7	114	8	113	9	114	10	114	11	107	12	102	13	109	14	101	15	117	16	118	17	107	18	118	19	117	20	107	21	111	22	103	23	104	24	117	25	115	26	114	27	108	28	119	29	116	
	0	112	1	120	2	105	3	101	4	107	5	112	6	101	7	118	8	114	9	101	10	102	11	120	12	103	13	104	14	110	15	109	16	100	17	110	18	109	19	110	20	105	21	107	22	104	23	100	24	115	25	101	26	114	27	104	28	116	29	106	
	0	100	1	112	2	119	3	107	4	119	5	119	6	110	7	111	8	102	9	107	10	114	11	104	12	116	13	101	14	109	15	118	16	109	17	101	18	116	19	118	20	111	21	120	22	101	23	108	24	113	25	106	26	103	27	105	28	120	29	112	
	0	110	1	113	2	114	3	114	4	103	5	108	6	111	7	109	8	117	9	115	10	120	11	102	12	115	13	114	14	105	15	114	16	116	17	100	18	102	19	118	20	119	21	111	22	118	23	114	24	114	25	104	26	104	27	101	28	117	29	119	
	0	111	1	107	2	104	3	101	4	107	5	103	6	103	7	107	8	110	9	104	10	119	11	117	12	114	13	100	14	113	15	107	16	113	17	117	18	106	19	113	20	111	21	102	22	114	23	105	24	108	25	101	26	100	27	117	28	107	29	108	
	0	105	1	101	2	110	3	119	4	116	5	119	6	119	7	116	8	112	9	100	10	103	11	119	12	120	13	104	14	118	15	103	16	108	17	110	18	108	19	110	20	111	21	107	22	119	23	115	24	114	25	106	26	118	27	104	28	104	29	103	
	0	115	1	112	2	105	3	110	4	117	5	112	6	113	7	110	8	110	9	107	10	116	11	117	12	115	13	117	14	106	15	120	16	115	17	104	18	110	19	112	20	108	21	115	22	108	23	118	24	114	25	105	26	101	27	109	28	108	29	114	
	0	118	1	103	2	120	3	115	4	118	5	118	6	110	7	104	8	101	9	112	10	114	11	116	12	110	13	104	14	112	15	102	16	115	17	117	18	114	19	105	20	107	21	116	22	114	23	112	24	103	25	103	26	116	27	105	28	110	29	110	
	0	103	1	118	2	108	3	101	4	116	5	105	6	113	7	111	8	105	9	102	10	120	11	112	12	104	13	106	14	110	15	103	16	120	17	118	18	105	19	107	20	120	21	107	22	108	23	110	24	101	25	105	26	110	27	100	28	100	29	106	
	0	113	1	100	2	113	3	105	4	100	5	110	6	104	7	110	8	109	9	116	10	117	11	109	12	109	13	111	14	118	15	107	16	112	17	118	18	113	19	110	20	104	21	115	22	120	23	111	24	114	25	110	26	113	27	107	28	103	29	102	
	0	120	1	112	2	112	3	101	4	107	5	106	6	110	7	109	8	106	9	117	10	117	11	115	12	112	13	120	14	105	15	100	16	104	17	107	18	119	19	119	20	119	21	117	22	114	23	100	24	100	25	110	26	102	27	111	28	107	29	105	
	0	100	1	113	2	102	3	101	4	104	5	103	6	106	7	108	8	105	9	109	10	108	11	108	12	114	13	104	14	120	15	106	16	119	17	109	18	107	19	120	20	108	21	107	22	109	23	115	24	104	25	111	26	109	27	120	28	120	29	119	
	0	103	1	120	2	109	3	106	4	106	5	119	6	107	7	118	8	106	9	107	10	105	11	112	12	110	13	110	14	109	15	110	16	111	17	109	18	105	19	107	20	106	21	103	22	113	23	107	24	111	25	103	26	120	27	114	28	101	29	105	
	0	103	1	112	2	112	3	105	4	116	5	102	6	110	7	104	8	108	9	113	10	107	11	108	12	120	13	100	14	116	15	117	16	110	17	108	18	102	19	113	20	103	21	102	22	118	23	114	24	103	25	106	26	102	27	100	28	115	29	119	
	0	101	1	119	2	105	3	101	4	106	5	117	6	107	7	108	8	109	9	105	10	106	11	102	12	105	13	102	14	102	15	120	16	103	17	112	18	112	19	111	20	119	21	117	22	120	23	105	24	116	25	110	26	112	27	107	28	113	29	105	
	0	105	1	108	2	104	3	120	4	102	5	111	6	110	7	105	8	105	9	106	10	112	11	114	12	112	13	120	14	113	15	114	16	117	17	117	18	108	19	120	20	118	21	111	22	107	23	105	24	109	25	117	26	105	27	101	28	108	29	109	
	0	101	1	113	2	111	3	104	4	103	5	118	6	116	7	119	8	115	9	114	10	119	11	116	12	114	13	113	14	101	15	104	16	110	17	106	18	111	19	111	20	102	21	106	22	110	23	120	24	117	25	109	26	110	27	107	28	106	29	109	
	0	106	1	103	2	100	3	119	4	103	5	102	6	110	7	120	8	107	9	120	10	114	11	105	12	111	13	113	14	103	15	117	16	103	17	109	18	112	19	113	20	111	21	116	22	110	23	115	24	100	25	120	26	110	27	118	28	112	29	110	
	0	101	1	101	2	120	3	118	4	101	5	105	6	115	7	102	8	118	9	116	10	113	11	104	12	112	13	111	14	111	15	115	16	120	17	111	18	112	19	117	20	109	21	118	22	108	23	116	24	120	25	104	26	120	27	120	28	110	29	118	
	0	109	1	113	2	113	3	113	4	114	5	109	6	111	7	118	8	101	9	118	10	112	11	113	12	115	13	120	14	101	15	113	16	105	17	101	18	111	19	106	20	118	21	115	22	110	23	116	24	108	25	108	26	107	27	112	28	112	29	106	
	0	117	1	115	2	111	3	114	4	116	5	115	6	109	7	104	8	110	9	111	10	115	11	119	12	110	13	113	14	110	15	103	16	110	17	118	18	114	19	119	20	116	21	102	22	111	23	104	24	117	25	119	26	113	27	101	28	109	29	106	
	0	115	1	105	2	112	3	109	4	108	5	104	6	108	7	104	8	120	9	105	10	100	11	120	12	107	13	113	14	103	15	101	16	103	17	111	18	105	19	115	20	118	21	105	22	120	23	109	24	118	25	106	26	118	27	116	28	115	29	114	
	0	117	1	119	2	117	3	116	4	117	5	107	6	114	7	103	8	114	9	107	10	111	11	120	12	115	13	112	14	116	15	109	16	106	17	106	18	113	19	113	20	116	21	101	22	107	23	105	24	120	25	100	26	119	27	102	28	114	29	106	
	0	101	1	105	2	108	3	117	4	117	5	104	6	105	7	104	8	110	9	101	10	107	11	100	12	120	13	119	14	106	15	108	16	101	17	114	18	109	19	104	20	100	21	108	22	102	23	114	24	105	25	104	26	110	27	115	28	101	29	112	
	0	103	1	114	2	120	3	101	4	112	5	116	6	116	7	104	8	114	9	107	10	111	11	119	12	101	13	115	14	102	15	111	16	113	17	103	18	102	19	104	20	105	21	109	22	118	23	100	24	109	25	100	26	110	27	116	28	107	29	104	