200 40 1
40
	0	117	1	111	2	101	3	102	4	120	5	106	6	111	7	112	8	120	9	108	10	118	11	107	12	100	13	109	14	114	15	100	16	117	17	112	18	103	19	107	20	119	21	115	22	120	23	116	24	101	25	118	26	116	27	102	28	104	29	107	30	120	31	115	32	112	33	103	34	104	35	110	36	119	37	109	38	112	39	116	
	0	104	1	106	2	104	3	106	4	104	5	119	6	109	7	104	8	118	9	116	10	112	11	101	12	101	13	111	14	117	15	106	16	101	17	106	18	116	19	109	20	107	21	119	22	115	23	110	24	112	25	104	26	111	27	117	28	100	29	109	30	115	31	101	32	115	33	108	34	120	35	100	36	115	37	111	38	117	39	119	
	0	104	1	103	2	105	3	112	4	114	5	114	6	118	7	111	8	100	9	119	10	105	11	106	12	103	13	109	14	117	15	119	16	107	17	113	18	101	19	111	20	101	21	102	22	109	23	109	24	105	25	101	26	120	27	110	28	116	29	102	30	102	31	115	32	104	33	111	34	117	35	110	36	119	37	118	38	103	39	108	
	0	104	1	101	2	103	3	103	4	110	5	111	6	106	7	120	8	112	9	120	10	120	11	115	12	109	13	107	14	103	15	118	16	119	17	118	18	106	19	114	20	104	21	115	22	103	23	113	24	112	25	106	26	111	27	119	28	104	29	103	30	119	31	118	32	112	33	118	34	104	35	120	36	108	37	108	38	114	39	106	
	0	104	1	120	2	103	3	104	4	114	5	108	6	115	7	110	8	118	9	113	10	113	11	101	12	115	13	120	14	103	15	109	16	113	17	105	18	100	19	103	20	117	21	119	22	102	23	110	24	115	25	103	26	115	27	119	28	104	29	113	30	116	31	103	32	105	33	101	34	106	35	100	36	114	37	106	38	101	39	105	
	0	102	1	108	2	119	3	112	4	107	5	105	6	109	7	105	8	116	9	116	10	109	11	114	12	118	13	112	14	110	15	106	16	106	17	115	18	115	19	102	20	102	21	104	22	110	23	109	24	103	25	112	26	102	27	118	28	110	29	114	30	110	31	116	32	112	33	102	34	119	35	100	36	114	37	105	38	103	39	108	
	0	119	1	117	2	120	3	101	4	112	5	115	6	117	7	109	8	109	9	110	10	111	11	109	12	106	13	114	14	104	15	111	16	113	17	102	18	114	19	101	20	102	21	112	22	116	23	108	24	100	25	106	26	110	27	102	28	110	29	113	30	103	31	109	32	107	33	113	34	108	35	116	36	111	37	107	38	107	39	120	
	0	110	1	114	2	100	3	106	4	119	5	108	6	105	7	120	8	113	9	117	10	105	11	118	12	103	13	116	14	109	15	119	16	101	17	114	18	117	19	115	20	117	21	101	22	102	23	115	24	104	25	112	26	100	27	105	28	103	29	119	30	117	31	107	32	115	33	118	34	111	35	115	36	114	37	107	38	112	39	113	
	0	106	1	110	2	119	3	106	4	112	5	111	6	110	7	109	8	115	9	104	10	113	11	110	12	111	13	112	14	119	15	109	16	116	17	106	18	111	19	118	20	107	21	109	22	117	23	112	24	110	25	107	26	108	27	100	28	101	29	103	30	119	31	113	32	114	33	110	34	103	35	105	36	118	37	106	38	102	39	100	
	0	106	1	110	2	109	3	111	4	113	5	115	6	100	7	112	8	104	9	115	10	117	11	105	12	108	13	105	14	104	15	101	16	110	17	105	18	110	19	115	20	105	21	117	22	107	23	118	24	114	25	108	26	107	27	114	28	117	29	105	30	107	31	118	32	118	33	113	34	117	35	115	36	112	37	115	38	120	39	107	
	0	100	1	113	2	118	3	114	4	118	5	117	6	102	7	100	8	107	9	102	10	102	11	115	12	116	13	104	14	102	15	105	16	111	17	103	18	114	19	114	20	102	21	116	22	112	23	112	24	107	25	114	26	116	27	108	28	117	29	115	30	115	31	115	32	112	33	106	34	120	35	105	36	111	37	116	38	111	39	109	
	0	104	1	117	2	112	3	116	4	102	5	118	6	105	7	113	8	119	9	100	10	118	11	118	12	108	13	103	14	114	15	119	16	103	17	112	18	110	19	108	20	109	21	109	22	115	23	108	24	100	25	110	26	102	27	106	28	105	29	112	30	114	31	114	32	108	33	106	34	106	35	102	36	115	37	108	38	103	39	107	
	0	100	1	107	2	115	3	105	4	103	5	102	6	107	7	109	8	119	9	108	10	104	11	114	12	118	13	109	14	110	15	114	16	106	17	101	18	110	19	120	20	109	21	111	22	102	23	120	24	117	25	101	26	115	27	116	28	112	29	115	30	106	31	113	32	118	33	107	34	114	35	105	36	118	37	103	38	113	39	110	
	0	113	1	109	2	109	3	114	4	105	5	120	6	102	7	112	8	110	9	107	10	112	11	105	12	111	13	106	14	120	15	110	16	106	17	118	18	114	19	112	20	114	21	114	22	110	23	105	24	103	25	103	26	119	27	105	28	117	29	104	30	106	31	115	32	114	33	102	34	105	35	111	36	100	37	114	38	116	39	120	
	0	116	1	119	2	111	3	117	4	107	5	100	6	102	7	102	8	110	9	116	10	108	11	107	12	115	13	115	14	101	15	120	16	102	17	104	18	102	19	109	20	108	21	102	22	105	23	101	24	120	25	106	26	118	27	103	28	114	29	110	30	116	31	107	32	115	33	113	34	114	35	116	36	107	37	116	38	106	39	110	
	0	103	1	111	2	113	3	101	4	105	5	105	6	116	7	113	8	100	9	118	10	111	11	109	12	109	13	101	14	116	15	111	16	101	17	107	18	109	19	116	20	120	21	113	22	119	23	120	24	103	25	112	26	110	27	113	28	115	29	109	30	112	31	110	32	118	33	108	34	107	35	117	36	118	37	115	38	113	39	118	
	0	106	1	101	2	112	3	103	4	116	5	120	6	112	7	106	8	107	9	119	10	102	11	119	12	120	13	101	14	118	15	108	16	103	17	101	18	115	19	105	20	105	21	113	22	108	23	111	24	119	25	103	26	111	27	100	28	102	29	102	30	116	31	113	32	101	33	108	34	120	35	116	36	113	37	101	38	108	39	116	
	0	112	1	114	2	103	3	107	4	111	5	105	6	116	7	116	8	103	9	103	10	115	11	117	12	101	13	102	14	116	15	116	16	111	17	119	18	115	19	120	20	110	21	118	22	106	23	104	24	110	25	105	26	109	27	111	28	106	29	104	30	100	31	118	32	112	33	115	34	114	35	112	36	115	37	109	38	111	39	102	
	0	117	1	102	2	118	3	105	4	104	5	107	6	119	7	117	8	101	9	102	10	104	11	112	12	108	13	118	14	118	15	116	16	119	17	116	18	101	19	110	20	104	21	101	22	112	23	104	24	114	25	113	26	118	27	118	28	116	29	113	30	103	31	117	32	113	33	118	34	106	35	109	36	119	37	100	38	100	39	111	
	0	109	1	120	2	105	3	108	4	112	5	109	6	112	7	107	8	118	9	115	10	114	11	105	12	105	13	102	14	104	15	106	16	113	17	118	18	106	19	115	20	104	21	103	22	116	23	103	24	103	25	100	26	115	27	112	28	120	29	108	30	118	31	109	32	108	33	101	34	108	35	103	36	106	37	120	38	101	39	107	
	0	118	1	117	2	106	3	119	4	115	5	101	6	107	7	112	8	118	9	112	10	103	11	111	12	100	13	104	14	106	15	110	16	108	17	102	18	113	19	101	20	115	21	103	22	101	23	103	24	108	25	108	26	104	27	103	28	110	29	114	30	105	31	110	32	112	33	116	34	104	35	100	36	108	37	120	38	108	39	119	
	0	102	1	119	2	117	3	103	4	107	5	119	6	115	7	112	8	105	9	105	10	120	11	100	12	113	13	106	14	110	15	111	16	114	17	119	18	114	19	107	20	102	21	106	22	120	23	115	24	114	25	119	26	118	27	110	28	114	29	107	30	104	31	107	32	116	33	105	34	108	35	114	36	110	37	111	38	113	39	106	
	0	105	1	102	2	100	3	107	4	107	5	102	6	101	7	119	8	106	9	106	10	112	11	101	12	107	13	110	14	118	15	110	16	109	17	114	18	107	19	106	20	111	21	106	22	110	23	120	24	102	25	104	26	100	27	116	28	107	29	117	30	102	31	119	32	120	33	104	34	102	35	104	36	101	37	106	38	103	39	106	
	0	106	1	106	2	104	3	109	4	119	5	118	6	118	7	102	8	116	9	119	10	109	11	112	12	105	13	100	14	117	15	105	16	103	17	115	18	114	19	103	20	110	21	108	22	116	23	120	24	116	25	120	26	114	27	105	28	115	29	107	30	114	31	110	32	115	33	110	34	106	35	108	36	100	37	100	38	117	39	103	
	0	102	1	100	2	108	3	102	4	107	5	118	6	110	7	110	8	113	9	113	10	100	11	106	12	104	13	120	14	115	15	115	16	107	17	100	18	117	19	118	20	106	21	117	22	112	23	110	24	117	25	102	26	101	27	109	28	117	29	103	30	115	31	105	32	108	33	120	34	100	35	114	36	113	37	113	38	114	39	120	
	0	115	1	112	2	104	3	106	4	105	5	103	6	114	7	116	8	119	9	118	10	114	11	107	12	118	13	110	14	109	15	105	16	107	17	113	18	120	19	110	20	108	21	102	22	110	23	102	24	113	25	102	26	108	27	105	28	112	29	115	30	102	31	119	32	112	33	107	34	116	35	115	36	107	37	102	38	100	39	107	
	0	118	1	101	2	101	3	105	4	100	5	107	6	103	7	119	8	115	9	113	10	106	11	111	12	107	13	112	14	117	15	104	16	118	17	117	18	109	19	105	20	116	21	119	22	120	23	100	24	113	25	113	26	120	27	103	28	100	29	113	30	113	31	107	32	119	33	105	34	108	35	102	36	101	37	102	38	109	39	106	
	0	103	1	108	2	106	3	100	4	106	5	106	6	100	7	106	8	114	9	108	10	105	11	116	12	102	13	114	14	107	15	119	16	114	17	114	18	104	19	116	20	120	21	103	22	120	23	116	24	112	25	111	26	105	27	103	28	120	29	120	30	105	31	105	32	106	33	117	34	108	35	107	36	100	37	116	38	110	39	114	
	0	100	1	114	2	108	3	111	4	105	5	119	6	108	7	105	8	106	9	112	10	117	11	116	12	107	13	100	14	106	15	100	16	109	17	111	18	110	19	108	20	120	21	120	22	118	23	114	24	106	25	106	26	103	27	108	28	103	29	101	30	111	31	115	32	116	33	119	34	116	35	101	36	116	37	120	38	120	39	109	
	0	117	1	110	2	110	3	107	4	115	5	102	6	106	7	116	8	102	9	108	10	112	11	100	12	110	13	102	14	118	15	102	16	119	17	103	18	114	19	117	20	107	21	114	22	120	23	107	24	108	25	113	26	105	27	109	28	118	29	112	30	107	31	113	32	110	33	109	34	119	35	100	36	108	37	102	38	112	39	110	
	0	113	1	116	2	103	3	113	4	106	5	104	6	101	7	102	8	116	9	102	10	112	11	113	12	104	13	109	14	105	15	114	16	100	17	103	18	114	19	113	20	101	21	112	22	113	23	119	24	111	25	104	26	104	27	114	28	101	29	110	30	103	31	104	32	113	33	119	34	112	35	102	36	118	37	107	38	110	39	116	
	0	120	1	109	2	118	3	103	4	114	5	109	6	108	7	119	8	106	9	120	10	114	11	117	12	120	13	108	14	118	15	104	16	102	17	100	18	113	19	116	20	102	21	116	22	114	23	111	24	118	25	104	26	106	27	104	28	110	29	108	30	108	31	110	32	118	33	118	34	112	35	115	36	113	37	118	38	111	39	115	
	0	101	1	117	2	107	3	103	4	108	5	100	6	102	7	115	8	101	9	101	10	108	11	103	12	119	13	117	14	111	15	100	16	119	17	104	18	112	19	105	20	101	21	114	22	104	23	114	24	110	25	105	26	115	27	107	28	103	29	107	30	109	31	119	32	115	33	119	34	106	35	105	36	114	37	119	38	115	39	102	
	0	112	1	116	2	120	3	111	4	106	5	101	6	111	7	103	8	119	9	110	10	113	11	112	12	119	13	107	14	112	15	111	16	112	17	113	18	118	19	119	20	100	21	118	22	120	23	104	24	112	25	120	26	113	27	115	28	117	29	102	30	101	31	105	32	116	33	115	34	113	35	117	36	120	37	101	38	105	39	105	
	0	101	1	120	2	108	3	101	4	111	5	117	6	106	7	118	8	118	9	110	10	105	11	102	12	111	13	108	14	100	15	116	16	113	17	109	18	117	19	119	20	100	21	119	22	120	23	102	24	117	25	107	26	112	27	112	28	112	29	109	30	120	31	105	32	119	33	100	34	112	35	118	36	114	37	112	38	117	39	110	
	0	110	1	107	2	108	3	111	4	117	5	104	6	103	7	114	8	117	9	120	10	119	11	115	12	115	13	109	14	100	15	115	16	113	17	111	18	106	19	101	20	111	21	107	22	120	23	111	24	103	25	112	26	107	27	107	28	112	29	106	30	104	31	108	32	105	33	120	34	110	35	106	36	103	37	110	38	112	39	104	
	0	101	1	101	2	112	3	106	4	119	5	100	6	119	7	118	8	107	9	111	10	106	11	108	12	115	13	119	14	113	15	117	16	102	17	118	18	101	19	101	20	101	21	109	22	115	23	102	24	112	25	106	26	118	27	108	28	107	29	119	30	102	31	114	32	117	33	104	34	115	35	113	36	104	37	117	38	112	39	112	
	0	118	1	106	2	114	3	115	4	116	5	119	6	108	7	105	8	116	9	116	10	108	11	111	12	117	13	109	14	111	15	104	16	112	17	118	18	119	19	103	20	114	21	103	22	101	23	113	24	107	25	102	26	108	27	120	28	110	29	118	30	114	31	107	32	113	33	109	34	101	35	108	36	118	37	112	38	111	39	107	
	0	107	1	110	2	100	3	107	4	104	5	109	6	115	7	108	8	114	9	105	10	105	11	101	12	102	13	113	14	102	15	108	16	112	17	110	18	114	19	113	20	115	21	106	22	106	23	116	24	104	25	120	26	118	27	106	28	104	29	107	30	110	31	118	32	109	33	108	34	100	35	107	36	112	37	116	38	115	39	117	
	0	101	1	120	2	119	3	117	4	107	5	109	6	114	7	111	8	116	9	106	10	110	11	107	12	110	13	118	14	102	15	107	16	113	17	106	18	106	19	104	20	116	21	109	22	100	23	113	24	108	25	114	26	118	27	107	28	104	29	116	30	102	31	119	32	119	33	120	34	114	35	119	36	111	37	116	38	119	39	116	
	0	117	1	110	2	109	3	103	4	118	5	118	6	109	7	102	8	107	9	119	10	113	11	115	12	108	13	106	14	108	15	102	16	106	17	110	18	108	19	107	20	111	21	109	22	100	23	118	24	119	25	101	26	105	27	117	28	103	29	112	30	102	31	114	32	103	33	104	34	116	35	116	36	117	37	113	38	103	39	107	
	0	103	1	105	2	119	3	105	4	120	5	103	6	118	7	107	8	112	9	114	10	114	11	111	12	101	13	120	14	117	15	120	16	107	17	102	18	115	19	115	20	116	21	108	22	118	23	101	24	118	25	108	26	116	27	116	28	110	29	106	30	108	31	107	32	112	33	101	34	109	35	112	36	106	37	115	38	108	39	114	
	0	100	1	113	2	107	3	114	4	113	5	116	6	107	7	118	8	117	9	104	10	119	11	108	12	113	13	108	14	106	15	113	16	115	17	106	18	103	19	114	20	106	21	116	22	106	23	119	24	101	25	105	26	101	27	115	28	109	29	113	30	114	31	118	32	103	33	119	34	103	35	109	36	107	37	115	38	105	39	108	
	0	115	1	119	2	102	3	108	4	119	5	103	6	113	7	104	8	109	9	117	10	113	11	116	12	118	13	118	14	112	15	119	16	106	17	106	18	105	19	109	20	120	21	117	22	111	23	104	24	106	25	116	26	120	27	105	28	113	29	117	30	102	31	115	32	101	33	109	34	101	35	115	36	118	37	110	38	114	39	119	
	0	108	1	112	2	104	3	119	4	113	5	106	6	110	7	115	8	116	9	101	10	109	11	106	12	108	13	102	14	104	15	104	16	119	17	116	18	120	19	105	20	103	21	101	22	110	23	115	24	101	25	102	26	105	27	108	28	107	29	101	30	111	31	112	32	119	33	100	34	102	35	102	36	115	37	107	38	102	39	114	
	0	116	1	103	2	100	3	107	4	101	5	116	6	107	7	111	8	118	9	112	10	112	11	111	12	103	13	117	14	109	15	117	16	115	17	108	18	119	19	100	20	105	21	111	22	116	23	109	24	113	25	100	26	112	27	106	28	102	29	102	30	116	31	120	32	110	33	103	34	114	35	116	36	116	37	111	38	118	39	109	
	0	112	1	101	2	113	3	117	4	103	5	101	6	108	7	118	8	115	9	111	10	105	11	116	12	108	13	120	14	109	15	118	16	104	17	115	18	106	19	112	20	101	21	111	22	105	23	110	24	100	25	110	26	119	27	120	28	120	29	100	30	114	31	105	32	103	33	118	34	103	35	106	36	106	37	111	38	105	39	102	
	0	111	1	112	2	109	3	105	4	113	5	101	6	112	7	103	8	100	9	114	10	111	11	108	12	113	13	113	14	116	15	110	16	109	17	106	18	105	19	108	20	110	21	107	22	118	23	109	24	104	25	109	26	104	27	101	28	120	29	120	30	116	31	100	32	102	33	120	34	112	35	113	36	102	37	119	38	105	39	117	
	0	100	1	119	2	116	3	100	4	116	5	105	6	120	7	110	8	110	9	120	10	118	11	103	12	117	13	120	14	112	15	102	16	110	17	102	18	102	19	120	20	105	21	107	22	102	23	118	24	108	25	120	26	106	27	112	28	111	29	106	30	104	31	116	32	108	33	120	34	116	35	106	36	108	37	107	38	107	39	113	
	0	106	1	120	2	101	3	119	4	117	5	114	6	111	7	101	8	101	9	103	10	118	11	108	12	110	13	117	14	106	15	112	16	118	17	118	18	114	19	108	20	116	21	110	22	104	23	100	24	105	25	107	26	107	27	117	28	105	29	102	30	108	31	107	32	100	33	118	34	108	35	111	36	113	37	113	38	116	39	111	
	0	119	1	101	2	109	3	120	4	110	5	120	6	107	7	119	8	115	9	115	10	111	11	113	12	101	13	118	14	101	15	113	16	107	17	102	18	100	19	112	20	111	21	109	22	103	23	106	24	100	25	117	26	105	27	117	28	104	29	104	30	100	31	100	32	104	33	118	34	106	35	117	36	115	37	101	38	106	39	104	
	0	107	1	107	2	100	3	116	4	112	5	108	6	114	7	106	8	102	9	113	10	116	11	110	12	115	13	107	14	108	15	112	16	114	17	118	18	109	19	110	20	104	21	113	22	115	23	103	24	116	25	108	26	102	27	120	28	113	29	113	30	105	31	114	32	120	33	109	34	116	35	115	36	118	37	101	38	115	39	120	
	0	119	1	110	2	105	3	112	4	110	5	103	6	104	7	105	8	103	9	101	10	115	11	104	12	103	13	119	14	104	15	109	16	107	17	109	18	118	19	110	20	109	21	106	22	115	23	116	24	106	25	112	26	110	27	115	28	107	29	104	30	119	31	113	32	101	33	101	34	111	35	112	36	100	37	111	38	100	39	116	
	0	103	1	106	2	105	3	111	4	103	5	100	6	107	7	103	8	108	9	108	10	108	11	114	12	105	13	105	14	118	15	100	16	107	17	119	18	114	19	120	20	113	21	107	22	104	23	101	24	100	25	100	26	117	27	116	28	105	29	109	30	107	31	114	32	109	33	109	34	109	35	109	36	101	37	100	38	107	39	103	
	0	119	1	112	2	116	3	120	4	119	5	110	6	109	7	117	8	119	9	117	10	116	11	108	12	116	13	118	14	119	15	105	16	103	17	118	18	106	19	104	20	106	21	108	22	118	23	116	24	101	25	101	26	116	27	106	28	118	29	116	30	108	31	115	32	101	33	100	34	116	35	118	36	119	37	118	38	101	39	102	
	0	119	1	110	2	119	3	120	4	111	5	107	6	105	7	115	8	104	9	113	10	104	11	109	12	106	13	112	14	101	15	113	16	114	17	109	18	101	19	112	20	112	21	105	22	114	23	109	24	111	25	111	26	108	27	109	28	109	29	120	30	112	31	100	32	109	33	106	34	120	35	106	36	101	37	104	38	119	39	112	
	0	117	1	101	2	120	3	115	4	101	5	115	6	114	7	110	8	104	9	107	10	104	11	120	12	115	13	102	14	119	15	120	16	106	17	109	18	108	19	102	20	107	21	107	22	100	23	112	24	107	25	112	26	101	27	112	28	110	29	112	30	103	31	112	32	103	33	114	34	109	35	117	36	102	37	116	38	101	39	118	
	0	112	1	117	2	101	3	106	4	119	5	105	6	116	7	119	8	119	9	108	10	114	11	102	12	112	13	101	14	101	15	118	16	110	17	111	18	119	19	100	20	101	21	119	22	100	23	118	24	109	25	120	26	118	27	115	28	110	29	100	30	105	31	106	32	103	33	101	34	100	35	114	36	117	37	106	38	111	39	112	
	0	103	1	102	2	112	3	113	4	101	5	104	6	108	7	118	8	111	9	108	10	111	11	110	12	115	13	117	14	101	15	112	16	109	17	120	18	111	19	118	20	113	21	112	22	109	23	102	24	103	25	114	26	120	27	102	28	103	29	106	30	119	31	104	32	118	33	119	34	107	35	110	36	104	37	103	38	110	39	109	
	0	116	1	111	2	109	3	117	4	106	5	119	6	112	7	111	8	116	9	120	10	101	11	102	12	107	13	109	14	100	15	104	16	100	17	113	18	107	19	101	20	106	21	115	22	106	23	104	24	107	25	115	26	106	27	113	28	107	29	101	30	105	31	110	32	100	33	102	34	120	35	105	36	104	37	101	38	107	39	104	
	0	120	1	102	2	110	3	101	4	115	5	102	6	114	7	114	8	109	9	109	10	109	11	108	12	107	13	108	14	106	15	109	16	105	17	119	18	109	19	116	20	109	21	112	22	110	23	113	24	101	25	110	26	102	27	116	28	116	29	118	30	105	31	102	32	103	33	119	34	114	35	114	36	102	37	110	38	110	39	112	
	0	106	1	109	2	104	3	100	4	118	5	116	6	109	7	101	8	117	9	111	10	106	11	111	12	110	13	110	14	113	15	113	16	103	17	115	18	119	19	116	20	112	21	110	22	108	23	117	24	113	25	120	26	115	27	120	28	110	29	112	30	110	31	100	32	114	33	110	34	119	35	100	36	101	37	117	38	118	39	108	
	0	117	1	101	2	112	3	100	4	109	5	117	6	110	7	115	8	115	9	108	10	116	11	114	12	104	13	119	14	113	15	111	16	118	17	100	18	109	19	118	20	100	21	117	22	102	23	117	24	112	25	116	26	101	27	102	28	112	29	116	30	108	31	107	32	107	33	114	34	119	35	109	36	113	37	114	38	114	39	118	
	0	103	1	108	2	113	3	103	4	103	5	103	6	120	7	119	8	119	9	110	10	110	11	112	12	104	13	114	14	105	15	102	16	108	17	110	18	120	19	107	20	102	21	113	22	120	23	117	24	108	25	104	26	118	27	116	28	101	29	118	30	108	31	113	32	115	33	119	34	116	35	106	36	115	37	110	38	101	39	116	
	0	116	1	104	2	116	3	102	4	120	5	108	6	102	7	120	8	110	9	103	10	115	11	120	12	102	13	111	14	102	15	112	16	111	17	118	18	118	19	118	20	108	21	120	22	108	23	102	24	105	25	100	26	118	27	116	28	119	29	100	30	102	31	119	32	115	33	118	34	113	35	106	36	111	37	102	38	101	39	105	
	0	112	1	108	2	113	3	119	4	112	5	119	6	119	7	112	8	118	9	107	10	113	11	117	12	117	13	119	14	100	15	111	16	101	17	100	18	111	19	100	20	119	21	111	22	115	23	116	24	100	25	117	26	106	27	107	28	106	29	111	30	116	31	103	32	110	33	111	34	103	35	104	36	100	37	107	38	104	39	107	
	0	106	1	106	2	109	3	107	4	102	5	114	6	112	7	115	8	103	9	117	10	100	11	106	12	102	13	117	14	115	15	100	16	109	17	106	18	118	19	107	20	116	21	112	22	108	23	111	24	103	25	120	26	115	27	119	28	107	29	120	30	101	31	115	32	120	33	112	34	103	35	106	36	117	37	107	38	117	39	120	
	0	101	1	104	2	116	3	101	4	118	5	111	6	117	7	111	8	111	9	116	10	112	11	111	12	115	13	110	14	120	15	113	16	110	17	120	18	105	19	112	20	102	21	120	22	117	23	111	24	112	25	102	26	102	27	119	28	120	29	114	30	113	31	118	32	103	33	114	34	106	35	108	36	107	37	117	38	103	39	111	
	0	109	1	113	2	115	3	101	4	120	5	105	6	115	7	104	8	117	9	112	10	114	11	101	12	119	13	107	14	119	15	119	16	112	17	111	18	100	19	105	20	103	21	113	22	114	23	109	24	102	25	112	26	113	27	111	28	102	29	112	30	112	31	104	32	114	33	102	34	111	35	111	36	108	37	115	38	100	39	118	
	0	114	1	108	2	105	3	114	4	117	5	118	6	114	7	118	8	110	9	115	10	113	11	111	12	110	13	105	14	111	15	111	16	108	17	119	18	115	19	112	20	108	21	115	22	118	23	114	24	112	25	115	26	105	27	109	28	116	29	119	30	106	31	107	32	113	33	103	34	103	35	118	36	108	37	114	38	110	39	118	
	0	103	1	102	2	116	3	109	4	116	5	110	6	103	7	100	8	114	9	108	10	113	11	109	12	113	13	117	14	120	15	104	16	116	17	111	18	116	19	119	20	113	21	101	22	115	23	112	24	110	25	106	26	109	27	120	28	114	29	117	30	114	31	112	32	110	33	108	34	118	35	120	36	120	37	110	38	113	39	112	
	0	118	1	109	2	113	3	113	4	104	5	108	6	110	7	116	8	114	9	117	10	115	11	116	12	106	13	100	14	104	15	108	16	120	17	110	18	116	19	110	20	113	21	105	22	105	23	100	24	108	25	115	26	100	27	107	28	105	29	108	30	109	31	106	32	105	33	117	34	116	35	108	36	115	37	101	38	112	39	106	
	0	101	1	115	2	111	3	108	4	117	5	105	6	119	7	101	8	105	9	106	10	106	11	104	12	107	13	111	14	112	15	109	16	115	17	102	18	116	19	104	20	118	21	105	22	111	23	106	24	114	25	117	26	112	27	100	28	110	29	105	30	100	31	104	32	113	33	114	34	114	35	111	36	114	37	104	38	113	39	114	
	0	117	1	119	2	100	3	110	4	116	5	114	6	108	7	101	8	118	9	109	10	110	11	119	12	111	13	119	14	118	15	107	16	100	17	100	18	101	19	100	20	106	21	104	22	114	23	120	24	110	25	117	26	115	27	111	28	115	29	119	30	107	31	105	32	104	33	113	34	100	35	118	36	105	37	107	38	118	39	100	
	0	118	1	107	2	103	3	120	4	108	5	110	6	120	7	120	8	107	9	103	10	104	11	114	12	104	13	107	14	119	15	106	16	110	17	110	18	111	19	107	20	105	21	103	22	119	23	120	24	116	25	103	26	117	27	104	28	110	29	118	30	110	31	109	32	118	33	100	34	103	35	104	36	115	37	106	38	110	39	110	
	0	109	1	113	2	114	3	114	4	101	5	110	6	105	7	115	8	117	9	107	10	104	11	111	12	111	13	106	14	113	15	110	16	115	17	105	18	104	19	120	20	100	21	103	22	115	23	118	24	119	25	120	26	113	27	108	28	117	29	111	30	112	31	116	32	115	33	103	34	108	35	116	36	112	37	116	38	103	39	106	
	0	109	1	113	2	105	3	108	4	101	5	104	6	109	7	118	8	120	9	103	10	104	11	111	12	102	13	113	14	113	15	118	16	111	17	113	18	118	19	109	20	113	21	117	22	115	23	107	24	103	25	109	26	108	27	113	28	109	29	104	30	102	31	109	32	117	33	113	34	107	35	103	36	118	37	100	38	104	39	107	
	0	117	1	117	2	101	3	110	4	103	5	106	6	104	7	114	8	103	9	105	10	111	11	107	12	104	13	120	14	102	15	100	16	108	17	106	18	112	19	118	20	117	21	109	22	117	23	118	24	101	25	111	26	112	27	108	28	120	29	107	30	115	31	113	32	106	33	114	34	102	35	109	36	118	37	107	38	116	39	108	
	0	101	1	118	2	108	3	118	4	116	5	100	6	101	7	117	8	117	9	118	10	119	11	101	12	101	13	104	14	118	15	102	16	105	17	110	18	104	19	119	20	118	21	119	22	112	23	104	24	115	25	119	26	118	27	114	28	106	29	110	30	113	31	100	32	106	33	105	34	100	35	107	36	110	37	100	38	117	39	109	
	0	114	1	114	2	101	3	119	4	112	5	120	6	112	7	112	8	104	9	116	10	117	11	112	12	105	13	105	14	101	15	110	16	104	17	116	18	102	19	117	20	106	21	120	22	120	23	120	24	107	25	113	26	118	27	102	28	113	29	112	30	109	31	112	32	110	33	110	34	103	35	117	36	115	37	117	38	103	39	102	
	0	107	1	114	2	120	3	103	4	104	5	118	6	101	7	107	8	102	9	112	10	120	11	118	12	102	13	105	14	104	15	107	16	117	17	104	18	114	19	100	20	118	21	116	22	116	23	105	24	117	25	100	26	109	27	111	28	118	29	104	30	100	31	117	32	116	33	112	34	102	35	101	36	113	37	119	38	111	39	105	
	0	120	1	103	2	102	3	114	4	108	5	107	6	108	7	117	8	102	9	102	10	104	11	115	12	115	13	106	14	107	15	119	16	116	17	101	18	120	19	119	20	109	21	116	22	107	23	106	24	100	25	102	26	109	27	115	28	107	29	115	30	117	31	108	32	116	33	115	34	106	35	107	36	106	37	118	38	111	39	104	
	0	105	1	117	2	109	3	111	4	102	5	104	6	108	7	100	8	108	9	118	10	116	11	114	12	101	13	113	14	112	15	117	16	113	17	119	18	115	19	116	20	115	21	116	22	104	23	114	24	115	25	109	26	100	27	112	28	119	29	106	30	111	31	120	32	116	33	115	34	107	35	107	36	101	37	116	38	119	39	106	
	0	114	1	109	2	106	3	117	4	113	5	118	6	108	7	103	8	110	9	112	10	103	11	105	12	111	13	115	14	118	15	105	16	120	17	119	18	114	19	101	20	114	21	120	22	110	23	115	24	105	25	110	26	114	27	106	28	114	29	110	30	113	31	114	32	120	33	110	34	108	35	109	36	116	37	117	38	104	39	104	
	0	119	1	113	2	117	3	114	4	113	5	110	6	114	7	110	8	106	9	118	10	108	11	102	12	114	13	109	14	113	15	104	16	118	17	116	18	110	19	118	20	105	21	115	22	116	23	112	24	114	25	102	26	114	27	104	28	106	29	111	30	112	31	119	32	106	33	100	34	119	35	111	36	119	37	113	38	106	39	107	
	0	119	1	120	2	116	3	115	4	103	5	111	6	106	7	108	8	120	9	102	10	104	11	108	12	109	13	117	14	111	15	110	16	120	17	118	18	107	19	109	20	109	21	110	22	101	23	101	24	107	25	117	26	118	27	111	28	116	29	114	30	118	31	105	32	110	33	103	34	107	35	114	36	114	37	109	38	113	39	108	
	0	100	1	118	2	105	3	100	4	109	5	112	6	119	7	118	8	103	9	119	10	117	11	110	12	106	13	103	14	101	15	102	16	101	17	106	18	102	19	116	20	104	21	115	22	119	23	107	24	109	25	119	26	104	27	109	28	115	29	120	30	117	31	100	32	109	33	112	34	114	35	106	36	100	37	107	38	108	39	110	
	0	102	1	117	2	120	3	107	4	118	5	107	6	108	7	119	8	119	9	117	10	108	11	114	12	108	13	103	14	115	15	109	16	101	17	111	18	108	19	108	20	114	21	106	22	106	23	109	24	108	25	102	26	116	27	112	28	119	29	110	30	113	31	110	32	120	33	119	34	120	35	102	36	105	37	108	38	114	39	117	
	0	109	1	100	2	107	3	101	4	112	5	117	6	111	7	103	8	114	9	120	10	101	11	120	12	114	13	107	14	114	15	112	16	103	17	120	18	100	19	110	20	108	21	110	22	108	23	106	24	107	25	117	26	116	27	113	28	108	29	116	30	110	31	101	32	109	33	114	34	116	35	111	36	106	37	112	38	101	39	114	
	0	111	1	115	2	112	3	101	4	101	5	117	6	111	7	101	8	106	9	117	10	103	11	118	12	119	13	111	14	100	15	116	16	100	17	105	18	119	19	104	20	112	21	115	22	119	23	111	24	116	25	116	26	120	27	114	28	119	29	120	30	113	31	118	32	101	33	100	34	104	35	106	36	102	37	114	38	118	39	111	
	0	105	1	106	2	103	3	113	4	101	5	118	6	111	7	115	8	100	9	110	10	109	11	106	12	107	13	118	14	110	15	120	16	120	17	102	18	105	19	116	20	111	21	103	22	106	23	112	24	116	25	110	26	118	27	107	28	108	29	107	30	118	31	108	32	100	33	100	34	117	35	112	36	110	37	102	38	120	39	120	
	0	103	1	120	2	103	3	119	4	105	5	109	6	112	7	106	8	105	9	101	10	109	11	107	12	107	13	115	14	116	15	116	16	120	17	109	18	102	19	113	20	111	21	119	22	110	23	110	24	118	25	105	26	116	27	115	28	119	29	114	30	115	31	111	32	104	33	119	34	112	35	119	36	110	37	111	38	119	39	114	
	0	120	1	114	2	107	3	103	4	100	5	102	6	101	7	118	8	108	9	119	10	107	11	105	12	112	13	108	14	118	15	115	16	107	17	103	18	115	19	114	20	114	21	106	22	120	23	104	24	103	25	106	26	115	27	106	28	102	29	118	30	112	31	115	32	109	33	120	34	106	35	102	36	108	37	103	38	106	39	107	
	0	105	1	111	2	102	3	102	4	109	5	117	6	113	7	108	8	101	9	101	10	105	11	103	12	105	13	114	14	107	15	117	16	118	17	108	18	106	19	115	20	105	21	120	22	114	23	108	24	105	25	111	26	101	27	107	28	102	29	118	30	101	31	101	32	108	33	120	34	105	35	114	36	100	37	115	38	101	39	107	
	0	100	1	109	2	113	3	105	4	114	5	114	6	114	7	112	8	115	9	104	10	120	11	105	12	112	13	120	14	109	15	102	16	110	17	108	18	101	19	119	20	114	21	112	22	109	23	118	24	100	25	109	26	118	27	101	28	115	29	101	30	109	31	105	32	112	33	108	34	100	35	117	36	108	37	119	38	110	39	102	
	0	100	1	115	2	110	3	104	4	106	5	109	6	100	7	105	8	103	9	120	10	102	11	102	12	110	13	108	14	118	15	111	16	114	17	116	18	111	19	106	20	101	21	118	22	115	23	102	24	102	25	115	26	101	27	105	28	110	29	104	30	116	31	115	32	103	33	108	34	114	35	113	36	115	37	111	38	111	39	102	
	0	113	1	120	2	109	3	106	4	102	5	103	6	109	7	100	8	118	9	110	10	117	11	111	12	104	13	100	14	117	15	108	16	105	17	105	18	116	19	117	20	108	21	119	22	102	23	111	24	114	25	103	26	108	27	105	28	118	29	110	30	120	31	102	32	113	33	116	34	105	35	105	36	114	37	104	38	115	39	119	
	0	109	1	100	2	117	3	115	4	108	5	118	6	107	7	104	8	111	9	117	10	111	11	108	12	105	13	103	14	110	15	117	16	115	17	114	18	100	19	106	20	120	21	116	22	107	23	116	24	108	25	100	26	107	27	106	28	110	29	105	30	102	31	105	32	106	33	119	34	114	35	106	36	101	37	101	38	110	39	104	
	0	103	1	108	2	115	3	102	4	119	5	119	6	120	7	120	8	104	9	103	10	111	11	104	12	103	13	117	14	109	15	114	16	105	17	117	18	112	19	105	20	111	21	114	22	118	23	101	24	105	25	108	26	115	27	110	28	113	29	102	30	112	31	101	32	115	33	108	34	109	35	115	36	112	37	103	38	115	39	120	
	0	101	1	107	2	117	3	120	4	100	5	103	6	104	7	113	8	101	9	108	10	111	11	118	12	109	13	114	14	108	15	118	16	105	17	117	18	100	19	113	20	115	21	111	22	106	23	108	24	104	25	120	26	112	27	102	28	107	29	104	30	110	31	104	32	115	33	120	34	106	35	109	36	112	37	118	38	101	39	107	
	0	114	1	119	2	118	3	110	4	103	5	106	6	118	7	104	8	115	9	119	10	120	11	117	12	110	13	117	14	106	15	117	16	117	17	103	18	119	19	102	20	114	21	116	22	113	23	104	24	110	25	103	26	118	27	104	28	102	29	100	30	104	31	119	32	118	33	109	34	105	35	114	36	119	37	116	38	102	39	106	
	0	118	1	108	2	110	3	109	4	117	5	105	6	102	7	110	8	113	9	106	10	107	11	119	12	114	13	102	14	108	15	105	16	114	17	100	18	112	19	107	20	107	21	100	22	116	23	111	24	105	25	102	26	115	27	102	28	113	29	114	30	103	31	110	32	119	33	111	34	111	35	117	36	108	37	105	38	108	39	100	
	0	108	1	119	2	106	3	120	4	106	5	120	6	109	7	107	8	113	9	101	10	109	11	113	12	119	13	111	14	102	15	115	16	117	17	106	18	115	19	100	20	102	21	102	22	114	23	111	24	104	25	115	26	113	27	102	28	102	29	104	30	103	31	107	32	102	33	116	34	105	35	114	36	109	37	102	38	100	39	101	
	0	112	1	111	2	109	3	115	4	118	5	118	6	117	7	102	8	113	9	117	10	120	11	102	12	109	13	109	14	104	15	119	16	106	17	106	18	107	19	109	20	120	21	118	22	104	23	115	24	115	25	111	26	109	27	105	28	107	29	114	30	106	31	101	32	112	33	118	34	117	35	116	36	102	37	115	38	112	39	118	
	0	106	1	105	2	116	3	117	4	101	5	106	6	113	7	109	8	108	9	113	10	117	11	116	12	118	13	118	14	118	15	117	16	107	17	115	18	113	19	120	20	116	21	104	22	111	23	109	24	120	25	118	26	100	27	103	28	118	29	118	30	107	31	105	32	106	33	103	34	117	35	115	36	119	37	109	38	111	39	109	
	0	113	1	116	2	117	3	117	4	109	5	113	6	104	7	114	8	110	9	108	10	101	11	105	12	115	13	112	14	101	15	116	16	116	17	106	18	105	19	100	20	117	21	104	22	101	23	103	24	105	25	110	26	102	27	109	28	111	29	120	30	105	31	120	32	101	33	118	34	106	35	107	36	105	37	117	38	104	39	115	
	0	111	1	104	2	113	3	110	4	102	5	102	6	114	7	108	8	110	9	104	10	112	11	114	12	101	13	112	14	109	15	114	16	109	17	106	18	104	19	104	20	119	21	112	22	100	23	119	24	110	25	111	26	113	27	110	28	111	29	105	30	101	31	116	32	101	33	117	34	117	35	107	36	104	37	113	38	116	39	105	
	0	117	1	105	2	102	3	120	4	116	5	116	6	101	7	115	8	114	9	102	10	120	11	104	12	111	13	103	14	115	15	104	16	107	17	107	18	108	19	106	20	101	21	101	22	112	23	119	24	111	25	100	26	112	27	118	28	106	29	102	30	115	31	118	32	103	33	107	34	100	35	102	36	109	37	100	38	101	39	107	
	0	102	1	104	2	102	3	102	4	117	5	106	6	115	7	119	8	108	9	112	10	113	11	104	12	102	13	106	14	114	15	117	16	104	17	100	18	106	19	119	20	106	21	106	22	109	23	120	24	105	25	104	26	100	27	120	28	104	29	102	30	101	31	108	32	119	33	100	34	116	35	102	36	113	37	118	38	103	39	106	
	0	106	1	104	2	117	3	101	4	104	5	118	6	100	7	108	8	109	9	117	10	113	11	120	12	113	13	117	14	101	15	111	16	109	17	107	18	101	19	100	20	113	21	120	22	109	23	108	24	106	25	105	26	117	27	115	28	119	29	102	30	105	31	104	32	118	33	109	34	101	35	106	36	105	37	118	38	112	39	101	
	0	104	1	106	2	108	3	120	4	103	5	117	6	108	7	120	8	119	9	107	10	113	11	104	12	106	13	106	14	112	15	112	16	103	17	102	18	110	19	111	20	117	21	116	22	105	23	100	24	110	25	101	26	109	27	119	28	101	29	114	30	109	31	115	32	100	33	108	34	109	35	106	36	118	37	111	38	112	39	108	
	0	116	1	103	2	115	3	101	4	105	5	106	6	119	7	119	8	108	9	108	10	120	11	105	12	118	13	100	14	107	15	112	16	119	17	102	18	101	19	113	20	111	21	101	22	120	23	116	24	118	25	118	26	107	27	107	28	102	29	106	30	120	31	103	32	113	33	102	34	103	35	106	36	101	37	115	38	105	39	100	
	0	108	1	116	2	106	3	116	4	120	5	102	6	117	7	107	8	118	9	117	10	110	11	114	12	101	13	108	14	108	15	119	16	117	17	114	18	109	19	100	20	112	21	106	22	102	23	106	24	103	25	104	26	111	27	118	28	112	29	116	30	105	31	118	32	109	33	103	34	109	35	118	36	119	37	109	38	119	39	118	
	0	105	1	100	2	108	3	101	4	105	5	102	6	101	7	111	8	107	9	109	10	100	11	120	12	108	13	110	14	108	15	101	16	118	17	100	18	102	19	109	20	113	21	119	22	101	23	119	24	108	25	110	26	101	27	108	28	104	29	113	30	112	31	119	32	105	33	111	34	107	35	100	36	107	37	120	38	110	39	110	
	0	119	1	103	2	113	3	106	4	100	5	109	6	109	7	115	8	113	9	116	10	104	11	118	12	109	13	115	14	120	15	119	16	106	17	100	18	118	19	113	20	106	21	105	22	111	23	116	24	119	25	108	26	104	27	105	28	115	29	116	30	101	31	107	32	108	33	111	34	113	35	105	36	103	37	106	38	101	39	105	
	0	104	1	105	2	113	3	120	4	105	5	104	6	103	7	118	8	108	9	103	10	113	11	116	12	101	13	104	14	115	15	105	16	111	17	110	18	113	19	110	20	120	21	111	22	108	23	100	24	105	25	111	26	109	27	112	28	105	29	103	30	104	31	118	32	118	33	112	34	107	35	102	36	100	37	100	38	108	39	109	
	0	117	1	111	2	111	3	101	4	108	5	113	6	106	7	114	8	103	9	100	10	116	11	117	12	116	13	106	14	109	15	108	16	102	17	113	18	113	19	108	20	103	21	108	22	112	23	110	24	114	25	100	26	109	27	102	28	116	29	108	30	115	31	105	32	102	33	111	34	117	35	100	36	108	37	115	38	117	39	115	
	0	108	1	111	2	120	3	109	4	119	5	117	6	100	7	117	8	119	9	119	10	111	11	118	12	117	13	103	14	117	15	105	16	109	17	102	18	109	19	108	20	102	21	118	22	105	23	116	24	117	25	115	26	104	27	113	28	105	29	118	30	116	31	109	32	117	33	108	34	102	35	113	36	110	37	104	38	105	39	109	
	0	120	1	117	2	106	3	114	4	103	5	119	6	120	7	100	8	103	9	107	10	102	11	106	12	104	13	107	14	116	15	104	16	108	17	117	18	114	19	114	20	105	21	117	22	115	23	105	24	116	25	103	26	101	27	102	28	101	29	107	30	102	31	106	32	106	33	115	34	120	35	108	36	120	37	113	38	102	39	109	
	0	113	1	112	2	114	3	110	4	110	5	117	6	116	7	102	8	106	9	100	10	117	11	108	12	115	13	111	14	107	15	115	16	109	17	100	18	118	19	116	20	100	21	113	22	101	23	120	24	118	25	112	26	119	27	118	28	114	29	102	30	107	31	116	32	101	33	102	34	113	35	114	36	108	37	110	38	109	39	117	
	0	109	1	103	2	118	3	105	4	114	5	115	6	112	7	106	8	100	9	112	10	119	11	115	12	117	13	102	14	105	15	105	16	105	17	112	18	119	19	103	20	103	21	115	22	110	23	100	24	108	25	120	26	120	27	104	28	105	29	114	30	101	31	103	32	107	33	115	34	105	35	119	36	102	37	114	38	109	39	102	
	0	114	1	100	2	116	3	120	4	111	5	114	6	110	7	112	8	102	9	103	10	105	11	109	12	110	13	111	14	116	15	118	16	103	17	110	18	110	19	115	20	119	21	107	22	110	23	119	24	105	25	112	26	113	27	119	28	118	29	104	30	101	31	109	32	113	33	101	34	107	35	112	36	102	37	104	38	104	39	113	
	0	114	1	108	2	110	3	112	4	118	5	102	6	114	7	120	8	117	9	117	10	110	11	114	12	109	13	119	14	111	15	118	16	112	17	116	18	105	19	109	20	102	21	112	22	114	23	110	24	116	25	110	26	114	27	104	28	108	29	113	30	119	31	117	32	104	33	107	34	109	35	118	36	118	37	119	38	118	39	105	
	0	117	1	116	2	113	3	115	4	103	5	113	6	105	7	113	8	114	9	110	10	117	11	110	12	119	13	101	14	120	15	109	16	116	17	113	18	106	19	120	20	105	21	119	22	106	23	100	24	104	25	117	26	101	27	113	28	105	29	116	30	113	31	104	32	113	33	117	34	109	35	103	36	101	37	103	38	103	39	100	
	0	120	1	118	2	102	3	110	4	108	5	101	6	105	7	105	8	108	9	118	10	120	11	108	12	118	13	119	14	120	15	118	16	102	17	118	18	102	19	104	20	110	21	103	22	102	23	113	24	111	25	108	26	110	27	119	28	112	29	108	30	112	31	120	32	103	33	117	34	115	35	115	36	111	37	101	38	112	39	108	
	0	109	1	102	2	111	3	109	4	119	5	115	6	114	7	113	8	100	9	110	10	106	11	107	12	112	13	117	14	104	15	112	16	104	17	102	18	108	19	113	20	117	21	113	22	111	23	119	24	101	25	111	26	106	27	100	28	116	29	115	30	104	31	118	32	115	33	103	34	111	35	103	36	118	37	118	38	120	39	111	
	0	104	1	101	2	119	3	118	4	120	5	100	6	117	7	104	8	106	9	111	10	107	11	116	12	120	13	112	14	119	15	112	16	100	17	115	18	114	19	104	20	107	21	103	22	110	23	108	24	101	25	116	26	120	27	112	28	104	29	109	30	102	31	110	32	111	33	104	34	108	35	106	36	119	37	100	38	108	39	105	
	0	101	1	116	2	114	3	104	4	102	5	103	6	112	7	106	8	119	9	102	10	113	11	113	12	116	13	102	14	109	15	108	16	107	17	115	18	105	19	103	20	112	21	110	22	110	23	110	24	119	25	108	26	103	27	110	28	115	29	110	30	112	31	111	32	101	33	116	34	100	35	116	36	106	37	104	38	118	39	101	
	0	113	1	102	2	105	3	103	4	117	5	106	6	114	7	117	8	107	9	111	10	106	11	102	12	116	13	113	14	102	15	107	16	102	17	114	18	113	19	118	20	118	21	110	22	118	23	112	24	104	25	117	26	110	27	113	28	100	29	101	30	112	31	111	32	115	33	113	34	110	35	114	36	109	37	116	38	104	39	107	
	0	113	1	103	2	100	3	103	4	112	5	120	6	100	7	106	8	106	9	100	10	109	11	101	12	111	13	104	14	119	15	117	16	120	17	119	18	111	19	102	20	100	21	106	22	104	23	113	24	117	25	113	26	120	27	120	28	109	29	111	30	103	31	118	32	120	33	117	34	120	35	103	36	116	37	108	38	112	39	107	
	0	120	1	106	2	103	3	112	4	104	5	105	6	103	7	117	8	114	9	102	10	111	11	106	12	102	13	119	14	117	15	117	16	104	17	108	18	108	19	108	20	110	21	106	22	106	23	112	24	110	25	107	26	100	27	117	28	101	29	114	30	118	31	107	32	104	33	118	34	106	35	103	36	108	37	114	38	118	39	100	
	0	101	1	103	2	105	3	112	4	104	5	119	6	103	7	103	8	109	9	102	10	103	11	119	12	116	13	111	14	113	15	102	16	111	17	118	18	111	19	102	20	118	21	117	22	119	23	114	24	111	25	102	26	109	27	116	28	119	29	105	30	103	31	102	32	104	33	101	34	119	35	110	36	101	37	110	38	104	39	116	
	0	104	1	111	2	117	3	114	4	116	5	103	6	107	7	111	8	113	9	100	10	117	11	114	12	104	13	117	14	113	15	120	16	104	17	106	18	118	19	106	20	105	21	103	22	117	23	116	24	112	25	104	26	109	27	112	28	113	29	117	30	110	31	103	32	108	33	112	34	116	35	115	36	108	37	107	38	120	39	110	
	0	105	1	100	2	102	3	110	4	100	5	106	6	102	7	116	8	113	9	112	10	111	11	119	12	116	13	115	14	107	15	108	16	115	17	112	18	100	19	100	20	102	21	114	22	108	23	110	24	115	25	117	26	115	27	118	28	105	29	104	30	115	31	102	32	103	33	100	34	120	35	106	36	104	37	120	38	106	39	118	
	0	118	1	110	2	117	3	109	4	107	5	115	6	119	7	112	8	104	9	111	10	118	11	117	12	120	13	117	14	120	15	114	16	105	17	107	18	115	19	115	20	100	21	113	22	111	23	113	24	118	25	108	26	116	27	115	28	119	29	119	30	106	31	117	32	118	33	107	34	110	35	116	36	106	37	118	38	109	39	115	
	0	105	1	100	2	111	3	118	4	108	5	104	6	112	7	105	8	116	9	112	10	102	11	104	12	117	13	102	14	110	15	120	16	111	17	102	18	116	19	102	20	103	21	111	22	119	23	103	24	119	25	112	26	105	27	117	28	105	29	116	30	108	31	103	32	116	33	117	34	114	35	117	36	119	37	110	38	114	39	119	
	0	115	1	117	2	109	3	118	4	119	5	120	6	113	7	105	8	103	9	118	10	102	11	104	12	115	13	107	14	119	15	111	16	114	17	105	18	119	19	119	20	109	21	120	22	105	23	120	24	107	25	116	26	118	27	103	28	103	29	113	30	103	31	109	32	100	33	104	34	109	35	100	36	103	37	100	38	114	39	102	
	0	106	1	112	2	116	3	100	4	110	5	105	6	118	7	115	8	108	9	110	10	111	11	101	12	111	13	108	14	103	15	113	16	112	17	104	18	107	19	108	20	104	21	116	22	109	23	118	24	110	25	110	26	113	27	103	28	111	29	120	30	106	31	107	32	102	33	119	34	114	35	117	36	100	37	101	38	117	39	100	
	0	107	1	120	2	106	3	112	4	110	5	105	6	119	7	116	8	102	9	107	10	109	11	110	12	110	13	104	14	111	15	110	16	100	17	116	18	104	19	112	20	107	21	106	22	114	23	109	24	112	25	112	26	118	27	106	28	115	29	102	30	120	31	114	32	110	33	107	34	112	35	114	36	109	37	103	38	108	39	115	
	0	113	1	109	2	119	3	106	4	101	5	118	6	112	7	109	8	100	9	104	10	114	11	112	12	114	13	119	14	112	15	115	16	109	17	110	18	108	19	111	20	104	21	116	22	117	23	100	24	100	25	120	26	102	27	102	28	107	29	108	30	106	31	117	32	108	33	105	34	100	35	103	36	110	37	111	38	100	39	109	
	0	109	1	117	2	119	3	102	4	104	5	109	6	107	7	110	8	119	9	114	10	107	11	112	12	114	13	111	14	105	15	112	16	111	17	102	18	113	19	116	20	111	21	116	22	111	23	104	24	108	25	101	26	114	27	111	28	120	29	106	30	107	31	101	32	119	33	110	34	115	35	111	36	117	37	112	38	102	39	116	
	0	113	1	109	2	105	3	104	4	102	5	106	6	120	7	118	8	101	9	104	10	116	11	108	12	102	13	117	14	101	15	116	16	101	17	117	18	107	19	119	20	113	21	116	22	114	23	100	24	102	25	106	26	105	27	112	28	109	29	113	30	103	31	110	32	102	33	120	34	117	35	103	36	112	37	103	38	117	39	106	
	0	100	1	105	2	108	3	109	4	103	5	114	6	104	7	120	8	117	9	103	10	117	11	100	12	102	13	120	14	107	15	103	16	119	17	105	18	103	19	117	20	119	21	103	22	112	23	106	24	104	25	120	26	105	27	115	28	100	29	107	30	104	31	100	32	115	33	104	34	115	35	114	36	111	37	106	38	110	39	120	
	0	101	1	113	2	100	3	104	4	104	5	105	6	120	7	113	8	118	9	100	10	119	11	119	12	104	13	107	14	120	15	106	16	111	17	117	18	105	19	104	20	112	21	114	22	112	23	109	24	110	25	108	26	115	27	100	28	118	29	105	30	109	31	103	32	106	33	119	34	117	35	114	36	104	37	113	38	116	39	108	
	0	116	1	100	2	103	3	101	4	112	5	100	6	106	7	110	8	108	9	115	10	112	11	115	12	102	13	116	14	111	15	113	16	109	17	113	18	116	19	116	20	105	21	116	22	113	23	116	24	107	25	100	26	100	27	107	28	117	29	104	30	112	31	115	32	105	33	105	34	101	35	110	36	100	37	107	38	105	39	117	
	0	105	1	118	2	109	3	113	4	120	5	111	6	117	7	107	8	116	9	108	10	107	11	101	12	109	13	119	14	106	15	115	16	106	17	111	18	108	19	119	20	101	21	113	22	119	23	105	24	120	25	111	26	101	27	116	28	104	29	105	30	109	31	106	32	102	33	104	34	111	35	104	36	119	37	116	38	117	39	103	
	0	117	1	105	2	112	3	104	4	109	5	102	6	119	7	107	8	113	9	118	10	106	11	106	12	113	13	107	14	115	15	106	16	118	17	117	18	111	19	114	20	112	21	105	22	115	23	115	24	114	25	117	26	106	27	111	28	117	29	113	30	111	31	113	32	112	33	114	34	111	35	108	36	113	37	110	38	100	39	115	
	0	114	1	104	2	112	3	118	4	105	5	104	6	111	7	109	8	118	9	103	10	120	11	107	12	118	13	120	14	100	15	114	16	104	17	106	18	102	19	104	20	115	21	120	22	117	23	112	24	101	25	117	26	105	27	103	28	107	29	109	30	115	31	115	32	104	33	113	34	117	35	106	36	115	37	112	38	100	39	100	
	0	108	1	109	2	108	3	104	4	118	5	119	6	104	7	109	8	103	9	111	10	111	11	100	12	113	13	119	14	117	15	119	16	118	17	102	18	113	19	114	20	107	21	116	22	116	23	116	24	109	25	108	26	100	27	119	28	111	29	110	30	104	31	112	32	103	33	106	34	108	35	114	36	115	37	114	38	120	39	103	
	0	117	1	102	2	113	3	114	4	110	5	114	6	100	7	118	8	100	9	116	10	108	11	106	12	108	13	107	14	103	15	115	16	118	17	106	18	118	19	112	20	111	21	103	22	103	23	113	24	109	25	118	26	112	27	111	28	106	29	102	30	101	31	106	32	109	33	114	34	115	35	114	36	116	37	116	38	104	39	111	
	0	111	1	106	2	100	3	102	4	117	5	103	6	106	7	106	8	111	9	100	10	119	11	114	12	120	13	116	14	116	15	116	16	105	17	103	18	114	19	101	20	117	21	105	22	115	23	109	24	100	25	116	26	101	27	105	28	113	29	116	30	112	31	113	32	110	33	102	34	118	35	111	36	120	37	119	38	116	39	110	
	0	114	1	115	2	115	3	102	4	110	5	109	6	109	7	111	8	104	9	100	10	117	11	111	12	110	13	105	14	105	15	119	16	101	17	114	18	108	19	101	20	112	21	114	22	101	23	108	24	109	25	108	26	106	27	116	28	114	29	108	30	110	31	109	32	118	33	102	34	119	35	113	36	100	37	107	38	117	39	102	
	0	109	1	112	2	109	3	108	4	105	5	115	6	115	7	113	8	111	9	106	10	112	11	108	12	111	13	108	14	108	15	114	16	115	17	108	18	116	19	107	20	117	21	103	22	110	23	106	24	112	25	102	26	116	27	114	28	120	29	106	30	103	31	101	32	101	33	100	34	113	35	115	36	101	37	109	38	120	39	110	
	0	109	1	117	2	118	3	120	4	102	5	104	6	113	7	118	8	115	9	109	10	108	11	113	12	112	13	112	14	119	15	117	16	109	17	110	18	112	19	111	20	112	21	103	22	118	23	114	24	107	25	103	26	105	27	112	28	101	29	102	30	106	31	111	32	108	33	114	34	119	35	100	36	120	37	110	38	118	39	102	
	0	106	1	105	2	109	3	107	4	105	5	119	6	119	7	116	8	120	9	115	10	112	11	100	12	120	13	102	14	102	15	107	16	119	17	101	18	115	19	112	20	110	21	107	22	111	23	109	24	112	25	102	26	108	27	102	28	109	29	112	30	102	31	116	32	106	33	107	34	119	35	107	36	110	37	120	38	117	39	110	
	0	116	1	112	2	105	3	103	4	108	5	104	6	115	7	112	8	115	9	106	10	105	11	108	12	115	13	102	14	110	15	118	16	106	17	114	18	118	19	109	20	112	21	106	22	118	23	102	24	107	25	113	26	106	27	120	28	118	29	103	30	100	31	109	32	111	33	104	34	101	35	105	36	107	37	106	38	119	39	108	
	0	108	1	115	2	118	3	108	4	115	5	120	6	112	7	104	8	114	9	115	10	109	11	116	12	107	13	103	14	101	15	101	16	102	17	117	18	120	19	102	20	104	21	105	22	103	23	101	24	107	25	106	26	103	27	117	28	119	29	106	30	109	31	101	32	118	33	115	34	106	35	120	36	116	37	102	38	120	39	116	
	0	112	1	106	2	118	3	104	4	116	5	114	6	117	7	111	8	120	9	104	10	108	11	120	12	100	13	107	14	117	15	104	16	118	17	106	18	113	19	105	20	109	21	102	22	103	23	120	24	113	25	103	26	120	27	109	28	111	29	117	30	117	31	107	32	112	33	111	34	104	35	110	36	119	37	102	38	110	39	114	
	0	104	1	114	2	111	3	108	4	101	5	111	6	116	7	120	8	100	9	115	10	111	11	108	12	110	13	112	14	116	15	110	16	118	17	107	18	118	19	117	20	105	21	116	22	109	23	119	24	113	25	120	26	106	27	109	28	111	29	115	30	111	31	117	32	112	33	110	34	102	35	102	36	116	37	102	38	104	39	105	
	0	100	1	118	2	115	3	104	4	101	5	102	6	116	7	101	8	117	9	107	10	108	11	109	12	117	13	111	14	115	15	112	16	102	17	110	18	106	19	108	20	108	21	113	22	118	23	102	24	108	25	120	26	115	27	116	28	114	29	117	30	112	31	106	32	113	33	119	34	100	35	107	36	115	37	109	38	113	39	117	
	0	112	1	116	2	110	3	105	4	112	5	116	6	107	7	114	8	111	9	106	10	103	11	120	12	111	13	109	14	101	15	103	16	117	17	110	18	104	19	110	20	107	21	101	22	116	23	113	24	102	25	105	26	111	27	103	28	108	29	104	30	108	31	108	32	115	33	118	34	104	35	119	36	113	37	113	38	120	39	113	
	0	102	1	119	2	110	3	107	4	119	5	111	6	115	7	106	8	109	9	117	10	115	11	117	12	114	13	107	14	117	15	101	16	101	17	112	18	117	19	101	20	106	21	111	22	110	23	107	24	120	25	102	26	104	27	104	28	113	29	103	30	115	31	112	32	118	33	114	34	105	35	115	36	108	37	115	38	116	39	108	
	0	119	1	119	2	104	3	105	4	109	5	110	6	120	7	114	8	110	9	101	10	103	11	118	12	119	13	103	14	114	15	109	16	109	17	101	18	111	19	120	20	120	21	120	22	116	23	114	24	109	25	104	26	108	27	103	28	114	29	106	30	108	31	103	32	104	33	112	34	100	35	118	36	102	37	111	38	113	39	109	
	0	119	1	119	2	101	3	103	4	109	5	102	6	107	7	118	8	107	9	101	10	103	11	111	12	118	13	106	14	116	15	114	16	102	17	101	18	117	19	105	20	109	21	108	22	104	23	116	24	120	25	109	26	109	27	107	28	107	29	112	30	109	31	104	32	118	33	103	34	109	35	100	36	103	37	106	38	106	39	101	
	0	102	1	102	2	110	3	106	4	116	5	101	6	105	7	103	8	105	9	113	10	104	11	110	12	114	13	118	14	107	15	108	16	104	17	102	18	111	19	114	20	119	21	111	22	118	23	102	24	120	25	108	26	100	27	110	28	113	29	101	30	101	31	116	32	105	33	106	34	120	35	116	36	106	37	111	38	106	39	114	
	0	106	1	113	2	102	3	104	4	114	5	110	6	120	7	113	8	106	9	120	10	105	11	116	12	107	13	100	14	114	15	111	16	103	17	115	18	102	19	119	20	111	21	120	22	117	23	113	24	102	25	103	26	109	27	101	28	111	29	120	30	103	31	107	32	109	33	111	34	109	35	119	36	115	37	115	38	114	39	105	
	0	120	1	112	2	116	3	119	4	109	5	103	6	117	7	103	8	106	9	113	10	105	11	120	12	103	13	117	14	116	15	108	16	104	17	114	18	112	19	107	20	120	21	106	22	112	23	106	24	119	25	101	26	110	27	110	28	119	29	108	30	120	31	106	32	105	33	104	34	118	35	103	36	103	37	113	38	120	39	112	
	0	104	1	107	2	100	3	106	4	113	5	102	6	113	7	114	8	102	9	102	10	113	11	116	12	118	13	117	14	114	15	109	16	109	17	118	18	117	19	111	20	106	21	114	22	117	23	106	24	120	25	118	26	105	27	111	28	106	29	101	30	105	31	119	32	104	33	115	34	101	35	118	36	104	37	100	38	100	39	117	
	0	110	1	112	2	111	3	110	4	106	5	104	6	106	7	109	8	105	9	114	10	110	11	116	12	101	13	102	14	114	15	102	16	119	17	118	18	111	19	112	20	100	21	118	22	104	23	114	24	110	25	102	26	113	27	117	28	115	29	114	30	109	31	101	32	105	33	114	34	108	35	110	36	107	37	102	38	110	39	112	
	0	113	1	108	2	112	3	114	4	118	5	115	6	120	7	118	8	107	9	105	10	101	11	115	12	106	13	107	14	101	15	117	16	119	17	117	18	113	19	107	20	112	21	117	22	105	23	101	24	103	25	108	26	111	27	108	28	118	29	100	30	108	31	115	32	120	33	114	34	114	35	114	36	105	37	101	38	101	39	112	
	0	106	1	102	2	112	3	103	4	111	5	100	6	115	7	110	8	115	9	103	10	102	11	109	12	116	13	103	14	102	15	101	16	109	17	101	18	114	19	113	20	100	21	107	22	116	23	110	24	115	25	106	26	108	27	106	28	101	29	107	30	105	31	107	32	102	33	118	34	113	35	108	36	114	37	108	38	113	39	110	
	0	118	1	101	2	107	3	101	4	112	5	115	6	113	7	104	8	114	9	101	10	102	11	118	12	105	13	107	14	117	15	108	16	120	17	104	18	110	19	114	20	101	21	114	22	108	23	100	24	119	25	110	26	115	27	101	28	103	29	120	30	108	31	110	32	105	33	108	34	101	35	103	36	101	37	110	38	118	39	108	
	0	100	1	115	2	112	3	111	4	106	5	118	6	101	7	104	8	116	9	108	10	106	11	113	12	104	13	113	14	103	15	101	16	100	17	111	18	108	19	119	20	102	21	113	22	111	23	109	24	103	25	118	26	119	27	114	28	103	29	106	30	115	31	105	32	102	33	113	34	117	35	104	36	117	37	102	38	105	39	103	
	0	103	1	115	2	109	3	114	4	111	5	109	6	102	7	118	8	101	9	117	10	108	11	120	12	107	13	102	14	107	15	103	16	107	17	119	18	115	19	120	20	118	21	120	22	113	23	116	24	102	25	116	26	119	27	104	28	117	29	101	30	116	31	108	32	108	33	117	34	103	35	119	36	105	37	100	38	117	39	119	
	0	120	1	102	2	110	3	116	4	105	5	103	6	115	7	103	8	102	9	107	10	118	11	103	12	104	13	111	14	109	15	119	16	113	17	109	18	103	19	102	20	105	21	114	22	103	23	116	24	106	25	109	26	120	27	103	28	116	29	109	30	108	31	106	32	102	33	101	34	100	35	116	36	106	37	115	38	116	39	116	
	0	107	1	112	2	100	3	110	4	107	5	105	6	102	7	118	8	117	9	108	10	100	11	110	12	111	13	100	14	117	15	102	16	102	17	119	18	107	19	107	20	105	21	116	22	114	23	109	24	102	25	106	26	105	27	102	28	117	29	116	30	119	31	114	32	108	33	112	34	112	35	111	36	111	37	116	38	108	39	100	
	0	115	1	114	2	101	3	109	4	104	5	119	6	120	7	102	8	113	9	111	10	111	11	100	12	112	13	114	14	119	15	115	16	106	17	103	18	120	19	114	20	102	21	115	22	116	23	103	24	110	25	108	26	105	27	112	28	120	29	117	30	110	31	110	32	107	33	109	34	106	35	110	36	101	37	102	38	120	39	119	
	0	107	1	107	2	115	3	116	4	116	5	113	6	107	7	116	8	117	9	114	10	100	11	113	12	114	13	107	14	112	15	107	16	115	17	119	18	113	19	106	20	101	21	116	22	113	23	112	24	113	25	102	26	101	27	105	28	115	29	106	30	109	31	111	32	118	33	107	34	101	35	107	36	118	37	110	38	120	39	104	
	0	118	1	117	2	104	3	112	4	110	5	115	6	112	7	102	8	117	9	105	10	106	11	110	12	111	13	102	14	107	15	112	16	114	17	111	18	106	19	103	20	117	21	115	22	119	23	103	24	117	25	113	26	101	27	114	28	114	29	115	30	102	31	109	32	117	33	104	34	111	35	113	36	101	37	102	38	112	39	109	
	0	101	1	117	2	120	3	120	4	100	5	105	6	100	7	112	8	113	9	102	10	104	11	107	12	106	13	106	14	111	15	108	16	102	17	102	18	118	19	111	20	102	21	105	22	113	23	114	24	104	25	105	26	102	27	116	28	101	29	118	30	119	31	107	32	106	33	101	34	119	35	105	36	117	37	119	38	108	39	106	
	0	107	1	106	2	111	3	115	4	120	5	109	6	109	7	111	8	114	9	105	10	100	11	108	12	116	13	102	14	118	15	101	16	118	17	120	18	103	19	112	20	119	21	100	22	108	23	109	24	109	25	118	26	113	27	104	28	120	29	106	30	103	31	109	32	114	33	106	34	108	35	114	36	114	37	101	38	114	39	117	
	0	103	1	115	2	114	3	115	4	104	5	119	6	104	7	100	8	118	9	103	10	120	11	104	12	115	13	109	14	109	15	120	16	101	17	117	18	109	19	114	20	103	21	117	22	102	23	109	24	100	25	105	26	101	27	101	28	114	29	117	30	118	31	111	32	117	33	118	34	112	35	119	36	103	37	113	38	107	39	116	
	0	104	1	106	2	119	3	102	4	100	5	105	6	106	7	114	8	114	9	110	10	102	11	106	12	102	13	102	14	108	15	106	16	101	17	104	18	100	19	112	20	120	21	119	22	106	23	109	24	114	25	108	26	103	27	107	28	110	29	114	30	112	31	120	32	107	33	108	34	107	35	110	36	116	37	120	38	118	39	102	
	0	113	1	114	2	109	3	115	4	105	5	110	6	101	7	114	8	116	9	119	10	100	11	105	12	115	13	120	14	105	15	109	16	118	17	109	18	120	19	111	20	120	21	114	22	112	23	110	24	119	25	118	26	107	27	116	28	103	29	117	30	109	31	110	32	110	33	104	34	108	35	108	36	101	37	119	38	119	39	104	
	0	118	1	112	2	107	3	100	4	104	5	110	6	110	7	114	8	101	9	101	10	113	11	103	12	109	13	103	14	117	15	114	16	115	17	105	18	118	19	102	20	102	21	101	22	120	23	118	24	103	25	115	26	113	27	120	28	117	29	104	30	103	31	108	32	105	33	119	34	104	35	115	36	112	37	101	38	112	39	120	
	0	112	1	117	2	109	3	112	4	102	5	120	6	113	7	105	8	112	9	117	10	108	11	114	12	104	13	117	14	117	15	116	16	110	17	109	18	104	19	118	20	113	21	119	22	117	23	100	24	102	25	110	26	104	27	109	28	115	29	113	30	100	31	115	32	120	33	105	34	106	35	120	36	110	37	102	38	113	39	114	
	0	110	1	109	2	115	3	104	4	120	5	100	6	117	7	112	8	105	9	107	10	102	11	110	12	116	13	120	14	117	15	100	16	119	17	117	18	100	19	104	20	118	21	114	22	120	23	100	24	104	25	111	26	114	27	114	28	115	29	100	30	100	31	117	32	114	33	100	34	116	35	116	36	115	37	116	38	116	39	108	
	0	117	1	102	2	112	3	114	4	106	5	112	6	104	7	120	8	102	9	112	10	108	11	107	12	115	13	111	14	113	15	119	16	102	17	114	18	116	19	119	20	103	21	115	22	109	23	114	24	103	25	120	26	104	27	119	28	109	29	116	30	114	31	113	32	109	33	118	34	110	35	106	36	102	37	101	38	109	39	116	
	0	114	1	105	2	112	3	114	4	114	5	115	6	101	7	118	8	120	9	104	10	120	11	116	12	110	13	104	14	102	15	120	16	100	17	114	18	113	19	100	20	114	21	103	22	115	23	114	24	112	25	107	26	112	27	117	28	118	29	116	30	106	31	120	32	103	33	112	34	104	35	109	36	103	37	111	38	110	39	104	
	0	107	1	119	2	112	3	117	4	114	5	110	6	103	7	110	8	120	9	104	10	107	11	105	12	108	13	105	14	117	15	109	16	110	17	120	18	108	19	115	20	106	21	105	22	116	23	110	24	109	25	103	26	114	27	100	28	117	29	119	30	104	31	120	32	111	33	100	34	110	35	116	36	102	37	109	38	116	39	115	
	0	107	1	120	2	106	3	117	4	103	5	120	6	114	7	109	8	119	9	114	10	101	11	110	12	120	13	115	14	104	15	113	16	109	17	112	18	104	19	113	20	118	21	101	22	119	23	110	24	106	25	100	26	111	27	109	28	110	29	120	30	119	31	107	32	100	33	116	34	113	35	108	36	119	37	104	38	101	39	112	
	0	103	1	104	2	117	3	110	4	120	5	108	6	100	7	105	8	101	9	115	10	107	11	109	12	104	13	118	14	114	15	111	16	100	17	109	18	102	19	114	20	112	21	112	22	106	23	102	24	114	25	115	26	107	27	110	28	116	29	119	30	117	31	102	32	120	33	101	34	116	35	107	36	102	37	106	38	108	39	110	
	0	114	1	100	2	104	3	106	4	111	5	117	6	116	7	110	8	120	9	119	10	110	11	120	12	120	13	105	14	111	15	104	16	107	17	120	18	117	19	108	20	110	21	113	22	114	23	116	24	109	25	117	26	109	27	102	28	119	29	112	30	106	31	100	32	112	33	120	34	112	35	104	36	104	37	108	38	117	39	111	
	0	112	1	116	2	108	3	119	4	120	5	116	6	113	7	103	8	116	9	112	10	106	11	100	12	120	13	100	14	103	15	104	16	118	17	115	18	113	19	101	20	115	21	103	22	111	23	117	24	104	25	109	26	114	27	111	28	103	29	111	30	113	31	109	32	119	33	116	34	107	35	111	36	111	37	113	38	119	39	117	
	0	101	1	120	2	117	3	113	4	117	5	100	6	112	7	111	8	103	9	114	10	120	11	116	12	120	13	113	14	119	15	107	16	118	17	113	18	104	19	109	20	116	21	108	22	111	23	101	24	103	25	113	26	120	27	105	28	114	29	114	30	112	31	104	32	101	33	103	34	100	35	108	36	104	37	100	38	105	39	116	
	0	105	1	116	2	110	3	116	4	111	5	107	6	108	7	109	8	119	9	110	10	107	11	105	12	109	13	117	14	119	15	104	16	114	17	116	18	118	19	113	20	115	21	109	22	102	23	110	24	101	25	114	26	101	27	113	28	120	29	109	30	103	31	116	32	113	33	111	34	109	35	106	36	118	37	107	38	115	39	107	
	0	112	1	117	2	115	3	101	4	104	5	117	6	111	7	104	8	100	9	110	10	112	11	104	12	108	13	108	14	103	15	105	16	107	17	107	18	105	19	112	20	114	21	108	22	120	23	113	24	117	25	116	26	110	27	120	28	109	29	108	30	106	31	111	32	118	33	120	34	101	35	115	36	113	37	118	38	116	39	113	
	0	120	1	105	2	101	3	117	4	119	5	113	6	113	7	118	8	117	9	106	10	113	11	109	12	119	13	114	14	104	15	108	16	104	17	119	18	111	19	115	20	100	21	101	22	104	23	108	24	107	25	106	26	102	27	105	28	100	29	120	30	102	31	101	32	101	33	112	34	106	35	116	36	114	37	104	38	107	39	101	
	0	100	1	100	2	103	3	105	4	113	5	115	6	110	7	105	8	115	9	120	10	102	11	105	12	118	13	107	14	116	15	105	16	103	17	119	18	118	19	104	20	118	21	108	22	101	23	114	24	118	25	107	26	108	27	103	28	113	29	100	30	102	31	113	32	116	33	102	34	117	35	103	36	120	37	108	38	118	39	103	
	0	104	1	117	2	103	3	119	4	113	5	113	6	104	7	103	8	109	9	103	10	109	11	111	12	108	13	109	14	106	15	118	16	111	17	118	18	119	19	101	20	104	21	108	22	100	23	102	24	100	25	102	26	116	27	119	28	119	29	101	30	113	31	113	32	114	33	120	34	105	35	113	36	113	37	116	38	101	39	113	