200 40 1
40
	0	112	1	106	2	105	3	113	4	110	5	112	6	112	7	107	8	119	9	102	10	112	11	104	12	109	13	100	14	119	15	111	16	107	17	109	18	105	19	117	20	120	21	103	22	117	23	112	24	110	25	109	26	112	27	120	28	105	29	108	30	114	31	116	32	117	33	108	34	106	35	108	36	106	37	106	38	108	39	112	
	0	102	1	103	2	105	3	100	4	116	5	117	6	100	7	115	8	100	9	102	10	111	11	110	12	101	13	100	14	100	15	101	16	105	17	113	18	113	19	109	20	111	21	115	22	120	23	108	24	104	25	117	26	110	27	101	28	115	29	111	30	101	31	119	32	119	33	101	34	115	35	105	36	106	37	118	38	103	39	107	
	0	115	1	114	2	110	3	107	4	102	5	113	6	117	7	119	8	115	9	112	10	110	11	101	12	102	13	109	14	107	15	101	16	104	17	118	18	112	19	111	20	113	21	120	22	110	23	106	24	106	25	111	26	100	27	106	28	119	29	115	30	115	31	101	32	109	33	108	34	105	35	111	36	116	37	113	38	106	39	105	
	0	100	1	103	2	105	3	120	4	101	5	113	6	119	7	102	8	116	9	111	10	103	11	100	12	109	13	105	14	119	15	102	16	109	17	116	18	115	19	112	20	102	21	115	22	112	23	116	24	118	25	110	26	107	27	119	28	110	29	102	30	105	31	101	32	101	33	102	34	104	35	106	36	101	37	120	38	118	39	116	
	0	116	1	109	2	120	3	111	4	114	5	112	6	118	7	117	8	117	9	107	10	101	11	103	12	107	13	120	14	106	15	109	16	111	17	105	18	100	19	117	20	103	21	112	22	106	23	117	24	117	25	119	26	115	27	106	28	116	29	117	30	107	31	120	32	113	33	114	34	110	35	113	36	114	37	113	38	109	39	115	
	0	103	1	119	2	103	3	115	4	111	5	114	6	107	7	105	8	110	9	102	10	100	11	114	12	107	13	116	14	119	15	109	16	120	17	112	18	115	19	110	20	106	21	113	22	101	23	111	24	104	25	107	26	114	27	111	28	116	29	101	30	113	31	103	32	114	33	117	34	100	35	101	36	107	37	111	38	107	39	105	
	0	101	1	118	2	108	3	102	4	119	5	111	6	115	7	107	8	107	9	114	10	120	11	102	12	110	13	104	14	117	15	111	16	115	17	107	18	104	19	109	20	104	21	104	22	119	23	120	24	119	25	103	26	101	27	112	28	111	29	114	30	118	31	101	32	100	33	118	34	117	35	101	36	106	37	106	38	104	39	116	
	0	107	1	116	2	108	3	103	4	118	5	116	6	109	7	116	8	116	9	119	10	102	11	105	12	113	13	113	14	115	15	104	16	104	17	100	18	107	19	109	20	114	21	107	22	108	23	102	24	119	25	117	26	120	27	102	28	101	29	106	30	119	31	118	32	104	33	110	34	105	35	108	36	112	37	108	38	110	39	105	
	0	110	1	100	2	109	3	101	4	105	5	104	6	113	7	109	8	116	9	117	10	103	11	113	12	116	13	115	14	106	15	102	16	110	17	114	18	101	19	108	20	116	21	101	22	118	23	119	24	118	25	113	26	120	27	115	28	118	29	103	30	101	31	108	32	110	33	111	34	109	35	116	36	100	37	102	38	106	39	101	
	0	115	1	110	2	120	3	108	4	115	5	110	6	111	7	117	8	101	9	116	10	119	11	118	12	108	13	102	14	104	15	119	16	102	17	120	18	111	19	117	20	102	21	105	22	107	23	109	24	120	25	112	26	120	27	111	28	107	29	111	30	117	31	113	32	111	33	115	34	105	35	107	36	102	37	106	38	105	39	114	
	0	108	1	110	2	109	3	120	4	107	5	115	6	113	7	100	8	106	9	111	10	112	11	108	12	104	13	103	14	103	15	101	16	106	17	117	18	100	19	119	20	104	21	120	22	119	23	100	24	109	25	105	26	108	27	102	28	115	29	104	30	100	31	112	32	110	33	118	34	118	35	111	36	103	37	113	38	117	39	101	
	0	101	1	120	2	100	3	111	4	106	5	101	6	120	7	114	8	109	9	102	10	119	11	116	12	104	13	114	14	117	15	105	16	104	17	116	18	113	19	110	20	102	21	107	22	107	23	113	24	116	25	111	26	114	27	114	28	118	29	112	30	116	31	109	32	115	33	100	34	116	35	117	36	111	37	108	38	100	39	110	
	0	100	1	100	2	100	3	118	4	111	5	118	6	119	7	116	8	100	9	109	10	116	11	106	12	100	13	106	14	105	15	111	16	107	17	108	18	120	19	119	20	100	21	105	22	113	23	113	24	114	25	108	26	116	27	111	28	116	29	120	30	103	31	114	32	112	33	109	34	106	35	103	36	120	37	108	38	113	39	107	
	0	114	1	113	2	116	3	120	4	112	5	100	6	111	7	112	8	100	9	114	10	117	11	112	12	111	13	115	14	119	15	120	16	103	17	118	18	106	19	106	20	120	21	112	22	111	23	119	24	107	25	100	26	110	27	100	28	113	29	117	30	101	31	116	32	103	33	118	34	106	35	113	36	113	37	112	38	105	39	109	
	0	113	1	106	2	101	3	111	4	109	5	119	6	105	7	116	8	114	9	114	10	115	11	107	12	117	13	118	14	107	15	108	16	113	17	104	18	110	19	111	20	105	21	113	22	113	23	115	24	116	25	106	26	108	27	110	28	120	29	119	30	102	31	107	32	105	33	112	34	111	35	108	36	117	37	109	38	101	39	106	
	0	111	1	105	2	112	3	112	4	103	5	110	6	112	7	103	8	110	9	118	10	104	11	108	12	120	13	116	14	103	15	108	16	114	17	116	18	104	19	103	20	118	21	111	22	108	23	109	24	115	25	100	26	108	27	111	28	113	29	105	30	109	31	119	32	106	33	100	34	112	35	120	36	100	37	106	38	104	39	105	
	0	106	1	113	2	108	3	114	4	108	5	103	6	120	7	105	8	118	9	113	10	112	11	109	12	101	13	120	14	110	15	106	16	111	17	110	18	114	19	107	20	109	21	117	22	111	23	100	24	104	25	111	26	106	27	101	28	103	29	117	30	108	31	104	32	107	33	111	34	120	35	119	36	101	37	101	38	109	39	120	
	0	120	1	104	2	107	3	103	4	110	5	107	6	120	7	100	8	116	9	113	10	110	11	103	12	104	13	120	14	117	15	111	16	117	17	115	18	112	19	105	20	120	21	106	22	104	23	120	24	109	25	117	26	101	27	117	28	104	29	109	30	112	31	118	32	114	33	106	34	112	35	106	36	110	37	110	38	119	39	101	
	0	111	1	118	2	113	3	113	4	105	5	112	6	110	7	102	8	107	9	118	10	111	11	116	12	106	13	101	14	107	15	112	16	117	17	112	18	100	19	101	20	117	21	110	22	110	23	105	24	113	25	107	26	119	27	117	28	118	29	109	30	101	31	104	32	119	33	120	34	102	35	100	36	116	37	114	38	108	39	118	
	0	113	1	101	2	114	3	112	4	100	5	110	6	105	7	101	8	120	9	112	10	113	11	119	12	106	13	114	14	113	15	107	16	110	17	102	18	113	19	110	20	102	21	103	22	117	23	102	24	112	25	111	26	115	27	110	28	100	29	119	30	109	31	109	32	110	33	102	34	119	35	118	36	100	37	103	38	101	39	114	
	0	116	1	119	2	103	3	104	4	111	5	115	6	111	7	107	8	109	9	100	10	106	11	114	12	109	13	120	14	102	15	118	16	106	17	110	18	118	19	105	20	112	21	112	22	107	23	100	24	106	25	109	26	108	27	116	28	111	29	103	30	102	31	113	32	100	33	105	34	106	35	115	36	120	37	103	38	105	39	104	
	0	101	1	104	2	104	3	108	4	109	5	112	6	108	7	118	8	107	9	104	10	111	11	113	12	114	13	114	14	103	15	118	16	117	17	103	18	109	19	100	20	117	21	112	22	117	23	119	24	118	25	112	26	102	27	101	28	101	29	110	30	119	31	100	32	116	33	115	34	109	35	106	36	101	37	106	38	116	39	120	
	0	104	1	118	2	113	3	107	4	110	5	100	6	106	7	101	8	105	9	113	10	117	11	115	12	103	13	112	14	101	15	111	16	103	17	114	18	101	19	118	20	111	21	110	22	107	23	104	24	106	25	114	26	101	27	109	28	110	29	105	30	102	31	105	32	120	33	112	34	113	35	102	36	106	37	110	38	114	39	109	
	0	106	1	120	2	107	3	105	4	100	5	106	6	103	7	106	8	112	9	102	10	118	11	102	12	101	13	110	14	108	15	108	16	115	17	113	18	104	19	102	20	112	21	120	22	105	23	113	24	110	25	111	26	114	27	113	28	111	29	110	30	113	31	110	32	113	33	115	34	101	35	113	36	116	37	119	38	105	39	113	
	0	100	1	107	2	111	3	105	4	104	5	100	6	117	7	105	8	112	9	109	10	114	11	110	12	102	13	111	14	112	15	111	16	119	17	102	18	107	19	105	20	113	21	105	22	102	23	110	24	105	25	100	26	119	27	111	28	116	29	111	30	110	31	115	32	115	33	117	34	120	35	118	36	105	37	103	38	114	39	120	
	0	101	1	112	2	105	3	113	4	104	5	114	6	109	7	116	8	107	9	118	10	101	11	111	12	111	13	111	14	106	15	110	16	116	17	106	18	116	19	111	20	114	21	111	22	100	23	111	24	108	25	105	26	104	27	107	28	100	29	100	30	118	31	109	32	114	33	100	34	115	35	104	36	106	37	108	38	114	39	106	
	0	119	1	110	2	100	3	102	4	109	5	119	6	108	7	115	8	113	9	107	10	105	11	100	12	103	13	102	14	119	15	106	16	111	17	120	18	112	19	120	20	119	21	112	22	115	23	101	24	103	25	110	26	106	27	111	28	113	29	108	30	102	31	115	32	109	33	117	34	120	35	120	36	118	37	117	38	120	39	114	
	0	106	1	111	2	103	3	101	4	115	5	117	6	100	7	105	8	116	9	115	10	107	11	117	12	109	13	102	14	101	15	109	16	111	17	110	18	120	19	106	20	101	21	113	22	118	23	108	24	110	25	104	26	109	27	120	28	112	29	102	30	113	31	113	32	109	33	105	34	101	35	119	36	115	37	110	38	110	39	115	
	0	117	1	117	2	116	3	115	4	108	5	105	6	107	7	109	8	107	9	117	10	100	11	101	12	111	13	111	14	106	15	120	16	119	17	119	18	119	19	116	20	104	21	114	22	110	23	103	24	116	25	107	26	116	27	112	28	114	29	113	30	110	31	115	32	116	33	119	34	103	35	108	36	100	37	110	38	107	39	111	
	0	105	1	103	2	120	3	110	4	116	5	116	6	119	7	120	8	114	9	114	10	103	11	102	12	104	13	112	14	101	15	108	16	112	17	119	18	120	19	109	20	104	21	107	22	111	23	112	24	119	25	104	26	109	27	107	28	115	29	111	30	103	31	106	32	111	33	100	34	101	35	111	36	108	37	104	38	100	39	120	
	0	102	1	116	2	105	3	113	4	102	5	114	6	112	7	103	8	101	9	104	10	105	11	118	12	100	13	100	14	106	15	104	16	101	17	116	18	118	19	117	20	104	21	105	22	113	23	106	24	105	25	103	26	104	27	101	28	113	29	107	30	112	31	104	32	114	33	107	34	106	35	103	36	115	37	106	38	120	39	105	
	0	102	1	113	2	112	3	109	4	102	5	110	6	114	7	115	8	101	9	101	10	110	11	115	12	116	13	108	14	119	15	102	16	117	17	116	18	110	19	106	20	102	21	109	22	117	23	119	24	115	25	113	26	114	27	114	28	101	29	117	30	103	31	109	32	117	33	114	34	110	35	117	36	103	37	120	38	112	39	110	
	0	104	1	120	2	106	3	117	4	107	5	114	6	108	7	112	8	100	9	118	10	106	11	118	12	105	13	103	14	114	15	114	16	120	17	113	18	104	19	115	20	117	21	120	22	115	23	107	24	111	25	113	26	100	27	117	28	102	29	119	30	111	31	111	32	116	33	114	34	102	35	111	36	102	37	116	38	116	39	107	
	0	114	1	110	2	101	3	120	4	104	5	105	6	120	7	102	8	103	9	119	10	115	11	101	12	109	13	106	14	109	15	111	16	114	17	110	18	110	19	114	20	115	21	113	22	111	23	114	24	117	25	106	26	110	27	110	28	113	29	112	30	114	31	120	32	101	33	102	34	109	35	111	36	100	37	108	38	116	39	104	
	0	114	1	115	2	116	3	102	4	104	5	108	6	110	7	107	8	118	9	107	10	108	11	102	12	117	13	105	14	117	15	110	16	106	17	115	18	108	19	100	20	107	21	102	22	109	23	113	24	101	25	120	26	101	27	111	28	120	29	111	30	110	31	107	32	109	33	119	34	118	35	112	36	105	37	107	38	105	39	106	
	0	104	1	120	2	107	3	113	4	114	5	110	6	117	7	110	8	102	9	101	10	108	11	110	12	104	13	110	14	117	15	115	16	103	17	109	18	117	19	112	20	101	21	105	22	110	23	110	24	113	25	102	26	100	27	110	28	120	29	116	30	119	31	103	32	120	33	102	34	118	35	104	36	101	37	105	38	110	39	109	
	0	107	1	111	2	102	3	101	4	114	5	101	6	116	7	105	8	113	9	104	10	119	11	112	12	100	13	108	14	109	15	101	16	114	17	105	18	116	19	115	20	117	21	108	22	118	23	108	24	107	25	103	26	118	27	104	28	107	29	111	30	101	31	109	32	114	33	109	34	120	35	109	36	109	37	102	38	111	39	118	
	0	102	1	109	2	104	3	106	4	102	5	105	6	118	7	111	8	107	9	100	10	100	11	106	12	116	13	117	14	106	15	110	16	107	17	114	18	106	19	104	20	112	21	119	22	115	23	116	24	119	25	108	26	111	27	103	28	120	29	103	30	108	31	111	32	104	33	108	34	105	35	102	36	119	37	103	38	120	39	120	
	0	113	1	113	2	108	3	107	4	105	5	115	6	100	7	109	8	101	9	105	10	107	11	100	12	113	13	118	14	113	15	113	16	112	17	100	18	106	19	111	20	109	21	112	22	103	23	108	24	106	25	104	26	111	27	113	28	110	29	104	30	107	31	111	32	101	33	111	34	118	35	112	36	119	37	115	38	112	39	112	
	0	117	1	112	2	119	3	120	4	120	5	103	6	104	7	118	8	106	9	112	10	100	11	119	12	108	13	115	14	113	15	120	16	106	17	113	18	103	19	120	20	109	21	100	22	117	23	112	24	115	25	103	26	102	27	114	28	111	29	115	30	114	31	119	32	114	33	113	34	117	35	104	36	119	37	113	38	115	39	103	
	0	104	1	107	2	106	3	107	4	104	5	116	6	110	7	109	8	116	9	106	10	102	11	117	12	111	13	120	14	105	15	110	16	100	17	119	18	119	19	118	20	102	21	113	22	113	23	118	24	100	25	120	26	117	27	100	28	107	29	100	30	109	31	111	32	106	33	116	34	104	35	116	36	103	37	111	38	102	39	100	
	0	106	1	105	2	105	3	101	4	115	5	115	6	100	7	100	8	108	9	108	10	118	11	119	12	116	13	110	14	105	15	114	16	104	17	113	18	105	19	113	20	119	21	108	22	112	23	101	24	101	25	105	26	107	27	116	28	101	29	106	30	113	31	100	32	119	33	112	34	100	35	120	36	120	37	114	38	100	39	114	
	0	106	1	108	2	118	3	110	4	107	5	114	6	116	7	113	8	111	9	110	10	104	11	111	12	109	13	115	14	109	15	106	16	117	17	101	18	106	19	108	20	113	21	119	22	113	23	120	24	100	25	104	26	107	27	100	28	112	29	113	30	112	31	104	32	111	33	102	34	106	35	104	36	112	37	102	38	114	39	112	
	0	117	1	119	2	109	3	117	4	115	5	118	6	112	7	111	8	107	9	110	10	114	11	102	12	113	13	111	14	101	15	118	16	102	17	105	18	120	19	116	20	112	21	110	22	108	23	105	24	102	25	116	26	113	27	107	28	101	29	104	30	103	31	113	32	102	33	118	34	108	35	110	36	113	37	112	38	102	39	116	
	0	116	1	106	2	107	3	110	4	101	5	119	6	101	7	118	8	118	9	110	10	116	11	117	12	115	13	119	14	106	15	114	16	100	17	101	18	117	19	108	20	115	21	105	22	113	23	117	24	103	25	117	26	100	27	105	28	100	29	111	30	101	31	119	32	108	33	116	34	114	35	108	36	106	37	100	38	101	39	117	
	0	116	1	113	2	112	3	118	4	111	5	102	6	113	7	113	8	107	9	111	10	109	11	107	12	101	13	118	14	103	15	116	16	107	17	106	18	112	19	103	20	114	21	107	22	114	23	101	24	108	25	106	26	109	27	110	28	103	29	109	30	109	31	105	32	110	33	107	34	118	35	113	36	102	37	119	38	104	39	120	
	0	101	1	106	2	104	3	117	4	101	5	101	6	108	7	118	8	103	9	114	10	101	11	119	12	108	13	120	14	111	15	114	16	104	17	120	18	103	19	112	20	109	21	113	22	115	23	111	24	101	25	115	26	114	27	106	28	103	29	100	30	107	31	119	32	114	33	108	34	105	35	102	36	108	37	100	38	111	39	117	
	0	112	1	113	2	101	3	120	4	107	5	116	6	105	7	114	8	100	9	120	10	100	11	112	12	108	13	115	14	112	15	103	16	114	17	119	18	117	19	100	20	104	21	102	22	109	23	112	24	100	25	118	26	103	27	102	28	104	29	110	30	111	31	117	32	117	33	100	34	110	35	114	36	119	37	100	38	114	39	118	
	0	102	1	116	2	117	3	115	4	110	5	104	6	106	7	118	8	111	9	105	10	100	11	107	12	105	13	120	14	111	15	102	16	103	17	107	18	110	19	107	20	106	21	110	22	103	23	100	24	111	25	115	26	114	27	110	28	113	29	101	30	111	31	116	32	109	33	112	34	108	35	107	36	106	37	106	38	105	39	105	
	0	115	1	114	2	120	3	107	4	100	5	119	6	115	7	112	8	110	9	106	10	117	11	105	12	119	13	101	14	101	15	119	16	110	17	116	18	117	19	120	20	110	21	115	22	113	23	118	24	118	25	113	26	120	27	107	28	105	29	102	30	117	31	103	32	102	33	116	34	108	35	117	36	109	37	119	38	109	39	110	
	0	119	1	112	2	115	3	110	4	103	5	104	6	102	7	113	8	120	9	101	10	112	11	117	12	115	13	108	14	115	15	110	16	102	17	100	18	113	19	106	20	113	21	102	22	100	23	114	24	105	25	109	26	107	27	104	28	115	29	104	30	115	31	110	32	100	33	109	34	115	35	102	36	105	37	110	38	119	39	112	
	0	101	1	112	2	110	3	105	4	104	5	118	6	110	7	116	8	112	9	102	10	100	11	119	12	111	13	115	14	105	15	118	16	119	17	114	18	115	19	110	20	109	21	117	22	113	23	118	24	115	25	117	26	104	27	111	28	110	29	120	30	120	31	102	32	102	33	101	34	111	35	108	36	113	37	119	38	109	39	101	
	0	119	1	113	2	104	3	100	4	101	5	112	6	107	7	109	8	107	9	101	10	109	11	106	12	113	13	101	14	110	15	117	16	110	17	113	18	108	19	105	20	120	21	119	22	113	23	102	24	117	25	105	26	118	27	109	28	105	29	105	30	101	31	106	32	110	33	105	34	112	35	104	36	111	37	107	38	110	39	119	
	0	116	1	115	2	119	3	111	4	111	5	119	6	112	7	103	8	103	9	118	10	100	11	101	12	119	13	105	14	111	15	119	16	114	17	118	18	107	19	102	20	103	21	113	22	102	23	115	24	111	25	105	26	117	27	101	28	106	29	111	30	114	31	118	32	111	33	120	34	117	35	105	36	117	37	101	38	109	39	118	
	0	116	1	120	2	117	3	101	4	107	5	115	6	113	7	107	8	112	9	114	10	111	11	110	12	110	13	117	14	112	15	115	16	114	17	105	18	114	19	111	20	119	21	116	22	109	23	111	24	106	25	114	26	108	27	112	28	117	29	109	30	101	31	103	32	100	33	117	34	108	35	106	36	100	37	107	38	102	39	100	
	0	105	1	111	2	120	3	111	4	114	5	120	6	109	7	108	8	111	9	107	10	108	11	117	12	105	13	106	14	119	15	111	16	116	17	102	18	120	19	114	20	112	21	120	22	102	23	111	24	117	25	119	26	100	27	101	28	113	29	117	30	108	31	104	32	105	33	109	34	118	35	119	36	105	37	101	38	113	39	112	
	0	105	1	115	2	119	3	109	4	115	5	116	6	117	7	117	8	114	9	118	10	103	11	114	12	109	13	114	14	110	15	103	16	101	17	107	18	113	19	113	20	110	21	116	22	109	23	118	24	105	25	120	26	103	27	107	28	108	29	102	30	111	31	117	32	106	33	104	34	109	35	114	36	116	37	117	38	110	39	108	
	0	101	1	115	2	117	3	105	4	101	5	112	6	112	7	118	8	117	9	118	10	105	11	106	12	106	13	115	14	111	15	105	16	101	17	118	18	117	19	105	20	119	21	107	22	109	23	102	24	113	25	101	26	120	27	107	28	111	29	116	30	106	31	108	32	105	33	104	34	109	35	117	36	103	37	106	38	120	39	113	
	0	116	1	105	2	118	3	115	4	113	5	105	6	115	7	115	8	107	9	118	10	104	11	103	12	118	13	109	14	107	15	117	16	105	17	108	18	103	19	116	20	109	21	111	22	114	23	104	24	103	25	117	26	114	27	106	28	118	29	113	30	103	31	100	32	116	33	118	34	100	35	118	36	103	37	111	38	104	39	106	
	0	106	1	109	2	112	3	106	4	100	5	104	6	102	7	114	8	101	9	105	10	102	11	115	12	115	13	117	14	113	15	111	16	109	17	104	18	113	19	107	20	115	21	113	22	109	23	111	24	105	25	104	26	119	27	111	28	120	29	104	30	111	31	113	32	104	33	102	34	105	35	104	36	102	37	116	38	117	39	116	
	0	105	1	113	2	104	3	115	4	108	5	116	6	100	7	113	8	111	9	101	10	119	11	108	12	117	13	103	14	112	15	114	16	118	17	103	18	103	19	114	20	108	21	117	22	111	23	118	24	104	25	119	26	112	27	108	28	117	29	102	30	118	31	119	32	103	33	120	34	120	35	102	36	120	37	107	38	101	39	118	
	0	116	1	107	2	119	3	111	4	118	5	106	6	116	7	117	8	112	9	103	10	110	11	120	12	115	13	105	14	108	15	113	16	104	17	105	18	118	19	110	20	103	21	118	22	112	23	103	24	100	25	107	26	106	27	103	28	110	29	112	30	105	31	110	32	108	33	114	34	109	35	113	36	103	37	113	38	117	39	102	
	0	106	1	115	2	106	3	107	4	105	5	113	6	110	7	101	8	100	9	116	10	118	11	101	12	104	13	118	14	106	15	113	16	118	17	107	18	118	19	105	20	103	21	103	22	105	23	100	24	100	25	120	26	103	27	105	28	102	29	102	30	113	31	118	32	102	33	111	34	118	35	100	36	118	37	105	38	104	39	101	
	0	100	1	120	2	110	3	100	4	107	5	113	6	116	7	114	8	117	9	106	10	103	11	105	12	105	13	112	14	114	15	120	16	108	17	108	18	115	19	102	20	113	21	107	22	114	23	108	24	105	25	113	26	110	27	119	28	110	29	107	30	109	31	112	32	101	33	106	34	106	35	118	36	114	37	112	38	106	39	119	
	0	117	1	102	2	106	3	116	4	117	5	118	6	108	7	106	8	117	9	117	10	117	11	107	12	101	13	113	14	101	15	101	16	113	17	104	18	113	19	111	20	102	21	120	22	104	23	113	24	106	25	118	26	100	27	117	28	103	29	112	30	107	31	109	32	111	33	112	34	101	35	110	36	120	37	110	38	114	39	112	
	0	110	1	112	2	109	3	110	4	117	5	110	6	116	7	101	8	119	9	106	10	100	11	103	12	106	13	112	14	117	15	106	16	102	17	105	18	100	19	104	20	117	21	119	22	105	23	113	24	105	25	111	26	113	27	112	28	109	29	117	30	116	31	103	32	115	33	112	34	110	35	105	36	117	37	113	38	105	39	102	
	0	110	1	117	2	100	3	100	4	117	5	101	6	100	7	111	8	115	9	112	10	118	11	117	12	115	13	106	14	100	15	114	16	107	17	107	18	100	19	106	20	104	21	115	22	110	23	117	24	118	25	114	26	120	27	108	28	113	29	113	30	112	31	115	32	109	33	100	34	101	35	111	36	104	37	105	38	115	39	110	
	0	118	1	107	2	104	3	103	4	103	5	118	6	116	7	120	8	111	9	101	10	115	11	120	12	110	13	108	14	113	15	120	16	115	17	113	18	120	19	115	20	119	21	101	22	106	23	117	24	101	25	113	26	108	27	116	28	119	29	120	30	110	31	112	32	118	33	113	34	118	35	104	36	104	37	109	38	100	39	120	
	0	108	1	119	2	101	3	101	4	113	5	116	6	117	7	118	8	110	9	108	10	108	11	118	12	119	13	112	14	104	15	112	16	120	17	118	18	116	19	117	20	104	21	104	22	108	23	111	24	111	25	112	26	119	27	113	28	109	29	112	30	118	31	117	32	107	33	119	34	115	35	116	36	110	37	116	38	119	39	115	
	0	104	1	100	2	120	3	119	4	117	5	112	6	112	7	104	8	114	9	114	10	110	11	114	12	105	13	107	14	102	15	110	16	112	17	116	18	115	19	114	20	106	21	115	22	108	23	109	24	106	25	105	26	110	27	102	28	107	29	100	30	119	31	109	32	100	33	111	34	119	35	119	36	113	37	100	38	112	39	114	
	0	108	1	101	2	102	3	107	4	118	5	114	6	120	7	104	8	102	9	106	10	103	11	112	12	117	13	112	14	113	15	117	16	111	17	104	18	120	19	116	20	102	21	120	22	112	23	120	24	113	25	104	26	111	27	109	28	108	29	101	30	101	31	101	32	106	33	105	34	120	35	100	36	114	37	116	38	114	39	120	
	0	108	1	115	2	100	3	113	4	109	5	114	6	111	7	105	8	101	9	106	10	105	11	110	12	120	13	120	14	118	15	100	16	107	17	118	18	103	19	100	20	110	21	110	22	115	23	120	24	115	25	108	26	105	27	109	28	102	29	111	30	107	31	119	32	113	33	119	34	117	35	110	36	116	37	110	38	104	39	113	
	0	111	1	116	2	118	3	113	4	109	5	110	6	112	7	113	8	112	9	114	10	114	11	115	12	105	13	106	14	117	15	112	16	101	17	115	18	117	19	109	20	100	21	111	22	109	23	118	24	105	25	109	26	114	27	109	28	109	29	104	30	113	31	119	32	104	33	114	34	103	35	101	36	101	37	107	38	119	39	105	
	0	109	1	104	2	102	3	105	4	107	5	117	6	102	7	117	8	118	9	100	10	102	11	106	12	113	13	115	14	102	15	106	16	102	17	112	18	105	19	118	20	110	21	100	22	114	23	117	24	113	25	112	26	100	27	107	28	113	29	119	30	114	31	117	32	102	33	104	34	109	35	112	36	110	37	105	38	111	39	118	
	0	109	1	101	2	112	3	105	4	104	5	102	6	113	7	112	8	120	9	114	10	108	11	101	12	110	13	103	14	109	15	115	16	113	17	109	18	103	19	115	20	112	21	114	22	109	23	101	24	102	25	101	26	107	27	103	28	110	29	103	30	108	31	120	32	109	33	102	34	108	35	100	36	115	37	102	38	101	39	114	
	0	106	1	119	2	117	3	100	4	118	5	120	6	117	7	119	8	118	9	113	10	108	11	102	12	105	13	108	14	109	15	101	16	120	17	107	18	117	19	105	20	110	21	109	22	120	23	103	24	113	25	107	26	120	27	104	28	116	29	102	30	111	31	113	32	105	33	114	34	104	35	113	36	101	37	108	38	102	39	100	
	0	110	1	114	2	110	3	107	4	116	5	103	6	115	7	111	8	105	9	109	10	110	11	102	12	100	13	109	14	101	15	119	16	101	17	107	18	116	19	106	20	100	21	104	22	102	23	103	24	112	25	101	26	103	27	102	28	112	29	108	30	104	31	112	32	115	33	110	34	117	35	116	36	111	37	113	38	111	39	104	
	0	104	1	102	2	120	3	104	4	107	5	120	6	102	7	106	8	106	9	102	10	106	11	120	12	106	13	113	14	105	15	109	16	101	17	111	18	115	19	108	20	115	21	111	22	105	23	109	24	103	25	113	26	104	27	105	28	106	29	117	30	114	31	120	32	104	33	105	34	105	35	108	36	120	37	105	38	110	39	100	
	0	103	1	106	2	104	3	117	4	101	5	102	6	105	7	115	8	105	9	118	10	111	11	118	12	112	13	116	14	106	15	103	16	117	17	112	18	102	19	120	20	120	21	105	22	108	23	100	24	100	25	102	26	113	27	101	28	113	29	108	30	117	31	114	32	106	33	120	34	109	35	111	36	101	37	110	38	117	39	105	
	0	112	1	119	2	109	3	104	4	101	5	114	6	108	7	109	8	106	9	117	10	109	11	114	12	113	13	106	14	105	15	119	16	108	17	113	18	117	19	106	20	107	21	114	22	118	23	113	24	100	25	110	26	114	27	104	28	104	29	100	30	102	31	112	32	118	33	116	34	112	35	111	36	116	37	120	38	112	39	115	
	0	104	1	109	2	107	3	107	4	118	5	107	6	106	7	116	8	107	9	111	10	119	11	112	12	112	13	108	14	112	15	102	16	113	17	101	18	117	19	104	20	105	21	101	22	113	23	105	24	108	25	102	26	100	27	113	28	112	29	113	30	101	31	115	32	112	33	105	34	107	35	113	36	101	37	110	38	118	39	108	
	0	105	1	105	2	117	3	106	4	102	5	117	6	112	7	115	8	113	9	109	10	114	11	107	12	105	13	100	14	108	15	117	16	117	17	101	18	115	19	111	20	106	21	117	22	103	23	108	24	113	25	117	26	101	27	113	28	103	29	106	30	111	31	110	32	100	33	120	34	106	35	108	36	115	37	115	38	102	39	116	
	0	102	1	117	2	112	3	116	4	106	5	114	6	116	7	113	8	117	9	102	10	117	11	108	12	115	13	109	14	106	15	103	16	119	17	116	18	114	19	110	20	117	21	116	22	110	23	115	24	119	25	119	26	113	27	104	28	115	29	119	30	115	31	119	32	120	33	112	34	111	35	111	36	117	37	107	38	103	39	113	
	0	109	1	101	2	119	3	111	4	101	5	111	6	112	7	112	8	105	9	110	10	105	11	118	12	107	13	114	14	103	15	110	16	104	17	110	18	110	19	115	20	110	21	118	22	116	23	104	24	117	25	114	26	119	27	105	28	100	29	102	30	113	31	102	32	100	33	118	34	102	35	114	36	106	37	107	38	117	39	113	
	0	105	1	118	2	106	3	102	4	107	5	117	6	113	7	108	8	107	9	118	10	116	11	102	12	115	13	109	14	112	15	103	16	114	17	117	18	120	19	109	20	114	21	100	22	106	23	114	24	100	25	117	26	118	27	100	28	102	29	105	30	104	31	107	32	109	33	102	34	120	35	116	36	103	37	103	38	106	39	105	
	0	114	1	117	2	115	3	116	4	115	5	106	6	120	7	108	8	107	9	100	10	107	11	108	12	100	13	102	14	118	15	114	16	100	17	118	18	110	19	119	20	102	21	119	22	113	23	102	24	102	25	112	26	112	27	108	28	109	29	101	30	109	31	111	32	110	33	120	34	118	35	116	36	117	37	106	38	108	39	119	
	0	120	1	101	2	119	3	110	4	117	5	119	6	108	7	119	8	109	9	114	10	107	11	107	12	113	13	101	14	115	15	110	16	112	17	105	18	102	19	113	20	119	21	113	22	116	23	115	24	116	25	102	26	104	27	101	28	120	29	112	30	117	31	114	32	116	33	120	34	114	35	105	36	120	37	120	38	105	39	102	
	0	101	1	112	2	120	3	109	4	104	5	106	6	118	7	102	8	107	9	102	10	120	11	102	12	103	13	109	14	119	15	118	16	101	17	108	18	102	19	114	20	109	21	120	22	104	23	116	24	104	25	112	26	100	27	120	28	115	29	115	30	107	31	106	32	106	33	109	34	118	35	112	36	108	37	108	38	100	39	120	
	0	105	1	108	2	112	3	120	4	103	5	103	6	107	7	104	8	108	9	112	10	115	11	114	12	103	13	116	14	105	15	111	16	104	17	101	18	114	19	100	20	115	21	118	22	111	23	100	24	114	25	101	26	116	27	120	28	101	29	115	30	114	31	120	32	111	33	102	34	120	35	109	36	108	37	108	38	114	39	107	
	0	100	1	101	2	103	3	117	4	115	5	103	6	108	7	118	8	100	9	102	10	109	11	115	12	113	13	116	14	116	15	100	16	119	17	119	18	108	19	100	20	101	21	110	22	106	23	107	24	114	25	102	26	104	27	118	28	103	29	115	30	114	31	117	32	109	33	102	34	115	35	100	36	105	37	108	38	114	39	120	
	0	102	1	109	2	102	3	120	4	101	5	111	6	107	7	112	8	100	9	108	10	106	11	102	12	104	13	104	14	114	15	106	16	117	17	106	18	106	19	110	20	118	21	101	22	109	23	110	24	120	25	115	26	112	27	114	28	100	29	107	30	109	31	117	32	104	33	119	34	113	35	106	36	103	37	102	38	102	39	118	
	0	117	1	106	2	112	3	111	4	117	5	103	6	119	7	108	8	118	9	110	10	120	11	108	12	118	13	113	14	107	15	105	16	119	17	109	18	114	19	113	20	112	21	107	22	107	23	100	24	119	25	103	26	114	27	116	28	109	29	118	30	120	31	113	32	111	33	107	34	111	35	107	36	112	37	119	38	108	39	101	
	0	104	1	104	2	118	3	116	4	120	5	114	6	116	7	112	8	117	9	114	10	107	11	105	12	117	13	110	14	111	15	107	16	116	17	120	18	110	19	101	20	116	21	104	22	105	23	100	24	109	25	118	26	114	27	102	28	117	29	109	30	118	31	102	32	105	33	115	34	115	35	115	36	118	37	104	38	116	39	108	
	0	108	1	113	2	103	3	102	4	105	5	113	6	117	7	105	8	100	9	119	10	114	11	108	12	108	13	101	14	111	15	116	16	101	17	114	18	111	19	118	20	101	21	117	22	110	23	107	24	113	25	109	26	105	27	111	28	111	29	118	30	109	31	109	32	113	33	114	34	105	35	103	36	111	37	111	38	109	39	109	
	0	117	1	110	2	109	3	119	4	108	5	101	6	114	7	101	8	100	9	115	10	100	11	113	12	113	13	103	14	109	15	116	16	115	17	104	18	108	19	115	20	108	21	105	22	104	23	108	24	105	25	100	26	116	27	102	28	115	29	101	30	103	31	101	32	109	33	112	34	107	35	107	36	105	37	107	38	107	39	111	
	0	119	1	119	2	115	3	102	4	109	5	103	6	119	7	109	8	101	9	106	10	106	11	108	12	113	13	102	14	102	15	110	16	108	17	103	18	119	19	100	20	119	21	101	22	113	23	108	24	117	25	119	26	102	27	108	28	100	29	101	30	109	31	113	32	111	33	111	34	114	35	114	36	110	37	110	38	112	39	116	
	0	112	1	114	2	103	3	108	4	100	5	107	6	114	7	112	8	103	9	119	10	109	11	101	12	118	13	107	14	120	15	107	16	112	17	109	18	108	19	109	20	116	21	101	22	106	23	113	24	118	25	113	26	103	27	114	28	101	29	102	30	111	31	103	32	109	33	111	34	108	35	108	36	108	37	120	38	117	39	118	
	0	109	1	117	2	111	3	103	4	111	5	110	6	116	7	117	8	120	9	105	10	117	11	116	12	100	13	101	14	102	15	110	16	116	17	108	18	100	19	101	20	105	21	116	22	116	23	106	24	120	25	120	26	103	27	113	28	114	29	111	30	109	31	109	32	117	33	117	34	114	35	102	36	110	37	101	38	102	39	102	
	0	114	1	116	2	119	3	102	4	118	5	114	6	107	7	118	8	117	9	103	10	115	11	100	12	108	13	120	14	104	15	104	16	103	17	111	18	120	19	100	20	101	21	120	22	103	23	108	24	106	25	108	26	110	27	109	28	114	29	102	30	101	31	116	32	105	33	112	34	102	35	119	36	113	37	118	38	110	39	112	
	0	120	1	107	2	100	3	107	4	110	5	114	6	120	7	120	8	103	9	100	10	118	11	113	12	118	13	114	14	105	15	110	16	102	17	116	18	113	19	118	20	111	21	112	22	109	23	105	24	101	25	114	26	111	27	111	28	117	29	101	30	115	31	114	32	112	33	102	34	118	35	101	36	104	37	116	38	104	39	120	
	0	116	1	104	2	107	3	100	4	106	5	110	6	111	7	116	8	119	9	101	10	101	11	109	12	119	13	114	14	111	15	114	16	117	17	116	18	116	19	101	20	102	21	116	22	100	23	112	24	102	25	111	26	111	27	120	28	103	29	112	30	104	31	120	32	105	33	118	34	114	35	103	36	115	37	120	38	120	39	112	
	0	107	1	101	2	116	3	117	4	112	5	102	6	112	7	104	8	108	9	103	10	104	11	111	12	115	13	115	14	111	15	116	16	101	17	113	18	117	19	109	20	119	21	114	22	103	23	120	24	109	25	105	26	107	27	108	28	113	29	119	30	108	31	105	32	104	33	117	34	103	35	111	36	104	37	106	38	107	39	118	
	0	120	1	102	2	103	3	110	4	107	5	101	6	112	7	105	8	108	9	114	10	100	11	111	12	114	13	109	14	119	15	107	16	101	17	111	18	111	19	112	20	120	21	100	22	102	23	100	24	115	25	115	26	101	27	110	28	100	29	111	30	117	31	101	32	113	33	114	34	120	35	114	36	116	37	117	38	113	39	120	
	0	113	1	104	2	111	3	114	4	120	5	100	6	104	7	100	8	110	9	120	10	106	11	108	12	116	13	101	14	111	15	107	16	120	17	112	18	101	19	104	20	103	21	119	22	100	23	114	24	100	25	116	26	120	27	114	28	103	29	120	30	116	31	119	32	109	33	102	34	101	35	106	36	107	37	110	38	112	39	100	
	0	117	1	104	2	104	3	104	4	103	5	107	6	104	7	115	8	111	9	117	10	114	11	115	12	116	13	118	14	118	15	105	16	114	17	104	18	100	19	104	20	105	21	116	22	117	23	115	24	102	25	102	26	113	27	101	28	109	29	120	30	108	31	105	32	115	33	105	34	117	35	109	36	102	37	110	38	102	39	119	
	0	101	1	104	2	100	3	100	4	109	5	110	6	112	7	112	8	104	9	106	10	119	11	113	12	111	13	120	14	103	15	113	16	108	17	119	18	100	19	116	20	104	21	111	22	111	23	116	24	105	25	114	26	105	27	103	28	113	29	109	30	113	31	100	32	104	33	103	34	112	35	108	36	120	37	115	38	100	39	103	
	0	107	1	115	2	114	3	114	4	113	5	113	6	108	7	100	8	118	9	100	10	103	11	118	12	108	13	116	14	111	15	109	16	112	17	102	18	105	19	120	20	106	21	103	22	107	23	105	24	117	25	105	26	106	27	114	28	112	29	103	30	117	31	116	32	103	33	111	34	112	35	103	36	117	37	102	38	105	39	105	
	0	107	1	117	2	109	3	104	4	108	5	118	6	101	7	115	8	108	9	100	10	103	11	105	12	114	13	111	14	110	15	105	16	105	17	114	18	113	19	112	20	120	21	108	22	119	23	101	24	116	25	111	26	100	27	103	28	114	29	107	30	100	31	105	32	110	33	103	34	110	35	109	36	118	37	100	38	105	39	111	
	0	110	1	109	2	119	3	110	4	113	5	109	6	106	7	105	8	107	9	116	10	109	11	111	12	107	13	109	14	119	15	116	16	119	17	117	18	107	19	110	20	120	21	107	22	109	23	114	24	113	25	116	26	118	27	118	28	107	29	119	30	104	31	112	32	103	33	118	34	114	35	108	36	110	37	105	38	101	39	115	
	0	116	1	112	2	105	3	103	4	107	5	104	6	118	7	110	8	105	9	115	10	100	11	100	12	114	13	112	14	114	15	101	16	106	17	104	18	108	19	110	20	114	21	107	22	111	23	116	24	102	25	106	26	114	27	108	28	115	29	117	30	108	31	118	32	119	33	109	34	107	35	103	36	109	37	117	38	116	39	104	
	0	107	1	102	2	104	3	104	4	116	5	115	6	112	7	119	8	111	9	113	10	110	11	120	12	109	13	108	14	112	15	104	16	120	17	120	18	109	19	103	20	108	21	108	22	102	23	109	24	110	25	110	26	101	27	115	28	107	29	120	30	104	31	111	32	101	33	105	34	110	35	115	36	105	37	110	38	120	39	100	
	0	101	1	118	2	103	3	111	4	119	5	106	6	117	7	100	8	110	9	107	10	113	11	106	12	118	13	104	14	114	15	104	16	118	17	107	18	116	19	120	20	100	21	109	22	119	23	117	24	108	25	110	26	104	27	114	28	119	29	110	30	120	31	109	32	112	33	102	34	109	35	119	36	117	37	106	38	108	39	116	
	0	105	1	113	2	115	3	100	4	117	5	103	6	107	7	117	8	105	9	113	10	118	11	110	12	101	13	108	14	114	15	115	16	100	17	107	18	113	19	117	20	105	21	108	22	100	23	101	24	108	25	101	26	107	27	119	28	117	29	105	30	109	31	113	32	114	33	104	34	116	35	107	36	112	37	119	38	120	39	103	
	0	114	1	116	2	107	3	120	4	105	5	118	6	112	7	115	8	115	9	106	10	100	11	114	12	104	13	113	14	118	15	118	16	114	17	112	18	107	19	115	20	101	21	100	22	110	23	116	24	119	25	100	26	119	27	112	28	111	29	104	30	113	31	115	32	103	33	114	34	114	35	108	36	107	37	102	38	105	39	100	
	0	113	1	119	2	107	3	104	4	110	5	102	6	105	7	106	8	104	9	108	10	117	11	101	12	113	13	104	14	115	15	119	16	109	17	100	18	109	19	113	20	114	21	117	22	116	23	101	24	119	25	107	26	111	27	107	28	105	29	119	30	112	31	111	32	106	33	105	34	100	35	100	36	119	37	120	38	112	39	103	
	0	102	1	117	2	118	3	113	4	111	5	111	6	116	7	117	8	120	9	118	10	110	11	109	12	105	13	106	14	103	15	117	16	105	17	110	18	118	19	111	20	103	21	105	22	118	23	112	24	104	25	100	26	120	27	100	28	108	29	102	30	119	31	108	32	107	33	106	34	108	35	120	36	115	37	117	38	115	39	109	
	0	108	1	106	2	101	3	119	4	100	5	105	6	111	7	103	8	114	9	113	10	113	11	101	12	108	13	103	14	113	15	116	16	112	17	101	18	108	19	114	20	119	21	110	22	100	23	100	24	114	25	107	26	110	27	118	28	104	29	108	30	106	31	107	32	100	33	117	34	109	35	117	36	110	37	108	38	110	39	115	
	0	101	1	112	2	114	3	112	4	120	5	115	6	111	7	105	8	120	9	117	10	105	11	115	12	105	13	116	14	118	15	120	16	106	17	100	18	117	19	106	20	119	21	120	22	100	23	110	24	105	25	113	26	101	27	119	28	101	29	103	30	113	31	117	32	117	33	106	34	102	35	108	36	112	37	103	38	118	39	120	
	0	112	1	106	2	107	3	110	4	114	5	112	6	117	7	110	8	110	9	101	10	101	11	111	12	109	13	120	14	117	15	108	16	115	17	100	18	106	19	107	20	117	21	118	22	112	23	115	24	119	25	118	26	111	27	120	28	107	29	102	30	109	31	116	32	119	33	109	34	119	35	107	36	107	37	113	38	109	39	103	
	0	116	1	101	2	107	3	111	4	112	5	100	6	114	7	104	8	118	9	110	10	113	11	112	12	104	13	100	14	111	15	117	16	106	17	120	18	106	19	118	20	114	21	109	22	107	23	118	24	107	25	117	26	103	27	100	28	120	29	120	30	112	31	103	32	117	33	103	34	120	35	120	36	105	37	111	38	104	39	100	
	0	103	1	100	2	103	3	114	4	111	5	105	6	112	7	114	8	103	9	106	10	100	11	114	12	114	13	118	14	112	15	114	16	103	17	111	18	104	19	108	20	102	21	104	22	118	23	110	24	110	25	102	26	100	27	108	28	116	29	103	30	112	31	108	32	104	33	118	34	105	35	117	36	106	37	102	38	113	39	100	
	0	112	1	119	2	114	3	108	4	111	5	102	6	116	7	111	8	109	9	102	10	109	11	102	12	110	13	116	14	101	15	116	16	100	17	108	18	112	19	106	20	108	21	110	22	104	23	105	24	102	25	104	26	114	27	104	28	110	29	117	30	105	31	100	32	105	33	109	34	114	35	103	36	109	37	102	38	117	39	107	
	0	117	1	111	2	102	3	100	4	119	5	115	6	120	7	108	8	101	9	107	10	102	11	104	12	117	13	117	14	118	15	104	16	114	17	117	18	118	19	115	20	106	21	109	22	116	23	115	24	107	25	100	26	115	27	112	28	110	29	116	30	120	31	105	32	101	33	104	34	104	35	100	36	107	37	103	38	106	39	108	
	0	120	1	119	2	102	3	114	4	115	5	118	6	113	7	101	8	104	9	106	10	100	11	114	12	103	13	113	14	107	15	100	16	112	17	107	18	100	19	102	20	114	21	109	22	118	23	115	24	102	25	106	26	116	27	117	28	101	29	113	30	111	31	118	32	116	33	119	34	106	35	117	36	118	37	105	38	106	39	120	
	0	101	1	108	2	105	3	104	4	111	5	117	6	101	7	107	8	117	9	102	10	109	11	111	12	102	13	102	14	101	15	114	16	106	17	105	18	103	19	108	20	104	21	109	22	106	23	103	24	118	25	110	26	104	27	107	28	114	29	110	30	106	31	109	32	100	33	107	34	100	35	102	36	116	37	106	38	109	39	103	
	0	107	1	115	2	114	3	110	4	116	5	108	6	102	7	117	8	109	9	115	10	103	11	107	12	115	13	109	14	120	15	105	16	114	17	113	18	100	19	101	20	100	21	108	22	106	23	108	24	118	25	103	26	110	27	108	28	104	29	117	30	111	31	116	32	117	33	120	34	109	35	108	36	109	37	109	38	104	39	118	
	0	120	1	116	2	116	3	105	4	117	5	118	6	100	7	107	8	106	9	117	10	105	11	112	12	109	13	104	14	113	15	104	16	111	17	105	18	105	19	107	20	112	21	112	22	117	23	113	24	118	25	103	26	120	27	103	28	116	29	101	30	113	31	118	32	113	33	101	34	120	35	118	36	119	37	108	38	113	39	117	
	0	116	1	102	2	119	3	102	4	117	5	115	6	113	7	101	8	100	9	107	10	108	11	116	12	107	13	119	14	103	15	106	16	114	17	103	18	105	19	103	20	101	21	102	22	110	23	106	24	116	25	115	26	104	27	101	28	108	29	117	30	108	31	118	32	114	33	102	34	102	35	115	36	120	37	111	38	111	39	116	
	0	119	1	116	2	120	3	113	4	106	5	116	6	111	7	118	8	102	9	111	10	109	11	109	12	119	13	103	14	105	15	107	16	106	17	103	18	112	19	112	20	106	21	118	22	119	23	108	24	119	25	116	26	106	27	108	28	113	29	104	30	107	31	106	32	106	33	117	34	106	35	102	36	109	37	113	38	106	39	113	
	0	104	1	110	2	107	3	116	4	112	5	110	6	115	7	120	8	102	9	111	10	100	11	105	12	118	13	107	14	114	15	100	16	118	17	119	18	103	19	101	20	105	21	106	22	101	23	112	24	100	25	109	26	119	27	108	28	100	29	107	30	119	31	115	32	116	33	108	34	101	35	112	36	101	37	103	38	120	39	118	
	0	102	1	120	2	120	3	106	4	110	5	112	6	116	7	100	8	109	9	103	10	118	11	108	12	101	13	104	14	107	15	108	16	113	17	109	18	113	19	113	20	117	21	109	22	116	23	100	24	102	25	112	26	113	27	116	28	112	29	103	30	109	31	113	32	104	33	108	34	113	35	102	36	103	37	110	38	109	39	106	
	0	111	1	117	2	100	3	100	4	106	5	108	6	120	7	108	8	106	9	114	10	120	11	100	12	113	13	105	14	112	15	115	16	114	17	120	18	105	19	112	20	108	21	101	22	118	23	119	24	117	25	114	26	114	27	106	28	109	29	118	30	112	31	114	32	120	33	109	34	103	35	105	36	105	37	105	38	112	39	120	
	0	111	1	110	2	111	3	105	4	113	5	119	6	104	7	120	8	105	9	113	10	110	11	112	12	105	13	107	14	112	15	106	16	102	17	120	18	103	19	114	20	120	21	118	22	109	23	108	24	108	25	102	26	118	27	120	28	104	29	119	30	118	31	113	32	115	33	113	34	107	35	114	36	107	37	110	38	107	39	105	
	0	100	1	115	2	112	3	106	4	100	5	112	6	117	7	115	8	110	9	104	10	111	11	112	12	103	13	105	14	110	15	119	16	113	17	116	18	114	19	111	20	109	21	117	22	107	23	104	24	120	25	107	26	107	27	113	28	106	29	113	30	100	31	118	32	118	33	105	34	119	35	108	36	111	37	103	38	106	39	102	
	0	109	1	117	2	103	3	112	4	118	5	101	6	110	7	103	8	119	9	118	10	112	11	109	12	100	13	114	14	108	15	110	16	117	17	101	18	107	19	111	20	107	21	112	22	113	23	119	24	112	25	116	26	119	27	109	28	120	29	120	30	112	31	117	32	106	33	108	34	112	35	107	36	120	37	112	38	113	39	114	
	0	110	1	106	2	103	3	105	4	104	5	106	6	113	7	104	8	113	9	107	10	108	11	102	12	108	13	106	14	106	15	108	16	113	17	109	18	119	19	120	20	100	21	117	22	104	23	115	24	113	25	109	26	115	27	119	28	103	29	118	30	109	31	106	32	108	33	108	34	115	35	120	36	111	37	115	38	103	39	104	
	0	117	1	110	2	102	3	117	4	107	5	100	6	117	7	102	8	108	9	103	10	110	11	118	12	107	13	106	14	113	15	106	16	114	17	109	18	106	19	102	20	114	21	106	22	112	23	113	24	109	25	100	26	105	27	104	28	119	29	101	30	112	31	111	32	100	33	109	34	117	35	120	36	119	37	102	38	106	39	119	
	0	103	1	110	2	117	3	113	4	100	5	110	6	114	7	110	8	117	9	119	10	119	11	113	12	112	13	119	14	113	15	116	16	115	17	104	18	119	19	104	20	113	21	120	22	103	23	111	24	110	25	104	26	108	27	109	28	103	29	106	30	101	31	118	32	111	33	110	34	111	35	119	36	112	37	119	38	105	39	102	
	0	116	1	107	2	120	3	112	4	113	5	111	6	116	7	102	8	108	9	118	10	109	11	101	12	118	13	120	14	112	15	107	16	119	17	114	18	103	19	119	20	110	21	103	22	102	23	116	24	111	25	112	26	100	27	118	28	114	29	107	30	100	31	119	32	114	33	118	34	114	35	100	36	101	37	120	38	113	39	119	
	0	113	1	116	2	104	3	117	4	120	5	119	6	104	7	116	8	101	9	117	10	103	11	119	12	105	13	117	14	104	15	105	16	115	17	113	18	112	19	112	20	112	21	101	22	108	23	107	24	114	25	120	26	105	27	115	28	117	29	101	30	115	31	111	32	112	33	119	34	119	35	120	36	109	37	106	38	112	39	102	
	0	105	1	110	2	113	3	102	4	108	5	103	6	117	7	108	8	110	9	108	10	116	11	120	12	112	13	100	14	105	15	108	16	118	17	112	18	107	19	117	20	108	21	113	22	115	23	106	24	100	25	107	26	104	27	112	28	102	29	102	30	108	31	101	32	120	33	113	34	100	35	107	36	109	37	105	38	106	39	117	
	0	112	1	111	2	104	3	114	4	117	5	106	6	114	7	118	8	106	9	109	10	107	11	103	12	107	13	115	14	112	15	110	16	111	17	102	18	107	19	110	20	107	21	100	22	108	23	105	24	105	25	111	26	104	27	112	28	118	29	102	30	120	31	109	32	119	33	104	34	116	35	107	36	116	37	104	38	105	39	119	
	0	104	1	116	2	107	3	114	4	117	5	109	6	116	7	113	8	112	9	104	10	101	11	105	12	110	13	100	14	107	15	118	16	119	17	109	18	115	19	101	20	104	21	114	22	115	23	116	24	116	25	111	26	108	27	117	28	111	29	100	30	120	31	110	32	103	33	115	34	111	35	112	36	113	37	120	38	106	39	115	
	0	117	1	114	2	110	3	101	4	100	5	120	6	105	7	107	8	105	9	108	10	120	11	112	12	109	13	106	14	108	15	102	16	107	17	105	18	109	19	116	20	101	21	119	22	118	23	119	24	111	25	104	26	108	27	113	28	119	29	103	30	112	31	115	32	103	33	110	34	111	35	120	36	101	37	105	38	114	39	101	
	0	108	1	111	2	118	3	111	4	113	5	109	6	118	7	111	8	113	9	105	10	112	11	111	12	112	13	100	14	118	15	101	16	100	17	115	18	112	19	114	20	112	21	102	22	107	23	112	24	102	25	109	26	112	27	116	28	107	29	109	30	120	31	116	32	119	33	108	34	112	35	110	36	102	37	113	38	114	39	110	
	0	118	1	108	2	111	3	108	4	108	5	116	6	112	7	100	8	103	9	108	10	105	11	120	12	106	13	119	14	115	15	107	16	120	17	116	18	111	19	111	20	120	21	112	22	115	23	118	24	118	25	111	26	103	27	110	28	112	29	113	30	105	31	107	32	101	33	107	34	119	35	103	36	102	37	112	38	109	39	111	
	0	120	1	114	2	103	3	110	4	106	5	106	6	113	7	101	8	112	9	117	10	115	11	111	12	114	13	107	14	100	15	111	16	109	17	118	18	106	19	117	20	102	21	110	22	110	23	109	24	101	25	107	26	120	27	117	28	118	29	116	30	100	31	111	32	100	33	116	34	102	35	120	36	119	37	116	38	118	39	104	
	0	111	1	116	2	106	3	108	4	115	5	105	6	100	7	105	8	105	9	111	10	103	11	108	12	114	13	105	14	113	15	107	16	101	17	116	18	103	19	117	20	106	21	117	22	114	23	105	24	107	25	108	26	103	27	115	28	120	29	105	30	105	31	117	32	101	33	118	34	120	35	110	36	107	37	113	38	105	39	104	
	0	109	1	115	2	109	3	111	4	119	5	118	6	114	7	117	8	105	9	120	10	102	11	108	12	104	13	104	14	107	15	106	16	110	17	118	18	106	19	118	20	109	21	100	22	120	23	118	24	106	25	114	26	112	27	114	28	113	29	116	30	115	31	111	32	111	33	100	34	115	35	110	36	112	37	114	38	120	39	105	
	0	100	1	116	2	105	3	103	4	114	5	102	6	106	7	115	8	112	9	116	10	102	11	119	12	120	13	100	14	113	15	112	16	102	17	105	18	101	19	112	20	102	21	103	22	100	23	116	24	110	25	102	26	109	27	104	28	108	29	107	30	115	31	103	32	108	33	102	34	120	35	101	36	120	37	110	38	109	39	111	
	0	116	1	107	2	118	3	114	4	105	5	114	6	117	7	108	8	117	9	120	10	114	11	114	12	117	13	106	14	114	15	102	16	112	17	113	18	114	19	100	20	113	21	117	22	120	23	103	24	118	25	105	26	114	27	100	28	110	29	109	30	120	31	105	32	116	33	106	34	117	35	107	36	115	37	100	38	100	39	101	
	0	107	1	106	2	120	3	119	4	108	5	119	6	103	7	112	8	110	9	101	10	112	11	116	12	111	13	107	14	114	15	104	16	103	17	106	18	103	19	101	20	118	21	112	22	119	23	110	24	104	25	116	26	110	27	101	28	118	29	114	30	106	31	113	32	116	33	100	34	110	35	119	36	100	37	117	38	106	39	101	
	0	115	1	105	2	101	3	101	4	109	5	113	6	120	7	107	8	114	9	115	10	110	11	105	12	114	13	105	14	113	15	120	16	109	17	112	18	109	19	106	20	117	21	117	22	120	23	106	24	105	25	117	26	112	27	119	28	101	29	113	30	103	31	116	32	115	33	107	34	114	35	115	36	113	37	116	38	112	39	110	
	0	118	1	117	2	106	3	104	4	119	5	117	6	111	7	118	8	102	9	110	10	120	11	113	12	116	13	117	14	107	15	102	16	109	17	109	18	115	19	103	20	106	21	100	22	114	23	105	24	110	25	106	26	118	27	111	28	113	29	104	30	105	31	101	32	110	33	118	34	116	35	104	36	120	37	113	38	101	39	111	
	0	109	1	116	2	100	3	119	4	115	5	113	6	105	7	119	8	119	9	113	10	110	11	107	12	103	13	104	14	105	15	116	16	101	17	103	18	116	19	101	20	107	21	111	22	117	23	116	24	100	25	113	26	110	27	117	28	118	29	119	30	107	31	104	32	118	33	113	34	117	35	114	36	105	37	113	38	118	39	111	
	0	105	1	103	2	118	3	101	4	113	5	107	6	112	7	100	8	106	9	119	10	113	11	113	12	101	13	119	14	100	15	101	16	101	17	117	18	109	19	111	20	115	21	100	22	109	23	116	24	108	25	102	26	119	27	110	28	119	29	118	30	118	31	118	32	112	33	119	34	116	35	104	36	116	37	116	38	102	39	107	
	0	116	1	117	2	104	3	118	4	111	5	108	6	108	7	113	8	111	9	104	10	115	11	109	12	104	13	110	14	111	15	120	16	115	17	106	18	102	19	100	20	116	21	102	22	100	23	104	24	100	25	115	26	107	27	109	28	115	29	114	30	117	31	111	32	110	33	117	34	112	35	108	36	118	37	106	38	119	39	118	
	0	115	1	109	2	102	3	106	4	118	5	109	6	112	7	116	8	117	9	107	10	104	11	103	12	113	13	110	14	120	15	102	16	108	17	119	18	104	19	103	20	111	21	107	22	101	23	109	24	100	25	105	26	104	27	117	28	102	29	116	30	113	31	120	32	109	33	104	34	101	35	103	36	115	37	114	38	108	39	110	
	0	103	1	118	2	116	3	113	4	116	5	103	6	113	7	109	8	112	9	115	10	112	11	109	12	105	13	110	14	118	15	104	16	118	17	108	18	113	19	111	20	111	21	117	22	117	23	105	24	105	25	105	26	104	27	118	28	103	29	108	30	110	31	115	32	107	33	113	34	101	35	108	36	104	37	111	38	105	39	108	
	0	120	1	104	2	103	3	112	4	111	5	103	6	115	7	100	8	112	9	105	10	112	11	110	12	111	13	107	14	105	15	112	16	114	17	100	18	111	19	106	20	107	21	102	22	109	23	118	24	103	25	107	26	115	27	101	28	118	29	100	30	119	31	104	32	100	33	117	34	102	35	106	36	118	37	101	38	109	39	118	
	0	104	1	110	2	115	3	109	4	116	5	109	6	100	7	100	8	112	9	101	10	104	11	108	12	104	13	114	14	109	15	102	16	120	17	104	18	103	19	119	20	108	21	103	22	113	23	112	24	104	25	115	26	100	27	119	28	102	29	119	30	111	31	113	32	108	33	107	34	116	35	116	36	106	37	113	38	120	39	117	
	0	108	1	117	2	115	3	105	4	104	5	114	6	115	7	110	8	101	9	106	10	102	11	101	12	113	13	106	14	111	15	120	16	100	17	103	18	116	19	106	20	112	21	117	22	118	23	120	24	103	25	114	26	108	27	103	28	104	29	114	30	117	31	118	32	109	33	104	34	112	35	105	36	105	37	116	38	101	39	108	
	0	107	1	120	2	104	3	113	4	107	5	118	6	106	7	117	8	120	9	110	10	103	11	103	12	120	13	120	14	116	15	120	16	107	17	110	18	108	19	115	20	120	21	102	22	100	23	115	24	107	25	100	26	115	27	102	28	116	29	116	30	118	31	115	32	118	33	110	34	106	35	120	36	105	37	100	38	109	39	117	
	0	114	1	114	2	111	3	119	4	113	5	112	6	117	7	104	8	104	9	114	10	103	11	119	12	110	13	103	14	105	15	104	16	112	17	116	18	105	19	111	20	103	21	111	22	109	23	111	24	119	25	101	26	120	27	118	28	100	29	113	30	107	31	112	32	112	33	102	34	110	35	114	36	117	37	104	38	106	39	118	
	0	105	1	120	2	101	3	106	4	118	5	113	6	110	7	102	8	115	9	103	10	116	11	117	12	104	13	101	14	109	15	118	16	111	17	101	18	103	19	102	20	106	21	113	22	118	23	103	24	110	25	106	26	116	27	118	28	102	29	120	30	103	31	104	32	113	33	120	34	120	35	100	36	110	37	100	38	102	39	118	
	0	120	1	118	2	101	3	102	4	120	5	100	6	104	7	120	8	104	9	113	10	106	11	109	12	117	13	104	14	115	15	100	16	111	17	104	18	120	19	119	20	110	21	100	22	107	23	114	24	111	25	110	26	103	27	114	28	119	29	119	30	104	31	115	32	115	33	109	34	118	35	113	36	117	37	118	38	119	39	116	
	0	101	1	108	2	106	3	109	4	106	5	116	6	114	7	119	8	101	9	105	10	112	11	100	12	108	13	102	14	114	15	101	16	113	17	105	18	104	19	105	20	105	21	113	22	100	23	118	24	104	25	111	26	106	27	106	28	100	29	105	30	114	31	118	32	103	33	115	34	116	35	110	36	106	37	104	38	109	39	118	
	0	105	1	120	2	111	3	103	4	110	5	115	6	120	7	120	8	112	9	117	10	116	11	113	12	111	13	105	14	110	15	117	16	114	17	120	18	104	19	117	20	119	21	104	22	105	23	106	24	102	25	117	26	115	27	102	28	119	29	100	30	103	31	101	32	105	33	108	34	102	35	106	36	116	37	104	38	111	39	120	
	0	108	1	113	2	120	3	100	4	102	5	115	6	108	7	106	8	115	9	118	10	120	11	102	12	118	13	100	14	112	15	119	16	100	17	109	18	118	19	101	20	115	21	106	22	115	23	120	24	119	25	101	26	118	27	106	28	113	29	120	30	112	31	109	32	111	33	114	34	109	35	107	36	107	37	117	38	119	39	115	
	0	102	1	112	2	116	3	104	4	110	5	112	6	110	7	111	8	101	9	118	10	116	11	109	12	115	13	102	14	113	15	119	16	119	17	103	18	113	19	102	20	108	21	106	22	106	23	117	24	118	25	106	26	103	27	109	28	119	29	120	30	106	31	106	32	104	33	108	34	106	35	115	36	113	37	101	38	103	39	103	
	0	104	1	101	2	113	3	107	4	119	5	104	6	112	7	120	8	110	9	104	10	105	11	118	12	117	13	106	14	102	15	115	16	120	17	116	18	112	19	105	20	103	21	109	22	120	23	114	24	101	25	113	26	104	27	118	28	101	29	105	30	108	31	102	32	113	33	100	34	113	35	105	36	101	37	101	38	107	39	117	
	0	103	1	105	2	100	3	115	4	112	5	110	6	116	7	116	8	110	9	105	10	117	11	115	12	113	13	115	14	119	15	101	16	115	17	102	18	107	19	115	20	107	21	102	22	101	23	109	24	112	25	113	26	118	27	115	28	120	29	108	30	111	31	101	32	109	33	117	34	113	35	100	36	118	37	120	38	106	39	102	
	0	101	1	115	2	116	3	119	4	112	5	101	6	117	7	116	8	111	9	117	10	116	11	115	12	114	13	115	14	113	15	120	16	116	17	109	18	118	19	112	20	112	21	111	22	103	23	119	24	111	25	117	26	120	27	116	28	117	29	103	30	104	31	102	32	100	33	100	34	100	35	103	36	105	37	120	38	113	39	114	
	0	107	1	112	2	108	3	111	4	100	5	112	6	120	7	113	8	116	9	105	10	118	11	102	12	110	13	114	14	120	15	110	16	108	17	115	18	101	19	106	20	100	21	120	22	101	23	114	24	120	25	104	26	101	27	108	28	104	29	104	30	103	31	119	32	101	33	110	34	106	35	107	36	100	37	114	38	113	39	111	
	0	112	1	107	2	104	3	108	4	119	5	102	6	111	7	112	8	102	9	112	10	101	11	101	12	100	13	118	14	110	15	105	16	112	17	100	18	109	19	108	20	118	21	105	22	108	23	106	24	118	25	106	26	112	27	101	28	106	29	103	30	104	31	112	32	113	33	105	34	102	35	103	36	111	37	114	38	114	39	104	
	0	105	1	105	2	100	3	108	4	115	5	100	6	114	7	120	8	112	9	108	10	107	11	115	12	119	13	117	14	120	15	110	16	113	17	100	18	114	19	102	20	120	21	109	22	120	23	117	24	115	25	109	26	103	27	107	28	117	29	102	30	118	31	113	32	103	33	102	34	100	35	115	36	107	37	113	38	116	39	119	
	0	107	1	102	2	114	3	117	4	113	5	120	6	101	7	115	8	111	9	107	10	115	11	112	12	120	13	117	14	119	15	101	16	113	17	118	18	111	19	113	20	105	21	119	22	111	23	119	24	119	25	119	26	112	27	103	28	116	29	120	30	110	31	117	32	118	33	118	34	108	35	104	36	105	37	106	38	118	39	110	
	0	109	1	100	2	110	3	112	4	111	5	100	6	117	7	113	8	117	9	101	10	116	11	102	12	120	13	118	14	103	15	102	16	118	17	105	18	112	19	116	20	116	21	102	22	103	23	109	24	112	25	119	26	111	27	104	28	103	29	116	30	101	31	100	32	109	33	100	34	118	35	112	36	105	37	118	38	114	39	112	
	0	108	1	100	2	104	3	105	4	106	5	105	6	101	7	101	8	120	9	104	10	105	11	113	12	103	13	100	14	109	15	102	16	116	17	100	18	105	19	117	20	117	21	118	22	118	23	103	24	110	25	105	26	103	27	106	28	109	29	115	30	111	31	117	32	101	33	107	34	120	35	109	36	114	37	119	38	114	39	101	
	0	100	1	102	2	116	3	118	4	119	5	107	6	105	7	116	8	107	9	112	10	113	11	117	12	105	13	101	14	120	15	107	16	111	17	116	18	113	19	114	20	117	21	106	22	115	23	118	24	112	25	107	26	112	27	115	28	108	29	109	30	113	31	106	32	120	33	114	34	114	35	115	36	114	37	113	38	105	39	101	
	0	115	1	108	2	115	3	120	4	106	5	104	6	111	7	115	8	100	9	105	10	119	11	105	12	107	13	116	14	108	15	110	16	110	17	110	18	117	19	107	20	120	21	113	22	114	23	114	24	100	25	119	26	116	27	110	28	109	29	108	30	106	31	102	32	109	33	116	34	100	35	114	36	104	37	118	38	109	39	108	
	0	116	1	115	2	111	3	112	4	118	5	100	6	117	7	100	8	104	9	117	10	116	11	118	12	108	13	103	14	109	15	104	16	116	17	116	18	106	19	101	20	106	21	107	22	104	23	111	24	100	25	108	26	107	27	114	28	111	29	114	30	109	31	115	32	120	33	113	34	112	35	111	36	118	37	105	38	112	39	108	
	0	116	1	108	2	106	3	107	4	109	5	119	6	113	7	102	8	107	9	110	10	109	11	115	12	118	13	104	14	111	15	116	16	103	17	114	18	114	19	102	20	114	21	112	22	117	23	119	24	119	25	115	26	101	27	120	28	115	29	111	30	119	31	106	32	101	33	115	34	119	35	114	36	107	37	107	38	117	39	119	
	0	111	1	107	2	117	3	111	4	109	5	103	6	114	7	103	8	116	9	104	10	113	11	103	12	110	13	109	14	110	15	119	16	119	17	112	18	100	19	102	20	101	21	117	22	101	23	120	24	103	25	120	26	117	27	107	28	117	29	100	30	111	31	108	32	106	33	102	34	114	35	115	36	101	37	111	38	117	39	116	
	0	103	1	116	2	104	3	105	4	102	5	115	6	107	7	114	8	111	9	102	10	100	11	102	12	111	13	109	14	114	15	115	16	112	17	109	18	101	19	109	20	107	21	102	22	116	23	101	24	115	25	101	26	108	27	112	28	114	29	104	30	105	31	104	32	111	33	104	34	117	35	118	36	105	37	109	38	118	39	106	
	0	103	1	120	2	119	3	107	4	112	5	103	6	109	7	112	8	118	9	113	10	108	11	106	12	103	13	109	14	116	15	107	16	105	17	111	18	109	19	116	20	120	21	108	22	106	23	102	24	110	25	103	26	120	27	116	28	105	29	120	30	118	31	119	32	105	33	110	34	103	35	104	36	110	37	119	38	115	39	117	
	0	113	1	107	2	102	3	117	4	109	5	105	6	107	7	117	8	116	9	114	10	100	11	104	12	112	13	104	14	102	15	106	16	107	17	100	18	115	19	117	20	101	21	108	22	112	23	115	24	111	25	105	26	120	27	114	28	100	29	103	30	111	31	117	32	109	33	115	34	108	35	111	36	116	37	103	38	105	39	109	
	0	117	1	110	2	120	3	113	4	107	5	119	6	114	7	115	8	108	9	100	10	101	11	105	12	117	13	113	14	120	15	112	16	101	17	111	18	120	19	112	20	115	21	105	22	103	23	104	24	104	25	110	26	102	27	115	28	118	29	100	30	120	31	113	32	120	33	107	34	112	35	108	36	114	37	100	38	113	39	111	
	0	105	1	120	2	119	3	120	4	105	5	102	6	109	7	101	8	118	9	107	10	119	11	100	12	101	13	108	14	120	15	114	16	103	17	113	18	103	19	100	20	117	21	107	22	120	23	114	24	114	25	112	26	112	27	101	28	102	29	111	30	118	31	117	32	116	33	103	34	105	35	110	36	105	37	119	38	101	39	113	
	0	118	1	118	2	114	3	110	4	104	5	101	6	100	7	119	8	114	9	112	10	104	11	111	12	110	13	114	14	113	15	105	16	106	17	101	18	118	19	103	20	109	21	105	22	103	23	117	24	117	25	118	26	111	27	110	28	102	29	102	30	115	31	116	32	110	33	105	34	111	35	100	36	119	37	117	38	116	39	116	
	0	101	1	117	2	118	3	111	4	103	5	102	6	109	7	118	8	114	9	118	10	103	11	105	12	106	13	106	14	100	15	118	16	116	17	109	18	108	19	113	20	119	21	103	22	108	23	105	24	105	25	113	26	113	27	104	28	106	29	108	30	110	31	118	32	109	33	115	34	114	35	109	36	104	37	114	38	115	39	103	
	0	104	1	105	2	102	3	105	4	119	5	109	6	116	7	108	8	118	9	113	10	100	11	114	12	104	13	102	14	117	15	107	16	118	17	114	18	113	19	116	20	109	21	117	22	112	23	113	24	114	25	109	26	119	27	120	28	111	29	117	30	105	31	119	32	110	33	120	34	113	35	117	36	111	37	116	38	105	39	110	
	0	100	1	101	2	101	3	102	4	101	5	120	6	119	7	110	8	112	9	100	10	106	11	106	12	120	13	103	14	120	15	110	16	102	17	107	18	106	19	115	20	111	21	108	22	120	23	100	24	111	25	111	26	120	27	119	28	102	29	107	30	107	31	120	32	104	33	103	34	116	35	117	36	108	37	116	38	101	39	105	
	0	104	1	101	2	104	3	105	4	109	5	109	6	114	7	116	8	102	9	111	10	113	11	104	12	106	13	117	14	104	15	108	16	115	17	112	18	100	19	106	20	113	21	104	22	119	23	120	24	116	25	107	26	114	27	102	28	118	29	104	30	103	31	116	32	105	33	119	34	107	35	104	36	107	37	101	38	113	39	103	
	0	100	1	119	2	118	3	117	4	103	5	116	6	116	7	117	8	109	9	108	10	111	11	109	12	100	13	109	14	102	15	104	16	115	17	103	18	102	19	106	20	120	21	103	22	112	23	113	24	111	25	119	26	112	27	114	28	100	29	111	30	103	31	103	32	118	33	102	34	102	35	110	36	117	37	106	38	108	39	118	
	0	119	1	110	2	108	3	113	4	107	5	112	6	117	7	100	8	111	9	119	10	113	11	117	12	116	13	107	14	113	15	102	16	100	17	118	18	104	19	115	20	110	21	112	22	114	23	106	24	110	25	100	26	115	27	111	28	103	29	105	30	106	31	108	32	103	33	100	34	116	35	106	36	113	37	105	38	110	39	102	
	0	113	1	104	2	120	3	104	4	115	5	117	6	116	7	119	8	104	9	118	10	101	11	113	12	113	13	111	14	106	15	104	16	109	17	107	18	116	19	118	20	110	21	108	22	118	23	103	24	103	25	113	26	104	27	104	28	117	29	118	30	117	31	119	32	108	33	106	34	106	35	110	36	107	37	110	38	113	39	120	
	0	113	1	103	2	108	3	120	4	100	5	118	6	101	7	111	8	106	9	116	10	115	11	117	12	109	13	101	14	113	15	105	16	106	17	114	18	115	19	114	20	112	21	116	22	119	23	106	24	115	25	105	26	115	27	112	28	112	29	108	30	107	31	108	32	105	33	103	34	115	35	117	36	109	37	116	38	110	39	104	
	0	107	1	104	2	114	3	108	4	105	5	118	6	116	7	103	8	105	9	102	10	120	11	111	12	116	13	119	14	111	15	119	16	106	17	104	18	118	19	113	20	105	21	103	22	117	23	102	24	108	25	120	26	107	27	107	28	116	29	120	30	112	31	115	32	106	33	100	34	107	35	100	36	110	37	107	38	111	39	102	
	0	100	1	118	2	106	3	120	4	108	5	112	6	120	7	110	8	120	9	119	10	114	11	108	12	109	13	100	14	100	15	111	16	100	17	119	18	116	19	112	20	118	21	119	22	113	23	103	24	118	25	104	26	120	27	103	28	103	29	108	30	105	31	119	32	111	33	118	34	116	35	110	36	105	37	120	38	114	39	117	