200 50 1
50
	0	105	1	116	2	110	3	113	4	110	5	104	6	115	7	119	8	118	9	112	10	118	11	120	12	105	13	102	14	105	15	113	16	111	17	106	18	108	19	117	20	100	21	103	22	108	23	101	24	106	25	109	26	103	27	113	28	106	29	109	30	101	31	115	32	103	33	119	34	109	35	120	36	119	37	101	38	101	39	103	40	114	41	119	42	110	43	110	44	118	45	108	46	104	47	115	48	107	49	115	
	0	110	1	108	2	102	3	117	4	111	5	115	6	114	7	105	8	104	9	110	10	118	11	106	12	108	13	105	14	108	15	100	16	107	17	114	18	102	19	118	20	116	21	110	22	107	23	107	24	110	25	116	26	110	27	114	28	118	29	107	30	111	31	112	32	100	33	115	34	102	35	108	36	116	37	109	38	100	39	118	40	102	41	111	42	103	43	110	44	109	45	108	46	120	47	106	48	112	49	112	
	0	119	1	111	2	111	3	103	4	105	5	109	6	101	7	120	8	107	9	119	10	102	11	116	12	120	13	103	14	103	15	110	16	113	17	102	18	109	19	117	20	114	21	106	22	112	23	111	24	105	25	116	26	104	27	109	28	104	29	115	30	110	31	111	32	110	33	119	34	108	35	115	36	111	37	113	38	113	39	109	40	118	41	112	42	112	43	102	44	110	45	117	46	117	47	120	48	100	49	101	
	0	118	1	108	2	103	3	111	4	103	5	119	6	109	7	103	8	104	9	118	10	118	11	107	12	115	13	103	14	119	15	104	16	102	17	111	18	118	19	115	20	101	21	108	22	115	23	119	24	111	25	106	26	102	27	106	28	120	29	102	30	118	31	101	32	111	33	107	34	103	35	114	36	114	37	100	38	116	39	101	40	107	41	115	42	109	43	116	44	119	45	117	46	113	47	107	48	103	49	115	
	0	106	1	104	2	108	3	101	4	118	5	114	6	119	7	106	8	114	9	117	10	102	11	113	12	103	13	104	14	117	15	114	16	109	17	105	18	114	19	104	20	115	21	113	22	120	23	112	24	103	25	119	26	114	27	100	28	102	29	114	30	120	31	118	32	115	33	102	34	103	35	100	36	113	37	118	38	118	39	117	40	108	41	119	42	108	43	107	44	113	45	100	46	112	47	104	48	100	49	100	
	0	118	1	110	2	100	3	106	4	104	5	110	6	118	7	118	8	106	9	103	10	105	11	110	12	103	13	105	14	112	15	117	16	105	17	110	18	112	19	119	20	107	21	111	22	108	23	108	24	117	25	112	26	120	27	103	28	118	29	113	30	119	31	115	32	108	33	100	34	113	35	110	36	118	37	105	38	100	39	103	40	116	41	101	42	107	43	108	44	101	45	111	46	109	47	117	48	111	49	100	
	0	109	1	101	2	119	3	119	4	108	5	107	6	115	7	118	8	119	9	119	10	120	11	120	12	102	13	114	14	115	15	112	16	109	17	113	18	105	19	107	20	115	21	102	22	109	23	113	24	115	25	110	26	118	27	110	28	119	29	100	30	103	31	118	32	106	33	120	34	104	35	106	36	103	37	106	38	103	39	110	40	118	41	111	42	119	43	109	44	110	45	107	46	103	47	102	48	113	49	102	
	0	108	1	116	2	120	3	116	4	101	5	118	6	107	7	114	8	117	9	106	10	113	11	109	12	120	13	103	14	118	15	120	16	113	17	107	18	115	19	115	20	101	21	107	22	109	23	120	24	103	25	112	26	106	27	109	28	110	29	118	30	116	31	101	32	106	33	113	34	112	35	102	36	101	37	108	38	105	39	101	40	115	41	106	42	100	43	118	44	103	45	109	46	106	47	112	48	118	49	106	
	0	104	1	103	2	113	3	114	4	105	5	110	6	117	7	120	8	105	9	107	10	114	11	114	12	104	13	102	14	108	15	115	16	116	17	104	18	113	19	107	20	103	21	102	22	111	23	117	24	110	25	107	26	116	27	112	28	112	29	102	30	111	31	109	32	101	33	120	34	117	35	120	36	105	37	106	38	107	39	107	40	115	41	104	42	117	43	102	44	113	45	112	46	107	47	117	48	111	49	111	
	0	105	1	113	2	114	3	114	4	120	5	120	6	105	7	106	8	120	9	117	10	112	11	102	12	109	13	105	14	109	15	114	16	116	17	110	18	103	19	113	20	117	21	102	22	105	23	112	24	116	25	104	26	104	27	109	28	112	29	117	30	118	31	108	32	111	33	120	34	105	35	107	36	119	37	106	38	101	39	112	40	120	41	114	42	109	43	118	44	100	45	104	46	108	47	119	48	116	49	118	
	0	104	1	115	2	113	3	119	4	109	5	104	6	102	7	104	8	102	9	110	10	119	11	115	12	120	13	116	14	110	15	100	16	100	17	119	18	116	19	102	20	115	21	101	22	108	23	110	24	106	25	103	26	111	27	113	28	117	29	108	30	109	31	102	32	112	33	113	34	116	35	118	36	119	37	119	38	108	39	114	40	110	41	107	42	116	43	108	44	116	45	116	46	114	47	112	48	100	49	100	
	0	115	1	117	2	105	3	105	4	111	5	114	6	119	7	107	8	105	9	109	10	104	11	104	12	120	13	117	14	112	15	114	16	112	17	103	18	102	19	115	20	111	21	106	22	118	23	102	24	118	25	106	26	115	27	105	28	104	29	114	30	100	31	113	32	113	33	102	34	107	35	105	36	108	37	102	38	110	39	113	40	100	41	108	42	107	43	113	44	104	45	114	46	100	47	117	48	113	49	118	
	0	103	1	113	2	109	3	112	4	102	5	100	6	103	7	103	8	104	9	100	10	112	11	103	12	103	13	105	14	116	15	105	16	118	17	116	18	112	19	116	20	117	21	108	22	110	23	109	24	119	25	119	26	105	27	106	28	112	29	117	30	102	31	117	32	104	33	106	34	119	35	106	36	103	37	112	38	112	39	120	40	105	41	115	42	105	43	114	44	114	45	110	46	110	47	102	48	116	49	102	
	0	110	1	115	2	108	3	119	4	114	5	120	6	111	7	106	8	113	9	114	10	120	11	101	12	118	13	119	14	115	15	107	16	118	17	102	18	108	19	108	20	112	21	106	22	120	23	116	24	100	25	103	26	118	27	100	28	108	29	104	30	116	31	102	32	114	33	117	34	105	35	114	36	108	37	113	38	118	39	115	40	101	41	114	42	113	43	115	44	120	45	119	46	107	47	104	48	107	49	116	
	0	116	1	100	2	120	3	111	4	104	5	100	6	105	7	109	8	120	9	120	10	116	11	117	12	119	13	104	14	103	15	112	16	101	17	115	18	113	19	102	20	117	21	109	22	100	23	107	24	110	25	102	26	114	27	113	28	101	29	103	30	101	31	100	32	105	33	108	34	101	35	105	36	110	37	105	38	116	39	105	40	102	41	102	42	107	43	106	44	114	45	117	46	103	47	116	48	104	49	117	
	0	117	1	100	2	109	3	102	4	120	5	100	6	111	7	118	8	100	9	106	10	101	11	104	12	114	13	115	14	113	15	113	16	113	17	109	18	102	19	111	20	106	21	104	22	107	23	120	24	111	25	108	26	105	27	115	28	103	29	120	30	116	31	100	32	116	33	101	34	108	35	111	36	112	37	109	38	103	39	119	40	113	41	108	42	113	43	107	44	100	45	105	46	112	47	106	48	117	49	108	
	0	111	1	101	2	117	3	100	4	106	5	102	6	116	7	119	8	107	9	115	10	115	11	117	12	107	13	115	14	112	15	110	16	103	17	104	18	104	19	112	20	107	21	112	22	114	23	112	24	101	25	110	26	117	27	101	28	114	29	120	30	116	31	116	32	115	33	103	34	109	35	100	36	103	37	114	38	117	39	119	40	117	41	113	42	100	43	119	44	112	45	118	46	118	47	106	48	110	49	103	
	0	115	1	117	2	119	3	106	4	111	5	110	6	101	7	112	8	100	9	108	10	104	11	104	12	114	13	103	14	106	15	114	16	111	17	107	18	118	19	113	20	106	21	110	22	113	23	113	24	114	25	112	26	101	27	114	28	102	29	101	30	120	31	107	32	117	33	102	34	119	35	116	36	115	37	106	38	102	39	101	40	107	41	104	42	115	43	119	44	108	45	110	46	111	47	111	48	109	49	116	
	0	112	1	115	2	119	3	111	4	113	5	112	6	100	7	117	8	119	9	105	10	118	11	118	12	100	13	106	14	113	15	118	16	113	17	115	18	114	19	112	20	109	21	105	22	116	23	100	24	101	25	106	26	114	27	115	28	101	29	113	30	116	31	102	32	117	33	106	34	114	35	109	36	117	37	112	38	104	39	120	40	117	41	120	42	101	43	119	44	114	45	111	46	115	47	107	48	102	49	100	
	0	112	1	111	2	108	3	107	4	111	5	103	6	107	7	118	8	105	9	109	10	116	11	116	12	116	13	116	14	118	15	105	16	115	17	119	18	105	19	104	20	118	21	119	22	120	23	115	24	105	25	100	26	102	27	105	28	113	29	103	30	105	31	103	32	104	33	109	34	103	35	120	36	112	37	118	38	117	39	103	40	120	41	117	42	105	43	110	44	117	45	104	46	111	47	107	48	111	49	102	
	0	116	1	117	2	104	3	109	4	101	5	114	6	100	7	119	8	101	9	117	10	116	11	118	12	119	13	112	14	101	15	119	16	112	17	116	18	111	19	114	20	104	21	111	22	100	23	107	24	118	25	108	26	114	27	108	28	119	29	109	30	105	31	109	32	117	33	108	34	114	35	100	36	107	37	115	38	103	39	107	40	103	41	106	42	116	43	118	44	109	45	102	46	100	47	108	48	112	49	115	
	0	104	1	119	2	117	3	102	4	101	5	113	6	117	7	108	8	115	9	107	10	109	11	118	12	102	13	100	14	101	15	105	16	100	17	107	18	102	19	120	20	106	21	107	22	111	23	117	24	101	25	119	26	111	27	104	28	105	29	110	30	107	31	118	32	115	33	104	34	113	35	117	36	105	37	102	38	102	39	113	40	108	41	118	42	107	43	119	44	109	45	109	46	106	47	107	48	107	49	108	
	0	108	1	111	2	115	3	116	4	109	5	112	6	120	7	117	8	116	9	107	10	105	11	109	12	118	13	103	14	109	15	106	16	100	17	118	18	115	19	118	20	110	21	103	22	110	23	105	24	113	25	103	26	106	27	114	28	108	29	109	30	105	31	114	32	118	33	115	34	107	35	117	36	115	37	115	38	100	39	108	40	113	41	101	42	116	43	101	44	114	45	112	46	103	47	119	48	118	49	117	
	0	111	1	114	2	115	3	118	4	120	5	104	6	105	7	112	8	105	9	114	10	120	11	109	12	120	13	113	14	100	15	101	16	108	17	106	18	114	19	102	20	107	21	105	22	114	23	108	24	108	25	102	26	120	27	108	28	108	29	115	30	118	31	115	32	113	33	104	34	100	35	106	36	114	37	102	38	106	39	108	40	113	41	114	42	112	43	102	44	106	45	113	46	111	47	109	48	119	49	118	
	0	100	1	113	2	112	3	112	4	116	5	112	6	112	7	104	8	110	9	111	10	111	11	108	12	114	13	102	14	107	15	108	16	102	17	120	18	104	19	105	20	111	21	113	22	112	23	104	24	113	25	100	26	105	27	116	28	117	29	100	30	106	31	105	32	117	33	101	34	116	35	106	36	104	37	105	38	118	39	105	40	107	41	101	42	120	43	120	44	102	45	111	46	106	47	106	48	107	49	108	
	0	101	1	110	2	105	3	113	4	120	5	120	6	104	7	101	8	105	9	104	10	105	11	113	12	101	13	109	14	112	15	113	16	108	17	114	18	103	19	115	20	111	21	106	22	114	23	109	24	105	25	103	26	101	27	100	28	109	29	101	30	113	31	106	32	120	33	100	34	102	35	120	36	104	37	107	38	118	39	111	40	103	41	109	42	118	43	118	44	102	45	105	46	100	47	109	48	114	49	115	
	0	106	1	108	2	119	3	113	4	112	5	107	6	113	7	115	8	120	9	100	10	116	11	115	12	100	13	105	14	116	15	101	16	119	17	109	18	115	19	112	20	115	21	118	22	104	23	116	24	101	25	114	26	116	27	105	28	110	29	113	30	118	31	101	32	109	33	107	34	104	35	108	36	102	37	105	38	114	39	107	40	104	41	102	42	115	43	114	44	111	45	102	46	103	47	120	48	106	49	110	
	0	118	1	107	2	110	3	100	4	104	5	119	6	103	7	100	8	114	9	120	10	101	11	102	12	112	13	101	14	110	15	112	16	115	17	105	18	119	19	119	20	115	21	103	22	109	23	100	24	106	25	101	26	112	27	107	28	112	29	109	30	118	31	111	32	111	33	117	34	112	35	107	36	118	37	106	38	116	39	114	40	110	41	114	42	113	43	114	44	106	45	118	46	107	47	117	48	105	49	118	
	0	108	1	107	2	104	3	114	4	107	5	106	6	104	7	103	8	113	9	108	10	108	11	120	12	102	13	111	14	106	15	118	16	107	17	102	18	117	19	114	20	120	21	102	22	108	23	105	24	109	25	104	26	108	27	100	28	114	29	116	30	106	31	115	32	111	33	105	34	116	35	101	36	119	37	115	38	111	39	120	40	114	41	113	42	104	43	115	44	105	45	102	46	107	47	105	48	107	49	114	
	0	100	1	119	2	107	3	106	4	119	5	108	6	114	7	118	8	103	9	119	10	106	11	109	12	102	13	119	14	119	15	117	16	117	17	116	18	106	19	117	20	104	21	119	22	109	23	120	24	112	25	119	26	101	27	115	28	104	29	110	30	109	31	114	32	108	33	110	34	115	35	101	36	120	37	103	38	113	39	109	40	102	41	118	42	115	43	117	44	118	45	102	46	119	47	107	48	100	49	103	
	0	111	1	112	2	102	3	119	4	100	5	119	6	112	7	112	8	120	9	114	10	120	11	114	12	102	13	103	14	110	15	108	16	120	17	105	18	118	19	105	20	105	21	116	22	104	23	104	24	106	25	105	26	113	27	112	28	114	29	106	30	106	31	118	32	109	33	106	34	111	35	101	36	111	37	102	38	112	39	106	40	119	41	102	42	102	43	112	44	111	45	113	46	117	47	105	48	102	49	120	
	0	102	1	115	2	105	3	114	4	113	5	106	6	115	7	110	8	109	9	105	10	104	11	114	12	101	13	104	14	105	15	117	16	108	17	106	18	110	19	104	20	102	21	102	22	101	23	112	24	111	25	109	26	116	27	105	28	119	29	111	30	115	31	102	32	108	33	109	34	107	35	120	36	113	37	106	38	105	39	112	40	114	41	118	42	107	43	102	44	101	45	115	46	115	47	104	48	104	49	116	
	0	102	1	100	2	103	3	118	4	117	5	109	6	111	7	101	8	114	9	102	10	119	11	101	12	120	13	105	14	119	15	102	16	110	17	119	18	119	19	116	20	108	21	101	22	119	23	100	24	107	25	113	26	102	27	109	28	114	29	115	30	107	31	100	32	115	33	116	34	104	35	117	36	114	37	106	38	101	39	102	40	113	41	104	42	101	43	115	44	104	45	100	46	109	47	108	48	103	49	116	
	0	106	1	113	2	105	3	112	4	120	5	105	6	120	7	113	8	105	9	106	10	101	11	111	12	118	13	102	14	106	15	102	16	109	17	117	18	101	19	105	20	101	21	106	22	111	23	116	24	102	25	112	26	109	27	107	28	110	29	115	30	100	31	118	32	116	33	103	34	113	35	109	36	116	37	108	38	100	39	102	40	119	41	118	42	102	43	105	44	112	45	112	46	105	47	109	48	115	49	114	
	0	105	1	105	2	107	3	117	4	118	5	103	6	101	7	111	8	115	9	112	10	107	11	100	12	105	13	111	14	111	15	114	16	117	17	100	18	108	19	100	20	120	21	116	22	101	23	111	24	106	25	107	26	113	27	105	28	104	29	116	30	113	31	117	32	102	33	115	34	101	35	113	36	114	37	100	38	109	39	112	40	114	41	120	42	118	43	110	44	114	45	119	46	115	47	112	48	120	49	100	
	0	106	1	108	2	101	3	116	4	119	5	101	6	108	7	119	8	115	9	113	10	114	11	114	12	114	13	116	14	118	15	104	16	101	17	100	18	104	19	104	20	112	21	115	22	111	23	112	24	113	25	114	26	105	27	114	28	114	29	109	30	115	31	108	32	116	33	116	34	106	35	102	36	110	37	119	38	106	39	111	40	105	41	109	42	112	43	109	44	118	45	100	46	108	47	108	48	117	49	107	
	0	117	1	109	2	116	3	101	4	109	5	117	6	105	7	118	8	105	9	108	10	102	11	102	12	100	13	102	14	117	15	113	16	109	17	118	18	120	19	104	20	110	21	115	22	109	23	103	24	120	25	117	26	100	27	115	28	106	29	120	30	115	31	114	32	105	33	120	34	108	35	106	36	117	37	113	38	115	39	101	40	101	41	115	42	108	43	112	44	117	45	100	46	109	47	117	48	120	49	100	
	0	117	1	101	2	105	3	100	4	116	5	109	6	105	7	112	8	115	9	115	10	103	11	120	12	115	13	110	14	104	15	103	16	109	17	100	18	108	19	103	20	111	21	100	22	120	23	112	24	108	25	112	26	115	27	100	28	103	29	106	30	115	31	116	32	107	33	111	34	117	35	103	36	111	37	116	38	120	39	112	40	119	41	100	42	118	43	116	44	101	45	109	46	104	47	108	48	117	49	108	
	0	114	1	114	2	111	3	115	4	114	5	112	6	100	7	103	8	111	9	112	10	100	11	110	12	106	13	103	14	109	15	115	16	116	17	103	18	114	19	100	20	103	21	109	22	120	23	104	24	120	25	101	26	100	27	114	28	112	29	120	30	103	31	112	32	120	33	119	34	110	35	103	36	111	37	120	38	100	39	103	40	109	41	111	42	108	43	103	44	114	45	104	46	108	47	105	48	118	49	109	
	0	103	1	115	2	112	3	116	4	112	5	108	6	120	7	101	8	117	9	109	10	111	11	105	12	117	13	103	14	109	15	107	16	107	17	112	18	108	19	107	20	114	21	102	22	115	23	110	24	113	25	113	26	114	27	111	28	101	29	120	30	118	31	107	32	109	33	117	34	120	35	105	36	109	37	105	38	108	39	103	40	113	41	113	42	103	43	111	44	111	45	105	46	104	47	109	48	115	49	105	
	0	120	1	110	2	109	3	110	4	109	5	113	6	112	7	102	8	110	9	118	10	113	11	105	12	102	13	110	14	102	15	101	16	114	17	118	18	119	19	114	20	112	21	112	22	118	23	108	24	118	25	111	26	110	27	100	28	119	29	101	30	104	31	108	32	112	33	111	34	115	35	115	36	109	37	106	38	106	39	104	40	107	41	102	42	112	43	101	44	108	45	112	46	120	47	116	48	110	49	102	
	0	109	1	115	2	104	3	109	4	117	5	106	6	105	7	109	8	109	9	111	10	101	11	105	12	112	13	107	14	112	15	113	16	111	17	115	18	103	19	114	20	109	21	119	22	105	23	107	24	100	25	116	26	104	27	112	28	113	29	100	30	118	31	120	32	103	33	117	34	103	35	112	36	112	37	116	38	114	39	104	40	117	41	111	42	115	43	108	44	100	45	111	46	117	47	103	48	110	49	117	
	0	103	1	102	2	110	3	100	4	115	5	115	6	112	7	117	8	100	9	108	10	110	11	112	12	108	13	116	14	111	15	112	16	115	17	100	18	110	19	105	20	118	21	113	22	104	23	108	24	107	25	116	26	100	27	106	28	117	29	114	30	106	31	116	32	104	33	104	34	119	35	116	36	104	37	117	38	117	39	109	40	103	41	105	42	116	43	100	44	113	45	110	46	120	47	110	48	107	49	118	
	0	108	1	110	2	114	3	116	4	111	5	100	6	106	7	100	8	112	9	107	10	111	11	116	12	114	13	100	14	105	15	105	16	118	17	105	18	118	19	107	20	100	21	115	22	118	23	116	24	116	25	115	26	116	27	101	28	112	29	107	30	108	31	114	32	113	33	102	34	117	35	118	36	114	37	106	38	116	39	117	40	109	41	120	42	101	43	110	44	116	45	106	46	103	47	107	48	103	49	120	
	0	120	1	112	2	104	3	115	4	100	5	105	6	116	7	118	8	103	9	111	10	119	11	111	12	104	13	114	14	110	15	110	16	102	17	110	18	113	19	115	20	115	21	107	22	102	23	116	24	111	25	113	26	106	27	105	28	120	29	108	30	120	31	115	32	119	33	118	34	115	35	106	36	118	37	115	38	104	39	113	40	101	41	102	42	120	43	115	44	104	45	119	46	101	47	111	48	110	49	116	
	0	102	1	118	2	117	3	120	4	116	5	110	6	115	7	104	8	103	9	111	10	113	11	112	12	105	13	112	14	106	15	112	16	104	17	117	18	107	19	102	20	105	21	105	22	111	23	102	24	108	25	109	26	103	27	116	28	106	29	106	30	118	31	112	32	106	33	106	34	106	35	108	36	103	37	119	38	112	39	116	40	109	41	115	42	114	43	102	44	111	45	103	46	103	47	112	48	116	49	112	
	0	112	1	103	2	109	3	113	4	116	5	102	6	100	7	115	8	116	9	107	10	109	11	111	12	108	13	109	14	101	15	103	16	114	17	105	18	114	19	112	20	101	21	108	22	108	23	116	24	117	25	110	26	105	27	106	28	119	29	116	30	114	31	105	32	104	33	115	34	116	35	101	36	100	37	108	38	111	39	113	40	102	41	110	42	102	43	105	44	104	45	105	46	103	47	115	48	103	49	109	
	0	116	1	116	2	109	3	117	4	106	5	116	6	102	7	103	8	112	9	120	10	104	11	104	12	115	13	108	14	108	15	117	16	100	17	100	18	116	19	112	20	101	21	117	22	107	23	111	24	115	25	103	26	107	27	106	28	107	29	101	30	113	31	108	32	118	33	103	34	119	35	108	36	102	37	104	38	107	39	107	40	120	41	116	42	115	43	103	44	118	45	101	46	120	47	103	48	100	49	116	
	0	118	1	115	2	116	3	102	4	120	5	105	6	115	7	112	8	114	9	105	10	115	11	107	12	115	13	117	14	102	15	104	16	101	17	114	18	113	19	109	20	111	21	105	22	110	23	106	24	111	25	113	26	108	27	114	28	116	29	111	30	101	31	108	32	104	33	100	34	112	35	119	36	115	37	104	38	103	39	108	40	114	41	102	42	106	43	111	44	117	45	110	46	110	47	102	48	101	49	113	
	0	119	1	118	2	103	3	115	4	120	5	112	6	105	7	109	8	115	9	120	10	105	11	114	12	100	13	120	14	117	15	101	16	112	17	112	18	111	19	113	20	113	21	110	22	116	23	100	24	113	25	100	26	110	27	106	28	118	29	108	30	106	31	100	32	118	33	120	34	119	35	104	36	107	37	114	38	111	39	110	40	104	41	118	42	103	43	113	44	110	45	116	46	117	47	120	48	110	49	101	
	0	112	1	114	2	110	3	107	4	117	5	108	6	104	7	110	8	106	9	113	10	120	11	118	12	112	13	106	14	115	15	100	16	108	17	107	18	102	19	112	20	112	21	107	22	103	23	116	24	116	25	111	26	107	27	101	28	114	29	120	30	111	31	111	32	108	33	109	34	114	35	115	36	105	37	109	38	106	39	110	40	115	41	117	42	105	43	114	44	100	45	109	46	118	47	109	48	104	49	105	
	0	110	1	107	2	116	3	104	4	104	5	101	6	107	7	113	8	119	9	103	10	120	11	101	12	108	13	101	14	110	15	114	16	119	17	100	18	107	19	119	20	101	21	107	22	117	23	118	24	100	25	118	26	116	27	119	28	102	29	100	30	112	31	117	32	120	33	117	34	111	35	111	36	103	37	103	38	108	39	116	40	118	41	107	42	102	43	103	44	116	45	119	46	114	47	104	48	118	49	106	
	0	107	1	117	2	100	3	110	4	109	5	114	6	111	7	105	8	103	9	103	10	117	11	118	12	108	13	120	14	110	15	116	16	101	17	112	18	119	19	111	20	112	21	109	22	103	23	108	24	112	25	117	26	105	27	102	28	118	29	111	30	100	31	102	32	101	33	113	34	108	35	106	36	110	37	107	38	104	39	116	40	119	41	115	42	102	43	104	44	102	45	118	46	119	47	104	48	115	49	101	
	0	115	1	119	2	119	3	102	4	115	5	101	6	100	7	106	8	103	9	103	10	119	11	103	12	117	13	105	14	109	15	101	16	106	17	104	18	120	19	100	20	118	21	120	22	109	23	100	24	113	25	120	26	100	27	102	28	110	29	112	30	111	31	112	32	102	33	106	34	116	35	114	36	111	37	114	38	114	39	114	40	116	41	116	42	120	43	103	44	117	45	114	46	103	47	100	48	111	49	120	
	0	116	1	106	2	108	3	109	4	120	5	115	6	119	7	111	8	118	9	112	10	103	11	120	12	103	13	110	14	118	15	120	16	114	17	117	18	112	19	118	20	101	21	111	22	110	23	102	24	119	25	114	26	101	27	107	28	112	29	116	30	112	31	109	32	118	33	100	34	115	35	118	36	116	37	114	38	109	39	119	40	101	41	108	42	116	43	118	44	109	45	107	46	115	47	118	48	101	49	111	
	0	114	1	100	2	115	3	106	4	105	5	104	6	111	7	100	8	112	9	104	10	104	11	104	12	111	13	105	14	116	15	118	16	107	17	119	18	102	19	109	20	101	21	100	22	111	23	112	24	102	25	107	26	119	27	113	28	112	29	115	30	103	31	118	32	108	33	117	34	118	35	107	36	100	37	104	38	111	39	103	40	104	41	112	42	117	43	101	44	112	45	101	46	103	47	115	48	117	49	105	
	0	119	1	100	2	117	3	104	4	100	5	100	6	115	7	115	8	100	9	107	10	107	11	119	12	101	13	103	14	100	15	100	16	106	17	114	18	106	19	107	20	102	21	115	22	107	23	118	24	120	25	116	26	114	27	109	28	118	29	108	30	116	31	120	32	114	33	117	34	102	35	103	36	103	37	108	38	113	39	112	40	112	41	107	42	119	43	110	44	118	45	104	46	118	47	101	48	118	49	106	
	0	107	1	118	2	107	3	100	4	103	5	104	6	103	7	116	8	101	9	104	10	107	11	100	12	115	13	119	14	107	15	112	16	118	17	108	18	116	19	116	20	100	21	102	22	111	23	120	24	103	25	115	26	115	27	112	28	110	29	107	30	107	31	100	32	116	33	105	34	115	35	115	36	120	37	119	38	102	39	112	40	108	41	117	42	102	43	120	44	103	45	117	46	120	47	102	48	116	49	120	
	0	107	1	103	2	104	3	101	4	107	5	117	6	119	7	107	8	106	9	101	10	117	11	106	12	108	13	115	14	105	15	105	16	120	17	112	18	109	19	105	20	115	21	115	22	107	23	115	24	109	25	105	26	108	27	108	28	117	29	102	30	108	31	102	32	118	33	108	34	113	35	105	36	105	37	118	38	116	39	115	40	115	41	116	42	113	43	110	44	101	45	101	46	111	47	100	48	108	49	114	
	0	106	1	100	2	120	3	104	4	101	5	120	6	100	7	117	8	100	9	113	10	115	11	113	12	108	13	118	14	118	15	106	16	100	17	112	18	107	19	118	20	117	21	101	22	102	23	117	24	113	25	113	26	101	27	104	28	107	29	107	30	102	31	114	32	109	33	106	34	111	35	115	36	105	37	100	38	111	39	116	40	103	41	103	42	113	43	107	44	117	45	112	46	114	47	114	48	105	49	100	
	0	120	1	109	2	120	3	115	4	109	5	120	6	119	7	103	8	102	9	109	10	117	11	104	12	115	13	111	14	106	15	105	16	110	17	112	18	100	19	116	20	106	21	103	22	106	23	110	24	102	25	103	26	116	27	120	28	109	29	106	30	110	31	108	32	107	33	118	34	116	35	108	36	103	37	116	38	101	39	110	40	113	41	115	42	119	43	110	44	105	45	100	46	111	47	115	48	118	49	118	
	0	100	1	104	2	116	3	100	4	120	5	101	6	101	7	113	8	115	9	116	10	115	11	100	12	119	13	119	14	108	15	103	16	115	17	117	18	117	19	115	20	111	21	100	22	112	23	105	24	100	25	120	26	117	27	115	28	107	29	101	30	119	31	117	32	113	33	112	34	116	35	103	36	120	37	112	38	107	39	120	40	114	41	105	42	111	43	102	44	114	45	105	46	111	47	103	48	101	49	108	
	0	108	1	114	2	103	3	113	4	106	5	120	6	114	7	104	8	117	9	115	10	111	11	110	12	101	13	107	14	110	15	105	16	119	17	100	18	118	19	104	20	106	21	106	22	118	23	114	24	112	25	109	26	114	27	110	28	101	29	100	30	111	31	113	32	112	33	116	34	108	35	104	36	119	37	115	38	116	39	102	40	106	41	120	42	120	43	110	44	111	45	111	46	102	47	118	48	105	49	120	
	0	107	1	120	2	103	3	105	4	101	5	118	6	105	7	108	8	118	9	100	10	107	11	107	12	101	13	115	14	120	15	105	16	103	17	108	18	109	19	101	20	113	21	117	22	107	23	107	24	116	25	115	26	117	27	104	28	106	29	104	30	108	31	103	32	111	33	102	34	106	35	107	36	101	37	103	38	110	39	100	40	106	41	113	42	112	43	110	44	112	45	117	46	115	47	110	48	110	49	102	
	0	120	1	100	2	103	3	112	4	103	5	103	6	115	7	112	8	114	9	104	10	114	11	120	12	112	13	115	14	106	15	116	16	102	17	117	18	103	19	111	20	120	21	110	22	106	23	106	24	112	25	103	26	102	27	116	28	118	29	111	30	100	31	108	32	107	33	115	34	116	35	119	36	101	37	112	38	110	39	117	40	116	41	108	42	102	43	110	44	114	45	100	46	102	47	116	48	117	49	101	
	0	116	1	109	2	103	3	114	4	113	5	112	6	114	7	102	8	106	9	119	10	101	11	120	12	115	13	115	14	100	15	108	16	109	17	110	18	111	19	112	20	119	21	117	22	105	23	110	24	109	25	105	26	111	27	106	28	106	29	118	30	118	31	116	32	119	33	104	34	117	35	114	36	108	37	119	38	115	39	109	40	116	41	120	42	119	43	102	44	112	45	118	46	113	47	109	48	115	49	118	
	0	120	1	115	2	119	3	112	4	105	5	117	6	100	7	110	8	108	9	102	10	101	11	114	12	108	13	109	14	118	15	101	16	104	17	111	18	112	19	109	20	119	21	105	22	102	23	102	24	120	25	117	26	100	27	108	28	119	29	107	30	108	31	101	32	117	33	115	34	114	35	100	36	115	37	114	38	103	39	119	40	105	41	117	42	106	43	102	44	100	45	102	46	105	47	102	48	115	49	108	
	0	112	1	119	2	103	3	110	4	114	5	102	6	108	7	111	8	102	9	107	10	101	11	106	12	100	13	119	14	113	15	107	16	112	17	103	18	108	19	117	20	112	21	103	22	118	23	108	24	107	25	119	26	107	27	101	28	101	29	117	30	108	31	113	32	106	33	102	34	111	35	102	36	102	37	116	38	116	39	113	40	108	41	105	42	116	43	103	44	100	45	102	46	114	47	101	48	105	49	100	
	0	120	1	112	2	112	3	117	4	117	5	120	6	105	7	107	8	120	9	118	10	114	11	107	12	104	13	111	14	110	15	102	16	101	17	119	18	113	19	115	20	112	21	115	22	119	23	103	24	114	25	101	26	103	27	107	28	117	29	116	30	113	31	103	32	107	33	109	34	120	35	119	36	101	37	103	38	116	39	100	40	117	41	108	42	102	43	110	44	115	45	111	46	108	47	103	48	101	49	107	
	0	107	1	100	2	105	3	100	4	104	5	106	6	116	7	102	8	120	9	110	10	106	11	110	12	107	13	111	14	112	15	109	16	103	17	105	18	106	19	118	20	116	21	120	22	110	23	118	24	115	25	106	26	119	27	105	28	119	29	110	30	119	31	103	32	102	33	114	34	119	35	105	36	101	37	111	38	103	39	111	40	101	41	119	42	109	43	116	44	103	45	116	46	104	47	103	48	110	49	102	
	0	119	1	103	2	101	3	110	4	114	5	110	6	111	7	114	8	108	9	101	10	117	11	120	12	117	13	115	14	115	15	112	16	113	17	111	18	117	19	104	20	100	21	106	22	100	23	115	24	105	25	120	26	100	27	103	28	114	29	114	30	100	31	103	32	103	33	118	34	111	35	108	36	109	37	104	38	120	39	104	40	113	41	108	42	118	43	106	44	110	45	110	46	113	47	110	48	107	49	118	
	0	119	1	119	2	116	3	100	4	106	5	106	6	109	7	116	8	101	9	109	10	119	11	116	12	105	13	112	14	102	15	112	16	101	17	109	18	110	19	113	20	103	21	108	22	117	23	106	24	107	25	107	26	114	27	102	28	110	29	114	30	101	31	101	32	100	33	115	34	113	35	117	36	117	37	106	38	118	39	102	40	119	41	114	42	107	43	109	44	100	45	108	46	114	47	118	48	107	49	116	
	0	116	1	114	2	103	3	118	4	100	5	117	6	119	7	105	8	101	9	105	10	118	11	112	12	118	13	113	14	100	15	100	16	108	17	117	18	107	19	116	20	110	21	119	22	118	23	107	24	106	25	105	26	103	27	108	28	106	29	108	30	117	31	111	32	109	33	116	34	110	35	112	36	111	37	103	38	107	39	115	40	104	41	102	42	110	43	119	44	100	45	111	46	115	47	113	48	105	49	110	
	0	101	1	113	2	116	3	112	4	113	5	107	6	114	7	106	8	114	9	114	10	113	11	103	12	102	13	102	14	118	15	102	16	113	17	100	18	113	19	104	20	110	21	114	22	107	23	105	24	104	25	103	26	119	27	111	28	106	29	116	30	115	31	102	32	101	33	103	34	117	35	120	36	105	37	105	38	113	39	101	40	108	41	108	42	109	43	117	44	102	45	115	46	110	47	109	48	120	49	116	
	0	117	1	101	2	120	3	112	4	101	5	118	6	111	7	120	8	102	9	111	10	112	11	100	12	117	13	102	14	111	15	119	16	116	17	101	18	116	19	107	20	115	21	114	22	106	23	101	24	115	25	102	26	120	27	119	28	116	29	114	30	112	31	119	32	117	33	114	34	116	35	115	36	108	37	108	38	101	39	104	40	117	41	116	42	120	43	106	44	105	45	106	46	110	47	118	48	107	49	113	
	0	105	1	107	2	101	3	103	4	104	5	120	6	109	7	104	8	103	9	116	10	106	11	113	12	104	13	104	14	116	15	118	16	113	17	101	18	115	19	119	20	103	21	107	22	112	23	106	24	108	25	120	26	107	27	118	28	100	29	110	30	120	31	115	32	112	33	112	34	116	35	102	36	111	37	103	38	118	39	102	40	115	41	113	42	104	43	100	44	101	45	109	46	119	47	107	48	104	49	109	
	0	114	1	105	2	101	3	118	4	114	5	117	6	114	7	116	8	117	9	102	10	115	11	119	12	120	13	110	14	109	15	111	16	114	17	101	18	111	19	108	20	114	21	110	22	106	23	119	24	104	25	107	26	107	27	113	28	104	29	119	30	111	31	108	32	107	33	116	34	115	35	117	36	120	37	109	38	115	39	101	40	109	41	118	42	111	43	111	44	116	45	116	46	106	47	114	48	118	49	117	
	0	115	1	101	2	105	3	101	4	104	5	108	6	102	7	118	8	114	9	113	10	114	11	110	12	113	13	120	14	102	15	115	16	113	17	112	18	108	19	106	20	117	21	102	22	102	23	119	24	115	25	113	26	118	27	113	28	101	29	115	30	106	31	110	32	119	33	101	34	116	35	112	36	116	37	100	38	120	39	103	40	113	41	112	42	106	43	117	44	106	45	116	46	119	47	116	48	101	49	111	
	0	114	1	111	2	110	3	108	4	103	5	117	6	119	7	105	8	104	9	103	10	103	11	116	12	119	13	114	14	115	15	114	16	102	17	100	18	102	19	116	20	116	21	108	22	107	23	103	24	119	25	107	26	105	27	113	28	100	29	104	30	101	31	110	32	100	33	100	34	114	35	104	36	102	37	102	38	118	39	112	40	103	41	116	42	114	43	100	44	107	45	111	46	120	47	106	48	119	49	101	
	0	120	1	120	2	103	3	119	4	108	5	105	6	110	7	109	8	118	9	114	10	117	11	106	12	107	13	101	14	112	15	116	16	111	17	112	18	108	19	104	20	110	21	100	22	114	23	113	24	119	25	118	26	118	27	113	28	119	29	110	30	102	31	115	32	118	33	102	34	117	35	103	36	108	37	111	38	119	39	113	40	105	41	110	42	103	43	109	44	103	45	109	46	112	47	109	48	107	49	103	
	0	119	1	115	2	105	3	119	4	111	5	119	6	117	7	118	8	103	9	108	10	108	11	111	12	115	13	103	14	118	15	109	16	118	17	103	18	111	19	100	20	100	21	117	22	115	23	108	24	106	25	107	26	117	27	113	28	104	29	118	30	103	31	100	32	101	33	116	34	114	35	101	36	106	37	108	38	113	39	108	40	109	41	105	42	106	43	113	44	120	45	114	46	112	47	114	48	118	49	119	
	0	116	1	115	2	114	3	100	4	116	5	116	6	118	7	115	8	103	9	112	10	100	11	120	12	120	13	114	14	114	15	110	16	111	17	119	18	110	19	111	20	100	21	117	22	119	23	105	24	105	25	119	26	120	27	107	28	100	29	111	30	120	31	113	32	115	33	112	34	110	35	102	36	117	37	100	38	118	39	118	40	106	41	108	42	107	43	100	44	112	45	113	46	108	47	103	48	119	49	114	
	0	113	1	116	2	119	3	100	4	117	5	118	6	118	7	110	8	114	9	107	10	102	11	111	12	111	13	113	14	103	15	113	16	108	17	106	18	119	19	115	20	110	21	114	22	116	23	109	24	104	25	107	26	102	27	114	28	109	29	104	30	119	31	100	32	114	33	105	34	101	35	120	36	109	37	102	38	109	39	116	40	108	41	120	42	114	43	115	44	111	45	106	46	101	47	110	48	117	49	114	
	0	118	1	112	2	104	3	109	4	114	5	110	6	116	7	103	8	115	9	107	10	115	11	101	12	104	13	117	14	108	15	108	16	106	17	105	18	112	19	107	20	109	21	110	22	113	23	100	24	117	25	103	26	110	27	100	28	117	29	119	30	105	31	120	32	109	33	107	34	103	35	115	36	113	37	119	38	115	39	104	40	111	41	102	42	109	43	110	44	116	45	119	46	105	47	111	48	106	49	117	
	0	116	1	100	2	105	3	107	4	108	5	107	6	106	7	109	8	112	9	105	10	114	11	105	12	119	13	112	14	106	15	110	16	114	17	104	18	112	19	107	20	102	21	107	22	113	23	120	24	104	25	100	26	112	27	115	28	116	29	111	30	107	31	101	32	111	33	118	34	102	35	111	36	107	37	114	38	110	39	120	40	100	41	115	42	115	43	100	44	113	45	117	46	114	47	100	48	112	49	114	
	0	109	1	102	2	100	3	102	4	114	5	117	6	100	7	116	8	106	9	107	10	104	11	107	12	101	13	120	14	115	15	113	16	110	17	102	18	117	19	119	20	106	21	119	22	104	23	100	24	101	25	115	26	102	27	119	28	120	29	104	30	113	31	100	32	118	33	113	34	114	35	102	36	119	37	112	38	114	39	116	40	110	41	106	42	119	43	105	44	103	45	102	46	102	47	108	48	101	49	106	
	0	113	1	102	2	111	3	106	4	104	5	113	6	117	7	114	8	108	9	114	10	109	11	120	12	108	13	117	14	112	15	103	16	114	17	103	18	112	19	116	20	106	21	116	22	114	23	102	24	108	25	114	26	106	27	120	28	106	29	104	30	119	31	103	32	118	33	118	34	109	35	113	36	108	37	114	38	110	39	114	40	105	41	114	42	106	43	105	44	109	45	120	46	113	47	115	48	114	49	110	
	0	113	1	102	2	116	3	111	4	113	5	119	6	103	7	101	8	119	9	107	10	116	11	108	12	103	13	108	14	114	15	119	16	113	17	113	18	119	19	110	20	119	21	105	22	115	23	107	24	120	25	101	26	101	27	103	28	104	29	110	30	119	31	101	32	120	33	108	34	110	35	103	36	111	37	118	38	112	39	104	40	115	41	105	42	101	43	110	44	118	45	119	46	114	47	116	48	104	49	109	
	0	112	1	110	2	118	3	113	4	103	5	110	6	104	7	118	8	119	9	101	10	101	11	111	12	114	13	109	14	111	15	104	16	107	17	115	18	104	19	107	20	112	21	116	22	116	23	105	24	107	25	110	26	105	27	108	28	118	29	106	30	118	31	104	32	102	33	117	34	113	35	113	36	103	37	111	38	112	39	110	40	114	41	107	42	120	43	111	44	104	45	103	46	114	47	107	48	111	49	108	
	0	117	1	109	2	100	3	111	4	108	5	108	6	113	7	114	8	105	9	110	10	119	11	107	12	114	13	118	14	110	15	114	16	116	17	110	18	108	19	113	20	117	21	105	22	109	23	103	24	118	25	100	26	110	27	110	28	113	29	103	30	100	31	106	32	113	33	109	34	116	35	106	36	109	37	115	38	120	39	102	40	112	41	101	42	104	43	111	44	108	45	106	46	111	47	113	48	101	49	110	
	0	109	1	115	2	116	3	113	4	100	5	111	6	119	7	101	8	109	9	101	10	116	11	100	12	102	13	107	14	110	15	105	16	101	17	119	18	100	19	120	20	114	21	109	22	102	23	117	24	106	25	107	26	116	27	103	28	109	29	116	30	101	31	101	32	116	33	103	34	118	35	109	36	109	37	118	38	120	39	103	40	120	41	105	42	106	43	111	44	102	45	100	46	118	47	119	48	105	49	108	
	0	114	1	104	2	100	3	102	4	108	5	102	6	110	7	109	8	115	9	102	10	102	11	108	12	117	13	103	14	112	15	108	16	119	17	104	18	104	19	110	20	100	21	112	22	101	23	102	24	102	25	118	26	114	27	103	28	109	29	114	30	112	31	104	32	108	33	112	34	118	35	104	36	107	37	110	38	105	39	105	40	116	41	118	42	101	43	109	44	115	45	112	46	110	47	109	48	112	49	102	
	0	101	1	119	2	104	3	119	4	120	5	105	6	120	7	116	8	105	9	107	10	105	11	115	12	116	13	113	14	118	15	117	16	113	17	111	18	108	19	112	20	110	21	113	22	112	23	116	24	120	25	119	26	105	27	117	28	113	29	101	30	106	31	108	32	107	33	116	34	111	35	117	36	100	37	108	38	107	39	106	40	112	41	116	42	103	43	114	44	106	45	109	46	120	47	101	48	114	49	117	
	0	108	1	112	2	110	3	119	4	120	5	114	6	112	7	118	8	118	9	106	10	106	11	111	12	117	13	102	14	111	15	101	16	111	17	105	18	100	19	107	20	108	21	110	22	118	23	111	24	115	25	106	26	117	27	116	28	114	29	116	30	111	31	117	32	103	33	113	34	119	35	108	36	111	37	101	38	102	39	116	40	113	41	110	42	101	43	120	44	100	45	105	46	120	47	114	48	111	49	120	
	0	116	1	104	2	112	3	118	4	103	5	112	6	117	7	107	8	117	9	112	10	106	11	109	12	101	13	105	14	103	15	120	16	115	17	104	18	103	19	118	20	114	21	108	22	108	23	105	24	118	25	116	26	108	27	108	28	104	29	109	30	102	31	103	32	118	33	107	34	118	35	115	36	109	37	105	38	112	39	113	40	119	41	104	42	105	43	117	44	105	45	105	46	109	47	117	48	118	49	116	
	0	105	1	118	2	102	3	119	4	118	5	104	6	120	7	112	8	107	9	111	10	104	11	101	12	111	13	110	14	115	15	105	16	111	17	111	18	101	19	110	20	108	21	119	22	106	23	100	24	118	25	120	26	103	27	100	28	106	29	119	30	101	31	102	32	116	33	109	34	103	35	107	36	114	37	103	38	114	39	115	40	102	41	116	42	108	43	104	44	112	45	110	46	100	47	116	48	116	49	111	
	0	111	1	118	2	116	3	108	4	106	5	105	6	113	7	106	8	104	9	116	10	105	11	111	12	107	13	109	14	104	15	114	16	117	17	112	18	115	19	119	20	118	21	106	22	110	23	104	24	115	25	109	26	101	27	119	28	116	29	101	30	112	31	102	32	118	33	108	34	106	35	108	36	113	37	119	38	103	39	118	40	111	41	112	42	113	43	106	44	114	45	102	46	108	47	110	48	105	49	120	
	0	116	1	108	2	109	3	108	4	114	5	115	6	114	7	109	8	115	9	106	10	112	11	111	12	110	13	118	14	114	15	106	16	113	17	111	18	116	19	102	20	114	21	106	22	109	23	103	24	106	25	105	26	101	27	120	28	100	29	117	30	103	31	118	32	106	33	119	34	101	35	100	36	114	37	104	38	112	39	109	40	110	41	104	42	109	43	112	44	112	45	115	46	115	47	114	48	105	49	107	
	0	113	1	102	2	119	3	101	4	105	5	102	6	118	7	106	8	111	9	104	10	106	11	101	12	117	13	120	14	118	15	107	16	103	17	116	18	102	19	115	20	106	21	103	22	102	23	109	24	117	25	102	26	107	27	118	28	108	29	118	30	107	31	119	32	116	33	115	34	107	35	108	36	105	37	113	38	110	39	107	40	112	41	109	42	120	43	108	44	120	45	104	46	107	47	103	48	115	49	110	
	0	110	1	103	2	102	3	103	4	120	5	119	6	111	7	108	8	113	9	119	10	104	11	108	12	116	13	118	14	116	15	106	16	111	17	110	18	117	19	107	20	109	21	118	22	113	23	109	24	102	25	101	26	115	27	120	28	106	29	117	30	114	31	103	32	113	33	107	34	112	35	111	36	110	37	103	38	119	39	115	40	118	41	111	42	116	43	109	44	109	45	100	46	110	47	115	48	100	49	113	
	0	102	1	119	2	117	3	111	4	115	5	116	6	119	7	103	8	105	9	103	10	115	11	108	12	101	13	113	14	109	15	117	16	112	17	113	18	104	19	118	20	107	21	116	22	120	23	106	24	109	25	109	26	117	27	104	28	100	29	120	30	101	31	113	32	101	33	111	34	106	35	117	36	109	37	113	38	113	39	112	40	109	41	105	42	109	43	105	44	108	45	113	46	105	47	110	48	103	49	107	
	0	117	1	103	2	105	3	110	4	117	5	108	6	109	7	109	8	111	9	112	10	102	11	114	12	107	13	118	14	111	15	120	16	119	17	109	18	101	19	105	20	113	21	116	22	114	23	113	24	120	25	103	26	120	27	119	28	103	29	119	30	107	31	111	32	105	33	116	34	104	35	115	36	116	37	111	38	101	39	118	40	103	41	106	42	107	43	112	44	111	45	103	46	110	47	101	48	104	49	100	
	0	103	1	108	2	111	3	120	4	107	5	107	6	105	7	107	8	116	9	109	10	101	11	112	12	118	13	100	14	107	15	116	16	107	17	105	18	100	19	105	20	109	21	105	22	109	23	109	24	106	25	112	26	110	27	119	28	116	29	110	30	112	31	120	32	103	33	107	34	108	35	108	36	113	37	105	38	107	39	120	40	102	41	114	42	120	43	120	44	104	45	113	46	114	47	101	48	113	49	111	
	0	117	1	118	2	112	3	101	4	116	5	102	6	110	7	108	8	109	9	107	10	106	11	100	12	120	13	105	14	109	15	112	16	102	17	105	18	114	19	111	20	100	21	114	22	110	23	114	24	105	25	107	26	113	27	120	28	109	29	119	30	110	31	109	32	117	33	111	34	105	35	100	36	120	37	102	38	100	39	102	40	112	41	106	42	111	43	110	44	108	45	112	46	108	47	111	48	118	49	114	
	0	105	1	105	2	113	3	118	4	100	5	106	6	118	7	105	8	119	9	108	10	112	11	115	12	119	13	119	14	109	15	114	16	111	17	112	18	101	19	101	20	105	21	118	22	114	23	117	24	104	25	104	26	100	27	113	28	116	29	120	30	113	31	105	32	105	33	108	34	105	35	120	36	111	37	101	38	111	39	100	40	109	41	102	42	108	43	119	44	107	45	104	46	113	47	115	48	101	49	118	
	0	111	1	107	2	108	3	117	4	109	5	117	6	100	7	102	8	113	9	114	10	110	11	110	12	115	13	107	14	103	15	118	16	102	17	108	18	115	19	120	20	108	21	112	22	105	23	103	24	114	25	117	26	110	27	115	28	104	29	110	30	107	31	107	32	119	33	109	34	102	35	108	36	118	37	120	38	109	39	117	40	116	41	109	42	110	43	111	44	111	45	100	46	116	47	107	48	116	49	110	
	0	109	1	107	2	115	3	108	4	101	5	120	6	110	7	116	8	108	9	101	10	112	11	111	12	113	13	110	14	109	15	111	16	104	17	117	18	101	19	111	20	110	21	100	22	112	23	120	24	118	25	102	26	106	27	110	28	103	29	108	30	110	31	116	32	120	33	105	34	115	35	119	36	112	37	106	38	120	39	113	40	103	41	101	42	102	43	112	44	106	45	109	46	111	47	104	48	109	49	109	
	0	113	1	105	2	109	3	116	4	116	5	113	6	103	7	108	8	111	9	111	10	115	11	111	12	118	13	102	14	118	15	114	16	114	17	107	18	106	19	110	20	120	21	117	22	101	23	105	24	102	25	103	26	119	27	111	28	117	29	102	30	120	31	109	32	116	33	113	34	101	35	114	36	107	37	119	38	102	39	104	40	100	41	114	42	119	43	109	44	115	45	113	46	103	47	118	48	105	49	113	
	0	119	1	119	2	109	3	120	4	118	5	111	6	114	7	101	8	106	9	115	10	102	11	116	12	112	13	115	14	120	15	104	16	120	17	101	18	105	19	113	20	116	21	109	22	117	23	117	24	102	25	104	26	111	27	103	28	119	29	100	30	110	31	113	32	110	33	108	34	120	35	108	36	113	37	103	38	107	39	113	40	101	41	120	42	108	43	112	44	101	45	120	46	105	47	120	48	119	49	118	
	0	106	1	103	2	117	3	103	4	100	5	120	6	117	7	118	8	100	9	111	10	102	11	104	12	106	13	100	14	116	15	109	16	101	17	107	18	110	19	118	20	110	21	110	22	103	23	120	24	109	25	100	26	110	27	105	28	106	29	112	30	117	31	105	32	118	33	115	34	100	35	100	36	107	37	120	38	115	39	119	40	113	41	117	42	109	43	117	44	107	45	102	46	120	47	105	48	100	49	120	
	0	113	1	102	2	113	3	100	4	109	5	114	6	120	7	103	8	107	9	102	10	109	11	118	12	105	13	112	14	104	15	118	16	114	17	114	18	101	19	109	20	114	21	103	22	109	23	113	24	101	25	101	26	113	27	117	28	117	29	116	30	114	31	107	32	114	33	109	34	113	35	104	36	110	37	113	38	102	39	109	40	119	41	100	42	117	43	104	44	110	45	113	46	109	47	101	48	111	49	120	
	0	120	1	109	2	102	3	101	4	102	5	115	6	107	7	117	8	103	9	107	10	110	11	112	12	115	13	117	14	117	15	101	16	110	17	108	18	104	19	100	20	105	21	109	22	105	23	116	24	112	25	103	26	103	27	118	28	119	29	117	30	104	31	108	32	114	33	101	34	101	35	117	36	112	37	100	38	119	39	105	40	115	41	100	42	119	43	104	44	116	45	113	46	108	47	118	48	112	49	108	
	0	100	1	118	2	100	3	120	4	119	5	113	6	115	7	101	8	114	9	120	10	108	11	114	12	109	13	119	14	110	15	118	16	110	17	110	18	117	19	118	20	101	21	106	22	120	23	111	24	104	25	116	26	100	27	113	28	109	29	116	30	113	31	100	32	104	33	120	34	115	35	102	36	113	37	115	38	111	39	120	40	107	41	114	42	103	43	108	44	106	45	107	46	120	47	117	48	115	49	120	
	0	109	1	115	2	114	3	114	4	116	5	116	6	111	7	115	8	106	9	116	10	115	11	111	12	114	13	116	14	110	15	101	16	101	17	113	18	116	19	119	20	111	21	106	22	112	23	115	24	119	25	116	26	106	27	107	28	101	29	104	30	109	31	114	32	104	33	104	34	104	35	115	36	101	37	119	38	120	39	109	40	110	41	118	42	106	43	107	44	106	45	107	46	120	47	118	48	119	49	110	
	0	115	1	116	2	120	3	116	4	116	5	113	6	109	7	105	8	115	9	106	10	113	11	110	12	120	13	115	14	102	15	113	16	118	17	107	18	120	19	106	20	108	21	115	22	108	23	115	24	112	25	111	26	120	27	115	28	103	29	106	30	100	31	116	32	118	33	103	34	104	35	114	36	100	37	103	38	112	39	120	40	103	41	107	42	106	43	117	44	114	45	118	46	116	47	119	48	120	49	119	
	0	102	1	119	2	119	3	114	4	100	5	108	6	119	7	111	8	111	9	105	10	114	11	113	12	105	13	109	14	114	15	107	16	105	17	114	18	118	19	109	20	111	21	108	22	112	23	107	24	114	25	101	26	104	27	118	28	105	29	113	30	108	31	113	32	115	33	107	34	112	35	105	36	116	37	114	38	107	39	114	40	112	41	117	42	102	43	113	44	112	45	109	46	107	47	101	48	110	49	116	
	0	101	1	108	2	114	3	120	4	108	5	102	6	105	7	108	8	118	9	107	10	104	11	113	12	101	13	116	14	115	15	111	16	111	17	104	18	120	19	119	20	113	21	113	22	106	23	101	24	111	25	112	26	104	27	118	28	108	29	107	30	119	31	108	32	117	33	114	34	117	35	100	36	113	37	107	38	115	39	105	40	104	41	106	42	105	43	102	44	101	45	113	46	102	47	113	48	107	49	114	
	0	113	1	120	2	115	3	106	4	115	5	118	6	111	7	102	8	112	9	105	10	106	11	119	12	120	13	100	14	116	15	107	16	107	17	107	18	115	19	100	20	100	21	104	22	117	23	102	24	108	25	118	26	109	27	108	28	117	29	106	30	106	31	101	32	118	33	110	34	117	35	104	36	117	37	113	38	105	39	109	40	108	41	113	42	107	43	114	44	117	45	111	46	115	47	118	48	106	49	104	
	0	108	1	112	2	107	3	111	4	120	5	110	6	119	7	119	8	103	9	117	10	103	11	103	12	117	13	110	14	110	15	113	16	111	17	116	18	116	19	115	20	110	21	103	22	108	23	105	24	101	25	113	26	114	27	111	28	110	29	118	30	102	31	102	32	106	33	115	34	111	35	104	36	114	37	107	38	110	39	104	40	112	41	115	42	104	43	100	44	120	45	106	46	114	47	120	48	118	49	106	
	0	117	1	110	2	105	3	106	4	107	5	103	6	101	7	113	8	102	9	110	10	107	11	120	12	107	13	103	14	100	15	119	16	119	17	112	18	114	19	119	20	112	21	102	22	101	23	104	24	111	25	105	26	113	27	106	28	104	29	111	30	102	31	102	32	112	33	104	34	111	35	111	36	104	37	110	38	111	39	116	40	102	41	117	42	107	43	100	44	114	45	101	46	104	47	120	48	120	49	110	
	0	106	1	108	2	109	3	118	4	101	5	116	6	100	7	111	8	107	9	115	10	105	11	113	12	112	13	108	14	113	15	117	16	106	17	111	18	115	19	120	20	100	21	100	22	108	23	113	24	115	25	109	26	120	27	112	28	101	29	115	30	114	31	111	32	104	33	113	34	118	35	100	36	102	37	103	38	113	39	103	40	115	41	112	42	108	43	106	44	105	45	119	46	115	47	113	48	100	49	100	
	0	101	1	102	2	114	3	110	4	108	5	115	6	106	7	110	8	115	9	100	10	110	11	103	12	118	13	109	14	114	15	108	16	115	17	114	18	102	19	108	20	101	21	101	22	107	23	118	24	116	25	113	26	118	27	117	28	104	29	117	30	109	31	113	32	107	33	109	34	114	35	110	36	108	37	100	38	100	39	111	40	103	41	100	42	102	43	119	44	101	45	114	46	113	47	102	48	115	49	105	
	0	116	1	100	2	116	3	109	4	113	5	106	6	101	7	105	8	102	9	103	10	102	11	107	12	102	13	101	14	113	15	118	16	115	17	114	18	114	19	109	20	120	21	114	22	104	23	115	24	112	25	100	26	106	27	119	28	119	29	107	30	101	31	116	32	106	33	105	34	107	35	113	36	108	37	108	38	101	39	111	40	114	41	112	42	107	43	109	44	117	45	111	46	103	47	114	48	113	49	105	
	0	104	1	101	2	113	3	108	4	113	5	113	6	102	7	118	8	110	9	111	10	114	11	118	12	102	13	106	14	111	15	100	16	101	17	103	18	116	19	108	20	107	21	120	22	108	23	105	24	114	25	112	26	104	27	108	28	117	29	120	30	106	31	101	32	113	33	106	34	117	35	113	36	113	37	106	38	114	39	117	40	118	41	102	42	101	43	103	44	114	45	108	46	115	47	117	48	117	49	110	
	0	103	1	109	2	103	3	113	4	101	5	114	6	105	7	119	8	110	9	104	10	107	11	103	12	116	13	110	14	102	15	110	16	109	17	120	18	109	19	116	20	118	21	108	22	115	23	101	24	111	25	119	26	102	27	112	28	118	29	107	30	111	31	118	32	113	33	104	34	107	35	101	36	114	37	114	38	113	39	106	40	108	41	120	42	117	43	120	44	102	45	106	46	118	47	107	48	102	49	100	
	0	107	1	119	2	120	3	104	4	113	5	115	6	100	7	108	8	109	9	118	10	120	11	120	12	120	13	111	14	112	15	113	16	116	17	115	18	108	19	106	20	109	21	109	22	114	23	116	24	102	25	104	26	100	27	113	28	120	29	100	30	101	31	112	32	113	33	109	34	100	35	100	36	103	37	104	38	110	39	116	40	114	41	110	42	117	43	117	44	106	45	118	46	106	47	104	48	104	49	102	
	0	118	1	118	2	115	3	107	4	113	5	108	6	113	7	109	8	104	9	117	10	106	11	101	12	102	13	116	14	113	15	111	16	106	17	120	18	103	19	101	20	119	21	102	22	104	23	107	24	107	25	109	26	108	27	111	28	116	29	116	30	111	31	114	32	113	33	107	34	100	35	110	36	117	37	111	38	104	39	119	40	120	41	101	42	111	43	120	44	109	45	116	46	120	47	112	48	113	49	110	
	0	107	1	108	2	117	3	101	4	119	5	100	6	117	7	111	8	106	9	113	10	100	11	100	12	120	13	102	14	111	15	108	16	108	17	116	18	103	19	102	20	100	21	111	22	117	23	100	24	107	25	115	26	120	27	102	28	118	29	103	30	110	31	100	32	115	33	105	34	115	35	101	36	114	37	110	38	108	39	105	40	109	41	118	42	119	43	110	44	111	45	107	46	100	47	109	48	100	49	100	
	0	106	1	118	2	107	3	114	4	102	5	111	6	110	7	115	8	113	9	109	10	103	11	104	12	112	13	104	14	103	15	120	16	104	17	114	18	104	19	117	20	113	21	108	22	108	23	109	24	111	25	113	26	119	27	110	28	112	29	106	30	112	31	103	32	118	33	105	34	120	35	107	36	112	37	108	38	119	39	101	40	119	41	112	42	101	43	100	44	115	45	115	46	118	47	115	48	103	49	106	
	0	117	1	114	2	116	3	103	4	100	5	115	6	101	7	107	8	115	9	115	10	100	11	109	12	112	13	105	14	116	15	118	16	117	17	102	18	104	19	112	20	120	21	110	22	115	23	102	24	102	25	109	26	117	27	117	28	116	29	111	30	103	31	104	32	101	33	105	34	102	35	116	36	100	37	101	38	101	39	110	40	102	41	114	42	102	43	109	44	104	45	103	46	102	47	110	48	103	49	104	
	0	119	1	109	2	109	3	116	4	100	5	114	6	113	7	118	8	102	9	118	10	116	11	119	12	103	13	107	14	119	15	104	16	108	17	100	18	100	19	109	20	109	21	103	22	109	23	108	24	105	25	110	26	119	27	102	28	101	29	120	30	102	31	109	32	118	33	115	34	101	35	102	36	108	37	101	38	101	39	103	40	115	41	114	42	118	43	119	44	114	45	107	46	105	47	118	48	108	49	114	
	0	102	1	106	2	120	3	101	4	109	5	103	6	102	7	101	8	109	9	111	10	114	11	113	12	120	13	105	14	100	15	113	16	119	17	105	18	113	19	103	20	101	21	113	22	106	23	108	24	114	25	120	26	105	27	119	28	111	29	117	30	100	31	101	32	117	33	106	34	112	35	103	36	109	37	112	38	106	39	113	40	108	41	102	42	105	43	109	44	119	45	109	46	115	47	117	48	116	49	102	
	0	103	1	108	2	104	3	120	4	108	5	104	6	115	7	114	8	101	9	119	10	103	11	115	12	115	13	115	14	120	15	119	16	105	17	104	18	111	19	116	20	105	21	120	22	107	23	115	24	107	25	102	26	113	27	120	28	117	29	116	30	107	31	111	32	103	33	104	34	112	35	100	36	101	37	104	38	111	39	118	40	102	41	101	42	102	43	113	44	120	45	116	46	105	47	108	48	111	49	113	
	0	102	1	120	2	119	3	109	4	107	5	107	6	105	7	107	8	110	9	102	10	118	11	109	12	115	13	118	14	113	15	107	16	101	17	118	18	101	19	117	20	101	21	120	22	117	23	117	24	109	25	108	26	113	27	106	28	107	29	104	30	106	31	105	32	109	33	100	34	105	35	117	36	110	37	110	38	112	39	106	40	102	41	110	42	115	43	120	44	103	45	111	46	102	47	104	48	119	49	109	
	0	119	1	110	2	120	3	109	4	105	5	114	6	113	7	104	8	119	9	118	10	119	11	110	12	106	13	112	14	101	15	106	16	120	17	111	18	115	19	102	20	103	21	116	22	114	23	100	24	114	25	117	26	111	27	103	28	109	29	106	30	118	31	117	32	109	33	116	34	107	35	110	36	103	37	109	38	106	39	118	40	106	41	100	42	117	43	110	44	111	45	100	46	104	47	104	48	106	49	114	
	0	119	1	107	2	118	3	111	4	112	5	100	6	108	7	108	8	117	9	103	10	106	11	102	12	108	13	100	14	114	15	105	16	112	17	115	18	115	19	103	20	103	21	119	22	109	23	116	24	100	25	103	26	120	27	112	28	116	29	112	30	120	31	104	32	109	33	106	34	109	35	105	36	107	37	114	38	118	39	117	40	105	41	106	42	113	43	116	44	108	45	114	46	105	47	100	48	108	49	105	
	0	120	1	119	2	116	3	120	4	113	5	113	6	109	7	120	8	105	9	107	10	110	11	114	12	118	13	109	14	101	15	119	16	116	17	107	18	109	19	109	20	106	21	112	22	102	23	100	24	116	25	105	26	114	27	101	28	102	29	104	30	113	31	112	32	115	33	107	34	116	35	102	36	116	37	109	38	117	39	109	40	114	41	112	42	108	43	100	44	115	45	101	46	119	47	103	48	103	49	110	
	0	104	1	110	2	107	3	111	4	101	5	109	6	106	7	120	8	102	9	116	10	101	11	119	12	107	13	103	14	120	15	120	16	104	17	100	18	109	19	106	20	114	21	105	22	120	23	117	24	111	25	110	26	107	27	116	28	104	29	112	30	102	31	114	32	102	33	113	34	108	35	110	36	104	37	118	38	100	39	113	40	116	41	120	42	116	43	101	44	109	45	117	46	103	47	106	48	114	49	116	
	0	110	1	106	2	109	3	119	4	109	5	118	6	100	7	100	8	104	9	117	10	104	11	116	12	118	13	115	14	105	15	119	16	101	17	119	18	111	19	118	20	114	21	109	22	107	23	108	24	100	25	102	26	111	27	104	28	107	29	105	30	118	31	105	32	113	33	116	34	101	35	102	36	109	37	108	38	116	39	117	40	103	41	102	42	118	43	111	44	113	45	104	46	108	47	117	48	119	49	109	
	0	118	1	102	2	111	3	116	4	111	5	103	6	114	7	101	8	100	9	119	10	116	11	112	12	114	13	108	14	108	15	101	16	106	17	112	18	105	19	102	20	112	21	102	22	114	23	110	24	109	25	114	26	107	27	100	28	103	29	102	30	103	31	105	32	113	33	104	34	120	35	101	36	112	37	119	38	110	39	111	40	116	41	102	42	115	43	116	44	101	45	118	46	118	47	113	48	113	49	104	
	0	100	1	109	2	120	3	107	4	109	5	110	6	120	7	104	8	101	9	107	10	101	11	107	12	117	13	110	14	102	15	110	16	111	17	101	18	106	19	118	20	105	21	117	22	112	23	117	24	119	25	118	26	119	27	118	28	116	29	117	30	119	31	114	32	115	33	102	34	100	35	120	36	117	37	108	38	112	39	116	40	113	41	117	42	120	43	109	44	113	45	100	46	110	47	102	48	110	49	117	
	0	105	1	116	2	112	3	120	4	120	5	114	6	107	7	105	8	115	9	114	10	110	11	105	12	100	13	110	14	115	15	117	16	110	17	107	18	105	19	104	20	107	21	107	22	120	23	114	24	115	25	114	26	112	27	115	28	117	29	112	30	114	31	110	32	120	33	105	34	119	35	117	36	113	37	108	38	118	39	118	40	109	41	100	42	114	43	116	44	107	45	114	46	106	47	118	48	111	49	116	
	0	103	1	111	2	105	3	104	4	113	5	110	6	111	7	105	8	101	9	116	10	105	11	119	12	111	13	108	14	109	15	100	16	103	17	116	18	101	19	110	20	108	21	109	22	109	23	113	24	101	25	107	26	101	27	102	28	106	29	101	30	102	31	120	32	103	33	118	34	114	35	104	36	102	37	100	38	104	39	104	40	116	41	106	42	115	43	104	44	116	45	111	46	106	47	114	48	100	49	114	
	0	109	1	111	2	112	3	110	4	118	5	119	6	101	7	108	8	100	9	107	10	118	11	115	12	109	13	115	14	112	15	110	16	112	17	119	18	119	19	114	20	105	21	117	22	104	23	113	24	116	25	106	26	105	27	105	28	104	29	100	30	102	31	109	32	120	33	104	34	108	35	112	36	114	37	116	38	100	39	113	40	104	41	101	42	111	43	116	44	120	45	111	46	109	47	104	48	102	49	111	
	0	107	1	113	2	103	3	110	4	100	5	116	6	118	7	101	8	113	9	106	10	116	11	119	12	111	13	103	14	114	15	108	16	118	17	112	18	102	19	100	20	102	21	100	22	102	23	104	24	100	25	120	26	106	27	102	28	107	29	115	30	109	31	108	32	104	33	116	34	104	35	111	36	108	37	113	38	119	39	112	40	120	41	110	42	110	43	107	44	105	45	105	46	100	47	101	48	100	49	104	
	0	105	1	101	2	112	3	113	4	110	5	113	6	107	7	115	8	116	9	114	10	109	11	105	12	111	13	112	14	101	15	111	16	118	17	120	18	102	19	109	20	111	21	107	22	102	23	106	24	113	25	117	26	109	27	111	28	100	29	114	30	116	31	111	32	100	33	114	34	105	35	104	36	107	37	100	38	113	39	109	40	101	41	115	42	107	43	109	44	114	45	114	46	108	47	112	48	118	49	100	
	0	103	1	120	2	119	3	119	4	109	5	109	6	117	7	107	8	103	9	102	10	115	11	104	12	111	13	107	14	106	15	100	16	109	17	103	18	112	19	106	20	104	21	115	22	113	23	102	24	101	25	107	26	118	27	120	28	117	29	111	30	117	31	117	32	120	33	105	34	100	35	102	36	105	37	119	38	120	39	104	40	108	41	120	42	103	43	118	44	116	45	104	46	117	47	109	48	104	49	105	
	0	114	1	107	2	120	3	116	4	104	5	109	6	100	7	117	8	116	9	118	10	118	11	102	12	120	13	114	14	116	15	103	16	102	17	113	18	111	19	107	20	115	21	101	22	116	23	120	24	107	25	114	26	109	27	101	28	112	29	101	30	116	31	105	32	111	33	108	34	100	35	112	36	118	37	118	38	103	39	103	40	106	41	116	42	120	43	117	44	102	45	104	46	113	47	103	48	108	49	117	
	0	105	1	104	2	100	3	100	4	108	5	110	6	106	7	108	8	106	9	108	10	105	11	108	12	100	13	113	14	113	15	109	16	117	17	116	18	120	19	111	20	112	21	106	22	104	23	101	24	108	25	107	26	109	27	108	28	105	29	114	30	109	31	109	32	120	33	119	34	100	35	109	36	109	37	110	38	101	39	103	40	103	41	102	42	117	43	100	44	111	45	112	46	107	47	111	48	120	49	110	
	0	118	1	114	2	103	3	111	4	115	5	117	6	105	7	109	8	102	9	100	10	106	11	116	12	118	13	104	14	109	15	115	16	114	17	113	18	113	19	110	20	115	21	114	22	117	23	100	24	116	25	104	26	100	27	101	28	103	29	108	30	116	31	104	32	118	33	106	34	108	35	109	36	110	37	104	38	117	39	119	40	107	41	100	42	120	43	116	44	114	45	120	46	102	47	104	48	112	49	114	
	0	117	1	107	2	111	3	102	4	103	5	110	6	118	7	104	8	116	9	105	10	112	11	112	12	116	13	105	14	117	15	109	16	112	17	120	18	120	19	102	20	105	21	109	22	111	23	112	24	105	25	115	26	103	27	108	28	113	29	108	30	118	31	115	32	101	33	117	34	111	35	120	36	108	37	106	38	105	39	120	40	101	41	112	42	108	43	115	44	119	45	100	46	111	47	110	48	115	49	100	
	0	101	1	110	2	120	3	107	4	106	5	113	6	112	7	113	8	105	9	109	10	118	11	115	12	117	13	118	14	108	15	109	16	110	17	117	18	120	19	106	20	120	21	105	22	113	23	112	24	108	25	117	26	116	27	110	28	118	29	118	30	114	31	106	32	118	33	115	34	111	35	105	36	102	37	108	38	117	39	109	40	117	41	107	42	111	43	116	44	118	45	109	46	110	47	117	48	115	49	115	
	0	113	1	106	2	120	3	117	4	104	5	109	6	115	7	112	8	103	9	104	10	102	11	117	12	102	13	110	14	112	15	108	16	110	17	102	18	119	19	112	20	103	21	104	22	106	23	115	24	106	25	100	26	116	27	116	28	120	29	102	30	112	31	120	32	107	33	110	34	117	35	108	36	115	37	114	38	102	39	109	40	107	41	110	42	113	43	111	44	118	45	112	46	107	47	113	48	109	49	110	
	0	106	1	102	2	109	3	113	4	103	5	102	6	113	7	104	8	113	9	100	10	106	11	105	12	102	13	113	14	117	15	117	16	119	17	120	18	100	19	114	20	103	21	112	22	108	23	115	24	102	25	117	26	111	27	116	28	119	29	111	30	117	31	102	32	113	33	114	34	101	35	108	36	101	37	107	38	114	39	103	40	118	41	119	42	117	43	100	44	118	45	104	46	112	47	120	48	106	49	111	
	0	114	1	120	2	110	3	109	4	114	5	119	6	101	7	110	8	111	9	117	10	112	11	117	12	108	13	114	14	104	15	102	16	115	17	116	18	116	19	115	20	108	21	110	22	114	23	101	24	109	25	113	26	117	27	103	28	115	29	110	30	109	31	109	32	119	33	110	34	107	35	115	36	112	37	107	38	115	39	115	40	110	41	109	42	117	43	104	44	116	45	104	46	115	47	106	48	107	49	114	
	0	105	1	104	2	116	3	105	4	106	5	110	6	115	7	120	8	100	9	112	10	120	11	101	12	100	13	103	14	120	15	105	16	108	17	107	18	105	19	116	20	111	21	113	22	103	23	100	24	109	25	118	26	106	27	101	28	120	29	120	30	106	31	113	32	111	33	117	34	105	35	107	36	114	37	108	38	115	39	104	40	107	41	104	42	113	43	120	44	105	45	119	46	102	47	102	48	109	49	102	
	0	104	1	116	2	107	3	106	4	119	5	100	6	115	7	104	8	117	9	113	10	107	11	100	12	108	13	107	14	102	15	101	16	113	17	100	18	115	19	120	20	105	21	119	22	118	23	101	24	108	25	115	26	119	27	108	28	114	29	117	30	111	31	110	32	103	33	102	34	108	35	107	36	104	37	100	38	101	39	118	40	116	41	119	42	110	43	107	44	113	45	120	46	106	47	106	48	111	49	112	
	0	103	1	111	2	101	3	114	4	113	5	105	6	112	7	102	8	116	9	110	10	101	11	109	12	115	13	101	14	116	15	110	16	114	17	113	18	113	19	116	20	100	21	115	22	110	23	115	24	115	25	103	26	117	27	112	28	104	29	110	30	100	31	119	32	102	33	106	34	103	35	108	36	118	37	117	38	108	39	116	40	101	41	107	42	113	43	116	44	111	45	100	46	111	47	105	48	120	49	107	
	0	116	1	103	2	108	3	107	4	107	5	100	6	115	7	106	8	118	9	100	10	114	11	100	12	112	13	109	14	111	15	120	16	119	17	120	18	111	19	113	20	118	21	111	22	118	23	111	24	109	25	104	26	104	27	102	28	105	29	109	30	115	31	101	32	115	33	100	34	100	35	102	36	113	37	117	38	119	39	111	40	103	41	117	42	108	43	100	44	110	45	103	46	102	47	114	48	119	49	117	
	0	110	1	118	2	108	3	118	4	107	5	118	6	106	7	106	8	117	9	120	10	110	11	102	12	109	13	102	14	116	15	111	16	111	17	100	18	116	19	106	20	100	21	105	22	112	23	102	24	110	25	117	26	117	27	103	28	107	29	114	30	105	31	117	32	115	33	106	34	115	35	105	36	110	37	112	38	112	39	119	40	107	41	113	42	102	43	115	44	116	45	105	46	115	47	108	48	118	49	105	
	0	118	1	104	2	103	3	109	4	111	5	115	6	111	7	109	8	103	9	111	10	113	11	102	12	115	13	100	14	115	15	115	16	101	17	119	18	113	19	117	20	113	21	108	22	105	23	114	24	106	25	110	26	114	27	102	28	113	29	112	30	120	31	114	32	112	33	115	34	115	35	118	36	109	37	117	38	117	39	117	40	115	41	111	42	103	43	116	44	100	45	115	46	101	47	117	48	106	49	115	
	0	108	1	119	2	111	3	112	4	110	5	119	6	110	7	112	8	116	9	100	10	117	11	111	12	118	13	119	14	119	15	106	16	109	17	111	18	109	19	102	20	120	21	112	22	112	23	108	24	101	25	100	26	106	27	119	28	103	29	105	30	117	31	118	32	112	33	117	34	105	35	113	36	112	37	108	38	117	39	117	40	117	41	100	42	103	43	116	44	101	45	119	46	117	47	120	48	114	49	118	
	0	116	1	109	2	117	3	103	4	106	5	100	6	115	7	109	8	117	9	113	10	110	11	103	12	112	13	113	14	113	15	114	16	104	17	100	18	109	19	105	20	120	21	119	22	101	23	114	24	105	25	113	26	104	27	105	28	101	29	109	30	102	31	115	32	116	33	112	34	100	35	118	36	106	37	107	38	119	39	106	40	116	41	117	42	104	43	120	44	102	45	106	46	107	47	101	48	101	49	115	
	0	105	1	106	2	100	3	114	4	111	5	101	6	114	7	119	8	100	9	106	10	111	11	118	12	112	13	108	14	106	15	105	16	104	17	101	18	103	19	100	20	116	21	101	22	116	23	105	24	119	25	111	26	101	27	102	28	112	29	113	30	117	31	103	32	112	33	110	34	104	35	103	36	117	37	116	38	103	39	105	40	107	41	101	42	101	43	117	44	110	45	113	46	102	47	106	48	111	49	116	
	0	115	1	113	2	104	3	116	4	103	5	120	6	111	7	117	8	116	9	106	10	120	11	110	12	111	13	109	14	111	15	119	16	105	17	106	18	111	19	105	20	109	21	115	22	111	23	100	24	113	25	111	26	103	27	104	28	118	29	105	30	100	31	104	32	116	33	118	34	117	35	110	36	111	37	112	38	107	39	111	40	112	41	118	42	100	43	111	44	112	45	113	46	117	47	100	48	105	49	102	
	0	118	1	102	2	113	3	116	4	102	5	119	6	105	7	109	8	118	9	109	10	110	11	117	12	110	13	113	14	101	15	100	16	106	17	118	18	116	19	120	20	109	21	103	22	109	23	101	24	111	25	104	26	111	27	101	28	108	29	115	30	103	31	118	32	111	33	109	34	108	35	118	36	120	37	115	38	119	39	114	40	104	41	117	42	113	43	102	44	116	45	106	46	107	47	111	48	116	49	120	
	0	112	1	103	2	120	3	113	4	104	5	108	6	108	7	117	8	117	9	107	10	116	11	103	12	105	13	115	14	102	15	120	16	104	17	102	18	103	19	108	20	104	21	107	22	120	23	108	24	113	25	106	26	102	27	113	28	103	29	107	30	110	31	109	32	103	33	113	34	113	35	113	36	108	37	101	38	102	39	119	40	103	41	117	42	102	43	117	44	116	45	110	46	102	47	118	48	114	49	112	
	0	113	1	102	2	113	3	118	4	111	5	116	6	113	7	116	8	111	9	111	10	117	11	106	12	115	13	111	14	108	15	113	16	120	17	112	18	113	19	111	20	118	21	111	22	101	23	110	24	120	25	105	26	113	27	117	28	100	29	115	30	117	31	120	32	120	33	110	34	111	35	104	36	112	37	114	38	107	39	112	40	113	41	109	42	116	43	100	44	113	45	114	46	116	47	117	48	100	49	109	
	0	106	1	108	2	109	3	110	4	120	5	108	6	108	7	119	8	105	9	105	10	112	11	110	12	103	13	116	14	103	15	109	16	100	17	106	18	112	19	111	20	111	21	100	22	106	23	102	24	107	25	112	26	115	27	116	28	102	29	101	30	117	31	117	32	119	33	107	34	113	35	115	36	102	37	107	38	114	39	107	40	112	41	116	42	111	43	108	44	113	45	104	46	120	47	119	48	101	49	109	
	0	109	1	103	2	118	3	111	4	100	5	116	6	101	7	103	8	110	9	108	10	107	11	111	12	114	13	102	14	115	15	112	16	100	17	100	18	109	19	112	20	103	21	111	22	103	23	102	24	117	25	113	26	120	27	115	28	115	29	114	30	114	31	113	32	119	33	109	34	118	35	104	36	111	37	120	38	112	39	110	40	102	41	103	42	101	43	102	44	104	45	110	46	110	47	112	48	119	49	101	
	0	113	1	111	2	111	3	115	4	110	5	105	6	107	7	103	8	120	9	113	10	109	11	119	12	106	13	105	14	100	15	117	16	117	17	109	18	117	19	115	20	103	21	112	22	103	23	101	24	101	25	119	26	103	27	110	28	102	29	120	30	119	31	111	32	112	33	116	34	108	35	100	36	114	37	104	38	117	39	119	40	119	41	104	42	109	43	102	44	118	45	114	46	113	47	109	48	104	49	114	
	0	111	1	102	2	113	3	120	4	102	5	108	6	117	7	100	8	114	9	118	10	102	11	115	12	104	13	112	14	100	15	110	16	107	17	115	18	103	19	108	20	115	21	113	22	112	23	103	24	115	25	110	26	105	27	106	28	113	29	112	30	107	31	112	32	111	33	101	34	112	35	120	36	114	37	107	38	117	39	111	40	120	41	116	42	107	43	119	44	117	45	103	46	109	47	103	48	100	49	119	
	0	113	1	106	2	100	3	105	4	115	5	117	6	116	7	101	8	110	9	101	10	113	11	112	12	113	13	103	14	117	15	106	16	101	17	115	18	108	19	105	20	117	21	115	22	108	23	106	24	116	25	118	26	108	27	117	28	117	29	116	30	101	31	118	32	112	33	101	34	102	35	112	36	107	37	104	38	104	39	109	40	100	41	102	42	101	43	120	44	103	45	118	46	103	47	106	48	112	49	102	
	0	106	1	120	2	102	3	110	4	115	5	105	6	119	7	118	8	111	9	117	10	119	11	113	12	119	13	117	14	120	15	112	16	119	17	102	18	106	19	114	20	111	21	103	22	111	23	100	24	112	25	103	26	103	27	114	28	112	29	108	30	103	31	118	32	115	33	114	34	103	35	111	36	110	37	113	38	119	39	119	40	118	41	100	42	114	43	117	44	106	45	115	46	105	47	120	48	103	49	108	
	0	101	1	109	2	108	3	112	4	113	5	116	6	107	7	104	8	115	9	117	10	110	11	103	12	108	13	104	14	107	15	107	16	109	17	114	18	101	19	115	20	119	21	111	22	113	23	106	24	106	25	107	26	110	27	104	28	109	29	119	30	116	31	109	32	118	33	109	34	109	35	119	36	110	37	117	38	112	39	110	40	115	41	118	42	101	43	104	44	112	45	120	46	102	47	103	48	109	49	106	
	0	106	1	108	2	103	3	115	4	117	5	116	6	120	7	120	8	102	9	100	10	106	11	104	12	106	13	113	14	119	15	100	16	100	17	113	18	113	19	112	20	101	21	104	22	100	23	106	24	104	25	120	26	114	27	109	28	119	29	110	30	116	31	113	32	107	33	101	34	105	35	102	36	109	37	120	38	116	39	111	40	116	41	111	42	104	43	112	44	112	45	117	46	101	47	113	48	108	49	108	
	0	107	1	119	2	106	3	107	4	102	5	108	6	103	7	114	8	117	9	106	10	101	11	110	12	107	13	117	14	111	15	103	16	114	17	120	18	104	19	119	20	107	21	103	22	106	23	117	24	106	25	104	26	108	27	108	28	109	29	100	30	102	31	113	32	116	33	118	34	119	35	113	36	104	37	104	38	107	39	111	40	116	41	115	42	108	43	119	44	103	45	102	46	103	47	109	48	109	49	104	
	0	117	1	119	2	102	3	119	4	108	5	111	6	118	7	116	8	103	9	113	10	110	11	112	12	113	13	113	14	106	15	106	16	105	17	115	18	107	19	100	20	104	21	112	22	102	23	101	24	112	25	112	26	109	27	109	28	107	29	110	30	112	31	108	32	101	33	106	34	112	35	105	36	114	37	109	38	110	39	107	40	105	41	102	42	110	43	117	44	113	45	114	46	110	47	100	48	106	49	112	
	0	119	1	119	2	103	3	119	4	114	5	112	6	117	7	119	8	120	9	119	10	112	11	101	12	103	13	112	14	106	15	105	16	111	17	118	18	106	19	110	20	113	21	116	22	109	23	101	24	118	25	115	26	110	27	114	28	108	29	108	30	118	31	111	32	120	33	107	34	114	35	105	36	105	37	114	38	114	39	113	40	106	41	110	42	115	43	106	44	105	45	106	46	109	47	119	48	109	49	110	
	0	112	1	114	2	102	3	101	4	102	5	108	6	118	7	104	8	111	9	107	10	108	11	118	12	112	13	109	14	101	15	119	16	101	17	113	18	116	19	109	20	107	21	110	22	117	23	100	24	116	25	109	26	116	27	117	28	115	29	103	30	116	31	107	32	106	33	102	34	107	35	102	36	116	37	104	38	115	39	107	40	101	41	112	42	102	43	114	44	106	45	116	46	119	47	108	48	120	49	113	
	0	119	1	118	2	107	3	106	4	112	5	104	6	107	7	101	8	113	9	112	10	101	11	118	12	101	13	118	14	118	15	118	16	102	17	100	18	104	19	111	20	119	21	109	22	115	23	109	24	112	25	114	26	106	27	107	28	108	29	115	30	116	31	108	32	119	33	108	34	119	35	110	36	115	37	107	38	105	39	102	40	112	41	106	42	107	43	114	44	107	45	110	46	115	47	116	48	118	49	104	
	0	110	1	118	2	110	3	114	4	120	5	117	6	102	7	106	8	120	9	119	10	116	11	102	12	119	13	109	14	114	15	118	16	100	17	115	18	112	19	119	20	104	21	102	22	109	23	114	24	115	25	107	26	113	27	115	28	109	29	100	30	106	31	110	32	118	33	104	34	119	35	107	36	118	37	110	38	118	39	106	40	115	41	116	42	101	43	119	44	102	45	102	46	115	47	120	48	106	49	106	
	0	118	1	102	2	104	3	119	4	103	5	101	6	110	7	118	8	113	9	109	10	111	11	119	12	104	13	120	14	102	15	116	16	101	17	100	18	110	19	107	20	116	21	106	22	115	23	114	24	103	25	114	26	105	27	120	28	117	29	103	30	105	31	118	32	103	33	112	34	110	35	120	36	101	37	119	38	102	39	111	40	111	41	118	42	109	43	105	44	117	45	115	46	109	47	102	48	106	49	113	
	0	119	1	114	2	108	3	109	4	107	5	111	6	120	7	116	8	104	9	118	10	119	11	115	12	103	13	112	14	119	15	105	16	111	17	108	18	104	19	114	20	100	21	106	22	115	23	111	24	115	25	119	26	109	27	109	28	113	29	111	30	101	31	118	32	100	33	118	34	111	35	108	36	104	37	118	38	110	39	115	40	105	41	111	42	118	43	115	44	119	45	111	46	111	47	100	48	115	49	100	
	0	109	1	104	2	114	3	119	4	113	5	108	6	108	7	108	8	113	9	120	10	103	11	116	12	112	13	110	14	113	15	116	16	114	17	107	18	117	19	106	20	113	21	117	22	105	23	103	24	114	25	111	26	120	27	114	28	114	29	118	30	112	31	112	32	106	33	120	34	105	35	109	36	105	37	119	38	118	39	110	40	108	41	113	42	100	43	107	44	112	45	108	46	104	47	116	48	120	49	113	
	0	118	1	119	2	110	3	101	4	111	5	101	6	119	7	108	8	105	9	103	10	117	11	113	12	105	13	110	14	106	15	111	16	112	17	114	18	101	19	117	20	112	21	103	22	100	23	102	24	114	25	101	26	115	27	111	28	108	29	108	30	105	31	108	32	108	33	106	34	119	35	102	36	117	37	104	38	111	39	100	40	114	41	112	42	112	43	104	44	118	45	102	46	111	47	113	48	102	49	103	
	0	110	1	102	2	102	3	112	4	106	5	101	6	107	7	118	8	101	9	108	10	105	11	103	12	100	13	109	14	116	15	115	16	102	17	119	18	100	19	107	20	106	21	107	22	104	23	119	24	120	25	110	26	101	27	103	28	103	29	118	30	110	31	103	32	101	33	111	34	120	35	116	36	119	37	108	38	104	39	101	40	102	41	100	42	108	43	103	44	114	45	101	46	100	47	102	48	119	49	115	
	0	114	1	111	2	113	3	105	4	107	5	105	6	103	7	107	8	115	9	102	10	111	11	112	12	119	13	116	14	107	15	113	16	120	17	117	18	104	19	107	20	106	21	112	22	118	23	107	24	113	25	107	26	118	27	117	28	104	29	119	30	117	31	120	32	110	33	103	34	108	35	106	36	115	37	108	38	109	39	114	40	105	41	114	42	113	43	101	44	119	45	117	46	110	47	105	48	103	49	100	
	0	120	1	106	2	100	3	110	4	117	5	114	6	111	7	115	8	111	9	102	10	106	11	104	12	109	13	110	14	110	15	109	16	114	17	108	18	106	19	112	20	109	21	110	22	105	23	103	24	112	25	113	26	102	27	100	28	103	29	115	30	107	31	107	32	104	33	112	34	111	35	106	36	100	37	104	38	114	39	119	40	104	41	113	42	112	43	110	44	115	45	106	46	105	47	101	48	113	49	108	
	0	112	1	108	2	104	3	106	4	107	5	102	6	113	7	106	8	120	9	102	10	115	11	116	12	117	13	106	14	114	15	109	16	100	17	108	18	109	19	105	20	109	21	118	22	117	23	104	24	111	25	118	26	113	27	105	28	115	29	111	30	109	31	105	32	118	33	104	34	119	35	120	36	102	37	105	38	105	39	119	40	103	41	101	42	114	43	106	44	110	45	111	46	104	47	119	48	118	49	119	
	0	101	1	100	2	110	3	120	4	104	5	109	6	105	7	100	8	117	9	111	10	101	11	114	12	115	13	113	14	101	15	106	16	102	17	106	18	114	19	109	20	103	21	116	22	107	23	104	24	103	25	119	26	113	27	104	28	106	29	119	30	115	31	104	32	113	33	106	34	116	35	112	36	108	37	106	38	117	39	108	40	107	41	119	42	106	43	117	44	107	45	100	46	115	47	120	48	108	49	113	
	0	103	1	119	2	102	3	105	4	101	5	115	6	100	7	108	8	107	9	106	10	118	11	120	12	114	13	105	14	113	15	104	16	101	17	119	18	102	19	108	20	103	21	106	22	117	23	101	24	120	25	111	26	108	27	116	28	118	29	117	30	118	31	115	32	115	33	114	34	120	35	105	36	109	37	111	38	102	39	120	40	109	41	116	42	109	43	110	44	111	45	101	46	102	47	108	48	108	49	101	
	0	106	1	101	2	113	3	110	4	110	5	103	6	100	7	118	8	120	9	100	10	105	11	112	12	101	13	118	14	103	15	119	16	107	17	110	18	108	19	108	20	119	21	107	22	104	23	100	24	100	25	113	26	106	27	113	28	103	29	120	30	113	31	111	32	104	33	120	34	113	35	112	36	115	37	114	38	112	39	105	40	114	41	120	42	112	43	102	44	102	45	100	46	108	47	112	48	108	49	116	
	0	107	1	109	2	107	3	114	4	110	5	107	6	105	7	106	8	104	9	102	10	114	11	105	12	117	13	103	14	100	15	106	16	110	17	108	18	106	19	109	20	108	21	107	22	107	23	100	24	107	25	100	26	111	27	113	28	100	29	114	30	101	31	120	32	115	33	105	34	103	35	115	36	116	37	111	38	102	39	109	40	110	41	120	42	117	43	112	44	114	45	101	46	113	47	102	48	109	49	110	
	0	102	1	102	2	108	3	110	4	119	5	111	6	112	7	106	8	108	9	109	10	115	11	116	12	103	13	118	14	105	15	119	16	117	17	120	18	109	19	118	20	108	21	111	22	117	23	111	24	110	25	119	26	118	27	103	28	101	29	115	30	116	31	119	32	103	33	103	34	111	35	101	36	106	37	106	38	111	39	119	40	103	41	101	42	114	43	110	44	100	45	115	46	109	47	105	48	117	49	112	
	0	112	1	102	2	110	3	114	4	107	5	101	6	103	7	102	8	117	9	105	10	113	11	117	12	101	13	113	14	106	15	111	16	104	17	100	18	116	19	117	20	114	21	107	22	113	23	118	24	114	25	103	26	112	27	113	28	117	29	108	30	110	31	116	32	106	33	104	34	115	35	120	36	102	37	107	38	101	39	117	40	109	41	119	42	100	43	120	44	111	45	119	46	107	47	110	48	103	49	111	
	0	111	1	119	2	113	3	119	4	107	5	101	6	113	7	112	8	105	9	114	10	113	11	102	12	107	13	106	14	118	15	109	16	110	17	117	18	103	19	101	20	105	21	103	22	113	23	101	24	103	25	119	26	119	27	119	28	115	29	103	30	119	31	114	32	104	33	109	34	116	35	113	36	116	37	112	38	113	39	107	40	113	41	115	42	113	43	113	44	117	45	115	46	100	47	103	48	107	49	106	
	0	100	1	110	2	112	3	114	4	115	5	100	6	107	7	109	8	113	9	103	10	106	11	107	12	119	13	101	14	110	15	115	16	120	17	101	18	103	19	114	20	116	21	118	22	107	23	104	24	119	25	112	26	101	27	110	28	103	29	107	30	112	31	105	32	107	33	105	34	114	35	114	36	102	37	102	38	104	39	114	40	100	41	107	42	113	43	100	44	107	45	114	46	116	47	101	48	116	49	108	
	0	108	1	120	2	109	3	114	4	109	5	114	6	119	7	110	8	117	9	113	10	103	11	104	12	117	13	108	14	116	15	101	16	118	17	120	18	102	19	100	20	104	21	105	22	119	23	113	24	105	25	107	26	119	27	101	28	115	29	111	30	104	31	103	32	108	33	115	34	106	35	103	36	110	37	111	38	109	39	108	40	115	41	120	42	104	43	114	44	107	45	119	46	102	47	115	48	119	49	104	
	0	101	1	114	2	120	3	116	4	109	5	120	6	116	7	100	8	118	9	103	10	106	11	111	12	118	13	117	14	102	15	108	16	116	17	103	18	120	19	115	20	111	21	102	22	107	23	100	24	106	25	104	26	106	27	107	28	112	29	101	30	114	31	120	32	109	33	104	34	102	35	110	36	104	37	102	38	100	39	100	40	101	41	108	42	120	43	109	44	117	45	102	46	115	47	101	48	106	49	119	