200 50 1
50
	0	118	1	120	2	103	3	102	4	120	5	111	6	109	7	102	8	117	9	112	10	116	11	112	12	113	13	106	14	108	15	116	16	107	17	112	18	113	19	100	20	120	21	120	22	114	23	104	24	102	25	120	26	108	27	110	28	107	29	110	30	113	31	114	32	116	33	120	34	116	35	104	36	100	37	116	38	120	39	108	40	105	41	120	42	111	43	108	44	120	45	120	46	103	47	111	48	101	49	116	
	0	109	1	118	2	109	3	119	4	106	5	107	6	102	7	113	8	110	9	117	10	106	11	118	12	104	13	110	14	113	15	112	16	106	17	115	18	119	19	111	20	119	21	102	22	100	23	118	24	116	25	105	26	119	27	103	28	100	29	103	30	105	31	108	32	101	33	107	34	105	35	114	36	101	37	111	38	103	39	117	40	105	41	115	42	111	43	110	44	119	45	109	46	119	47	107	48	101	49	112	
	0	104	1	110	2	112	3	102	4	104	5	120	6	102	7	106	8	110	9	115	10	114	11	105	12	107	13	118	14	113	15	102	16	117	17	106	18	101	19	109	20	119	21	113	22	114	23	109	24	104	25	118	26	116	27	103	28	120	29	105	30	103	31	118	32	117	33	117	34	114	35	104	36	107	37	113	38	102	39	109	40	104	41	119	42	108	43	108	44	105	45	119	46	115	47	106	48	111	49	109	
	0	107	1	115	2	116	3	105	4	108	5	120	6	106	7	100	8	113	9	101	10	101	11	109	12	120	13	104	14	107	15	101	16	110	17	119	18	110	19	106	20	120	21	117	22	106	23	112	24	119	25	120	26	100	27	106	28	120	29	115	30	100	31	105	32	111	33	108	34	119	35	120	36	114	37	118	38	120	39	101	40	118	41	108	42	106	43	105	44	114	45	120	46	118	47	103	48	117	49	112	
	0	119	1	109	2	109	3	118	4	118	5	117	6	112	7	101	8	110	9	111	10	106	11	106	12	119	13	104	14	113	15	108	16	101	17	116	18	114	19	115	20	103	21	102	22	103	23	105	24	102	25	113	26	102	27	104	28	104	29	109	30	116	31	113	32	113	33	105	34	105	35	113	36	110	37	104	38	113	39	102	40	118	41	120	42	106	43	115	44	109	45	105	46	112	47	118	48	114	49	116	
	0	100	1	109	2	102	3	118	4	116	5	117	6	120	7	114	8	102	9	107	10	112	11	108	12	109	13	102	14	105	15	102	16	116	17	114	18	113	19	106	20	105	21	102	22	112	23	104	24	101	25	107	26	105	27	116	28	110	29	106	30	104	31	115	32	110	33	106	34	103	35	107	36	113	37	105	38	120	39	117	40	115	41	105	42	102	43	100	44	117	45	113	46	117	47	106	48	114	49	114	
	0	115	1	112	2	100	3	100	4	106	5	115	6	119	7	105	8	105	9	109	10	113	11	116	12	118	13	119	14	106	15	116	16	116	17	100	18	119	19	110	20	115	21	114	22	107	23	112	24	112	25	107	26	114	27	101	28	118	29	105	30	113	31	112	32	116	33	107	34	108	35	103	36	101	37	101	38	108	39	106	40	114	41	116	42	120	43	105	44	100	45	116	46	100	47	112	48	120	49	116	
	0	109	1	120	2	118	3	110	4	110	5	107	6	108	7	112	8	119	9	114	10	116	11	116	12	118	13	118	14	118	15	103	16	109	17	108	18	107	19	116	20	115	21	100	22	100	23	119	24	108	25	118	26	111	27	114	28	118	29	109	30	106	31	111	32	120	33	103	34	100	35	104	36	111	37	114	38	115	39	110	40	105	41	112	42	106	43	118	44	115	45	105	46	118	47	104	48	113	49	114	
	0	108	1	114	2	103	3	116	4	116	5	110	6	101	7	113	8	106	9	117	10	118	11	120	12	107	13	101	14	109	15	115	16	101	17	101	18	107	19	108	20	110	21	111	22	100	23	113	24	103	25	104	26	107	27	117	28	119	29	106	30	120	31	108	32	113	33	110	34	103	35	106	36	103	37	107	38	109	39	117	40	109	41	114	42	106	43	108	44	106	45	107	46	119	47	111	48	109	49	106	
	0	120	1	113	2	105	3	117	4	105	5	116	6	118	7	101	8	100	9	117	10	102	11	109	12	112	13	106	14	110	15	113	16	106	17	105	18	106	19	113	20	103	21	101	22	120	23	105	24	118	25	109	26	104	27	104	28	104	29	106	30	111	31	119	32	106	33	111	34	107	35	120	36	107	37	114	38	108	39	115	40	119	41	110	42	119	43	108	44	106	45	115	46	107	47	113	48	106	49	117	
	0	101	1	104	2	116	3	104	4	108	5	105	6	103	7	103	8	109	9	111	10	106	11	116	12	118	13	111	14	115	15	114	16	114	17	115	18	118	19	110	20	107	21	108	22	102	23	105	24	102	25	104	26	107	27	106	28	106	29	102	30	119	31	103	32	110	33	102	34	108	35	101	36	111	37	105	38	104	39	105	40	119	41	100	42	110	43	107	44	111	45	113	46	118	47	104	48	119	49	105	
	0	114	1	104	2	116	3	104	4	117	5	116	6	110	7	105	8	102	9	106	10	103	11	115	12	109	13	106	14	105	15	112	16	108	17	100	18	102	19	115	20	114	21	120	22	104	23	110	24	113	25	104	26	120	27	112	28	101	29	114	30	106	31	109	32	117	33	120	34	117	35	105	36	113	37	110	38	119	39	116	40	103	41	110	42	103	43	107	44	115	45	119	46	118	47	107	48	119	49	116	
	0	112	1	118	2	115	3	115	4	109	5	115	6	108	7	101	8	106	9	107	10	111	11	102	12	108	13	103	14	104	15	118	16	109	17	105	18	104	19	118	20	119	21	101	22	119	23	120	24	107	25	108	26	119	27	111	28	119	29	101	30	101	31	120	32	102	33	116	34	113	35	116	36	109	37	102	38	109	39	108	40	112	41	112	42	112	43	108	44	112	45	112	46	119	47	115	48	112	49	114	
	0	107	1	106	2	103	3	100	4	105	5	120	6	115	7	114	8	100	9	100	10	117	11	108	12	103	13	116	14	119	15	102	16	108	17	101	18	116	19	106	20	117	21	117	22	108	23	117	24	114	25	113	26	107	27	107	28	102	29	113	30	111	31	119	32	114	33	108	34	104	35	114	36	101	37	100	38	116	39	105	40	107	41	101	42	109	43	107	44	100	45	109	46	107	47	109	48	106	49	116	
	0	120	1	108	2	111	3	115	4	101	5	111	6	115	7	104	8	120	9	100	10	106	11	110	12	114	13	108	14	110	15	103	16	100	17	116	18	101	19	110	20	108	21	108	22	120	23	102	24	104	25	103	26	116	27	101	28	110	29	114	30	116	31	102	32	112	33	108	34	110	35	110	36	117	37	112	38	103	39	116	40	109	41	103	42	114	43	100	44	106	45	115	46	109	47	115	48	118	49	108	
	0	115	1	109	2	111	3	109	4	111	5	102	6	110	7	101	8	102	9	102	10	117	11	118	12	110	13	108	14	102	15	114	16	110	17	119	18	116	19	103	20	110	21	115	22	108	23	110	24	114	25	109	26	120	27	111	28	104	29	119	30	102	31	112	32	101	33	100	34	111	35	109	36	105	37	102	38	116	39	115	40	108	41	113	42	120	43	106	44	117	45	112	46	110	47	106	48	115	49	118	
	0	118	1	108	2	109	3	102	4	104	5	101	6	118	7	111	8	116	9	109	10	114	11	111	12	117	13	107	14	103	15	119	16	108	17	101	18	105	19	107	20	106	21	115	22	102	23	118	24	115	25	116	26	105	27	106	28	113	29	103	30	108	31	110	32	118	33	112	34	116	35	119	36	114	37	118	38	116	39	114	40	116	41	101	42	118	43	101	44	112	45	103	46	110	47	120	48	110	49	102	
	0	110	1	101	2	111	3	101	4	103	5	113	6	116	7	108	8	120	9	119	10	102	11	101	12	108	13	112	14	108	15	104	16	119	17	106	18	101	19	100	20	120	21	116	22	108	23	101	24	108	25	117	26	112	27	106	28	103	29	105	30	114	31	120	32	115	33	109	34	113	35	107	36	118	37	102	38	115	39	116	40	101	41	115	42	108	43	114	44	103	45	111	46	109	47	118	48	100	49	106	
	0	114	1	101	2	111	3	114	4	115	5	114	6	120	7	107	8	106	9	108	10	111	11	107	12	107	13	108	14	109	15	109	16	107	17	117	18	105	19	120	20	116	21	109	22	117	23	119	24	101	25	111	26	102	27	103	28	104	29	113	30	105	31	114	32	101	33	108	34	104	35	103	36	107	37	114	38	100	39	119	40	117	41	117	42	119	43	109	44	119	45	101	46	101	47	109	48	109	49	115	
	0	118	1	104	2	101	3	115	4	110	5	118	6	106	7	111	8	108	9	106	10	107	11	103	12	110	13	117	14	115	15	106	16	111	17	118	18	111	19	104	20	101	21	114	22	111	23	114	24	102	25	119	26	106	27	105	28	111	29	105	30	101	31	118	32	100	33	102	34	106	35	120	36	118	37	106	38	118	39	105	40	103	41	114	42	113	43	116	44	109	45	120	46	107	47	105	48	104	49	104	
	0	105	1	105	2	103	3	119	4	107	5	110	6	106	7	105	8	104	9	105	10	111	11	104	12	111	13	104	14	107	15	111	16	101	17	115	18	111	19	106	20	120	21	109	22	117	23	117	24	115	25	109	26	105	27	115	28	117	29	104	30	109	31	100	32	117	33	105	34	113	35	102	36	106	37	110	38	102	39	108	40	118	41	116	42	103	43	117	44	105	45	106	46	115	47	101	48	114	49	104	
	0	117	1	116	2	108	3	112	4	101	5	115	6	102	7	118	8	109	9	112	10	117	11	101	12	115	13	108	14	118	15	118	16	117	17	111	18	114	19	119	20	103	21	116	22	100	23	112	24	112	25	106	26	104	27	116	28	108	29	100	30	108	31	110	32	112	33	112	34	111	35	118	36	100	37	110	38	109	39	102	40	110	41	119	42	110	43	101	44	100	45	107	46	119	47	107	48	104	49	113	
	0	103	1	115	2	113	3	107	4	109	5	116	6	108	7	101	8	114	9	115	10	114	11	104	12	112	13	113	14	115	15	110	16	112	17	102	18	108	19	105	20	115	21	118	22	119	23	119	24	100	25	120	26	105	27	107	28	107	29	105	30	100	31	102	32	120	33	106	34	107	35	111	36	105	37	110	38	119	39	110	40	100	41	111	42	119	43	110	44	118	45	120	46	101	47	112	48	114	49	107	
	0	105	1	107	2	108	3	118	4	115	5	100	6	113	7	110	8	116	9	114	10	109	11	113	12	110	13	100	14	101	15	112	16	120	17	113	18	116	19	104	20	116	21	112	22	112	23	119	24	110	25	120	26	103	27	112	28	110	29	106	30	110	31	119	32	117	33	105	34	103	35	117	36	107	37	102	38	112	39	114	40	102	41	118	42	120	43	120	44	114	45	109	46	111	47	111	48	101	49	113	
	0	102	1	113	2	114	3	112	4	114	5	109	6	101	7	112	8	105	9	118	10	108	11	102	12	107	13	120	14	101	15	106	16	110	17	118	18	120	19	114	20	112	21	103	22	105	23	108	24	111	25	113	26	114	27	120	28	100	29	106	30	109	31	112	32	104	33	118	34	114	35	112	36	103	37	120	38	113	39	109	40	113	41	108	42	104	43	115	44	114	45	119	46	117	47	118	48	118	49	108	
	0	108	1	103	2	117	3	120	4	100	5	120	6	109	7	119	8	111	9	100	10	119	11	110	12	118	13	104	14	104	15	118	16	119	17	118	18	107	19	102	20	117	21	100	22	108	23	116	24	105	25	112	26	120	27	100	28	103	29	107	30	116	31	112	32	112	33	111	34	113	35	117	36	120	37	113	38	105	39	116	40	103	41	109	42	107	43	114	44	103	45	111	46	113	47	112	48	112	49	105	
	0	105	1	108	2	117	3	103	4	111	5	116	6	108	7	110	8	119	9	111	10	102	11	120	12	120	13	118	14	114	15	110	16	115	17	101	18	114	19	113	20	117	21	114	22	106	23	114	24	108	25	100	26	119	27	113	28	109	29	114	30	104	31	119	32	112	33	101	34	119	35	108	36	118	37	118	38	119	39	120	40	109	41	101	42	105	43	118	44	100	45	119	46	109	47	119	48	120	49	119	
	0	107	1	119	2	110	3	104	4	102	5	103	6	102	7	108	8	110	9	117	10	106	11	120	12	109	13	102	14	107	15	109	16	103	17	116	18	119	19	118	20	109	21	117	22	106	23	115	24	104	25	106	26	116	27	116	28	102	29	111	30	105	31	104	32	115	33	106	34	113	35	105	36	120	37	112	38	120	39	114	40	108	41	102	42	104	43	105	44	106	45	102	46	106	47	109	48	103	49	116	
	0	106	1	105	2	117	3	102	4	120	5	117	6	108	7	103	8	115	9	115	10	119	11	105	12	113	13	110	14	118	15	120	16	119	17	107	18	113	19	103	20	102	21	114	22	104	23	111	24	113	25	100	26	107	27	101	28	111	29	120	30	118	31	105	32	114	33	113	34	120	35	108	36	112	37	107	38	111	39	100	40	107	41	108	42	100	43	100	44	104	45	108	46	113	47	116	48	102	49	113	
	0	103	1	112	2	116	3	110	4	103	5	102	6	118	7	106	8	101	9	109	10	112	11	115	12	103	13	100	14	118	15	111	16	103	17	109	18	120	19	108	20	119	21	116	22	101	23	109	24	115	25	103	26	116	27	119	28	117	29	105	30	110	31	106	32	111	33	114	34	116	35	118	36	108	37	105	38	105	39	103	40	112	41	117	42	109	43	100	44	110	45	111	46	111	47	114	48	102	49	118	
	0	118	1	118	2	113	3	118	4	104	5	100	6	106	7	107	8	117	9	116	10	118	11	114	12	111	13	102	14	105	15	118	16	107	17	109	18	114	19	108	20	107	21	103	22	106	23	104	24	114	25	107	26	120	27	113	28	109	29	113	30	113	31	103	32	112	33	107	34	107	35	109	36	104	37	107	38	110	39	118	40	119	41	113	42	108	43	110	44	111	45	102	46	107	47	101	48	104	49	107	
	0	108	1	119	2	117	3	101	4	110	5	102	6	106	7	109	8	101	9	118	10	101	11	117	12	113	13	119	14	115	15	108	16	120	17	116	18	115	19	113	20	100	21	104	22	113	23	104	24	107	25	114	26	106	27	108	28	104	29	115	30	119	31	113	32	108	33	103	34	115	35	103	36	116	37	102	38	108	39	113	40	118	41	104	42	113	43	113	44	116	45	105	46	110	47	101	48	116	49	111	
	0	120	1	120	2	118	3	101	4	106	5	100	6	119	7	111	8	110	9	111	10	107	11	117	12	107	13	116	14	111	15	113	16	115	17	108	18	108	19	112	20	114	21	117	22	115	23	116	24	109	25	106	26	120	27	120	28	116	29	104	30	103	31	113	32	102	33	120	34	107	35	103	36	110	37	120	38	114	39	106	40	100	41	109	42	111	43	120	44	110	45	111	46	112	47	105	48	110	49	107	
	0	108	1	117	2	117	3	115	4	109	5	117	6	105	7	107	8	115	9	104	10	109	11	111	12	116	13	109	14	120	15	101	16	115	17	105	18	117	19	112	20	109	21	119	22	107	23	114	24	113	25	102	26	113	27	106	28	108	29	106	30	116	31	115	32	105	33	110	34	111	35	102	36	107	37	114	38	119	39	102	40	114	41	112	42	116	43	120	44	120	45	111	46	114	47	120	48	102	49	112	
	0	101	1	120	2	108	3	116	4	105	5	118	6	117	7	113	8	109	9	105	10	100	11	117	12	100	13	120	14	119	15	118	16	109	17	116	18	118	19	107	20	113	21	109	22	118	23	107	24	118	25	112	26	107	27	115	28	102	29	106	30	119	31	120	32	115	33	119	34	105	35	119	36	119	37	115	38	114	39	101	40	110	41	117	42	110	43	104	44	119	45	107	46	119	47	119	48	109	49	116	
	0	119	1	108	2	107	3	117	4	108	5	114	6	107	7	105	8	116	9	105	10	109	11	112	12	101	13	108	14	100	15	116	16	100	17	113	18	120	19	107	20	110	21	118	22	105	23	119	24	113	25	118	26	105	27	102	28	101	29	117	30	105	31	108	32	103	33	102	34	113	35	112	36	100	37	118	38	110	39	120	40	101	41	119	42	116	43	108	44	115	45	102	46	112	47	105	48	102	49	103	
	0	110	1	106	2	101	3	106	4	120	5	113	6	107	7	104	8	100	9	100	10	120	11	109	12	119	13	110	14	108	15	119	16	112	17	102	18	119	19	105	20	106	21	120	22	109	23	106	24	103	25	105	26	118	27	115	28	114	29	116	30	107	31	102	32	105	33	115	34	110	35	103	36	111	37	108	38	109	39	120	40	103	41	104	42	112	43	105	44	115	45	100	46	116	47	117	48	102	49	101	
	0	117	1	109	2	105	3	116	4	104	5	102	6	105	7	120	8	107	9	115	10	107	11	120	12	105	13	111	14	110	15	111	16	108	17	103	18	117	19	103	20	108	21	111	22	109	23	101	24	108	25	117	26	103	27	111	28	114	29	104	30	102	31	117	32	112	33	111	34	115	35	106	36	108	37	114	38	108	39	100	40	114	41	100	42	115	43	116	44	120	45	115	46	114	47	120	48	102	49	106	
	0	110	1	104	2	115	3	107	4	119	5	115	6	106	7	109	8	114	9	108	10	111	11	110	12	104	13	116	14	109	15	114	16	107	17	117	18	117	19	108	20	103	21	113	22	105	23	118	24	120	25	109	26	108	27	118	28	106	29	108	30	104	31	105	32	116	33	117	34	116	35	103	36	103	37	116	38	116	39	114	40	101	41	119	42	118	43	111	44	108	45	101	46	119	47	110	48	118	49	115	
	0	120	1	113	2	106	3	119	4	110	5	114	6	104	7	100	8	110	9	114	10	119	11	119	12	110	13	113	14	118	15	108	16	102	17	103	18	120	19	115	20	115	21	117	22	113	23	104	24	119	25	109	26	103	27	111	28	116	29	117	30	116	31	117	32	112	33	116	34	118	35	100	36	107	37	115	38	110	39	112	40	109	41	118	42	103	43	109	44	111	45	112	46	102	47	111	48	112	49	118	
	0	120	1	115	2	118	3	113	4	106	5	112	6	104	7	107	8	111	9	107	10	105	11	107	12	101	13	113	14	115	15	119	16	113	17	118	18	117	19	105	20	110	21	116	22	105	23	117	24	107	25	107	26	112	27	104	28	108	29	115	30	104	31	110	32	112	33	108	34	106	35	110	36	114	37	100	38	116	39	106	40	103	41	112	42	116	43	119	44	120	45	107	46	102	47	111	48	112	49	106	
	0	112	1	104	2	104	3	104	4	100	5	115	6	120	7	109	8	120	9	104	10	102	11	100	12	112	13	112	14	113	15	102	16	118	17	105	18	102	19	110	20	116	21	101	22	113	23	110	24	120	25	101	26	108	27	111	28	118	29	100	30	111	31	100	32	118	33	104	34	114	35	101	36	104	37	116	38	109	39	113	40	115	41	120	42	103	43	100	44	102	45	120	46	111	47	112	48	113	49	116	
	0	108	1	107	2	103	3	110	4	111	5	105	6	100	7	115	8	105	9	100	10	118	11	116	12	120	13	111	14	105	15	115	16	120	17	105	18	100	19	120	20	100	21	100	22	103	23	108	24	118	25	104	26	101	27	101	28	109	29	102	30	102	31	113	32	103	33	118	34	111	35	109	36	112	37	111	38	100	39	105	40	120	41	114	42	109	43	111	44	104	45	104	46	120	47	105	48	115	49	106	
	0	118	1	112	2	107	3	119	4	108	5	112	6	119	7	113	8	105	9	112	10	110	11	111	12	120	13	107	14	101	15	108	16	111	17	115	18	103	19	106	20	113	21	117	22	116	23	115	24	106	25	105	26	105	27	117	28	102	29	115	30	113	31	104	32	117	33	108	34	111	35	109	36	112	37	101	38	101	39	102	40	120	41	114	42	100	43	108	44	100	45	109	46	117	47	104	48	118	49	106	
	0	102	1	118	2	117	3	105	4	108	5	115	6	109	7	117	8	104	9	116	10	114	11	113	12	103	13	103	14	114	15	103	16	116	17	114	18	118	19	101	20	117	21	103	22	105	23	104	24	108	25	110	26	111	27	110	28	101	29	100	30	118	31	110	32	117	33	119	34	106	35	111	36	120	37	107	38	118	39	113	40	120	41	113	42	105	43	113	44	117	45	120	46	102	47	112	48	105	49	119	
	0	103	1	109	2	113	3	119	4	113	5	119	6	100	7	118	8	120	9	107	10	119	11	101	12	120	13	107	14	113	15	107	16	111	17	107	18	100	19	105	20	114	21	113	22	112	23	119	24	101	25	117	26	102	27	108	28	100	29	102	30	120	31	105	32	103	33	107	34	105	35	104	36	101	37	111	38	117	39	118	40	113	41	110	42	112	43	120	44	120	45	100	46	102	47	101	48	109	49	120	
	0	106	1	113	2	119	3	114	4	118	5	109	6	100	7	120	8	110	9	118	10	105	11	120	12	103	13	115	14	116	15	118	16	101	17	119	18	103	19	120	20	113	21	114	22	103	23	118	24	114	25	106	26	106	27	119	28	117	29	106	30	118	31	102	32	114	33	118	34	111	35	109	36	119	37	106	38	102	39	113	40	114	41	118	42	117	43	100	44	113	45	115	46	106	47	115	48	101	49	105	
	0	105	1	114	2	102	3	111	4	117	5	118	6	110	7	105	8	103	9	105	10	100	11	118	12	107	13	100	14	113	15	105	16	105	17	101	18	111	19	100	20	109	21	101	22	109	23	106	24	111	25	106	26	101	27	110	28	102	29	117	30	116	31	106	32	110	33	113	34	117	35	105	36	114	37	102	38	112	39	101	40	115	41	105	42	110	43	103	44	108	45	107	46	106	47	115	48	113	49	101	
	0	106	1	104	2	100	3	120	4	112	5	109	6	109	7	120	8	107	9	115	10	112	11	105	12	110	13	100	14	102	15	105	16	118	17	117	18	104	19	102	20	119	21	115	22	118	23	102	24	107	25	116	26	103	27	105	28	110	29	100	30	111	31	113	32	120	33	120	34	114	35	108	36	100	37	110	38	105	39	115	40	104	41	116	42	118	43	116	44	103	45	115	46	113	47	113	48	114	49	111	
	0	107	1	114	2	111	3	107	4	119	5	105	6	120	7	105	8	116	9	118	10	109	11	118	12	114	13	102	14	119	15	105	16	102	17	105	18	118	19	113	20	105	21	105	22	107	23	100	24	116	25	105	26	110	27	120	28	103	29	106	30	110	31	104	32	109	33	107	34	119	35	102	36	105	37	110	38	120	39	119	40	106	41	106	42	115	43	100	44	100	45	116	46	103	47	109	48	113	49	119	
	0	108	1	110	2	116	3	114	4	118	5	103	6	120	7	116	8	111	9	107	10	100	11	107	12	102	13	112	14	107	15	118	16	116	17	118	18	119	19	114	20	104	21	118	22	102	23	106	24	111	25	108	26	112	27	112	28	107	29	120	30	115	31	115	32	116	33	116	34	110	35	100	36	110	37	109	38	105	39	116	40	111	41	120	42	117	43	118	44	113	45	107	46	118	47	103	48	105	49	102	
	0	104	1	108	2	112	3	106	4	114	5	105	6	106	7	113	8	101	9	118	10	107	11	120	12	111	13	119	14	109	15	111	16	100	17	101	18	108	19	109	20	115	21	104	22	116	23	118	24	101	25	120	26	118	27	115	28	115	29	106	30	117	31	110	32	113	33	101	34	119	35	105	36	111	37	111	38	102	39	106	40	119	41	103	42	114	43	110	44	119	45	100	46	117	47	120	48	100	49	102	
	0	114	1	105	2	112	3	119	4	119	5	104	6	117	7	102	8	109	9	116	10	114	11	112	12	107	13	103	14	103	15	113	16	114	17	106	18	102	19	106	20	119	21	118	22	106	23	102	24	118	25	115	26	108	27	110	28	105	29	113	30	100	31	114	32	116	33	114	34	111	35	107	36	108	37	116	38	112	39	103	40	100	41	118	42	113	43	110	44	119	45	120	46	110	47	118	48	112	49	114	
	0	102	1	101	2	115	3	104	4	117	5	107	6	112	7	112	8	102	9	102	10	101	11	104	12	103	13	112	14	109	15	106	16	119	17	113	18	101	19	118	20	116	21	113	22	120	23	110	24	104	25	114	26	104	27	109	28	108	29	117	30	109	31	106	32	103	33	106	34	104	35	103	36	103	37	117	38	116	39	104	40	110	41	117	42	112	43	110	44	114	45	117	46	111	47	106	48	102	49	107	
	0	102	1	115	2	119	3	104	4	117	5	120	6	114	7	110	8	105	9	114	10	114	11	118	12	101	13	109	14	113	15	120	16	113	17	108	18	118	19	100	20	107	21	120	22	104	23	116	24	116	25	110	26	101	27	111	28	102	29	107	30	110	31	102	32	116	33	115	34	110	35	110	36	120	37	117	38	120	39	114	40	100	41	114	42	114	43	104	44	119	45	119	46	105	47	118	48	104	49	111	
	0	102	1	112	2	114	3	104	4	100	5	119	6	113	7	101	8	119	9	115	10	114	11	107	12	102	13	111	14	100	15	102	16	107	17	108	18	109	19	101	20	114	21	115	22	101	23	107	24	104	25	120	26	105	27	119	28	110	29	108	30	115	31	111	32	118	33	114	34	102	35	103	36	101	37	120	38	108	39	119	40	100	41	100	42	107	43	108	44	104	45	107	46	113	47	102	48	105	49	110	
	0	106	1	108	2	118	3	111	4	107	5	102	6	106	7	115	8	103	9	107	10	110	11	113	12	101	13	102	14	113	15	105	16	119	17	106	18	108	19	104	20	106	21	113	22	106	23	120	24	107	25	116	26	107	27	120	28	104	29	116	30	118	31	101	32	112	33	102	34	109	35	118	36	115	37	110	38	100	39	100	40	117	41	109	42	114	43	117	44	112	45	111	46	112	47	119	48	120	49	103	
	0	105	1	102	2	120	3	108	4	114	5	102	6	105	7	111	8	110	9	109	10	120	11	110	12	119	13	111	14	117	15	109	16	107	17	115	18	120	19	115	20	105	21	119	22	108	23	108	24	111	25	117	26	116	27	115	28	108	29	117	30	102	31	115	32	105	33	113	34	104	35	109	36	112	37	116	38	112	39	100	40	117	41	120	42	109	43	105	44	111	45	111	46	109	47	100	48	101	49	100	
	0	113	1	114	2	111	3	100	4	111	5	113	6	105	7	105	8	107	9	114	10	115	11	109	12	117	13	108	14	102	15	117	16	108	17	120	18	104	19	102	20	113	21	110	22	107	23	107	24	106	25	106	26	118	27	119	28	103	29	111	30	106	31	106	32	113	33	115	34	114	35	111	36	112	37	101	38	120	39	114	40	110	41	109	42	101	43	102	44	102	45	112	46	106	47	119	48	120	49	114	
	0	102	1	118	2	120	3	101	4	109	5	118	6	115	7	101	8	104	9	112	10	100	11	118	12	106	13	120	14	118	15	104	16	104	17	101	18	112	19	100	20	110	21	105	22	104	23	103	24	111	25	102	26	102	27	119	28	105	29	116	30	105	31	103	32	112	33	113	34	112	35	120	36	101	37	120	38	116	39	111	40	101	41	101	42	117	43	107	44	111	45	110	46	107	47	112	48	109	49	100	
	0	112	1	109	2	107	3	104	4	107	5	103	6	118	7	103	8	103	9	118	10	110	11	108	12	113	13	118	14	113	15	109	16	120	17	112	18	103	19	118	20	103	21	119	22	109	23	105	24	109	25	107	26	117	27	120	28	113	29	117	30	116	31	107	32	112	33	109	34	116	35	114	36	100	37	119	38	114	39	108	40	100	41	116	42	113	43	104	44	105	45	108	46	120	47	105	48	101	49	108	
	0	109	1	120	2	102	3	119	4	116	5	107	6	104	7	118	8	103	9	113	10	117	11	102	12	116	13	112	14	118	15	113	16	100	17	105	18	106	19	108	20	120	21	101	22	119	23	120	24	104	25	116	26	114	27	104	28	101	29	100	30	100	31	119	32	118	33	117	34	111	35	107	36	106	37	108	38	101	39	107	40	106	41	103	42	118	43	115	44	108	45	101	46	110	47	113	48	100	49	111	
	0	106	1	100	2	106	3	110	4	106	5	120	6	119	7	103	8	104	9	105	10	117	11	120	12	108	13	109	14	120	15	118	16	119	17	100	18	107	19	100	20	115	21	102	22	118	23	101	24	114	25	111	26	116	27	103	28	116	29	100	30	107	31	111	32	106	33	118	34	106	35	105	36	111	37	101	38	114	39	117	40	106	41	102	42	120	43	115	44	120	45	113	46	106	47	113	48	101	49	120	
	0	114	1	105	2	117	3	117	4	111	5	120	6	111	7	110	8	109	9	114	10	114	11	117	12	103	13	110	14	103	15	117	16	108	17	100	18	102	19	102	20	116	21	117	22	109	23	101	24	104	25	116	26	119	27	117	28	111	29	101	30	102	31	108	32	102	33	108	34	103	35	101	36	120	37	110	38	100	39	117	40	112	41	104	42	100	43	114	44	115	45	115	46	114	47	118	48	113	49	107	
	0	103	1	118	2	119	3	100	4	102	5	119	6	104	7	115	8	108	9	101	10	106	11	102	12	116	13	102	14	101	15	106	16	109	17	111	18	106	19	106	20	115	21	117	22	114	23	106	24	116	25	103	26	106	27	116	28	102	29	107	30	101	31	101	32	107	33	100	34	103	35	109	36	111	37	102	38	120	39	111	40	111	41	101	42	114	43	108	44	105	45	106	46	111	47	102	48	113	49	109	
	0	106	1	112	2	111	3	107	4	100	5	119	6	120	7	109	8	112	9	103	10	116	11	105	12	120	13	117	14	103	15	120	16	100	17	103	18	109	19	118	20	117	21	112	22	113	23	106	24	109	25	104	26	116	27	105	28	105	29	115	30	110	31	100	32	113	33	105	34	119	35	104	36	105	37	108	38	104	39	103	40	101	41	118	42	116	43	100	44	117	45	119	46	103	47	106	48	107	49	102	
	0	120	1	108	2	119	3	118	4	119	5	105	6	119	7	115	8	108	9	105	10	108	11	111	12	115	13	108	14	118	15	103	16	103	17	101	18	106	19	112	20	102	21	108	22	107	23	100	24	107	25	114	26	102	27	104	28	116	29	100	30	108	31	104	32	110	33	116	34	116	35	101	36	111	37	106	38	103	39	109	40	105	41	117	42	108	43	118	44	120	45	111	46	120	47	108	48	116	49	101	
	0	119	1	115	2	104	3	114	4	105	5	112	6	106	7	109	8	119	9	117	10	118	11	116	12	116	13	115	14	118	15	101	16	111	17	103	18	116	19	117	20	109	21	110	22	117	23	120	24	106	25	118	26	100	27	102	28	100	29	100	30	104	31	108	32	116	33	118	34	114	35	107	36	104	37	114	38	102	39	113	40	120	41	103	42	117	43	110	44	101	45	117	46	101	47	118	48	117	49	105	
	0	103	1	120	2	111	3	102	4	114	5	100	6	102	7	114	8	101	9	111	10	101	11	100	12	101	13	106	14	111	15	111	16	114	17	110	18	112	19	103	20	111	21	104	22	118	23	102	24	106	25	100	26	115	27	106	28	109	29	104	30	110	31	100	32	107	33	114	34	116	35	114	36	102	37	104	38	108	39	105	40	111	41	115	42	106	43	107	44	119	45	100	46	105	47	118	48	115	49	106	
	0	105	1	104	2	101	3	107	4	117	5	115	6	119	7	101	8	106	9	109	10	104	11	117	12	111	13	101	14	117	15	111	16	117	17	103	18	107	19	100	20	109	21	103	22	120	23	113	24	115	25	112	26	104	27	110	28	104	29	108	30	104	31	102	32	116	33	116	34	115	35	120	36	105	37	113	38	113	39	106	40	119	41	108	42	120	43	104	44	110	45	112	46	106	47	109	48	101	49	118	
	0	104	1	114	2	115	3	118	4	107	5	105	6	119	7	116	8	108	9	116	10	115	11	113	12	120	13	113	14	108	15	109	16	107	17	113	18	120	19	105	20	100	21	101	22	115	23	106	24	116	25	100	26	112	27	118	28	110	29	112	30	111	31	113	32	119	33	102	34	108	35	114	36	108	37	118	38	119	39	116	40	102	41	110	42	119	43	102	44	106	45	118	46	104	47	111	48	111	49	103	
	0	114	1	119	2	118	3	105	4	113	5	106	6	102	7	100	8	106	9	113	10	114	11	119	12	114	13	111	14	120	15	106	16	112	17	100	18	101	19	115	20	100	21	114	22	120	23	102	24	106	25	108	26	112	27	113	28	119	29	107	30	117	31	119	32	102	33	113	34	113	35	118	36	118	37	117	38	114	39	101	40	104	41	115	42	102	43	104	44	105	45	108	46	103	47	102	48	105	49	105	
	0	115	1	117	2	109	3	107	4	107	5	107	6	110	7	104	8	101	9	119	10	117	11	103	12	117	13	102	14	109	15	103	16	105	17	105	18	108	19	119	20	118	21	110	22	119	23	107	24	101	25	120	26	108	27	104	28	109	29	108	30	114	31	102	32	104	33	116	34	101	35	101	36	110	37	119	38	108	39	108	40	110	41	112	42	120	43	108	44	118	45	107	46	104	47	101	48	101	49	115	
	0	104	1	114	2	119	3	119	4	117	5	118	6	120	7	120	8	118	9	100	10	114	11	120	12	108	13	112	14	105	15	118	16	106	17	108	18	109	19	120	20	113	21	107	22	105	23	106	24	117	25	113	26	114	27	106	28	108	29	111	30	109	31	119	32	111	33	101	34	102	35	105	36	117	37	110	38	116	39	105	40	115	41	101	42	119	43	112	44	101	45	113	46	113	47	114	48	103	49	120	
	0	119	1	115	2	110	3	110	4	117	5	101	6	103	7	111	8	114	9	108	10	114	11	116	12	103	13	106	14	107	15	103	16	118	17	100	18	111	19	113	20	109	21	109	22	107	23	108	24	113	25	107	26	106	27	104	28	101	29	120	30	115	31	108	32	118	33	109	34	109	35	109	36	108	37	117	38	116	39	119	40	101	41	101	42	118	43	112	44	107	45	120	46	103	47	113	48	101	49	106	
	0	114	1	109	2	109	3	115	4	111	5	101	6	105	7	109	8	107	9	109	10	106	11	107	12	102	13	108	14	107	15	115	16	120	17	112	18	103	19	101	20	104	21	104	22	106	23	120	24	108	25	108	26	103	27	109	28	117	29	103	30	102	31	105	32	109	33	101	34	105	35	120	36	116	37	111	38	106	39	102	40	106	41	106	42	103	43	116	44	106	45	105	46	116	47	105	48	119	49	119	
	0	105	1	107	2	109	3	102	4	120	5	117	6	105	7	116	8	110	9	105	10	103	11	107	12	107	13	120	14	117	15	105	16	112	17	117	18	106	19	101	20	104	21	112	22	106	23	114	24	109	25	107	26	106	27	112	28	114	29	104	30	108	31	106	32	109	33	117	34	108	35	116	36	119	37	115	38	114	39	119	40	108	41	109	42	107	43	111	44	114	45	111	46	109	47	118	48	115	49	101	
	0	106	1	118	2	116	3	111	4	112	5	114	6	112	7	113	8	112	9	111	10	104	11	109	12	115	13	113	14	111	15	105	16	105	17	115	18	103	19	118	20	100	21	110	22	100	23	111	24	102	25	105	26	109	27	107	28	101	29	114	30	104	31	110	32	103	33	111	34	117	35	101	36	112	37	119	38	102	39	108	40	108	41	107	42	103	43	103	44	111	45	113	46	111	47	102	48	115	49	117	
	0	114	1	102	2	113	3	111	4	114	5	104	6	119	7	106	8	120	9	105	10	106	11	102	12	101	13	107	14	101	15	119	16	119	17	100	18	105	19	102	20	112	21	108	22	100	23	117	24	113	25	120	26	109	27	113	28	105	29	113	30	108	31	115	32	103	33	101	34	106	35	114	36	114	37	107	38	108	39	116	40	101	41	104	42	116	43	103	44	108	45	113	46	105	47	112	48	104	49	101	
	0	101	1	118	2	120	3	114	4	100	5	119	6	104	7	107	8	110	9	110	10	117	11	111	12	109	13	110	14	111	15	107	16	117	17	108	18	108	19	109	20	106	21	113	22	117	23	120	24	111	25	104	26	119	27	119	28	103	29	113	30	107	31	114	32	105	33	110	34	102	35	115	36	109	37	102	38	109	39	105	40	106	41	105	42	102	43	110	44	100	45	100	46	117	47	114	48	101	49	101	
	0	105	1	103	2	116	3	115	4	105	5	114	6	100	7	120	8	112	9	111	10	115	11	100	12	111	13	100	14	105	15	101	16	106	17	115	18	101	19	101	20	117	21	103	22	119	23	117	24	104	25	102	26	114	27	103	28	103	29	115	30	110	31	101	32	103	33	107	34	117	35	103	36	118	37	110	38	100	39	103	40	118	41	109	42	120	43	110	44	103	45	113	46	102	47	117	48	117	49	116	
	0	113	1	106	2	113	3	105	4	117	5	112	6	106	7	118	8	104	9	112	10	116	11	103	12	108	13	110	14	109	15	118	16	116	17	119	18	103	19	114	20	103	21	102	22	107	23	105	24	110	25	110	26	111	27	120	28	120	29	108	30	117	31	101	32	100	33	108	34	118	35	116	36	118	37	107	38	101	39	102	40	112	41	120	42	113	43	114	44	117	45	116	46	118	47	111	48	117	49	106	
	0	107	1	116	2	115	3	104	4	101	5	104	6	107	7	107	8	112	9	112	10	120	11	109	12	107	13	113	14	101	15	115	16	109	17	118	18	103	19	106	20	102	21	120	22	118	23	120	24	118	25	103	26	120	27	105	28	117	29	110	30	106	31	114	32	117	33	108	34	111	35	109	36	120	37	104	38	112	39	115	40	110	41	112	42	119	43	109	44	101	45	107	46	118	47	120	48	103	49	116	
	0	106	1	111	2	103	3	108	4	117	5	101	6	103	7	118	8	117	9	101	10	104	11	107	12	102	13	105	14	103	15	102	16	105	17	116	18	120	19	102	20	108	21	102	22	106	23	102	24	117	25	106	26	111	27	109	28	100	29	120	30	102	31	115	32	104	33	102	34	111	35	109	36	109	37	105	38	105	39	118	40	105	41	114	42	103	43	103	44	114	45	110	46	119	47	105	48	105	49	114	
	0	119	1	103	2	107	3	107	4	113	5	113	6	101	7	102	8	115	9	112	10	106	11	107	12	108	13	107	14	101	15	111	16	112	17	102	18	102	19	111	20	104	21	103	22	103	23	118	24	104	25	109	26	106	27	106	28	102	29	108	30	109	31	114	32	119	33	106	34	118	35	105	36	119	37	114	38	115	39	116	40	100	41	118	42	114	43	102	44	118	45	120	46	112	47	117	48	100	49	119	
	0	120	1	102	2	103	3	102	4	114	5	100	6	117	7	109	8	100	9	111	10	120	11	109	12	102	13	109	14	104	15	118	16	114	17	111	18	111	19	119	20	103	21	114	22	111	23	119	24	119	25	115	26	107	27	116	28	115	29	104	30	111	31	104	32	112	33	109	34	119	35	102	36	112	37	112	38	103	39	114	40	119	41	100	42	120	43	107	44	109	45	101	46	114	47	116	48	109	49	117	
	0	111	1	112	2	114	3	100	4	112	5	111	6	113	7	114	8	112	9	108	10	104	11	108	12	104	13	101	14	114	15	120	16	115	17	115	18	107	19	111	20	101	21	103	22	100	23	111	24	108	25	103	26	103	27	109	28	105	29	113	30	103	31	113	32	107	33	119	34	112	35	107	36	108	37	105	38	111	39	118	40	109	41	101	42	104	43	117	44	106	45	108	46	105	47	115	48	120	49	115	
	0	100	1	113	2	110	3	117	4	106	5	107	6	107	7	103	8	119	9	115	10	106	11	103	12	115	13	117	14	115	15	113	16	114	17	106	18	110	19	115	20	116	21	113	22	109	23	120	24	111	25	104	26	107	27	111	28	100	29	100	30	106	31	112	32	115	33	115	34	101	35	111	36	105	37	117	38	105	39	100	40	109	41	104	42	102	43	105	44	111	45	113	46	107	47	115	48	120	49	117	
	0	113	1	115	2	102	3	116	4	115	5	103	6	113	7	103	8	110	9	108	10	107	11	108	12	101	13	116	14	102	15	114	16	112	17	109	18	110	19	119	20	104	21	107	22	115	23	108	24	112	25	120	26	117	27	106	28	101	29	113	30	103	31	116	32	117	33	102	34	100	35	116	36	100	37	112	38	100	39	101	40	109	41	105	42	109	43	113	44	117	45	112	46	114	47	102	48	104	49	100	
	0	107	1	115	2	105	3	118	4	116	5	106	6	112	7	117	8	110	9	120	10	116	11	109	12	120	13	112	14	106	15	103	16	115	17	106	18	113	19	106	20	103	21	102	22	108	23	112	24	111	25	110	26	109	27	114	28	100	29	116	30	113	31	110	32	116	33	103	34	101	35	107	36	105	37	119	38	110	39	114	40	114	41	113	42	111	43	106	44	117	45	113	46	106	47	103	48	115	49	103	
	0	120	1	115	2	109	3	119	4	103	5	101	6	103	7	116	8	119	9	105	10	104	11	118	12	117	13	101	14	104	15	114	16	112	17	109	18	113	19	108	20	117	21	120	22	108	23	101	24	106	25	106	26	100	27	112	28	118	29	101	30	108	31	111	32	100	33	118	34	115	35	102	36	107	37	115	38	102	39	119	40	116	41	100	42	116	43	108	44	112	45	110	46	119	47	114	48	108	49	114	
	0	120	1	116	2	105	3	105	4	104	5	120	6	112	7	110	8	114	9	114	10	100	11	107	12	103	13	103	14	107	15	105	16	103	17	120	18	108	19	106	20	105	21	116	22	117	23	120	24	120	25	104	26	120	27	117	28	111	29	114	30	109	31	101	32	111	33	105	34	118	35	110	36	117	37	103	38	113	39	120	40	114	41	106	42	120	43	112	44	110	45	104	46	100	47	108	48	113	49	107	
	0	108	1	107	2	112	3	109	4	115	5	101	6	118	7	117	8	116	9	119	10	118	11	119	12	104	13	106	14	100	15	107	16	116	17	109	18	109	19	111	20	117	21	111	22	116	23	120	24	105	25	100	26	108	27	108	28	107	29	116	30	118	31	104	32	102	33	100	34	119	35	100	36	105	37	113	38	117	39	113	40	116	41	113	42	115	43	108	44	118	45	114	46	109	47	119	48	110	49	101	
	0	112	1	113	2	101	3	116	4	113	5	102	6	102	7	102	8	110	9	106	10	112	11	118	12	106	13	114	14	109	15	118	16	105	17	102	18	110	19	114	20	119	21	110	22	104	23	108	24	113	25	104	26	112	27	120	28	111	29	118	30	101	31	104	32	115	33	107	34	111	35	120	36	100	37	104	38	103	39	116	40	111	41	116	42	102	43	111	44	113	45	103	46	119	47	119	48	106	49	106	
	0	109	1	113	2	113	3	102	4	120	5	105	6	109	7	109	8	103	9	114	10	112	11	104	12	101	13	110	14	110	15	119	16	101	17	103	18	106	19	107	20	117	21	105	22	109	23	110	24	100	25	120	26	107	27	105	28	119	29	112	30	103	31	118	32	112	33	112	34	103	35	103	36	117	37	112	38	103	39	101	40	109	41	112	42	111	43	102	44	118	45	108	46	106	47	102	48	101	49	106	
	0	113	1	101	2	107	3	103	4	110	5	119	6	101	7	105	8	103	9	102	10	112	11	110	12	101	13	111	14	108	15	105	16	118	17	118	18	119	19	114	20	115	21	100	22	117	23	104	24	104	25	113	26	100	27	113	28	109	29	112	30	105	31	107	32	111	33	114	34	105	35	110	36	101	37	109	38	102	39	107	40	117	41	113	42	100	43	110	44	101	45	110	46	104	47	103	48	101	49	120	
	0	100	1	112	2	102	3	104	4	112	5	101	6	113	7	108	8	105	9	107	10	112	11	119	12	106	13	113	14	114	15	117	16	117	17	106	18	112	19	113	20	110	21	110	22	112	23	113	24	117	25	119	26	114	27	107	28	119	29	105	30	101	31	105	32	115	33	104	34	113	35	113	36	106	37	120	38	110	39	111	40	113	41	117	42	120	43	102	44	100	45	105	46	105	47	102	48	115	49	114	
	0	118	1	119	2	107	3	104	4	114	5	115	6	101	7	102	8	117	9	101	10	109	11	105	12	113	13	107	14	120	15	102	16	119	17	118	18	105	19	107	20	109	21	103	22	107	23	112	24	100	25	109	26	109	27	120	28	119	29	115	30	111	31	117	32	116	33	115	34	116	35	107	36	109	37	109	38	106	39	100	40	115	41	114	42	104	43	105	44	120	45	111	46	108	47	108	48	115	49	116	
	0	101	1	113	2	119	3	116	4	116	5	105	6	105	7	101	8	111	9	107	10	100	11	113	12	102	13	105	14	103	15	106	16	100	17	112	18	103	19	114	20	102	21	118	22	120	23	108	24	102	25	103	26	109	27	114	28	111	29	102	30	107	31	100	32	112	33	119	34	111	35	119	36	117	37	109	38	101	39	113	40	108	41	114	42	103	43	113	44	111	45	106	46	114	47	103	48	101	49	107	
	0	110	1	107	2	110	3	112	4	105	5	102	6	116	7	115	8	114	9	113	10	118	11	111	12	112	13	102	14	117	15	110	16	107	17	112	18	113	19	115	20	106	21	119	22	102	23	116	24	100	25	113	26	110	27	115	28	112	29	117	30	112	31	119	32	115	33	119	34	106	35	111	36	110	37	111	38	100	39	101	40	116	41	108	42	113	43	114	44	118	45	109	46	120	47	102	48	120	49	117	
	0	116	1	117	2	104	3	117	4	102	5	120	6	115	7	105	8	101	9	118	10	100	11	101	12	109	13	104	14	108	15	102	16	109	17	102	18	102	19	107	20	116	21	101	22	105	23	110	24	100	25	100	26	110	27	115	28	103	29	113	30	116	31	106	32	108	33	107	34	111	35	120	36	106	37	103	38	114	39	108	40	106	41	103	42	120	43	102	44	114	45	112	46	105	47	111	48	110	49	109	
	0	103	1	108	2	107	3	120	4	106	5	106	6	112	7	105	8	115	9	120	10	103	11	103	12	101	13	117	14	116	15	108	16	112	17	120	18	105	19	117	20	116	21	118	22	114	23	105	24	117	25	102	26	120	27	100	28	120	29	116	30	105	31	119	32	106	33	102	34	102	35	119	36	117	37	101	38	120	39	119	40	111	41	100	42	111	43	103	44	116	45	115	46	101	47	118	48	109	49	107	
	0	114	1	104	2	118	3	118	4	106	5	117	6	111	7	118	8	115	9	119	10	106	11	115	12	100	13	110	14	109	15	103	16	111	17	115	18	118	19	112	20	118	21	116	22	114	23	118	24	108	25	114	26	116	27	120	28	113	29	103	30	113	31	109	32	118	33	117	34	100	35	113	36	120	37	114	38	113	39	118	40	105	41	109	42	112	43	109	44	116	45	105	46	110	47	114	48	104	49	112	
	0	100	1	101	2	104	3	101	4	100	5	119	6	101	7	119	8	111	9	109	10	117	11	101	12	109	13	112	14	102	15	108	16	107	17	102	18	112	19	114	20	118	21	102	22	106	23	120	24	104	25	116	26	120	27	113	28	114	29	111	30	111	31	109	32	116	33	117	34	112	35	112	36	105	37	112	38	106	39	100	40	118	41	110	42	109	43	100	44	108	45	101	46	108	47	101	48	115	49	103	
	0	106	1	111	2	113	3	116	4	116	5	100	6	114	7	107	8	111	9	100	10	101	11	103	12	118	13	114	14	105	15	104	16	107	17	106	18	111	19	109	20	106	21	105	22	111	23	101	24	100	25	100	26	105	27	119	28	107	29	115	30	117	31	114	32	105	33	104	34	115	35	112	36	108	37	120	38	113	39	109	40	118	41	108	42	105	43	120	44	114	45	106	46	104	47	102	48	116	49	101	
	0	116	1	109	2	100	3	110	4	115	5	115	6	113	7	102	8	118	9	118	10	101	11	111	12	114	13	117	14	103	15	108	16	103	17	111	18	111	19	102	20	118	21	109	22	102	23	105	24	110	25	109	26	110	27	100	28	120	29	105	30	117	31	113	32	110	33	115	34	101	35	119	36	103	37	116	38	107	39	113	40	120	41	109	42	120	43	114	44	103	45	110	46	100	47	113	48	104	49	100	
	0	116	1	110	2	120	3	106	4	113	5	111	6	111	7	111	8	107	9	117	10	109	11	108	12	109	13	104	14	106	15	110	16	105	17	111	18	103	19	108	20	100	21	105	22	116	23	118	24	104	25	111	26	120	27	109	28	116	29	111	30	110	31	113	32	110	33	108	34	111	35	108	36	117	37	115	38	117	39	116	40	113	41	109	42	101	43	115	44	107	45	114	46	102	47	101	48	103	49	105	
	0	115	1	111	2	109	3	103	4	115	5	106	6	113	7	117	8	111	9	107	10	112	11	114	12	100	13	105	14	114	15	103	16	120	17	111	18	116	19	120	20	118	21	108	22	109	23	116	24	112	25	101	26	109	27	116	28	115	29	100	30	114	31	108	32	104	33	103	34	120	35	116	36	113	37	105	38	117	39	105	40	102	41	112	42	115	43	110	44	115	45	117	46	114	47	114	48	100	49	107	
	0	115	1	102	2	107	3	101	4	116	5	111	6	120	7	107	8	112	9	107	10	104	11	100	12	107	13	110	14	120	15	114	16	108	17	111	18	108	19	112	20	115	21	104	22	110	23	100	24	119	25	108	26	106	27	117	28	112	29	116	30	118	31	116	32	115	33	112	34	105	35	118	36	104	37	118	38	118	39	115	40	110	41	105	42	112	43	104	44	109	45	100	46	119	47	110	48	120	49	113	
	0	117	1	116	2	115	3	109	4	119	5	105	6	112	7	113	8	109	9	120	10	103	11	114	12	102	13	118	14	116	15	103	16	117	17	115	18	114	19	102	20	106	21	117	22	119	23	114	24	111	25	120	26	109	27	105	28	116	29	105	30	109	31	105	32	119	33	118	34	103	35	117	36	112	37	110	38	104	39	110	40	108	41	109	42	101	43	120	44	102	45	103	46	107	47	112	48	109	49	106	
	0	116	1	102	2	111	3	111	4	111	5	114	6	112	7	100	8	117	9	112	10	108	11	107	12	117	13	118	14	101	15	104	16	118	17	106	18	111	19	104	20	101	21	107	22	101	23	106	24	102	25	101	26	112	27	113	28	119	29	112	30	107	31	104	32	118	33	101	34	119	35	119	36	108	37	111	38	110	39	105	40	106	41	108	42	106	43	119	44	109	45	113	46	117	47	119	48	119	49	114	
	0	119	1	105	2	118	3	113	4	111	5	111	6	103	7	117	8	118	9	102	10	108	11	101	12	103	13	120	14	117	15	107	16	120	17	102	18	103	19	112	20	102	21	112	22	116	23	116	24	103	25	106	26	112	27	105	28	105	29	118	30	120	31	117	32	120	33	104	34	105	35	119	36	106	37	107	38	107	39	104	40	104	41	119	42	114	43	101	44	107	45	106	46	114	47	103	48	107	49	100	
	0	114	1	108	2	112	3	104	4	112	5	118	6	105	7	120	8	111	9	113	10	102	11	102	12	104	13	100	14	117	15	109	16	104	17	114	18	115	19	112	20	107	21	110	22	108	23	106	24	100	25	118	26	103	27	112	28	103	29	107	30	102	31	119	32	105	33	107	34	110	35	109	36	109	37	119	38	118	39	112	40	113	41	102	42	111	43	110	44	104	45	109	46	111	47	101	48	116	49	100	
	0	113	1	119	2	101	3	114	4	107	5	112	6	108	7	103	8	118	9	106	10	106	11	112	12	100	13	105	14	120	15	116	16	114	17	118	18	105	19	107	20	118	21	112	22	105	23	109	24	113	25	104	26	115	27	115	28	118	29	100	30	104	31	115	32	117	33	112	34	101	35	119	36	100	37	111	38	119	39	103	40	104	41	114	42	110	43	101	44	111	45	119	46	113	47	111	48	102	49	111	
	0	117	1	114	2	119	3	120	4	106	5	115	6	117	7	105	8	111	9	105	10	114	11	114	12	102	13	118	14	107	15	113	16	113	17	120	18	106	19	110	20	116	21	114	22	105	23	107	24	103	25	111	26	110	27	106	28	100	29	103	30	108	31	108	32	119	33	116	34	114	35	112	36	112	37	115	38	105	39	103	40	100	41	103	42	120	43	105	44	106	45	104	46	115	47	103	48	114	49	117	
	0	112	1	114	2	120	3	109	4	105	5	117	6	118	7	102	8	118	9	102	10	105	11	109	12	103	13	113	14	108	15	117	16	109	17	108	18	105	19	105	20	111	21	115	22	107	23	117	24	110	25	111	26	117	27	120	28	112	29	106	30	116	31	107	32	113	33	100	34	111	35	108	36	120	37	110	38	110	39	108	40	100	41	104	42	113	43	114	44	101	45	102	46	107	47	108	48	106	49	115	
	0	106	1	106	2	100	3	105	4	113	5	117	6	118	7	112	8	113	9	112	10	104	11	118	12	114	13	109	14	120	15	116	16	110	17	107	18	114	19	117	20	113	21	114	22	113	23	106	24	116	25	112	26	120	27	102	28	112	29	104	30	110	31	114	32	102	33	103	34	114	35	108	36	115	37	107	38	104	39	107	40	112	41	116	42	116	43	109	44	114	45	108	46	112	47	104	48	120	49	101	
	0	109	1	100	2	114	3	113	4	119	5	119	6	115	7	117	8	109	9	113	10	102	11	108	12	117	13	105	14	111	15	103	16	111	17	109	18	107	19	113	20	118	21	102	22	120	23	104	24	112	25	113	26	104	27	115	28	102	29	110	30	119	31	119	32	102	33	113	34	114	35	105	36	100	37	111	38	116	39	120	40	117	41	116	42	105	43	100	44	115	45	115	46	109	47	115	48	114	49	116	
	0	105	1	113	2	120	3	108	4	117	5	114	6	103	7	111	8	108	9	110	10	113	11	119	12	102	13	113	14	104	15	101	16	109	17	108	18	105	19	117	20	118	21	103	22	114	23	115	24	102	25	119	26	104	27	115	28	103	29	107	30	120	31	104	32	119	33	117	34	109	35	115	36	112	37	111	38	107	39	104	40	114	41	104	42	104	43	109	44	119	45	103	46	113	47	103	48	106	49	115	
	0	115	1	116	2	100	3	118	4	103	5	110	6	114	7	111	8	118	9	117	10	102	11	103	12	112	13	114	14	109	15	115	16	109	17	106	18	113	19	100	20	110	21	105	22	105	23	115	24	108	25	118	26	109	27	105	28	104	29	104	30	113	31	116	32	116	33	119	34	103	35	100	36	117	37	100	38	111	39	110	40	106	41	107	42	113	43	117	44	110	45	117	46	104	47	104	48	102	49	105	
	0	107	1	100	2	115	3	101	4	111	5	112	6	112	7	118	8	102	9	100	10	118	11	113	12	116	13	111	14	120	15	113	16	100	17	120	18	108	19	112	20	112	21	102	22	104	23	113	24	114	25	120	26	116	27	102	28	100	29	114	30	102	31	116	32	120	33	108	34	110	35	114	36	113	37	117	38	107	39	100	40	112	41	102	42	104	43	104	44	119	45	100	46	106	47	100	48	116	49	101	
	0	114	1	110	2	101	3	117	4	104	5	108	6	106	7	108	8	107	9	114	10	117	11	115	12	119	13	116	14	113	15	110	16	110	17	102	18	102	19	103	20	101	21	117	22	105	23	118	24	104	25	103	26	104	27	119	28	115	29	109	30	111	31	103	32	105	33	106	34	100	35	103	36	102	37	100	38	115	39	107	40	101	41	106	42	117	43	111	44	102	45	102	46	104	47	104	48	112	49	106	
	0	102	1	104	2	104	3	109	4	105	5	109	6	120	7	106	8	102	9	104	10	107	11	112	12	106	13	104	14	114	15	111	16	105	17	110	18	112	19	102	20	102	21	105	22	100	23	118	24	110	25	112	26	104	27	103	28	109	29	113	30	112	31	114	32	101	33	113	34	119	35	115	36	115	37	116	38	118	39	102	40	117	41	116	42	112	43	113	44	102	45	112	46	108	47	108	48	103	49	103	
	0	110	1	113	2	120	3	108	4	112	5	113	6	102	7	105	8	105	9	114	10	101	11	116	12	120	13	119	14	101	15	103	16	106	17	116	18	108	19	101	20	119	21	102	22	115	23	112	24	103	25	108	26	119	27	108	28	111	29	103	30	107	31	117	32	115	33	116	34	120	35	118	36	113	37	118	38	112	39	106	40	107	41	112	42	119	43	105	44	114	45	111	46	105	47	112	48	104	49	111	
	0	119	1	106	2	108	3	118	4	116	5	103	6	118	7	115	8	116	9	109	10	116	11	118	12	103	13	110	14	105	15	105	16	113	17	107	18	118	19	104	20	119	21	120	22	114	23	105	24	119	25	116	26	100	27	101	28	117	29	105	30	108	31	107	32	112	33	109	34	105	35	102	36	101	37	109	38	108	39	114	40	105	41	101	42	106	43	110	44	109	45	102	46	104	47	110	48	108	49	109	
	0	102	1	111	2	103	3	100	4	110	5	106	6	105	7	114	8	117	9	116	10	110	11	105	12	112	13	112	14	118	15	116	16	116	17	108	18	120	19	115	20	120	21	106	22	117	23	102	24	111	25	100	26	114	27	115	28	119	29	114	30	116	31	106	32	116	33	102	34	100	35	113	36	102	37	114	38	102	39	112	40	100	41	112	42	115	43	104	44	107	45	118	46	118	47	114	48	101	49	116	
	0	118	1	107	2	101	3	111	4	113	5	115	6	116	7	118	8	101	9	109	10	104	11	118	12	101	13	108	14	103	15	101	16	118	17	117	18	117	19	115	20	113	21	111	22	105	23	103	24	100	25	105	26	119	27	108	28	106	29	107	30	117	31	101	32	103	33	114	34	114	35	101	36	117	37	105	38	103	39	108	40	113	41	102	42	101	43	109	44	112	45	118	46	106	47	120	48	118	49	107	
	0	113	1	120	2	100	3	109	4	104	5	107	6	120	7	107	8	100	9	107	10	120	11	103	12	107	13	104	14	108	15	109	16	107	17	108	18	111	19	109	20	107	21	105	22	101	23	119	24	103	25	108	26	112	27	114	28	119	29	103	30	109	31	104	32	119	33	111	34	119	35	110	36	100	37	107	38	103	39	119	40	119	41	116	42	109	43	108	44	113	45	120	46	106	47	107	48	107	49	108	
	0	111	1	107	2	103	3	109	4	104	5	101	6	114	7	116	8	114	9	120	10	118	11	107	12	111	13	119	14	112	15	114	16	114	17	105	18	112	19	113	20	107	21	115	22	109	23	117	24	118	25	103	26	116	27	114	28	103	29	118	30	104	31	106	32	117	33	109	34	103	35	106	36	109	37	113	38	112	39	115	40	107	41	119	42	116	43	107	44	110	45	114	46	118	47	103	48	106	49	110	
	0	105	1	117	2	117	3	104	4	107	5	113	6	102	7	116	8	100	9	104	10	114	11	111	12	114	13	117	14	104	15	101	16	112	17	103	18	108	19	115	20	120	21	105	22	103	23	105	24	117	25	114	26	102	27	111	28	111	29	120	30	104	31	105	32	115	33	114	34	114	35	120	36	101	37	109	38	112	39	113	40	100	41	116	42	101	43	107	44	113	45	120	46	116	47	113	48	109	49	101	
	0	103	1	115	2	110	3	117	4	119	5	114	6	116	7	117	8	104	9	117	10	106	11	116	12	114	13	114	14	114	15	106	16	114	17	118	18	107	19	118	20	108	21	100	22	113	23	100	24	114	25	107	26	102	27	112	28	107	29	120	30	114	31	111	32	109	33	107	34	110	35	114	36	112	37	118	38	104	39	105	40	104	41	113	42	112	43	109	44	104	45	119	46	117	47	107	48	105	49	101	
	0	107	1	115	2	106	3	114	4	110	5	114	6	101	7	101	8	111	9	116	10	115	11	103	12	108	13	112	14	100	15	108	16	113	17	118	18	101	19	113	20	119	21	102	22	109	23	110	24	114	25	110	26	115	27	111	28	102	29	111	30	116	31	110	32	110	33	107	34	117	35	117	36	103	37	114	38	110	39	113	40	115	41	110	42	114	43	108	44	103	45	105	46	108	47	107	48	100	49	111	
	0	107	1	104	2	112	3	104	4	110	5	109	6	109	7	117	8	120	9	118	10	109	11	100	12	103	13	117	14	114	15	102	16	114	17	113	18	110	19	109	20	102	21	112	22	119	23	109	24	103	25	117	26	104	27	118	28	107	29	101	30	115	31	106	32	110	33	104	34	101	35	105	36	108	37	105	38	114	39	100	40	104	41	101	42	105	43	104	44	105	45	112	46	118	47	114	48	103	49	118	
	0	119	1	119	2	113	3	118	4	100	5	104	6	115	7	120	8	101	9	114	10	101	11	119	12	118	13	108	14	113	15	104	16	120	17	104	18	120	19	107	20	106	21	117	22	101	23	113	24	116	25	104	26	100	27	115	28	116	29	106	30	105	31	110	32	105	33	106	34	104	35	113	36	104	37	119	38	100	39	104	40	108	41	116	42	119	43	109	44	115	45	120	46	103	47	113	48	107	49	102	
	0	117	1	115	2	100	3	102	4	111	5	115	6	110	7	113	8	115	9	101	10	103	11	104	12	107	13	116	14	114	15	109	16	115	17	113	18	111	19	101	20	103	21	115	22	117	23	110	24	119	25	101	26	104	27	102	28	113	29	108	30	108	31	106	32	102	33	107	34	100	35	101	36	117	37	113	38	100	39	108	40	120	41	117	42	115	43	105	44	105	45	106	46	119	47	113	48	118	49	102	
	0	113	1	102	2	113	3	118	4	106	5	106	6	120	7	106	8	101	9	120	10	103	11	116	12	117	13	110	14	112	15	104	16	101	17	112	18	106	19	113	20	101	21	117	22	119	23	115	24	118	25	105	26	106	27	113	28	102	29	104	30	104	31	101	32	110	33	112	34	100	35	119	36	105	37	115	38	110	39	102	40	119	41	103	42	107	43	105	44	120	45	120	46	107	47	114	48	117	49	109	
	0	104	1	113	2	115	3	108	4	115	5	113	6	110	7	117	8	118	9	115	10	104	11	117	12	112	13	115	14	106	15	102	16	119	17	112	18	116	19	100	20	114	21	119	22	116	23	116	24	119	25	106	26	112	27	119	28	116	29	116	30	107	31	102	32	113	33	117	34	111	35	120	36	120	37	106	38	106	39	105	40	100	41	100	42	105	43	106	44	110	45	114	46	120	47	100	48	101	49	105	
	0	116	1	107	2	102	3	120	4	115	5	113	6	110	7	104	8	113	9	101	10	117	11	120	12	104	13	113	14	103	15	100	16	112	17	118	18	109	19	116	20	115	21	102	22	108	23	115	24	108	25	114	26	105	27	106	28	112	29	112	30	110	31	114	32	104	33	108	34	103	35	119	36	103	37	108	38	104	39	104	40	106	41	106	42	104	43	117	44	113	45	108	46	109	47	111	48	104	49	113	
	0	107	1	113	2	119	3	109	4	111	5	110	6	106	7	102	8	101	9	102	10	120	11	120	12	111	13	105	14	107	15	118	16	104	17	104	18	101	19	100	20	116	21	117	22	113	23	105	24	118	25	110	26	101	27	110	28	119	29	108	30	101	31	108	32	112	33	120	34	106	35	112	36	110	37	115	38	119	39	113	40	104	41	118	42	100	43	118	44	114	45	100	46	104	47	112	48	107	49	105	
	0	106	1	105	2	101	3	115	4	105	5	113	6	106	7	112	8	105	9	115	10	112	11	113	12	105	13	104	14	119	15	109	16	104	17	108	18	112	19	110	20	107	21	102	22	107	23	104	24	115	25	108	26	115	27	104	28	105	29	118	30	108	31	114	32	107	33	102	34	108	35	114	36	115	37	114	38	101	39	111	40	116	41	111	42	106	43	109	44	115	45	120	46	107	47	119	48	106	49	107	
	0	107	1	115	2	111	3	100	4	104	5	109	6	105	7	118	8	114	9	107	10	104	11	110	12	114	13	108	14	103	15	107	16	102	17	110	18	107	19	110	20	108	21	107	22	100	23	100	24	115	25	105	26	105	27	100	28	102	29	120	30	118	31	101	32	112	33	105	34	105	35	101	36	108	37	105	38	102	39	109	40	104	41	120	42	111	43	111	44	102	45	115	46	112	47	109	48	110	49	101	
	0	100	1	113	2	114	3	119	4	104	5	108	6	110	7	117	8	117	9	120	10	111	11	105	12	113	13	102	14	118	15	101	16	101	17	106	18	103	19	105	20	100	21	115	22	118	23	108	24	115	25	105	26	119	27	110	28	103	29	100	30	100	31	107	32	103	33	110	34	111	35	100	36	117	37	114	38	106	39	101	40	108	41	118	42	114	43	112	44	104	45	106	46	100	47	107	48	105	49	120	
	0	113	1	105	2	110	3	112	4	112	5	101	6	115	7	120	8	111	9	106	10	108	11	107	12	108	13	112	14	100	15	120	16	100	17	120	18	104	19	114	20	120	21	118	22	111	23	110	24	120	25	117	26	105	27	110	28	114	29	114	30	117	31	105	32	106	33	118	34	100	35	100	36	109	37	109	38	110	39	103	40	109	41	102	42	116	43	111	44	108	45	102	46	118	47	112	48	120	49	109	
	0	107	1	113	2	101	3	109	4	114	5	103	6	120	7	120	8	114	9	110	10	110	11	112	12	116	13	120	14	119	15	110	16	120	17	100	18	105	19	111	20	101	21	100	22	119	23	105	24	112	25	100	26	115	27	116	28	110	29	115	30	100	31	103	32	120	33	111	34	103	35	112	36	104	37	115	38	103	39	110	40	116	41	100	42	110	43	100	44	105	45	113	46	115	47	118	48	108	49	117	
	0	102	1	120	2	117	3	106	4	103	5	108	6	111	7	108	8	100	9	115	10	116	11	116	12	120	13	114	14	112	15	118	16	100	17	108	18	106	19	113	20	115	21	110	22	116	23	119	24	111	25	112	26	107	27	109	28	118	29	110	30	110	31	112	32	103	33	120	34	107	35	118	36	120	37	104	38	111	39	109	40	102	41	117	42	118	43	111	44	116	45	105	46	103	47	106	48	101	49	110	
	0	101	1	100	2	102	3	118	4	112	5	114	6	100	7	100	8	101	9	116	10	108	11	101	12	120	13	112	14	115	15	105	16	120	17	116	18	106	19	108	20	115	21	102	22	110	23	112	24	106	25	115	26	100	27	116	28	115	29	119	30	115	31	120	32	109	33	115	34	113	35	101	36	110	37	119	38	117	39	102	40	102	41	104	42	106	43	102	44	115	45	116	46	101	47	107	48	101	49	119	
	0	115	1	105	2	101	3	102	4	117	5	119	6	103	7	110	8	106	9	113	10	118	11	100	12	104	13	103	14	117	15	116	16	111	17	119	18	104	19	111	20	111	21	107	22	108	23	107	24	103	25	120	26	107	27	108	28	110	29	106	30	101	31	117	32	112	33	114	34	103	35	113	36	120	37	106	38	107	39	106	40	117	41	100	42	102	43	101	44	103	45	111	46	114	47	106	48	110	49	119	
	0	114	1	107	2	113	3	100	4	113	5	119	6	105	7	115	8	100	9	101	10	120	11	104	12	112	13	101	14	102	15	104	16	110	17	106	18	120	19	108	20	110	21	100	22	109	23	115	24	111	25	106	26	117	27	110	28	107	29	116	30	115	31	120	32	104	33	110	34	116	35	101	36	115	37	107	38	109	39	117	40	101	41	116	42	106	43	112	44	119	45	119	46	105	47	100	48	110	49	113	
	0	102	1	119	2	113	3	106	4	110	5	119	6	120	7	111	8	106	9	120	10	119	11	113	12	120	13	116	14	105	15	106	16	107	17	116	18	100	19	116	20	101	21	108	22	120	23	115	24	105	25	109	26	113	27	102	28	108	29	110	30	101	31	120	32	115	33	101	34	106	35	110	36	100	37	110	38	103	39	120	40	113	41	102	42	110	43	105	44	115	45	111	46	110	47	114	48	104	49	120	
	0	109	1	112	2	108	3	112	4	110	5	112	6	115	7	111	8	100	9	117	10	101	11	107	12	116	13	116	14	112	15	120	16	109	17	104	18	115	19	104	20	104	21	114	22	116	23	119	24	100	25	110	26	115	27	110	28	107	29	107	30	116	31	113	32	120	33	105	34	107	35	117	36	119	37	103	38	105	39	108	40	104	41	114	42	115	43	118	44	110	45	110	46	115	47	117	48	100	49	111	
	0	100	1	117	2	109	3	100	4	104	5	113	6	118	7	109	8	107	9	106	10	100	11	110	12	119	13	109	14	119	15	116	16	107	17	114	18	113	19	108	20	116	21	107	22	112	23	114	24	116	25	103	26	107	27	108	28	111	29	109	30	110	31	109	32	112	33	103	34	110	35	111	36	109	37	105	38	103	39	106	40	109	41	107	42	102	43	115	44	112	45	101	46	102	47	116	48	109	49	111	
	0	105	1	116	2	111	3	111	4	112	5	107	6	100	7	101	8	114	9	112	10	109	11	109	12	112	13	115	14	120	15	106	16	114	17	113	18	102	19	101	20	112	21	107	22	113	23	108	24	120	25	103	26	107	27	112	28	103	29	114	30	108	31	113	32	108	33	111	34	113	35	117	36	108	37	112	38	107	39	111	40	108	41	112	42	103	43	117	44	112	45	112	46	103	47	114	48	120	49	109	
	0	106	1	119	2	117	3	106	4	104	5	108	6	107	7	120	8	114	9	113	10	116	11	109	12	112	13	119	14	110	15	109	16	106	17	115	18	107	19	105	20	120	21	120	22	117	23	100	24	119	25	105	26	109	27	106	28	118	29	112	30	102	31	111	32	110	33	102	34	118	35	109	36	108	37	104	38	120	39	101	40	115	41	102	42	115	43	115	44	112	45	113	46	104	47	107	48	107	49	117	
	0	110	1	117	2	109	3	116	4	118	5	109	6	105	7	112	8	102	9	102	10	119	11	113	12	104	13	116	14	110	15	108	16	109	17	103	18	113	19	105	20	101	21	112	22	118	23	115	24	108	25	107	26	109	27	118	28	109	29	104	30	113	31	101	32	110	33	119	34	104	35	118	36	109	37	105	38	103	39	108	40	116	41	106	42	110	43	114	44	100	45	120	46	111	47	108	48	117	49	116	
	0	106	1	105	2	100	3	115	4	102	5	112	6	120	7	101	8	120	9	107	10	113	11	102	12	120	13	102	14	120	15	112	16	110	17	118	18	103	19	120	20	113	21	112	22	105	23	104	24	108	25	101	26	111	27	120	28	102	29	104	30	112	31	116	32	120	33	101	34	101	35	115	36	118	37	113	38	103	39	116	40	101	41	117	42	119	43	112	44	120	45	116	46	108	47	110	48	112	49	118	
	0	101	1	114	2	105	3	108	4	106	5	105	6	113	7	116	8	112	9	101	10	114	11	102	12	106	13	119	14	116	15	109	16	117	17	116	18	114	19	119	20	120	21	110	22	118	23	100	24	104	25	117	26	117	27	104	28	113	29	107	30	108	31	110	32	119	33	119	34	102	35	111	36	103	37	102	38	104	39	115	40	118	41	117	42	111	43	114	44	105	45	107	46	114	47	104	48	115	49	111	
	0	101	1	114	2	114	3	112	4	110	5	101	6	102	7	115	8	108	9	111	10	116	11	104	12	118	13	105	14	114	15	115	16	107	17	109	18	102	19	106	20	104	21	108	22	101	23	108	24	118	25	116	26	116	27	108	28	116	29	106	30	112	31	113	32	113	33	106	34	109	35	105	36	110	37	119	38	100	39	119	40	110	41	116	42	104	43	120	44	104	45	120	46	109	47	109	48	106	49	100	
	0	102	1	100	2	114	3	113	4	114	5	111	6	119	7	107	8	105	9	119	10	120	11	116	12	113	13	111	14	119	15	116	16	112	17	116	18	103	19	120	20	112	21	105	22	101	23	111	24	116	25	102	26	101	27	108	28	110	29	104	30	118	31	103	32	119	33	114	34	103	35	104	36	107	37	100	38	119	39	106	40	108	41	109	42	104	43	104	44	119	45	108	46	118	47	104	48	113	49	106	
	0	115	1	115	2	120	3	100	4	116	5	113	6	111	7	116	8	108	9	101	10	101	11	108	12	119	13	111	14	114	15	114	16	118	17	103	18	105	19	105	20	114	21	118	22	114	23	105	24	114	25	112	26	120	27	102	28	101	29	110	30	102	31	112	32	115	33	111	34	106	35	113	36	107	37	112	38	105	39	114	40	105	41	116	42	100	43	119	44	113	45	101	46	117	47	100	48	106	49	104	
	0	107	1	120	2	104	3	118	4	112	5	105	6	109	7	105	8	114	9	107	10	108	11	103	12	117	13	117	14	120	15	105	16	103	17	108	18	105	19	105	20	115	21	109	22	104	23	118	24	108	25	114	26	119	27	111	28	106	29	112	30	111	31	108	32	113	33	119	34	100	35	119	36	119	37	120	38	120	39	108	40	103	41	101	42	101	43	108	44	107	45	111	46	113	47	108	48	109	49	107	
	0	114	1	108	2	104	3	119	4	103	5	110	6	114	7	108	8	103	9	112	10	104	11	119	12	100	13	109	14	106	15	106	16	115	17	103	18	103	19	112	20	112	21	114	22	115	23	111	24	107	25	109	26	116	27	104	28	116	29	114	30	120	31	103	32	120	33	114	34	119	35	116	36	119	37	114	38	103	39	109	40	102	41	110	42	100	43	102	44	120	45	102	46	101	47	119	48	107	49	115	
	0	117	1	114	2	101	3	105	4	118	5	108	6	116	7	105	8	109	9	114	10	116	11	104	12	103	13	106	14	105	15	109	16	110	17	108	18	113	19	101	20	115	21	116	22	106	23	111	24	100	25	104	26	104	27	112	28	113	29	101	30	114	31	101	32	109	33	115	34	101	35	104	36	119	37	119	38	107	39	103	40	118	41	107	42	108	43	113	44	110	45	107	46	115	47	120	48	118	49	118	
	0	100	1	105	2	102	3	100	4	114	5	120	6	120	7	106	8	100	9	115	10	102	11	116	12	118	13	114	14	119	15	115	16	115	17	101	18	104	19	118	20	115	21	107	22	115	23	102	24	104	25	118	26	117	27	100	28	118	29	109	30	103	31	108	32	105	33	112	34	102	35	111	36	120	37	102	38	110	39	104	40	104	41	120	42	116	43	105	44	100	45	118	46	112	47	113	48	119	49	117	
	0	101	1	102	2	109	3	106	4	115	5	106	6	101	7	116	8	103	9	113	10	120	11	102	12	119	13	114	14	118	15	113	16	115	17	115	18	118	19	112	20	116	21	116	22	105	23	111	24	118	25	117	26	119	27	114	28	117	29	118	30	103	31	103	32	111	33	120	34	106	35	119	36	112	37	107	38	110	39	101	40	112	41	118	42	102	43	116	44	109	45	112	46	115	47	102	48	108	49	103	
	0	119	1	116	2	103	3	104	4	110	5	109	6	102	7	118	8	107	9	108	10	103	11	114	12	112	13	105	14	111	15	107	16	113	17	113	18	105	19	117	20	116	21	112	22	109	23	113	24	108	25	113	26	110	27	119	28	119	29	108	30	117	31	104	32	104	33	108	34	102	35	116	36	106	37	115	38	117	39	108	40	112	41	106	42	113	43	108	44	115	45	102	46	100	47	114	48	113	49	102	
	0	115	1	104	2	119	3	117	4	105	5	110	6	118	7	118	8	110	9	112	10	118	11	118	12	100	13	105	14	120	15	106	16	116	17	100	18	110	19	120	20	103	21	120	22	116	23	112	24	113	25	105	26	118	27	117	28	108	29	109	30	112	31	117	32	120	33	104	34	120	35	114	36	114	37	106	38	108	39	109	40	112	41	107	42	115	43	120	44	107	45	107	46	109	47	113	48	115	49	104	
	0	100	1	104	2	116	3	116	4	101	5	115	6	100	7	114	8	112	9	101	10	109	11	117	12	114	13	112	14	102	15	117	16	110	17	100	18	110	19	116	20	106	21	120	22	112	23	110	24	119	25	108	26	120	27	120	28	118	29	112	30	108	31	104	32	117	33	115	34	104	35	103	36	109	37	114	38	101	39	103	40	119	41	107	42	105	43	111	44	100	45	113	46	116	47	106	48	120	49	104	
	0	103	1	116	2	117	3	106	4	110	5	110	6	115	7	116	8	105	9	106	10	100	11	112	12	103	13	107	14	101	15	105	16	105	17	113	18	106	19	115	20	112	21	104	22	104	23	106	24	108	25	112	26	112	27	106	28	108	29	116	30	118	31	109	32	115	33	106	34	115	35	100	36	109	37	105	38	100	39	107	40	105	41	119	42	105	43	100	44	106	45	106	46	110	47	119	48	109	49	111	
	0	102	1	116	2	115	3	106	4	105	5	104	6	119	7	109	8	104	9	112	10	116	11	120	12	120	13	100	14	106	15	112	16	109	17	117	18	112	19	112	20	107	21	108	22	104	23	112	24	103	25	112	26	100	27	106	28	119	29	103	30	102	31	103	32	106	33	119	34	114	35	102	36	113	37	105	38	110	39	107	40	111	41	109	42	110	43	119	44	105	45	113	46	103	47	118	48	109	49	113	
	0	116	1	106	2	120	3	104	4	109	5	102	6	106	7	117	8	116	9	107	10	107	11	101	12	113	13	107	14	111	15	115	16	107	17	108	18	107	19	112	20	111	21	112	22	108	23	103	24	102	25	114	26	118	27	104	28	106	29	102	30	113	31	119	32	103	33	111	34	104	35	116	36	101	37	102	38	103	39	116	40	106	41	104	42	101	43	120	44	109	45	111	46	113	47	120	48	101	49	107	
	0	105	1	115	2	113	3	118	4	114	5	105	6	103	7	104	8	106	9	106	10	101	11	103	12	113	13	106	14	113	15	106	16	116	17	102	18	119	19	115	20	114	21	114	22	112	23	111	24	114	25	116	26	108	27	106	28	108	29	100	30	107	31	106	32	105	33	119	34	103	35	116	36	113	37	120	38	116	39	100	40	113	41	111	42	106	43	113	44	104	45	114	46	103	47	119	48	115	49	119	
	0	104	1	117	2	105	3	104	4	113	5	102	6	106	7	110	8	107	9	111	10	101	11	104	12	106	13	100	14	115	15	105	16	111	17	107	18	116	19	104	20	116	21	107	22	116	23	109	24	114	25	110	26	120	27	103	28	106	29	102	30	108	31	113	32	113	33	110	34	102	35	110	36	106	37	101	38	117	39	115	40	100	41	105	42	113	43	117	44	112	45	112	46	119	47	115	48	120	49	102	
	0	117	1	107	2	105	3	118	4	106	5	110	6	109	7	107	8	110	9	119	10	106	11	116	12	106	13	105	14	112	15	115	16	112	17	110	18	105	19	100	20	109	21	115	22	104	23	110	24	119	25	106	26	114	27	119	28	108	29	113	30	111	31	118	32	115	33	117	34	114	35	104	36	103	37	105	38	109	39	102	40	102	41	116	42	103	43	118	44	114	45	112	46	108	47	100	48	108	49	120	
	0	116	1	120	2	109	3	115	4	106	5	112	6	114	7	102	8	109	9	109	10	106	11	117	12	120	13	120	14	108	15	100	16	100	17	109	18	114	19	100	20	112	21	117	22	110	23	104	24	100	25	100	26	111	27	105	28	101	29	118	30	112	31	116	32	114	33	113	34	114	35	117	36	116	37	103	38	113	39	119	40	119	41	114	42	119	43	109	44	106	45	112	46	117	47	105	48	115	49	118	
	0	101	1	107	2	115	3	119	4	114	5	111	6	106	7	109	8	114	9	117	10	113	11	106	12	100	13	103	14	114	15	120	16	107	17	118	18	106	19	119	20	119	21	108	22	109	23	112	24	113	25	112	26	116	27	102	28	107	29	109	30	110	31	117	32	116	33	115	34	111	35	100	36	101	37	101	38	106	39	112	40	118	41	108	42	117	43	119	44	113	45	118	46	105	47	113	48	117	49	112	
	0	117	1	118	2	104	3	118	4	109	5	116	6	114	7	102	8	104	9	110	10	101	11	102	12	107	13	103	14	108	15	114	16	103	17	106	18	100	19	105	20	119	21	106	22	100	23	106	24	114	25	108	26	103	27	110	28	117	29	117	30	113	31	102	32	100	33	115	34	107	35	116	36	112	37	114	38	100	39	109	40	117	41	116	42	111	43	106	44	114	45	111	46	118	47	101	48	117	49	107	
	0	116	1	104	2	111	3	118	4	108	5	101	6	102	7	120	8	104	9	116	10	101	11	114	12	120	13	111	14	107	15	101	16	108	17	112	18	110	19	111	20	107	21	114	22	102	23	114	24	119	25	109	26	113	27	119	28	109	29	105	30	114	31	108	32	103	33	104	34	113	35	103	36	104	37	107	38	107	39	112	40	105	41	119	42	102	43	108	44	110	45	113	46	108	47	104	48	112	49	112	
	0	114	1	104	2	110	3	106	4	112	5	106	6	110	7	107	8	111	9	100	10	108	11	101	12	120	13	104	14	109	15	100	16	101	17	119	18	116	19	108	20	105	21	120	22	102	23	120	24	116	25	113	26	117	27	106	28	100	29	120	30	117	31	109	32	108	33	120	34	113	35	105	36	100	37	117	38	110	39	103	40	100	41	110	42	118	43	110	44	110	45	113	46	111	47	103	48	108	49	115	
	0	107	1	118	2	111	3	119	4	118	5	100	6	103	7	108	8	118	9	115	10	120	11	109	12	107	13	107	14	118	15	108	16	100	17	109	18	103	19	108	20	103	21	108	22	118	23	106	24	116	25	108	26	120	27	100	28	117	29	120	30	102	31	120	32	102	33	118	34	100	35	105	36	109	37	115	38	119	39	114	40	103	41	114	42	104	43	110	44	101	45	112	46	117	47	103	48	109	49	102	
	0	111	1	107	2	118	3	102	4	105	5	115	6	101	7	119	8	100	9	100	10	101	11	105	12	119	13	101	14	101	15	103	16	106	17	114	18	117	19	120	20	114	21	108	22	106	23	115	24	101	25	114	26	105	27	108	28	120	29	110	30	107	31	106	32	118	33	109	34	108	35	110	36	104	37	105	38	106	39	120	40	118	41	100	42	101	43	100	44	113	45	119	46	113	47	101	48	117	49	117	
	0	106	1	117	2	119	3	110	4	120	5	101	6	102	7	118	8	116	9	114	10	108	11	112	12	111	13	111	14	114	15	101	16	117	17	109	18	108	19	114	20	103	21	117	22	105	23	115	24	113	25	104	26	118	27	119	28	105	29	106	30	120	31	102	32	102	33	103	34	103	35	111	36	104	37	118	38	118	39	106	40	114	41	100	42	119	43	119	44	101	45	100	46	100	47	110	48	117	49	113	
	0	120	1	103	2	120	3	100	4	106	5	102	6	108	7	111	8	119	9	119	10	113	11	112	12	101	13	112	14	112	15	110	16	116	17	100	18	115	19	109	20	101	21	110	22	104	23	101	24	109	25	112	26	112	27	101	28	108	29	115	30	101	31	103	32	118	33	117	34	105	35	115	36	117	37	111	38	114	39	115	40	119	41	112	42	115	43	116	44	106	45	119	46	117	47	120	48	120	49	115	
	0	119	1	115	2	102	3	119	4	105	5	118	6	102	7	100	8	112	9	116	10	116	11	110	12	108	13	104	14	113	15	102	16	114	17	116	18	110	19	114	20	111	21	113	22	111	23	111	24	100	25	106	26	101	27	120	28	120	29	107	30	120	31	108	32	116	33	104	34	114	35	106	36	110	37	112	38	118	39	109	40	115	41	109	42	102	43	101	44	114	45	118	46	119	47	105	48	110	49	108	
	0	115	1	100	2	119	3	103	4	100	5	113	6	120	7	101	8	116	9	108	10	101	11	101	12	105	13	105	14	110	15	117	16	117	17	101	18	118	19	106	20	114	21	106	22	117	23	106	24	106	25	107	26	100	27	114	28	107	29	103	30	116	31	111	32	115	33	111	34	100	35	114	36	100	37	102	38	118	39	109	40	118	41	103	42	104	43	106	44	107	45	102	46	102	47	106	48	100	49	120	
	0	101	1	102	2	108	3	119	4	115	5	100	6	111	7	105	8	109	9	107	10	103	11	103	12	102	13	120	14	110	15	102	16	109	17	117	18	112	19	104	20	100	21	115	22	112	23	101	24	107	25	108	26	119	27	115	28	120	29	111	30	119	31	112	32	103	33	118	34	108	35	112	36	112	37	115	38	107	39	109	40	110	41	114	42	101	43	102	44	119	45	108	46	110	47	115	48	116	49	113	
	0	112	1	115	2	106	3	110	4	118	5	107	6	100	7	107	8	106	9	119	10	109	11	116	12	115	13	103	14	111	15	109	16	114	17	111	18	118	19	108	20	102	21	118	22	111	23	102	24	103	25	106	26	120	27	118	28	111	29	101	30	111	31	109	32	119	33	113	34	120	35	105	36	114	37	107	38	115	39	109	40	116	41	116	42	118	43	111	44	108	45	120	46	109	47	104	48	110	49	102	
	0	102	1	113	2	105	3	106	4	113	5	106	6	118	7	117	8	106	9	101	10	104	11	105	12	107	13	111	14	101	15	104	16	117	17	105	18	110	19	107	20	119	21	109	22	117	23	109	24	116	25	119	26	106	27	116	28	110	29	102	30	109	31	114	32	107	33	103	34	120	35	110	36	111	37	117	38	120	39	120	40	119	41	101	42	117	43	113	44	104	45	117	46	113	47	118	48	114	49	109	
	0	114	1	111	2	109	3	111	4	103	5	113	6	100	7	108	8	119	9	119	10	106	11	100	12	108	13	104	14	102	15	118	16	114	17	101	18	113	19	115	20	114	21	113	22	106	23	100	24	119	25	102	26	111	27	107	28	111	29	116	30	106	31	104	32	107	33	100	34	114	35	111	36	116	37	120	38	102	39	107	40	107	41	103	42	120	43	119	44	113	45	103	46	119	47	107	48	120	49	117	
	0	107	1	110	2	103	3	114	4	116	5	113	6	105	7	119	8	115	9	119	10	104	11	103	12	103	13	116	14	119	15	111	16	116	17	113	18	102	19	116	20	115	21	111	22	104	23	104	24	107	25	114	26	100	27	115	28	100	29	116	30	117	31	112	32	107	33	108	34	119	35	106	36	105	37	120	38	100	39	105	40	114	41	106	42	106	43	102	44	107	45	118	46	106	47	120	48	104	49	113	
	0	102	1	106	2	105	3	112	4	110	5	103	6	114	7	115	8	113	9	110	10	101	11	113	12	117	13	107	14	100	15	107	16	116	17	110	18	103	19	118	20	111	21	118	22	113	23	116	24	114	25	111	26	108	27	114	28	110	29	112	30	119	31	112	32	110	33	105	34	114	35	113	36	104	37	107	38	119	39	103	40	103	41	108	42	115	43	108	44	120	45	113	46	113	47	101	48	114	49	115	
	0	116	1	118	2	114	3	115	4	113	5	107	6	109	7	111	8	111	9	115	10	118	11	120	12	109	13	101	14	101	15	116	16	112	17	118	18	119	19	117	20	117	21	112	22	109	23	103	24	102	25	100	26	112	27	117	28	117	29	120	30	103	31	117	32	108	33	105	34	104	35	120	36	113	37	108	38	116	39	101	40	111	41	118	42	102	43	120	44	107	45	118	46	111	47	105	48	101	49	104	
	0	101	1	119	2	103	3	104	4	100	5	119	6	104	7	117	8	110	9	120	10	117	11	119	12	109	13	113	14	103	15	103	16	115	17	115	18	102	19	118	20	116	21	112	22	102	23	116	24	113	25	112	26	109	27	103	28	113	29	106	30	100	31	113	32	107	33	118	34	106	35	100	36	116	37	117	38	109	39	103	40	102	41	108	42	103	43	113	44	116	45	114	46	115	47	107	48	118	49	114	
	0	101	1	117	2	102	3	104	4	120	5	109	6	103	7	104	8	104	9	111	10	103	11	103	12	101	13	117	14	105	15	109	16	102	17	107	18	109	19	101	20	103	21	116	22	108	23	108	24	117	25	107	26	108	27	108	28	113	29	118	30	104	31	102	32	105	33	110	34	108	35	104	36	110	37	107	38	102	39	113	40	115	41	108	42	101	43	111	44	104	45	115	46	102	47	114	48	110	49	118	
	0	101	1	119	2	115	3	112	4	118	5	101	6	103	7	100	8	112	9	106	10	118	11	117	12	101	13	104	14	106	15	105	16	119	17	115	18	108	19	113	20	118	21	106	22	119	23	109	24	116	25	106	26	119	27	120	28	117	29	103	30	118	31	113	32	111	33	103	34	109	35	113	36	120	37	108	38	118	39	104	40	110	41	118	42	100	43	105	44	115	45	109	46	112	47	111	48	117	49	115	
	0	113	1	118	2	107	3	114	4	101	5	102	6	106	7	101	8	104	9	119	10	110	11	101	12	110	13	105	14	118	15	115	16	119	17	117	18	112	19	115	20	104	21	114	22	112	23	111	24	114	25	110	26	113	27	101	28	107	29	114	30	106	31	105	32	119	33	111	34	117	35	118	36	115	37	120	38	111	39	116	40	115	41	103	42	106	43	107	44	110	45	119	46	115	47	108	48	101	49	100	
	0	120	1	112	2	103	3	116	4	118	5	118	6	112	7	100	8	114	9	100	10	101	11	104	12	107	13	108	14	109	15	103	16	117	17	117	18	107	19	110	20	114	21	106	22	104	23	108	24	104	25	113	26	108	27	104	28	118	29	115	30	100	31	113	32	116	33	106	34	102	35	103	36	114	37	117	38	107	39	114	40	108	41	112	42	108	43	117	44	103	45	108	46	100	47	100	48	116	49	117	
	0	112	1	103	2	114	3	115	4	110	5	113	6	117	7	117	8	103	9	118	10	111	11	114	12	108	13	101	14	109	15	113	16	119	17	113	18	116	19	107	20	106	21	120	22	113	23	120	24	107	25	115	26	107	27	100	28	101	29	104	30	101	31	115	32	119	33	109	34	112	35	103	36	102	37	118	38	119	39	117	40	111	41	102	42	105	43	106	44	111	45	116	46	105	47	114	48	120	49	112	
	0	120	1	113	2	119	3	102	4	107	5	116	6	113	7	110	8	102	9	110	10	115	11	107	12	118	13	104	14	106	15	120	16	105	17	114	18	110	19	120	20	107	21	111	22	110	23	117	24	118	25	120	26	120	27	115	28	106	29	116	30	107	31	117	32	117	33	111	34	105	35	114	36	111	37	106	38	115	39	111	40	109	41	103	42	117	43	109	44	114	45	117	46	115	47	109	48	112	49	105	
	0	119	1	102	2	120	3	115	4	101	5	106	6	108	7	103	8	106	9	111	10	119	11	113	12	117	13	104	14	106	15	109	16	100	17	104	18	119	19	108	20	113	21	102	22	119	23	109	24	117	25	103	26	118	27	117	28	117	29	101	30	110	31	115	32	111	33	102	34	114	35	102	36	118	37	109	38	105	39	104	40	108	41	100	42	112	43	106	44	101	45	117	46	104	47	114	48	119	49	117	
	0	100	1	111	2	109	3	115	4	115	5	112	6	105	7	114	8	115	9	108	10	120	11	108	12	108	13	103	14	111	15	118	16	105	17	105	18	101	19	116	20	111	21	115	22	103	23	105	24	111	25	111	26	120	27	120	28	108	29	117	30	101	31	117	32	115	33	100	34	117	35	118	36	100	37	110	38	112	39	106	40	109	41	108	42	110	43	114	44	103	45	108	46	118	47	111	48	108	49	115	