200 50 1
50
	0	115	1	115	2	107	3	113	4	110	5	119	6	112	7	118	8	118	9	106	10	110	11	109	12	101	13	118	14	111	15	106	16	120	17	109	18	115	19	110	20	100	21	108	22	109	23	100	24	111	25	111	26	104	27	107	28	108	29	111	30	107	31	115	32	100	33	104	34	118	35	100	36	108	37	113	38	116	39	104	40	103	41	117	42	112	43	102	44	111	45	116	46	115	47	101	48	106	49	100	
	0	108	1	106	2	109	3	108	4	110	5	104	6	106	7	120	8	107	9	119	10	110	11	114	12	109	13	108	14	105	15	104	16	105	17	101	18	113	19	115	20	105	21	120	22	106	23	111	24	111	25	110	26	110	27	110	28	107	29	112	30	116	31	117	32	106	33	100	34	116	35	111	36	100	37	117	38	116	39	108	40	110	41	110	42	110	43	110	44	109	45	112	46	116	47	112	48	114	49	114	
	0	116	1	107	2	113	3	120	4	103	5	109	6	103	7	102	8	113	9	107	10	108	11	112	12	112	13	115	14	101	15	103	16	116	17	103	18	104	19	106	20	115	21	117	22	116	23	105	24	116	25	120	26	108	27	106	28	103	29	119	30	107	31	103	32	117	33	115	34	109	35	109	36	118	37	111	38	111	39	105	40	102	41	117	42	117	43	111	44	111	45	100	46	111	47	106	48	115	49	108	
	0	114	1	119	2	105	3	110	4	108	5	106	6	120	7	112	8	117	9	111	10	111	11	119	12	118	13	111	14	109	15	107	16	113	17	107	18	111	19	100	20	108	21	119	22	119	23	112	24	101	25	118	26	117	27	108	28	120	29	108	30	107	31	100	32	113	33	113	34	102	35	115	36	112	37	105	38	111	39	103	40	107	41	104	42	114	43	116	44	118	45	112	46	118	47	110	48	104	49	101	
	0	101	1	101	2	112	3	100	4	101	5	105	6	108	7	101	8	102	9	118	10	118	11	106	12	106	13	108	14	101	15	111	16	115	17	113	18	114	19	100	20	107	21	111	22	113	23	107	24	103	25	108	26	114	27	120	28	108	29	117	30	119	31	100	32	115	33	120	34	107	35	112	36	105	37	108	38	117	39	118	40	100	41	100	42	117	43	116	44	118	45	101	46	110	47	116	48	110	49	118	
	0	109	1	102	2	106	3	108	4	108	5	117	6	101	7	119	8	113	9	115	10	114	11	100	12	112	13	116	14	101	15	120	16	109	17	103	18	114	19	109	20	120	21	115	22	105	23	109	24	112	25	113	26	102	27	115	28	107	29	104	30	120	31	115	32	120	33	103	34	102	35	113	36	117	37	120	38	104	39	119	40	112	41	113	42	112	43	118	44	100	45	117	46	120	47	113	48	104	49	108	
	0	112	1	118	2	106	3	108	4	100	5	120	6	118	7	102	8	103	9	115	10	113	11	106	12	107	13	109	14	100	15	109	16	114	17	101	18	117	19	102	20	117	21	104	22	116	23	107	24	107	25	119	26	115	27	101	28	119	29	118	30	103	31	115	32	100	33	110	34	118	35	117	36	118	37	109	38	119	39	117	40	104	41	108	42	119	43	110	44	106	45	103	46	112	47	106	48	118	49	114	
	0	112	1	115	2	114	3	113	4	118	5	120	6	113	7	108	8	102	9	117	10	104	11	116	12	108	13	115	14	118	15	119	16	120	17	115	18	104	19	115	20	117	21	115	22	102	23	116	24	108	25	115	26	101	27	108	28	117	29	111	30	103	31	120	32	120	33	115	34	108	35	110	36	103	37	113	38	105	39	116	40	113	41	107	42	101	43	120	44	103	45	118	46	108	47	116	48	119	49	100	
	0	116	1	111	2	115	3	101	4	105	5	108	6	112	7	113	8	105	9	105	10	109	11	113	12	116	13	100	14	110	15	109	16	117	17	117	18	114	19	113	20	110	21	113	22	107	23	101	24	103	25	116	26	120	27	111	28	117	29	116	30	105	31	105	32	109	33	101	34	101	35	112	36	114	37	102	38	115	39	111	40	104	41	115	42	115	43	103	44	110	45	111	46	113	47	112	48	120	49	108	
	0	102	1	109	2	101	3	107	4	108	5	102	6	119	7	105	8	103	9	119	10	118	11	107	12	102	13	111	14	105	15	114	16	118	17	113	18	100	19	113	20	103	21	117	22	106	23	120	24	107	25	103	26	102	27	104	28	120	29	109	30	109	31	112	32	112	33	103	34	115	35	115	36	119	37	100	38	108	39	116	40	110	41	104	42	101	43	105	44	101	45	112	46	108	47	120	48	114	49	116	
	0	113	1	119	2	106	3	116	4	105	5	114	6	106	7	100	8	113	9	116	10	103	11	117	12	112	13	115	14	107	15	112	16	116	17	120	18	118	19	107	20	108	21	112	22	109	23	111	24	109	25	105	26	118	27	106	28	115	29	109	30	103	31	108	32	112	33	111	34	107	35	111	36	108	37	105	38	115	39	118	40	104	41	119	42	113	43	100	44	115	45	112	46	109	47	118	48	115	49	118	
	0	111	1	105	2	105	3	120	4	120	5	116	6	104	7	103	8	112	9	116	10	100	11	104	12	120	13	100	14	107	15	110	16	111	17	114	18	106	19	115	20	100	21	120	22	106	23	113	24	119	25	113	26	108	27	112	28	109	29	116	30	103	31	120	32	104	33	113	34	113	35	105	36	101	37	117	38	104	39	102	40	110	41	110	42	114	43	106	44	112	45	111	46	107	47	100	48	112	49	112	
	0	120	1	112	2	114	3	105	4	107	5	120	6	104	7	112	8	114	9	109	10	104	11	101	12	100	13	118	14	110	15	115	16	120	17	114	18	118	19	103	20	117	21	120	22	110	23	109	24	119	25	117	26	117	27	109	28	117	29	116	30	119	31	108	32	111	33	110	34	118	35	119	36	110	37	114	38	102	39	116	40	112	41	103	42	110	43	119	44	104	45	116	46	106	47	114	48	100	49	108	
	0	117	1	119	2	107	3	119	4	118	5	118	6	104	7	102	8	120	9	102	10	100	11	112	12	108	13	103	14	104	15	112	16	105	17	102	18	117	19	100	20	109	21	108	22	114	23	120	24	114	25	114	26	116	27	107	28	101	29	115	30	100	31	109	32	118	33	104	34	101	35	118	36	107	37	107	38	108	39	117	40	102	41	108	42	114	43	104	44	120	45	104	46	113	47	105	48	103	49	101	
	0	107	1	117	2	109	3	112	4	100	5	102	6	107	7	110	8	116	9	107	10	120	11	108	12	116	13	118	14	106	15	116	16	116	17	117	18	111	19	109	20	102	21	103	22	115	23	110	24	105	25	110	26	109	27	105	28	118	29	107	30	100	31	104	32	112	33	112	34	118	35	108	36	113	37	108	38	100	39	107	40	101	41	110	42	112	43	120	44	105	45	111	46	112	47	114	48	101	49	102	
	0	113	1	117	2	115	3	111	4	109	5	114	6	107	7	115	8	108	9	107	10	100	11	120	12	119	13	112	14	109	15	113	16	103	17	113	18	118	19	102	20	109	21	108	22	109	23	101	24	102	25	110	26	117	27	118	28	109	29	112	30	119	31	112	32	102	33	120	34	120	35	120	36	105	37	102	38	117	39	105	40	101	41	113	42	101	43	109	44	107	45	104	46	104	47	110	48	113	49	104	
	0	116	1	110	2	106	3	110	4	100	5	115	6	101	7	106	8	105	9	118	10	119	11	114	12	105	13	104	14	120	15	104	16	108	17	109	18	110	19	111	20	103	21	105	22	106	23	115	24	111	25	117	26	109	27	119	28	116	29	111	30	105	31	111	32	106	33	103	34	118	35	111	36	107	37	101	38	113	39	101	40	113	41	107	42	105	43	106	44	114	45	117	46	105	47	105	48	112	49	101	
	0	101	1	114	2	114	3	107	4	117	5	118	6	119	7	113	8	115	9	112	10	117	11	107	12	105	13	116	14	112	15	116	16	103	17	118	18	109	19	101	20	112	21	109	22	106	23	109	24	109	25	109	26	101	27	101	28	108	29	117	30	111	31	113	32	107	33	107	34	116	35	105	36	102	37	103	38	112	39	100	40	106	41	110	42	104	43	118	44	105	45	110	46	103	47	116	48	113	49	116	
	0	114	1	105	2	106	3	117	4	117	5	103	6	100	7	100	8	109	9	117	10	109	11	114	12	107	13	116	14	120	15	107	16	112	17	119	18	114	19	100	20	116	21	104	22	120	23	115	24	103	25	120	26	108	27	107	28	100	29	119	30	114	31	104	32	118	33	116	34	118	35	104	36	119	37	112	38	109	39	118	40	119	41	108	42	106	43	102	44	111	45	111	46	101	47	117	48	105	49	120	
	0	117	1	104	2	118	3	101	4	105	5	102	6	101	7	109	8	119	9	116	10	105	11	108	12	111	13	101	14	112	15	109	16	118	17	115	18	108	19	102	20	113	21	118	22	111	23	105	24	120	25	115	26	118	27	105	28	103	29	113	30	108	31	106	32	111	33	102	34	115	35	118	36	115	37	108	38	117	39	111	40	119	41	103	42	120	43	113	44	108	45	103	46	101	47	118	48	104	49	104	
	0	112	1	105	2	104	3	105	4	106	5	100	6	101	7	107	8	111	9	103	10	119	11	108	12	104	13	105	14	106	15	116	16	108	17	108	18	107	19	109	20	105	21	118	22	109	23	105	24	110	25	112	26	101	27	117	28	105	29	110	30	102	31	111	32	119	33	100	34	112	35	110	36	107	37	114	38	116	39	109	40	100	41	104	42	100	43	114	44	114	45	118	46	101	47	118	48	112	49	100	
	0	116	1	103	2	104	3	102	4	101	5	117	6	116	7	100	8	112	9	106	10	101	11	115	12	108	13	107	14	108	15	115	16	103	17	117	18	106	19	114	20	115	21	103	22	111	23	103	24	103	25	103	26	100	27	110	28	100	29	108	30	109	31	115	32	109	33	113	34	120	35	108	36	102	37	107	38	113	39	111	40	110	41	120	42	119	43	110	44	115	45	116	46	116	47	105	48	120	49	103	
	0	105	1	104	2	113	3	120	4	109	5	109	6	112	7	120	8	106	9	116	10	101	11	112	12	115	13	101	14	108	15	103	16	106	17	117	18	110	19	106	20	111	21	100	22	106	23	104	24	103	25	106	26	104	27	109	28	108	29	112	30	104	31	110	32	101	33	119	34	107	35	110	36	113	37	118	38	107	39	118	40	105	41	105	42	111	43	120	44	107	45	100	46	114	47	116	48	104	49	119	
	0	104	1	107	2	106	3	118	4	102	5	109	6	116	7	100	8	103	9	116	10	116	11	106	12	120	13	103	14	104	15	103	16	112	17	117	18	107	19	108	20	107	21	114	22	106	23	106	24	114	25	105	26	119	27	107	28	114	29	119	30	105	31	112	32	108	33	110	34	114	35	106	36	111	37	100	38	109	39	113	40	119	41	111	42	100	43	111	44	117	45	120	46	111	47	113	48	110	49	102	
	0	112	1	111	2	116	3	110	4	110	5	117	6	110	7	113	8	111	9	101	10	101	11	107	12	103	13	111	14	102	15	119	16	109	17	110	18	103	19	118	20	115	21	117	22	105	23	116	24	105	25	110	26	112	27	107	28	112	29	103	30	116	31	112	32	105	33	104	34	110	35	115	36	119	37	119	38	102	39	119	40	116	41	114	42	119	43	100	44	104	45	120	46	102	47	114	48	111	49	112	
	0	104	1	101	2	111	3	101	4	101	5	118	6	103	7	112	8	108	9	109	10	119	11	101	12	100	13	110	14	101	15	106	16	104	17	107	18	119	19	111	20	110	21	120	22	105	23	114	24	101	25	114	26	108	27	102	28	102	29	100	30	119	31	117	32	109	33	104	34	112	35	108	36	107	37	112	38	104	39	112	40	101	41	103	42	114	43	100	44	106	45	104	46	114	47	100	48	106	49	115	
	0	100	1	114	2	107	3	117	4	112	5	103	6	114	7	120	8	118	9	102	10	104	11	112	12	102	13	113	14	110	15	116	16	101	17	119	18	115	19	118	20	117	21	108	22	106	23	102	24	106	25	104	26	107	27	112	28	114	29	102	30	106	31	108	32	104	33	102	34	114	35	108	36	101	37	115	38	111	39	115	40	103	41	117	42	117	43	107	44	107	45	105	46	106	47	114	48	116	49	108	
	0	120	1	111	2	116	3	114	4	100	5	116	6	103	7	115	8	119	9	116	10	100	11	115	12	117	13	101	14	119	15	100	16	105	17	105	18	100	19	115	20	112	21	117	22	112	23	112	24	119	25	102	26	109	27	103	28	116	29	115	30	112	31	108	32	106	33	119	34	118	35	118	36	109	37	109	38	107	39	116	40	119	41	104	42	115	43	103	44	112	45	115	46	116	47	104	48	112	49	114	
	0	119	1	118	2	114	3	102	4	117	5	102	6	101	7	120	8	100	9	119	10	108	11	100	12	102	13	111	14	114	15	120	16	109	17	105	18	105	19	114	20	111	21	114	22	115	23	110	24	102	25	111	26	100	27	106	28	119	29	111	30	112	31	102	32	110	33	116	34	109	35	106	36	110	37	102	38	111	39	107	40	111	41	120	42	111	43	116	44	101	45	109	46	108	47	103	48	108	49	106	
	0	116	1	116	2	120	3	120	4	120	5	105	6	107	7	114	8	114	9	100	10	107	11	116	12	104	13	104	14	113	15	108	16	103	17	103	18	120	19	119	20	120	21	111	22	119	23	114	24	101	25	120	26	102	27	104	28	114	29	111	30	115	31	109	32	103	33	105	34	102	35	104	36	120	37	111	38	117	39	108	40	104	41	112	42	108	43	108	44	105	45	117	46	106	47	110	48	110	49	117	
	0	116	1	113	2	108	3	100	4	116	5	106	6	107	7	111	8	106	9	101	10	112	11	118	12	100	13	101	14	109	15	112	16	108	17	119	18	102	19	100	20	113	21	106	22	116	23	102	24	113	25	113	26	107	27	114	28	117	29	115	30	113	31	102	32	100	33	112	34	118	35	114	36	104	37	118	38	102	39	116	40	113	41	117	42	107	43	102	44	115	45	107	46	100	47	108	48	112	49	104	
	0	105	1	112	2	109	3	102	4	109	5	107	6	113	7	106	8	100	9	113	10	117	11	109	12	115	13	101	14	107	15	104	16	110	17	100	18	107	19	119	20	111	21	118	22	109	23	103	24	118	25	108	26	120	27	113	28	101	29	110	30	112	31	102	32	104	33	100	34	101	35	113	36	100	37	109	38	115	39	112	40	107	41	104	42	108	43	106	44	119	45	111	46	120	47	117	48	112	49	119	
	0	109	1	117	2	115	3	105	4	111	5	119	6	120	7	118	8	119	9	119	10	117	11	119	12	112	13	111	14	108	15	119	16	109	17	117	18	119	19	102	20	105	21	100	22	109	23	118	24	111	25	102	26	113	27	103	28	120	29	113	30	112	31	108	32	107	33	109	34	116	35	103	36	115	37	118	38	115	39	120	40	103	41	109	42	118	43	116	44	105	45	102	46	115	47	100	48	106	49	101	
	0	110	1	104	2	111	3	105	4	116	5	113	6	102	7	118	8	105	9	100	10	112	11	111	12	110	13	109	14	103	15	100	16	104	17	105	18	108	19	112	20	114	21	112	22	114	23	104	24	104	25	108	26	108	27	103	28	102	29	108	30	101	31	108	32	114	33	106	34	103	35	100	36	116	37	111	38	113	39	108	40	101	41	115	42	112	43	106	44	100	45	104	46	118	47	115	48	107	49	104	
	0	108	1	102	2	115	3	117	4	104	5	117	6	102	7	119	8	110	9	105	10	119	11	103	12	108	13	103	14	120	15	115	16	112	17	105	18	106	19	113	20	115	21	107	22	102	23	116	24	114	25	106	26	106	27	101	28	100	29	120	30	120	31	106	32	110	33	110	34	115	35	116	36	115	37	112	38	108	39	108	40	102	41	110	42	105	43	105	44	115	45	109	46	112	47	100	48	118	49	103	
	0	120	1	104	2	108	3	105	4	115	5	111	6	104	7	109	8	102	9	104	10	117	11	104	12	104	13	101	14	109	15	108	16	110	17	116	18	103	19	114	20	117	21	108	22	114	23	115	24	117	25	107	26	107	27	108	28	119	29	118	30	115	31	110	32	106	33	104	34	115	35	106	36	116	37	115	38	103	39	111	40	114	41	105	42	105	43	105	44	106	45	108	46	103	47	100	48	101	49	108	
	0	110	1	114	2	113	3	119	4	109	5	120	6	113	7	108	8	108	9	120	10	117	11	105	12	119	13	111	14	104	15	118	16	104	17	100	18	112	19	106	20	113	21	116	22	107	23	119	24	119	25	111	26	113	27	117	28	115	29	100	30	100	31	108	32	103	33	119	34	114	35	100	36	120	37	116	38	114	39	110	40	113	41	109	42	103	43	103	44	113	45	100	46	118	47	117	48	111	49	104	
	0	115	1	112	2	103	3	116	4	106	5	119	6	105	7	106	8	104	9	117	10	115	11	103	12	115	13	110	14	113	15	116	16	103	17	112	18	100	19	103	20	120	21	102	22	101	23	112	24	112	25	113	26	105	27	100	28	120	29	119	30	103	31	118	32	106	33	105	34	109	35	100	36	101	37	104	38	106	39	106	40	103	41	104	42	110	43	118	44	116	45	108	46	119	47	114	48	112	49	119	
	0	106	1	120	2	104	3	108	4	115	5	103	6	105	7	110	8	117	9	119	10	108	11	106	12	117	13	117	14	107	15	115	16	105	17	119	18	107	19	109	20	105	21	112	22	106	23	112	24	114	25	106	26	115	27	105	28	107	29	114	30	107	31	109	32	102	33	117	34	115	35	103	36	117	37	100	38	101	39	101	40	102	41	120	42	119	43	112	44	111	45	117	46	106	47	108	48	120	49	110	
	0	104	1	113	2	107	3	111	4	102	5	115	6	102	7	118	8	106	9	106	10	107	11	113	12	108	13	120	14	101	15	113	16	108	17	114	18	108	19	116	20	112	21	114	22	101	23	107	24	114	25	116	26	116	27	109	28	119	29	106	30	110	31	101	32	100	33	115	34	108	35	106	36	101	37	105	38	110	39	112	40	118	41	112	42	105	43	107	44	113	45	118	46	119	47	117	48	105	49	115	
	0	120	1	103	2	103	3	103	4	120	5	117	6	120	7	101	8	116	9	116	10	106	11	111	12	115	13	105	14	108	15	116	16	108	17	114	18	109	19	120	20	110	21	111	22	102	23	106	24	114	25	118	26	112	27	114	28	100	29	115	30	119	31	120	32	108	33	120	34	115	35	116	36	104	37	109	38	110	39	112	40	118	41	117	42	105	43	106	44	112	45	117	46	119	47	100	48	101	49	116	
	0	115	1	113	2	100	3	110	4	118	5	119	6	104	7	107	8	105	9	104	10	109	11	104	12	112	13	106	14	110	15	111	16	120	17	117	18	120	19	117	20	110	21	110	22	116	23	102	24	115	25	115	26	103	27	108	28	110	29	102	30	111	31	103	32	117	33	113	34	105	35	112	36	107	37	120	38	113	39	113	40	109	41	101	42	115	43	105	44	108	45	107	46	114	47	116	48	103	49	111	
	0	119	1	120	2	101	3	119	4	120	5	100	6	108	7	109	8	103	9	101	10	102	11	109	12	108	13	115	14	104	15	109	16	110	17	101	18	112	19	102	20	111	21	111	22	115	23	106	24	105	25	102	26	106	27	101	28	104	29	112	30	117	31	119	32	115	33	116	34	102	35	105	36	119	37	108	38	116	39	108	40	108	41	120	42	105	43	104	44	115	45	107	46	120	47	111	48	116	49	108	
	0	104	1	118	2	111	3	107	4	116	5	110	6	114	7	114	8	107	9	108	10	107	11	100	12	119	13	109	14	112	15	113	16	115	17	105	18	115	19	103	20	108	21	119	22	110	23	114	24	120	25	115	26	116	27	104	28	112	29	103	30	107	31	112	32	108	33	103	34	118	35	101	36	104	37	109	38	100	39	116	40	113	41	102	42	101	43	104	44	115	45	118	46	119	47	114	48	119	49	104	
	0	111	1	119	2	120	3	117	4	111	5	107	6	113	7	110	8	111	9	108	10	118	11	100	12	102	13	118	14	111	15	103	16	118	17	109	18	114	19	101	20	117	21	118	22	116	23	106	24	114	25	116	26	105	27	100	28	105	29	118	30	114	31	114	32	113	33	103	34	104	35	103	36	105	37	106	38	112	39	115	40	108	41	106	42	106	43	107	44	110	45	102	46	103	47	119	48	113	49	109	
	0	102	1	101	2	107	3	110	4	106	5	102	6	116	7	116	8	104	9	118	10	120	11	110	12	108	13	115	14	113	15	113	16	111	17	102	18	100	19	114	20	101	21	118	22	113	23	109	24	101	25	112	26	116	27	107	28	109	29	111	30	109	31	103	32	119	33	106	34	108	35	113	36	118	37	112	38	115	39	107	40	104	41	112	42	106	43	115	44	109	45	108	46	112	47	108	48	107	49	104	
	0	101	1	101	2	107	3	119	4	120	5	109	6	102	7	114	8	113	9	113	10	106	11	120	12	105	13	118	14	104	15	102	16	108	17	117	18	110	19	119	20	105	21	115	22	109	23	118	24	105	25	107	26	113	27	116	28	111	29	116	30	113	31	114	32	117	33	110	34	117	35	112	36	115	37	115	38	115	39	111	40	110	41	117	42	101	43	100	44	113	45	118	46	100	47	100	48	114	49	112	
	0	110	1	112	2	119	3	110	4	110	5	107	6	109	7	113	8	118	9	102	10	111	11	116	12	108	13	110	14	107	15	111	16	114	17	104	18	119	19	104	20	108	21	112	22	117	23	116	24	101	25	113	26	112	27	101	28	110	29	102	30	106	31	104	32	115	33	120	34	115	35	115	36	106	37	100	38	104	39	102	40	119	41	106	42	114	43	105	44	114	45	106	46	104	47	109	48	102	49	111	
	0	112	1	115	2	115	3	113	4	107	5	104	6	116	7	119	8	109	9	107	10	120	11	105	12	120	13	118	14	108	15	110	16	112	17	101	18	119	19	100	20	120	21	118	22	117	23	105	24	110	25	102	26	113	27	118	28	109	29	105	30	103	31	109	32	120	33	100	34	120	35	117	36	120	37	107	38	117	39	100	40	114	41	114	42	112	43	106	44	103	45	105	46	120	47	106	48	109	49	105	
	0	109	1	102	2	116	3	102	4	114	5	105	6	100	7	116	8	115	9	112	10	100	11	105	12	118	13	109	14	106	15	111	16	114	17	111	18	120	19	115	20	119	21	117	22	120	23	104	24	108	25	118	26	114	27	116	28	102	29	119	30	120	31	118	32	105	33	114	34	115	35	119	36	105	37	117	38	105	39	106	40	108	41	114	42	115	43	118	44	114	45	118	46	103	47	116	48	120	49	106	
	0	111	1	115	2	119	3	118	4	106	5	107	6	120	7	119	8	101	9	112	10	105	11	118	12	118	13	109	14	106	15	109	16	100	17	109	18	109	19	118	20	101	21	111	22	120	23	103	24	115	25	118	26	108	27	105	28	107	29	116	30	108	31	108	32	117	33	114	34	119	35	118	36	110	37	107	38	102	39	109	40	101	41	114	42	111	43	109	44	110	45	114	46	110	47	108	48	114	49	112	
	0	105	1	105	2	117	3	116	4	104	5	119	6	105	7	115	8	106	9	100	10	110	11	120	12	101	13	112	14	106	15	119	16	106	17	108	18	113	19	100	20	117	21	114	22	115	23	101	24	100	25	107	26	118	27	101	28	110	29	120	30	111	31	110	32	109	33	114	34	120	35	102	36	114	37	114	38	105	39	118	40	103	41	112	42	112	43	104	44	105	45	102	46	103	47	105	48	113	49	111	
	0	112	1	109	2	108	3	110	4	103	5	118	6	114	7	114	8	112	9	115	10	101	11	119	12	117	13	117	14	120	15	108	16	115	17	109	18	112	19	110	20	117	21	103	22	117	23	120	24	102	25	107	26	115	27	117	28	108	29	119	30	102	31	114	32	119	33	115	34	120	35	106	36	104	37	101	38	111	39	119	40	104	41	108	42	104	43	101	44	113	45	107	46	119	47	114	48	101	49	109	
	0	101	1	112	2	107	3	114	4	102	5	100	6	108	7	113	8	105	9	101	10	110	11	109	12	105	13	118	14	103	15	100	16	103	17	102	18	105	19	113	20	106	21	115	22	107	23	119	24	100	25	119	26	112	27	107	28	106	29	107	30	105	31	109	32	112	33	108	34	110	35	110	36	100	37	105	38	118	39	110	40	111	41	105	42	107	43	108	44	107	45	103	46	116	47	120	48	117	49	110	
	0	100	1	117	2	110	3	112	4	106	5	108	6	120	7	109	8	104	9	120	10	111	11	110	12	114	13	108	14	102	15	116	16	108	17	100	18	115	19	109	20	104	21	105	22	111	23	116	24	109	25	100	26	105	27	104	28	114	29	101	30	102	31	117	32	116	33	120	34	116	35	101	36	107	37	103	38	117	39	105	40	120	41	105	42	108	43	108	44	107	45	117	46	111	47	120	48	109	49	111	
	0	110	1	104	2	107	3	100	4	104	5	103	6	113	7	102	8	115	9	112	10	104	11	120	12	117	13	116	14	100	15	117	16	103	17	115	18	113	19	119	20	109	21	120	22	117	23	109	24	116	25	119	26	109	27	118	28	110	29	110	30	113	31	111	32	106	33	107	34	119	35	114	36	106	37	111	38	120	39	100	40	115	41	100	42	115	43	116	44	101	45	110	46	118	47	109	48	107	49	106	
	0	111	1	107	2	104	3	109	4	109	5	106	6	102	7	100	8	112	9	107	10	102	11	116	12	105	13	120	14	106	15	118	16	116	17	120	18	112	19	101	20	116	21	111	22	103	23	109	24	110	25	112	26	109	27	109	28	119	29	119	30	103	31	111	32	106	33	120	34	109	35	119	36	109	37	118	38	120	39	106	40	107	41	115	42	101	43	117	44	117	45	117	46	115	47	106	48	107	49	113	
	0	116	1	117	2	113	3	107	4	109	5	115	6	115	7	100	8	120	9	101	10	117	11	115	12	108	13	110	14	103	15	100	16	112	17	115	18	117	19	118	20	103	21	111	22	116	23	108	24	114	25	119	26	115	27	105	28	100	29	103	30	110	31	118	32	112	33	118	34	119	35	112	36	105	37	107	38	117	39	110	40	106	41	112	42	107	43	100	44	116	45	114	46	118	47	115	48	100	49	105	
	0	116	1	120	2	109	3	110	4	102	5	107	6	107	7	114	8	104	9	113	10	105	11	103	12	110	13	108	14	112	15	107	16	118	17	102	18	110	19	114	20	105	21	116	22	109	23	102	24	118	25	109	26	112	27	114	28	103	29	102	30	117	31	114	32	115	33	111	34	100	35	112	36	112	37	115	38	103	39	113	40	112	41	105	42	101	43	101	44	107	45	107	46	112	47	115	48	118	49	112	
	0	109	1	109	2	118	3	111	4	118	5	110	6	120	7	118	8	120	9	109	10	112	11	112	12	115	13	105	14	114	15	117	16	120	17	114	18	104	19	113	20	114	21	115	22	110	23	120	24	101	25	111	26	105	27	116	28	118	29	101	30	110	31	112	32	102	33	115	34	119	35	118	36	112	37	100	38	116	39	117	40	120	41	114	42	108	43	111	44	116	45	106	46	107	47	108	48	100	49	104	
	0	107	1	115	2	108	3	111	4	103	5	113	6	109	7	107	8	104	9	105	10	114	11	118	12	107	13	118	14	109	15	100	16	104	17	114	18	116	19	103	20	113	21	106	22	112	23	109	24	103	25	115	26	105	27	118	28	112	29	108	30	115	31	106	32	102	33	120	34	112	35	111	36	110	37	113	38	113	39	104	40	101	41	115	42	118	43	105	44	120	45	105	46	107	47	119	48	107	49	112	
	0	115	1	111	2	100	3	115	4	104	5	110	6	115	7	112	8	101	9	108	10	104	11	110	12	103	13	110	14	106	15	105	16	116	17	115	18	107	19	112	20	103	21	106	22	117	23	117	24	114	25	108	26	107	27	117	28	110	29	118	30	108	31	104	32	114	33	111	34	117	35	100	36	106	37	102	38	102	39	104	40	120	41	116	42	120	43	108	44	113	45	110	46	105	47	118	48	103	49	101	
	0	104	1	100	2	115	3	101	4	108	5	103	6	113	7	102	8	111	9	115	10	118	11	104	12	108	13	100	14	100	15	117	16	119	17	119	18	101	19	113	20	115	21	113	22	114	23	100	24	118	25	113	26	120	27	101	28	104	29	102	30	120	31	109	32	117	33	109	34	115	35	106	36	100	37	103	38	110	39	118	40	110	41	109	42	116	43	111	44	105	45	117	46	101	47	100	48	108	49	116	
	0	120	1	119	2	115	3	109	4	118	5	103	6	102	7	120	8	109	9	110	10	112	11	101	12	109	13	116	14	113	15	111	16	106	17	120	18	104	19	105	20	108	21	119	22	117	23	102	24	110	25	104	26	102	27	112	28	103	29	111	30	103	31	104	32	100	33	101	34	117	35	119	36	116	37	110	38	114	39	105	40	103	41	106	42	110	43	120	44	103	45	107	46	113	47	102	48	103	49	101	
	0	102	1	115	2	106	3	104	4	116	5	108	6	109	7	103	8	111	9	100	10	105	11	117	12	105	13	105	14	109	15	103	16	103	17	108	18	109	19	108	20	100	21	102	22	109	23	106	24	109	25	103	26	118	27	116	28	117	29	116	30	100	31	118	32	103	33	114	34	108	35	100	36	120	37	114	38	106	39	116	40	115	41	103	42	108	43	119	44	120	45	118	46	115	47	102	48	103	49	116	
	0	116	1	102	2	101	3	101	4	101	5	117	6	119	7	109	8	107	9	116	10	113	11	108	12	114	13	119	14	118	15	116	16	113	17	101	18	103	19	109	20	111	21	116	22	116	23	111	24	109	25	105	26	104	27	100	28	117	29	106	30	107	31	100	32	116	33	110	34	104	35	112	36	111	37	102	38	115	39	108	40	100	41	114	42	107	43	119	44	109	45	105	46	111	47	103	48	108	49	117	
	0	101	1	108	2	104	3	117	4	102	5	115	6	113	7	107	8	104	9	118	10	112	11	110	12	119	13	107	14	101	15	107	16	117	17	113	18	111	19	119	20	118	21	100	22	118	23	117	24	116	25	107	26	106	27	111	28	113	29	119	30	110	31	117	32	104	33	115	34	101	35	106	36	116	37	118	38	120	39	102	40	103	41	115	42	112	43	107	44	111	45	115	46	104	47	107	48	104	49	114	
	0	117	1	103	2	103	3	120	4	120	5	117	6	117	7	120	8	111	9	105	10	104	11	119	12	105	13	103	14	110	15	108	16	110	17	101	18	115	19	117	20	117	21	110	22	120	23	120	24	105	25	117	26	117	27	103	28	110	29	114	30	111	31	114	32	106	33	101	34	100	35	101	36	106	37	112	38	119	39	107	40	112	41	112	42	120	43	112	44	100	45	101	46	108	47	106	48	117	49	105	
	0	117	1	117	2	110	3	105	4	105	5	116	6	116	7	114	8	107	9	109	10	104	11	100	12	113	13	112	14	118	15	113	16	115	17	112	18	113	19	113	20	104	21	111	22	109	23	103	24	101	25	116	26	109	27	105	28	102	29	114	30	101	31	106	32	107	33	110	34	106	35	114	36	105	37	101	38	101	39	116	40	110	41	119	42	118	43	115	44	106	45	107	46	113	47	119	48	102	49	103	
	0	116	1	101	2	108	3	107	4	112	5	102	6	111	7	100	8	104	9	108	10	119	11	115	12	108	13	107	14	103	15	115	16	117	17	114	18	112	19	115	20	109	21	115	22	106	23	102	24	115	25	111	26	103	27	102	28	101	29	102	30	103	31	118	32	118	33	118	34	101	35	119	36	117	37	117	38	101	39	110	40	110	41	115	42	113	43	108	44	114	45	100	46	106	47	106	48	114	49	101	
	0	120	1	107	2	113	3	106	4	101	5	115	6	103	7	101	8	104	9	100	10	109	11	109	12	104	13	103	14	106	15	100	16	108	17	113	18	106	19	108	20	119	21	111	22	120	23	104	24	107	25	109	26	108	27	117	28	104	29	104	30	104	31	109	32	110	33	111	34	120	35	113	36	111	37	120	38	112	39	106	40	111	41	116	42	101	43	117	44	113	45	102	46	104	47	118	48	104	49	104	
	0	116	1	119	2	120	3	114	4	117	5	104	6	104	7	117	8	119	9	104	10	103	11	103	12	105	13	108	14	113	15	111	16	109	17	117	18	116	19	100	20	106	21	111	22	112	23	107	24	101	25	113	26	110	27	106	28	110	29	103	30	106	31	114	32	110	33	107	34	113	35	106	36	104	37	100	38	100	39	117	40	107	41	112	42	112	43	106	44	116	45	100	46	106	47	117	48	103	49	112	
	0	112	1	118	2	110	3	114	4	105	5	100	6	106	7	101	8	101	9	117	10	112	11	118	12	114	13	107	14	113	15	110	16	102	17	111	18	109	19	113	20	104	21	108	22	101	23	105	24	105	25	106	26	104	27	111	28	101	29	108	30	107	31	109	32	106	33	114	34	120	35	116	36	101	37	119	38	111	39	106	40	103	41	119	42	108	43	102	44	109	45	101	46	113	47	103	48	116	49	103	
	0	117	1	115	2	107	3	117	4	110	5	107	6	119	7	118	8	109	9	100	10	115	11	106	12	107	13	102	14	104	15	116	16	104	17	109	18	101	19	103	20	118	21	107	22	112	23	115	24	114	25	101	26	118	27	114	28	118	29	119	30	114	31	109	32	101	33	114	34	101	35	117	36	113	37	106	38	104	39	100	40	115	41	103	42	105	43	114	44	115	45	107	46	120	47	110	48	119	49	105	
	0	119	1	113	2	116	3	106	4	104	5	113	6	102	7	109	8	108	9	120	10	101	11	105	12	120	13	101	14	116	15	114	16	107	17	101	18	102	19	112	20	112	21	109	22	108	23	108	24	109	25	103	26	110	27	101	28	119	29	119	30	103	31	113	32	102	33	115	34	113	35	108	36	112	37	102	38	102	39	101	40	120	41	100	42	114	43	111	44	115	45	116	46	107	47	117	48	110	49	104	
	0	103	1	117	2	114	3	109	4	111	5	109	6	116	7	105	8	115	9	113	10	100	11	108	12	119	13	101	14	120	15	102	16	120	17	101	18	109	19	114	20	105	21	112	22	105	23	103	24	108	25	101	26	108	27	105	28	103	29	101	30	119	31	100	32	104	33	112	34	110	35	109	36	114	37	112	38	106	39	102	40	100	41	102	42	100	43	120	44	113	45	118	46	113	47	114	48	116	49	107	
	0	103	1	109	2	112	3	100	4	102	5	111	6	103	7	120	8	108	9	112	10	107	11	113	12	110	13	114	14	101	15	106	16	106	17	106	18	114	19	114	20	101	21	116	22	104	23	120	24	101	25	113	26	109	27	115	28	106	29	103	30	120	31	104	32	117	33	118	34	110	35	117	36	114	37	116	38	115	39	110	40	107	41	101	42	101	43	113	44	112	45	113	46	114	47	109	48	102	49	110	
	0	119	1	108	2	109	3	118	4	113	5	115	6	117	7	119	8	104	9	101	10	112	11	114	12	119	13	117	14	113	15	117	16	119	17	103	18	107	19	110	20	114	21	109	22	117	23	106	24	105	25	108	26	103	27	102	28	105	29	113	30	102	31	106	32	118	33	120	34	120	35	112	36	100	37	111	38	111	39	117	40	116	41	117	42	117	43	101	44	103	45	108	46	112	47	115	48	115	49	110	
	0	120	1	100	2	101	3	103	4	105	5	103	6	115	7	113	8	103	9	111	10	111	11	106	12	114	13	103	14	101	15	115	16	105	17	100	18	116	19	119	20	102	21	116	22	104	23	119	24	114	25	115	26	117	27	111	28	118	29	111	30	112	31	109	32	108	33	102	34	101	35	104	36	114	37	101	38	118	39	113	40	112	41	112	42	101	43	110	44	109	45	113	46	119	47	111	48	107	49	101	
	0	113	1	110	2	108	3	118	4	114	5	102	6	103	7	101	8	105	9	102	10	115	11	111	12	113	13	118	14	100	15	118	16	112	17	115	18	112	19	101	20	113	21	106	22	103	23	120	24	108	25	117	26	116	27	118	28	116	29	120	30	103	31	115	32	108	33	107	34	120	35	109	36	106	37	111	38	100	39	100	40	111	41	115	42	118	43	115	44	112	45	113	46	109	47	112	48	102	49	114	
	0	109	1	109	2	103	3	103	4	108	5	118	6	114	7	111	8	114	9	114	10	119	11	113	12	120	13	116	14	108	15	119	16	106	17	107	18	119	19	100	20	105	21	103	22	106	23	106	24	117	25	112	26	107	27	100	28	104	29	108	30	110	31	100	32	111	33	116	34	105	35	113	36	114	37	114	38	116	39	111	40	109	41	102	42	105	43	118	44	119	45	108	46	110	47	113	48	110	49	113	
	0	110	1	119	2	112	3	116	4	120	5	102	6	114	7	108	8	109	9	114	10	107	11	117	12	116	13	119	14	111	15	100	16	108	17	104	18	101	19	119	20	108	21	118	22	115	23	111	24	100	25	104	26	109	27	100	28	117	29	105	30	106	31	105	32	118	33	119	34	119	35	118	36	100	37	103	38	117	39	115	40	105	41	120	42	110	43	110	44	115	45	110	46	100	47	118	48	111	49	118	
	0	102	1	114	2	103	3	114	4	112	5	104	6	116	7	115	8	110	9	119	10	113	11	103	12	116	13	111	14	114	15	113	16	116	17	114	18	116	19	104	20	101	21	113	22	120	23	119	24	101	25	106	26	109	27	101	28	114	29	115	30	115	31	101	32	105	33	100	34	116	35	116	36	115	37	110	38	106	39	110	40	112	41	113	42	117	43	108	44	105	45	112	46	108	47	108	48	120	49	103	
	0	118	1	108	2	100	3	113	4	101	5	114	6	108	7	113	8	119	9	104	10	113	11	106	12	111	13	111	14	105	15	103	16	115	17	101	18	100	19	106	20	105	21	101	22	104	23	102	24	115	25	115	26	120	27	117	28	108	29	106	30	112	31	108	32	110	33	108	34	112	35	116	36	101	37	103	38	119	39	120	40	106	41	114	42	112	43	105	44	114	45	104	46	100	47	104	48	117	49	103	
	0	107	1	112	2	109	3	111	4	115	5	110	6	109	7	100	8	109	9	110	10	103	11	113	12	102	13	113	14	101	15	108	16	104	17	113	18	120	19	106	20	114	21	110	22	113	23	108	24	102	25	111	26	109	27	100	28	104	29	118	30	115	31	115	32	101	33	112	34	101	35	106	36	113	37	114	38	111	39	104	40	117	41	108	42	115	43	106	44	106	45	112	46	104	47	109	48	108	49	115	
	0	111	1	106	2	110	3	106	4	116	5	116	6	101	7	105	8	101	9	106	10	107	11	102	12	111	13	116	14	111	15	112	16	105	17	115	18	114	19	117	20	119	21	114	22	113	23	113	24	114	25	111	26	120	27	105	28	102	29	104	30	101	31	116	32	117	33	114	34	111	35	106	36	112	37	112	38	118	39	112	40	102	41	101	42	102	43	115	44	104	45	100	46	112	47	104	48	114	49	102	
	0	109	1	119	2	119	3	103	4	117	5	120	6	101	7	120	8	118	9	111	10	110	11	114	12	113	13	118	14	105	15	106	16	103	17	117	18	109	19	115	20	111	21	108	22	119	23	117	24	104	25	104	26	115	27	116	28	104	29	117	30	120	31	120	32	110	33	101	34	117	35	106	36	102	37	103	38	112	39	109	40	102	41	104	42	104	43	111	44	114	45	101	46	102	47	115	48	104	49	111	
	0	103	1	117	2	115	3	114	4	106	5	113	6	104	7	111	8	117	9	103	10	114	11	111	12	103	13	119	14	118	15	101	16	111	17	108	18	106	19	113	20	103	21	116	22	110	23	115	24	103	25	113	26	106	27	108	28	107	29	112	30	109	31	120	32	119	33	102	34	116	35	110	36	102	37	110	38	103	39	115	40	112	41	118	42	103	43	105	44	117	45	110	46	111	47	114	48	103	49	120	
	0	116	1	109	2	119	3	119	4	107	5	101	6	117	7	102	8	102	9	114	10	102	11	105	12	104	13	118	14	102	15	104	16	108	17	106	18	109	19	111	20	116	21	120	22	112	23	117	24	112	25	110	26	109	27	102	28	107	29	119	30	119	31	112	32	118	33	118	34	101	35	104	36	108	37	111	38	108	39	116	40	115	41	120	42	118	43	102	44	110	45	110	46	112	47	104	48	104	49	101	
	0	100	1	118	2	107	3	101	4	102	5	119	6	109	7	120	8	104	9	104	10	105	11	117	12	119	13	111	14	117	15	116	16	112	17	113	18	107	19	108	20	101	21	110	22	107	23	112	24	117	25	102	26	104	27	105	28	103	29	109	30	112	31	107	32	104	33	108	34	100	35	108	36	116	37	108	38	118	39	110	40	101	41	109	42	111	43	106	44	104	45	107	46	110	47	117	48	100	49	120	
	0	113	1	117	2	105	3	114	4	110	5	117	6	120	7	117	8	103	9	113	10	106	11	113	12	101	13	102	14	111	15	103	16	107	17	119	18	114	19	116	20	107	21	117	22	105	23	120	24	106	25	120	26	113	27	116	28	105	29	117	30	110	31	105	32	117	33	102	34	104	35	119	36	103	37	106	38	107	39	102	40	104	41	102	42	104	43	107	44	104	45	102	46	116	47	118	48	113	49	105	
	0	100	1	112	2	105	3	108	4	111	5	105	6	112	7	113	8	109	9	104	10	115	11	102	12	118	13	101	14	119	15	119	16	101	17	111	18	118	19	119	20	118	21	120	22	100	23	109	24	115	25	104	26	102	27	119	28	102	29	114	30	117	31	115	32	118	33	111	34	118	35	109	36	103	37	105	38	103	39	102	40	104	41	108	42	118	43	104	44	118	45	120	46	118	47	101	48	103	49	107	
	0	108	1	119	2	115	3	102	4	100	5	108	6	110	7	116	8	109	9	115	10	117	11	112	12	110	13	110	14	109	15	119	16	110	17	109	18	116	19	112	20	100	21	105	22	103	23	113	24	102	25	110	26	100	27	115	28	110	29	115	30	112	31	115	32	114	33	115	34	101	35	120	36	120	37	111	38	101	39	113	40	107	41	108	42	105	43	105	44	110	45	104	46	114	47	108	48	119	49	114	
	0	111	1	118	2	114	3	113	4	117	5	112	6	112	7	109	8	105	9	114	10	105	11	120	12	115	13	104	14	109	15	104	16	106	17	118	18	119	19	112	20	110	21	112	22	104	23	114	24	105	25	100	26	114	27	115	28	104	29	118	30	115	31	107	32	109	33	108	34	110	35	116	36	111	37	113	38	104	39	116	40	105	41	113	42	111	43	103	44	114	45	116	46	116	47	117	48	114	49	102	
	0	105	1	115	2	108	3	115	4	108	5	103	6	106	7	115	8	120	9	118	10	109	11	112	12	103	13	110	14	110	15	112	16	103	17	104	18	119	19	116	20	109	21	117	22	110	23	106	24	113	25	111	26	104	27	115	28	107	29	106	30	104	31	102	32	117	33	104	34	104	35	105	36	105	37	116	38	116	39	115	40	119	41	115	42	108	43	112	44	100	45	102	46	116	47	120	48	105	49	103	
	0	101	1	113	2	118	3	118	4	109	5	116	6	109	7	105	8	112	9	117	10	115	11	120	12	115	13	110	14	110	15	107	16	116	17	101	18	110	19	105	20	113	21	102	22	108	23	114	24	108	25	115	26	120	27	114	28	120	29	114	30	119	31	103	32	117	33	110	34	113	35	115	36	106	37	112	38	108	39	104	40	103	41	119	42	116	43	111	44	108	45	116	46	103	47	106	48	117	49	105	
	0	115	1	109	2	108	3	113	4	109	5	110	6	113	7	114	8	106	9	101	10	114	11	116	12	101	13	110	14	100	15	107	16	113	17	105	18	116	19	120	20	109	21	120	22	120	23	100	24	119	25	101	26	115	27	113	28	109	29	115	30	112	31	112	32	112	33	107	34	113	35	111	36	110	37	108	38	116	39	109	40	111	41	113	42	118	43	111	44	102	45	116	46	111	47	101	48	103	49	111	
	0	120	1	112	2	107	3	109	4	120	5	115	6	117	7	102	8	119	9	113	10	100	11	106	12	105	13	114	14	115	15	113	16	118	17	103	18	120	19	120	20	113	21	115	22	118	23	120	24	107	25	100	26	116	27	118	28	111	29	109	30	116	31	101	32	108	33	103	34	117	35	120	36	117	37	116	38	111	39	111	40	109	41	104	42	110	43	103	44	106	45	116	46	110	47	107	48	109	49	101	
	0	105	1	110	2	119	3	100	4	105	5	116	6	106	7	109	8	111	9	110	10	103	11	120	12	120	13	102	14	119	15	109	16	108	17	117	18	112	19	119	20	105	21	100	22	109	23	107	24	114	25	106	26	117	27	100	28	103	29	100	30	111	31	104	32	117	33	110	34	119	35	112	36	115	37	101	38	118	39	116	40	117	41	102	42	113	43	109	44	109	45	116	46	108	47	107	48	118	49	106	
	0	110	1	100	2	113	3	114	4	102	5	114	6	114	7	117	8	117	9	112	10	120	11	101	12	115	13	119	14	118	15	105	16	103	17	114	18	103	19	118	20	116	21	101	22	107	23	120	24	102	25	109	26	114	27	102	28	115	29	100	30	106	31	104	32	119	33	111	34	115	35	113	36	102	37	120	38	102	39	103	40	110	41	118	42	110	43	104	44	103	45	119	46	106	47	107	48	117	49	114	
	0	112	1	109	2	105	3	118	4	101	5	113	6	103	7	109	8	110	9	102	10	116	11	101	12	112	13	117	14	103	15	118	16	119	17	113	18	115	19	116	20	120	21	115	22	100	23	120	24	117	25	113	26	114	27	102	28	110	29	115	30	102	31	104	32	110	33	103	34	109	35	104	36	118	37	115	38	117	39	115	40	101	41	118	42	117	43	112	44	111	45	109	46	109	47	112	48	108	49	115	
	0	120	1	104	2	117	3	112	4	100	5	119	6	100	7	118	8	108	9	102	10	108	11	114	12	108	13	120	14	114	15	116	16	112	17	111	18	117	19	109	20	104	21	107	22	116	23	100	24	108	25	114	26	120	27	108	28	104	29	107	30	120	31	105	32	111	33	119	34	117	35	108	36	118	37	117	38	101	39	103	40	108	41	105	42	102	43	120	44	110	45	115	46	108	47	106	48	109	49	107	
	0	103	1	119	2	118	3	114	4	103	5	103	6	112	7	111	8	108	9	103	10	102	11	101	12	113	13	117	14	109	15	102	16	104	17	101	18	113	19	106	20	103	21	109	22	108	23	105	24	120	25	101	26	115	27	100	28	110	29	103	30	116	31	116	32	119	33	109	34	103	35	115	36	103	37	105	38	112	39	110	40	112	41	117	42	113	43	105	44	108	45	104	46	106	47	109	48	115	49	115	
	0	116	1	119	2	116	3	103	4	117	5	107	6	103	7	118	8	113	9	117	10	108	11	108	12	116	13	104	14	100	15	119	16	120	17	114	18	108	19	104	20	109	21	106	22	113	23	104	24	118	25	120	26	118	27	115	28	108	29	110	30	114	31	111	32	113	33	116	34	116	35	108	36	106	37	119	38	116	39	119	40	113	41	107	42	107	43	112	44	112	45	112	46	114	47	117	48	104	49	112	
	0	107	1	104	2	109	3	112	4	101	5	107	6	106	7	111	8	106	9	103	10	108	11	105	12	119	13	101	14	118	15	116	16	118	17	107	18	114	19	114	20	113	21	108	22	119	23	110	24	113	25	105	26	118	27	118	28	118	29	104	30	108	31	120	32	105	33	115	34	101	35	111	36	101	37	116	38	104	39	115	40	107	41	101	42	119	43	110	44	116	45	114	46	102	47	105	48	113	49	113	
	0	112	1	113	2	118	3	104	4	116	5	105	6	116	7	104	8	112	9	107	10	112	11	116	12	113	13	101	14	109	15	120	16	108	17	101	18	103	19	113	20	106	21	119	22	116	23	113	24	115	25	102	26	114	27	116	28	107	29	109	30	103	31	114	32	104	33	106	34	117	35	114	36	100	37	106	38	120	39	105	40	113	41	105	42	100	43	106	44	102	45	117	46	119	47	104	48	110	49	108	
	0	110	1	106	2	112	3	117	4	111	5	109	6	118	7	119	8	119	9	117	10	117	11	118	12	116	13	103	14	118	15	109	16	104	17	114	18	111	19	103	20	116	21	120	22	105	23	114	24	102	25	117	26	114	27	106	28	113	29	105	30	110	31	106	32	118	33	119	34	112	35	119	36	117	37	119	38	110	39	106	40	101	41	112	42	100	43	109	44	112	45	104	46	115	47	119	48	104	49	114	
	0	100	1	106	2	103	3	110	4	114	5	108	6	120	7	119	8	113	9	112	10	103	11	102	12	107	13	110	14	104	15	110	16	111	17	102	18	110	19	106	20	112	21	102	22	110	23	113	24	119	25	118	26	100	27	110	28	107	29	117	30	100	31	107	32	106	33	111	34	114	35	103	36	118	37	120	38	120	39	108	40	108	41	110	42	101	43	111	44	115	45	108	46	107	47	108	48	104	49	106	
	0	120	1	108	2	118	3	109	4	112	5	113	6	100	7	106	8	109	9	100	10	110	11	119	12	119	13	114	14	116	15	102	16	110	17	118	18	111	19	109	20	112	21	110	22	116	23	110	24	113	25	107	26	116	27	119	28	110	29	118	30	119	31	119	32	105	33	101	34	108	35	102	36	115	37	102	38	107	39	119	40	112	41	119	42	105	43	101	44	118	45	120	46	104	47	109	48	104	49	100	
	0	104	1	109	2	109	3	106	4	113	5	102	6	114	7	115	8	115	9	103	10	108	11	102	12	109	13	113	14	120	15	108	16	104	17	116	18	109	19	109	20	115	21	119	22	119	23	119	24	119	25	119	26	104	27	107	28	106	29	101	30	106	31	103	32	120	33	110	34	114	35	101	36	108	37	105	38	113	39	119	40	118	41	100	42	100	43	110	44	112	45	106	46	110	47	112	48	100	49	102	
	0	104	1	104	2	105	3	106	4	109	5	108	6	107	7	106	8	109	9	119	10	101	11	118	12	103	13	107	14	119	15	104	16	109	17	103	18	120	19	106	20	110	21	113	22	115	23	106	24	105	25	107	26	109	27	120	28	104	29	102	30	109	31	116	32	105	33	115	34	120	35	116	36	106	37	111	38	109	39	112	40	109	41	105	42	115	43	103	44	108	45	113	46	101	47	112	48	118	49	119	
	0	120	1	110	2	101	3	103	4	113	5	118	6	116	7	115	8	102	9	106	10	108	11	108	12	109	13	110	14	113	15	108	16	114	17	109	18	104	19	104	20	112	21	119	22	105	23	114	24	118	25	117	26	118	27	108	28	109	29	119	30	105	31	100	32	111	33	111	34	119	35	117	36	111	37	120	38	119	39	116	40	113	41	115	42	116	43	115	44	105	45	102	46	115	47	119	48	119	49	112	
	0	110	1	101	2	106	3	104	4	118	5	112	6	115	7	118	8	102	9	107	10	109	11	110	12	102	13	112	14	119	15	105	16	113	17	103	18	109	19	111	20	104	21	107	22	112	23	108	24	113	25	101	26	112	27	113	28	106	29	105	30	103	31	119	32	106	33	110	34	116	35	105	36	101	37	112	38	101	39	113	40	112	41	102	42	110	43	118	44	119	45	109	46	105	47	101	48	100	49	105	
	0	104	1	114	2	104	3	112	4	118	5	104	6	118	7	109	8	118	9	120	10	100	11	117	12	113	13	110	14	100	15	100	16	111	17	118	18	112	19	117	20	112	21	113	22	101	23	114	24	114	25	110	26	119	27	114	28	106	29	115	30	106	31	105	32	116	33	119	34	115	35	112	36	112	37	102	38	112	39	106	40	109	41	119	42	118	43	102	44	111	45	113	46	113	47	115	48	114	49	116	
	0	102	1	104	2	101	3	109	4	118	5	106	6	118	7	109	8	103	9	117	10	109	11	103	12	111	13	108	14	105	15	113	16	115	17	113	18	100	19	105	20	111	21	115	22	115	23	104	24	120	25	107	26	116	27	100	28	108	29	111	30	109	31	120	32	103	33	115	34	102	35	108	36	108	37	103	38	107	39	115	40	110	41	106	42	105	43	115	44	107	45	100	46	108	47	116	48	115	49	115	
	0	115	1	107	2	117	3	102	4	120	5	100	6	117	7	115	8	118	9	116	10	118	11	120	12	116	13	100	14	109	15	107	16	102	17	109	18	108	19	116	20	111	21	113	22	117	23	120	24	117	25	120	26	108	27	101	28	108	29	104	30	104	31	114	32	107	33	119	34	106	35	117	36	111	37	119	38	100	39	111	40	108	41	103	42	106	43	117	44	110	45	102	46	111	47	114	48	113	49	106	
	0	119	1	117	2	102	3	100	4	101	5	120	6	113	7	105	8	119	9	112	10	102	11	114	12	113	13	109	14	108	15	108	16	103	17	110	18	117	19	109	20	111	21	115	22	109	23	119	24	114	25	112	26	120	27	117	28	120	29	110	30	106	31	115	32	120	33	106	34	101	35	105	36	119	37	103	38	119	39	115	40	115	41	102	42	105	43	117	44	113	45	110	46	108	47	100	48	119	49	100	
	0	118	1	105	2	115	3	113	4	104	5	103	6	104	7	120	8	102	9	116	10	115	11	111	12	112	13	120	14	117	15	114	16	104	17	115	18	108	19	118	20	109	21	100	22	108	23	108	24	105	25	102	26	108	27	102	28	101	29	120	30	116	31	112	32	117	33	103	34	103	35	106	36	110	37	107	38	103	39	109	40	119	41	117	42	101	43	106	44	107	45	108	46	106	47	104	48	115	49	110	
	0	117	1	110	2	117	3	103	4	102	5	105	6	101	7	102	8	100	9	104	10	103	11	100	12	101	13	120	14	109	15	103	16	101	17	111	18	108	19	102	20	119	21	109	22	115	23	101	24	101	25	118	26	112	27	102	28	105	29	118	30	111	31	112	32	110	33	100	34	120	35	102	36	104	37	106	38	119	39	108	40	116	41	109	42	108	43	109	44	116	45	109	46	102	47	117	48	108	49	100	
	0	105	1	117	2	108	3	112	4	110	5	106	6	109	7	113	8	118	9	119	10	106	11	117	12	104	13	103	14	113	15	103	16	115	17	103	18	104	19	100	20	104	21	118	22	117	23	108	24	118	25	115	26	114	27	106	28	108	29	104	30	102	31	116	32	113	33	103	34	104	35	105	36	116	37	114	38	113	39	117	40	120	41	104	42	112	43	107	44	117	45	106	46	106	47	119	48	109	49	103	
	0	112	1	101	2	110	3	113	4	118	5	102	6	104	7	120	8	108	9	118	10	113	11	113	12	115	13	103	14	120	15	120	16	109	17	111	18	110	19	111	20	106	21	114	22	109	23	107	24	113	25	109	26	108	27	118	28	118	29	107	30	110	31	108	32	103	33	112	34	111	35	110	36	108	37	119	38	112	39	112	40	105	41	114	42	109	43	119	44	115	45	110	46	102	47	101	48	101	49	100	
	0	109	1	113	2	102	3	119	4	111	5	114	6	108	7	119	8	100	9	114	10	104	11	111	12	116	13	118	14	108	15	118	16	112	17	108	18	104	19	111	20	118	21	100	22	101	23	116	24	118	25	109	26	104	27	110	28	104	29	108	30	117	31	119	32	118	33	120	34	104	35	101	36	107	37	115	38	120	39	116	40	118	41	103	42	101	43	108	44	107	45	108	46	117	47	110	48	105	49	105	
	0	102	1	116	2	112	3	111	4	119	5	105	6	116	7	111	8	102	9	111	10	107	11	108	12	120	13	113	14	113	15	113	16	115	17	119	18	104	19	102	20	113	21	105	22	109	23	102	24	106	25	104	26	102	27	105	28	115	29	114	30	103	31	116	32	105	33	118	34	107	35	100	36	115	37	115	38	100	39	115	40	111	41	113	42	108	43	104	44	105	45	115	46	100	47	109	48	115	49	105	
	0	109	1	103	2	101	3	114	4	111	5	117	6	104	7	108	8	109	9	104	10	104	11	106	12	109	13	112	14	109	15	118	16	113	17	119	18	107	19	118	20	117	21	109	22	119	23	112	24	106	25	117	26	120	27	110	28	112	29	113	30	106	31	102	32	102	33	100	34	108	35	106	36	115	37	112	38	119	39	113	40	112	41	100	42	110	43	111	44	112	45	116	46	100	47	105	48	103	49	110	
	0	108	1	120	2	100	3	116	4	100	5	106	6	115	7	103	8	107	9	120	10	103	11	102	12	112	13	104	14	116	15	109	16	108	17	110	18	107	19	106	20	101	21	114	22	107	23	117	24	120	25	105	26	111	27	112	28	116	29	118	30	105	31	116	32	113	33	101	34	120	35	101	36	112	37	100	38	112	39	113	40	111	41	101	42	113	43	120	44	105	45	113	46	119	47	119	48	105	49	119	
	0	108	1	106	2	100	3	107	4	120	5	104	6	118	7	103	8	120	9	114	10	101	11	102	12	111	13	115	14	113	15	104	16	101	17	100	18	116	19	100	20	105	21	116	22	109	23	102	24	117	25	109	26	116	27	119	28	120	29	116	30	100	31	107	32	100	33	104	34	102	35	108	36	118	37	117	38	120	39	115	40	115	41	116	42	107	43	107	44	110	45	116	46	106	47	108	48	113	49	116	
	0	120	1	112	2	118	3	100	4	100	5	117	6	119	7	105	8	111	9	110	10	100	11	110	12	119	13	101	14	119	15	115	16	116	17	110	18	115	19	111	20	110	21	113	22	110	23	108	24	115	25	118	26	118	27	118	28	118	29	109	30	118	31	102	32	119	33	112	34	116	35	116	36	117	37	106	38	119	39	102	40	117	41	105	42	109	43	116	44	104	45	103	46	104	47	108	48	110	49	100	
	0	110	1	118	2	116	3	114	4	103	5	115	6	106	7	116	8	101	9	110	10	100	11	110	12	116	13	110	14	118	15	112	16	106	17	105	18	106	19	107	20	111	21	106	22	116	23	117	24	114	25	108	26	103	27	104	28	103	29	101	30	110	31	114	32	112	33	106	34	116	35	118	36	119	37	111	38	109	39	102	40	103	41	114	42	117	43	106	44	115	45	100	46	109	47	101	48	101	49	109	
	0	103	1	101	2	108	3	111	4	108	5	113	6	109	7	104	8	113	9	115	10	117	11	116	12	104	13	105	14	118	15	111	16	115	17	118	18	113	19	101	20	108	21	117	22	106	23	116	24	101	25	113	26	105	27	111	28	118	29	112	30	107	31	111	32	110	33	117	34	117	35	101	36	102	37	113	38	112	39	117	40	113	41	117	42	100	43	103	44	114	45	117	46	118	47	105	48	119	49	120	
	0	113	1	103	2	116	3	101	4	101	5	111	6	101	7	107	8	120	9	109	10	120	11	117	12	101	13	109	14	110	15	113	16	116	17	102	18	118	19	105	20	120	21	111	22	117	23	116	24	103	25	104	26	120	27	110	28	119	29	120	30	113	31	106	32	113	33	120	34	112	35	109	36	110	37	110	38	101	39	103	40	100	41	101	42	102	43	103	44	115	45	110	46	114	47	103	48	106	49	117	
	0	103	1	118	2	115	3	118	4	117	5	110	6	104	7	116	8	108	9	106	10	116	11	107	12	107	13	112	14	120	15	108	16	117	17	107	18	101	19	105	20	103	21	116	22	100	23	116	24	120	25	117	26	114	27	100	28	104	29	112	30	114	31	119	32	101	33	102	34	120	35	102	36	101	37	110	38	113	39	111	40	100	41	116	42	117	43	104	44	103	45	109	46	107	47	118	48	119	49	102	
	0	107	1	102	2	100	3	113	4	111	5	109	6	115	7	101	8	113	9	112	10	118	11	100	12	118	13	112	14	100	15	120	16	118	17	119	18	111	19	103	20	110	21	109	22	101	23	114	24	116	25	101	26	101	27	110	28	117	29	120	30	103	31	114	32	110	33	108	34	107	35	115	36	119	37	101	38	101	39	109	40	117	41	100	42	120	43	101	44	103	45	110	46	110	47	117	48	119	49	113	
	0	100	1	109	2	111	3	102	4	116	5	101	6	114	7	103	8	118	9	111	10	108	11	114	12	113	13	100	14	115	15	112	16	101	17	104	18	105	19	109	20	101	21	113	22	107	23	110	24	112	25	103	26	119	27	110	28	115	29	100	30	116	31	116	32	116	33	102	34	108	35	120	36	110	37	108	38	100	39	111	40	104	41	118	42	116	43	117	44	102	45	104	46	115	47	109	48	119	49	112	
	0	105	1	120	2	118	3	101	4	117	5	118	6	101	7	111	8	114	9	114	10	107	11	105	12	106	13	118	14	119	15	112	16	116	17	119	18	101	19	104	20	100	21	106	22	120	23	103	24	112	25	113	26	103	27	108	28	105	29	110	30	106	31	102	32	114	33	105	34	101	35	105	36	111	37	102	38	112	39	119	40	113	41	113	42	112	43	116	44	111	45	107	46	108	47	115	48	115	49	108	
	0	107	1	107	2	109	3	104	4	114	5	114	6	120	7	104	8	107	9	100	10	101	11	109	12	108	13	107	14	115	15	118	16	108	17	115	18	103	19	104	20	101	21	116	22	103	23	100	24	115	25	112	26	106	27	120	28	100	29	112	30	118	31	113	32	117	33	105	34	119	35	118	36	119	37	102	38	107	39	116	40	116	41	105	42	105	43	111	44	114	45	105	46	103	47	102	48	116	49	110	
	0	116	1	112	2	117	3	116	4	107	5	103	6	101	7	100	8	110	9	102	10	115	11	101	12	102	13	119	14	102	15	101	16	112	17	105	18	102	19	107	20	116	21	111	22	107	23	110	24	111	25	107	26	106	27	120	28	102	29	120	30	100	31	111	32	111	33	105	34	115	35	119	36	118	37	116	38	109	39	101	40	117	41	115	42	112	43	120	44	110	45	100	46	115	47	114	48	119	49	100	
	0	102	1	112	2	118	3	112	4	100	5	117	6	107	7	106	8	115	9	116	10	107	11	105	12	113	13	118	14	106	15	114	16	109	17	108	18	114	19	113	20	117	21	100	22	120	23	120	24	107	25	113	26	108	27	110	28	118	29	116	30	110	31	118	32	103	33	120	34	111	35	119	36	105	37	120	38	102	39	112	40	106	41	104	42	119	43	118	44	110	45	111	46	102	47	114	48	118	49	107	
	0	110	1	104	2	110	3	107	4	117	5	106	6	107	7	102	8	112	9	102	10	102	11	108	12	118	13	101	14	117	15	105	16	117	17	111	18	103	19	104	20	116	21	114	22	112	23	103	24	118	25	109	26	120	27	114	28	102	29	106	30	111	31	114	32	106	33	116	34	111	35	102	36	117	37	120	38	120	39	111	40	116	41	110	42	116	43	119	44	100	45	108	46	102	47	111	48	112	49	106	
	0	117	1	111	2	111	3	119	4	119	5	111	6	107	7	104	8	115	9	120	10	111	11	117	12	107	13	113	14	109	15	115	16	113	17	103	18	111	19	113	20	120	21	116	22	112	23	104	24	107	25	115	26	119	27	105	28	115	29	119	30	111	31	109	32	115	33	109	34	117	35	119	36	111	37	111	38	105	39	120	40	105	41	120	42	107	43	116	44	109	45	109	46	107	47	116	48	115	49	108	
	0	114	1	116	2	117	3	106	4	106	5	101	6	101	7	105	8	120	9	109	10	104	11	116	12	120	13	117	14	112	15	108	16	100	17	119	18	112	19	115	20	111	21	100	22	103	23	111	24	116	25	115	26	112	27	114	28	111	29	103	30	100	31	105	32	110	33	111	34	120	35	111	36	105	37	112	38	114	39	103	40	112	41	115	42	117	43	115	44	117	45	107	46	110	47	120	48	104	49	118	
	0	105	1	106	2	111	3	119	4	112	5	104	6	117	7	120	8	109	9	107	10	111	11	115	12	101	13	104	14	106	15	115	16	111	17	110	18	114	19	105	20	102	21	102	22	106	23	108	24	109	25	108	26	103	27	105	28	102	29	106	30	119	31	100	32	109	33	116	34	114	35	103	36	104	37	104	38	110	39	107	40	117	41	108	42	103	43	117	44	113	45	116	46	114	47	101	48	110	49	118	
	0	104	1	104	2	101	3	120	4	106	5	115	6	117	7	111	8	110	9	100	10	114	11	109	12	108	13	118	14	106	15	110	16	108	17	118	18	120	19	108	20	119	21	101	22	108	23	117	24	119	25	120	26	102	27	114	28	101	29	112	30	102	31	100	32	119	33	106	34	104	35	108	36	106	37	111	38	106	39	109	40	103	41	107	42	101	43	102	44	116	45	101	46	105	47	114	48	104	49	109	
	0	109	1	110	2	100	3	109	4	111	5	118	6	106	7	119	8	120	9	114	10	100	11	117	12	120	13	107	14	117	15	104	16	108	17	107	18	119	19	101	20	110	21	101	22	111	23	103	24	118	25	109	26	115	27	109	28	117	29	113	30	116	31	108	32	119	33	116	34	104	35	111	36	113	37	100	38	109	39	117	40	109	41	105	42	113	43	111	44	120	45	117	46	120	47	104	48	115	49	109	
	0	116	1	100	2	106	3	112	4	102	5	120	6	114	7	116	8	118	9	102	10	109	11	118	12	112	13	118	14	115	15	114	16	104	17	102	18	120	19	102	20	108	21	110	22	118	23	100	24	100	25	120	26	103	27	111	28	107	29	118	30	113	31	104	32	101	33	115	34	113	35	114	36	114	37	116	38	110	39	101	40	110	41	118	42	103	43	111	44	119	45	100	46	114	47	112	48	105	49	112	
	0	110	1	101	2	102	3	111	4	110	5	103	6	115	7	114	8	107	9	115	10	114	11	113	12	113	13	109	14	102	15	106	16	115	17	100	18	120	19	108	20	118	21	104	22	101	23	103	24	102	25	113	26	112	27	117	28	107	29	112	30	113	31	103	32	100	33	109	34	120	35	118	36	110	37	102	38	104	39	100	40	115	41	115	42	115	43	110	44	111	45	107	46	116	47	108	48	110	49	103	
	0	118	1	112	2	114	3	112	4	112	5	119	6	115	7	101	8	117	9	103	10	111	11	110	12	101	13	114	14	115	15	106	16	105	17	110	18	101	19	105	20	106	21	108	22	113	23	109	24	106	25	107	26	117	27	110	28	120	29	111	30	104	31	101	32	117	33	118	34	101	35	115	36	117	37	107	38	110	39	102	40	109	41	113	42	101	43	106	44	116	45	105	46	103	47	117	48	115	49	107	
	0	109	1	119	2	114	3	112	4	103	5	105	6	101	7	104	8	111	9	110	10	104	11	109	12	119	13	110	14	110	15	120	16	102	17	106	18	103	19	107	20	109	21	100	22	118	23	101	24	109	25	111	26	120	27	116	28	112	29	110	30	114	31	113	32	107	33	103	34	108	35	102	36	102	37	111	38	108	39	118	40	119	41	101	42	112	43	111	44	110	45	113	46	103	47	118	48	103	49	102	
	0	116	1	107	2	109	3	119	4	119	5	105	6	105	7	107	8	100	9	113	10	107	11	108	12	109	13	106	14	119	15	109	16	107	17	106	18	109	19	111	20	116	21	120	22	113	23	100	24	108	25	107	26	116	27	116	28	111	29	102	30	120	31	119	32	100	33	114	34	109	35	108	36	110	37	120	38	104	39	115	40	101	41	110	42	112	43	118	44	111	45	101	46	119	47	106	48	116	49	120	
	0	114	1	101	2	102	3	103	4	120	5	102	6	116	7	118	8	112	9	118	10	119	11	103	12	119	13	108	14	104	15	118	16	104	17	118	18	107	19	114	20	106	21	120	22	109	23	115	24	113	25	102	26	108	27	109	28	119	29	117	30	119	31	103	32	102	33	106	34	105	35	113	36	100	37	104	38	107	39	102	40	116	41	100	42	118	43	118	44	104	45	116	46	100	47	100	48	117	49	106	
	0	107	1	106	2	102	3	115	4	116	5	118	6	103	7	115	8	115	9	109	10	103	11	101	12	106	13	112	14	100	15	114	16	115	17	104	18	100	19	107	20	115	21	114	22	109	23	111	24	113	25	107	26	116	27	120	28	117	29	106	30	116	31	102	32	109	33	102	34	108	35	101	36	106	37	119	38	111	39	119	40	118	41	112	42	117	43	120	44	117	45	103	46	116	47	114	48	106	49	102	
	0	110	1	107	2	103	3	109	4	105	5	103	6	116	7	103	8	116	9	109	10	106	11	110	12	107	13	119	14	100	15	116	16	119	17	113	18	117	19	103	20	107	21	101	22	119	23	120	24	107	25	111	26	115	27	112	28	109	29	110	30	109	31	116	32	101	33	107	34	107	35	103	36	112	37	102	38	116	39	104	40	112	41	109	42	107	43	115	44	116	45	106	46	102	47	100	48	116	49	106	
	0	117	1	113	2	103	3	104	4	113	5	108	6	102	7	107	8	107	9	100	10	118	11	108	12	114	13	108	14	112	15	120	16	109	17	101	18	117	19	109	20	109	21	113	22	115	23	117	24	118	25	120	26	101	27	116	28	113	29	102	30	111	31	115	32	116	33	120	34	100	35	111	36	105	37	101	38	113	39	115	40	119	41	108	42	104	43	101	44	113	45	117	46	120	47	101	48	120	49	108	
	0	102	1	114	2	108	3	100	4	104	5	113	6	100	7	108	8	109	9	117	10	118	11	104	12	119	13	112	14	106	15	114	16	115	17	112	18	113	19	105	20	100	21	120	22	106	23	116	24	120	25	118	26	109	27	103	28	114	29	100	30	114	31	101	32	119	33	120	34	119	35	108	36	114	37	114	38	113	39	113	40	116	41	105	42	100	43	110	44	111	45	114	46	120	47	110	48	103	49	115	
	0	103	1	101	2	111	3	100	4	100	5	107	6	102	7	117	8	113	9	104	10	116	11	118	12	110	13	106	14	112	15	102	16	119	17	113	18	108	19	103	20	110	21	108	22	108	23	111	24	103	25	117	26	118	27	107	28	106	29	104	30	101	31	102	32	107	33	115	34	113	35	100	36	112	37	105	38	116	39	110	40	112	41	113	42	110	43	112	44	109	45	105	46	106	47	116	48	108	49	102	
	0	107	1	100	2	106	3	120	4	104	5	104	6	110	7	118	8	103	9	102	10	114	11	101	12	112	13	108	14	103	15	104	16	114	17	107	18	110	19	114	20	105	21	118	22	101	23	111	24	118	25	115	26	110	27	114	28	109	29	103	30	119	31	120	32	106	33	118	34	102	35	100	36	115	37	110	38	111	39	100	40	120	41	120	42	108	43	115	44	111	45	116	46	108	47	103	48	106	49	111	
	0	112	1	119	2	110	3	111	4	106	5	119	6	107	7	104	8	106	9	106	10	113	11	101	12	107	13	100	14	102	15	104	16	100	17	120	18	101	19	113	20	111	21	101	22	119	23	115	24	108	25	114	26	112	27	113	28	113	29	102	30	110	31	105	32	118	33	112	34	108	35	115	36	116	37	111	38	111	39	112	40	109	41	116	42	109	43	113	44	107	45	109	46	106	47	112	48	116	49	113	
	0	115	1	108	2	114	3	109	4	106	5	106	6	111	7	106	8	100	9	118	10	103	11	116	12	104	13	114	14	110	15	113	16	114	17	109	18	109	19	108	20	101	21	111	22	113	23	104	24	108	25	102	26	109	27	106	28	120	29	102	30	115	31	105	32	103	33	116	34	116	35	107	36	105	37	117	38	116	39	114	40	111	41	103	42	109	43	102	44	113	45	120	46	114	47	103	48	110	49	108	
	0	112	1	111	2	119	3	116	4	117	5	112	6	100	7	107	8	116	9	104	10	114	11	116	12	111	13	101	14	103	15	115	16	108	17	100	18	111	19	107	20	104	21	113	22	112	23	116	24	100	25	118	26	116	27	100	28	107	29	109	30	111	31	101	32	107	33	119	34	103	35	109	36	116	37	114	38	108	39	118	40	112	41	115	42	115	43	112	44	107	45	105	46	101	47	120	48	115	49	103	
	0	106	1	109	2	116	3	100	4	103	5	110	6	101	7	102	8	101	9	110	10	104	11	113	12	102	13	104	14	102	15	115	16	111	17	115	18	106	19	110	20	100	21	101	22	106	23	106	24	106	25	117	26	103	27	100	28	112	29	113	30	120	31	116	32	115	33	102	34	101	35	106	36	110	37	118	38	105	39	102	40	115	41	111	42	116	43	107	44	103	45	114	46	114	47	104	48	109	49	103	
	0	117	1	101	2	115	3	116	4	100	5	102	6	118	7	104	8	107	9	106	10	104	11	106	12	120	13	116	14	115	15	104	16	119	17	115	18	116	19	119	20	120	21	108	22	105	23	109	24	102	25	107	26	106	27	112	28	101	29	102	30	104	31	117	32	105	33	101	34	118	35	100	36	102	37	104	38	104	39	113	40	116	41	107	42	119	43	106	44	116	45	108	46	105	47	114	48	101	49	109	
	0	119	1	116	2	107	3	113	4	102	5	114	6	108	7	105	8	103	9	100	10	115	11	109	12	114	13	119	14	108	15	102	16	111	17	101	18	117	19	101	20	107	21	113	22	103	23	102	24	110	25	110	26	105	27	116	28	102	29	103	30	112	31	118	32	106	33	107	34	112	35	112	36	103	37	105	38	103	39	112	40	103	41	109	42	108	43	110	44	117	45	103	46	101	47	100	48	112	49	111	
	0	102	1	120	2	111	3	101	4	106	5	115	6	113	7	101	8	103	9	112	10	113	11	106	12	106	13	109	14	120	15	116	16	111	17	118	18	108	19	115	20	108	21	109	22	107	23	116	24	101	25	114	26	115	27	108	28	101	29	102	30	109	31	117	32	117	33	103	34	112	35	102	36	102	37	108	38	100	39	105	40	104	41	109	42	104	43	106	44	118	45	111	46	107	47	114	48	105	49	101	
	0	113	1	114	2	103	3	116	4	117	5	100	6	116	7	120	8	118	9	102	10	116	11	115	12	109	13	113	14	116	15	112	16	102	17	106	18	110	19	113	20	117	21	117	22	115	23	106	24	116	25	116	26	114	27	112	28	106	29	107	30	108	31	112	32	106	33	116	34	112	35	113	36	120	37	106	38	108	39	115	40	112	41	108	42	114	43	100	44	113	45	112	46	112	47	107	48	112	49	119	
	0	114	1	111	2	113	3	105	4	110	5	119	6	104	7	103	8	112	9	111	10	107	11	113	12	113	13	119	14	114	15	114	16	112	17	115	18	113	19	104	20	110	21	119	22	114	23	106	24	111	25	116	26	106	27	108	28	109	29	114	30	105	31	101	32	106	33	108	34	114	35	106	36	112	37	101	38	116	39	106	40	106	41	104	42	107	43	115	44	108	45	107	46	112	47	117	48	116	49	112	
	0	116	1	106	2	119	3	108	4	106	5	116	6	117	7	117	8	107	9	112	10	100	11	107	12	117	13	106	14	113	15	109	16	116	17	113	18	106	19	119	20	112	21	120	22	107	23	110	24	116	25	115	26	114	27	116	28	101	29	117	30	103	31	104	32	108	33	105	34	120	35	117	36	114	37	101	38	111	39	101	40	112	41	114	42	106	43	120	44	120	45	111	46	108	47	114	48	116	49	106	
	0	102	1	110	2	116	3	118	4	118	5	100	6	117	7	105	8	101	9	100	10	102	11	119	12	108	13	104	14	110	15	105	16	106	17	115	18	107	19	118	20	110	21	110	22	114	23	101	24	117	25	106	26	101	27	104	28	114	29	118	30	112	31	120	32	107	33	110	34	118	35	100	36	100	37	102	38	117	39	111	40	113	41	117	42	119	43	107	44	103	45	110	46	119	47	102	48	112	49	117	
	0	108	1	111	2	110	3	108	4	117	5	119	6	118	7	111	8	114	9	100	10	101	11	100	12	114	13	116	14	102	15	114	16	107	17	117	18	112	19	117	20	114	21	119	22	107	23	118	24	114	25	116	26	111	27	116	28	106	29	110	30	102	31	110	32	119	33	117	34	119	35	100	36	108	37	113	38	100	39	112	40	106	41	111	42	118	43	110	44	117	45	103	46	112	47	108	48	111	49	101	
	0	115	1	116	2	106	3	114	4	107	5	117	6	102	7	116	8	108	9	118	10	108	11	109	12	111	13	116	14	105	15	104	16	104	17	120	18	104	19	106	20	113	21	106	22	117	23	111	24	112	25	108	26	105	27	115	28	111	29	100	30	106	31	114	32	115	33	109	34	104	35	105	36	106	37	118	38	119	39	117	40	104	41	109	42	112	43	106	44	104	45	118	46	113	47	106	48	119	49	119	
	0	111	1	113	2	112	3	100	4	104	5	109	6	112	7	102	8	118	9	112	10	111	11	110	12	102	13	115	14	117	15	100	16	117	17	110	18	108	19	111	20	108	21	109	22	113	23	102	24	114	25	110	26	101	27	103	28	107	29	109	30	101	31	109	32	105	33	117	34	100	35	107	36	102	37	118	38	100	39	120	40	102	41	113	42	109	43	104	44	119	45	115	46	109	47	109	48	110	49	104	
	0	118	1	113	2	103	3	112	4	119	5	106	6	100	7	119	8	115	9	106	10	105	11	117	12	106	13	120	14	103	15	107	16	107	17	111	18	103	19	108	20	112	21	117	22	119	23	104	24	101	25	100	26	118	27	117	28	102	29	100	30	112	31	118	32	116	33	113	34	106	35	108	36	117	37	107	38	116	39	113	40	118	41	107	42	101	43	113	44	105	45	108	46	116	47	106	48	108	49	100	
	0	108	1	106	2	115	3	108	4	103	5	103	6	114	7	105	8	106	9	110	10	113	11	114	12	113	13	113	14	112	15	119	16	119	17	119	18	102	19	115	20	101	21	103	22	120	23	105	24	113	25	103	26	104	27	107	28	105	29	109	30	111	31	116	32	105	33	109	34	109	35	101	36	110	37	103	38	113	39	110	40	114	41	113	42	112	43	108	44	104	45	114	46	115	47	115	48	104	49	111	
	0	104	1	101	2	104	3	115	4	104	5	118	6	117	7	113	8	105	9	109	10	119	11	109	12	110	13	104	14	116	15	115	16	102	17	110	18	115	19	115	20	119	21	112	22	103	23	108	24	113	25	108	26	100	27	115	28	104	29	116	30	109	31	112	32	117	33	116	34	116	35	101	36	103	37	102	38	119	39	106	40	120	41	114	42	106	43	109	44	101	45	101	46	105	47	103	48	115	49	118	
	0	100	1	110	2	118	3	109	4	100	5	112	6	107	7	100	8	118	9	112	10	106	11	113	12	108	13	105	14	120	15	104	16	103	17	114	18	100	19	104	20	102	21	119	22	115	23	103	24	109	25	108	26	109	27	104	28	119	29	108	30	118	31	120	32	103	33	100	34	110	35	120	36	110	37	108	38	103	39	117	40	106	41	116	42	111	43	108	44	103	45	107	46	119	47	107	48	117	49	105	
	0	117	1	112	2	111	3	105	4	119	5	112	6	120	7	113	8	120	9	100	10	105	11	104	12	104	13	104	14	116	15	110	16	108	17	107	18	119	19	102	20	119	21	115	22	109	23	116	24	108	25	112	26	114	27	120	28	118	29	104	30	105	31	114	32	109	33	104	34	120	35	108	36	115	37	117	38	101	39	100	40	116	41	106	42	109	43	106	44	108	45	118	46	111	47	100	48	111	49	110	
	0	120	1	118	2	115	3	100	4	119	5	100	6	101	7	118	8	117	9	100	10	120	11	111	12	101	13	102	14	110	15	117	16	118	17	105	18	106	19	104	20	117	21	101	22	120	23	105	24	109	25	106	26	119	27	115	28	101	29	100	30	115	31	103	32	110	33	112	34	113	35	106	36	112	37	116	38	109	39	116	40	100	41	103	42	102	43	120	44	114	45	110	46	110	47	105	48	120	49	111	
	0	104	1	108	2	120	3	110	4	100	5	116	6	113	7	107	8	108	9	102	10	109	11	100	12	114	13	115	14	117	15	112	16	114	17	102	18	120	19	101	20	108	21	118	22	102	23	106	24	102	25	120	26	108	27	119	28	107	29	115	30	117	31	111	32	106	33	113	34	111	35	118	36	115	37	119	38	117	39	101	40	114	41	110	42	111	43	109	44	103	45	118	46	108	47	103	48	106	49	106	
	0	118	1	105	2	105	3	111	4	103	5	118	6	103	7	117	8	109	9	108	10	120	11	120	12	115	13	114	14	114	15	112	16	113	17	105	18	105	19	110	20	103	21	105	22	109	23	105	24	116	25	107	26	101	27	108	28	109	29	101	30	116	31	110	32	110	33	100	34	112	35	102	36	106	37	110	38	107	39	119	40	114	41	114	42	103	43	115	44	112	45	108	46	104	47	112	48	119	49	117	
	0	103	1	101	2	109	3	103	4	118	5	108	6	103	7	101	8	112	9	103	10	102	11	114	12	118	13	102	14	120	15	120	16	108	17	104	18	101	19	111	20	102	21	100	22	102	23	112	24	105	25	101	26	116	27	118	28	119	29	108	30	115	31	112	32	116	33	120	34	114	35	103	36	102	37	118	38	108	39	112	40	110	41	119	42	115	43	110	44	116	45	110	46	112	47	110	48	101	49	107	
	0	119	1	115	2	110	3	113	4	111	5	102	6	103	7	115	8	106	9	105	10	117	11	110	12	100	13	115	14	106	15	113	16	107	17	107	18	119	19	100	20	113	21	105	22	105	23	117	24	108	25	106	26	104	27	100	28	106	29	116	30	117	31	103	32	107	33	109	34	102	35	103	36	100	37	116	38	105	39	115	40	115	41	120	42	113	43	103	44	104	45	109	46	118	47	101	48	101	49	103	
	0	108	1	103	2	120	3	101	4	112	5	115	6	109	7	101	8	103	9	102	10	105	11	110	12	113	13	119	14	118	15	120	16	119	17	100	18	114	19	111	20	114	21	117	22	113	23	114	24	119	25	106	26	116	27	106	28	118	29	112	30	101	31	107	32	112	33	111	34	107	35	113	36	114	37	114	38	117	39	115	40	104	41	106	42	119	43	100	44	115	45	107	46	116	47	101	48	108	49	112	
	0	109	1	112	2	109	3	105	4	104	5	117	6	106	7	112	8	106	9	103	10	110	11	117	12	103	13	117	14	119	15	115	16	118	17	117	18	116	19	100	20	118	21	116	22	115	23	112	24	101	25	108	26	116	27	115	28	119	29	108	30	115	31	103	32	110	33	105	34	118	35	112	36	113	37	107	38	117	39	116	40	101	41	120	42	111	43	115	44	106	45	112	46	118	47	113	48	112	49	117	
	0	110	1	115	2	112	3	119	4	106	5	101	6	118	7	120	8	116	9	100	10	100	11	100	12	108	13	104	14	102	15	109	16	107	17	118	18	109	19	106	20	111	21	109	22	106	23	102	24	112	25	104	26	109	27	120	28	101	29	118	30	109	31	103	32	112	33	101	34	107	35	118	36	116	37	114	38	106	39	100	40	108	41	102	42	100	43	103	44	116	45	107	46	100	47	120	48	116	49	106	
	0	107	1	116	2	111	3	102	4	115	5	100	6	116	7	105	8	107	9	101	10	108	11	100	12	118	13	113	14	108	15	104	16	115	17	116	18	110	19	112	20	102	21	117	22	101	23	117	24	112	25	103	26	112	27	118	28	104	29	100	30	117	31	101	32	107	33	120	34	105	35	110	36	101	37	114	38	103	39	103	40	102	41	101	42	100	43	106	44	105	45	106	46	109	47	116	48	103	49	118	
	0	101	1	119	2	112	3	102	4	115	5	115	6	107	7	102	8	112	9	118	10	110	11	101	12	103	13	107	14	110	15	113	16	112	17	107	18	101	19	120	20	116	21	104	22	104	23	114	24	119	25	113	26	115	27	106	28	110	29	117	30	117	31	107	32	116	33	111	34	109	35	109	36	111	37	109	38	119	39	112	40	100	41	100	42	106	43	106	44	119	45	115	46	117	47	103	48	116	49	113	
	0	100	1	100	2	113	3	104	4	100	5	114	6	118	7	119	8	118	9	114	10	101	11	106	12	118	13	106	14	101	15	108	16	119	17	105	18	120	19	104	20	103	21	109	22	108	23	116	24	111	25	118	26	118	27	101	28	117	29	113	30	100	31	114	32	100	33	112	34	119	35	104	36	112	37	101	38	114	39	104	40	108	41	100	42	102	43	108	44	117	45	106	46	111	47	104	48	119	49	117	
	0	113	1	101	2	113	3	114	4	120	5	102	6	104	7	102	8	103	9	102	10	106	11	102	12	103	13	105	14	103	15	101	16	116	17	102	18	106	19	102	20	114	21	100	22	117	23	102	24	106	25	104	26	108	27	112	28	116	29	103	30	106	31	114	32	110	33	109	34	106	35	114	36	105	37	110	38	104	39	117	40	120	41	105	42	113	43	111	44	101	45	105	46	107	47	100	48	111	49	118	
	0	112	1	106	2	112	3	107	4	113	5	104	6	111	7	112	8	102	9	105	10	116	11	111	12	101	13	113	14	115	15	111	16	116	17	107	18	102	19	105	20	114	21	117	22	114	23	102	24	110	25	106	26	102	27	111	28	116	29	117	30	102	31	107	32	100	33	104	34	101	35	119	36	112	37	104	38	107	39	116	40	101	41	110	42	102	43	103	44	114	45	102	46	108	47	118	48	118	49	112	
	0	116	1	115	2	120	3	104	4	114	5	114	6	114	7	105	8	114	9	107	10	118	11	102	12	119	13	106	14	104	15	114	16	100	17	116	18	119	19	116	20	113	21	112	22	106	23	100	24	112	25	110	26	107	27	117	28	109	29	103	30	113	31	117	32	119	33	108	34	111	35	107	36	111	37	106	38	119	39	111	40	107	41	112	42	118	43	110	44	114	45	103	46	104	47	109	48	108	49	120	
	0	106	1	107	2	118	3	107	4	117	5	106	6	114	7	108	8	102	9	107	10	115	11	119	12	112	13	111	14	106	15	111	16	105	17	103	18	117	19	103	20	114	21	106	22	118	23	101	24	111	25	113	26	119	27	101	28	114	29	100	30	107	31	104	32	116	33	117	34	103	35	104	36	101	37	107	38	104	39	118	40	100	41	108	42	105	43	118	44	108	45	116	46	109	47	112	48	113	49	115	
	0	114	1	104	2	108	3	107	4	104	5	110	6	113	7	102	8	113	9	113	10	101	11	100	12	100	13	114	14	100	15	105	16	120	17	118	18	108	19	109	20	100	21	118	22	103	23	104	24	117	25	113	26	116	27	101	28	120	29	111	30	120	31	116	32	111	33	100	34	105	35	113	36	102	37	111	38	106	39	120	40	103	41	104	42	116	43	112	44	114	45	102	46	115	47	110	48	106	49	101	
	0	102	1	115	2	105	3	102	4	117	5	103	6	119	7	102	8	120	9	110	10	104	11	117	12	106	13	103	14	118	15	102	16	100	17	108	18	115	19	120	20	113	21	102	22	119	23	119	24	101	25	106	26	107	27	106	28	108	29	104	30	107	31	112	32	108	33	102	34	108	35	100	36	101	37	112	38	117	39	105	40	100	41	111	42	111	43	104	44	105	45	103	46	101	47	100	48	101	49	117	
	0	114	1	117	2	106	3	120	4	120	5	110	6	112	7	104	8	113	9	120	10	116	11	114	12	115	13	118	14	100	15	104	16	109	17	101	18	104	19	102	20	107	21	111	22	101	23	117	24	115	25	117	26	110	27	110	28	117	29	113	30	103	31	105	32	100	33	105	34	106	35	106	36	120	37	108	38	107	39	109	40	100	41	120	42	108	43	103	44	112	45	109	46	110	47	106	48	104	49	109	
	0	109	1	108	2	117	3	103	4	106	5	106	6	110	7	106	8	100	9	119	10	120	11	116	12	109	13	116	14	103	15	100	16	100	17	115	18	118	19	120	20	116	21	118	22	103	23	109	24	105	25	106	26	116	27	118	28	103	29	116	30	117	31	117	32	106	33	120	34	108	35	103	36	114	37	107	38	114	39	116	40	120	41	118	42	110	43	115	44	112	45	120	46	118	47	105	48	101	49	116	
	0	108	1	103	2	116	3	112	4	117	5	108	6	118	7	101	8	115	9	112	10	107	11	109	12	120	13	103	14	103	15	108	16	108	17	113	18	116	19	108	20	100	21	101	22	119	23	113	24	103	25	120	26	118	27	103	28	105	29	114	30	104	31	109	32	118	33	116	34	100	35	113	36	117	37	114	38	120	39	118	40	112	41	114	42	112	43	103	44	112	45	118	46	107	47	115	48	116	49	111	
	0	104	1	103	2	102	3	109	4	108	5	119	6	107	7	105	8	115	9	107	10	118	11	102	12	108	13	104	14	111	15	120	16	104	17	104	18	106	19	100	20	115	21	106	22	103	23	117	24	103	25	102	26	100	27	118	28	104	29	113	30	120	31	105	32	119	33	116	34	116	35	110	36	102	37	101	38	111	39	107	40	111	41	109	42	109	43	117	44	119	45	106	46	112	47	115	48	112	49	102	
	0	117	1	102	2	101	3	120	4	107	5	102	6	120	7	117	8	101	9	108	10	107	11	111	12	106	13	120	14	103	15	104	16	110	17	101	18	118	19	118	20	112	21	103	22	113	23	101	24	116	25	101	26	100	27	115	28	104	29	102	30	112	31	102	32	104	33	116	34	107	35	117	36	114	37	103	38	110	39	105	40	103	41	120	42	113	43	110	44	100	45	113	46	117	47	108	48	113	49	112	
	0	117	1	120	2	100	3	101	4	102	5	109	6	104	7	113	8	120	9	109	10	105	11	106	12	113	13	107	14	101	15	104	16	119	17	120	18	115	19	119	20	107	21	104	22	111	23	116	24	111	25	105	26	113	27	108	28	116	29	105	30	112	31	118	32	120	33	111	34	100	35	111	36	100	37	117	38	116	39	103	40	107	41	103	42	102	43	106	44	108	45	104	46	120	47	103	48	109	49	107	
	0	111	1	109	2	106	3	110	4	102	5	101	6	108	7	117	8	111	9	108	10	119	11	109	12	111	13	117	14	119	15	112	16	106	17	105	18	108	19	111	20	120	21	113	22	119	23	108	24	113	25	104	26	114	27	109	28	117	29	116	30	117	31	107	32	105	33	108	34	120	35	118	36	115	37	116	38	108	39	104	40	117	41	112	42	106	43	119	44	116	45	107	46	114	47	114	48	100	49	113	
	0	110	1	113	2	107	3	116	4	100	5	103	6	119	7	103	8	111	9	101	10	104	11	115	12	117	13	117	14	101	15	110	16	113	17	111	18	103	19	107	20	102	21	112	22	113	23	112	24	111	25	108	26	111	27	102	28	110	29	113	30	105	31	107	32	101	33	107	34	115	35	116	36	119	37	103	38	106	39	117	40	106	41	101	42	111	43	101	44	112	45	109	46	108	47	107	48	115	49	116	
	0	101	1	102	2	114	3	108	4	110	5	107	6	110	7	112	8	106	9	119	10	101	11	103	12	120	13	107	14	113	15	108	16	116	17	111	18	109	19	119	20	109	21	116	22	118	23	116	24	118	25	115	26	107	27	113	28	115	29	102	30	102	31	110	32	114	33	105	34	116	35	102	36	105	37	111	38	106	39	103	40	106	41	110	42	116	43	108	44	107	45	105	46	102	47	103	48	106	49	101	