200 50 1
50
	0	107	1	100	2	100	3	104	4	120	5	107	6	104	7	101	8	117	9	104	10	108	11	101	12	111	13	101	14	112	15	111	16	116	17	115	18	101	19	112	20	101	21	104	22	115	23	105	24	105	25	120	26	109	27	104	28	109	29	110	30	119	31	114	32	115	33	105	34	104	35	105	36	110	37	105	38	114	39	109	40	115	41	116	42	113	43	100	44	115	45	107	46	112	47	118	48	100	49	103	
	0	107	1	116	2	116	3	110	4	107	5	117	6	115	7	107	8	113	9	105	10	119	11	105	12	103	13	115	14	110	15	114	16	106	17	102	18	111	19	108	20	108	21	110	22	120	23	101	24	119	25	118	26	100	27	120	28	110	29	110	30	110	31	113	32	107	33	113	34	119	35	119	36	108	37	119	38	100	39	107	40	113	41	114	42	118	43	110	44	100	45	113	46	115	47	113	48	103	49	114	
	0	101	1	104	2	112	3	100	4	102	5	118	6	102	7	107	8	116	9	103	10	120	11	101	12	101	13	107	14	113	15	116	16	101	17	107	18	117	19	119	20	101	21	103	22	118	23	103	24	113	25	120	26	120	27	102	28	119	29	109	30	102	31	112	32	103	33	113	34	115	35	119	36	116	37	109	38	102	39	105	40	109	41	103	42	113	43	119	44	106	45	102	46	109	47	113	48	105	49	116	
	0	103	1	107	2	116	3	104	4	115	5	107	6	117	7	109	8	105	9	115	10	115	11	100	12	102	13	112	14	116	15	102	16	100	17	115	18	103	19	112	20	104	21	107	22	110	23	105	24	109	25	111	26	115	27	106	28	120	29	119	30	110	31	104	32	115	33	116	34	118	35	102	36	112	37	100	38	115	39	105	40	118	41	118	42	109	43	105	44	113	45	117	46	104	47	106	48	120	49	119	
	0	114	1	106	2	113	3	117	4	101	5	108	6	120	7	115	8	119	9	114	10	101	11	118	12	103	13	110	14	118	15	105	16	107	17	105	18	112	19	111	20	116	21	102	22	117	23	100	24	104	25	100	26	102	27	103	28	108	29	112	30	113	31	116	32	115	33	102	34	107	35	106	36	102	37	117	38	112	39	103	40	108	41	101	42	113	43	103	44	114	45	106	46	110	47	107	48	103	49	113	
	0	112	1	101	2	110	3	120	4	101	5	103	6	101	7	115	8	109	9	117	10	100	11	119	12	120	13	113	14	115	15	103	16	120	17	107	18	115	19	117	20	118	21	108	22	109	23	105	24	115	25	108	26	108	27	107	28	118	29	118	30	105	31	115	32	103	33	109	34	115	35	110	36	112	37	120	38	103	39	112	40	109	41	115	42	107	43	108	44	116	45	117	46	107	47	102	48	109	49	120	
	0	118	1	108	2	108	3	112	4	119	5	109	6	103	7	110	8	110	9	105	10	106	11	102	12	104	13	114	14	112	15	113	16	100	17	109	18	108	19	105	20	117	21	114	22	114	23	106	24	106	25	116	26	111	27	115	28	120	29	102	30	113	31	109	32	110	33	116	34	101	35	114	36	118	37	104	38	101	39	113	40	102	41	115	42	120	43	104	44	117	45	112	46	109	47	118	48	102	49	107	
	0	113	1	119	2	112	3	105	4	104	5	109	6	114	7	106	8	104	9	104	10	107	11	102	12	104	13	107	14	118	15	102	16	116	17	116	18	117	19	114	20	110	21	106	22	116	23	115	24	115	25	119	26	106	27	113	28	104	29	104	30	116	31	109	32	113	33	105	34	117	35	112	36	115	37	119	38	115	39	102	40	103	41	113	42	107	43	120	44	113	45	114	46	120	47	108	48	114	49	108	
	0	120	1	103	2	107	3	105	4	116	5	108	6	117	7	106	8	104	9	115	10	113	11	117	12	119	13	120	14	111	15	109	16	100	17	114	18	108	19	114	20	117	21	120	22	117	23	118	24	119	25	111	26	111	27	116	28	103	29	118	30	114	31	104	32	102	33	110	34	108	35	119	36	112	37	103	38	117	39	100	40	119	41	102	42	104	43	109	44	103	45	106	46	104	47	106	48	118	49	103	
	0	117	1	109	2	113	3	110	4	116	5	119	6	113	7	100	8	104	9	100	10	108	11	112	12	107	13	114	14	106	15	115	16	106	17	108	18	103	19	113	20	112	21	116	22	100	23	111	24	111	25	108	26	100	27	118	28	112	29	117	30	102	31	102	32	105	33	113	34	117	35	105	36	109	37	108	38	115	39	117	40	109	41	100	42	111	43	116	44	107	45	104	46	107	47	114	48	104	49	117	
	0	110	1	110	2	109	3	101	4	104	5	115	6	109	7	120	8	101	9	119	10	109	11	116	12	108	13	110	14	110	15	105	16	109	17	114	18	120	19	113	20	100	21	100	22	103	23	104	24	105	25	106	26	114	27	101	28	104	29	105	30	113	31	111	32	110	33	102	34	120	35	115	36	100	37	112	38	111	39	109	40	113	41	110	42	105	43	120	44	110	45	109	46	115	47	110	48	111	49	102	
	0	110	1	111	2	116	3	117	4	105	5	118	6	116	7	101	8	107	9	113	10	120	11	113	12	109	13	110	14	100	15	108	16	105	17	111	18	108	19	115	20	103	21	113	22	113	23	100	24	114	25	109	26	113	27	119	28	104	29	116	30	109	31	116	32	108	33	110	34	104	35	105	36	106	37	104	38	113	39	105	40	115	41	110	42	110	43	100	44	104	45	116	46	106	47	111	48	118	49	110	
	0	108	1	117	2	120	3	108	4	114	5	114	6	109	7	108	8	116	9	116	10	103	11	100	12	103	13	116	14	119	15	109	16	111	17	105	18	110	19	107	20	117	21	113	22	100	23	120	24	109	25	106	26	110	27	116	28	103	29	100	30	118	31	113	32	107	33	120	34	112	35	106	36	118	37	106	38	101	39	104	40	119	41	119	42	117	43	115	44	102	45	116	46	113	47	106	48	117	49	120	
	0	112	1	110	2	102	3	100	4	109	5	116	6	108	7	112	8	107	9	111	10	116	11	119	12	116	13	100	14	106	15	107	16	116	17	101	18	104	19	100	20	112	21	119	22	104	23	100	24	107	25	101	26	105	27	114	28	116	29	103	30	116	31	105	32	120	33	118	34	102	35	118	36	100	37	115	38	104	39	107	40	108	41	116	42	108	43	117	44	100	45	115	46	115	47	110	48	100	49	103	
	0	109	1	104	2	100	3	116	4	120	5	113	6	119	7	105	8	116	9	108	10	110	11	103	12	109	13	101	14	111	15	107	16	115	17	120	18	120	19	117	20	114	21	102	22	112	23	105	24	120	25	111	26	111	27	116	28	106	29	118	30	117	31	104	32	119	33	112	34	106	35	113	36	120	37	115	38	108	39	118	40	106	41	113	42	119	43	114	44	120	45	109	46	120	47	115	48	115	49	114	
	0	111	1	107	2	117	3	118	4	102	5	116	6	106	7	119	8	112	9	101	10	116	11	111	12	115	13	105	14	119	15	114	16	100	17	104	18	111	19	117	20	113	21	119	22	108	23	114	24	105	25	109	26	109	27	112	28	110	29	111	30	105	31	103	32	108	33	100	34	102	35	118	36	117	37	116	38	111	39	101	40	117	41	120	42	110	43	108	44	105	45	111	46	102	47	110	48	111	49	114	
	0	100	1	117	2	119	3	112	4	100	5	114	6	101	7	119	8	116	9	112	10	120	11	106	12	115	13	117	14	111	15	113	16	113	17	104	18	111	19	104	20	102	21	108	22	115	23	100	24	104	25	102	26	118	27	101	28	115	29	115	30	116	31	105	32	109	33	112	34	104	35	109	36	116	37	103	38	112	39	117	40	112	41	116	42	102	43	109	44	114	45	100	46	118	47	100	48	112	49	100	
	0	119	1	117	2	108	3	102	4	109	5	100	6	111	7	107	8	114	9	102	10	115	11	102	12	120	13	102	14	114	15	106	16	113	17	115	18	113	19	111	20	105	21	115	22	120	23	120	24	103	25	114	26	112	27	112	28	109	29	119	30	105	31	105	32	103	33	112	34	110	35	117	36	103	37	120	38	104	39	115	40	102	41	100	42	116	43	113	44	100	45	111	46	101	47	102	48	104	49	106	
	0	114	1	112	2	119	3	118	4	119	5	105	6	120	7	111	8	117	9	101	10	102	11	101	12	114	13	118	14	116	15	100	16	106	17	119	18	105	19	108	20	102	21	108	22	100	23	115	24	103	25	102	26	117	27	114	28	105	29	100	30	105	31	114	32	104	33	120	34	108	35	119	36	109	37	112	38	105	39	117	40	119	41	105	42	103	43	113	44	114	45	101	46	110	47	100	48	110	49	116	
	0	102	1	118	2	111	3	109	4	102	5	117	6	102	7	102	8	101	9	111	10	117	11	116	12	105	13	102	14	111	15	110	16	114	17	114	18	114	19	100	20	117	21	113	22	102	23	102	24	119	25	113	26	101	27	105	28	101	29	117	30	102	31	102	32	107	33	116	34	120	35	118	36	100	37	117	38	118	39	113	40	102	41	100	42	107	43	117	44	102	45	117	46	118	47	116	48	116	49	106	
	0	101	1	114	2	105	3	117	4	112	5	117	6	107	7	114	8	114	9	110	10	114	11	115	12	117	13	120	14	112	15	110	16	118	17	107	18	107	19	101	20	100	21	116	22	105	23	115	24	109	25	111	26	113	27	103	28	101	29	105	30	108	31	100	32	117	33	118	34	111	35	114	36	106	37	107	38	115	39	110	40	115	41	112	42	108	43	115	44	110	45	103	46	116	47	111	48	112	49	110	
	0	108	1	100	2	118	3	112	4	103	5	119	6	101	7	110	8	104	9	111	10	111	11	117	12	100	13	115	14	104	15	107	16	120	17	100	18	120	19	113	20	112	21	112	22	100	23	119	24	114	25	111	26	112	27	101	28	105	29	117	30	110	31	107	32	106	33	100	34	116	35	111	36	116	37	115	38	101	39	100	40	110	41	100	42	101	43	113	44	106	45	114	46	108	47	105	48	117	49	108	
	0	100	1	106	2	111	3	111	4	109	5	115	6	100	7	106	8	102	9	103	10	110	11	109	12	111	13	111	14	114	15	109	16	118	17	101	18	103	19	114	20	118	21	117	22	115	23	118	24	111	25	104	26	103	27	104	28	107	29	108	30	118	31	119	32	103	33	110	34	107	35	102	36	103	37	115	38	105	39	120	40	115	41	117	42	116	43	108	44	109	45	108	46	112	47	111	48	102	49	109	
	0	119	1	100	2	120	3	118	4	120	5	105	6	103	7	119	8	114	9	116	10	105	11	110	12	110	13	111	14	105	15	114	16	105	17	103	18	109	19	110	20	118	21	100	22	104	23	117	24	116	25	100	26	102	27	111	28	116	29	110	30	120	31	116	32	112	33	113	34	119	35	117	36	104	37	100	38	115	39	119	40	108	41	117	42	108	43	108	44	102	45	118	46	111	47	115	48	113	49	118	
	0	114	1	111	2	118	3	110	4	108	5	114	6	120	7	119	8	104	9	108	10	117	11	103	12	115	13	106	14	115	15	115	16	117	17	108	18	117	19	106	20	116	21	107	22	119	23	120	24	103	25	102	26	100	27	109	28	116	29	109	30	119	31	119	32	113	33	100	34	108	35	100	36	118	37	113	38	118	39	102	40	103	41	100	42	103	43	116	44	114	45	107	46	111	47	105	48	101	49	112	
	0	109	1	113	2	102	3	110	4	102	5	118	6	106	7	109	8	114	9	105	10	114	11	119	12	115	13	105	14	114	15	111	16	115	17	109	18	104	19	100	20	116	21	112	22	120	23	100	24	101	25	102	26	104	27	102	28	115	29	106	30	120	31	102	32	101	33	115	34	104	35	107	36	102	37	118	38	110	39	119	40	101	41	103	42	101	43	117	44	107	45	110	46	106	47	103	48	104	49	105	
	0	120	1	116	2	105	3	107	4	113	5	112	6	109	7	115	8	117	9	113	10	113	11	117	12	101	13	105	14	110	15	104	16	118	17	111	18	114	19	117	20	119	21	104	22	108	23	119	24	113	25	111	26	110	27	120	28	115	29	103	30	113	31	105	32	107	33	117	34	108	35	106	36	117	37	107	38	114	39	107	40	108	41	116	42	107	43	111	44	117	45	101	46	110	47	111	48	107	49	117	
	0	111	1	102	2	116	3	118	4	119	5	102	6	102	7	104	8	115	9	115	10	105	11	112	12	114	13	102	14	118	15	118	16	114	17	116	18	100	19	112	20	106	21	112	22	109	23	104	24	117	25	107	26	113	27	112	28	106	29	117	30	120	31	101	32	110	33	108	34	100	35	116	36	111	37	115	38	109	39	116	40	115	41	113	42	106	43	117	44	112	45	120	46	115	47	115	48	108	49	112	
	0	115	1	116	2	106	3	109	4	107	5	113	6	105	7	118	8	102	9	105	10	119	11	106	12	113	13	112	14	105	15	120	16	100	17	110	18	101	19	103	20	114	21	105	22	111	23	114	24	104	25	107	26	120	27	107	28	114	29	115	30	103	31	113	32	115	33	101	34	111	35	111	36	103	37	115	38	113	39	108	40	106	41	117	42	109	43	101	44	100	45	115	46	114	47	114	48	105	49	105	
	0	119	1	109	2	106	3	101	4	104	5	120	6	111	7	102	8	112	9	111	10	113	11	103	12	105	13	108	14	112	15	100	16	110	17	117	18	113	19	110	20	112	21	110	22	111	23	101	24	102	25	104	26	117	27	106	28	106	29	106	30	116	31	101	32	106	33	109	34	103	35	100	36	108	37	113	38	109	39	102	40	114	41	111	42	102	43	112	44	118	45	105	46	119	47	115	48	112	49	109	
	0	104	1	119	2	119	3	101	4	120	5	106	6	101	7	106	8	103	9	103	10	110	11	118	12	111	13	100	14	102	15	103	16	114	17	104	18	119	19	105	20	115	21	112	22	118	23	102	24	100	25	113	26	114	27	115	28	112	29	120	30	120	31	108	32	103	33	113	34	114	35	103	36	118	37	100	38	100	39	109	40	111	41	105	42	113	43	100	44	115	45	117	46	111	47	104	48	112	49	112	
	0	113	1	116	2	119	3	110	4	106	5	103	6	102	7	105	8	111	9	107	10	114	11	112	12	108	13	116	14	119	15	118	16	120	17	108	18	112	19	109	20	109	21	101	22	102	23	116	24	114	25	115	26	112	27	116	28	107	29	114	30	116	31	113	32	102	33	115	34	109	35	115	36	101	37	103	38	118	39	111	40	111	41	109	42	114	43	119	44	113	45	120	46	115	47	116	48	103	49	114	
	0	106	1	116	2	109	3	107	4	100	5	110	6	107	7	107	8	115	9	107	10	105	11	112	12	120	13	101	14	100	15	109	16	114	17	108	18	108	19	119	20	111	21	116	22	105	23	111	24	113	25	114	26	110	27	112	28	101	29	100	30	110	31	100	32	115	33	115	34	119	35	110	36	111	37	109	38	107	39	101	40	113	41	116	42	107	43	102	44	111	45	115	46	116	47	118	48	113	49	113	
	0	112	1	106	2	102	3	110	4	105	5	104	6	108	7	114	8	115	9	119	10	120	11	113	12	106	13	118	14	117	15	120	16	110	17	112	18	103	19	119	20	101	21	102	22	108	23	102	24	113	25	119	26	112	27	102	28	100	29	120	30	119	31	107	32	103	33	113	34	101	35	112	36	107	37	117	38	111	39	110	40	115	41	109	42	105	43	100	44	108	45	101	46	104	47	105	48	115	49	102	
	0	104	1	117	2	118	3	116	4	110	5	109	6	120	7	100	8	104	9	119	10	110	11	120	12	103	13	112	14	107	15	119	16	106	17	100	18	114	19	120	20	108	21	100	22	119	23	112	24	105	25	111	26	100	27	111	28	119	29	110	30	105	31	107	32	102	33	114	34	119	35	101	36	101	37	104	38	115	39	118	40	119	41	109	42	118	43	120	44	120	45	116	46	116	47	107	48	107	49	119	
	0	114	1	104	2	114	3	108	4	102	5	103	6	103	7	118	8	105	9	117	10	114	11	102	12	112	13	112	14	112	15	120	16	107	17	110	18	119	19	117	20	113	21	111	22	110	23	120	24	117	25	111	26	107	27	117	28	106	29	103	30	105	31	110	32	112	33	111	34	120	35	116	36	106	37	114	38	107	39	120	40	110	41	113	42	111	43	104	44	105	45	110	46	107	47	118	48	107	49	102	
	0	105	1	111	2	117	3	101	4	118	5	116	6	115	7	115	8	105	9	112	10	116	11	112	12	117	13	119	14	116	15	103	16	107	17	105	18	109	19	105	20	111	21	119	22	107	23	101	24	102	25	120	26	112	27	119	28	100	29	117	30	111	31	115	32	103	33	116	34	116	35	118	36	114	37	111	38	110	39	106	40	117	41	117	42	107	43	117	44	113	45	119	46	104	47	115	48	112	49	105	
	0	113	1	118	2	103	3	109	4	115	5	112	6	103	7	114	8	115	9	117	10	119	11	103	12	105	13	111	14	119	15	103	16	104	17	115	18	109	19	103	20	117	21	113	22	113	23	103	24	112	25	118	26	114	27	111	28	108	29	117	30	111	31	119	32	111	33	105	34	109	35	105	36	119	37	102	38	115	39	115	40	100	41	106	42	107	43	118	44	112	45	112	46	108	47	105	48	116	49	117	
	0	102	1	112	2	110	3	102	4	120	5	104	6	111	7	116	8	118	9	117	10	119	11	104	12	117	13	111	14	109	15	114	16	119	17	112	18	110	19	117	20	105	21	116	22	114	23	103	24	112	25	114	26	104	27	107	28	101	29	104	30	108	31	102	32	119	33	117	34	100	35	103	36	107	37	117	38	117	39	112	40	117	41	107	42	106	43	120	44	103	45	116	46	115	47	115	48	101	49	114	
	0	100	1	113	2	101	3	114	4	119	5	100	6	109	7	117	8	118	9	111	10	117	11	106	12	101	13	111	14	110	15	114	16	103	17	103	18	118	19	103	20	113	21	106	22	118	23	101	24	120	25	112	26	105	27	107	28	113	29	103	30	108	31	111	32	103	33	114	34	106	35	101	36	120	37	115	38	112	39	119	40	114	41	117	42	105	43	105	44	113	45	104	46	119	47	119	48	102	49	107	
	0	120	1	106	2	114	3	106	4	117	5	118	6	110	7	106	8	117	9	105	10	100	11	113	12	112	13	108	14	100	15	113	16	107	17	114	18	107	19	111	20	110	21	115	22	110	23	115	24	103	25	116	26	114	27	116	28	110	29	108	30	117	31	103	32	106	33	117	34	106	35	111	36	109	37	105	38	120	39	114	40	114	41	104	42	111	43	103	44	103	45	112	46	103	47	116	48	103	49	118	
	0	118	1	102	2	100	3	105	4	103	5	107	6	119	7	105	8	114	9	120	10	110	11	120	12	112	13	111	14	111	15	100	16	108	17	109	18	117	19	113	20	115	21	113	22	101	23	107	24	112	25	119	26	107	27	107	28	115	29	100	30	104	31	106	32	109	33	102	34	116	35	101	36	120	37	101	38	106	39	101	40	105	41	110	42	103	43	118	44	108	45	116	46	108	47	104	48	108	49	110	
	0	103	1	102	2	115	3	108	4	116	5	111	6	117	7	105	8	108	9	116	10	110	11	113	12	118	13	110	14	119	15	114	16	115	17	106	18	100	19	119	20	114	21	100	22	114	23	106	24	116	25	109	26	107	27	117	28	119	29	100	30	113	31	116	32	114	33	109	34	115	35	119	36	106	37	102	38	120	39	102	40	106	41	108	42	119	43	115	44	104	45	120	46	101	47	106	48	101	49	117	
	0	116	1	120	2	104	3	110	4	111	5	101	6	106	7	106	8	100	9	113	10	108	11	116	12	104	13	114	14	108	15	116	16	108	17	115	18	100	19	102	20	100	21	100	22	106	23	115	24	110	25	105	26	105	27	120	28	102	29	111	30	112	31	100	32	114	33	109	34	112	35	113	36	104	37	104	38	108	39	101	40	103	41	119	42	100	43	102	44	120	45	100	46	112	47	111	48	111	49	111	
	0	114	1	104	2	114	3	107	4	119	5	117	6	108	7	109	8	114	9	113	10	113	11	102	12	101	13	109	14	115	15	117	16	113	17	113	18	100	19	108	20	117	21	116	22	119	23	113	24	109	25	113	26	110	27	105	28	105	29	110	30	112	31	109	32	113	33	104	34	118	35	108	36	107	37	117	38	105	39	113	40	104	41	119	42	112	43	103	44	102	45	101	46	106	47	101	48	110	49	112	
	0	101	1	113	2	105	3	109	4	101	5	111	6	101	7	107	8	100	9	112	10	107	11	120	12	104	13	110	14	120	15	108	16	118	17	115	18	114	19	119	20	110	21	105	22	114	23	105	24	115	25	120	26	113	27	101	28	105	29	109	30	111	31	117	32	116	33	107	34	109	35	109	36	116	37	104	38	101	39	109	40	108	41	107	42	102	43	112	44	120	45	105	46	111	47	118	48	100	49	112	
	0	116	1	111	2	119	3	120	4	120	5	116	6	102	7	119	8	107	9	105	10	100	11	108	12	119	13	103	14	119	15	115	16	116	17	110	18	120	19	106	20	117	21	102	22	104	23	118	24	104	25	101	26	114	27	106	28	109	29	104	30	119	31	109	32	104	33	115	34	112	35	120	36	115	37	113	38	108	39	111	40	103	41	104	42	116	43	114	44	120	45	105	46	105	47	100	48	114	49	108	
	0	120	1	112	2	112	3	104	4	100	5	109	6	115	7	115	8	109	9	108	10	107	11	107	12	102	13	100	14	112	15	120	16	117	17	105	18	114	19	113	20	116	21	117	22	119	23	111	24	118	25	114	26	106	27	103	28	105	29	120	30	109	31	104	32	109	33	107	34	113	35	114	36	118	37	119	38	109	39	117	40	114	41	114	42	109	43	103	44	102	45	114	46	111	47	100	48	115	49	115	
	0	102	1	106	2	101	3	110	4	120	5	108	6	110	7	106	8	102	9	119	10	117	11	103	12	115	13	101	14	110	15	113	16	108	17	104	18	112	19	114	20	105	21	107	22	104	23	101	24	104	25	105	26	108	27	109	28	101	29	113	30	115	31	114	32	113	33	101	34	101	35	106	36	103	37	115	38	100	39	109	40	104	41	105	42	103	43	109	44	110	45	110	46	102	47	117	48	120	49	103	
	0	118	1	100	2	103	3	115	4	113	5	119	6	115	7	114	8	114	9	110	10	104	11	109	12	111	13	112	14	110	15	115	16	106	17	104	18	104	19	115	20	111	21	112	22	113	23	104	24	111	25	102	26	114	27	109	28	110	29	117	30	103	31	101	32	117	33	103	34	115	35	117	36	105	37	113	38	114	39	115	40	110	41	102	42	108	43	105	44	104	45	120	46	108	47	105	48	100	49	101	
	0	107	1	109	2	106	3	104	4	109	5	102	6	115	7	106	8	104	9	108	10	106	11	109	12	108	13	117	14	119	15	106	16	110	17	120	18	105	19	120	20	112	21	101	22	119	23	116	24	110	25	115	26	113	27	116	28	100	29	116	30	114	31	112	32	104	33	100	34	117	35	103	36	117	37	109	38	101	39	115	40	118	41	119	42	102	43	113	44	102	45	110	46	108	47	104	48	115	49	107	
	0	120	1	106	2	113	3	120	4	114	5	100	6	102	7	115	8	109	9	115	10	116	11	118	12	106	13	109	14	103	15	116	16	108	17	111	18	114	19	111	20	110	21	111	22	114	23	101	24	120	25	111	26	120	27	118	28	100	29	103	30	116	31	101	32	102	33	119	34	107	35	115	36	101	37	103	38	120	39	108	40	106	41	108	42	103	43	111	44	108	45	104	46	106	47	100	48	118	49	105	
	0	119	1	116	2	120	3	100	4	113	5	106	6	101	7	111	8	118	9	107	10	117	11	115	12	116	13	102	14	111	15	105	16	107	17	103	18	116	19	105	20	103	21	112	22	120	23	112	24	110	25	105	26	116	27	104	28	116	29	102	30	104	31	107	32	113	33	114	34	102	35	107	36	102	37	112	38	119	39	104	40	106	41	109	42	115	43	105	44	109	45	109	46	108	47	105	48	119	49	101	
	0	107	1	117	2	105	3	116	4	106	5	106	6	120	7	119	8	106	9	100	10	113	11	110	12	114	13	104	14	101	15	105	16	118	17	111	18	105	19	110	20	104	21	110	22	118	23	108	24	112	25	113	26	116	27	114	28	106	29	110	30	105	31	103	32	115	33	108	34	119	35	120	36	113	37	106	38	118	39	119	40	105	41	108	42	120	43	113	44	104	45	106	46	103	47	103	48	110	49	116	
	0	107	1	103	2	100	3	107	4	101	5	113	6	113	7	108	8	110	9	101	10	103	11	108	12	112	13	107	14	120	15	116	16	105	17	112	18	119	19	114	20	110	21	114	22	105	23	109	24	108	25	117	26	105	27	110	28	102	29	113	30	119	31	110	32	116	33	114	34	111	35	114	36	111	37	108	38	107	39	102	40	119	41	109	42	106	43	115	44	117	45	108	46	101	47	101	48	112	49	109	
	0	119	1	116	2	106	3	119	4	120	5	118	6	113	7	103	8	101	9	102	10	114	11	102	12	108	13	103	14	107	15	120	16	103	17	104	18	120	19	111	20	101	21	112	22	107	23	102	24	118	25	111	26	118	27	103	28	108	29	103	30	104	31	106	32	118	33	106	34	103	35	110	36	109	37	108	38	117	39	114	40	111	41	109	42	105	43	102	44	112	45	116	46	107	47	119	48	116	49	111	
	0	119	1	115	2	107	3	116	4	118	5	108	6	116	7	100	8	115	9	107	10	105	11	110	12	105	13	117	14	117	15	100	16	108	17	112	18	114	19	119	20	101	21	109	22	102	23	111	24	120	25	110	26	102	27	120	28	103	29	106	30	107	31	113	32	104	33	105	34	118	35	113	36	100	37	120	38	107	39	115	40	112	41	119	42	119	43	103	44	111	45	103	46	109	47	103	48	111	49	110	
	0	114	1	101	2	105	3	115	4	120	5	111	6	117	7	116	8	108	9	104	10	111	11	102	12	112	13	104	14	111	15	118	16	101	17	101	18	102	19	119	20	108	21	109	22	113	23	117	24	101	25	100	26	116	27	110	28	119	29	113	30	105	31	112	32	103	33	107	34	108	35	106	36	116	37	104	38	106	39	119	40	115	41	115	42	114	43	106	44	103	45	108	46	107	47	113	48	106	49	106	
	0	103	1	110	2	114	3	109	4	106	5	105	6	116	7	110	8	105	9	105	10	103	11	108	12	100	13	101	14	109	15	119	16	106	17	110	18	105	19	109	20	103	21	111	22	109	23	113	24	115	25	110	26	101	27	104	28	110	29	113	30	115	31	116	32	110	33	118	34	101	35	118	36	119	37	119	38	105	39	112	40	107	41	119	42	108	43	112	44	108	45	120	46	107	47	113	48	109	49	110	
	0	105	1	106	2	118	3	108	4	105	5	108	6	116	7	104	8	103	9	108	10	118	11	119	12	111	13	107	14	112	15	113	16	103	17	103	18	109	19	116	20	109	21	119	22	114	23	104	24	120	25	102	26	108	27	110	28	116	29	112	30	113	31	101	32	105	33	103	34	120	35	102	36	108	37	120	38	102	39	112	40	118	41	112	42	114	43	111	44	110	45	104	46	100	47	106	48	104	49	104	
	0	101	1	117	2	116	3	100	4	120	5	117	6	106	7	107	8	105	9	116	10	107	11	103	12	105	13	104	14	116	15	106	16	112	17	116	18	119	19	105	20	108	21	101	22	113	23	104	24	108	25	119	26	108	27	118	28	116	29	119	30	100	31	105	32	105	33	111	34	110	35	117	36	107	37	116	38	105	39	102	40	109	41	116	42	112	43	120	44	118	45	113	46	118	47	107	48	109	49	100	
	0	103	1	108	2	105	3	113	4	100	5	116	6	120	7	115	8	108	9	107	10	106	11	114	12	119	13	103	14	116	15	115	16	101	17	103	18	117	19	105	20	112	21	107	22	103	23	109	24	120	25	104	26	104	27	106	28	104	29	117	30	110	31	108	32	119	33	116	34	112	35	104	36	111	37	119	38	117	39	112	40	112	41	114	42	108	43	100	44	107	45	106	46	104	47	107	48	104	49	104	
	0	102	1	109	2	118	3	119	4	108	5	103	6	120	7	101	8	119	9	105	10	103	11	114	12	113	13	104	14	110	15	109	16	119	17	117	18	113	19	109	20	103	21	109	22	114	23	106	24	101	25	115	26	103	27	115	28	100	29	102	30	116	31	107	32	113	33	111	34	113	35	107	36	111	37	110	38	108	39	112	40	110	41	112	42	114	43	116	44	114	45	119	46	105	47	116	48	104	49	114	
	0	108	1	102	2	108	3	100	4	105	5	105	6	106	7	101	8	102	9	103	10	117	11	109	12	111	13	109	14	117	15	104	16	111	17	112	18	118	19	104	20	113	21	119	22	119	23	115	24	119	25	107	26	104	27	104	28	110	29	108	30	116	31	109	32	112	33	107	34	114	35	113	36	112	37	117	38	104	39	103	40	107	41	118	42	119	43	103	44	106	45	105	46	112	47	112	48	106	49	106	
	0	106	1	112	2	103	3	111	4	115	5	103	6	117	7	106	8	105	9	118	10	118	11	101	12	109	13	113	14	104	15	116	16	110	17	100	18	110	19	103	20	116	21	109	22	117	23	106	24	113	25	103	26	120	27	116	28	120	29	112	30	101	31	111	32	103	33	120	34	116	35	113	36	111	37	104	38	114	39	110	40	110	41	117	42	120	43	117	44	111	45	101	46	103	47	109	48	101	49	103	
	0	106	1	107	2	111	3	115	4	109	5	101	6	104	7	116	8	111	9	100	10	105	11	114	12	119	13	100	14	100	15	107	16	104	17	115	18	101	19	115	20	109	21	109	22	103	23	107	24	111	25	104	26	107	27	120	28	114	29	103	30	120	31	107	32	110	33	111	34	106	35	102	36	106	37	112	38	102	39	102	40	106	41	112	42	104	43	117	44	114	45	108	46	120	47	102	48	100	49	120	
	0	101	1	120	2	104	3	102	4	116	5	105	6	111	7	112	8	104	9	102	10	100	11	109	12	107	13	106	14	101	15	109	16	114	17	105	18	105	19	101	20	101	21	105	22	102	23	115	24	105	25	104	26	108	27	109	28	110	29	112	30	110	31	120	32	116	33	116	34	103	35	107	36	110	37	108	38	118	39	113	40	101	41	115	42	116	43	104	44	108	45	103	46	119	47	113	48	105	49	105	
	0	103	1	120	2	104	3	101	4	113	5	106	6	115	7	116	8	107	9	115	10	100	11	108	12	100	13	120	14	115	15	102	16	109	17	120	18	102	19	115	20	114	21	117	22	119	23	113	24	102	25	114	26	110	27	104	28	107	29	120	30	107	31	109	32	116	33	115	34	101	35	104	36	106	37	112	38	105	39	105	40	101	41	110	42	100	43	117	44	101	45	116	46	116	47	102	48	110	49	110	
	0	100	1	102	2	109	3	111	4	100	5	115	6	113	7	119	8	109	9	102	10	112	11	112	12	110	13	105	14	119	15	101	16	107	17	103	18	114	19	101	20	103	21	100	22	108	23	102	24	114	25	115	26	102	27	106	28	113	29	102	30	119	31	101	32	105	33	115	34	102	35	109	36	104	37	100	38	114	39	119	40	102	41	107	42	101	43	112	44	110	45	117	46	110	47	113	48	118	49	102	
	0	112	1	107	2	102	3	114	4	104	5	113	6	114	7	120	8	111	9	107	10	117	11	101	12	112	13	118	14	106	15	115	16	110	17	112	18	111	19	118	20	102	21	119	22	116	23	118	24	115	25	119	26	109	27	105	28	107	29	119	30	109	31	115	32	111	33	120	34	118	35	111	36	100	37	117	38	111	39	105	40	105	41	106	42	103	43	117	44	100	45	119	46	108	47	112	48	105	49	117	
	0	105	1	116	2	106	3	114	4	115	5	110	6	111	7	103	8	104	9	115	10	107	11	102	12	105	13	101	14	120	15	116	16	104	17	115	18	111	19	109	20	119	21	106	22	114	23	116	24	118	25	110	26	120	27	111	28	100	29	100	30	115	31	119	32	105	33	116	34	119	35	119	36	110	37	113	38	109	39	118	40	100	41	118	42	102	43	113	44	109	45	110	46	116	47	119	48	108	49	112	
	0	111	1	119	2	101	3	117	4	105	5	104	6	118	7	120	8	103	9	108	10	119	11	106	12	116	13	109	14	112	15	107	16	120	17	108	18	107	19	102	20	103	21	117	22	117	23	103	24	119	25	114	26	110	27	117	28	100	29	115	30	103	31	113	32	112	33	105	34	111	35	107	36	105	37	109	38	115	39	114	40	113	41	113	42	109	43	101	44	100	45	100	46	116	47	101	48	101	49	101	
	0	111	1	100	2	116	3	103	4	112	5	111	6	118	7	100	8	101	9	110	10	111	11	109	12	113	13	115	14	120	15	113	16	101	17	120	18	110	19	116	20	112	21	101	22	102	23	107	24	100	25	100	26	109	27	107	28	106	29	110	30	104	31	119	32	101	33	114	34	113	35	105	36	100	37	112	38	112	39	120	40	107	41	108	42	120	43	114	44	106	45	120	46	102	47	112	48	112	49	108	
	0	120	1	116	2	110	3	103	4	114	5	120	6	104	7	111	8	111	9	107	10	116	11	102	12	113	13	114	14	112	15	109	16	118	17	117	18	118	19	119	20	100	21	100	22	108	23	118	24	106	25	109	26	111	27	109	28	120	29	114	30	108	31	105	32	113	33	112	34	107	35	102	36	104	37	111	38	107	39	104	40	103	41	117	42	113	43	109	44	114	45	103	46	102	47	115	48	104	49	109	
	0	119	1	106	2	106	3	104	4	120	5	115	6	115	7	102	8	120	9	117	10	103	11	100	12	106	13	107	14	112	15	119	16	109	17	100	18	118	19	120	20	106	21	104	22	109	23	115	24	107	25	108	26	117	27	105	28	104	29	102	30	106	31	102	32	101	33	112	34	106	35	100	36	112	37	111	38	117	39	116	40	104	41	108	42	112	43	117	44	117	45	109	46	100	47	110	48	106	49	118	
	0	112	1	100	2	101	3	100	4	120	5	111	6	112	7	112	8	119	9	106	10	119	11	102	12	117	13	105	14	111	15	120	16	106	17	114	18	120	19	117	20	106	21	107	22	120	23	117	24	106	25	112	26	104	27	119	28	120	29	113	30	103	31	113	32	101	33	103	34	118	35	106	36	100	37	118	38	115	39	102	40	112	41	116	42	120	43	113	44	116	45	114	46	112	47	112	48	110	49	117	
	0	115	1	111	2	120	3	105	4	110	5	111	6	115	7	120	8	120	9	115	10	116	11	101	12	120	13	105	14	109	15	100	16	104	17	101	18	109	19	107	20	114	21	118	22	102	23	115	24	106	25	113	26	108	27	116	28	116	29	109	30	117	31	102	32	119	33	119	34	103	35	118	36	113	37	101	38	116	39	107	40	106	41	113	42	120	43	113	44	110	45	108	46	117	47	111	48	118	49	113	
	0	110	1	104	2	101	3	107	4	102	5	100	6	106	7	114	8	102	9	120	10	102	11	115	12	119	13	112	14	101	15	107	16	111	17	106	18	102	19	101	20	118	21	117	22	115	23	117	24	115	25	100	26	115	27	115	28	105	29	112	30	102	31	106	32	102	33	109	34	100	35	101	36	117	37	109	38	114	39	120	40	113	41	112	42	116	43	106	44	108	45	105	46	106	47	101	48	108	49	116	
	0	120	1	114	2	102	3	106	4	116	5	109	6	115	7	114	8	100	9	113	10	114	11	115	12	117	13	117	14	108	15	120	16	101	17	119	18	119	19	105	20	119	21	118	22	120	23	112	24	108	25	107	26	100	27	111	28	100	29	120	30	100	31	114	32	111	33	103	34	114	35	114	36	105	37	106	38	108	39	117	40	110	41	100	42	101	43	113	44	110	45	115	46	104	47	117	48	115	49	101	
	0	115	1	108	2	104	3	111	4	104	5	116	6	116	7	101	8	116	9	119	10	115	11	118	12	113	13	108	14	118	15	107	16	118	17	109	18	112	19	106	20	107	21	119	22	108	23	106	24	100	25	101	26	115	27	103	28	102	29	100	30	108	31	116	32	118	33	115	34	105	35	100	36	107	37	100	38	111	39	113	40	114	41	110	42	117	43	114	44	109	45	104	46	114	47	117	48	117	49	110	
	0	116	1	118	2	114	3	120	4	102	5	113	6	118	7	115	8	102	9	115	10	105	11	102	12	116	13	115	14	116	15	111	16	113	17	100	18	111	19	120	20	103	21	110	22	108	23	115	24	113	25	107	26	104	27	111	28	103	29	105	30	117	31	101	32	113	33	105	34	110	35	115	36	105	37	116	38	103	39	108	40	120	41	106	42	100	43	115	44	102	45	107	46	100	47	116	48	109	49	112	
	0	107	1	110	2	111	3	100	4	100	5	119	6	102	7	111	8	110	9	114	10	104	11	100	12	104	13	113	14	106	15	108	16	113	17	106	18	115	19	101	20	111	21	103	22	103	23	111	24	105	25	116	26	102	27	115	28	116	29	104	30	103	31	114	32	103	33	115	34	106	35	111	36	120	37	110	38	100	39	120	40	109	41	111	42	116	43	101	44	120	45	113	46	110	47	105	48	109	49	108	
	0	117	1	114	2	120	3	118	4	115	5	111	6	105	7	112	8	108	9	101	10	110	11	101	12	112	13	113	14	112	15	115	16	119	17	103	18	100	19	116	20	114	21	119	22	120	23	111	24	115	25	100	26	106	27	113	28	101	29	100	30	102	31	117	32	108	33	105	34	105	35	103	36	105	37	112	38	111	39	109	40	114	41	107	42	101	43	102	44	116	45	113	46	104	47	118	48	104	49	105	
	0	106	1	105	2	101	3	114	4	104	5	105	6	116	7	105	8	119	9	119	10	102	11	112	12	107	13	120	14	100	15	116	16	114	17	110	18	106	19	101	20	104	21	114	22	118	23	104	24	115	25	120	26	100	27	107	28	110	29	109	30	109	31	103	32	105	33	103	34	120	35	110	36	118	37	110	38	109	39	115	40	100	41	105	42	106	43	119	44	114	45	116	46	116	47	119	48	114	49	119	
	0	108	1	115	2	111	3	111	4	120	5	118	6	104	7	114	8	114	9	117	10	116	11	115	12	114	13	108	14	117	15	109	16	102	17	111	18	110	19	112	20	116	21	106	22	103	23	106	24	104	25	120	26	105	27	112	28	111	29	115	30	119	31	107	32	107	33	102	34	117	35	100	36	104	37	114	38	116	39	100	40	115	41	111	42	116	43	108	44	111	45	115	46	102	47	105	48	117	49	120	
	0	101	1	106	2	111	3	108	4	116	5	120	6	116	7	117	8	114	9	110	10	104	11	104	12	112	13	105	14	102	15	117	16	111	17	103	18	108	19	115	20	118	21	109	22	120	23	113	24	113	25	111	26	104	27	100	28	118	29	104	30	120	31	120	32	113	33	108	34	116	35	106	36	105	37	110	38	107	39	112	40	109	41	114	42	103	43	117	44	110	45	120	46	105	47	112	48	103	49	111	
	0	109	1	108	2	101	3	118	4	104	5	118	6	116	7	101	8	101	9	105	10	105	11	102	12	109	13	104	14	107	15	102	16	106	17	110	18	104	19	110	20	106	21	116	22	105	23	107	24	104	25	114	26	110	27	105	28	103	29	105	30	104	31	109	32	120	33	102	34	118	35	119	36	100	37	117	38	113	39	113	40	106	41	112	42	102	43	104	44	111	45	112	46	115	47	115	48	112	49	116	
	0	111	1	105	2	111	3	120	4	118	5	101	6	110	7	115	8	117	9	111	10	104	11	106	12	113	13	107	14	119	15	116	16	110	17	101	18	118	19	120	20	100	21	103	22	102	23	109	24	115	25	118	26	112	27	116	28	103	29	102	30	117	31	110	32	114	33	111	34	107	35	116	36	117	37	109	38	115	39	113	40	108	41	115	42	104	43	119	44	112	45	102	46	104	47	113	48	119	49	107	
	0	117	1	114	2	103	3	101	4	100	5	113	6	107	7	110	8	114	9	100	10	108	11	102	12	112	13	104	14	116	15	114	16	113	17	119	18	115	19	102	20	106	21	111	22	111	23	120	24	117	25	120	26	119	27	100	28	109	29	105	30	104	31	103	32	112	33	103	34	109	35	107	36	105	37	112	38	117	39	107	40	110	41	118	42	107	43	106	44	100	45	117	46	112	47	120	48	118	49	114	
	0	111	1	103	2	114	3	108	4	110	5	115	6	108	7	102	8	109	9	114	10	102	11	119	12	104	13	105	14	115	15	105	16	111	17	109	18	112	19	101	20	108	21	107	22	106	23	119	24	112	25	112	26	105	27	109	28	109	29	101	30	104	31	113	32	107	33	102	34	108	35	109	36	112	37	112	38	106	39	120	40	103	41	119	42	118	43	120	44	113	45	114	46	105	47	107	48	114	49	113	
	0	103	1	119	2	119	3	120	4	113	5	107	6	104	7	111	8	113	9	117	10	115	11	110	12	116	13	117	14	107	15	112	16	118	17	109	18	106	19	104	20	110	21	109	22	111	23	104	24	106	25	119	26	116	27	104	28	114	29	102	30	117	31	117	32	120	33	117	34	101	35	110	36	103	37	105	38	110	39	118	40	100	41	116	42	112	43	106	44	114	45	112	46	117	47	111	48	116	49	109	
	0	106	1	103	2	110	3	111	4	107	5	102	6	114	7	116	8	108	9	116	10	115	11	101	12	102	13	101	14	114	15	116	16	106	17	106	18	101	19	115	20	100	21	101	22	116	23	106	24	112	25	109	26	110	27	112	28	106	29	114	30	114	31	114	32	100	33	106	34	118	35	115	36	113	37	119	38	113	39	117	40	102	41	117	42	118	43	109	44	115	45	112	46	108	47	100	48	106	49	114	
	0	115	1	109	2	102	3	113	4	114	5	104	6	108	7	117	8	120	9	106	10	107	11	116	12	119	13	103	14	110	15	107	16	113	17	109	18	117	19	111	20	107	21	101	22	105	23	115	24	110	25	112	26	105	27	106	28	102	29	107	30	103	31	111	32	109	33	120	34	107	35	105	36	104	37	116	38	111	39	120	40	111	41	107	42	117	43	118	44	101	45	109	46	101	47	105	48	117	49	119	
	0	117	1	100	2	105	3	112	4	110	5	100	6	102	7	114	8	116	9	114	10	111	11	106	12	102	13	116	14	109	15	102	16	119	17	115	18	108	19	119	20	100	21	114	22	111	23	109	24	103	25	117	26	109	27	119	28	101	29	118	30	107	31	115	32	100	33	102	34	102	35	109	36	100	37	116	38	105	39	116	40	103	41	119	42	114	43	115	44	108	45	114	46	113	47	101	48	109	49	107	
	0	119	1	103	2	107	3	120	4	104	5	117	6	119	7	115	8	106	9	120	10	115	11	107	12	105	13	117	14	117	15	111	16	110	17	103	18	103	19	105	20	112	21	114	22	111	23	113	24	116	25	115	26	101	27	110	28	101	29	111	30	105	31	119	32	111	33	109	34	112	35	114	36	113	37	102	38	105	39	105	40	109	41	102	42	112	43	116	44	115	45	107	46	113	47	107	48	109	49	114	
	0	111	1	117	2	102	3	102	4	103	5	110	6	109	7	119	8	108	9	108	10	104	11	110	12	105	13	111	14	105	15	107	16	102	17	108	18	107	19	109	20	120	21	104	22	119	23	118	24	117	25	108	26	119	27	106	28	102	29	107	30	102	31	108	32	112	33	115	34	117	35	116	36	114	37	118	38	119	39	117	40	118	41	114	42	108	43	119	44	118	45	118	46	107	47	114	48	102	49	114	
	0	106	1	101	2	117	3	107	4	117	5	106	6	113	7	116	8	107	9	113	10	100	11	103	12	100	13	114	14	110	15	110	16	113	17	120	18	113	19	114	20	101	21	103	22	101	23	109	24	100	25	109	26	107	27	101	28	112	29	117	30	101	31	113	32	111	33	103	34	120	35	116	36	103	37	111	38	102	39	102	40	111	41	120	42	104	43	107	44	109	45	119	46	106	47	114	48	113	49	105	
	0	101	1	100	2	107	3	103	4	101	5	115	6	104	7	116	8	119	9	108	10	118	11	119	12	110	13	103	14	100	15	109	16	103	17	110	18	109	19	104	20	108	21	112	22	116	23	110	24	101	25	104	26	103	27	118	28	109	29	107	30	103	31	100	32	118	33	120	34	111	35	104	36	112	37	100	38	107	39	102	40	114	41	114	42	107	43	115	44	114	45	112	46	103	47	120	48	119	49	112	
	0	112	1	102	2	100	3	115	4	114	5	100	6	114	7	104	8	111	9	111	10	120	11	111	12	105	13	108	14	104	15	110	16	105	17	113	18	115	19	120	20	120	21	115	22	106	23	106	24	118	25	107	26	119	27	117	28	106	29	105	30	111	31	104	32	113	33	114	34	102	35	104	36	106	37	120	38	109	39	103	40	113	41	107	42	119	43	114	44	102	45	118	46	115	47	107	48	102	49	105	
	0	108	1	104	2	102	3	102	4	106	5	118	6	119	7	103	8	120	9	106	10	115	11	104	12	111	13	103	14	119	15	109	16	101	17	114	18	120	19	105	20	113	21	102	22	117	23	108	24	102	25	119	26	109	27	118	28	100	29	102	30	104	31	120	32	119	33	100	34	109	35	113	36	100	37	109	38	102	39	110	40	108	41	115	42	109	43	107	44	112	45	107	46	116	47	115	48	116	49	118	
	0	105	1	105	2	113	3	103	4	107	5	119	6	120	7	111	8	106	9	117	10	101	11	115	12	120	13	108	14	102	15	103	16	116	17	102	18	113	19	103	20	108	21	100	22	106	23	103	24	108	25	104	26	109	27	111	28	113	29	108	30	117	31	118	32	117	33	101	34	116	35	105	36	113	37	107	38	118	39	111	40	119	41	118	42	109	43	109	44	117	45	108	46	109	47	113	48	115	49	117	
	0	104	1	109	2	119	3	101	4	110	5	115	6	103	7	114	8	112	9	110	10	111	11	103	12	104	13	100	14	119	15	106	16	105	17	101	18	102	19	100	20	109	21	109	22	116	23	113	24	105	25	113	26	120	27	110	28	100	29	104	30	120	31	113	32	112	33	105	34	115	35	112	36	119	37	107	38	101	39	104	40	114	41	101	42	106	43	111	44	115	45	106	46	118	47	104	48	116	49	114	
	0	114	1	115	2	102	3	112	4	100	5	113	6	118	7	101	8	105	9	113	10	109	11	104	12	118	13	108	14	111	15	110	16	110	17	111	18	110	19	113	20	112	21	101	22	115	23	116	24	101	25	103	26	102	27	101	28	107	29	119	30	117	31	103	32	113	33	100	34	116	35	120	36	110	37	114	38	118	39	108	40	117	41	112	42	107	43	117	44	120	45	117	46	102	47	101	48	104	49	116	
	0	120	1	102	2	106	3	103	4	101	5	105	6	115	7	108	8	113	9	119	10	117	11	109	12	105	13	111	14	114	15	115	16	104	17	113	18	106	19	107	20	106	21	115	22	107	23	110	24	117	25	106	26	102	27	108	28	113	29	102	30	115	31	111	32	112	33	101	34	102	35	118	36	112	37	108	38	120	39	117	40	119	41	111	42	105	43	100	44	112	45	101	46	114	47	107	48	101	49	101	
	0	108	1	108	2	107	3	110	4	117	5	103	6	102	7	111	8	119	9	118	10	116	11	114	12	118	13	117	14	114	15	106	16	114	17	101	18	103	19	101	20	114	21	118	22	116	23	113	24	109	25	101	26	102	27	103	28	109	29	101	30	112	31	108	32	105	33	111	34	111	35	105	36	100	37	114	38	108	39	105	40	116	41	105	42	116	43	111	44	102	45	118	46	114	47	115	48	105	49	117	
	0	119	1	115	2	110	3	118	4	101	5	103	6	110	7	104	8	117	9	111	10	101	11	115	12	112	13	109	14	109	15	112	16	109	17	106	18	101	19	116	20	116	21	114	22	113	23	115	24	109	25	115	26	114	27	101	28	102	29	104	30	113	31	120	32	116	33	110	34	116	35	104	36	106	37	102	38	118	39	103	40	117	41	105	42	108	43	109	44	115	45	106	46	103	47	110	48	100	49	119	
	0	115	1	109	2	117	3	113	4	102	5	102	6	119	7	114	8	116	9	112	10	114	11	113	12	114	13	116	14	115	15	110	16	103	17	108	18	113	19	100	20	106	21	104	22	109	23	114	24	109	25	105	26	105	27	105	28	103	29	108	30	110	31	101	32	106	33	101	34	108	35	108	36	103	37	107	38	107	39	111	40	109	41	118	42	120	43	114	44	113	45	109	46	106	47	116	48	119	49	110	
	0	102	1	110	2	103	3	118	4	113	5	101	6	107	7	105	8	113	9	106	10	102	11	103	12	110	13	111	14	100	15	118	16	115	17	106	18	120	19	116	20	112	21	114	22	116	23	103	24	110	25	116	26	109	27	117	28	107	29	115	30	117	31	106	32	113	33	120	34	112	35	107	36	105	37	104	38	114	39	109	40	110	41	110	42	118	43	110	44	117	45	114	46	116	47	106	48	101	49	100	
	0	114	1	112	2	116	3	111	4	112	5	115	6	106	7	112	8	113	9	111	10	114	11	103	12	116	13	109	14	114	15	112	16	119	17	105	18	112	19	108	20	111	21	105	22	111	23	114	24	111	25	111	26	111	27	114	28	103	29	113	30	104	31	101	32	110	33	105	34	114	35	110	36	106	37	117	38	120	39	100	40	119	41	104	42	109	43	114	44	105	45	100	46	118	47	101	48	107	49	116	
	0	113	1	120	2	109	3	112	4	111	5	108	6	107	7	110	8	103	9	112	10	109	11	112	12	105	13	110	14	120	15	104	16	101	17	103	18	115	19	112	20	113	21	103	22	114	23	113	24	100	25	120	26	103	27	109	28	116	29	115	30	119	31	101	32	119	33	113	34	115	35	118	36	115	37	116	38	104	39	110	40	113	41	111	42	113	43	113	44	107	45	107	46	118	47	119	48	111	49	109	
	0	109	1	104	2	103	3	119	4	111	5	106	6	120	7	101	8	100	9	108	10	100	11	107	12	113	13	111	14	118	15	111	16	113	17	116	18	107	19	101	20	120	21	117	22	107	23	120	24	108	25	109	26	110	27	116	28	106	29	119	30	104	31	113	32	109	33	107	34	105	35	108	36	104	37	111	38	115	39	106	40	117	41	113	42	102	43	118	44	109	45	115	46	109	47	107	48	103	49	115	
	0	119	1	106	2	117	3	115	4	101	5	114	6	112	7	113	8	117	9	101	10	106	11	120	12	118	13	113	14	113	15	116	16	103	17	105	18	105	19	116	20	111	21	120	22	116	23	114	24	109	25	120	26	104	27	114	28	116	29	120	30	100	31	107	32	117	33	114	34	104	35	117	36	105	37	104	38	107	39	115	40	102	41	113	42	111	43	112	44	119	45	116	46	100	47	104	48	114	49	104	
	0	103	1	112	2	118	3	109	4	113	5	119	6	105	7	116	8	120	9	100	10	105	11	119	12	116	13	114	14	107	15	117	16	107	17	105	18	107	19	105	20	110	21	113	22	100	23	101	24	111	25	103	26	115	27	112	28	100	29	117	30	111	31	119	32	109	33	118	34	113	35	112	36	118	37	116	38	108	39	107	40	118	41	111	42	118	43	120	44	119	45	111	46	117	47	108	48	101	49	106	
	0	108	1	120	2	112	3	112	4	109	5	102	6	115	7	120	8	111	9	110	10	110	11	118	12	118	13	120	14	108	15	115	16	103	17	104	18	103	19	105	20	119	21	119	22	115	23	108	24	108	25	117	26	107	27	101	28	100	29	111	30	101	31	108	32	108	33	106	34	112	35	116	36	111	37	115	38	111	39	100	40	103	41	115	42	120	43	119	44	118	45	104	46	108	47	110	48	118	49	117	
	0	102	1	102	2	102	3	113	4	106	5	110	6	103	7	111	8	120	9	116	10	108	11	107	12	114	13	111	14	110	15	113	16	110	17	103	18	107	19	111	20	117	21	116	22	112	23	117	24	111	25	105	26	106	27	112	28	105	29	108	30	115	31	112	32	104	33	107	34	112	35	108	36	120	37	113	38	102	39	119	40	107	41	102	42	119	43	105	44	120	45	107	46	107	47	100	48	107	49	115	
	0	104	1	102	2	116	3	120	4	106	5	109	6	116	7	104	8	102	9	111	10	109	11	118	12	114	13	104	14	103	15	117	16	108	17	103	18	116	19	114	20	109	21	120	22	114	23	109	24	115	25	109	26	119	27	101	28	113	29	118	30	114	31	108	32	103	33	110	34	103	35	118	36	115	37	115	38	103	39	105	40	117	41	111	42	117	43	118	44	120	45	116	46	111	47	100	48	109	49	105	
	0	101	1	113	2	109	3	106	4	106	5	116	6	107	7	111	8	114	9	119	10	104	11	119	12	105	13	100	14	113	15	111	16	102	17	113	18	113	19	107	20	111	21	114	22	116	23	101	24	119	25	112	26	115	27	101	28	101	29	107	30	118	31	102	32	105	33	116	34	117	35	113	36	102	37	103	38	108	39	117	40	100	41	110	42	118	43	103	44	105	45	105	46	118	47	112	48	111	49	108	
	0	114	1	108	2	116	3	120	4	108	5	104	6	108	7	114	8	120	9	105	10	111	11	100	12	109	13	106	14	112	15	110	16	108	17	115	18	100	19	110	20	104	21	119	22	111	23	108	24	109	25	118	26	103	27	109	28	109	29	103	30	108	31	109	32	101	33	106	34	102	35	105	36	112	37	103	38	114	39	120	40	107	41	118	42	101	43	115	44	103	45	112	46	119	47	101	48	102	49	101	
	0	114	1	109	2	109	3	100	4	118	5	109	6	106	7	115	8	105	9	118	10	113	11	116	12	105	13	102	14	103	15	110	16	120	17	103	18	118	19	104	20	106	21	109	22	100	23	111	24	102	25	103	26	102	27	106	28	119	29	107	30	106	31	114	32	100	33	102	34	118	35	113	36	100	37	112	38	116	39	110	40	118	41	119	42	108	43	118	44	115	45	104	46	101	47	100	48	117	49	109	
	0	103	1	102	2	103	3	101	4	106	5	111	6	120	7	111	8	113	9	105	10	120	11	100	12	107	13	114	14	120	15	120	16	103	17	118	18	101	19	102	20	102	21	102	22	100	23	117	24	115	25	107	26	108	27	107	28	108	29	118	30	113	31	107	32	119	33	118	34	119	35	113	36	106	37	104	38	113	39	111	40	103	41	117	42	120	43	103	44	113	45	103	46	108	47	103	48	110	49	119	
	0	115	1	114	2	116	3	117	4	107	5	119	6	116	7	106	8	103	9	105	10	105	11	113	12	119	13	106	14	106	15	116	16	103	17	120	18	101	19	105	20	118	21	118	22	105	23	105	24	112	25	101	26	106	27	110	28	115	29	104	30	119	31	113	32	100	33	107	34	103	35	103	36	119	37	112	38	108	39	109	40	102	41	104	42	103	43	117	44	108	45	114	46	114	47	109	48	117	49	101	
	0	120	1	100	2	110	3	105	4	107	5	109	6	108	7	117	8	113	9	107	10	113	11	102	12	117	13	102	14	105	15	118	16	107	17	119	18	106	19	106	20	118	21	116	22	120	23	116	24	108	25	120	26	111	27	112	28	115	29	119	30	100	31	109	32	116	33	117	34	111	35	115	36	101	37	115	38	114	39	112	40	118	41	109	42	116	43	100	44	108	45	119	46	108	47	112	48	102	49	106	
	0	109	1	120	2	102	3	111	4	109	5	108	6	114	7	112	8	102	9	112	10	114	11	113	12	105	13	114	14	112	15	106	16	105	17	115	18	102	19	116	20	118	21	117	22	105	23	105	24	106	25	116	26	100	27	110	28	105	29	120	30	114	31	116	32	100	33	105	34	119	35	102	36	101	37	102	38	115	39	106	40	116	41	117	42	115	43	110	44	113	45	114	46	105	47	101	48	103	49	105	
	0	117	1	115	2	108	3	114	4	110	5	119	6	104	7	116	8	104	9	107	10	112	11	104	12	106	13	104	14	120	15	102	16	116	17	113	18	120	19	111	20	108	21	112	22	105	23	100	24	114	25	113	26	114	27	112	28	106	29	115	30	105	31	118	32	106	33	110	34	109	35	111	36	115	37	105	38	117	39	104	40	101	41	112	42	107	43	113	44	110	45	119	46	113	47	102	48	111	49	111	
	0	103	1	117	2	105	3	100	4	115	5	114	6	109	7	120	8	111	9	104	10	112	11	119	12	120	13	104	14	100	15	102	16	112	17	118	18	118	19	115	20	102	21	105	22	104	23	100	24	107	25	100	26	109	27	103	28	115	29	118	30	104	31	105	32	112	33	106	34	118	35	100	36	120	37	116	38	107	39	119	40	108	41	103	42	102	43	110	44	110	45	109	46	103	47	120	48	109	49	109	
	0	103	1	119	2	106	3	103	4	119	5	118	6	102	7	107	8	107	9	114	10	112	11	108	12	105	13	116	14	119	15	109	16	101	17	112	18	107	19	109	20	114	21	111	22	114	23	109	24	105	25	105	26	111	27	119	28	119	29	109	30	115	31	101	32	103	33	118	34	102	35	100	36	117	37	106	38	110	39	111	40	120	41	118	42	105	43	115	44	113	45	114	46	118	47	118	48	110	49	109	
	0	101	1	120	2	104	3	102	4	102	5	103	6	101	7	114	8	110	9	104	10	119	11	106	12	120	13	114	14	111	15	105	16	107	17	107	18	106	19	102	20	104	21	101	22	111	23	104	24	106	25	114	26	110	27	115	28	108	29	100	30	103	31	110	32	109	33	119	34	109	35	107	36	117	37	100	38	118	39	114	40	112	41	106	42	118	43	105	44	107	45	105	46	109	47	116	48	117	49	116	
	0	116	1	109	2	101	3	101	4	109	5	101	6	107	7	114	8	114	9	104	10	120	11	113	12	105	13	112	14	113	15	111	16	103	17	118	18	112	19	114	20	120	21	100	22	119	23	115	24	110	25	101	26	116	27	114	28	104	29	101	30	111	31	118	32	116	33	110	34	120	35	106	36	107	37	106	38	104	39	116	40	113	41	112	42	107	43	104	44	117	45	113	46	117	47	120	48	108	49	117	
	0	106	1	111	2	104	3	106	4	110	5	103	6	113	7	105	8	114	9	105	10	111	11	117	12	103	13	120	14	106	15	105	16	104	17	111	18	100	19	118	20	104	21	103	22	105	23	101	24	108	25	103	26	100	27	115	28	109	29	103	30	120	31	112	32	109	33	100	34	119	35	100	36	120	37	118	38	105	39	110	40	101	41	103	42	115	43	110	44	109	45	116	46	120	47	114	48	101	49	105	
	0	103	1	104	2	117	3	102	4	106	5	109	6	102	7	118	8	105	9	119	10	113	11	119	12	103	13	100	14	119	15	117	16	111	17	101	18	101	19	108	20	120	21	106	22	107	23	119	24	118	25	109	26	103	27	104	28	114	29	108	30	116	31	107	32	106	33	108	34	105	35	113	36	111	37	118	38	112	39	106	40	100	41	103	42	103	43	101	44	103	45	108	46	105	47	106	48	114	49	114	
	0	110	1	105	2	116	3	117	4	115	5	110	6	109	7	115	8	110	9	103	10	104	11	104	12	118	13	119	14	115	15	110	16	102	17	104	18	108	19	114	20	104	21	113	22	104	23	106	24	108	25	112	26	118	27	110	28	112	29	110	30	107	31	119	32	113	33	115	34	108	35	112	36	103	37	108	38	116	39	113	40	112	41	115	42	111	43	115	44	116	45	100	46	119	47	109	48	118	49	108	
	0	112	1	111	2	105	3	105	4	110	5	120	6	114	7	101	8	113	9	119	10	100	11	113	12	108	13	117	14	102	15	115	16	112	17	113	18	101	19	113	20	107	21	119	22	104	23	114	24	116	25	112	26	111	27	102	28	108	29	114	30	119	31	102	32	103	33	109	34	112	35	108	36	111	37	103	38	105	39	109	40	105	41	108	42	108	43	100	44	110	45	104	46	103	47	105	48	103	49	120	
	0	102	1	105	2	119	3	109	4	116	5	106	6	108	7	106	8	118	9	108	10	114	11	118	12	101	13	104	14	109	15	116	16	110	17	113	18	104	19	102	20	100	21	105	22	119	23	104	24	108	25	120	26	110	27	108	28	105	29	106	30	103	31	111	32	102	33	100	34	118	35	104	36	117	37	109	38	103	39	114	40	104	41	116	42	117	43	108	44	108	45	100	46	105	47	115	48	111	49	115	
	0	120	1	119	2	114	3	110	4	110	5	115	6	111	7	101	8	105	9	105	10	109	11	115	12	107	13	108	14	100	15	109	16	116	17	105	18	101	19	117	20	105	21	105	22	104	23	120	24	119	25	109	26	111	27	117	28	116	29	112	30	107	31	107	32	110	33	111	34	100	35	101	36	105	37	111	38	100	39	119	40	119	41	100	42	116	43	105	44	104	45	118	46	109	47	101	48	103	49	103	
	0	103	1	112	2	112	3	118	4	120	5	115	6	117	7	115	8	103	9	106	10	106	11	103	12	107	13	111	14	107	15	102	16	105	17	117	18	120	19	105	20	120	21	117	22	106	23	110	24	120	25	117	26	120	27	100	28	102	29	114	30	108	31	102	32	110	33	117	34	112	35	109	36	112	37	106	38	101	39	104	40	107	41	120	42	101	43	106	44	108	45	113	46	118	47	113	48	107	49	119	
	0	110	1	107	2	112	3	102	4	101	5	109	6	113	7	100	8	115	9	119	10	112	11	115	12	111	13	108	14	100	15	119	16	101	17	102	18	114	19	117	20	114	21	111	22	115	23	109	24	108	25	107	26	113	27	100	28	111	29	110	30	105	31	108	32	112	33	111	34	106	35	112	36	114	37	117	38	101	39	107	40	110	41	110	42	106	43	111	44	101	45	106	46	117	47	107	48	105	49	104	
	0	109	1	104	2	117	3	102	4	102	5	119	6	106	7	103	8	107	9	103	10	101	11	108	12	107	13	103	14	111	15	118	16	110	17	113	18	100	19	104	20	102	21	107	22	113	23	113	24	108	25	116	26	106	27	107	28	109	29	107	30	104	31	108	32	101	33	107	34	104	35	118	36	109	37	117	38	112	39	106	40	115	41	113	42	118	43	103	44	103	45	103	46	101	47	111	48	118	49	100	
	0	101	1	103	2	105	3	118	4	110	5	112	6	111	7	109	8	102	9	108	10	118	11	111	12	115	13	109	14	100	15	106	16	104	17	108	18	103	19	114	20	117	21	113	22	100	23	101	24	113	25	115	26	118	27	104	28	112	29	104	30	117	31	114	32	108	33	111	34	108	35	111	36	116	37	108	38	103	39	102	40	106	41	117	42	104	43	114	44	102	45	120	46	108	47	116	48	102	49	103	
	0	114	1	116	2	102	3	111	4	102	5	103	6	113	7	104	8	114	9	103	10	106	11	102	12	100	13	101	14	111	15	114	16	116	17	111	18	101	19	116	20	101	21	101	22	118	23	103	24	104	25	102	26	109	27	111	28	106	29	101	30	117	31	110	32	114	33	115	34	101	35	108	36	112	37	118	38	108	39	114	40	106	41	113	42	110	43	102	44	110	45	105	46	101	47	111	48	103	49	102	
	0	104	1	100	2	109	3	105	4	100	5	111	6	114	7	118	8	104	9	105	10	102	11	117	12	113	13	113	14	104	15	116	16	100	17	115	18	100	19	104	20	106	21	100	22	115	23	105	24	101	25	109	26	118	27	118	28	115	29	119	30	105	31	116	32	104	33	109	34	110	35	103	36	108	37	105	38	105	39	103	40	110	41	103	42	106	43	108	44	108	45	109	46	118	47	105	48	118	49	100	
	0	112	1	112	2	104	3	112	4	107	5	101	6	102	7	115	8	120	9	105	10	114	11	118	12	119	13	104	14	105	15	112	16	100	17	117	18	117	19	120	20	105	21	113	22	115	23	112	24	105	25	118	26	110	27	106	28	109	29	109	30	118	31	106	32	106	33	119	34	119	35	105	36	116	37	101	38	100	39	100	40	108	41	109	42	115	43	119	44	102	45	110	46	116	47	106	48	110	49	102	
	0	120	1	103	2	103	3	100	4	113	5	111	6	120	7	100	8	112	9	106	10	115	11	109	12	119	13	110	14	109	15	115	16	120	17	115	18	118	19	109	20	112	21	109	22	106	23	113	24	119	25	113	26	109	27	109	28	108	29	102	30	111	31	120	32	102	33	111	34	117	35	112	36	108	37	117	38	113	39	111	40	104	41	104	42	103	43	119	44	113	45	114	46	120	47	103	48	117	49	113	
	0	119	1	104	2	103	3	115	4	112	5	109	6	108	7	113	8	109	9	104	10	105	11	105	12	117	13	111	14	108	15	105	16	105	17	111	18	103	19	105	20	120	21	110	22	113	23	102	24	116	25	119	26	119	27	117	28	104	29	105	30	108	31	116	32	101	33	116	34	111	35	107	36	120	37	109	38	117	39	114	40	100	41	120	42	114	43	118	44	112	45	108	46	113	47	102	48	114	49	102	
	0	112	1	102	2	116	3	111	4	119	5	104	6	112	7	107	8	111	9	107	10	101	11	113	12	117	13	104	14	101	15	114	16	112	17	102	18	104	19	120	20	104	21	114	22	112	23	113	24	119	25	112	26	113	27	101	28	111	29	114	30	111	31	119	32	103	33	103	34	108	35	116	36	104	37	115	38	113	39	119	40	103	41	117	42	102	43	116	44	102	45	104	46	120	47	105	48	113	49	116	
	0	105	1	110	2	116	3	107	4	113	5	114	6	108	7	100	8	115	9	101	10	114	11	112	12	101	13	120	14	100	15	118	16	118	17	117	18	103	19	100	20	110	21	116	22	115	23	120	24	111	25	105	26	113	27	103	28	118	29	107	30	114	31	109	32	120	33	113	34	102	35	102	36	101	37	114	38	117	39	118	40	118	41	120	42	102	43	114	44	101	45	109	46	119	47	113	48	111	49	109	
	0	116	1	111	2	104	3	117	4	112	5	120	6	108	7	107	8	102	9	105	10	110	11	106	12	110	13	114	14	108	15	100	16	105	17	106	18	107	19	104	20	110	21	103	22	119	23	115	24	101	25	105	26	108	27	113	28	114	29	116	30	101	31	108	32	103	33	119	34	111	35	112	36	120	37	103	38	114	39	116	40	112	41	104	42	100	43	120	44	117	45	107	46	117	47	112	48	119	49	103	
	0	100	1	102	2	117	3	116	4	111	5	115	6	108	7	109	8	114	9	100	10	107	11	105	12	110	13	104	14	102	15	115	16	106	17	103	18	116	19	110	20	114	21	113	22	113	23	106	24	111	25	101	26	109	27	104	28	105	29	105	30	119	31	113	32	118	33	112	34	109	35	115	36	117	37	119	38	116	39	120	40	107	41	102	42	109	43	113	44	118	45	120	46	100	47	115	48	109	49	116	
	0	116	1	107	2	102	3	103	4	107	5	117	6	112	7	105	8	105	9	117	10	109	11	110	12	101	13	116	14	105	15	110	16	113	17	118	18	120	19	112	20	111	21	119	22	106	23	116	24	114	25	120	26	101	27	104	28	106	29	119	30	100	31	113	32	114	33	116	34	106	35	116	36	107	37	109	38	110	39	108	40	115	41	110	42	119	43	113	44	109	45	116	46	111	47	103	48	116	49	114	
	0	111	1	114	2	113	3	109	4	101	5	109	6	109	7	100	8	114	9	109	10	112	11	106	12	118	13	111	14	117	15	115	16	115	17	118	18	108	19	100	20	116	21	101	22	106	23	108	24	110	25	106	26	112	27	105	28	101	29	113	30	109	31	114	32	118	33	107	34	111	35	114	36	114	37	104	38	107	39	117	40	105	41	100	42	113	43	102	44	108	45	117	46	103	47	103	48	101	49	116	
	0	100	1	104	2	107	3	116	4	113	5	113	6	113	7	117	8	113	9	105	10	119	11	113	12	104	13	103	14	103	15	119	16	110	17	118	18	102	19	101	20	106	21	114	22	108	23	109	24	120	25	113	26	110	27	110	28	119	29	107	30	116	31	111	32	111	33	101	34	107	35	109	36	115	37	116	38	118	39	106	40	115	41	103	42	112	43	120	44	113	45	114	46	108	47	106	48	115	49	120	
	0	116	1	117	2	101	3	107	4	104	5	106	6	116	7	108	8	107	9	110	10	115	11	110	12	110	13	102	14	100	15	102	16	114	17	105	18	110	19	111	20	116	21	101	22	120	23	103	24	116	25	120	26	117	27	112	28	109	29	111	30	101	31	112	32	112	33	116	34	104	35	115	36	113	37	101	38	112	39	113	40	120	41	104	42	120	43	113	44	109	45	107	46	116	47	108	48	110	49	117	
	0	100	1	117	2	113	3	106	4	119	5	102	6	111	7	118	8	116	9	101	10	109	11	100	12	107	13	105	14	103	15	117	16	113	17	120	18	120	19	104	20	101	21	117	22	115	23	113	24	109	25	106	26	113	27	118	28	117	29	119	30	105	31	101	32	104	33	116	34	102	35	102	36	109	37	105	38	103	39	117	40	108	41	113	42	117	43	102	44	109	45	118	46	111	47	119	48	106	49	102	
	0	114	1	104	2	105	3	112	4	104	5	114	6	111	7	116	8	120	9	105	10	111	11	117	12	108	13	100	14	104	15	117	16	111	17	104	18	101	19	119	20	115	21	115	22	117	23	120	24	114	25	102	26	102	27	114	28	114	29	108	30	104	31	111	32	101	33	112	34	120	35	109	36	109	37	104	38	110	39	105	40	103	41	120	42	102	43	114	44	103	45	115	46	119	47	104	48	101	49	101	
	0	107	1	116	2	111	3	101	4	117	5	112	6	115	7	106	8	104	9	106	10	108	11	105	12	112	13	109	14	105	15	112	16	109	17	117	18	100	19	115	20	106	21	108	22	116	23	111	24	107	25	107	26	116	27	109	28	119	29	118	30	116	31	101	32	104	33	120	34	118	35	108	36	118	37	103	38	105	39	117	40	110	41	102	42	101	43	105	44	112	45	102	46	105	47	104	48	117	49	105	
	0	101	1	106	2	115	3	107	4	111	5	118	6	106	7	109	8	112	9	115	10	115	11	107	12	103	13	117	14	119	15	116	16	109	17	111	18	120	19	119	20	110	21	118	22	113	23	114	24	115	25	105	26	104	27	110	28	119	29	118	30	101	31	106	32	109	33	111	34	117	35	100	36	102	37	116	38	120	39	101	40	113	41	107	42	110	43	100	44	115	45	107	46	101	47	107	48	111	49	117	
	0	108	1	106	2	120	3	112	4	106	5	116	6	105	7	100	8	118	9	114	10	107	11	102	12	115	13	116	14	119	15	108	16	111	17	108	18	112	19	118	20	101	21	119	22	113	23	115	24	103	25	113	26	104	27	116	28	106	29	110	30	112	31	102	32	105	33	114	34	105	35	117	36	105	37	105	38	100	39	104	40	120	41	110	42	107	43	105	44	107	45	118	46	118	47	114	48	103	49	120	
	0	114	1	104	2	100	3	115	4	118	5	107	6	100	7	117	8	112	9	114	10	112	11	120	12	112	13	112	14	101	15	106	16	110	17	118	18	117	19	115	20	100	21	119	22	117	23	111	24	118	25	105	26	106	27	106	28	101	29	114	30	116	31	108	32	115	33	120	34	119	35	105	36	111	37	117	38	115	39	115	40	105	41	100	42	105	43	115	44	104	45	101	46	117	47	108	48	103	49	117	
	0	109	1	100	2	113	3	117	4	118	5	118	6	107	7	112	8	105	9	113	10	112	11	102	12	111	13	111	14	106	15	100	16	106	17	101	18	101	19	111	20	116	21	103	22	103	23	110	24	101	25	117	26	100	27	117	28	113	29	103	30	110	31	108	32	103	33	104	34	103	35	103	36	105	37	118	38	119	39	108	40	119	41	117	42	106	43	100	44	117	45	111	46	108	47	119	48	110	49	102	
	0	103	1	102	2	105	3	116	4	110	5	102	6	118	7	112	8	112	9	111	10	114	11	102	12	109	13	108	14	105	15	109	16	110	17	119	18	100	19	104	20	115	21	108	22	102	23	100	24	111	25	102	26	100	27	100	28	108	29	114	30	105	31	106	32	115	33	113	34	105	35	117	36	104	37	115	38	112	39	105	40	117	41	110	42	108	43	103	44	108	45	110	46	108	47	111	48	117	49	109	
	0	112	1	103	2	111	3	116	4	105	5	108	6	100	7	103	8	104	9	112	10	102	11	107	12	105	13	110	14	100	15	119	16	109	17	102	18	105	19	118	20	114	21	114	22	120	23	106	24	100	25	104	26	110	27	120	28	100	29	119	30	110	31	108	32	101	33	114	34	105	35	114	36	111	37	112	38	112	39	102	40	112	41	118	42	116	43	120	44	107	45	114	46	105	47	114	48	113	49	111	
	0	115	1	118	2	108	3	102	4	115	5	109	6	113	7	104	8	103	9	101	10	106	11	105	12	118	13	107	14	101	15	114	16	102	17	106	18	107	19	117	20	104	21	100	22	113	23	120	24	109	25	111	26	107	27	120	28	105	29	105	30	112	31	109	32	114	33	106	34	118	35	110	36	111	37	104	38	110	39	104	40	111	41	108	42	103	43	119	44	116	45	111	46	101	47	102	48	113	49	111	
	0	113	1	115	2	101	3	115	4	114	5	104	6	119	7	115	8	117	9	105	10	110	11	120	12	112	13	119	14	104	15	119	16	112	17	115	18	112	19	112	20	103	21	111	22	101	23	117	24	100	25	118	26	111	27	120	28	109	29	119	30	108	31	100	32	114	33	101	34	108	35	114	36	111	37	117	38	111	39	114	40	105	41	116	42	109	43	103	44	106	45	120	46	103	47	114	48	109	49	101	
	0	118	1	110	2	109	3	115	4	104	5	101	6	100	7	119	8	103	9	104	10	106	11	107	12	113	13	114	14	101	15	113	16	113	17	107	18	105	19	105	20	112	21	107	22	108	23	115	24	113	25	100	26	106	27	109	28	102	29	105	30	111	31	107	32	116	33	118	34	116	35	104	36	113	37	101	38	120	39	113	40	100	41	111	42	105	43	104	44	111	45	101	46	117	47	119	48	109	49	119	
	0	110	1	107	2	120	3	118	4	116	5	103	6	114	7	100	8	117	9	118	10	116	11	118	12	118	13	106	14	107	15	101	16	102	17	108	18	107	19	116	20	108	21	111	22	103	23	110	24	110	25	101	26	103	27	120	28	114	29	119	30	112	31	101	32	105	33	116	34	118	35	101	36	107	37	113	38	102	39	102	40	113	41	100	42	108	43	116	44	107	45	106	46	104	47	115	48	111	49	120	
	0	120	1	109	2	118	3	117	4	113	5	105	6	108	7	118	8	100	9	112	10	106	11	111	12	118	13	102	14	113	15	118	16	101	17	101	18	100	19	112	20	117	21	117	22	105	23	102	24	111	25	117	26	102	27	108	28	102	29	120	30	120	31	106	32	117	33	116	34	105	35	102	36	109	37	104	38	102	39	100	40	112	41	102	42	119	43	117	44	102	45	100	46	112	47	107	48	103	49	106	
	0	120	1	112	2	103	3	117	4	100	5	110	6	109	7	114	8	114	9	105	10	110	11	120	12	117	13	115	14	106	15	113	16	116	17	120	18	101	19	116	20	104	21	108	22	100	23	112	24	119	25	107	26	108	27	101	28	116	29	114	30	100	31	119	32	116	33	103	34	109	35	115	36	115	37	116	38	108	39	104	40	100	41	109	42	119	43	102	44	115	45	111	46	100	47	106	48	111	49	120	
	0	117	1	114	2	106	3	113	4	116	5	105	6	110	7	108	8	109	9	115	10	115	11	116	12	100	13	113	14	102	15	113	16	113	17	115	18	119	19	106	20	118	21	109	22	120	23	120	24	120	25	118	26	108	27	102	28	100	29	115	30	100	31	105	32	114	33	119	34	110	35	113	36	109	37	105	38	120	39	117	40	101	41	101	42	102	43	104	44	101	45	106	46	105	47	115	48	115	49	114	
	0	105	1	109	2	110	3	102	4	106	5	111	6	104	7	114	8	104	9	115	10	112	11	115	12	120	13	112	14	100	15	117	16	110	17	100	18	118	19	110	20	107	21	101	22	120	23	107	24	100	25	113	26	102	27	104	28	119	29	101	30	109	31	101	32	108	33	103	34	108	35	101	36	103	37	107	38	112	39	112	40	115	41	119	42	101	43	106	44	118	45	110	46	109	47	108	48	107	49	100	
	0	107	1	119	2	120	3	117	4	110	5	105	6	104	7	115	8	117	9	119	10	115	11	120	12	119	13	118	14	118	15	101	16	105	17	102	18	108	19	112	20	104	21	117	22	109	23	112	24	110	25	110	26	107	27	116	28	105	29	111	30	105	31	118	32	111	33	108	34	101	35	115	36	113	37	118	38	119	39	120	40	101	41	106	42	108	43	113	44	109	45	103	46	111	47	108	48	118	49	108	
	0	104	1	114	2	105	3	105	4	107	5	115	6	107	7	112	8	102	9	105	10	105	11	107	12	105	13	102	14	101	15	110	16	114	17	119	18	103	19	108	20	120	21	118	22	103	23	105	24	107	25	101	26	118	27	106	28	114	29	107	30	111	31	105	32	100	33	115	34	113	35	120	36	109	37	110	38	107	39	119	40	101	41	108	42	101	43	110	44	112	45	109	46	117	47	114	48	111	49	104	
	0	100	1	110	2	117	3	113	4	107	5	103	6	110	7	106	8	111	9	103	10	105	11	119	12	118	13	116	14	104	15	110	16	120	17	112	18	102	19	113	20	112	21	107	22	108	23	115	24	105	25	119	26	109	27	101	28	113	29	112	30	120	31	113	32	119	33	112	34	102	35	117	36	111	37	119	38	112	39	112	40	108	41	120	42	109	43	119	44	111	45	114	46	105	47	104	48	115	49	116	
	0	118	1	116	2	117	3	118	4	115	5	110	6	108	7	102	8	117	9	102	10	120	11	119	12	112	13	111	14	110	15	110	16	106	17	102	18	107	19	109	20	118	21	106	22	107	23	114	24	110	25	108	26	115	27	110	28	116	29	106	30	108	31	113	32	117	33	104	34	106	35	110	36	118	37	117	38	119	39	110	40	100	41	101	42	110	43	107	44	117	45	112	46	115	47	113	48	114	49	101	
	0	104	1	113	2	102	3	120	4	112	5	103	6	119	7	106	8	120	9	109	10	120	11	117	12	101	13	105	14	115	15	115	16	114	17	109	18	120	19	120	20	115	21	119	22	113	23	107	24	112	25	117	26	113	27	106	28	110	29	105	30	107	31	101	32	108	33	116	34	101	35	112	36	104	37	109	38	108	39	108	40	108	41	109	42	115	43	106	44	114	45	120	46	103	47	101	48	113	49	100	
	0	106	1	112	2	118	3	110	4	108	5	119	6	113	7	118	8	118	9	113	10	113	11	106	12	107	13	105	14	104	15	119	16	110	17	114	18	106	19	109	20	120	21	108	22	108	23	120	24	117	25	109	26	101	27	113	28	109	29	114	30	116	31	112	32	106	33	101	34	110	35	114	36	102	37	107	38	118	39	100	40	117	41	120	42	114	43	119	44	108	45	115	46	102	47	108	48	102	49	101	
	0	120	1	116	2	101	3	107	4	101	5	116	6	100	7	102	8	116	9	100	10	100	11	114	12	114	13	101	14	115	15	109	16	114	17	109	18	111	19	106	20	117	21	119	22	116	23	111	24	116	25	109	26	106	27	113	28	120	29	111	30	111	31	111	32	108	33	116	34	115	35	110	36	103	37	102	38	103	39	118	40	103	41	114	42	118	43	112	44	115	45	108	46	113	47	115	48	107	49	117	
	0	115	1	118	2	119	3	113	4	111	5	116	6	107	7	110	8	110	9	112	10	102	11	119	12	117	13	103	14	106	15	105	16	117	17	116	18	107	19	113	20	105	21	101	22	102	23	106	24	112	25	110	26	116	27	120	28	105	29	101	30	114	31	119	32	120	33	106	34	113	35	111	36	118	37	115	38	103	39	101	40	115	41	115	42	116	43	103	44	105	45	114	46	104	47	112	48	115	49	107	
	0	106	1	111	2	108	3	103	4	109	5	109	6	102	7	104	8	117	9	118	10	101	11	103	12	107	13	110	14	110	15	110	16	107	17	118	18	109	19	102	20	101	21	116	22	107	23	104	24	108	25	112	26	106	27	119	28	107	29	106	30	107	31	103	32	120	33	105	34	104	35	113	36	106	37	113	38	107	39	120	40	103	41	120	42	118	43	104	44	119	45	119	46	109	47	107	48	101	49	104	
	0	102	1	107	2	117	3	111	4	120	5	101	6	116	7	113	8	120	9	111	10	100	11	103	12	102	13	114	14	102	15	114	16	104	17	108	18	110	19	119	20	103	21	110	22	102	23	110	24	107	25	104	26	103	27	117	28	110	29	118	30	120	31	111	32	104	33	113	34	115	35	105	36	109	37	105	38	106	39	108	40	105	41	106	42	102	43	105	44	111	45	109	46	113	47	113	48	103	49	112	
	0	107	1	114	2	118	3	113	4	115	5	109	6	110	7	104	8	102	9	101	10	102	11	118	12	104	13	110	14	116	15	114	16	115	17	100	18	116	19	119	20	103	21	118	22	114	23	120	24	106	25	120	26	112	27	105	28	115	29	107	30	101	31	110	32	110	33	120	34	111	35	103	36	104	37	117	38	110	39	116	40	112	41	103	42	102	43	107	44	119	45	117	46	105	47	106	48	120	49	118	
	0	107	1	115	2	115	3	102	4	115	5	101	6	113	7	116	8	113	9	116	10	100	11	120	12	118	13	111	14	118	15	104	16	103	17	103	18	115	19	101	20	100	21	115	22	102	23	108	24	106	25	111	26	107	27	118	28	102	29	119	30	113	31	106	32	103	33	118	34	108	35	100	36	102	37	117	38	106	39	107	40	100	41	117	42	116	43	105	44	101	45	110	46	110	47	115	48	105	49	116	
	0	115	1	111	2	100	3	109	4	114	5	114	6	120	7	110	8	109	9	107	10	117	11	111	12	115	13	112	14	113	15	119	16	112	17	107	18	118	19	101	20	102	21	101	22	107	23	118	24	104	25	117	26	109	27	106	28	116	29	120	30	119	31	118	32	112	33	100	34	100	35	113	36	102	37	116	38	111	39	120	40	103	41	114	42	102	43	101	44	100	45	102	46	103	47	107	48	111	49	103	
	0	120	1	100	2	101	3	105	4	113	5	107	6	101	7	104	8	117	9	100	10	118	11	110	12	113	13	107	14	100	15	103	16	102	17	101	18	112	19	117	20	108	21	117	22	101	23	110	24	106	25	107	26	110	27	106	28	100	29	112	30	104	31	117	32	110	33	116	34	114	35	105	36	117	37	115	38	104	39	109	40	110	41	119	42	116	43	119	44	118	45	103	46	102	47	120	48	107	49	115	
	0	110	1	108	2	109	3	104	4	117	5	115	6	108	7	108	8	104	9	108	10	113	11	112	12	101	13	116	14	119	15	111	16	107	17	111	18	110	19	117	20	118	21	105	22	120	23	114	24	109	25	116	26	110	27	116	28	107	29	104	30	111	31	112	32	118	33	110	34	109	35	119	36	110	37	109	38	117	39	101	40	106	41	111	42	114	43	100	44	104	45	109	46	100	47	119	48	107	49	113	
	0	118	1	105	2	104	3	117	4	108	5	117	6	107	7	108	8	103	9	110	10	113	11	108	12	103	13	102	14	103	15	104	16	118	17	102	18	115	19	110	20	109	21	106	22	106	23	109	24	110	25	101	26	106	27	111	28	104	29	109	30	109	31	100	32	108	33	106	34	119	35	115	36	105	37	114	38	106	39	106	40	115	41	115	42	113	43	118	44	109	45	106	46	108	47	111	48	101	49	110	
	0	111	1	119	2	107	3	104	4	102	5	106	6	100	7	116	8	114	9	101	10	101	11	114	12	108	13	116	14	119	15	117	16	114	17	115	18	115	19	102	20	111	21	105	22	113	23	114	24	104	25	113	26	117	27	102	28	102	29	106	30	107	31	116	32	120	33	110	34	101	35	109	36	117	37	116	38	103	39	103	40	108	41	101	42	103	43	103	44	103	45	106	46	117	47	101	48	113	49	119	
	0	105	1	118	2	109	3	102	4	106	5	108	6	106	7	101	8	104	9	118	10	119	11	105	12	113	13	119	14	110	15	120	16	118	17	101	18	102	19	114	20	104	21	115	22	105	23	102	24	114	25	111	26	111	27	119	28	117	29	119	30	110	31	115	32	100	33	114	34	107	35	117	36	102	37	111	38	108	39	103	40	101	41	109	42	100	43	120	44	112	45	100	46	105	47	112	48	119	49	117	
	0	102	1	117	2	117	3	101	4	118	5	111	6	101	7	111	8	109	9	119	10	115	11	113	12	106	13	113	14	100	15	119	16	110	17	114	18	114	19	103	20	104	21	119	22	106	23	113	24	106	25	115	26	107	27	103	28	102	29	101	30	101	31	118	32	106	33	119	34	101	35	113	36	104	37	113	38	102	39	114	40	116	41	111	42	111	43	113	44	104	45	120	46	100	47	113	48	113	49	106	
	0	116	1	117	2	116	3	108	4	112	5	101	6	111	7	104	8	120	9	103	10	113	11	109	12	108	13	113	14	118	15	119	16	115	17	102	18	107	19	103	20	119	21	113	22	115	23	114	24	118	25	105	26	119	27	107	28	116	29	119	30	102	31	101	32	116	33	103	34	117	35	112	36	110	37	116	38	112	39	104	40	109	41	120	42	102	43	105	44	108	45	110	46	113	47	109	48	104	49	114	
	0	114	1	113	2	100	3	111	4	116	5	105	6	110	7	110	8	106	9	103	10	113	11	118	12	108	13	117	14	115	15	111	16	107	17	108	18	113	19	105	20	120	21	105	22	117	23	100	24	106	25	112	26	117	27	116	28	111	29	120	30	117	31	109	32	117	33	113	34	111	35	106	36	108	37	100	38	111	39	102	40	110	41	101	42	120	43	110	44	100	45	107	46	110	47	110	48	104	49	120	
	0	104	1	102	2	111	3	113	4	107	5	113	6	114	7	111	8	106	9	100	10	108	11	116	12	100	13	117	14	107	15	105	16	113	17	120	18	102	19	101	20	102	21	118	22	120	23	114	24	118	25	106	26	111	27	108	28	117	29	110	30	107	31	102	32	105	33	120	34	100	35	106	36	102	37	113	38	101	39	104	40	105	41	111	42	117	43	114	44	103	45	106	46	103	47	113	48	104	49	118	
	0	119	1	112	2	107	3	118	4	105	5	120	6	100	7	113	8	114	9	114	10	100	11	102	12	119	13	112	14	118	15	112	16	110	17	118	18	120	19	109	20	106	21	119	22	100	23	118	24	100	25	108	26	106	27	117	28	117	29	107	30	114	31	104	32	103	33	120	34	115	35	108	36	106	37	114	38	118	39	119	40	104	41	110	42	109	43	105	44	103	45	100	46	120	47	106	48	115	49	108	
	0	110	1	117	2	107	3	119	4	117	5	112	6	116	7	113	8	114	9	113	10	115	11	113	12	108	13	107	14	113	15	105	16	102	17	118	18	106	19	112	20	120	21	117	22	107	23	111	24	110	25	118	26	111	27	118	28	114	29	102	30	106	31	101	32	113	33	107	34	113	35	101	36	106	37	114	38	114	39	111	40	112	41	110	42	102	43	106	44	117	45	101	46	100	47	103	48	114	49	120	
	0	104	1	103	2	106	3	118	4	116	5	112	6	113	7	115	8	107	9	107	10	116	11	105	12	111	13	117	14	103	15	109	16	116	17	110	18	100	19	113	20	119	21	106	22	107	23	117	24	120	25	119	26	118	27	113	28	113	29	114	30	108	31	108	32	107	33	110	34	101	35	116	36	109	37	100	38	104	39	103	40	100	41	106	42	120	43	101	44	114	45	114	46	110	47	107	48	105	49	116	
	0	102	1	111	2	103	3	110	4	104	5	102	6	114	7	114	8	102	9	116	10	109	11	119	12	104	13	102	14	109	15	109	16	117	17	120	18	118	19	112	20	108	21	100	22	110	23	101	24	112	25	105	26	105	27	110	28	101	29	105	30	100	31	102	32	114	33	114	34	106	35	111	36	100	37	109	38	115	39	113	40	112	41	112	42	118	43	115	44	113	45	107	46	106	47	103	48	101	49	116	
	0	117	1	119	2	101	3	113	4	109	5	110	6	101	7	100	8	111	9	117	10	113	11	108	12	115	13	110	14	101	15	114	16	106	17	101	18	111	19	116	20	111	21	109	22	119	23	119	24	107	25	114	26	118	27	118	28	110	29	112	30	110	31	112	32	112	33	105	34	103	35	108	36	111	37	115	38	111	39	102	40	104	41	111	42	103	43	112	44	108	45	110	46	118	47	118	48	117	49	111	
	0	102	1	114	2	113	3	101	4	120	5	117	6	110	7	117	8	119	9	103	10	116	11	119	12	112	13	117	14	106	15	119	16	102	17	118	18	109	19	111	20	110	21	100	22	102	23	112	24	106	25	111	26	119	27	106	28	105	29	111	30	102	31	120	32	114	33	120	34	117	35	100	36	105	37	115	38	116	39	104	40	102	41	113	42	100	43	109	44	111	45	102	46	110	47	117	48	105	49	118	
	0	120	1	106	2	101	3	118	4	105	5	100	6	108	7	118	8	118	9	113	10	103	11	118	12	114	13	102	14	113	15	108	16	107	17	116	18	107	19	102	20	106	21	100	22	109	23	114	24	113	25	101	26	120	27	110	28	102	29	106	30	115	31	119	32	114	33	111	34	117	35	101	36	105	37	102	38	101	39	113	40	105	41	111	42	115	43	120	44	102	45	107	46	104	47	112	48	101	49	113	
	0	108	1	114	2	115	3	117	4	115	5	119	6	114	7	118	8	100	9	115	10	107	11	109	12	110	13	120	14	117	15	117	16	112	17	116	18	115	19	117	20	111	21	106	22	103	23	119	24	112	25	112	26	112	27	116	28	120	29	102	30	112	31	119	32	117	33	114	34	113	35	118	36	101	37	120	38	119	39	103	40	105	41	108	42	110	43	107	44	102	45	110	46	111	47	101	48	117	49	110	
	0	119	1	116	2	116	3	117	4	113	5	116	6	106	7	117	8	100	9	120	10	120	11	101	12	119	13	115	14	112	15	118	16	118	17	116	18	118	19	113	20	111	21	109	22	113	23	108	24	100	25	104	26	110	27	118	28	114	29	103	30	109	31	119	32	106	33	115	34	102	35	115	36	106	37	101	38	102	39	113	40	120	41	102	42	119	43	114	44	108	45	107	46	110	47	106	48	113	49	110	
	0	100	1	120	2	103	3	105	4	116	5	101	6	120	7	105	8	103	9	103	10	117	11	102	12	110	13	116	14	101	15	120	16	107	17	113	18	111	19	120	20	109	21	108	22	114	23	100	24	102	25	101	26	102	27	105	28	113	29	118	30	108	31	109	32	120	33	101	34	110	35	110	36	101	37	119	38	118	39	111	40	112	41	110	42	106	43	113	44	114	45	113	46	105	47	113	48	108	49	118	