100 20 1
20
	0	56	1	64	2	37	3	97	4	65	5	45	6	28	7	24	8	98	9	75	10	87	11	45	12	51	13	86	14	61	15	38	16	84	17	42	18	73	19	13	
	0	15	1	53	2	27	3	85	4	30	5	71	6	87	7	64	8	79	9	60	10	11	11	92	12	54	13	27	14	23	15	40	16	12	17	48	18	69	19	51	
	0	57	1	25	2	82	3	57	4	14	5	96	6	17	7	93	8	35	9	47	10	100	11	12	12	19	13	15	14	73	15	82	16	50	17	81	18	32	19	78	
	0	24	1	88	2	65	3	66	4	61	5	75	6	79	7	37	8	83	9	81	10	64	11	12	12	62	13	94	14	32	15	21	16	81	17	44	18	82	19	82	
	0	94	1	94	2	18	3	85	4	12	5	19	6	36	7	34	8	57	9	13	10	99	11	79	12	89	13	73	14	35	15	73	16	70	17	52	18	32	19	69	
	0	89	1	13	2	12	3	86	4	76	5	44	6	20	7	39	8	87	9	47	10	77	11	35	12	10	13	25	14	61	15	36	16	19	17	79	18	30	19	19	
	0	85	1	26	2	42	3	99	4	66	5	61	6	83	7	55	8	73	9	83	10	16	11	15	12	68	13	76	14	92	15	90	16	92	17	86	18	62	19	13	
	0	57	1	19	2	68	3	32	4	13	5	81	6	29	7	16	8	35	9	56	10	21	11	33	12	88	13	28	14	87	15	96	16	73	17	15	18	78	19	31	
	0	55	1	47	2	46	3	28	4	26	5	23	6	77	7	85	8	71	9	11	10	43	11	81	12	43	13	52	14	33	15	35	16	22	17	98	18	79	19	45	
	0	13	1	56	2	44	3	18	4	91	5	88	6	25	7	92	8	21	9	90	10	84	11	34	12	24	13	36	14	67	15	78	16	17	17	71	18	42	19	45	
	0	37	1	19	2	82	3	35	4	36	5	41	6	57	7	94	8	42	9	54	10	74	11	96	12	95	13	23	14	23	15	10	16	28	17	75	18	60	19	42	
	0	54	1	55	2	12	3	64	4	73	5	11	6	25	7	55	8	14	9	87	10	86	11	98	12	18	13	16	14	53	15	40	16	53	17	41	18	83	19	29	
	0	59	1	91	2	46	3	61	4	14	5	44	6	49	7	18	8	75	9	25	10	35	11	58	12	61	13	97	14	43	15	56	16	45	17	58	18	54	19	78	
	0	52	1	85	2	87	3	85	4	31	5	68	6	97	7	54	8	13	9	81	10	88	11	58	12	58	13	70	14	59	15	82	16	63	17	82	18	14	19	47	
	0	69	1	64	2	72	3	75	4	72	5	17	6	18	7	65	8	52	9	36	10	95	11	96	12	75	13	52	14	19	15	45	16	46	17	73	18	96	19	45	
	0	20	1	33	2	30	3	46	4	51	5	10	6	20	7	40	8	77	9	74	10	82	11	26	12	20	13	26	14	70	15	89	16	93	17	71	18	61	19	40	
	0	10	1	65	2	21	3	83	4	88	5	15	6	17	7	78	8	41	9	100	10	74	11	51	12	41	13	23	14	21	15	82	16	96	17	16	18	16	19	83	
	0	39	1	55	2	21	3	82	4	68	5	32	6	39	7	53	8	69	9	60	10	84	11	97	12	58	13	50	14	48	15	32	16	72	17	25	18	48	19	83	
	0	51	1	97	2	69	3	67	4	13	5	81	6	19	7	52	8	84	9	52	10	61	11	28	12	20	13	59	14	74	15	68	16	73	17	72	18	54	19	21	
	0	96	1	73	2	59	3	29	4	85	5	70	6	88	7	59	8	40	9	37	10	97	11	88	12	71	13	87	14	36	15	30	16	97	17	58	18	11	19	40	
	0	60	1	16	2	74	3	15	4	10	5	42	6	38	7	88	8	58	9	59	10	47	11	94	12	19	13	70	14	13	15	46	16	94	17	44	18	73	19	48	
	0	37	1	71	2	23	3	65	4	48	5	68	6	65	7	13	8	46	9	48	10	89	11	88	12	66	13	89	14	63	15	18	16	54	17	29	18	40	19	22	
	0	58	1	66	2	73	3	30	4	24	5	96	6	55	7	97	8	79	9	82	10	79	11	42	12	61	13	67	14	42	15	99	16	13	17	12	18	60	19	87	
	0	10	1	32	2	83	3	12	4	31	5	62	6	34	7	22	8	81	9	19	10	48	11	16	12	71	13	17	14	87	15	95	16	89	17	26	18	67	19	92	
	0	71	1	70	2	81	3	34	4	70	5	95	6	36	7	38	8	45	9	91	10	75	11	48	12	17	13	23	14	49	15	39	16	20	17	95	18	32	19	51	
	0	57	1	25	2	35	3	73	4	54	5	91	6	72	7	69	8	85	9	86	10	11	11	36	12	51	13	60	14	54	15	58	16	51	17	40	18	34	19	78	
	0	57	1	81	2	92	3	47	4	48	5	45	6	69	7	96	8	42	9	87	10	57	11	67	12	48	13	55	14	15	15	84	16	70	17	80	18	67	19	77	
	0	18	1	89	2	62	3	43	4	56	5	67	6	49	7	48	8	18	9	43	10	76	11	42	12	67	13	16	14	92	15	85	16	10	17	33	18	76	19	88	
	0	54	1	54	2	20	3	53	4	14	5	85	6	65	7	60	8	78	9	92	10	97	11	75	12	84	13	82	14	99	15	68	16	52	17	55	18	78	19	83	
	0	86	1	36	2	90	3	24	4	77	5	100	6	59	7	47	8	90	9	83	10	14	11	47	12	85	13	20	14	58	15	55	16	64	17	24	18	13	19	65	
	0	44	1	38	2	27	3	24	4	85	5	33	6	91	7	71	8	15	9	72	10	80	11	16	12	71	13	10	14	66	15	54	16	70	17	75	18	43	19	19	
	0	32	1	45	2	13	3	75	4	26	5	69	6	21	7	33	8	40	9	71	10	71	11	28	12	40	13	39	14	57	15	12	16	80	17	79	18	18	19	73	
	0	28	1	43	2	31	3	38	4	26	5	95	6	65	7	53	8	37	9	50	10	44	11	94	12	40	13	28	14	47	15	30	16	62	17	56	18	86	19	31	
	0	75	1	11	2	57	3	76	4	71	5	79	6	92	7	56	8	96	9	85	10	52	11	39	12	84	13	20	14	64	15	79	16	93	17	51	18	47	19	14	
	0	65	1	82	2	10	3	71	4	61	5	92	6	54	7	33	8	99	9	74	10	99	11	76	12	35	13	86	14	79	15	49	16	92	17	34	18	11	19	37	
	0	64	1	36	2	83	3	38	4	94	5	25	6	100	7	95	8	26	9	23	10	68	11	80	12	17	13	54	14	21	15	97	16	43	17	55	18	11	19	66	
	0	19	1	94	2	48	3	23	4	31	5	20	6	60	7	12	8	60	9	36	10	32	11	41	12	92	13	99	14	85	15	25	16	18	17	69	18	54	19	87	
	0	22	1	40	2	64	3	47	4	78	5	25	6	78	7	58	8	26	9	45	10	13	11	99	12	57	13	33	14	47	15	94	16	97	17	74	18	78	19	10	
	0	21	1	63	2	70	3	24	4	56	5	55	6	74	7	51	8	97	9	19	10	100	11	21	12	26	13	17	14	57	15	41	16	87	17	29	18	23	19	30	
	0	76	1	62	2	56	3	50	4	66	5	94	6	10	7	11	8	30	9	76	10	21	11	63	12	78	13	48	14	29	15	86	16	88	17	36	18	34	19	57	
	0	69	1	89	2	89	3	40	4	14	5	92	6	85	7	46	8	68	9	35	10	41	11	97	12	24	13	77	14	73	15	66	16	89	17	22	18	59	19	98	
	0	36	1	63	2	80	3	26	4	30	5	96	6	17	7	81	8	72	9	36	10	34	11	21	12	51	13	68	14	19	15	78	16	14	17	32	18	25	19	65	
	0	14	1	67	2	85	3	80	4	60	5	86	6	98	7	97	8	39	9	51	10	18	11	33	12	28	13	73	14	82	15	10	16	82	17	96	18	70	19	83	
	0	80	1	54	2	99	3	70	4	94	5	25	6	97	7	48	8	12	9	74	10	21	11	35	12	18	13	44	14	39	15	12	16	77	17	98	18	46	19	58	
	0	51	1	69	2	84	3	76	4	56	5	46	6	39	7	63	8	68	9	30	10	93	11	50	12	82	13	26	14	68	15	96	16	13	17	26	18	53	19	28	
	0	41	1	41	2	82	3	45	4	66	5	93	6	59	7	24	8	78	9	36	10	91	11	38	12	31	13	49	14	11	15	58	16	100	17	61	18	13	19	14	
	0	36	1	64	2	96	3	85	4	70	5	27	6	13	7	63	8	90	9	70	10	64	11	75	12	28	13	63	14	79	15	80	16	13	17	73	18	73	19	100	
	0	49	1	45	2	75	3	44	4	15	5	34	6	57	7	29	8	42	9	34	10	41	11	60	12	34	13	90	14	42	15	33	16	76	17	85	18	23	19	64	
	0	58	1	18	2	50	3	59	4	88	5	33	6	41	7	46	8	84	9	41	10	37	11	73	12	82	13	12	14	74	15	55	16	29	17	12	18	15	19	80	
	0	15	1	53	2	82	3	60	4	72	5	91	6	98	7	39	8	42	9	69	10	99	11	82	12	98	13	77	14	13	15	84	16	65	17	50	18	21	19	11	
	0	61	1	43	2	86	3	91	4	98	5	72	6	70	7	86	8	80	9	52	10	64	11	63	12	66	13	21	14	98	15	17	16	67	17	68	18	85	19	82	
	0	70	1	99	2	60	3	37	4	67	5	31	6	14	7	22	8	15	9	15	10	62	11	71	12	71	13	26	14	65	15	64	16	63	17	40	18	94	19	52	
	0	48	1	91	2	44	3	53	4	31	5	68	6	54	7	12	8	21	9	23	10	58	11	33	12	15	13	97	14	26	15	67	16	97	17	28	18	53	19	87	
	0	29	1	13	2	73	3	17	4	22	5	91	6	35	7	68	8	99	9	86	10	49	11	34	12	18	13	80	14	26	15	13	16	98	17	41	18	73	19	40	
	0	100	1	11	2	38	3	78	4	67	5	74	6	84	7	42	8	48	9	69	10	78	11	90	12	60	13	48	14	12	15	44	16	16	17	91	18	34	19	88	
	0	39	1	40	2	44	3	11	4	55	5	62	6	52	7	88	8	46	9	71	10	17	11	12	12	46	13	21	14	53	15	68	16	84	17	65	18	41	19	18	
	0	34	1	40	2	44	3	41	4	27	5	21	6	32	7	82	8	39	9	23	10	76	11	98	12	87	13	78	14	65	15	83	16	11	17	75	18	44	19	91	
	0	59	1	55	2	51	3	38	4	52	5	46	6	70	7	18	8	59	9	44	10	99	11	21	12	35	13	17	14	40	15	23	16	53	17	77	18	72	19	89	
	0	27	1	68	2	18	3	40	4	54	5	64	6	78	7	31	8	20	9	68	10	40	11	51	12	15	13	98	14	67	15	49	16	76	17	32	18	83	19	94	
	0	24	1	80	2	34	3	53	4	98	5	94	6	35	7	33	8	58	9	14	10	19	11	43	12	86	13	47	14	18	15	79	16	63	17	96	18	59	19	95	
	0	81	1	43	2	61	3	10	4	79	5	18	6	69	7	97	8	29	9	80	10	49	11	57	12	89	13	34	14	40	15	50	16	19	17	69	18	37	19	57	
	0	44	1	74	2	47	3	51	4	67	5	94	6	28	7	39	8	81	9	89	10	69	11	64	12	62	13	77	14	54	15	60	16	81	17	60	18	48	19	64	
	0	69	1	37	2	29	3	90	4	18	5	15	6	39	7	19	8	71	9	50	10	50	11	10	12	95	13	24	14	49	15	61	16	56	17	28	18	11	19	59	
	0	34	1	79	2	13	3	15	4	39	5	43	6	98	7	78	8	11	9	25	10	61	11	66	12	30	13	53	14	53	15	64	16	35	17	52	18	44	19	28	
	0	43	1	79	2	68	3	62	4	96	5	70	6	23	7	78	8	24	9	20	10	90	11	18	12	54	13	98	14	44	15	81	16	64	17	57	18	30	19	16	
	0	68	1	44	2	79	3	72	4	37	5	55	6	39	7	67	8	49	9	12	10	90	11	90	12	88	13	100	14	76	15	93	16	72	17	17	18	84	19	44	
	0	33	1	49	2	32	3	15	4	88	5	77	6	55	7	80	8	55	9	79	10	36	11	77	12	69	13	48	14	91	15	48	16	17	17	26	18	76	19	24	
	0	55	1	49	2	42	3	40	4	59	5	72	6	98	7	45	8	29	9	53	10	42	11	94	12	41	13	78	14	41	15	15	16	48	17	85	18	87	19	54	
	0	21	1	21	2	56	3	42	4	41	5	65	6	20	7	52	8	11	9	46	10	12	11	30	12	72	13	81	14	95	15	23	16	30	17	25	18	99	19	43	
	0	47	1	51	2	47	3	34	4	54	5	80	6	14	7	41	8	84	9	59	10	33	11	76	12	61	13	80	14	45	15	33	16	21	17	49	18	33	19	44	
	0	44	1	100	2	17	3	68	4	31	5	45	6	93	7	95	8	42	9	18	10	99	11	47	12	23	13	51	14	37	15	99	16	83	17	16	18	52	19	43	
	0	11	1	36	2	25	3	15	4	31	5	84	6	98	7	57	8	29	9	19	10	23	11	14	12	11	13	26	14	74	15	48	16	73	17	41	18	80	19	85	
	0	60	1	53	2	58	3	13	4	37	5	16	6	53	7	65	8	23	9	87	10	13	11	41	12	75	13	14	14	31	15	50	16	30	17	36	18	84	19	59	
	0	34	1	38	2	83	3	99	4	26	5	75	6	66	7	84	8	38	9	16	10	55	11	82	12	36	13	81	14	34	15	15	16	100	17	50	18	20	19	88	
	0	78	1	96	2	72	3	55	4	48	5	85	6	65	7	91	8	86	9	83	10	68	11	95	12	96	13	97	14	21	15	40	16	63	17	72	18	20	19	57	
	0	48	1	14	2	39	3	52	4	55	5	58	6	62	7	12	8	59	9	41	10	46	11	51	12	60	13	80	14	23	15	14	16	58	17	70	18	27	19	46	
	0	40	1	25	2	32	3	72	4	60	5	48	6	12	7	94	8	83	9	72	10	74	11	87	12	20	13	100	14	38	15	62	16	90	17	92	18	91	19	33	
	0	73	1	73	2	73	3	87	4	74	5	33	6	32	7	15	8	85	9	56	10	50	11	94	12	56	13	58	14	53	15	38	16	100	17	15	18	61	19	12	
	0	40	1	10	2	54	3	69	4	36	5	93	6	59	7	56	8	46	9	43	10	40	11	12	12	88	13	61	14	37	15	98	16	30	17	80	18	21	19	39	
	0	74	1	72	2	51	3	100	4	31	5	67	6	99	7	85	8	90	9	93	10	90	11	83	12	76	13	33	14	97	15	20	16	46	17	43	18	30	19	71	
	0	10	1	85	2	93	3	100	4	85	5	88	6	64	7	82	8	23	9	91	10	46	11	88	12	19	13	41	14	16	15	39	16	70	17	85	18	48	19	63	
	0	41	1	24	2	66	3	48	4	17	5	43	6	77	7	77	8	69	9	12	10	33	11	97	12	100	13	95	14	21	15	100	16	84	17	85	18	67	19	79	
	0	97	1	89	2	49	3	51	4	68	5	99	6	19	7	63	8	13	9	84	10	10	11	24	12	93	13	68	14	57	15	94	16	20	17	83	18	100	19	24	
	0	54	1	53	2	33	3	69	4	30	5	25	6	69	7	57	8	53	9	20	10	88	11	27	12	99	13	75	14	54	15	79	16	10	17	60	18	94	19	38	
	0	71	1	91	2	10	3	84	4	46	5	94	6	33	7	17	8	25	9	40	10	38	11	31	12	32	13	94	14	12	15	28	16	88	17	77	18	46	19	82	
	0	71	1	99	2	27	3	49	4	83	5	46	6	65	7	19	8	43	9	35	10	27	11	33	12	25	13	58	14	96	15	28	16	27	17	87	18	19	19	27	
	0	58	1	57	2	29	3	66	4	41	5	70	6	79	7	87	8	22	9	71	10	92	11	100	12	12	13	93	14	24	15	75	16	50	17	100	18	35	19	18	
	0	91	1	89	2	22	3	39	4	87	5	94	6	20	7	44	8	22	9	41	10	66	11	79	12	68	13	91	14	97	15	66	16	61	17	78	18	53	19	95	
	0	16	1	41	2	100	3	80	4	83	5	94	6	36	7	43	8	65	9	44	10	14	11	26	12	100	13	65	14	43	15	44	16	28	17	88	18	64	19	21	
	0	58	1	34	2	98	3	39	4	71	5	31	6	31	7	18	8	49	9	42	10	65	11	17	12	20	13	34	14	55	15	12	16	84	17	81	18	26	19	43	
	0	33	1	27	2	83	3	43	4	18	5	33	6	92	7	60	8	73	9	68	10	89	11	66	12	46	13	84	14	67	15	25	16	23	17	42	18	44	19	33	
	0	12	1	77	2	94	3	23	4	42	5	10	6	65	7	73	8	31	9	81	10	33	11	66	12	91	13	41	14	42	15	13	16	49	17	48	18	72	19	75	
	0	72	1	32	2	13	3	72	4	89	5	74	6	12	7	48	8	80	9	27	10	16	11	58	12	24	13	66	14	68	15	79	16	58	17	52	18	88	19	47	
	0	63	1	40	2	69	3	80	4	34	5	74	6	59	7	68	8	52	9	59	10	86	11	29	12	33	13	99	14	19	15	53	16	62	17	18	18	30	19	43	
	0	77	1	66	2	57	3	21	4	28	5	26	6	43	7	34	8	27	9	88	10	19	11	84	12	43	13	38	14	13	15	62	16	92	17	80	18	42	19	89	
	0	62	1	60	2	73	3	73	4	91	5	83	6	29	7	94	8	99	9	67	10	12	11	66	12	75	13	41	14	79	15	47	16	10	17	19	18	68	19	92	
	0	39	1	39	2	67	3	21	4	52	5	88	6	68	7	99	8	89	9	66	10	93	11	57	12	19	13	63	14	37	15	42	16	99	17	37	18	44	19	50	
	0	67	1	89	2	23	3	34	4	67	5	19	6	69	7	86	8	21	9	73	10	82	11	91	12	94	13	47	14	68	15	94	16	10	17	12	18	19	19	77	
	0	85	1	90	2	57	3	35	4	77	5	16	6	58	7	77	8	76	9	71	10	81	11	42	12	61	13	91	14	41	15	67	16	57	17	29	18	94	19	34	
	0	70	1	85	2	65	3	41	4	43	5	93	6	39	7	84	8	16	9	63	10	47	11	51	12	27	13	70	14	69	15	43	16	78	17	73	18	10	19	68	