100 20 1
20
	0	29	1	16	2	55	3	20	4	72	5	95	6	16	7	79	8	68	9	74	10	91	11	34	12	28	13	39	14	46	15	54	16	23	17	68	18	87	19	41	
	0	99	1	18	2	77	3	63	4	12	5	38	6	67	7	81	8	25	9	39	10	38	11	85	12	23	13	77	14	81	15	71	16	78	17	88	18	100	19	52	
	0	67	1	58	2	37	3	100	4	79	5	48	6	89	7	63	8	55	9	20	10	42	11	80	12	19	13	41	14	11	15	41	16	28	17	75	18	14	19	24	
	0	91	1	47	2	78	3	99	4	79	5	93	6	37	7	66	8	94	9	78	10	81	11	48	12	19	13	42	14	70	15	78	16	90	17	26	18	71	19	12	
	0	29	1	45	2	54	3	21	4	75	5	59	6	41	7	14	8	54	9	31	10	86	11	92	12	82	13	45	14	56	15	77	16	38	17	100	18	55	19	15	
	0	65	1	49	2	89	3	82	4	41	5	35	6	55	7	70	8	23	9	58	10	18	11	45	12	23	13	28	14	31	15	57	16	85	17	52	18	74	19	57	
	0	11	1	35	2	81	3	23	4	14	5	100	6	38	7	94	8	65	9	66	10	97	11	37	12	47	13	16	14	65	15	21	16	73	17	35	18	41	19	81	
	0	25	1	75	2	17	3	64	4	65	5	52	6	28	7	86	8	71	9	98	10	80	11	67	12	62	13	34	14	45	15	76	16	79	17	80	18	28	19	61	
	0	57	1	52	2	21	3	85	4	42	5	73	6	11	7	25	8	92	9	87	10	29	11	57	12	12	13	36	14	79	15	84	16	100	17	77	18	51	19	72	
	0	79	1	97	2	76	3	10	4	18	5	77	6	39	7	60	8	21	9	80	10	21	11	23	12	57	13	94	14	45	15	52	16	24	17	11	18	10	19	17	
	0	25	1	23	2	16	3	48	4	70	5	11	6	81	7	38	8	86	9	78	10	60	11	89	12	86	13	92	14	91	15	89	16	69	17	99	18	23	19	96	
	0	88	1	20	2	19	3	10	4	80	5	89	6	39	7	19	8	97	9	11	10	36	11	52	12	34	13	13	14	76	15	17	16	50	17	40	18	26	19	65	
	0	65	1	58	2	74	3	91	4	19	5	45	6	26	7	37	8	22	9	15	10	49	11	36	12	46	13	34	14	33	15	70	16	14	17	94	18	56	19	18	
	0	61	1	89	2	56	3	75	4	83	5	92	6	73	7	45	8	13	9	41	10	40	11	57	12	90	13	64	14	45	15	41	16	50	17	45	18	50	19	50	
	0	14	1	64	2	93	3	99	4	19	5	13	6	59	7	22	8	28	9	59	10	42	11	17	12	38	13	27	14	74	15	42	16	50	17	85	18	42	19	53	
	0	18	1	29	2	94	3	23	4	57	5	60	6	93	7	17	8	19	9	42	10	19	11	47	12	97	13	77	14	34	15	14	16	28	17	59	18	24	19	49	
	0	19	1	65	2	35	3	21	4	24	5	26	6	51	7	22	8	15	9	20	10	67	11	27	12	70	13	46	14	75	15	100	16	48	17	54	18	58	19	15	
	0	34	1	96	2	79	3	83	4	27	5	42	6	76	7	45	8	65	9	16	10	39	11	75	12	31	13	10	14	84	15	32	16	97	17	33	18	82	19	94	
	0	93	1	55	2	76	3	70	4	34	5	19	6	75	7	72	8	10	9	36	10	49	11	76	12	13	13	62	14	44	15	62	16	63	17	64	18	82	19	77	
	0	15	1	85	2	17	3	26	4	86	5	15	6	20	7	62	8	89	9	59	10	25	11	26	12	98	13	54	14	57	15	60	16	85	17	69	18	28	19	27	
	0	93	1	19	2	55	3	16	4	10	5	96	6	82	7	46	8	70	9	41	10	77	11	77	12	87	13	40	14	29	15	75	16	65	17	36	18	53	19	14	
	0	58	1	10	2	59	3	91	4	50	5	70	6	34	7	77	8	93	9	32	10	76	11	77	12	95	13	89	14	61	15	80	16	35	17	88	18	83	19	47	
	0	54	1	26	2	22	3	45	4	84	5	11	6	61	7	24	8	88	9	16	10	97	11	33	12	67	13	74	14	81	15	67	16	62	17	34	18	99	19	49	
	0	30	1	98	2	43	3	69	4	97	5	71	6	62	7	81	8	71	9	82	10	29	11	68	12	84	13	46	14	66	15	66	16	85	17	61	18	49	19	26	
	0	34	1	90	2	31	3	87	4	80	5	52	6	64	7	93	8	40	9	72	10	14	11	45	12	51	13	66	14	45	15	54	16	92	17	94	18	16	19	51	
	0	59	1	94	2	84	3	35	4	78	5	31	6	34	7	44	8	40	9	36	10	21	11	94	12	20	13	22	14	42	15	49	16	11	17	13	18	92	19	34	
	0	43	1	94	2	67	3	83	4	23	5	68	6	20	7	54	8	12	9	81	10	30	11	26	12	55	13	39	14	13	15	70	16	52	17	31	18	95	19	41	
	0	12	1	92	2	71	3	49	4	69	5	49	6	95	7	54	8	52	9	75	10	16	11	28	12	88	13	78	14	45	15	43	16	98	17	71	18	62	19	27	
	0	62	1	47	2	83	3	78	4	58	5	88	6	57	7	43	8	98	9	43	10	72	11	19	12	30	13	51	14	100	15	80	16	17	17	76	18	74	19	50	
	0	19	1	71	2	25	3	84	4	43	5	79	6	66	7	34	8	49	9	53	10	89	11	33	12	59	13	27	14	82	15	10	16	66	17	84	18	21	19	94	
	0	54	1	44	2	95	3	31	4	71	5	32	6	57	7	66	8	55	9	53	10	44	11	98	12	24	13	16	14	95	15	31	16	79	17	12	18	70	19	85	
	0	74	1	85	2	55	3	75	4	21	5	60	6	26	7	80	8	24	9	84	10	72	11	75	12	61	13	71	14	98	15	16	16	54	17	48	18	45	19	13	
	0	89	1	92	2	99	3	29	4	30	5	22	6	66	7	93	8	63	9	63	10	70	11	28	12	81	13	77	14	63	15	12	16	76	17	96	18	37	19	42	
	0	18	1	90	2	35	3	34	4	23	5	19	6	79	7	93	8	63	9	51	10	61	11	34	12	10	13	66	14	50	15	48	16	84	17	65	18	19	19	18	
	0	98	1	54	2	42	3	16	4	80	5	47	6	67	7	92	8	68	9	62	10	100	11	49	12	27	13	47	14	88	15	34	16	65	17	91	18	96	19	92	
	0	27	1	74	2	37	3	11	4	34	5	83	6	74	7	68	8	59	9	43	10	35	11	80	12	21	13	26	14	52	15	19	16	60	17	59	18	35	19	52	
	0	11	1	88	2	84	3	40	4	14	5	68	6	97	7	34	8	70	9	47	10	89	11	66	12	27	13	54	14	18	15	91	16	63	17	93	18	64	19	82	
	0	47	1	83	2	90	3	56	4	43	5	12	6	82	7	28	8	23	9	44	10	51	11	90	12	14	13	100	14	50	15	80	16	79	17	36	18	95	19	39	
	0	62	1	91	2	68	3	21	4	38	5	29	6	15	7	57	8	36	9	96	10	96	11	60	12	14	13	28	14	76	15	85	16	78	17	86	18	24	19	80	
	0	86	1	39	2	21	3	71	4	92	5	12	6	59	7	93	8	46	9	13	10	11	11	61	12	26	13	87	14	87	15	85	16	10	17	73	18	39	19	32	
	0	58	1	70	2	43	3	36	4	94	5	84	6	98	7	14	8	75	9	73	10	54	11	64	12	15	13	10	14	39	15	67	16	78	17	60	18	42	19	74	
	0	32	1	12	2	35	3	90	4	56	5	26	6	86	7	64	8	81	9	83	10	70	11	100	12	28	13	38	14	14	15	12	16	16	17	10	18	21	19	68	
	0	38	1	10	2	74	3	25	4	41	5	71	6	76	7	96	8	20	9	37	10	34	11	58	12	58	13	25	14	11	15	74	16	84	17	11	18	22	19	33	
	0	23	1	64	2	62	3	88	4	44	5	62	6	49	7	38	8	45	9	13	10	83	11	20	12	32	13	63	14	97	15	30	16	56	17	34	18	73	19	25	
	0	35	1	56	2	88	3	37	4	41	5	49	6	31	7	95	8	87	9	85	10	80	11	91	12	13	13	44	14	11	15	75	16	40	17	68	18	87	19	14	
	0	50	1	80	2	55	3	63	4	98	5	35	6	73	7	77	8	40	9	78	10	40	11	55	12	26	13	94	14	11	15	47	16	22	17	16	18	36	19	65	
	0	29	1	89	2	16	3	25	4	100	5	97	6	33	7	62	8	82	9	55	10	20	11	33	12	45	13	82	14	20	15	82	16	36	17	59	18	29	19	49	
	0	79	1	87	2	17	3	27	4	75	5	48	6	38	7	25	8	50	9	91	10	25	11	97	12	74	13	40	14	83	15	67	16	21	17	97	18	23	19	83	
	0	12	1	47	2	61	3	16	4	28	5	86	6	32	7	77	8	45	9	23	10	18	11	37	12	87	13	86	14	91	15	96	16	87	17	28	18	59	19	92	
	0	93	1	23	2	82	3	32	4	30	5	61	6	59	7	36	8	58	9	30	10	70	11	40	12	78	13	59	14	25	15	76	16	48	17	33	18	19	19	97	
	0	78	1	38	2	65	3	24	4	75	5	30	6	85	7	67	8	34	9	92	10	41	11	34	12	28	13	28	14	87	15	35	16	28	17	32	18	62	19	35	
	0	99	1	71	2	25	3	77	4	17	5	82	6	57	7	15	8	34	9	42	10	96	11	15	12	64	13	74	14	65	15	97	16	77	17	44	18	51	19	38	
	0	66	1	19	2	56	3	37	4	45	5	35	6	83	7	71	8	63	9	85	10	21	11	17	12	39	13	13	14	35	15	22	16	75	17	48	18	34	19	49	
	0	93	1	87	2	37	3	31	4	92	5	31	6	87	7	29	8	42	9	94	10	16	11	72	12	41	13	12	14	98	15	25	16	24	17	12	18	47	19	31	
	0	67	1	36	2	48	3	66	4	100	5	23	6	44	7	33	8	73	9	81	10	15	11	20	12	58	13	53	14	44	15	16	16	19	17	68	18	47	19	83	
	0	43	1	54	2	63	3	31	4	48	5	54	6	53	7	28	8	34	9	24	10	20	11	10	12	92	13	68	14	52	15	51	16	62	17	71	18	78	19	48	
	0	84	1	23	2	61	3	75	4	73	5	10	6	74	7	100	8	39	9	82	10	31	11	31	12	84	13	31	14	93	15	95	16	86	17	10	18	100	19	66	
	0	18	1	45	2	11	3	78	4	36	5	90	6	81	7	57	8	68	9	95	10	78	11	98	12	96	13	29	14	15	15	28	16	43	17	51	18	98	19	35	
	0	72	1	58	2	74	3	63	4	98	5	54	6	56	7	49	8	13	9	69	10	77	11	60	12	77	13	33	14	10	15	87	16	66	17	87	18	77	19	42	
	0	25	1	35	2	29	3	40	4	14	5	31	6	53	7	94	8	66	9	96	10	90	11	63	12	95	13	54	14	69	15	81	16	35	17	51	18	52	19	58	
	0	93	1	13	2	16	3	50	4	54	5	72	6	74	7	22	8	98	9	49	10	11	11	63	12	41	13	36	14	56	15	61	16	70	17	78	18	55	19	91	
	0	27	1	52	2	10	3	21	4	24	5	55	6	28	7	56	8	48	9	92	10	79	11	50	12	36	13	24	14	18	15	13	16	12	17	88	18	46	19	94	
	0	71	1	34	2	84	3	68	4	18	5	31	6	61	7	13	8	75	9	89	10	23	11	34	12	87	13	54	14	30	15	94	16	25	17	53	18	77	19	73	
	0	99	1	53	2	31	3	37	4	65	5	92	6	75	7	50	8	27	9	30	10	46	11	15	12	16	13	37	14	77	15	89	16	77	17	87	18	35	19	43	
	0	28	1	20	2	15	3	80	4	78	5	74	6	89	7	81	8	36	9	23	10	25	11	40	12	41	13	94	14	62	15	45	16	64	17	81	18	57	19	79	
	0	69	1	64	2	32	3	39	4	65	5	58	6	75	7	60	8	19	9	70	10	94	11	73	12	48	13	17	14	58	15	17	16	21	17	76	18	42	19	97	
	0	98	1	53	2	48	3	29	4	86	5	13	6	81	7	73	8	17	9	61	10	19	11	28	12	48	13	43	14	66	15	11	16	79	17	43	18	36	19	20	
	0	19	1	71	2	88	3	61	4	60	5	54	6	31	7	74	8	58	9	58	10	88	11	98	12	89	13	85	14	100	15	98	16	22	17	51	18	29	19	29	
	0	11	1	83	2	89	3	35	4	45	5	20	6	31	7	99	8	25	9	47	10	93	11	11	12	52	13	51	14	10	15	71	16	97	17	63	18	59	19	21	
	0	76	1	99	2	70	3	36	4	95	5	63	6	96	7	51	8	89	9	96	10	98	11	66	12	56	13	97	14	44	15	65	16	72	17	97	18	12	19	61	
	0	34	1	62	2	22	3	49	4	20	5	22	6	83	7	56	8	97	9	71	10	64	11	41	12	44	13	93	14	15	15	85	16	94	17	82	18	59	19	15	
	0	79	1	20	2	74	3	20	4	59	5	63	6	69	7	91	8	11	9	75	10	71	11	78	12	82	13	93	14	44	15	18	16	64	17	63	18	31	19	98	
	0	31	1	46	2	11	3	35	4	38	5	37	6	68	7	86	8	68	9	51	10	57	11	17	12	11	13	89	14	32	15	12	16	37	17	74	18	27	19	19	
	0	89	1	10	2	64	3	58	4	69	5	78	6	59	7	92	8	59	9	41	10	57	11	11	12	11	13	45	14	49	15	37	16	80	17	81	18	51	19	33	
	0	70	1	42	2	32	3	99	4	79	5	41	6	51	7	57	8	62	9	89	10	63	11	63	12	19	13	83	14	69	15	34	16	43	17	19	18	86	19	62	
	0	83	1	43	2	17	3	61	4	64	5	71	6	29	7	32	8	94	9	63	10	38	11	83	12	46	13	29	14	69	15	25	16	100	17	100	18	74	19	15	
	0	48	1	99	2	72	3	98	4	76	5	21	6	34	7	61	8	14	9	86	10	88	11	64	12	95	13	27	14	94	15	47	16	97	17	92	18	18	19	73	
	0	95	1	32	2	43	3	35	4	48	5	83	6	57	7	32	8	51	9	26	10	53	11	12	12	65	13	11	14	56	15	67	16	77	17	74	18	59	19	27	
	0	74	1	17	2	21	3	38	4	89	5	10	6	12	7	78	8	92	9	79	10	14	11	56	12	42	13	99	14	86	15	55	16	22	17	74	18	54	19	17	
	0	85	1	79	2	66	3	77	4	76	5	93	6	14	7	60	8	100	9	23	10	85	11	46	12	77	13	30	14	73	15	98	16	84	17	16	18	31	19	95	
	0	80	1	93	2	56	3	38	4	18	5	49	6	45	7	36	8	91	9	33	10	65	11	78	12	18	13	47	14	19	15	14	16	62	17	99	18	69	19	82	
	0	45	1	16	2	56	3	80	4	14	5	39	6	39	7	55	8	75	9	22	10	31	11	98	12	27	13	41	14	75	15	30	16	29	17	90	18	72	19	53	
	0	52	1	82	2	87	3	10	4	88	5	68	6	46	7	55	8	30	9	27	10	79	11	85	12	64	13	26	14	32	15	74	16	37	17	20	18	86	19	90	
	0	16	1	11	2	46	3	27	4	76	5	79	6	36	7	64	8	81	9	27	10	45	11	94	12	46	13	63	14	12	15	87	16	44	17	84	18	37	19	87	
	0	60	1	90	2	31	3	94	4	38	5	48	6	61	7	55	8	59	9	27	10	34	11	91	12	49	13	72	14	28	15	88	16	80	17	48	18	80	19	88	
	0	30	1	63	2	93	3	91	4	69	5	65	6	17	7	55	8	19	9	56	10	30	11	50	12	70	13	57	14	21	15	57	16	59	17	43	18	22	19	75	
	0	74	1	55	2	72	3	69	4	28	5	97	6	37	7	62	8	41	9	19	10	20	11	38	12	88	13	32	14	17	15	31	16	79	17	91	18	41	19	63	
	0	86	1	39	2	58	3	20	4	60	5	68	6	29	7	81	8	76	9	30	10	54	11	54	12	31	13	19	14	91	15	53	16	71	17	98	18	91	19	44	
	0	28	1	19	2	20	3	77	4	67	5	70	6	87	7	89	8	76	9	84	10	24	11	61	12	82	13	26	14	54	15	65	16	39	17	75	18	48	19	63	
	0	37	1	36	2	16	3	74	4	52	5	14	6	86	7	63	8	32	9	91	10	60	11	95	12	36	13	100	14	92	15	34	16	58	17	64	18	45	19	58	
	0	40	1	88	2	80	3	24	4	23	5	50	6	58	7	36	8	64	9	73	10	83	11	76	12	79	13	60	14	12	15	100	16	46	17	99	18	36	19	56	
	0	66	1	62	2	78	3	95	4	22	5	60	6	59	7	68	8	19	9	75	10	51	11	11	12	33	13	96	14	34	15	14	16	85	17	16	18	80	19	28	
	0	14	1	59	2	29	3	28	4	71	5	32	6	63	7	76	8	83	9	12	10	54	11	39	12	43	13	87	14	58	15	96	16	51	17	88	18	61	19	14	
	0	26	1	58	2	71	3	10	4	43	5	38	6	97	7	94	8	23	9	45	10	32	11	66	12	86	13	38	14	21	15	54	16	87	17	11	18	24	19	84	
	0	72	1	61	2	26	3	15	4	64	5	44	6	73	7	48	8	41	9	68	10	45	11	11	12	56	13	26	14	75	15	87	16	16	17	58	18	84	19	51	
	0	33	1	82	2	24	3	54	4	50	5	32	6	76	7	45	8	54	9	97	10	88	11	69	12	32	13	64	14	16	15	14	16	83	17	70	18	96	19	52	
	0	90	1	91	2	11	3	48	4	46	5	11	6	48	7	69	8	33	9	41	10	76	11	26	12	15	13	82	14	44	15	84	16	12	17	61	18	66	19	95	
	0	48	1	28	2	88	3	31	4	20	5	90	6	67	7	14	8	100	9	44	10	90	11	91	12	19	13	63	14	56	15	87	16	20	17	85	18	41	19	32	
	0	62	1	63	2	34	3	52	4	41	5	99	6	94	7	77	8	20	9	52	10	93	11	87	12	38	13	97	14	21	15	77	16	45	17	74	18	61	19	62	
	0	48	1	93	2	77	3	62	4	61	5	17	6	52	7	14	8	88	9	21	10	24	11	17	12	41	13	75	14	99	15	63	16	11	17	95	18	42	19	99	