100 20 1
20
	0	98	1	46	2	37	3	64	4	30	5	56	6	10	7	34	8	53	9	92	10	93	11	10	12	89	13	88	14	47	15	89	16	11	17	81	18	67	19	55	
	0	23	1	46	2	11	3	25	4	40	5	94	6	57	7	71	8	52	9	47	10	70	11	63	12	26	13	38	14	19	15	68	16	20	17	17	18	97	19	98	
	0	99	1	83	2	87	3	39	4	93	5	24	6	98	7	21	8	65	9	79	10	13	11	50	12	83	13	81	14	98	15	66	16	17	17	45	18	32	19	51	
	0	52	1	72	2	76	3	70	4	88	5	11	6	43	7	62	8	54	9	95	10	44	11	66	12	43	13	16	14	25	15	88	16	76	17	17	18	20	19	31	
	0	69	1	29	2	99	3	53	4	61	5	42	6	89	7	68	8	98	9	40	10	61	11	80	12	97	13	58	14	21	15	52	16	86	17	33	18	48	19	79	
	0	53	1	13	2	55	3	53	4	96	5	49	6	91	7	67	8	82	9	72	10	71	11	50	12	75	13	11	14	80	15	86	16	91	17	84	18	96	19	12	
	0	92	1	85	2	82	3	76	4	42	5	10	6	61	7	41	8	61	9	66	10	65	11	75	12	55	13	13	14	60	15	96	16	45	17	55	18	39	19	24	
	0	73	1	39	2	10	3	16	4	54	5	46	6	46	7	57	8	25	9	55	10	64	11	84	12	76	13	37	14	51	15	93	16	18	17	40	18	94	19	12	
	0	85	1	73	2	27	3	95	4	50	5	71	6	42	7	86	8	30	9	61	10	22	11	72	12	42	13	65	14	75	15	90	16	48	17	85	18	64	19	67	
	0	21	1	99	2	28	3	43	4	91	5	53	6	73	7	44	8	58	9	11	10	35	11	36	12	55	13	59	14	34	15	12	16	100	17	72	18	85	19	94	
	0	19	1	79	2	10	3	100	4	50	5	60	6	29	7	74	8	81	9	90	10	90	11	67	12	63	13	44	14	98	15	29	16	17	17	47	18	87	19	59	
	0	14	1	48	2	68	3	74	4	65	5	74	6	46	7	28	8	93	9	37	10	65	11	29	12	96	13	57	14	42	15	88	16	94	17	48	18	43	19	83	
	0	31	1	87	2	88	3	52	4	94	5	91	6	60	7	92	8	14	9	74	10	19	11	89	12	84	13	85	14	28	15	50	16	71	17	48	18	84	19	79	
	0	74	1	91	2	59	3	33	4	45	5	77	6	61	7	59	8	77	9	58	10	70	11	75	12	15	13	88	14	38	15	93	16	35	17	18	18	14	19	70	
	0	32	1	37	2	21	3	84	4	11	5	11	6	34	7	19	8	43	9	25	10	34	11	50	12	92	13	87	14	19	15	59	16	25	17	27	18	42	19	20	
	0	71	1	27	2	62	3	84	4	33	5	21	6	57	7	14	8	81	9	26	10	97	11	49	12	53	13	30	14	80	15	86	16	41	17	90	18	14	19	72	
	0	15	1	11	2	42	3	81	4	56	5	77	6	31	7	21	8	93	9	71	10	18	11	42	12	66	13	49	14	75	15	72	16	24	17	73	18	25	19	99	
	0	13	1	98	2	71	3	65	4	25	5	10	6	22	7	68	8	36	9	31	10	35	11	37	12	26	13	81	14	75	15	32	16	37	17	37	18	45	19	81	
	0	77	1	98	2	71	3	90	4	63	5	42	6	12	7	28	8	91	9	65	10	97	11	73	12	28	13	82	14	66	15	96	16	21	17	33	18	69	19	78	
	0	47	1	27	2	23	3	33	4	14	5	60	6	50	7	82	8	31	9	97	10	53	11	86	12	39	13	83	14	76	15	11	16	52	17	29	18	45	19	39	
	0	91	1	93	2	64	3	35	4	10	5	32	6	77	7	52	8	76	9	69	10	28	11	23	12	94	13	25	14	37	15	81	16	69	17	59	18	16	19	24	
	0	87	1	25	2	50	3	40	4	14	5	98	6	64	7	72	8	71	9	88	10	88	11	90	12	64	13	35	14	60	15	20	16	98	17	99	18	86	19	14	
	0	25	1	43	2	69	3	98	4	87	5	51	6	91	7	60	8	74	9	47	10	79	11	74	12	43	13	32	14	82	15	51	16	14	17	72	18	46	19	57	
	0	67	1	13	2	50	3	79	4	66	5	84	6	22	7	65	8	66	9	41	10	28	11	30	12	82	13	15	14	64	15	33	16	56	17	97	18	67	19	57	
	0	61	1	36	2	43	3	31	4	85	5	49	6	78	7	21	8	46	9	17	10	93	11	35	12	68	13	42	14	70	15	16	16	91	17	85	18	35	19	78	
	0	33	1	19	2	63	3	16	4	26	5	92	6	79	7	13	8	36	9	48	10	90	11	86	12	50	13	67	14	100	15	90	16	82	17	72	18	30	19	12	
	0	100	1	18	2	63	3	37	4	56	5	34	6	41	7	60	8	61	9	51	10	35	11	24	12	77	13	95	14	12	15	63	16	16	17	25	18	55	19	50	
	0	36	1	21	2	30	3	25	4	30	5	13	6	27	7	30	8	42	9	91	10	13	11	85	12	90	13	82	14	67	15	86	16	51	17	26	18	55	19	69	
	0	66	1	52	2	69	3	45	4	80	5	17	6	16	7	26	8	71	9	91	10	14	11	18	12	94	13	54	14	82	15	59	16	45	17	68	18	72	19	79	
	0	95	1	43	2	11	3	23	4	26	5	87	6	24	7	100	8	10	9	65	10	54	11	90	12	73	13	49	14	30	15	33	16	40	17	23	18	25	19	63	
	0	59	1	74	2	38	3	43	4	91	5	77	6	40	7	45	8	11	9	89	10	90	11	48	12	73	13	83	14	37	15	65	16	11	17	80	18	65	19	81	
	0	31	1	14	2	22	3	75	4	91	5	74	6	74	7	21	8	16	9	18	10	64	11	26	12	26	13	50	14	73	15	82	16	41	17	41	18	40	19	74	
	0	20	1	71	2	42	3	43	4	32	5	95	6	85	7	59	8	49	9	88	10	56	11	86	12	56	13	83	14	44	15	67	16	83	17	52	18	85	19	29	
	0	72	1	30	2	78	3	67	4	63	5	80	6	27	7	29	8	38	9	34	10	84	11	13	12	27	13	25	14	16	15	51	16	61	17	99	18	69	19	47	
	0	96	1	40	2	85	3	71	4	44	5	97	6	28	7	39	8	61	9	83	10	55	11	17	12	60	13	46	14	47	15	99	16	33	17	74	18	39	19	74	
	0	81	1	93	2	41	3	97	4	68	5	85	6	34	7	36	8	84	9	53	10	37	11	16	12	87	13	12	14	49	15	98	16	50	17	88	18	84	19	18	
	0	34	1	85	2	65	3	94	4	78	5	92	6	97	7	72	8	75	9	44	10	99	11	97	12	40	13	50	14	30	15	60	16	67	17	78	18	42	19	98	
	0	51	1	32	2	12	3	69	4	98	5	14	6	20	7	13	8	40	9	62	10	43	11	67	12	75	13	24	14	70	15	73	16	43	17	71	18	21	19	35	
	0	37	1	78	2	40	3	92	4	83	5	16	6	31	7	87	8	51	9	25	10	67	11	34	12	99	13	79	14	67	15	70	16	28	17	96	18	97	19	68	
	0	64	1	73	2	22	3	63	4	41	5	89	6	65	7	80	8	54	9	27	10	60	11	97	12	27	13	88	14	52	15	12	16	35	17	83	18	50	19	65	
	0	71	1	15	2	47	3	34	4	70	5	16	6	22	7	25	8	33	9	92	10	15	11	39	12	83	13	86	14	22	15	86	16	91	17	79	18	52	19	35	
	0	57	1	96	2	31	3	31	4	32	5	55	6	75	7	10	8	40	9	88	10	34	11	94	12	89	13	87	14	57	15	70	16	81	17	36	18	46	19	24	
	0	23	1	64	2	60	3	70	4	77	5	45	6	38	7	50	8	56	9	57	10	69	11	79	12	19	13	65	14	48	15	79	16	31	17	14	18	89	19	35	
	0	13	1	69	2	89	3	70	4	19	5	99	6	52	7	33	8	80	9	28	10	50	11	31	12	66	13	91	14	35	15	39	16	37	17	66	18	95	19	81	
	0	27	1	58	2	53	3	36	4	79	5	69	6	27	7	47	8	51	9	67	10	55	11	39	12	24	13	26	14	28	15	46	16	72	17	25	18	40	19	98	
	0	100	1	81	2	87	3	45	4	87	5	70	6	16	7	58	8	85	9	99	10	60	11	18	12	32	13	71	14	11	15	60	16	74	17	66	18	29	19	45	
	0	44	1	56	2	40	3	22	4	24	5	41	6	80	7	16	8	51	9	93	10	25	11	49	12	35	13	73	14	90	15	83	16	29	17	79	18	71	19	69	
	0	94	1	17	2	52	3	64	4	68	5	55	6	37	7	23	8	54	9	10	10	17	11	33	12	57	13	52	14	31	15	84	16	39	17	12	18	77	19	20	
	0	16	1	43	2	48	3	40	4	25	5	40	6	100	7	74	8	98	9	78	10	27	11	19	12	44	13	86	14	81	15	44	16	89	17	36	18	54	19	34	
	0	14	1	35	2	28	3	82	4	63	5	83	6	21	7	53	8	29	9	19	10	74	11	56	12	95	13	77	14	31	15	35	16	85	17	70	18	18	19	49	
	0	41	1	81	2	73	3	36	4	18	5	100	6	47	7	66	8	48	9	58	10	11	11	28	12	46	13	50	14	100	15	17	16	54	17	41	18	59	19	57	
	0	95	1	57	2	53	3	33	4	56	5	62	6	33	7	30	8	62	9	47	10	49	11	78	12	79	13	34	14	92	15	95	16	20	17	19	18	48	19	95	
	0	11	1	10	2	62	3	83	4	15	5	37	6	79	7	28	8	20	9	52	10	48	11	73	12	78	13	62	14	85	15	18	16	91	17	58	18	70	19	67	
	0	61	1	33	2	46	3	11	4	36	5	28	6	22	7	55	8	86	9	98	10	72	11	54	12	34	13	96	14	70	15	31	16	51	17	16	18	98	19	99	
	0	96	1	30	2	80	3	60	4	44	5	16	6	61	7	74	8	67	9	60	10	93	11	49	12	30	13	37	14	97	15	93	16	93	17	11	18	35	19	99	
	0	72	1	24	2	27	3	68	4	26	5	77	6	35	7	62	8	92	9	83	10	67	11	36	12	88	13	19	14	33	15	88	16	78	17	47	18	51	19	63	
	0	18	1	33	2	24	3	92	4	69	5	87	6	31	7	45	8	12	9	29	10	27	11	43	12	10	13	26	14	43	15	10	16	14	17	50	18	74	19	99	
	0	70	1	77	2	55	3	71	4	92	5	21	6	78	7	95	8	91	9	48	10	86	11	27	12	27	13	72	14	48	15	12	16	11	17	11	18	84	19	99	
	0	49	1	53	2	11	3	29	4	29	5	49	6	18	7	31	8	55	9	51	10	23	11	19	12	81	13	19	14	27	15	15	16	98	17	42	18	10	19	16	
	0	17	1	58	2	45	3	15	4	63	5	82	6	89	7	79	8	16	9	46	10	43	11	100	12	54	13	49	14	86	15	18	16	85	17	10	18	57	19	21	
	0	35	1	89	2	12	3	16	4	23	5	35	6	95	7	84	8	87	9	52	10	83	11	66	12	54	13	64	14	27	15	21	16	50	17	10	18	37	19	17	
	0	37	1	68	2	74	3	33	4	75	5	54	6	92	7	19	8	50	9	21	10	84	11	16	12	23	13	43	14	64	15	35	16	23	17	38	18	18	19	45	
	0	18	1	51	2	93	3	94	4	18	5	39	6	45	7	10	8	23	9	90	10	55	11	19	12	56	13	69	14	66	15	65	16	92	17	20	18	83	19	43	
	0	86	1	13	2	13	3	21	4	78	5	71	6	45	7	36	8	99	9	14	10	57	11	35	12	36	13	83	14	62	15	83	16	61	17	32	18	76	19	96	
	0	66	1	100	2	61	3	89	4	42	5	76	6	31	7	10	8	42	9	97	10	38	11	51	12	53	13	92	14	44	15	91	16	91	17	39	18	52	19	65	
	0	24	1	74	2	27	3	41	4	52	5	14	6	66	7	65	8	95	9	35	10	32	11	73	12	28	13	58	14	76	15	97	16	68	17	33	18	48	19	51	
	0	48	1	55	2	56	3	90	4	85	5	72	6	30	7	88	8	62	9	52	10	83	11	49	12	29	13	49	14	72	15	38	16	19	17	70	18	80	19	45	
	0	65	1	82	2	74	3	26	4	79	5	82	6	70	7	43	8	64	9	79	10	74	11	46	12	22	13	43	14	57	15	30	16	100	17	98	18	64	19	35	
	0	43	1	50	2	87	3	50	4	47	5	97	6	55	7	50	8	96	9	93	10	24	11	10	12	15	13	90	14	77	15	68	16	85	17	45	18	12	19	10	
	0	72	1	86	2	63	3	64	4	16	5	100	6	19	7	29	8	19	9	69	10	21	11	34	12	72	13	33	14	89	15	27	16	79	17	94	18	47	19	51	
	0	29	1	43	2	70	3	85	4	87	5	83	6	24	7	18	8	25	9	79	10	92	11	92	12	100	13	87	14	68	15	51	16	17	17	88	18	54	19	92	
	0	86	1	12	2	53	3	31	4	36	5	98	6	36	7	17	8	39	9	12	10	31	11	19	12	35	13	17	14	93	15	94	16	14	17	74	18	25	19	59	
	0	25	1	34	2	60	3	46	4	30	5	29	6	30	7	51	8	45	9	97	10	15	11	32	12	70	13	54	14	78	15	57	16	86	17	93	18	71	19	63	
	0	44	1	60	2	46	3	19	4	45	5	61	6	74	7	96	8	51	9	99	10	21	11	85	12	17	13	64	14	75	15	48	16	97	17	14	18	85	19	24	
	0	66	1	15	2	39	3	94	4	12	5	46	6	44	7	13	8	50	9	55	10	42	11	74	12	53	13	39	14	66	15	95	16	33	17	65	18	28	19	56	
	0	82	1	12	2	33	3	20	4	50	5	32	6	58	7	42	8	66	9	10	10	98	11	35	12	39	13	49	14	65	15	76	16	94	17	88	18	79	19	45	
	0	25	1	72	2	28	3	20	4	47	5	80	6	18	7	90	8	89	9	66	10	68	11	98	12	23	13	100	14	85	15	85	16	82	17	38	18	27	19	56	
	0	69	1	84	2	28	3	100	4	35	5	44	6	24	7	86	8	98	9	11	10	73	11	35	12	88	13	33	14	39	15	100	16	47	17	31	18	58	19	26	
	0	27	1	12	2	13	3	95	4	70	5	14	6	98	7	25	8	78	9	70	10	28	11	51	12	83	13	91	14	65	15	15	16	45	17	44	18	79	19	70	
	0	45	1	37	2	65	3	57	4	16	5	79	6	54	7	93	8	68	9	15	10	64	11	19	12	69	13	20	14	88	15	73	16	49	17	48	18	40	19	16	
	0	24	1	43	2	83	3	34	4	84	5	48	6	81	7	13	8	98	9	31	10	56	11	100	12	63	13	77	14	39	15	10	16	31	17	15	18	34	19	19	
	0	47	1	12	2	14	3	32	4	31	5	10	6	20	7	44	8	78	9	27	10	57	11	53	12	100	13	41	14	75	15	59	16	74	17	47	18	66	19	13	
	0	48	1	60	2	52	3	72	4	71	5	98	6	14	7	78	8	57	9	71	10	68	11	97	12	68	13	96	14	65	15	64	16	64	17	34	18	79	19	59	
	0	24	1	54	2	34	3	70	4	35	5	15	6	38	7	86	8	95	9	12	10	69	11	28	12	28	13	30	14	28	15	64	16	34	17	69	18	27	19	39	
	0	100	1	17	2	50	3	72	4	61	5	89	6	75	7	47	8	49	9	93	10	32	11	94	12	39	13	98	14	36	15	27	16	39	17	52	18	97	19	27	
	0	28	1	99	2	35	3	48	4	89	5	66	6	57	7	100	8	34	9	48	10	50	11	13	12	47	13	11	14	66	15	80	16	11	17	48	18	15	19	99	
	0	82	1	91	2	21	3	25	4	67	5	38	6	43	7	58	8	59	9	84	10	21	11	71	12	99	13	20	14	59	15	63	16	48	17	95	18	17	19	40	
	0	65	1	41	2	76	3	56	4	92	5	92	6	52	7	54	8	76	9	70	10	11	11	60	12	95	13	10	14	61	15	92	16	49	17	71	18	19	19	64	
	0	61	1	35	2	44	3	30	4	86	5	58	6	94	7	48	8	100	9	40	10	66	11	87	12	73	13	79	14	41	15	84	16	26	17	50	18	40	19	57	
	0	72	1	37	2	12	3	19	4	88	5	88	6	95	7	67	8	69	9	70	10	76	11	16	12	71	13	69	14	38	15	18	16	72	17	10	18	100	19	47	
	0	62	1	46	2	87	3	33	4	44	5	13	6	14	7	51	8	41	9	30	10	80	11	17	12	50	13	75	14	30	15	92	16	76	17	82	18	59	19	22	
	0	29	1	73	2	70	3	67	4	66	5	21	6	56	7	57	8	13	9	45	10	97	11	56	12	58	13	24	14	30	15	60	16	76	17	91	18	20	19	77	
	0	49	1	27	2	10	3	97	4	35	5	75	6	97	7	26	8	76	9	13	10	46	11	75	12	98	13	25	14	26	15	32	16	66	17	79	18	93	19	43	
	0	80	1	94	2	99	3	39	4	93	5	20	6	52	7	43	8	17	9	11	10	69	11	12	12	67	13	80	14	59	15	100	16	27	17	53	18	85	19	32	
	0	24	1	13	2	56	3	12	4	45	5	90	6	61	7	92	8	75	9	31	10	31	11	84	12	44	13	20	14	79	15	54	16	96	17	20	18	51	19	32	
	0	37	1	56	2	82	3	90	4	75	5	79	6	54	7	39	8	50	9	48	10	99	11	52	12	83	13	84	14	57	15	97	16	47	17	50	18	19	19	32	
	0	70	1	53	2	47	3	80	4	97	5	45	6	11	7	81	8	69	9	74	10	49	11	83	12	50	13	46	14	29	15	41	16	51	17	36	18	50	19	18	
	0	84	1	97	2	21	3	11	4	42	5	43	6	93	7	32	8	94	9	11	10	67	11	27	12	27	13	44	14	23	15	11	16	89	17	49	18	89	19	55	
	0	32	1	95	2	68	3	52	4	23	5	95	6	85	7	23	8	46	9	88	10	99	11	37	12	45	13	100	14	65	15	82	16	12	17	24	18	36	19	76	
	0	10	1	70	2	19	3	54	4	33	5	97	6	40	7	70	8	33	9	64	10	85	11	54	12	21	13	86	14	77	15	73	16	50	17	42	18	58	19	42	