100 30 1
30
	0	52	1	64	2	45	3	32	4	14	5	18	6	55	7	40	8	22	9	27	10	94	11	85	12	63	13	19	14	18	15	38	16	46	17	39	18	76	19	73	20	17	21	89	22	96	23	98	24	63	25	37	26	20	27	44	28	76	29	27	
	0	31	1	83	2	56	3	81	4	58	5	54	6	40	7	52	8	29	9	14	10	52	11	71	12	31	13	30	14	29	15	89	16	38	17	59	18	55	19	54	20	10	21	72	22	69	23	16	24	72	25	34	26	59	27	36	28	77	29	48	
	0	59	1	93	2	56	3	57	4	92	5	41	6	24	7	72	8	20	9	61	10	32	11	74	12	41	13	35	14	79	15	70	16	14	17	14	18	64	19	83	20	68	21	86	22	93	23	78	24	43	25	23	26	88	27	100	28	95	29	54	
	0	87	1	91	2	91	3	46	4	19	5	21	6	91	7	32	8	16	9	39	10	18	11	21	12	28	13	41	14	16	15	56	16	15	17	36	18	48	19	18	20	44	21	99	22	64	23	46	24	18	25	41	26	35	27	81	28	31	29	92	
	0	12	1	82	2	43	3	41	4	89	5	79	6	37	7	66	8	89	9	41	10	47	11	28	12	90	13	73	14	68	15	87	16	92	17	100	18	96	19	41	20	62	21	77	22	60	23	74	24	88	25	84	26	81	27	38	28	66	29	54	
	0	92	1	59	2	40	3	87	4	42	5	98	6	81	7	13	8	36	9	65	10	21	11	66	12	26	13	23	14	51	15	98	16	44	17	23	18	50	19	90	20	18	21	96	22	78	23	84	24	82	25	44	26	78	27	38	28	78	29	18	
	0	79	1	82	2	50	3	81	4	19	5	65	6	36	7	28	8	22	9	47	10	25	11	21	12	74	13	66	14	22	15	49	16	42	17	20	18	21	19	77	20	64	21	43	22	75	23	97	24	25	25	89	26	96	27	36	28	48	29	88	
	0	68	1	23	2	33	3	21	4	29	5	85	6	65	7	50	8	90	9	48	10	91	11	28	12	42	13	97	14	17	15	68	16	13	17	25	18	56	19	17	20	71	21	16	22	49	23	54	24	62	25	50	26	64	27	95	28	66	29	91	
	0	72	1	90	2	42	3	29	4	14	5	33	6	77	7	93	8	67	9	84	10	41	11	35	12	65	13	22	14	43	15	76	16	28	17	79	18	19	19	54	20	99	21	55	22	52	23	10	24	58	25	80	26	15	27	40	28	10	29	51	
	0	24	1	64	2	41	3	16	4	71	5	83	6	66	7	48	8	59	9	24	10	40	11	23	12	100	13	98	14	37	15	21	16	76	17	70	18	66	19	99	20	23	21	64	22	53	23	85	24	47	25	71	26	48	27	31	28	70	29	20	
	0	83	1	37	2	38	3	96	4	52	5	38	6	85	7	58	8	42	9	27	10	55	11	73	12	48	13	55	14	76	15	54	16	100	17	18	18	71	19	37	20	49	21	67	22	47	23	33	24	16	25	33	26	61	27	63	28	61	29	82	
	0	33	1	65	2	13	3	96	4	47	5	21	6	26	7	30	8	65	9	67	10	74	11	45	12	74	13	12	14	89	15	32	16	88	17	90	18	14	19	78	20	16	21	100	22	87	23	46	24	51	25	60	26	11	27	100	28	68	29	97	
	0	97	1	89	2	83	3	34	4	65	5	37	6	38	7	64	8	75	9	57	10	24	11	50	12	21	13	89	14	62	15	92	16	53	17	29	18	54	19	45	20	64	21	68	22	79	23	85	24	62	25	27	26	92	27	35	28	81	29	50	
	0	60	1	75	2	10	3	59	4	91	5	46	6	12	7	13	8	77	9	37	10	84	11	26	12	58	13	57	14	19	15	89	16	72	17	80	18	68	19	38	20	27	21	72	22	88	23	85	24	65	25	43	26	31	27	54	28	21	29	23	
	0	15	1	38	2	10	3	93	4	46	5	97	6	100	7	96	8	72	9	76	10	76	11	48	12	52	13	90	14	93	15	95	16	91	17	78	18	55	19	20	20	30	21	73	22	82	23	64	24	90	25	65	26	19	27	86	28	13	29	59	
	0	88	1	77	2	34	3	70	4	59	5	25	6	15	7	16	8	71	9	95	10	34	11	21	12	64	13	61	14	92	15	17	16	12	17	12	18	70	19	83	20	81	21	33	22	71	23	85	24	66	25	50	26	88	27	22	28	12	29	96	
	0	64	1	20	2	31	3	26	4	16	5	79	6	68	7	59	8	20	9	80	10	21	11	32	12	27	13	97	14	75	15	45	16	15	17	51	18	49	19	28	20	43	21	92	22	33	23	86	24	94	25	66	26	90	27	93	28	16	29	91	
	0	27	1	61	2	58	3	14	4	32	5	65	6	37	7	75	8	43	9	40	10	36	11	51	12	19	13	67	14	23	15	18	16	72	17	62	18	25	19	16	20	75	21	41	22	56	23	19	24	35	25	86	26	35	27	60	28	18	29	100	
	0	82	1	29	2	37	3	71	4	37	5	58	6	30	7	59	8	59	9	81	10	100	11	58	12	24	13	98	14	93	15	34	16	59	17	25	18	50	19	31	20	76	21	68	22	14	23	51	24	96	25	14	26	71	27	47	28	97	29	100	
	0	72	1	23	2	26	3	84	4	30	5	46	6	45	7	33	8	28	9	27	10	44	11	27	12	48	13	58	14	40	15	31	16	36	17	98	18	91	19	74	20	32	21	10	22	36	23	29	24	33	25	100	26	13	27	58	28	89	29	14	
	0	44	1	56	2	82	3	81	4	82	5	43	6	17	7	15	8	40	9	51	10	50	11	13	12	40	13	65	14	20	15	72	16	78	17	34	18	25	19	75	20	94	21	85	22	89	23	30	24	43	25	17	26	100	27	22	28	63	29	39	
	0	53	1	32	2	41	3	12	4	14	5	51	6	100	7	67	8	82	9	21	10	53	11	77	12	22	13	60	14	87	15	86	16	96	17	12	18	48	19	100	20	28	21	83	22	89	23	48	24	13	25	31	26	24	27	54	28	30	29	18	
	0	95	1	31	2	45	3	27	4	97	5	27	6	47	7	79	8	24	9	76	10	86	11	84	12	33	13	32	14	44	15	18	16	58	17	34	18	84	19	43	20	78	21	76	22	25	23	52	24	100	25	23	26	61	27	30	28	49	29	70	
	0	89	1	29	2	24	3	58	4	99	5	47	6	35	7	88	8	35	9	48	10	79	11	60	12	33	13	77	14	10	15	93	16	71	17	21	18	34	19	89	20	82	21	84	22	72	23	21	24	72	25	90	26	51	27	74	28	92	29	19	
	0	84	1	72	2	27	3	55	4	85	5	46	6	98	7	90	8	34	9	91	10	44	11	35	12	82	13	30	14	75	15	85	16	59	17	82	18	53	19	50	20	85	21	65	22	71	23	30	24	29	25	61	26	32	27	47	28	69	29	23	
	0	96	1	65	2	84	3	91	4	78	5	68	6	62	7	76	8	64	9	99	10	16	11	19	12	13	13	84	14	69	15	49	16	94	17	58	18	27	19	43	20	98	21	53	22	16	23	63	24	73	25	22	26	21	27	24	28	98	29	53	
	0	82	1	62	2	70	3	46	4	68	5	82	6	19	7	29	8	71	9	18	10	54	11	65	12	96	13	65	14	87	15	92	16	19	17	89	18	65	19	69	20	28	21	94	22	66	23	44	24	18	25	76	26	18	27	75	28	61	29	59	
	0	75	1	51	2	91	3	63	4	53	5	43	6	85	7	47	8	14	9	31	10	99	11	92	12	85	13	76	14	54	15	47	16	26	17	21	18	64	19	67	20	79	21	85	22	37	23	24	24	68	25	50	26	26	27	24	28	14	29	81	
	0	63	1	59	2	23	3	10	4	11	5	64	6	21	7	43	8	27	9	47	10	91	11	11	12	59	13	71	14	80	15	65	16	45	17	27	18	27	19	89	20	58	21	82	22	56	23	78	24	89	25	100	26	93	27	38	28	36	29	42	
	0	13	1	98	2	29	3	33	4	21	5	80	6	13	7	54	8	24	9	24	10	64	11	15	12	97	13	58	14	13	15	66	16	28	17	79	18	25	19	68	20	44	21	76	22	47	23	45	24	31	25	26	26	87	27	77	28	48	29	93	
	0	88	1	68	2	67	3	37	4	55	5	89	6	15	7	63	8	68	9	39	10	40	11	23	12	34	13	58	14	19	15	45	16	43	17	74	18	62	19	64	20	74	21	35	22	93	23	82	24	91	25	44	26	89	27	63	28	19	29	100	
	0	68	1	19	2	18	3	80	4	53	5	60	6	44	7	16	8	86	9	50	10	16	11	30	12	45	13	76	14	93	15	87	16	53	17	33	18	91	19	74	20	63	21	56	22	65	23	13	24	51	25	69	26	21	27	31	28	59	29	27	
	0	99	1	70	2	64	3	76	4	21	5	14	6	34	7	44	8	19	9	16	10	30	11	21	12	59	13	61	14	54	15	91	16	69	17	26	18	32	19	48	20	77	21	90	22	19	23	33	24	87	25	53	26	87	27	56	28	37	29	53	
	0	90	1	90	2	63	3	31	4	77	5	26	6	96	7	72	8	77	9	34	10	57	11	12	12	16	13	28	14	34	15	96	16	13	17	65	18	99	19	86	20	12	21	12	22	62	23	93	24	58	25	35	26	18	27	38	28	39	29	100	
	0	15	1	67	2	79	3	46	4	39	5	27	6	24	7	97	8	79	9	77	10	93	11	99	12	18	13	27	14	68	15	23	16	84	17	24	18	15	19	42	20	20	21	70	22	71	23	29	24	46	25	82	26	89	27	88	28	46	29	95	
	0	24	1	61	2	45	3	100	4	19	5	63	6	37	7	31	8	14	9	19	10	27	11	71	12	69	13	10	14	65	15	61	16	57	17	46	18	40	19	71	20	80	21	11	22	39	23	91	24	36	25	77	26	62	27	59	28	18	29	97	
	0	71	1	95	2	23	3	79	4	10	5	38	6	81	7	13	8	14	9	10	10	62	11	89	12	48	13	20	14	42	15	49	16	63	17	82	18	100	19	15	20	14	21	82	22	28	23	90	24	10	25	100	26	37	27	42	28	61	29	83	
	0	59	1	81	2	52	3	25	4	86	5	83	6	51	7	29	8	85	9	94	10	50	11	23	12	39	13	50	14	76	15	23	16	56	17	53	18	25	19	57	20	72	21	68	22	76	23	58	24	66	25	28	26	82	27	39	28	37	29	28	
	0	13	1	64	2	80	3	83	4	52	5	75	6	35	7	28	8	84	9	100	10	94	11	27	12	88	13	63	14	25	15	60	16	20	17	39	18	84	19	31	20	46	21	30	22	27	23	50	24	92	25	26	26	28	27	76	28	80	29	79	
	0	78	1	81	2	70	3	73	4	13	5	37	6	21	7	11	8	45	9	36	10	34	11	70	12	88	13	67	14	75	15	72	16	97	17	12	18	80	19	48	20	60	21	95	22	15	23	71	24	14	25	18	26	45	27	55	28	100	29	56	
	0	21	1	59	2	57	3	98	4	65	5	70	6	61	7	38	8	10	9	83	10	88	11	25	12	56	13	100	14	44	15	86	16	60	17	77	18	28	19	94	20	16	21	94	22	23	23	89	24	78	25	49	26	52	27	99	28	95	29	45	
	0	79	1	44	2	56	3	75	4	60	5	24	6	99	7	51	8	72	9	98	10	86	11	63	12	89	13	28	14	37	15	84	16	100	17	87	18	77	19	51	20	73	21	32	22	61	23	19	24	55	25	63	26	100	27	90	28	18	29	37	
	0	55	1	23	2	59	3	11	4	36	5	95	6	74	7	19	8	58	9	88	10	59	11	90	12	54	13	56	14	49	15	58	16	92	17	20	18	24	19	25	20	37	21	30	22	87	23	92	24	33	25	67	26	62	27	17	28	88	29	68	
	0	60	1	37	2	25	3	64	4	62	5	34	6	50	7	57	8	50	9	48	10	58	11	46	12	76	13	95	14	11	15	43	16	70	17	16	18	27	19	43	20	82	21	58	22	47	23	31	24	31	25	57	26	81	27	66	28	12	29	88	
	0	54	1	28	2	20	3	21	4	53	5	54	6	57	7	28	8	99	9	75	10	52	11	53	12	95	13	24	14	44	15	78	16	68	17	91	18	40	19	67	20	89	21	95	22	12	23	88	24	74	25	42	26	73	27	75	28	80	29	100	
	0	22	1	47	2	57	3	99	4	63	5	26	6	31	7	54	8	56	9	33	10	58	11	66	12	43	13	70	14	38	15	35	16	70	17	66	18	14	19	45	20	98	21	26	22	58	23	50	24	68	25	82	26	13	27	93	28	36	29	15	
	0	82	1	84	2	69	3	73	4	85	5	31	6	80	7	29	8	94	9	66	10	75	11	44	12	25	13	16	14	82	15	54	16	94	17	44	18	50	19	88	20	33	21	86	22	21	23	47	24	34	25	58	26	38	27	20	28	64	29	26	
	0	82	1	79	2	88	3	32	4	61	5	99	6	28	7	22	8	92	9	74	10	80	11	48	12	12	13	73	14	43	15	73	16	26	17	13	18	63	19	39	20	88	21	53	22	89	23	94	24	58	25	53	26	80	27	87	28	88	29	48	
	0	100	1	59	2	18	3	42	4	10	5	58	6	22	7	39	8	60	9	94	10	36	11	28	12	89	13	68	14	20	15	40	16	97	17	50	18	79	19	87	20	78	21	75	22	18	23	100	24	46	25	96	26	95	27	42	28	70	29	96	
	0	26	1	89	2	80	3	39	4	73	5	60	6	65	7	43	8	81	9	91	10	56	11	48	12	53	13	25	14	94	15	15	16	76	17	59	18	69	19	68	20	21	21	33	22	26	23	99	24	53	25	87	26	34	27	55	28	85	29	55	
	0	24	1	38	2	96	3	81	4	42	5	48	6	33	7	96	8	23	9	28	10	12	11	83	12	88	13	93	14	82	15	96	16	48	17	87	18	57	19	33	20	94	21	14	22	94	23	25	24	92	25	82	26	62	27	93	28	25	29	38	
	0	40	1	23	2	64	3	64	4	74	5	93	6	89	7	94	8	68	9	64	10	18	11	74	12	25	13	83	14	50	15	61	16	85	17	91	18	53	19	25	20	17	21	75	22	36	23	59	24	100	25	30	26	32	27	73	28	16	29	29	
	0	71	1	33	2	15	3	62	4	76	5	51	6	56	7	96	8	54	9	20	10	93	11	45	12	92	13	37	14	24	15	83	16	14	17	63	18	30	19	25	20	92	21	59	22	95	23	47	24	84	25	14	26	41	27	49	28	91	29	89	
	0	33	1	59	2	86	3	38	4	48	5	72	6	80	7	82	8	73	9	78	10	17	11	25	12	50	13	45	14	56	15	87	16	70	17	92	18	55	19	13	20	89	21	73	22	20	23	21	24	63	25	41	26	90	27	74	28	95	29	90	
	0	75	1	66	2	55	3	17	4	34	5	42	6	53	7	32	8	55	9	59	10	58	11	59	12	38	13	33	14	83	15	52	16	51	17	25	18	91	19	77	20	66	21	70	22	47	23	13	24	49	25	33	26	34	27	10	28	14	29	25	
	0	73	1	79	2	31	3	12	4	69	5	38	6	20	7	51	8	47	9	84	10	52	11	93	12	89	13	72	14	52	15	19	16	46	17	76	18	85	19	19	20	40	21	84	22	49	23	81	24	34	25	79	26	78	27	18	28	72	29	30	
	0	80	1	96	2	37	3	90	4	74	5	81	6	66	7	10	8	29	9	27	10	31	11	61	12	87	13	59	14	64	15	62	16	67	17	68	18	19	19	89	20	28	21	54	22	82	23	73	24	79	25	14	26	37	27	13	28	74	29	41	
	0	84	1	66	2	34	3	95	4	94	5	58	6	69	7	27	8	17	9	97	10	46	11	59	12	82	13	92	14	60	15	62	16	72	17	25	18	60	19	49	20	69	21	38	22	21	23	65	24	21	25	63	26	36	27	34	28	36	29	65	
	0	44	1	78	2	47	3	82	4	99	5	61	6	81	7	60	8	75	9	22	10	84	11	59	12	17	13	70	14	15	15	32	16	40	17	60	18	94	19	45	20	75	21	99	22	69	23	65	24	36	25	22	26	72	27	18	28	35	29	70	
	0	35	1	97	2	42	3	55	4	56	5	18	6	95	7	12	8	23	9	11	10	85	11	78	12	73	13	61	14	22	15	99	16	64	17	86	18	53	19	93	20	55	21	42	22	30	23	95	24	13	25	36	26	45	27	68	28	37	29	99	
	0	15	1	65	2	85	3	91	4	74	5	29	6	60	7	64	8	11	9	18	10	76	11	72	12	74	13	89	14	39	15	64	16	27	17	42	18	45	19	32	20	28	21	48	22	15	23	60	24	56	25	11	26	69	27	14	28	58	29	90	
	0	83	1	49	2	45	3	63	4	41	5	49	6	62	7	64	8	51	9	35	10	51	11	30	12	60	13	16	14	90	15	66	16	80	17	75	18	24	19	10	20	73	21	19	22	45	23	92	24	90	25	80	26	59	27	19	28	19	29	45	
	0	15	1	76	2	89	3	96	4	26	5	49	6	15	7	33	8	29	9	48	10	16	11	13	12	36	13	24	14	63	15	42	16	28	17	15	18	77	19	70	20	36	21	88	22	55	23	63	24	17	25	49	26	26	27	80	28	21	29	63	
	0	31	1	75	2	55	3	92	4	14	5	61	6	94	7	30	8	92	9	38	10	80	11	41	12	32	13	51	14	42	15	81	16	65	17	10	18	14	19	74	20	47	21	49	22	60	23	94	24	97	25	35	26	76	27	33	28	90	29	25	
	0	79	1	28	2	73	3	78	4	20	5	35	6	53	7	72	8	58	9	68	10	56	11	49	12	59	13	30	14	52	15	76	16	25	17	99	18	94	19	53	20	19	21	100	22	91	23	84	24	68	25	33	26	47	27	87	28	86	29	64	
	0	18	1	13	2	72	3	93	4	46	5	31	6	79	7	77	8	84	9	31	10	97	11	76	12	85	13	14	14	79	15	31	16	89	17	42	18	84	19	49	20	54	21	13	22	30	23	76	24	66	25	77	26	35	27	53	28	85	29	66	
	0	20	1	75	2	32	3	37	4	91	5	94	6	52	7	57	8	86	9	66	10	70	11	31	12	30	13	64	14	81	15	99	16	91	17	32	18	84	19	75	20	27	21	53	22	46	23	90	24	29	25	92	26	19	27	97	28	67	29	82	
	0	34	1	60	2	96	3	20	4	55	5	14	6	85	7	41	8	77	9	77	10	97	11	76	12	16	13	74	14	15	15	91	16	84	17	39	18	28	19	14	20	57	21	51	22	36	23	93	24	56	25	81	26	39	27	64	28	32	29	64	
	0	44	1	40	2	68	3	34	4	69	5	66	6	77	7	51	8	41	9	55	10	57	11	71	12	38	13	36	14	79	15	23	16	71	17	65	18	64	19	95	20	87	21	82	22	99	23	46	24	96	25	91	26	47	27	97	28	12	29	35	
	0	32	1	87	2	35	3	99	4	97	5	55	6	13	7	75	8	84	9	52	10	63	11	85	12	68	13	85	14	71	15	74	16	76	17	13	18	92	19	49	20	89	21	54	22	64	23	58	24	78	25	43	26	22	27	89	28	25	29	92	
	0	10	1	54	2	43	3	29	4	34	5	20	6	46	7	90	8	73	9	35	10	54	11	25	12	13	13	60	14	91	15	31	16	31	17	65	18	28	19	85	20	94	21	94	22	21	23	99	24	75	25	59	26	36	27	44	28	84	29	49	
	0	66	1	18	2	40	3	28	4	46	5	48	6	78	7	67	8	86	9	27	10	97	11	86	12	83	13	66	14	27	15	35	16	20	17	12	18	45	19	71	20	35	21	20	22	27	23	98	24	30	25	96	26	48	27	70	28	85	29	82	
	0	65	1	47	2	81	3	49	4	34	5	95	6	60	7	14	8	67	9	92	10	36	11	48	12	52	13	91	14	85	15	82	16	57	17	16	18	88	19	30	20	54	21	71	22	93	23	56	24	99	25	67	26	66	27	100	28	68	29	70	
	0	23	1	15	2	25	3	59	4	77	5	76	6	89	7	97	8	27	9	46	10	71	11	33	12	95	13	46	14	48	15	85	16	69	17	72	18	68	19	44	20	93	21	45	22	76	23	86	24	81	25	71	26	79	27	73	28	36	29	55	
	0	22	1	96	2	99	3	45	4	16	5	83	6	53	7	93	8	89	9	86	10	37	11	70	12	32	13	73	14	93	15	85	16	73	17	79	18	59	19	24	20	67	21	94	22	92	23	63	24	89	25	98	26	56	27	52	28	53	29	18	
	0	11	1	49	2	44	3	13	4	96	5	75	6	39	7	47	8	15	9	97	10	73	11	69	12	74	13	49	14	84	15	61	16	54	17	85	18	30	19	16	20	16	21	51	22	69	23	40	24	34	25	24	26	52	27	84	28	68	29	89	
	0	80	1	99	2	14	3	61	4	90	5	81	6	29	7	71	8	79	9	42	10	73	11	92	12	90	13	47	14	89	15	65	16	42	17	26	18	35	19	58	20	77	21	98	22	42	23	53	24	13	25	84	26	56	27	47	28	12	29	76	
	0	66	1	43	2	72	3	59	4	30	5	53	6	49	7	36	8	87	9	38	10	24	11	16	12	80	13	19	14	89	15	55	16	27	17	51	18	80	19	46	20	12	21	42	22	40	23	19	24	98	25	52	26	74	27	10	28	89	29	86	
	0	71	1	33	2	38	3	80	4	64	5	57	6	25	7	14	8	32	9	18	10	93	11	59	12	58	13	13	14	21	15	92	16	60	17	75	18	80	19	78	20	29	21	22	22	63	23	47	24	79	25	33	26	57	27	11	28	14	29	15	
	0	20	1	62	2	82	3	51	4	43	5	53	6	69	7	87	8	91	9	92	10	16	11	16	12	17	13	50	14	55	15	74	16	72	17	75	18	23	19	24	20	29	21	58	22	99	23	91	24	40	25	31	26	83	27	60	28	82	29	68	
	0	88	1	100	2	95	3	71	4	67	5	69	6	53	7	45	8	31	9	58	10	35	11	75	12	55	13	26	14	78	15	95	16	32	17	46	18	35	19	33	20	96	21	20	22	17	23	72	24	41	25	94	26	54	27	45	28	75	29	43	
	0	11	1	78	2	71	3	39	4	38	5	52	6	14	7	91	8	66	9	44	10	63	11	81	12	98	13	45	14	20	15	86	16	74	17	57	18	50	19	87	20	37	21	98	22	46	23	41	24	52	25	50	26	46	27	61	28	41	29	26	
	0	29	1	15	2	53	3	93	4	78	5	18	6	71	7	58	8	53	9	49	10	28	11	75	12	76	13	77	14	22	15	38	16	84	17	19	18	43	19	81	20	69	21	97	22	91	23	21	24	63	25	33	26	55	27	24	28	42	29	61	
	0	45	1	42	2	14	3	92	4	83	5	42	6	32	7	57	8	94	9	98	10	11	11	40	12	58	13	71	14	32	15	71	16	40	17	32	18	93	19	80	20	48	21	78	22	72	23	50	24	73	25	55	26	100	27	83	28	89	29	40	
	0	72	1	21	2	57	3	97	4	30	5	14	6	22	7	78	8	89	9	11	10	14	11	31	12	31	13	70	14	22	15	55	16	34	17	18	18	87	19	13	20	24	21	75	22	40	23	47	24	33	25	11	26	91	27	39	28	74	29	73	
	0	56	1	27	2	97	3	75	4	98	5	65	6	23	7	42	8	62	9	73	10	19	11	94	12	26	13	26	14	39	15	33	16	90	17	42	18	28	19	48	20	73	21	17	22	13	23	42	24	82	25	90	26	33	27	36	28	44	29	50	
	0	69	1	37	2	90	3	40	4	68	5	70	6	53	7	21	8	61	9	61	10	18	11	40	12	20	13	97	14	44	15	40	16	41	17	87	18	38	19	86	20	77	21	45	22	58	23	61	24	59	25	34	26	51	27	83	28	77	29	16	
	0	12	1	40	2	37	3	78	4	39	5	26	6	87	7	89	8	32	9	18	10	25	11	45	12	48	13	10	14	30	15	36	16	59	17	27	18	90	19	43	20	61	21	91	22	81	23	16	24	10	25	24	26	20	27	36	28	44	29	89	
	0	85	1	15	2	22	3	95	4	45	5	32	6	85	7	19	8	94	9	30	10	90	11	34	12	52	13	44	14	87	15	61	16	91	17	91	18	80	19	94	20	60	21	59	22	40	23	46	24	36	25	100	26	84	27	50	28	74	29	18	
	0	77	1	52	2	95	3	66	4	76	5	38	6	23	7	45	8	10	9	96	10	31	11	46	12	59	13	38	14	27	15	67	16	96	17	27	18	31	19	54	20	74	21	35	22	87	23	69	24	84	25	86	26	44	27	62	28	53	29	96	
	0	13	1	45	2	82	3	33	4	39	5	64	6	32	7	19	8	20	9	97	10	21	11	64	12	25	13	31	14	38	15	94	16	58	17	51	18	32	19	34	20	84	21	42	22	13	23	44	24	84	25	65	26	89	27	90	28	44	29	92	
	0	51	1	10	2	68	3	50	4	98	5	47	6	35	7	33	8	16	9	62	10	47	11	32	12	73	13	54	14	63	15	20	16	90	17	21	18	76	19	33	20	71	21	25	22	75	23	91	24	40	25	41	26	74	27	46	28	100	29	63	
	0	59	1	70	2	62	3	57	4	56	5	73	6	33	7	47	8	40	9	67	10	71	11	18	12	21	13	71	14	11	15	34	16	37	17	63	18	75	19	56	20	20	21	83	22	80	23	100	24	56	25	66	26	43	27	12	28	16	29	25	
	0	55	1	13	2	92	3	63	4	68	5	12	6	97	7	47	8	58	9	39	10	74	11	38	12	79	13	36	14	87	15	62	16	97	17	24	18	39	19	62	20	47	21	22	22	66	23	69	24	41	25	70	26	25	27	83	28	49	29	53	
	0	66	1	42	2	91	3	26	4	62	5	10	6	32	7	87	8	60	9	24	10	14	11	65	12	29	13	29	14	93	15	66	16	79	17	32	18	99	19	42	20	58	21	80	22	63	23	73	24	33	25	14	26	92	27	57	28	44	29	17	
	0	48	1	26	2	47	3	62	4	74	5	62	6	68	7	58	8	81	9	64	10	36	11	26	12	92	13	86	14	16	15	54	16	94	17	91	18	100	19	79	20	10	21	25	22	84	23	92	24	44	25	95	26	44	27	40	28	57	29	81	
	0	10	1	16	2	73	3	33	4	66	5	99	6	69	7	37	8	17	9	94	10	89	11	23	12	97	13	55	14	29	15	94	16	45	17	93	18	35	19	13	20	23	21	71	22	45	23	100	24	34	25	16	26	68	27	12	28	60	29	45	
	0	63	1	35	2	21	3	72	4	91	5	59	6	41	7	27	8	33	9	100	10	62	11	95	12	76	13	13	14	84	15	30	16	69	17	85	18	35	19	51	20	66	21	67	22	73	23	11	24	38	25	46	26	80	27	17	28	46	29	35	
	0	65	1	89	2	60	3	11	4	79	5	26	6	25	7	43	8	65	9	43	10	21	11	44	12	57	13	66	14	11	15	58	16	69	17	43	18	76	19	32	20	25	21	42	22	40	23	30	24	53	25	53	26	52	27	41	28	77	29	81	
	0	25	1	36	2	68	3	66	4	59	5	47	6	54	7	25	8	37	9	71	10	40	11	80	12	54	13	29	14	10	15	91	16	44	17	38	18	94	19	60	20	36	21	23	22	11	23	93	24	60	25	95	26	47	27	36	28	57	29	46	