100 50 1
50
	0	89	1	10	2	17	3	24	4	74	5	77	6	11	7	67	8	67	9	32	10	52	11	74	12	23	13	44	14	34	15	34	16	27	17	91	18	57	19	100	20	63	21	82	22	96	23	52	24	53	25	81	26	52	27	86	28	82	29	19	30	72	31	83	32	68	33	56	34	53	35	60	36	40	37	24	38	72	39	60	40	53	41	83	42	38	43	40	44	33	45	11	46	48	47	82	48	67	49	40	
	0	53	1	78	2	56	3	30	4	95	5	43	6	88	7	47	8	86	9	81	10	30	11	46	12	20	13	16	14	58	15	52	16	79	17	79	18	20	19	17	20	35	21	83	22	93	23	27	24	27	25	42	26	34	27	47	28	74	29	32	30	72	31	68	32	29	33	92	34	50	35	49	36	47	37	19	38	84	39	67	40	19	41	51	42	100	43	94	44	62	45	92	46	38	47	83	48	17	49	72	
	0	55	1	84	2	88	3	90	4	68	5	20	6	28	7	62	8	94	9	52	10	41	11	88	12	39	13	35	14	47	15	97	16	33	17	52	18	99	19	31	20	36	21	90	22	66	23	52	24	50	25	99	26	59	27	99	28	55	29	18	30	91	31	48	32	61	33	99	34	11	35	89	36	46	37	45	38	15	39	79	40	82	41	82	42	30	43	10	44	77	45	16	46	60	47	46	48	86	49	87	
	0	77	1	100	2	16	3	65	4	53	5	98	6	87	7	37	8	100	9	79	10	16	11	21	12	94	13	32	14	45	15	92	16	29	17	17	18	78	19	75	20	25	21	64	22	94	23	22	24	83	25	72	26	70	27	20	28	63	29	66	30	61	31	61	32	76	33	77	34	37	35	43	36	94	37	97	38	24	39	17	40	46	41	100	42	65	43	83	44	88	45	100	46	23	47	23	48	44	49	29	
	0	37	1	35	2	34	3	41	4	29	5	10	6	71	7	48	8	94	9	68	10	79	11	50	12	31	13	41	14	72	15	70	16	53	17	52	18	94	19	33	20	50	21	84	22	38	23	50	24	45	25	59	26	23	27	58	28	50	29	80	30	71	31	11	32	31	33	80	34	98	35	55	36	26	37	66	38	45	39	63	40	56	41	47	42	25	43	78	44	56	45	33	46	24	47	24	48	53	49	100	
	0	84	1	59	2	74	3	62	4	64	5	91	6	36	7	89	8	69	9	13	10	22	11	67	12	98	13	49	14	44	15	28	16	97	17	67	18	16	19	88	20	34	21	12	22	19	23	70	24	98	25	94	26	40	27	96	28	68	29	23	30	12	31	10	32	76	33	38	34	33	35	55	36	23	37	28	38	35	39	98	40	90	41	39	42	49	43	63	44	22	45	58	46	45	47	33	48	82	49	43	
	0	70	1	88	2	77	3	92	4	34	5	76	6	60	7	86	8	47	9	76	10	81	11	53	12	73	13	87	14	93	15	54	16	54	17	37	18	35	19	30	20	40	21	51	22	93	23	34	24	95	25	77	26	27	27	83	28	97	29	34	30	28	31	34	32	46	33	51	34	72	35	42	36	48	37	65	38	70	39	31	40	45	41	77	42	85	43	54	44	49	45	48	46	82	47	15	48	53	49	31	
	0	80	1	44	2	31	3	74	4	82	5	35	6	44	7	97	8	47	9	17	10	79	11	83	12	61	13	60	14	23	15	46	16	51	17	90	18	35	19	76	20	61	21	25	22	31	23	89	24	43	25	54	26	34	27	74	28	33	29	90	30	75	31	53	32	62	33	53	34	97	35	10	36	59	37	72	38	60	39	33	40	15	41	96	42	61	43	63	44	94	45	44	46	63	47	66	48	87	49	34	
	0	47	1	40	2	68	3	64	4	44	5	90	6	53	7	37	8	78	9	65	10	24	11	52	12	88	13	39	14	12	15	37	16	35	17	80	18	95	19	83	20	44	21	34	22	23	23	97	24	100	25	29	26	42	27	57	28	68	29	52	30	26	31	83	32	74	33	38	34	82	35	30	36	65	37	51	38	80	39	28	40	59	41	56	42	32	43	20	44	38	45	79	46	18	47	91	48	86	49	37	
	0	22	1	15	2	27	3	93	4	43	5	84	6	19	7	79	8	67	9	72	10	62	11	83	12	13	13	87	14	42	15	86	16	70	17	81	18	45	19	77	20	93	21	80	22	83	23	96	24	23	25	70	26	90	27	34	28	10	29	64	30	48	31	28	32	72	33	70	34	69	35	55	36	89	37	10	38	88	39	31	40	21	41	95	42	87	43	100	44	84	45	12	46	82	47	35	48	70	49	31	
	0	95	1	63	2	21	3	78	4	88	5	43	6	40	7	60	8	27	9	57	10	30	11	100	12	11	13	11	14	57	15	68	16	18	17	50	18	10	19	80	20	22	21	50	22	63	23	41	24	96	25	16	26	46	27	28	28	82	29	36	30	16	31	79	32	57	33	22	34	51	35	66	36	36	37	77	38	49	39	97	40	18	41	28	42	18	43	26	44	99	45	87	46	96	47	88	48	34	49	38	
	0	25	1	64	2	57	3	65	4	16	5	57	6	94	7	48	8	95	9	62	10	92	11	79	12	75	13	42	14	100	15	58	16	27	17	92	18	56	19	15	20	54	21	43	22	70	23	76	24	34	25	51	26	13	27	99	28	99	29	59	30	66	31	24	32	17	33	38	34	98	35	93	36	68	37	21	38	48	39	46	40	15	41	15	42	30	43	29	44	35	45	68	46	45	47	75	48	48	49	16	
	0	60	1	18	2	56	3	50	4	10	5	81	6	21	7	23	8	25	9	100	10	83	11	97	12	86	13	10	14	74	15	100	16	26	17	71	18	67	19	64	20	63	21	41	22	10	23	75	24	89	25	62	26	49	27	52	28	61	29	46	30	12	31	70	32	44	33	34	34	25	35	31	36	82	37	16	38	76	39	62	40	17	41	32	42	23	43	34	44	99	45	24	46	20	47	32	48	18	49	96	
	0	62	1	63	2	79	3	31	4	49	5	33	6	97	7	12	8	63	9	56	10	57	11	71	12	18	13	59	14	77	15	51	16	29	17	76	18	38	19	69	20	99	21	11	22	15	23	50	24	66	25	36	26	83	27	29	28	68	29	50	30	86	31	83	32	99	33	34	34	84	35	51	36	43	37	86	38	16	39	37	40	71	41	69	42	91	43	82	44	86	45	96	46	11	47	55	48	71	49	97	
	0	21	1	14	2	70	3	85	4	83	5	38	6	68	7	71	8	10	9	78	10	10	11	60	12	70	13	38	14	61	15	100	16	82	17	34	18	65	19	68	20	35	21	40	22	22	23	31	24	94	25	91	26	83	27	99	28	22	29	64	30	70	31	47	32	19	33	95	34	11	35	53	36	59	37	66	38	39	39	42	40	85	41	29	42	62	43	34	44	53	45	87	46	74	47	81	48	90	49	73	
	0	82	1	52	2	91	3	13	4	40	5	59	6	63	7	22	8	83	9	32	10	80	11	82	12	18	13	31	14	93	15	57	16	72	17	11	18	57	19	35	20	81	21	45	22	43	23	42	24	46	25	33	26	77	27	70	28	66	29	76	30	38	31	74	32	68	33	54	34	81	35	27	36	10	37	24	38	100	39	55	40	90	41	48	42	25	43	49	44	76	45	77	46	26	47	62	48	76	49	51	
	0	81	1	26	2	93	3	41	4	23	5	20	6	71	7	82	8	74	9	87	10	10	11	93	12	71	13	74	14	74	15	41	16	67	17	74	18	37	19	84	20	91	21	99	22	25	23	76	24	79	25	86	26	92	27	73	28	25	29	95	30	34	31	41	32	23	33	37	34	65	35	50	36	52	37	93	38	77	39	18	40	68	41	12	42	63	43	57	44	71	45	93	46	11	47	71	48	33	49	67	
	0	88	1	73	2	45	3	25	4	43	5	97	6	49	7	96	8	39	9	48	10	22	11	87	12	93	13	87	14	45	15	31	16	43	17	49	18	53	19	91	20	33	21	65	22	50	23	33	24	89	25	46	26	90	27	14	28	50	29	88	30	52	31	40	32	80	33	38	34	46	35	19	36	41	37	78	38	20	39	53	40	10	41	55	42	81	43	26	44	44	45	89	46	37	47	91	48	66	49	10	
	0	65	1	45	2	58	3	65	4	64	5	26	6	74	7	46	8	12	9	67	10	50	11	43	12	37	13	90	14	28	15	33	16	15	17	74	18	89	19	55	20	67	21	36	22	33	23	17	24	84	25	20	26	51	27	17	28	38	29	100	30	15	31	27	32	53	33	69	34	20	35	98	36	55	37	18	38	44	39	96	40	12	41	25	42	45	43	73	44	80	45	15	46	28	47	30	48	60	49	52	
	0	99	1	80	2	27	3	27	4	50	5	12	6	19	7	31	8	94	9	36	10	45	11	20	12	38	13	19	14	20	15	55	16	31	17	32	18	60	19	81	20	14	21	96	22	90	23	92	24	42	25	63	26	42	27	28	28	33	29	60	30	46	31	73	32	48	33	81	34	55	35	60	36	37	37	49	38	18	39	25	40	20	41	71	42	26	43	77	44	67	45	100	46	57	47	22	48	77	49	94	
	0	69	1	18	2	25	3	91	4	36	5	21	6	60	7	23	8	13	9	34	10	53	11	72	12	37	13	50	14	56	15	91	16	83	17	54	18	20	19	94	20	21	21	83	22	92	23	87	24	92	25	92	26	54	27	90	28	98	29	79	30	21	31	42	32	48	33	37	34	62	35	14	36	98	37	25	38	17	39	20	40	99	41	23	42	78	43	88	44	46	45	27	46	42	47	51	48	15	49	52	
	0	55	1	74	2	100	3	32	4	33	5	100	6	24	7	80	8	84	9	58	10	19	11	59	12	76	13	89	14	32	15	60	16	11	17	47	18	58	19	67	20	79	21	46	22	94	23	28	24	91	25	13	26	86	27	16	28	78	29	30	30	39	31	17	32	14	33	98	34	20	35	73	36	54	37	52	38	91	39	49	40	97	41	83	42	96	43	19	44	67	45	11	46	43	47	83	48	77	49	80	
	0	21	1	55	2	87	3	97	4	26	5	24	6	95	7	60	8	32	9	15	10	24	11	45	12	99	13	26	14	98	15	26	16	65	17	82	18	47	19	69	20	49	21	89	22	15	23	57	24	77	25	90	26	43	27	79	28	76	29	96	30	18	31	38	32	80	33	76	34	27	35	83	36	12	37	33	38	22	39	65	40	31	41	96	42	58	43	71	44	93	45	24	46	61	47	62	48	12	49	68	
	0	75	1	94	2	41	3	20	4	17	5	85	6	91	7	25	8	16	9	21	10	51	11	32	12	67	13	31	14	89	15	28	16	25	17	85	18	48	19	91	20	26	21	78	22	10	23	59	24	63	25	81	26	26	27	92	28	43	29	81	30	73	31	22	32	80	33	44	34	90	35	39	36	86	37	90	38	59	39	78	40	35	41	75	42	56	43	96	44	25	45	77	46	50	47	55	48	47	49	72	
	0	98	1	29	2	57	3	46	4	87	5	32	6	26	7	56	8	87	9	74	10	34	11	40	12	24	13	69	14	36	15	55	16	57	17	62	18	20	19	90	20	73	21	18	22	64	23	91	24	98	25	93	26	11	27	84	28	77	29	25	30	14	31	12	32	64	33	38	34	23	35	55	36	60	37	56	38	67	39	75	40	53	41	13	42	32	43	60	44	55	45	48	46	21	47	56	48	36	49	91	
	0	100	1	64	2	80	3	95	4	77	5	31	6	90	7	17	8	96	9	91	10	90	11	84	12	67	13	68	14	34	15	29	16	87	17	62	18	10	19	87	20	17	21	82	22	100	23	51	24	53	25	53	26	29	27	97	28	20	29	89	30	53	31	94	32	83	33	59	34	99	35	69	36	17	37	71	38	61	39	64	40	14	41	88	42	85	43	25	44	27	45	33	46	10	47	77	48	91	49	37	
	0	57	1	79	2	74	3	71	4	90	5	45	6	90	7	18	8	89	9	96	10	15	11	99	12	75	13	27	14	76	15	26	16	48	17	39	18	87	19	12	20	89	21	14	22	31	23	64	24	16	25	81	26	70	27	74	28	60	29	45	30	79	31	91	32	99	33	91	34	31	35	45	36	83	37	71	38	100	39	93	40	78	41	99	42	69	43	30	44	54	45	21	46	21	47	13	48	74	49	81	
	0	89	1	96	2	18	3	47	4	63	5	51	6	30	7	72	8	40	9	85	10	25	11	13	12	60	13	16	14	40	15	38	16	28	17	23	18	66	19	38	20	13	21	38	22	23	23	27	24	24	25	77	26	87	27	91	28	69	29	98	30	15	31	62	32	52	33	52	34	79	35	92	36	24	37	60	38	55	39	82	40	32	41	60	42	53	43	34	44	73	45	68	46	25	47	83	48	26	49	66	
	0	62	1	88	2	79	3	96	4	94	5	17	6	60	7	88	8	14	9	40	10	94	11	64	12	64	13	85	14	24	15	50	16	51	17	64	18	44	19	64	20	97	21	37	22	82	23	57	24	24	25	23	26	19	27	73	28	69	29	51	30	17	31	61	32	10	33	26	34	97	35	14	36	83	37	91	38	40	39	23	40	69	41	10	42	70	43	66	44	66	45	23	46	97	47	52	48	27	49	73	
	0	99	1	81	2	62	3	72	4	57	5	75	6	39	7	31	8	60	9	29	10	40	11	96	12	43	13	74	14	86	15	48	16	57	17	11	18	62	19	22	20	53	21	100	22	67	23	33	24	98	25	65	26	65	27	53	28	80	29	85	30	77	31	85	32	39	33	70	34	68	35	50	36	13	37	95	38	15	39	100	40	77	41	57	42	57	43	96	44	38	45	60	46	28	47	30	48	68	49	88	
	0	87	1	59	2	94	3	79	4	25	5	87	6	55	7	64	8	47	9	37	10	31	11	100	12	59	13	93	14	56	15	59	16	75	17	84	18	86	19	74	20	95	21	14	22	25	23	16	24	73	25	58	26	82	27	33	28	11	29	36	30	55	31	62	32	58	33	66	34	67	35	92	36	79	37	41	38	71	39	80	40	49	41	31	42	76	43	37	44	79	45	62	46	38	47	57	48	72	49	39	
	0	60	1	87	2	49	3	73	4	43	5	29	6	92	7	57	8	23	9	59	10	73	11	59	12	27	13	26	14	21	15	57	16	91	17	15	18	39	19	23	20	42	21	81	22	92	23	25	24	57	25	21	26	12	27	100	28	96	29	80	30	28	31	47	32	61	33	58	34	32	35	65	36	65	37	22	38	52	39	97	40	96	41	100	42	51	43	29	44	80	45	68	46	27	47	36	48	73	49	48	
	0	91	1	69	2	87	3	68	4	25	5	64	6	55	7	49	8	18	9	58	10	52	11	15	12	64	13	55	14	97	15	13	16	72	17	46	18	38	19	55	20	23	21	97	22	84	23	77	24	64	25	98	26	62	27	44	28	12	29	31	30	52	31	69	32	66	33	24	34	55	35	53	36	44	37	73	38	61	39	10	40	76	41	23	42	47	43	49	44	69	45	73	46	43	47	99	48	58	49	80	
	0	65	1	24	2	88	3	74	4	88	5	96	6	28	7	25	8	11	9	52	10	73	11	79	12	19	13	75	14	80	15	56	16	45	17	86	18	32	19	100	20	65	21	50	22	74	23	41	24	26	25	46	26	43	27	40	28	73	29	24	30	80	31	45	32	14	33	46	34	25	35	10	36	12	37	49	38	58	39	68	40	73	41	99	42	57	43	64	44	48	45	96	46	87	47	52	48	42	49	96	
	0	32	1	62	2	18	3	23	4	45	5	38	6	37	7	33	8	60	9	59	10	74	11	78	12	66	13	49	14	61	15	13	16	59	17	55	18	12	19	58	20	57	21	59	22	18	23	22	24	69	25	77	26	11	27	98	28	45	29	95	30	67	31	74	32	62	33	56	34	52	35	77	36	21	37	36	38	18	39	42	40	63	41	20	42	36	43	87	44	26	45	79	46	84	47	70	48	90	49	70	
	0	83	1	19	2	85	3	60	4	80	5	60	6	23	7	90	8	65	9	17	10	87	11	59	12	37	13	90	14	84	15	60	16	74	17	16	18	93	19	91	20	53	21	48	22	49	23	58	24	14	25	14	26	33	27	25	28	48	29	75	30	34	31	72	32	17	33	64	34	45	35	97	36	71	37	22	38	24	39	45	40	74	41	28	42	36	43	62	44	44	45	11	46	86	47	76	48	32	49	30	
	0	79	1	30	2	90	3	37	4	66	5	95	6	79	7	60	8	46	9	76	10	38	11	65	12	16	13	10	14	10	15	80	16	48	17	29	18	97	19	75	20	23	21	16	22	21	23	14	24	95	25	22	26	65	27	68	28	31	29	64	30	70	31	77	32	41	33	67	34	27	35	42	36	86	37	33	38	33	39	87	40	99	41	76	42	66	43	40	44	38	45	77	46	50	47	44	48	56	49	34	
	0	68	1	89	2	87	3	76	4	86	5	87	6	86	7	12	8	47	9	40	10	74	11	20	12	10	13	33	14	78	15	23	16	91	17	80	18	24	19	64	20	21	21	35	22	89	23	22	24	20	25	42	26	88	27	83	28	87	29	31	30	32	31	21	32	88	33	58	34	76	35	100	36	63	37	92	38	62	39	36	40	91	41	13	42	69	43	38	44	28	45	88	46	45	47	64	48	59	49	57	
	0	74	1	56	2	36	3	47	4	15	5	76	6	34	7	17	8	98	9	61	10	25	11	19	12	52	13	46	14	55	15	20	16	87	17	23	18	64	19	79	20	60	21	69	22	58	23	11	24	86	25	83	26	19	27	28	28	97	29	40	30	28	31	68	32	40	33	72	34	60	35	19	36	47	37	31	38	60	39	23	40	41	41	12	42	65	43	21	44	82	45	72	46	11	47	35	48	24	49	31	
	0	83	1	17	2	19	3	46	4	17	5	14	6	46	7	52	8	38	9	16	10	57	11	29	12	32	13	100	14	26	15	72	16	18	17	97	18	61	19	99	20	44	21	69	22	73	23	34	24	97	25	12	26	60	27	73	28	19	29	50	30	54	31	12	32	45	33	99	34	37	35	83	36	65	37	71	38	81	39	69	40	39	41	69	42	65	43	38	44	46	45	41	46	75	47	52	48	25	49	94	
	0	98	1	46	2	46	3	50	4	45	5	78	6	67	7	84	8	66	9	14	10	36	11	72	12	71	13	95	14	55	15	68	16	37	17	44	18	66	19	22	20	52	21	13	22	39	23	38	24	84	25	59	26	90	27	51	28	35	29	70	30	29	31	62	32	19	33	64	34	39	35	63	36	18	37	75	38	67	39	39	40	89	41	50	42	26	43	99	44	77	45	25	46	38	47	92	48	64	49	65	
	0	77	1	54	2	17	3	22	4	21	5	23	6	20	7	39	8	78	9	30	10	82	11	85	12	17	13	44	14	79	15	76	16	12	17	46	18	51	19	78	20	11	21	49	22	96	23	70	24	54	25	86	26	75	27	81	28	17	29	69	30	83	31	46	32	10	33	12	34	47	35	88	36	62	37	54	38	23	39	58	40	58	41	71	42	13	43	94	44	61	45	26	46	25	47	61	48	12	49	25	
	0	77	1	88	2	97	3	30	4	60	5	55	6	64	7	78	8	70	9	20	10	63	11	76	12	100	13	46	14	23	15	59	16	71	17	54	18	63	19	32	20	64	21	67	22	48	23	90	24	33	25	15	26	73	27	18	28	63	29	12	30	67	31	26	32	60	33	28	34	89	35	84	36	97	37	12	38	14	39	74	40	36	41	59	42	55	43	86	44	44	45	62	46	95	47	26	48	16	49	10	
	0	54	1	96	2	75	3	57	4	52	5	70	6	14	7	21	8	96	9	31	10	54	11	22	12	52	13	80	14	95	15	49	16	51	17	30	18	99	19	77	20	56	21	32	22	77	23	94	24	52	25	78	26	98	27	15	28	36	29	70	30	58	31	20	32	56	33	43	34	18	35	31	36	29	37	76	38	36	39	96	40	15	41	80	42	86	43	100	44	32	45	65	46	88	47	53	48	89	49	46	
	0	69	1	82	2	44	3	38	4	58	5	42	6	61	7	79	8	86	9	59	10	72	11	84	12	31	13	18	14	23	15	59	16	77	17	20	18	62	19	11	20	94	21	70	22	78	23	22	24	46	25	19	26	81	27	62	28	81	29	91	30	78	31	35	32	68	33	80	34	99	35	10	36	100	37	80	38	84	39	71	40	63	41	20	42	69	43	51	44	56	45	89	46	65	47	25	48	37	49	74	
	0	86	1	73	2	39	3	78	4	49	5	90	6	34	7	36	8	76	9	27	10	83	11	94	12	57	13	44	14	48	15	80	16	45	17	12	18	81	19	39	20	45	21	13	22	31	23	75	24	59	25	34	26	85	27	59	28	37	29	52	30	22	31	79	32	58	33	42	34	24	35	87	36	61	37	41	38	69	39	39	40	55	41	51	42	29	43	15	44	67	45	81	46	34	47	57	48	82	49	44	
	0	71	1	25	2	91	3	82	4	30	5	82	6	21	7	65	8	91	9	91	10	27	11	14	12	20	13	66	14	43	15	35	16	89	17	92	18	27	19	89	20	43	21	96	22	67	23	26	24	71	25	52	26	90	27	100	28	52	29	92	30	40	31	97	32	50	33	60	34	72	35	81	36	51	37	77	38	56	39	82	40	37	41	68	42	100	43	52	44	81	45	50	46	87	47	48	48	67	49	74	
	0	37	1	75	2	11	3	72	4	37	5	99	6	30	7	77	8	77	9	47	10	66	11	61	12	29	13	28	14	50	15	55	16	50	17	54	18	30	19	16	20	20	21	88	22	47	23	10	24	53	25	36	26	54	27	84	28	67	29	43	30	49	31	90	32	71	33	42	34	83	35	64	36	50	37	80	38	14	39	31	40	97	41	65	42	99	43	54	44	22	45	49	46	39	47	85	48	92	49	56	
	0	56	1	66	2	72	3	63	4	54	5	39	6	73	7	48	8	72	9	67	10	84	11	80	12	64	13	89	14	47	15	21	16	52	17	93	18	99	19	62	20	25	21	89	22	54	23	27	24	55	25	36	26	17	27	27	28	94	29	63	30	43	31	85	32	74	33	57	34	67	35	32	36	80	37	35	38	26	39	11	40	29	41	29	42	74	43	77	44	17	45	37	46	42	47	28	48	35	49	67	
	0	52	1	15	2	29	3	82	4	55	5	44	6	98	7	73	8	12	9	50	10	82	11	76	12	10	13	42	14	30	15	57	16	99	17	66	18	37	19	68	20	51	21	66	22	99	23	39	24	36	25	24	26	75	27	50	28	32	29	88	30	72	31	87	32	93	33	20	34	73	35	93	36	18	37	72	38	67	39	93	40	47	41	27	42	51	43	17	44	74	45	25	46	71	47	23	48	90	49	31	
	0	34	1	24	2	23	3	47	4	41	5	95	6	54	7	69	8	65	9	64	10	31	11	16	12	93	13	11	14	91	15	20	16	38	17	47	18	68	19	19	20	53	21	81	22	47	23	82	24	21	25	50	26	35	27	46	28	89	29	79	30	87	31	88	32	92	33	17	34	90	35	84	36	88	37	36	38	29	39	27	40	23	41	32	42	82	43	80	44	20	45	94	46	88	47	31	48	98	49	98	
	0	25	1	76	2	12	3	77	4	40	5	12	6	38	7	75	8	15	9	56	10	94	11	92	12	69	13	65	14	48	15	49	16	31	17	13	18	17	19	14	20	51	21	25	22	10	23	10	24	54	25	95	26	25	27	83	28	64	29	50	30	93	31	18	32	69	33	72	34	89	35	97	36	64	37	36	38	27	39	43	40	33	41	45	42	19	43	94	44	93	45	62	46	18	47	82	48	12	49	70	
	0	38	1	87	2	46	3	80	4	45	5	81	6	24	7	84	8	61	9	83	10	83	11	25	12	69	13	58	14	35	15	79	16	36	17	85	18	14	19	47	20	94	21	11	22	32	23	76	24	21	25	50	26	70	27	88	28	62	29	20	30	13	31	58	32	28	33	57	34	16	35	91	36	40	37	50	38	95	39	65	40	95	41	92	42	89	43	23	44	50	45	40	46	20	47	36	48	52	49	99	
	0	24	1	28	2	12	3	84	4	71	5	12	6	38	7	98	8	24	9	49	10	83	11	75	12	31	13	86	14	15	15	83	16	94	17	13	18	61	19	37	20	95	21	30	22	61	23	19	24	87	25	19	26	16	27	25	28	84	29	45	30	18	31	66	32	21	33	49	34	72	35	86	36	24	37	36	38	77	39	38	40	79	41	74	42	58	43	61	44	33	45	47	46	41	47	39	48	79	49	11	
	0	75	1	78	2	16	3	73	4	45	5	81	6	45	7	24	8	63	9	77	10	53	11	45	12	67	13	82	14	67	15	75	16	87	17	37	18	62	19	23	20	71	21	10	22	35	23	73	24	95	25	100	26	45	27	39	28	57	29	86	30	66	31	93	32	61	33	61	34	90	35	25	36	54	37	77	38	72	39	36	40	55	41	72	42	84	43	33	44	87	45	19	46	26	47	34	48	45	49	14	
	0	47	1	96	2	71	3	10	4	82	5	36	6	16	7	60	8	58	9	34	10	39	11	74	12	62	13	53	14	95	15	24	16	95	17	99	18	74	19	49	20	83	21	28	22	92	23	11	24	63	25	80	26	95	27	63	28	15	29	93	30	61	31	46	32	47	33	56	34	63	35	39	36	25	37	53	38	47	39	94	40	84	41	61	42	74	43	69	44	77	45	85	46	41	47	60	48	72	49	34	
	0	47	1	66	2	52	3	95	4	44	5	19	6	11	7	22	8	49	9	14	10	84	11	93	12	22	13	88	14	72	15	41	16	17	17	71	18	99	19	21	20	29	21	100	22	59	23	54	24	88	25	39	26	99	27	99	28	28	29	29	30	37	31	48	32	72	33	94	34	81	35	97	36	19	37	74	38	43	39	26	40	81	41	62	42	31	43	73	44	28	45	91	46	37	47	50	48	50	49	90	
	0	46	1	25	2	50	3	39	4	10	5	40	6	62	7	65	8	79	9	31	10	71	11	43	12	11	13	21	14	36	15	80	16	96	17	99	18	25	19	83	20	59	21	15	22	60	23	66	24	87	25	93	26	23	27	13	28	67	29	91	30	69	31	90	32	84	33	66	34	32	35	32	36	35	37	23	38	87	39	89	40	97	41	68	42	44	43	85	44	15	45	56	46	79	47	18	48	45	49	28	
	0	78	1	15	2	86	3	33	4	80	5	25	6	50	7	19	8	80	9	56	10	100	11	30	12	22	13	68	14	23	15	31	16	78	17	63	18	72	19	81	20	86	21	45	22	47	23	19	24	90	25	100	26	46	27	77	28	97	29	46	30	51	31	23	32	48	33	77	34	27	35	93	36	10	37	47	38	41	39	44	40	37	41	47	42	56	43	26	44	44	45	28	46	22	47	93	48	39	49	21	
	0	57	1	66	2	97	3	36	4	66	5	18	6	28	7	72	8	48	9	63	10	90	11	98	12	55	13	96	14	84	15	38	16	48	17	21	18	77	19	97	20	31	21	79	22	71	23	66	24	82	25	78	26	94	27	20	28	64	29	62	30	56	31	52	32	100	33	37	34	25	35	21	36	32	37	44	38	37	39	19	40	71	41	55	42	84	43	96	44	78	45	78	46	21	47	54	48	95	49	90	
	0	17	1	39	2	58	3	52	4	72	5	55	6	14	7	77	8	44	9	87	10	76	11	19	12	99	13	10	14	78	15	25	16	30	17	37	18	46	19	28	20	100	21	40	22	91	23	98	24	90	25	80	26	10	27	79	28	61	29	29	30	41	31	60	32	63	33	71	34	63	35	64	36	56	37	32	38	71	39	48	40	18	41	10	42	11	43	75	44	86	45	23	46	51	47	68	48	53	49	79	
	0	90	1	51	2	89	3	63	4	35	5	64	6	55	7	99	8	85	9	55	10	40	11	44	12	32	13	42	14	83	15	10	16	56	17	19	18	45	19	96	20	81	21	88	22	52	23	50	24	21	25	82	26	70	27	67	28	58	29	91	30	39	31	94	32	47	33	56	34	30	35	24	36	43	37	91	38	99	39	17	40	15	41	29	42	58	43	12	44	30	45	52	46	95	47	71	48	97	49	90	
	0	46	1	16	2	36	3	97	4	89	5	55	6	26	7	60	8	21	9	69	10	16	11	63	12	39	13	92	14	34	15	68	16	65	17	82	18	62	19	31	20	89	21	10	22	26	23	61	24	20	25	15	26	17	27	85	28	83	29	100	30	94	31	92	32	84	33	31	34	40	35	84	36	76	37	91	38	23	39	64	40	69	41	59	42	39	43	44	44	89	45	56	46	90	47	90	48	88	49	22	
	0	40	1	44	2	57	3	52	4	79	5	11	6	89	7	43	8	43	9	32	10	27	11	23	12	56	13	48	14	91	15	59	16	80	17	76	18	27	19	64	20	12	21	70	22	55	23	50	24	98	25	34	26	29	27	66	28	59	29	93	30	66	31	77	32	79	33	39	34	44	35	66	36	32	37	38	38	81	39	19	40	60	41	79	42	82	43	83	44	58	45	85	46	21	47	13	48	93	49	18	
	0	31	1	85	2	89	3	66	4	59	5	87	6	28	7	74	8	50	9	93	10	72	11	64	12	39	13	36	14	58	15	33	16	96	17	63	18	26	19	71	20	47	21	70	22	69	23	74	24	49	25	94	26	92	27	91	28	30	29	99	30	70	31	20	32	24	33	51	34	91	35	87	36	40	37	19	38	31	39	76	40	19	41	71	42	90	43	51	44	32	45	60	46	25	47	20	48	64	49	88	
	0	94	1	16	2	75	3	85	4	61	5	39	6	87	7	68	8	82	9	16	10	50	11	16	12	39	13	66	14	27	15	52	16	62	17	12	18	42	19	69	20	63	21	38	22	53	23	72	24	29	25	53	26	47	27	29	28	70	29	75	30	70	31	22	32	35	33	33	34	72	35	59	36	39	37	92	38	21	39	26	40	45	41	21	42	65	43	25	44	82	45	38	46	30	47	50	48	78	49	31	
	0	86	1	34	2	32	3	54	4	74	5	62	6	83	7	17	8	51	9	54	10	38	11	35	12	14	13	10	14	85	15	41	16	47	17	91	18	66	19	63	20	20	21	58	22	38	23	51	24	36	25	51	26	34	27	70	28	35	29	75	30	14	31	87	32	24	33	100	34	96	35	15	36	54	37	41	38	87	39	40	40	33	41	43	42	55	43	55	44	70	45	30	46	68	47	23	48	48	49	42	
	0	99	1	81	2	27	3	24	4	58	5	96	6	17	7	24	8	20	9	62	10	86	11	67	12	20	13	57	14	64	15	45	16	60	17	14	18	74	19	73	20	43	21	78	22	32	23	68	24	99	25	11	26	48	27	70	28	49	29	55	30	74	31	28	32	97	33	65	34	64	35	41	36	61	37	96	38	24	39	74	40	24	41	22	42	70	43	35	44	87	45	11	46	27	47	25	48	76	49	55	
	0	50	1	85	2	34	3	63	4	40	5	39	6	58	7	89	8	22	9	67	10	21	11	43	12	34	13	56	14	15	15	77	16	13	17	28	18	81	19	27	20	94	21	85	22	55	23	26	24	56	25	17	26	20	27	52	28	54	29	97	30	44	31	41	32	96	33	54	34	96	35	16	36	75	37	46	38	13	39	78	40	23	41	55	42	12	43	12	44	92	45	92	46	31	47	69	48	27	49	54	
	0	12	1	79	2	41	3	89	4	16	5	66	6	47	7	94	8	57	9	37	10	23	11	76	12	59	13	95	14	47	15	91	16	21	17	81	18	70	19	97	20	77	21	40	22	80	23	72	24	52	25	97	26	72	27	83	28	61	29	26	30	84	31	91	32	91	33	44	34	95	35	21	36	53	37	40	38	71	39	71	40	15	41	100	42	59	43	48	44	81	45	24	46	35	47	68	48	36	49	17	
	0	27	1	99	2	15	3	74	4	16	5	59	6	100	7	48	8	16	9	57	10	63	11	81	12	58	13	24	14	97	15	72	16	99	17	92	18	68	19	62	20	28	21	54	22	34	23	55	24	44	25	43	26	44	27	67	28	96	29	13	30	81	31	41	32	44	33	26	34	28	35	96	36	69	37	100	38	67	39	35	40	54	41	42	42	62	43	90	44	66	45	30	46	67	47	71	48	28	49	36	
	0	74	1	63	2	24	3	16	4	86	5	18	6	60	7	85	8	52	9	54	10	44	11	65	12	36	13	15	14	50	15	39	16	79	17	29	18	42	19	17	20	83	21	16	22	16	23	81	24	99	25	86	26	98	27	97	28	41	29	41	30	61	31	24	32	25	33	30	34	55	35	46	36	84	37	39	38	95	39	42	40	19	41	15	42	80	43	12	44	51	45	77	46	46	47	15	48	94	49	36	
	0	56	1	34	2	96	3	48	4	82	5	82	6	44	7	56	8	75	9	72	10	15	11	54	12	10	13	18	14	47	15	60	16	21	17	53	18	50	19	98	20	28	21	72	22	10	23	98	24	46	25	73	26	16	27	66	28	85	29	27	30	26	31	91	32	16	33	51	34	72	35	88	36	23	37	33	38	49	39	70	40	73	41	30	42	67	43	50	44	75	45	33	46	58	47	19	48	17	49	85	
	0	35	1	47	2	85	3	44	4	61	5	32	6	87	7	42	8	25	9	10	10	21	11	48	12	40	13	72	14	15	15	75	16	94	17	12	18	14	19	36	20	80	21	24	22	53	23	72	24	75	25	16	26	60	27	71	28	24	29	23	30	79	31	53	32	78	33	43	34	62	35	56	36	95	37	52	38	15	39	87	40	35	41	33	42	13	43	11	44	25	45	29	46	57	47	67	48	70	49	23	
	0	38	1	57	2	79	3	31	4	31	5	82	6	34	7	51	8	65	9	71	10	72	11	70	12	40	13	93	14	89	15	57	16	62	17	14	18	29	19	100	20	11	21	99	22	71	23	43	24	44	25	19	26	33	27	35	28	66	29	28	30	36	31	13	32	15	33	52	34	24	35	14	36	51	37	77	38	90	39	68	40	48	41	77	42	66	43	100	44	67	45	18	46	16	47	43	48	16	49	64	
	0	11	1	42	2	80	3	86	4	34	5	67	6	81	7	46	8	57	9	59	10	28	11	19	12	90	13	73	14	63	15	47	16	30	17	24	18	65	19	12	20	58	21	13	22	100	23	43	24	50	25	87	26	26	27	23	28	90	29	59	30	22	31	46	32	68	33	46	34	93	35	77	36	97	37	49	38	44	39	30	40	51	41	41	42	52	43	17	44	21	45	25	46	62	47	33	48	23	49	46	
	0	78	1	43	2	66	3	38	4	73	5	91	6	12	7	44	8	47	9	78	10	62	11	43	12	92	13	84	14	34	15	40	16	67	17	49	18	53	19	95	20	63	21	90	22	56	23	36	24	86	25	82	26	32	27	77	28	33	29	28	30	92	31	92	32	11	33	64	34	58	35	45	36	56	37	97	38	11	39	69	40	22	41	80	42	19	43	89	44	49	45	63	46	28	47	19	48	78	49	46	
	0	55	1	83	2	32	3	23	4	80	5	91	6	10	7	20	8	27	9	44	10	46	11	86	12	19	13	88	14	81	15	54	16	19	17	90	18	94	19	53	20	13	21	47	22	58	23	66	24	14	25	68	26	80	27	92	28	61	29	76	30	34	31	25	32	93	33	16	34	43	35	64	36	43	37	64	38	44	39	12	40	26	41	60	42	56	43	90	44	64	45	12	46	89	47	56	48	26	49	44	
	0	21	1	38	2	26	3	80	4	80	5	49	6	87	7	21	8	56	9	13	10	62	11	11	12	94	13	38	14	11	15	37	16	34	17	73	18	57	19	16	20	14	21	28	22	79	23	86	24	87	25	72	26	92	27	87	28	46	29	55	30	11	31	71	32	50	33	14	34	89	35	13	36	50	37	87	38	65	39	63	40	90	41	86	42	34	43	76	44	21	45	52	46	76	47	27	48	64	49	34	
	0	75	1	27	2	62	3	21	4	81	5	40	6	92	7	31	8	51	9	85	10	38	11	43	12	68	13	82	14	11	15	12	16	71	17	19	18	78	19	36	20	26	21	60	22	64	23	65	24	19	25	38	26	68	27	31	28	84	29	72	30	13	31	74	32	19	33	64	34	64	35	96	36	71	37	74	38	81	39	15	40	25	41	77	42	38	43	46	44	57	45	28	46	79	47	58	48	40	49	87	
	0	92	1	53	2	32	3	100	4	66	5	38	6	64	7	29	8	48	9	23	10	50	11	90	12	21	13	86	14	53	15	60	16	72	17	91	18	18	19	27	20	39	21	52	22	29	23	62	24	34	25	10	26	15	27	78	28	63	29	60	30	88	31	50	32	93	33	97	34	59	35	38	36	99	37	39	38	73	39	70	40	55	41	15	42	77	43	98	44	71	45	51	46	99	47	84	48	75	49	60	
	0	86	1	100	2	25	3	93	4	74	5	47	6	75	7	65	8	29	9	97	10	98	11	63	12	25	13	35	14	12	15	57	16	99	17	100	18	44	19	50	20	13	21	70	22	53	23	81	24	72	25	30	26	86	27	19	28	74	29	59	30	23	31	76	32	38	33	95	34	46	35	93	36	82	37	11	38	78	39	80	40	70	41	89	42	45	43	16	44	34	45	76	46	47	47	92	48	36	49	78	
	0	90	1	43	2	62	3	33	4	11	5	71	6	89	7	38	8	16	9	34	10	96	11	16	12	84	13	86	14	77	15	50	16	79	17	97	18	67	19	44	20	100	21	97	22	82	23	80	24	70	25	49	26	66	27	71	28	83	29	25	30	33	31	66	32	72	33	29	34	63	35	77	36	34	37	40	38	28	39	10	40	66	41	70	42	23	43	44	44	20	45	82	46	11	47	63	48	70	49	87	
	0	86	1	17	2	68	3	69	4	85	5	44	6	55	7	80	8	33	9	64	10	76	11	59	12	19	13	46	14	95	15	40	16	99	17	68	18	66	19	54	20	71	21	77	22	98	23	14	24	61	25	38	26	73	27	14	28	61	29	34	30	86	31	64	32	42	33	19	34	93	35	69	36	50	37	29	38	33	39	77	40	77	41	45	42	55	43	64	44	39	45	35	46	25	47	27	48	36	49	51	
	0	79	1	49	2	41	3	37	4	17	5	89	6	78	7	67	8	22	9	28	10	88	11	15	12	26	13	69	14	48	15	37	16	81	17	57	18	16	19	30	20	76	21	94	22	43	23	24	24	20	25	33	26	75	27	61	28	21	29	76	30	26	31	99	32	26	33	44	34	14	35	95	36	98	37	44	38	28	39	16	40	69	41	29	42	39	43	98	44	100	45	35	46	44	47	58	48	80	49	17	
	0	36	1	24	2	29	3	79	4	44	5	62	6	46	7	34	8	86	9	26	10	93	11	58	12	38	13	66	14	11	15	70	16	37	17	12	18	45	19	34	20	26	21	71	22	96	23	93	24	17	25	78	26	96	27	15	28	72	29	68	30	97	31	94	32	80	33	61	34	14	35	37	36	15	37	51	38	91	39	33	40	94	41	95	42	39	43	22	44	12	45	82	46	50	47	48	48	10	49	83	
	0	67	1	76	2	40	3	48	4	31	5	79	6	16	7	27	8	71	9	13	10	96	11	36	12	54	13	19	14	30	15	52	16	27	17	20	18	82	19	41	20	99	21	16	22	37	23	92	24	59	25	43	26	13	27	12	28	70	29	10	30	16	31	80	32	83	33	12	34	24	35	60	36	47	37	89	38	54	39	80	40	27	41	21	42	46	43	11	44	90	45	63	46	39	47	74	48	82	49	47	
	0	90	1	17	2	42	3	52	4	20	5	27	6	64	7	44	8	94	9	58	10	35	11	86	12	41	13	47	14	48	15	42	16	36	17	20	18	59	19	53	20	79	21	59	22	40	23	68	24	29	25	33	26	89	27	16	28	18	29	83	30	66	31	97	32	44	33	55	34	25	35	31	36	24	37	82	38	24	39	56	40	51	41	18	42	25	43	97	44	38	45	69	46	75	47	19	48	96	49	66	
	0	90	1	55	2	77	3	10	4	41	5	78	6	95	7	100	8	97	9	81	10	62	11	88	12	70	13	31	14	66	15	15	16	16	17	38	18	49	19	34	20	45	21	29	22	74	23	64	24	48	25	63	26	14	27	15	28	22	29	34	30	87	31	49	32	61	33	99	34	61	35	13	36	88	37	33	38	96	39	59	40	65	41	51	42	66	43	17	44	28	45	47	46	97	47	41	48	19	49	65	
	0	94	1	41	2	85	3	24	4	76	5	42	6	79	7	74	8	88	9	72	10	54	11	25	12	44	13	42	14	26	15	24	16	41	17	100	18	47	19	19	20	62	21	29	22	20	23	74	24	62	25	56	26	21	27	25	28	93	29	48	30	26	31	71	32	13	33	85	34	42	35	29	36	28	37	15	38	98	39	47	40	43	41	100	42	94	43	20	44	53	45	89	46	45	47	95	48	47	49	49	
	0	88	1	41	2	65	3	82	4	31	5	14	6	68	7	36	8	56	9	93	10	82	11	62	12	10	13	25	14	81	15	39	16	87	17	90	18	51	19	69	20	21	21	64	22	24	23	92	24	66	25	87	26	62	27	71	28	74	29	31	30	32	31	82	32	64	33	17	34	52	35	47	36	32	37	70	38	44	39	77	40	56	41	35	42	91	43	51	44	48	45	26	46	75	47	51	48	15	49	17	
	0	20	1	95	2	75	3	41	4	80	5	97	6	27	7	18	8	88	9	69	10	81	11	57	12	26	13	91	14	42	15	97	16	43	17	34	18	31	19	54	20	11	21	21	22	63	23	95	24	12	25	78	26	10	27	70	28	53	29	55	30	61	31	33	32	79	33	74	34	10	35	16	36	22	37	51	38	34	39	67	40	61	41	40	42	15	43	46	44	45	45	17	46	49	47	31	48	59	49	42	
	0	48	1	76	2	24	3	92	4	34	5	66	6	95	7	47	8	10	9	36	10	33	11	51	12	86	13	57	14	51	15	28	16	72	17	33	18	60	19	47	20	61	21	47	22	28	23	34	24	75	25	51	26	29	27	35	28	23	29	97	30	30	31	66	32	50	33	22	34	20	35	56	36	70	37	97	38	75	39	90	40	72	41	33	42	56	43	28	44	20	45	92	46	20	47	99	48	33	49	26	
	0	67	1	82	2	42	3	71	4	85	5	62	6	92	7	13	8	62	9	41	10	92	11	73	12	41	13	18	14	24	15	50	16	82	17	14	18	42	19	38	20	23	21	29	22	51	23	87	24	24	25	37	26	37	27	30	28	37	29	48	30	95	31	30	32	10	33	21	34	53	35	61	36	14	37	95	38	16	39	29	40	25	41	54	42	71	43	90	44	48	45	60	46	41	47	43	48	10	49	51	
	0	36	1	94	2	34	3	86	4	69	5	93	6	100	7	100	8	74	9	88	10	49	11	48	12	95	13	64	14	23	15	18	16	79	17	92	18	69	19	33	20	38	21	46	22	20	23	17	24	32	25	68	26	63	27	52	28	21	29	67	30	21	31	10	32	70	33	63	34	88	35	30	36	10	37	75	38	20	39	22	40	85	41	27	42	79	43	28	44	71	45	84	46	99	47	39	48	46	49	76	
	0	41	1	15	2	70	3	79	4	64	5	88	6	64	7	23	8	99	9	84	10	39	11	32	12	34	13	43	14	43	15	87	16	37	17	26	18	24	19	94	20	62	21	36	22	77	23	55	24	66	25	59	26	13	27	95	28	24	29	97	30	55	31	59	32	81	33	54	34	66	35	21	36	79	37	91	38	98	39	18	40	24	41	49	42	45	43	76	44	72	45	30	46	16	47	50	48	49	49	60	
	0	74	1	78	2	30	3	42	4	94	5	74	6	26	7	98	8	76	9	97	10	100	11	14	12	47	13	37	14	38	15	64	16	46	17	48	18	77	19	48	20	85	21	34	22	73	23	100	24	14	25	79	26	38	27	95	28	34	29	21	30	81	31	21	32	58	33	47	34	37	35	80	36	42	37	86	38	46	39	72	40	67	41	58	42	65	43	53	44	12	45	47	46	17	47	84	48	97	49	54	
	0	73	1	28	2	27	3	54	4	59	5	17	6	97	7	89	8	46	9	39	10	56	11	51	12	47	13	15	14	66	15	11	16	24	17	46	18	79	19	73	20	91	21	70	22	21	23	35	24	10	25	40	26	67	27	98	28	65	29	58	30	15	31	78	32	12	33	61	34	100	35	64	36	87	37	65	38	70	39	88	40	32	41	83	42	13	43	27	44	32	45	33	46	24	47	51	48	54	49	17	
	0	99	1	92	2	77	3	69	4	48	5	71	6	69	7	19	8	82	9	50	10	51	11	35	12	48	13	52	14	64	15	44	16	75	17	65	18	96	19	69	20	58	21	35	22	13	23	62	24	11	25	39	26	27	27	22	28	97	29	30	30	37	31	11	32	92	33	47	34	50	35	55	36	56	37	27	38	34	39	52	40	40	41	10	42	40	43	64	44	79	45	74	46	36	47	30	48	40	49	46	
	0	85	1	65	2	85	3	39	4	38	5	19	6	18	7	84	8	24	9	23	10	29	11	49	12	57	13	97	14	93	15	42	16	85	17	66	18	37	19	72	20	93	21	43	22	58	23	54	24	99	25	71	26	32	27	13	28	33	29	30	30	57	31	85	32	25	33	30	34	43	35	72	36	29	37	31	38	51	39	84	40	81	41	54	42	61	43	12	44	25	45	42	46	26	47	55	48	71	49	91	