200 20 1
20
	0	15	1	95	2	41	3	80	4	65	5	85	6	16	7	64	8	57	9	67	10	21	11	32	12	16	13	25	14	48	15	39	16	27	17	63	18	49	19	35	
	0	53	1	50	2	45	3	93	4	29	5	85	6	62	7	18	8	92	9	18	10	64	11	76	12	85	13	48	14	11	15	19	16	71	17	70	18	68	19	27	
	0	32	1	55	2	94	3	81	4	20	5	98	6	52	7	16	8	24	9	92	10	23	11	51	12	79	13	19	14	34	15	60	16	75	17	11	18	75	19	27	
	0	34	1	93	2	57	3	27	4	21	5	75	6	66	7	77	8	52	9	32	10	42	11	15	12	52	13	83	14	84	15	74	16	78	17	85	18	72	19	28	
	0	51	1	16	2	12	3	77	4	75	5	21	6	48	7	27	8	93	9	80	10	28	11	99	12	16	13	54	14	30	15	29	16	16	17	80	18	28	19	55	
	0	48	1	16	2	50	3	28	4	58	5	15	6	10	7	81	8	37	9	92	10	13	11	58	12	68	13	78	14	77	15	36	16	68	17	49	18	50	19	20	
	0	63	1	51	2	64	3	82	4	74	5	54	6	59	7	56	8	79	9	96	10	81	11	70	12	75	13	64	14	39	15	81	16	23	17	84	18	45	19	64	
	0	84	1	42	2	26	3	78	4	68	5	60	6	87	7	43	8	85	9	71	10	92	11	19	12	14	13	37	14	53	15	59	16	83	17	67	18	13	19	91	
	0	85	1	87	2	16	3	13	4	74	5	57	6	71	7	95	8	28	9	19	10	41	11	59	12	100	13	25	14	43	15	69	16	29	17	46	18	66	19	62	
	0	42	1	35	2	34	3	46	4	58	5	100	6	31	7	91	8	48	9	38	10	10	11	42	12	71	13	80	14	41	15	66	16	23	17	24	18	58	19	38	
	0	39	1	52	2	68	3	18	4	73	5	23	6	70	7	14	8	80	9	35	10	86	11	33	12	91	13	34	14	65	15	92	16	95	17	41	18	94	19	81	
	0	74	1	46	2	36	3	25	4	41	5	19	6	21	7	97	8	63	9	94	10	65	11	45	12	74	13	72	14	25	15	28	16	28	17	76	18	92	19	66	
	0	13	1	40	2	44	3	23	4	40	5	23	6	46	7	89	8	92	9	64	10	94	11	41	12	30	13	70	14	70	15	77	16	82	17	75	18	46	19	24	
	0	25	1	33	2	55	3	85	4	20	5	37	6	93	7	53	8	63	9	73	10	92	11	95	12	21	13	59	14	100	15	36	16	77	17	83	18	94	19	79	
	0	89	1	87	2	25	3	64	4	65	5	66	6	56	7	12	8	29	9	22	10	99	11	56	12	52	13	38	14	18	15	88	16	87	17	91	18	99	19	98	
	0	65	1	42	2	73	3	69	4	49	5	62	6	58	7	24	8	72	9	64	10	16	11	64	12	31	13	10	14	60	15	33	16	22	17	73	18	80	19	67	
	0	24	1	59	2	41	3	82	4	89	5	76	6	52	7	49	8	99	9	34	10	53	11	28	12	52	13	25	14	21	15	95	16	72	17	79	18	67	19	96	
	0	13	1	69	2	58	3	32	4	74	5	99	6	86	7	13	8	15	9	31	10	68	11	52	12	38	13	65	14	73	15	49	16	98	17	73	18	40	19	93	
	0	61	1	69	2	29	3	32	4	52	5	94	6	62	7	48	8	72	9	69	10	73	11	94	12	91	13	33	14	97	15	100	16	11	17	52	18	83	19	42	
	0	64	1	97	2	56	3	40	4	54	5	23	6	96	7	73	8	82	9	55	10	18	11	39	12	49	13	32	14	70	15	24	16	57	17	22	18	41	19	35	
	0	64	1	83	2	35	3	15	4	13	5	27	6	47	7	94	8	79	9	98	10	39	11	11	12	93	13	83	14	28	15	64	16	86	17	51	18	96	19	35	
	0	84	1	52	2	92	3	19	4	46	5	53	6	28	7	78	8	53	9	38	10	68	11	92	12	70	13	99	14	70	15	63	16	65	17	20	18	31	19	37	
	0	45	1	61	2	22	3	88	4	82	5	72	6	84	7	16	8	40	9	41	10	27	11	91	12	88	13	64	14	31	15	11	16	72	17	52	18	41	19	50	
	0	53	1	91	2	10	3	28	4	62	5	14	6	20	7	38	8	54	9	20	10	39	11	77	12	98	13	80	14	92	15	62	16	12	17	17	18	61	19	38	
	0	62	1	87	2	77	3	36	4	49	5	86	6	36	7	62	8	23	9	30	10	48	11	33	12	67	13	29	14	67	15	35	16	61	17	30	18	79	19	69	
	0	45	1	64	2	40	3	37	4	37	5	33	6	48	7	77	8	17	9	60	10	73	11	45	12	26	13	66	14	43	15	62	16	67	17	90	18	16	19	52	
	0	72	1	80	2	81	3	80	4	23	5	86	6	82	7	62	8	81	9	68	10	45	11	48	12	26	13	52	14	100	15	92	16	96	17	66	18	100	19	95	
	0	34	1	47	2	100	3	31	4	86	5	25	6	46	7	25	8	38	9	92	10	51	11	63	12	15	13	39	14	41	15	97	16	80	17	53	18	56	19	91	
	0	72	1	28	2	97	3	71	4	21	5	97	6	38	7	43	8	86	9	66	10	35	11	63	12	99	13	36	14	30	15	64	16	55	17	68	18	93	19	91	
	0	61	1	80	2	77	3	60	4	17	5	16	6	33	7	56	8	27	9	84	10	59	11	72	12	61	13	16	14	61	15	51	16	63	17	80	18	59	19	100	
	0	74	1	64	2	51	3	95	4	72	5	36	6	85	7	82	8	25	9	86	10	48	11	98	12	52	13	59	14	65	15	18	16	77	17	33	18	41	19	86	
	0	74	1	35	2	48	3	30	4	96	5	81	6	37	7	31	8	49	9	73	10	95	11	100	12	57	13	40	14	11	15	22	16	67	17	77	18	72	19	62	
	0	74	1	19	2	99	3	22	4	28	5	54	6	28	7	19	8	20	9	57	10	74	11	63	12	63	13	62	14	29	15	38	16	69	17	59	18	67	19	51	
	0	53	1	92	2	15	3	99	4	96	5	17	6	66	7	55	8	57	9	87	10	85	11	83	12	71	13	61	14	100	15	95	16	25	17	66	18	55	19	65	
	0	89	1	51	2	15	3	87	4	39	5	75	6	39	7	95	8	90	9	89	10	28	11	30	12	71	13	60	14	25	15	16	16	33	17	65	18	100	19	25	
	0	64	1	75	2	38	3	31	4	98	5	59	6	17	7	25	8	52	9	70	10	34	11	34	12	91	13	90	14	40	15	12	16	59	17	36	18	48	19	38	
	0	41	1	34	2	81	3	11	4	59	5	66	6	19	7	95	8	84	9	49	10	82	11	79	12	10	13	65	14	85	15	89	16	81	17	59	18	88	19	15	
	0	54	1	13	2	67	3	24	4	91	5	37	6	82	7	99	8	23	9	57	10	30	11	29	12	30	13	28	14	76	15	40	16	86	17	58	18	68	19	98	
	0	13	1	57	2	77	3	49	4	43	5	16	6	94	7	80	8	69	9	33	10	73	11	10	12	79	13	32	14	82	15	49	16	32	17	88	18	95	19	27	
	0	68	1	51	2	98	3	35	4	34	5	32	6	98	7	89	8	48	9	74	10	63	11	11	12	51	13	74	14	10	15	89	16	70	17	26	18	10	19	69	
	0	69	1	38	2	68	3	86	4	16	5	59	6	24	7	96	8	69	9	23	10	30	11	47	12	27	13	40	14	44	15	52	16	95	17	48	18	40	19	74	
	0	77	1	24	2	75	3	73	4	78	5	65	6	99	7	45	8	10	9	78	10	43	11	29	12	98	13	32	14	60	15	73	16	28	17	89	18	57	19	97	
	0	46	1	34	2	97	3	100	4	12	5	78	6	90	7	33	8	85	9	37	10	41	11	22	12	70	13	90	14	82	15	18	16	60	17	68	18	16	19	33	
	0	88	1	18	2	51	3	57	4	35	5	78	6	60	7	59	8	33	9	36	10	62	11	33	12	41	13	22	14	88	15	100	16	11	17	90	18	61	19	41	
	0	64	1	28	2	29	3	12	4	57	5	78	6	78	7	12	8	58	9	62	10	50	11	66	12	14	13	27	14	82	15	48	16	83	17	88	18	92	19	62	
	0	48	1	66	2	98	3	96	4	28	5	89	6	84	7	65	8	69	9	29	10	61	11	64	12	54	13	33	14	16	15	29	16	72	17	15	18	37	19	60	
	0	22	1	58	2	98	3	73	4	96	5	56	6	19	7	13	8	42	9	45	10	99	11	86	12	18	13	12	14	47	15	66	16	45	17	29	18	86	19	74	
	0	30	1	12	2	45	3	29	4	69	5	44	6	99	7	58	8	47	9	89	10	32	11	86	12	80	13	42	14	84	15	92	16	70	17	39	18	73	19	93	
	0	13	1	100	2	77	3	56	4	29	5	97	6	92	7	69	8	35	9	43	10	27	11	32	12	47	13	42	14	85	15	16	16	52	17	77	18	33	19	77	
	0	95	1	15	2	79	3	41	4	68	5	88	6	46	7	84	8	25	9	36	10	31	11	49	12	58	13	86	14	99	15	10	16	29	17	19	18	74	19	100	
	0	33	1	27	2	75	3	41	4	57	5	29	6	37	7	100	8	23	9	65	10	53	11	99	12	73	13	49	14	65	15	20	16	70	17	76	18	36	19	96	
	0	91	1	28	2	86	3	40	4	32	5	29	6	44	7	28	8	40	9	18	10	29	11	27	12	77	13	62	14	69	15	74	16	31	17	92	18	93	19	30	
	0	10	1	36	2	90	3	77	4	14	5	31	6	40	7	81	8	43	9	87	10	99	11	97	12	70	13	94	14	19	15	44	16	40	17	77	18	38	19	67	
	0	56	1	58	2	50	3	85	4	20	5	35	6	63	7	24	8	67	9	24	10	97	11	40	12	88	13	83	14	27	15	48	16	79	17	34	18	92	19	81	
	0	24	1	31	2	17	3	40	4	87	5	78	6	83	7	84	8	61	9	93	10	63	11	42	12	12	13	52	14	48	15	13	16	55	17	31	18	31	19	54	
	0	39	1	87	2	98	3	66	4	91	5	40	6	34	7	59	8	38	9	54	10	92	11	93	12	56	13	53	14	26	15	22	16	17	17	20	18	90	19	28	
	0	56	1	80	2	49	3	93	4	54	5	43	6	87	7	100	8	72	9	17	10	36	11	49	12	33	13	90	14	98	15	53	16	38	17	90	18	44	19	79	
	0	85	1	40	2	38	3	43	4	34	5	23	6	64	7	72	8	94	9	72	10	82	11	97	12	32	13	94	14	11	15	18	16	51	17	53	18	73	19	16	
	0	61	1	68	2	48	3	50	4	26	5	81	6	17	7	75	8	12	9	36	10	70	11	47	12	31	13	59	14	50	15	52	16	88	17	15	18	42	19	10	
	0	73	1	61	2	53	3	76	4	21	5	80	6	16	7	75	8	39	9	99	10	56	11	91	12	12	13	23	14	53	15	65	16	96	17	16	18	23	19	81	
	0	70	1	71	2	92	3	20	4	83	5	24	6	31	7	29	8	86	9	72	10	70	11	32	12	51	13	39	14	72	15	69	16	67	17	42	18	13	19	43	
	0	87	1	94	2	67	3	74	4	62	5	77	6	82	7	95	8	44	9	37	10	58	11	66	12	60	13	93	14	10	15	77	16	80	17	40	18	39	19	50	
	0	98	1	43	2	50	3	93	4	57	5	41	6	97	7	49	8	58	9	69	10	70	11	89	12	67	13	30	14	53	15	73	16	34	17	56	18	82	19	76	
	0	93	1	43	2	75	3	76	4	97	5	28	6	24	7	51	8	48	9	83	10	45	11	63	12	24	13	13	14	89	15	34	16	99	17	15	18	64	19	63	
	0	87	1	17	2	41	3	21	4	40	5	79	6	62	7	15	8	96	9	74	10	53	11	72	12	80	13	86	14	10	15	78	16	97	17	56	18	12	19	83	
	0	65	1	58	2	11	3	16	4	60	5	25	6	89	7	27	8	93	9	77	10	27	11	79	12	100	13	58	14	86	15	48	16	35	17	25	18	43	19	100	
	0	75	1	63	2	74	3	57	4	47	5	37	6	77	7	84	8	94	9	35	10	77	11	29	12	36	13	27	14	37	15	62	16	70	17	94	18	12	19	70	
	0	56	1	70	2	79	3	96	4	69	5	59	6	30	7	30	8	64	9	64	10	21	11	48	12	88	13	87	14	59	15	23	16	66	17	64	18	79	19	100	
	0	14	1	75	2	20	3	86	4	13	5	48	6	69	7	83	8	38	9	61	10	75	11	92	12	28	13	36	14	31	15	78	16	43	17	65	18	65	19	11	
	0	64	1	55	2	50	3	89	4	71	5	24	6	13	7	21	8	52	9	51	10	26	11	78	12	64	13	39	14	89	15	91	16	26	17	17	18	62	19	99	
	0	14	1	57	2	97	3	62	4	29	5	11	6	11	7	87	8	30	9	55	10	69	11	18	12	87	13	38	14	59	15	36	16	28	17	66	18	38	19	18	
	0	99	1	85	2	50	3	55	4	16	5	34	6	58	7	19	8	63	9	63	10	52	11	98	12	71	13	54	14	63	15	79	16	60	17	62	18	74	19	89	
	0	25	1	68	2	21	3	80	4	26	5	73	6	100	7	95	8	15	9	95	10	62	11	34	12	75	13	30	14	47	15	95	16	40	17	82	18	86	19	79	
	0	11	1	66	2	82	3	87	4	35	5	17	6	51	7	52	8	82	9	96	10	46	11	40	12	19	13	19	14	36	15	72	16	43	17	92	18	55	19	56	
	0	80	1	56	2	56	3	37	4	32	5	54	6	51	7	49	8	25	9	69	10	57	11	34	12	78	13	65	14	12	15	25	16	39	17	40	18	11	19	92	
	0	95	1	22	2	28	3	30	4	86	5	89	6	94	7	71	8	76	9	33	10	38	11	27	12	17	13	40	14	46	15	34	16	57	17	28	18	68	19	97	
	0	23	1	76	2	28	3	41	4	26	5	80	6	70	7	29	8	96	9	25	10	78	11	46	12	94	13	52	14	72	15	92	16	73	17	12	18	91	19	59	
	0	64	1	47	2	54	3	37	4	80	5	65	6	48	7	98	8	100	9	68	10	12	11	94	12	55	13	44	14	55	15	24	16	99	17	18	18	41	19	76	
	0	10	1	76	2	53	3	68	4	58	5	44	6	28	7	98	8	90	9	62	10	87	11	54	12	74	13	91	14	25	15	70	16	31	17	92	18	85	19	77	
	0	84	1	62	2	68	3	19	4	50	5	20	6	14	7	80	8	87	9	41	10	43	11	66	12	31	13	85	14	11	15	33	16	67	17	73	18	43	19	42	
	0	40	1	41	2	82	3	81	4	37	5	66	6	11	7	10	8	74	9	61	10	58	11	10	12	24	13	23	14	72	15	38	16	76	17	99	18	49	19	51	
	0	16	1	39	2	93	3	12	4	45	5	37	6	35	7	17	8	16	9	61	10	99	11	69	12	63	13	19	14	23	15	87	16	70	17	81	18	17	19	94	
	0	13	1	77	2	14	3	22	4	23	5	63	6	57	7	81	8	91	9	18	10	69	11	18	12	29	13	96	14	35	15	80	16	60	17	33	18	93	19	88	
	0	38	1	45	2	14	3	75	4	67	5	51	6	100	7	69	8	50	9	20	10	17	11	29	12	75	13	72	14	70	15	34	16	71	17	35	18	85	19	10	
	0	31	1	73	2	53	3	22	4	11	5	72	6	31	7	52	8	96	9	73	10	50	11	53	12	33	13	70	14	84	15	81	16	91	17	80	18	56	19	17	
	0	81	1	70	2	39	3	30	4	52	5	56	6	79	7	49	8	31	9	53	10	25	11	62	12	100	13	28	14	100	15	47	16	53	17	72	18	96	19	17	
	0	46	1	93	2	84	3	80	4	25	5	61	6	35	7	96	8	16	9	43	10	60	11	89	12	70	13	52	14	24	15	75	16	34	17	11	18	87	19	97	
	0	43	1	28	2	73	3	49	4	73	5	68	6	23	7	88	8	63	9	70	10	76	11	89	12	78	13	56	14	24	15	57	16	26	17	97	18	49	19	29	
	0	67	1	48	2	91	3	66	4	100	5	69	6	35	7	95	8	94	9	75	10	77	11	90	12	59	13	68	14	18	15	77	16	88	17	78	18	26	19	77	
	0	46	1	16	2	25	3	16	4	57	5	35	6	28	7	51	8	26	9	97	10	37	11	37	12	54	13	99	14	31	15	30	16	76	17	64	18	33	19	87	
	0	59	1	67	2	60	3	31	4	24	5	22	6	70	7	24	8	35	9	97	10	64	11	24	12	30	13	46	14	51	15	64	16	48	17	99	18	76	19	23	
	0	10	1	74	2	49	3	11	4	18	5	55	6	11	7	52	8	16	9	62	10	38	11	76	12	15	13	100	14	94	15	65	16	73	17	50	18	82	19	95	
	0	40	1	22	2	67	3	88	4	26	5	97	6	87	7	81	8	69	9	14	10	84	11	80	12	84	13	59	14	27	15	29	16	35	17	75	18	53	19	89	
	0	34	1	18	2	76	3	20	4	63	5	40	6	20	7	64	8	79	9	56	10	34	11	45	12	86	13	39	14	18	15	86	16	95	17	75	18	89	19	63	
	0	65	1	80	2	91	3	79	4	37	5	98	6	19	7	29	8	59	9	44	10	57	11	26	12	43	13	13	14	89	15	64	16	34	17	76	18	37	19	97	
	0	75	1	36	2	34	3	86	4	11	5	32	6	12	7	67	8	75	9	66	10	59	11	92	12	27	13	48	14	100	15	73	16	86	17	66	18	52	19	41	
	0	35	1	78	2	88	3	26	4	47	5	44	6	23	7	34	8	16	9	28	10	47	11	35	12	87	13	52	14	30	15	96	16	46	17	23	18	48	19	77	
	0	54	1	51	2	13	3	63	4	53	5	32	6	22	7	77	8	33	9	62	10	95	11	91	12	15	13	46	14	94	15	47	16	68	17	67	18	54	19	87	
	0	50	1	87	2	91	3	33	4	33	5	98	6	71	7	28	8	57	9	47	10	59	11	81	12	46	13	37	14	54	15	93	16	26	17	81	18	67	19	51	
	0	83	1	75	2	61	3	60	4	85	5	37	6	77	7	59	8	87	9	15	10	46	11	19	12	74	13	43	14	66	15	20	16	14	17	94	18	44	19	55	
	0	41	1	99	2	14	3	32	4	98	5	98	6	38	7	42	8	92	9	55	10	52	11	62	12	70	13	55	14	94	15	71	16	48	17	66	18	21	19	77	
	0	18	1	95	2	88	3	38	4	96	5	56	6	62	7	88	8	100	9	78	10	64	11	74	12	97	13	65	14	58	15	54	16	83	17	34	18	79	19	67	
	0	44	1	36	2	95	3	45	4	77	5	45	6	42	7	50	8	73	9	37	10	77	11	78	12	84	13	73	14	24	15	59	16	94	17	55	18	66	19	84	
	0	43	1	92	2	45	3	85	4	94	5	18	6	81	7	33	8	23	9	93	10	83	11	19	12	30	13	22	14	14	15	68	16	72	17	53	18	80	19	21	
	0	12	1	20	2	31	3	99	4	54	5	50	6	70	7	27	8	16	9	27	10	56	11	29	12	51	13	54	14	63	15	43	16	96	17	54	18	71	19	56	
	0	17	1	31	2	91	3	57	4	73	5	12	6	44	7	93	8	58	9	76	10	49	11	69	12	59	13	39	14	47	15	71	16	82	17	16	18	64	19	77	
	0	61	1	12	2	24	3	24	4	39	5	23	6	79	7	78	8	43	9	18	10	19	11	37	12	73	13	56	14	14	15	12	16	92	17	30	18	16	19	68	
	0	72	1	95	2	94	3	34	4	32	5	93	6	61	7	19	8	35	9	82	10	18	11	95	12	73	13	19	14	72	15	83	16	42	17	14	18	91	19	55	
	0	26	1	45	2	22	3	49	4	54	5	18	6	18	7	92	8	75	9	97	10	10	11	10	12	38	13	95	14	14	15	87	16	18	17	15	18	22	19	43	
	0	50	1	74	2	80	3	17	4	30	5	28	6	86	7	19	8	74	9	41	10	74	11	73	12	90	13	70	14	41	15	78	16	66	17	82	18	17	19	74	
	0	16	1	41	2	15	3	76	4	21	5	48	6	34	7	10	8	13	9	31	10	28	11	64	12	35	13	50	14	26	15	50	16	72	17	45	18	18	19	74	
	0	26	1	48	2	40	3	97	4	17	5	10	6	67	7	22	8	54	9	34	10	91	11	82	12	21	13	94	14	53	15	42	16	42	17	38	18	14	19	60	
	0	56	1	56	2	93	3	46	4	78	5	23	6	13	7	83	8	23	9	79	10	79	11	99	12	91	13	88	14	28	15	40	16	51	17	47	18	28	19	86	
	0	14	1	10	2	33	3	69	4	99	5	54	6	54	7	80	8	38	9	38	10	82	11	84	12	70	13	63	14	16	15	77	16	13	17	32	18	13	19	48	
	0	45	1	27	2	15	3	49	4	72	5	57	6	74	7	17	8	40	9	68	10	85	11	92	12	27	13	77	14	99	15	10	16	52	17	38	18	16	19	64	
	0	40	1	75	2	70	3	37	4	85	5	54	6	78	7	91	8	93	9	71	10	43	11	77	12	83	13	74	14	47	15	52	16	30	17	29	18	45	19	48	
	0	83	1	44	2	72	3	29	4	58	5	20	6	14	7	32	8	96	9	24	10	25	11	87	12	41	13	77	14	74	15	24	16	61	17	42	18	45	19	87	
	0	81	1	55	2	35	3	18	4	44	5	27	6	68	7	78	8	90	9	41	10	100	11	43	12	87	13	19	14	30	15	25	16	23	17	37	18	58	19	50	
	0	91	1	60	2	51	3	26	4	59	5	91	6	12	7	88	8	92	9	66	10	81	11	79	12	24	13	30	14	67	15	74	16	87	17	71	18	27	19	11	
	0	99	1	78	2	91	3	100	4	48	5	99	6	47	7	25	8	54	9	93	10	33	11	30	12	38	13	43	14	78	15	27	16	64	17	40	18	22	19	71	
	0	95	1	71	2	53	3	48	4	28	5	41	6	40	7	86	8	33	9	61	10	47	11	77	12	36	13	38	14	49	15	61	16	58	17	62	18	77	19	47	
	0	18	1	89	2	13	3	27	4	49	5	91	6	77	7	30	8	70	9	100	10	83	11	38	12	37	13	93	14	58	15	85	16	95	17	27	18	30	19	50	
	0	18	1	65	2	29	3	99	4	11	5	68	6	97	7	13	8	69	9	25	10	19	11	45	12	89	13	90	14	12	15	30	16	57	17	90	18	30	19	91	
	0	26	1	39	2	74	3	26	4	81	5	31	6	52	7	96	8	63	9	51	10	45	11	10	12	71	13	83	14	73	15	10	16	36	17	97	18	53	19	46	
	0	27	1	43	2	23	3	21	4	66	5	49	6	86	7	67	8	100	9	84	10	28	11	81	12	88	13	29	14	70	15	14	16	37	17	64	18	40	19	65	
	0	14	1	93	2	31	3	74	4	54	5	11	6	94	7	43	8	19	9	59	10	54	11	27	12	67	13	37	14	69	15	15	16	95	17	91	18	56	19	49	
	0	59	1	20	2	93	3	74	4	54	5	22	6	48	7	34	8	23	9	72	10	86	11	36	12	23	13	22	14	49	15	90	16	65	17	13	18	43	19	49	
	0	71	1	87	2	35	3	67	4	26	5	84	6	43	7	14	8	51	9	36	10	89	11	88	12	81	13	32	14	62	15	42	16	33	17	84	18	24	19	13	
	0	82	1	52	2	20	3	30	4	74	5	21	6	64	7	88	8	83	9	78	10	83	11	88	12	31	13	85	14	47	15	64	16	14	17	10	18	98	19	15	
	0	34	1	52	2	28	3	69	4	34	5	83	6	92	7	98	8	61	9	10	10	73	11	30	12	15	13	78	14	66	15	12	16	73	17	96	18	32	19	23	
	0	97	1	85	2	19	3	27	4	91	5	20	6	30	7	85	8	49	9	50	10	97	11	83	12	87	13	20	14	45	15	93	16	83	17	59	18	77	19	88	
	0	59	1	36	2	54	3	11	4	38	5	62	6	71	7	83	8	82	9	79	10	22	11	75	12	99	13	13	14	60	15	64	16	16	17	92	18	54	19	85	
	0	85	1	97	2	16	3	13	4	79	5	23	6	70	7	46	8	53	9	53	10	76	11	87	12	80	13	90	14	39	15	51	16	91	17	74	18	49	19	90	
	0	42	1	35	2	26	3	11	4	16	5	38	6	20	7	73	8	20	9	45	10	75	11	93	12	13	13	24	14	63	15	36	16	16	17	10	18	89	19	90	
	0	62	1	97	2	91	3	27	4	74	5	50	6	59	7	83	8	12	9	77	10	10	11	70	12	86	13	15	14	12	15	82	16	47	17	47	18	97	19	42	
	0	40	1	36	2	40	3	30	4	77	5	69	6	50	7	87	8	64	9	11	10	79	11	17	12	90	13	66	14	11	15	54	16	50	17	97	18	31	19	90	
	0	29	1	29	2	27	3	16	4	34	5	14	6	66	7	41	8	10	9	70	10	18	11	80	12	95	13	30	14	95	15	38	16	71	17	81	18	58	19	23	
	0	79	1	96	2	39	3	11	4	15	5	98	6	20	7	26	8	100	9	14	10	21	11	48	12	90	13	14	14	18	15	22	16	73	17	79	18	97	19	14	
	0	13	1	23	2	69	3	33	4	78	5	56	6	40	7	80	8	67	9	10	10	15	11	28	12	97	13	86	14	44	15	47	16	76	17	64	18	100	19	68	
	0	15	1	66	2	100	3	27	4	27	5	70	6	48	7	60	8	40	9	29	10	73	11	87	12	88	13	74	14	29	15	16	16	84	17	10	18	87	19	92	
	0	76	1	70	2	19	3	52	4	96	5	23	6	95	7	21	8	25	9	65	10	30	11	47	12	43	13	54	14	17	15	38	16	57	17	39	18	32	19	95	
	0	58	1	68	2	54	3	71	4	25	5	55	6	77	7	63	8	26	9	83	10	99	11	23	12	19	13	20	14	67	15	39	16	88	17	85	18	30	19	54	
	0	75	1	81	2	11	3	64	4	62	5	36	6	99	7	87	8	44	9	99	10	17	11	34	12	49	13	80	14	86	15	63	16	48	17	37	18	68	19	25	
	0	100	1	83	2	57	3	96	4	20	5	93	6	51	7	31	8	68	9	40	10	24	11	72	12	63	13	52	14	21	15	71	16	90	17	35	18	87	19	35	
	0	92	1	75	2	91	3	35	4	21	5	66	6	34	7	56	8	11	9	61	10	43	11	11	12	66	13	65	14	18	15	13	16	32	17	24	18	18	19	37	
	0	55	1	20	2	20	3	37	4	98	5	20	6	51	7	89	8	95	9	97	10	66	11	82	12	32	13	48	14	81	15	42	16	13	17	23	18	40	19	48	
	0	52	1	13	2	45	3	90	4	91	5	29	6	92	7	74	8	63	9	50	10	14	11	29	12	43	13	50	14	56	15	12	16	93	17	100	18	37	19	73	
	0	15	1	43	2	90	3	38	4	58	5	87	6	44	7	72	8	61	9	12	10	55	11	22	12	85	13	37	14	33	15	61	16	85	17	14	18	13	19	95	
	0	46	1	62	2	65	3	78	4	23	5	44	6	19	7	89	8	29	9	43	10	89	11	68	12	90	13	85	14	76	15	17	16	88	17	69	18	61	19	47	
	0	28	1	94	2	17	3	12	4	54	5	23	6	57	7	31	8	57	9	55	10	93	11	15	12	17	13	97	14	47	15	99	16	15	17	10	18	88	19	43	
	0	54	1	61	2	29	3	53	4	28	5	67	6	55	7	64	8	97	9	44	10	49	11	71	12	20	13	76	14	60	15	83	16	79	17	86	18	12	19	33	
	0	55	1	11	2	14	3	57	4	68	5	23	6	57	7	78	8	53	9	33	10	65	11	58	12	68	13	11	14	22	15	22	16	23	17	98	18	58	19	100	
	0	14	1	91	2	51	3	34	4	67	5	38	6	25	7	10	8	55	9	55	10	78	11	92	12	23	13	22	14	82	15	83	16	94	17	74	18	79	19	89	
	0	94	1	41	2	83	3	58	4	90	5	18	6	87	7	76	8	16	9	49	10	82	11	48	12	20	13	76	14	56	15	48	16	72	17	84	18	85	19	63	
	0	90	1	62	2	46	3	68	4	94	5	94	6	57	7	63	8	47	9	32	10	71	11	49	12	59	13	34	14	53	15	59	16	83	17	43	18	37	19	98	
	0	11	1	93	2	46	3	44	4	67	5	53	6	75	7	21	8	73	9	21	10	40	11	52	12	70	13	79	14	39	15	89	16	51	17	16	18	40	19	88	
	0	41	1	72	2	56	3	59	4	33	5	33	6	27	7	50	8	59	9	58	10	88	11	40	12	52	13	49	14	99	15	86	16	40	17	69	18	93	19	43	
	0	93	1	23	2	89	3	14	4	40	5	35	6	64	7	56	8	49	9	38	10	39	11	94	12	54	13	10	14	66	15	69	16	42	17	18	18	83	19	11	
	0	63	1	80	2	13	3	53	4	80	5	77	6	93	7	37	8	76	9	92	10	69	11	85	12	46	13	86	14	37	15	10	16	62	17	97	18	34	19	45	
	0	85	1	21	2	98	3	81	4	91	5	98	6	53	7	61	8	17	9	89	10	13	11	45	12	28	13	37	14	54	15	71	16	85	17	50	18	89	19	27	
	0	97	1	48	2	55	3	10	4	75	5	93	6	48	7	36	8	87	9	85	10	90	11	42	12	31	13	33	14	38	15	56	16	60	17	72	18	20	19	89	
	0	61	1	86	2	92	3	37	4	25	5	83	6	25	7	86	8	79	9	64	10	94	11	16	12	83	13	19	14	34	15	40	16	36	17	91	18	35	19	79	
	0	86	1	94	2	31	3	17	4	39	5	64	6	18	7	34	8	72	9	69	10	24	11	24	12	40	13	55	14	43	15	47	16	57	17	65	18	82	19	76	
	0	39	1	18	2	29	3	27	4	56	5	90	6	31	7	91	8	63	9	99	10	75	11	39	12	67	13	61	14	69	15	60	16	40	17	69	18	94	19	39	
	0	65	1	59	2	26	3	73	4	31	5	11	6	81	7	81	8	77	9	29	10	18	11	48	12	98	13	95	14	94	15	25	16	75	17	22	18	37	19	29	
	0	27	1	91	2	48	3	41	4	81	5	17	6	55	7	54	8	81	9	40	10	28	11	50	12	24	13	39	14	75	15	14	16	75	17	78	18	63	19	10	
	0	14	1	61	2	89	3	98	4	35	5	16	6	78	7	94	8	75	9	97	10	83	11	87	12	42	13	16	14	38	15	24	16	77	17	11	18	15	19	19	
	0	86	1	34	2	51	3	84	4	20	5	91	6	34	7	72	8	55	9	11	10	36	11	43	12	57	13	29	14	39	15	45	16	79	17	52	18	80	19	83	
	0	70	1	67	2	40	3	73	4	39	5	23	6	67	7	22	8	47	9	93	10	60	11	10	12	54	13	51	14	97	15	46	16	24	17	52	18	47	19	14	
	0	84	1	73	2	14	3	32	4	28	5	73	6	65	7	64	8	88	9	32	10	30	11	38	12	67	13	81	14	23	15	68	16	76	17	10	18	19	19	63	
	0	52	1	20	2	66	3	45	4	10	5	59	6	57	7	52	8	50	9	89	10	75	11	80	12	38	13	92	14	50	15	44	16	100	17	14	18	49	19	33	
	0	79	1	89	2	48	3	39	4	76	5	62	6	75	7	50	8	62	9	60	10	91	11	80	12	59	13	81	14	90	15	96	16	32	17	21	18	15	19	66	
	0	27	1	82	2	90	3	75	4	38	5	90	6	94	7	14	8	89	9	17	10	23	11	85	12	25	13	26	14	95	15	60	16	64	17	98	18	71	19	12	
	0	78	1	16	2	79	3	35	4	54	5	67	6	95	7	78	8	16	9	69	10	71	11	93	12	78	13	81	14	41	15	27	16	79	17	46	18	16	19	95	
	0	68	1	37	2	60	3	39	4	56	5	96	6	71	7	53	8	78	9	61	10	22	11	33	12	27	13	98	14	31	15	74	16	41	17	17	18	79	19	27	
	0	89	1	21	2	91	3	24	4	91	5	34	6	72	7	62	8	46	9	23	10	67	11	74	12	73	13	58	14	65	15	73	16	30	17	81	18	35	19	56	
	0	81	1	43	2	77	3	43	4	17	5	70	6	23	7	71	8	51	9	70	10	83	11	59	12	96	13	48	14	72	15	46	16	20	17	69	18	26	19	83	
	0	44	1	30	2	53	3	99	4	70	5	73	6	61	7	49	8	10	9	46	10	89	11	20	12	39	13	83	14	59	15	12	16	80	17	89	18	55	19	10	
	0	36	1	97	2	23	3	75	4	46	5	85	6	48	7	33	8	20	9	67	10	37	11	19	12	39	13	87	14	36	15	18	16	86	17	39	18	25	19	14	
	0	56	1	95	2	76	3	85	4	72	5	33	6	45	7	12	8	36	9	64	10	98	11	50	12	35	13	47	14	85	15	52	16	97	17	44	18	56	19	86	
	0	76	1	76	2	83	3	18	4	73	5	58	6	20	7	39	8	27	9	20	10	18	11	41	12	73	13	84	14	20	15	24	16	24	17	66	18	23	19	53	
	0	46	1	80	2	84	3	86	4	50	5	48	6	17	7	64	8	91	9	27	10	93	11	41	12	14	13	73	14	17	15	80	16	39	17	53	18	43	19	75	
	0	72	1	34	2	26	3	99	4	59	5	85	6	45	7	34	8	29	9	67	10	32	11	29	12	16	13	86	14	60	15	64	16	51	17	76	18	29	19	70	
	0	88	1	89	2	38	3	77	4	93	5	12	6	11	7	11	8	31	9	57	10	49	11	24	12	23	13	34	14	13	15	66	16	41	17	65	18	16	19	85	
	0	88	1	58	2	86	3	86	4	29	5	49	6	39	7	39	8	76	9	95	10	72	11	45	12	96	13	83	14	33	15	44	16	95	17	74	18	67	19	88	
	0	58	1	45	2	33	3	78	4	59	5	12	6	18	7	13	8	17	9	72	10	97	11	16	12	84	13	13	14	14	15	17	16	54	17	21	18	81	19	56	
	0	45	1	48	2	93	3	63	4	71	5	100	6	14	7	44	8	10	9	80	10	46	11	90	12	72	13	91	14	65	15	52	16	58	17	34	18	65	19	48	
	0	13	1	38	2	73	3	70	4	24	5	37	6	57	7	36	8	46	9	21	10	34	11	76	12	12	13	27	14	85	15	70	16	23	17	90	18	34	19	63	
	0	29	1	89	2	72	3	38	4	78	5	64	6	87	7	90	8	16	9	49	10	71	11	33	12	22	13	98	14	67	15	26	16	89	17	13	18	48	19	21	
	0	29	1	68	2	22	3	74	4	34	5	55	6	76	7	65	8	13	9	84	10	49	11	31	12	58	13	21	14	76	15	59	16	88	17	15	18	18	19	45	
	0	46	1	81	2	29	3	43	4	10	5	98	6	91	7	71	8	92	9	34	10	32	11	22	12	83	13	25	14	54	15	50	16	73	17	66	18	84	19	90	
	0	18	1	97	2	89	3	15	4	38	5	24	6	74	7	51	8	87	9	40	10	65	11	80	12	68	13	12	14	67	15	38	16	84	17	16	18	13	19	48	
	0	26	1	15	2	14	3	95	4	71	5	67	6	100	7	60	8	15	9	96	10	38	11	91	12	31	13	41	14	28	15	67	16	56	17	47	18	84	19	95	
	0	12	1	69	2	66	3	58	4	14	5	52	6	81	7	46	8	61	9	96	10	29	11	17	12	74	13	23	14	62	15	76	16	21	17	75	18	82	19	71	
	0	82	1	55	2	65	3	63	4	85	5	78	6	93	7	61	8	57	9	45	10	74	11	83	12	78	13	24	14	10	15	31	16	17	17	14	18	97	19	32	
	0	17	1	100	2	56	3	57	4	30	5	30	6	46	7	76	8	32	9	49	10	40	11	66	12	17	13	94	14	99	15	50	16	58	17	73	18	48	19	92	
	0	25	1	73	2	12	3	95	4	23	5	49	6	75	7	69	8	49	9	72	10	75	11	58	12	96	13	73	14	80	15	75	16	27	17	48	18	14	19	46	
	0	44	1	60	2	19	3	37	4	14	5	95	6	27	7	11	8	35	9	28	10	33	11	73	12	75	13	42	14	77	15	64	16	28	17	86	18	73	19	48	
	0	60	1	60	2	69	3	73	4	100	5	91	6	45	7	23	8	73	9	73	10	84	11	62	12	51	13	68	14	39	15	10	16	40	17	100	18	33	19	27	
	0	77	1	13	2	87	3	42	4	25	5	46	6	32	7	19	8	79	9	55	10	99	11	12	12	24	13	100	14	98	15	14	16	85	17	77	18	65	19	39	