200 30 1
30
	0	59	1	23	2	87	3	84	4	13	5	48	6	62	7	71	8	27	9	92	10	21	11	17	12	82	13	46	14	18	15	24	16	100	17	20	18	59	19	15	20	83	21	94	22	94	23	76	24	90	25	83	26	63	27	83	28	24	29	36	
	0	24	1	97	2	62	3	92	4	51	5	43	6	92	7	50	8	92	9	70	10	77	11	96	12	37	13	36	14	48	15	36	16	82	17	55	18	50	19	68	20	21	21	35	22	66	23	46	24	98	25	27	26	25	27	94	28	30	29	77	
	0	94	1	24	2	36	3	15	4	61	5	15	6	48	7	88	8	73	9	88	10	31	11	24	12	88	13	12	14	46	15	57	16	71	17	44	18	24	19	79	20	14	21	37	22	96	23	10	24	21	25	92	26	100	27	60	28	91	29	93	
	0	53	1	74	2	46	3	95	4	27	5	88	6	22	7	78	8	34	9	51	10	12	11	62	12	24	13	69	14	70	15	60	16	26	17	51	18	93	19	39	20	22	21	17	22	58	23	21	24	14	25	29	26	13	27	47	28	40	29	64	
	0	73	1	86	2	24	3	48	4	83	5	31	6	34	7	80	8	15	9	16	10	27	11	24	12	55	13	34	14	100	15	71	16	71	17	37	18	10	19	80	20	72	21	81	22	75	23	100	24	66	25	99	26	32	27	77	28	88	29	15	
	0	28	1	86	2	68	3	88	4	45	5	65	6	54	7	41	8	45	9	52	10	20	11	81	12	14	13	33	14	74	15	83	16	72	17	33	18	84	19	49	20	36	21	82	22	44	23	45	24	88	25	24	26	60	27	54	28	81	29	12	
	0	45	1	73	2	55	3	83	4	39	5	20	6	84	7	37	8	13	9	38	10	92	11	26	12	91	13	88	14	28	15	13	16	20	17	25	18	32	19	20	20	85	21	15	22	43	23	14	24	49	25	51	26	10	27	29	28	48	29	34	
	0	11	1	81	2	62	3	66	4	49	5	93	6	14	7	45	8	44	9	69	10	59	11	25	12	11	13	49	14	48	15	49	16	80	17	93	18	27	19	38	20	70	21	33	22	28	23	70	24	46	25	28	26	90	27	33	28	23	29	75	
	0	16	1	42	2	88	3	36	4	50	5	57	6	62	7	91	8	55	9	73	10	24	11	23	12	10	13	97	14	84	15	13	16	75	17	14	18	73	19	89	20	49	21	87	22	49	23	63	24	32	25	41	26	48	27	33	28	86	29	65	
	0	84	1	83	2	48	3	77	4	95	5	25	6	16	7	23	8	49	9	32	10	98	11	74	12	66	13	77	14	92	15	75	16	62	17	25	18	16	19	97	20	89	21	32	22	14	23	91	24	47	25	10	26	18	27	94	28	37	29	97	
	0	78	1	14	2	48	3	80	4	67	5	78	6	50	7	30	8	32	9	64	10	12	11	89	12	81	13	34	14	57	15	39	16	80	17	91	18	47	19	33	20	59	21	23	22	45	23	87	24	50	25	33	26	81	27	92	28	68	29	81	
	0	15	1	15	2	89	3	19	4	29	5	45	6	73	7	37	8	54	9	11	10	73	11	15	12	23	13	71	14	46	15	85	16	60	17	36	18	29	19	79	20	85	21	62	22	100	23	85	24	87	25	78	26	73	27	46	28	62	29	17	
	0	82	1	61	2	40	3	12	4	55	5	90	6	89	7	85	8	18	9	62	10	92	11	70	12	31	13	41	14	40	15	97	16	42	17	84	18	69	19	10	20	82	21	46	22	74	23	91	24	66	25	80	26	48	27	81	28	42	29	100	
	0	61	1	27	2	19	3	44	4	84	5	23	6	16	7	96	8	20	9	34	10	56	11	71	12	65	13	36	14	21	15	85	16	41	17	32	18	70	19	68	20	37	21	96	22	88	23	53	24	18	25	25	26	49	27	10	28	11	29	72	
	0	13	1	66	2	14	3	73	4	77	5	53	6	26	7	12	8	90	9	25	10	94	11	49	12	22	13	64	14	65	15	85	16	59	17	52	18	55	19	44	20	49	21	90	22	34	23	53	24	86	25	85	26	65	27	41	28	32	29	52	
	0	35	1	56	2	80	3	12	4	100	5	75	6	74	7	32	8	65	9	87	10	21	11	100	12	79	13	11	14	87	15	93	16	48	17	75	18	59	19	98	20	91	21	79	22	88	23	58	24	58	25	78	26	80	27	69	28	42	29	76	
	0	66	1	18	2	66	3	86	4	18	5	63	6	27	7	10	8	89	9	92	10	66	11	68	12	25	13	85	14	71	15	11	16	77	17	34	18	94	19	18	20	54	21	10	22	100	23	15	24	13	25	99	26	21	27	65	28	89	29	48	
	0	100	1	21	2	35	3	12	4	67	5	38	6	77	7	92	8	28	9	79	10	46	11	77	12	92	13	20	14	80	15	69	16	21	17	63	18	46	19	32	20	30	21	64	22	97	23	66	24	31	25	60	26	23	27	11	28	10	29	55	
	0	79	1	54	2	71	3	76	4	55	5	71	6	85	7	53	8	56	9	81	10	48	11	37	12	39	13	56	14	68	15	44	16	87	17	16	18	52	19	52	20	81	21	43	22	43	23	78	24	75	25	95	26	55	27	11	28	22	29	74	
	0	92	1	69	2	69	3	30	4	31	5	87	6	54	7	34	8	48	9	40	10	11	11	63	12	22	13	96	14	32	15	50	16	44	17	18	18	16	19	92	20	36	21	45	22	25	23	86	24	28	25	63	26	35	27	25	28	31	29	52	
	0	97	1	45	2	94	3	43	4	62	5	94	6	100	7	51	8	92	9	84	10	44	11	64	12	20	13	40	14	86	15	24	16	52	17	77	18	93	19	42	20	45	21	16	22	25	23	75	24	12	25	25	26	25	27	85	28	58	29	58	
	0	31	1	14	2	71	3	94	4	44	5	81	6	36	7	65	8	22	9	10	10	17	11	26	12	78	13	40	14	28	15	100	16	77	17	64	18	20	19	68	20	84	21	59	22	95	23	26	24	88	25	94	26	100	27	99	28	11	29	93	
	0	21	1	94	2	37	3	58	4	38	5	56	6	87	7	15	8	42	9	37	10	34	11	62	12	76	13	69	14	36	15	61	16	23	17	93	18	32	19	60	20	72	21	88	22	47	23	69	24	94	25	56	26	73	27	85	28	79	29	38	
	0	61	1	97	2	71	3	19	4	76	5	56	6	36	7	80	8	97	9	54	10	26	11	97	12	31	13	66	14	41	15	66	16	55	17	11	18	94	19	16	20	78	21	10	22	23	23	100	24	10	25	94	26	59	27	21	28	94	29	38	
	0	90	1	20	2	42	3	27	4	65	5	75	6	75	7	75	8	42	9	97	10	65	11	16	12	14	13	83	14	94	15	78	16	37	17	62	18	61	19	59	20	33	21	84	22	71	23	75	24	75	25	85	26	95	27	95	28	53	29	19	
	0	30	1	26	2	75	3	96	4	83	5	73	6	50	7	27	8	19	9	72	10	82	11	53	12	51	13	42	14	30	15	11	16	30	17	52	18	100	19	50	20	14	21	67	22	88	23	15	24	52	25	93	26	61	27	17	28	97	29	11	
	0	31	1	41	2	56	3	17	4	60	5	24	6	53	7	37	8	66	9	64	10	58	11	71	12	28	13	15	14	44	15	77	16	55	17	33	18	80	19	35	20	27	21	64	22	88	23	95	24	91	25	81	26	21	27	91	28	44	29	82	
	0	91	1	60	2	34	3	16	4	22	5	64	6	90	7	15	8	94	9	71	10	81	11	19	12	39	13	26	14	99	15	58	16	12	17	94	18	35	19	56	20	89	21	75	22	45	23	61	24	72	25	52	26	11	27	22	28	24	29	62	
	0	33	1	30	2	59	3	39	4	38	5	44	6	72	7	27	8	20	9	28	10	64	11	46	12	20	13	97	14	76	15	57	16	75	17	82	18	44	19	88	20	41	21	30	22	17	23	66	24	13	25	80	26	46	27	63	28	79	29	49	
	0	24	1	45	2	94	3	56	4	36	5	49	6	77	7	23	8	80	9	22	10	100	11	75	12	74	13	35	14	27	15	76	16	78	17	97	18	33	19	27	20	92	21	13	22	73	23	99	24	30	25	83	26	43	27	50	28	99	29	58	
	0	72	1	54	2	42	3	87	4	86	5	18	6	84	7	71	8	53	9	59	10	42	11	16	12	55	13	21	14	25	15	50	16	42	17	59	18	69	19	80	20	53	21	92	22	59	23	43	24	36	25	58	26	29	27	61	28	48	29	53	
	0	50	1	92	2	93	3	72	4	100	5	44	6	24	7	19	8	11	9	54	10	44	11	80	12	37	13	40	14	95	15	75	16	23	17	67	18	46	19	61	20	79	21	19	22	87	23	95	24	14	25	24	26	51	27	57	28	54	29	99	
	0	97	1	37	2	55	3	91	4	26	5	70	6	25	7	92	8	11	9	34	10	31	11	33	12	63	13	16	14	59	15	10	16	33	17	31	18	64	19	53	20	66	21	34	22	71	23	82	24	54	25	57	26	22	27	86	28	32	29	71	
	0	85	1	28	2	27	3	41	4	53	5	91	6	41	7	20	8	80	9	84	10	48	11	11	12	56	13	86	14	37	15	26	16	93	17	61	18	75	19	92	20	55	21	47	22	88	23	93	24	22	25	39	26	87	27	72	28	69	29	86	
	0	10	1	37	2	76	3	52	4	16	5	49	6	36	7	59	8	56	9	47	10	37	11	10	12	54	13	93	14	46	15	94	16	57	17	98	18	59	19	67	20	72	21	97	22	98	23	76	24	100	25	38	26	88	27	86	28	14	29	40	
	0	76	1	84	2	73	3	42	4	43	5	88	6	39	7	12	8	37	9	18	10	21	11	97	12	20	13	31	14	50	15	32	16	43	17	14	18	20	19	87	20	13	21	89	22	94	23	25	24	85	25	93	26	89	27	78	28	11	29	78	
	0	91	1	60	2	52	3	58	4	52	5	10	6	11	7	59	8	100	9	42	10	31	11	81	12	66	13	73	14	85	15	59	16	26	17	10	18	60	19	97	20	34	21	55	22	46	23	87	24	74	25	62	26	72	27	38	28	99	29	53	
	0	85	1	46	2	73	3	95	4	41	5	16	6	80	7	92	8	32	9	95	10	50	11	69	12	65	13	52	14	99	15	69	16	22	17	72	18	86	19	44	20	80	21	21	22	100	23	30	24	29	25	72	26	16	27	80	28	97	29	46	
	0	27	1	28	2	62	3	56	4	86	5	76	6	57	7	97	8	86	9	32	10	89	11	61	12	92	13	32	14	41	15	65	16	61	17	80	18	72	19	40	20	59	21	46	22	65	23	70	24	90	25	59	26	26	27	30	28	92	29	65	
	0	35	1	17	2	21	3	58	4	89	5	73	6	12	7	76	8	78	9	29	10	35	11	20	12	60	13	38	14	32	15	17	16	25	17	61	18	48	19	11	20	20	21	85	22	100	23	44	24	19	25	64	26	57	27	23	28	65	29	80	
	0	20	1	40	2	45	3	47	4	72	5	60	6	89	7	73	8	10	9	65	10	39	11	83	12	89	13	39	14	53	15	79	16	76	17	17	18	96	19	28	20	67	21	30	22	17	23	38	24	66	25	36	26	41	27	83	28	88	29	62	
	0	54	1	39	2	92	3	33	4	98	5	67	6	66	7	89	8	94	9	48	10	76	11	56	12	10	13	26	14	75	15	85	16	60	17	36	18	59	19	29	20	50	21	12	22	36	23	70	24	78	25	33	26	80	27	90	28	16	29	34	
	0	61	1	54	2	83	3	67	4	54	5	88	6	89	7	33	8	43	9	67	10	85	11	80	12	41	13	39	14	75	15	99	16	92	17	95	18	13	19	28	20	57	21	76	22	68	23	25	24	32	25	69	26	92	27	23	28	50	29	98	
	0	20	1	57	2	51	3	96	4	29	5	20	6	57	7	75	8	100	9	65	10	98	11	31	12	59	13	71	14	55	15	55	16	92	17	70	18	26	19	84	20	76	21	26	22	29	23	30	24	40	25	100	26	10	27	57	28	62	29	47	
	0	43	1	91	2	37	3	78	4	16	5	20	6	12	7	23	8	78	9	59	10	84	11	32	12	12	13	55	14	99	15	12	16	27	17	23	18	64	19	37	20	79	21	82	22	18	23	29	24	26	25	18	26	34	27	63	28	25	29	84	
	0	24	1	85	2	33	3	88	4	64	5	18	6	35	7	56	8	18	9	99	10	65	11	92	12	66	13	16	14	94	15	78	16	31	17	98	18	11	19	14	20	20	21	16	22	33	23	49	24	23	25	91	26	61	27	77	28	53	29	15	
	0	75	1	17	2	55	3	99	4	87	5	45	6	75	7	22	8	35	9	47	10	44	11	87	12	16	13	60	14	83	15	63	16	40	17	57	18	64	19	46	20	19	21	99	22	86	23	23	24	68	25	22	26	26	27	36	28	68	29	92	
	0	58	1	58	2	74	3	73	4	51	5	46	6	92	7	92	8	23	9	92	10	94	11	31	12	10	13	98	14	78	15	10	16	10	17	68	18	86	19	52	20	19	21	42	22	35	23	95	24	64	25	39	26	90	27	74	28	82	29	79	
	0	64	1	40	2	69	3	38	4	42	5	66	6	39	7	82	8	29	9	91	10	84	11	85	12	95	13	45	14	27	15	79	16	15	17	40	18	93	19	67	20	44	21	80	22	90	23	76	24	37	25	51	26	71	27	88	28	48	29	38	
	0	13	1	45	2	81	3	84	4	33	5	85	6	12	7	29	8	52	9	33	10	71	11	36	12	71	13	95	14	78	15	22	16	84	17	96	18	43	19	83	20	37	21	83	22	50	23	87	24	52	25	16	26	39	27	66	28	69	29	36	
	0	36	1	10	2	92	3	92	4	79	5	15	6	70	7	70	8	86	9	50	10	44	11	76	12	67	13	85	14	64	15	55	16	66	17	26	18	47	19	32	20	54	21	19	22	95	23	45	24	33	25	83	26	24	27	68	28	33	29	89	
	0	51	1	63	2	45	3	17	4	25	5	99	6	79	7	67	8	40	9	29	10	12	11	36	12	50	13	56	14	59	15	44	16	17	17	50	18	93	19	81	20	46	21	96	22	95	23	71	24	26	25	44	26	83	27	24	28	91	29	24	
	0	55	1	98	2	19	3	34	4	26	5	80	6	76	7	25	8	65	9	11	10	23	11	49	12	30	13	36	14	76	15	100	16	53	17	19	18	35	19	70	20	41	21	46	22	43	23	99	24	28	25	84	26	37	27	74	28	18	29	23	
	0	13	1	16	2	47	3	11	4	61	5	31	6	99	7	17	8	77	9	14	10	69	11	24	12	48	13	91	14	99	15	52	16	36	17	88	18	32	19	44	20	92	21	73	22	17	23	22	24	97	25	31	26	45	27	66	28	20	29	67	
	0	43	1	40	2	98	3	87	4	47	5	68	6	67	7	58	8	83	9	94	10	62	11	76	12	54	13	64	14	32	15	25	16	46	17	97	18	43	19	68	20	30	21	34	22	99	23	53	24	91	25	51	26	76	27	12	28	84	29	62	
	0	19	1	36	2	45	3	11	4	38	5	16	6	17	7	51	8	62	9	23	10	65	11	83	12	70	13	22	14	48	15	17	16	16	17	21	18	95	19	26	20	80	21	30	22	60	23	68	24	23	25	48	26	25	27	76	28	75	29	39	
	0	64	1	62	2	41	3	39	4	23	5	65	6	75	7	14	8	23	9	62	10	50	11	56	12	80	13	67	14	20	15	80	16	81	17	97	18	68	19	80	20	80	21	24	22	33	23	56	24	43	25	40	26	58	27	52	28	72	29	45	
	0	60	1	23	2	88	3	76	4	36	5	80	6	75	7	50	8	45	9	53	10	100	11	62	12	90	13	55	14	19	15	86	16	63	17	62	18	18	19	63	20	18	21	18	22	82	23	98	24	76	25	76	26	23	27	40	28	14	29	30	
	0	77	1	66	2	45	3	20	4	81	5	73	6	53	7	95	8	61	9	60	10	57	11	87	12	55	13	26	14	16	15	50	16	16	17	87	18	34	19	100	20	43	21	20	22	80	23	100	24	14	25	34	26	12	27	66	28	28	29	13	
	0	45	1	64	2	83	3	43	4	34	5	10	6	67	7	39	8	99	9	32	10	58	11	58	12	87	13	59	14	83	15	84	16	52	17	34	18	11	19	30	20	17	21	62	22	66	23	33	24	96	25	84	26	50	27	86	28	99	29	10	
	0	11	1	31	2	57	3	88	4	18	5	37	6	26	7	38	8	97	9	86	10	61	11	78	12	55	13	59	14	59	15	37	16	91	17	60	18	98	19	34	20	99	21	50	22	49	23	96	24	100	25	44	26	25	27	47	28	62	29	17	
	0	25	1	70	2	94	3	47	4	67	5	55	6	60	7	61	8	23	9	52	10	43	11	78	12	62	13	99	14	82	15	89	16	69	17	94	18	18	19	66	20	19	21	79	22	32	23	88	24	90	25	76	26	29	27	14	28	71	29	92	
	0	59	1	53	2	65	3	76	4	88	5	31	6	73	7	53	8	90	9	40	10	73	11	47	12	54	13	75	14	60	15	29	16	97	17	73	18	80	19	46	20	76	21	28	22	35	23	38	24	62	25	58	26	74	27	16	28	58	29	77	
	0	93	1	18	2	55	3	32	4	25	5	70	6	31	7	31	8	77	9	48	10	65	11	22	12	20	13	85	14	70	15	35	16	76	17	39	18	38	19	37	20	45	21	90	22	57	23	59	24	48	25	12	26	23	27	48	28	33	29	87	
	0	82	1	54	2	76	3	23	4	60	5	70	6	66	7	26	8	58	9	21	10	53	11	56	12	43	13	91	14	91	15	41	16	73	17	48	18	39	19	20	20	79	21	55	22	28	23	83	24	80	25	23	26	66	27	42	28	24	29	79	
	0	99	1	41	2	96	3	42	4	27	5	14	6	96	7	59	8	50	9	62	10	25	11	30	12	16	13	85	14	88	15	35	16	74	17	46	18	94	19	100	20	13	21	19	22	30	23	51	24	54	25	89	26	50	27	74	28	26	29	42	
	0	92	1	79	2	75	3	42	4	51	5	35	6	88	7	47	8	48	9	16	10	30	11	88	12	84	13	22	14	69	15	47	16	17	17	85	18	71	19	35	20	35	21	10	22	47	23	69	24	32	25	61	26	92	27	93	28	50	29	39	
	0	82	1	12	2	85	3	61	4	88	5	66	6	69	7	54	8	19	9	46	10	38	11	63	12	98	13	33	14	81	15	97	16	46	17	64	18	17	19	68	20	70	21	40	22	35	23	86	24	11	25	10	26	14	27	39	28	37	29	18	
	0	14	1	66	2	30	3	23	4	59	5	98	6	67	7	11	8	23	9	54	10	65	11	55	12	54	13	10	14	75	15	67	16	20	17	46	18	38	19	38	20	33	21	28	22	77	23	19	24	60	25	46	26	60	27	21	28	27	29	64	
	0	40	1	52	2	15	3	46	4	19	5	55	6	70	7	92	8	15	9	57	10	18	11	16	12	29	13	55	14	96	15	87	16	20	17	94	18	57	19	18	20	30	21	36	22	14	23	36	24	17	25	10	26	22	27	34	28	42	29	14	
	0	32	1	27	2	60	3	99	4	94	5	22	6	39	7	39	8	44	9	52	10	56	11	26	12	31	13	12	14	33	15	78	16	55	17	40	18	11	19	80	20	20	21	19	22	30	23	28	24	94	25	90	26	72	27	95	28	52	29	52	
	0	38	1	32	2	37	3	74	4	76	5	56	6	33	7	89	8	19	9	31	10	20	11	49	12	64	13	40	14	52	15	61	16	36	17	69	18	18	19	30	20	75	21	70	22	24	23	87	24	48	25	74	26	56	27	68	28	96	29	96	
	0	60	1	63	2	46	3	78	4	49	5	76	6	90	7	52	8	23	9	22	10	78	11	52	12	75	13	44	14	55	15	74	16	85	17	75	18	23	19	32	20	10	21	36	22	61	23	29	24	48	25	59	26	28	27	35	28	86	29	86	
	0	40	1	41	2	74	3	43	4	71	5	99	6	50	7	99	8	91	9	92	10	38	11	83	12	56	13	41	14	80	15	79	16	80	17	46	18	47	19	43	20	50	21	94	22	94	23	78	24	40	25	47	26	53	27	25	28	91	29	68	
	0	85	1	92	2	49	3	48	4	82	5	31	6	32	7	32	8	100	9	57	10	15	11	20	12	52	13	50	14	90	15	65	16	87	17	98	18	22	19	54	20	28	21	50	22	28	23	46	24	53	25	43	26	19	27	77	28	92	29	46	
	0	44	1	34	2	79	3	92	4	76	5	51	6	62	7	84	8	51	9	25	10	60	11	57	12	52	13	69	14	37	15	47	16	22	17	36	18	49	19	89	20	100	21	54	22	64	23	86	24	13	25	55	26	63	27	37	28	39	29	92	
	0	44	1	99	2	76	3	56	4	31	5	41	6	75	7	80	8	75	9	41	10	80	11	40	12	43	13	92	14	46	15	58	16	17	17	25	18	83	19	27	20	16	21	31	22	44	23	81	24	43	25	27	26	44	27	98	28	64	29	57	
	0	63	1	33	2	32	3	59	4	11	5	71	6	97	7	19	8	32	9	99	10	34	11	92	12	98	13	11	14	11	15	42	16	88	17	85	18	90	19	67	20	42	21	54	22	58	23	24	24	68	25	55	26	22	27	81	28	96	29	33	
	0	56	1	62	2	44	3	63	4	38	5	81	6	14	7	49	8	97	9	44	10	55	11	55	12	85	13	31	14	13	15	59	16	86	17	67	18	18	19	84	20	32	21	74	22	55	23	59	24	54	25	12	26	14	27	21	28	73	29	72	
	0	60	1	59	2	17	3	83	4	87	5	80	6	24	7	57	8	43	9	60	10	71	11	17	12	10	13	29	14	81	15	92	16	71	17	14	18	19	19	78	20	83	21	64	22	95	23	79	24	83	25	21	26	40	27	35	28	52	29	55	
	0	16	1	61	2	38	3	68	4	40	5	77	6	46	7	35	8	87	9	41	10	23	11	25	12	84	13	47	14	10	15	96	16	49	17	92	18	81	19	12	20	34	21	61	22	34	23	83	24	47	25	87	26	74	27	35	28	63	29	51	
	0	58	1	60	2	38	3	88	4	63	5	43	6	87	7	21	8	70	9	93	10	84	11	79	12	94	13	19	14	22	15	13	16	70	17	35	18	60	19	34	20	67	21	92	22	82	23	11	24	80	25	22	26	40	27	28	28	12	29	39	
	0	33	1	73	2	92	3	64	4	50	5	19	6	56	7	53	8	80	9	17	10	34	11	97	12	57	13	80	14	74	15	87	16	66	17	58	18	100	19	18	20	93	21	49	22	78	23	83	24	83	25	36	26	55	27	54	28	82	29	84	
	0	44	1	57	2	94	3	51	4	79	5	82	6	15	7	16	8	41	9	62	10	63	11	97	12	74	13	64	14	50	15	73	16	27	17	77	18	90	19	26	20	10	21	19	22	84	23	85	24	63	25	83	26	60	27	21	28	16	29	71	
	0	82	1	82	2	76	3	78	4	11	5	16	6	23	7	49	8	41	9	70	10	52	11	79	12	99	13	38	14	86	15	94	16	88	17	96	18	15	19	73	20	14	21	40	22	48	23	13	24	51	25	75	26	52	27	70	28	38	29	86	
	0	21	1	75	2	52	3	38	4	76	5	46	6	69	7	31	8	84	9	84	10	60	11	49	12	17	13	99	14	29	15	57	16	88	17	19	18	29	19	17	20	32	21	96	22	69	23	22	24	82	25	77	26	96	27	53	28	26	29	100	
	0	31	1	49	2	89	3	93	4	61	5	24	6	58	7	57	8	78	9	17	10	82	11	95	12	88	13	100	14	69	15	65	16	60	17	47	18	63	19	40	20	15	21	17	22	69	23	46	24	25	25	38	26	99	27	10	28	27	29	53	
	0	52	1	98	2	22	3	68	4	69	5	77	6	20	7	83	8	17	9	38	10	31	11	27	12	47	13	52	14	71	15	22	16	63	17	94	18	52	19	14	20	43	21	25	22	53	23	64	24	44	25	38	26	33	27	64	28	14	29	33	
	0	63	1	99	2	16	3	57	4	42	5	97	6	91	7	14	8	30	9	51	10	21	11	100	12	76	13	40	14	53	15	24	16	45	17	46	18	20	19	58	20	68	21	42	22	19	23	26	24	64	25	54	26	79	27	70	28	33	29	90	
	0	15	1	91	2	42	3	98	4	29	5	69	6	57	7	82	8	82	9	26	10	72	11	77	12	75	13	32	14	93	15	53	16	39	17	79	18	94	19	91	20	23	21	61	22	42	23	59	24	79	25	13	26	33	27	76	28	12	29	29	
	0	98	1	99	2	12	3	58	4	64	5	52	6	53	7	32	8	20	9	86	10	41	11	61	12	48	13	13	14	42	15	87	16	29	17	83	18	75	19	57	20	42	21	95	22	29	23	31	24	38	25	37	26	19	27	79	28	89	29	60	
	0	30	1	32	2	22	3	100	4	63	5	23	6	89	7	63	8	25	9	56	10	12	11	84	12	41	13	74	14	15	15	56	16	24	17	52	18	22	19	48	20	86	21	32	22	49	23	97	24	17	25	36	26	69	27	64	28	74	29	12	
	0	75	1	12	2	12	3	99	4	56	5	56	6	61	7	11	8	92	9	44	10	31	11	87	12	42	13	74	14	82	15	15	16	64	17	18	18	62	19	87	20	43	21	97	22	34	23	58	24	61	25	53	26	92	27	88	28	56	29	27	
	0	78	1	50	2	15	3	35	4	38	5	76	6	93	7	65	8	87	9	51	10	57	11	89	12	13	13	91	14	10	15	90	16	79	17	20	18	81	19	73	20	75	21	15	22	87	23	21	24	41	25	20	26	61	27	49	28	17	29	32	
	0	26	1	96	2	95	3	12	4	44	5	86	6	54	7	40	8	51	9	18	10	85	11	94	12	30	13	50	14	77	15	78	16	36	17	85	18	37	19	19	20	85	21	86	22	36	23	82	24	34	25	51	26	93	27	37	28	67	29	93	
	0	65	1	15	2	50	3	52	4	43	5	38	6	38	7	59	8	93	9	63	10	94	11	64	12	74	13	52	14	63	15	39	16	41	17	53	18	28	19	55	20	92	21	68	22	50	23	69	24	94	25	52	26	76	27	67	28	78	29	41	
	0	68	1	67	2	54	3	18	4	12	5	27	6	89	7	86	8	36	9	62	10	26	11	96	12	82	13	67	14	72	15	49	16	93	17	59	18	51	19	88	20	63	21	27	22	48	23	23	24	63	25	55	26	72	27	84	28	61	29	37	
	0	20	1	33	2	53	3	98	4	81	5	22	6	84	7	96	8	94	9	32	10	36	11	93	12	43	13	25	14	49	15	95	16	15	17	53	18	85	19	27	20	80	21	21	22	71	23	39	24	93	25	82	26	56	27	64	28	24	29	53	
	0	36	1	69	2	49	3	37	4	89	5	90	6	82	7	47	8	40	9	26	10	21	11	24	12	19	13	89	14	13	15	33	16	31	17	45	18	58	19	59	20	87	21	26	22	100	23	41	24	75	25	61	26	20	27	60	28	99	29	16	
	0	86	1	13	2	39	3	41	4	86	5	17	6	63	7	56	8	69	9	12	10	48	11	49	12	63	13	59	14	14	15	14	16	68	17	83	18	93	19	53	20	77	21	39	22	61	23	62	24	68	25	37	26	19	27	18	28	92	29	80	
	0	23	1	29	2	42	3	61	4	90	5	63	6	64	7	17	8	10	9	25	10	88	11	76	12	87	13	74	14	11	15	78	16	11	17	44	18	36	19	22	20	12	21	18	22	89	23	49	24	44	25	29	26	11	27	92	28	31	29	84	
	0	77	1	17	2	81	3	89	4	67	5	35	6	44	7	91	8	42	9	76	10	88	11	63	12	79	13	73	14	43	15	20	16	20	17	35	18	53	19	63	20	97	21	92	22	53	23	72	24	61	25	52	26	79	27	18	28	57	29	33	
	0	68	1	87	2	52	3	63	4	32	5	80	6	40	7	94	8	31	9	60	10	14	11	95	12	90	13	14	14	35	15	56	16	64	17	78	18	95	19	50	20	55	21	27	22	72	23	56	24	65	25	37	26	61	27	84	28	51	29	35	
	0	30	1	33	2	80	3	23	4	88	5	71	6	37	7	54	8	31	9	18	10	37	11	19	12	100	13	37	14	79	15	60	16	77	17	73	18	49	19	15	20	24	21	77	22	37	23	86	24	89	25	41	26	15	27	72	28	54	29	26	
	0	46	1	74	2	68	3	55	4	34	5	63	6	19	7	78	8	57	9	84	10	31	11	54	12	82	13	38	14	56	15	20	16	47	17	81	18	21	19	28	20	90	21	54	22	64	23	76	24	94	25	62	26	32	27	67	28	36	29	62	
	0	19	1	25	2	58	3	10	4	74	5	33	6	100	7	19	8	56	9	60	10	28	11	73	12	20	13	63	14	55	15	20	16	63	17	75	18	86	19	42	20	100	21	48	22	60	23	97	24	89	25	64	26	47	27	62	28	78	29	74	
	0	40	1	90	2	54	3	14	4	69	5	71	6	29	7	41	8	26	9	63	10	52	11	95	12	23	13	51	14	40	15	36	16	99	17	85	18	89	19	15	20	89	21	62	22	59	23	96	24	53	25	13	26	55	27	85	28	50	29	19	
	0	70	1	98	2	48	3	57	4	47	5	100	6	45	7	73	8	88	9	77	10	84	11	31	12	19	13	94	14	13	15	23	16	32	17	21	18	86	19	92	20	24	21	77	22	11	23	92	24	74	25	23	26	92	27	47	28	62	29	100	
	0	94	1	34	2	61	3	97	4	45	5	80	6	54	7	26	8	66	9	17	10	92	11	51	12	70	13	56	14	63	15	40	16	53	17	73	18	47	19	83	20	24	21	36	22	84	23	71	24	19	25	63	26	52	27	79	28	11	29	96	
	0	91	1	34	2	89	3	65	4	58	5	23	6	80	7	92	8	61	9	60	10	78	11	93	12	85	13	22	14	53	15	19	16	11	17	72	18	42	19	64	20	100	21	12	22	46	23	42	24	66	25	75	26	26	27	40	28	39	29	66	
	0	18	1	55	2	54	3	25	4	22	5	58	6	69	7	38	8	58	9	64	10	81	11	93	12	23	13	33	14	35	15	90	16	92	17	59	18	56	19	67	20	40	21	62	22	43	23	99	24	56	25	73	26	42	27	27	28	84	29	71	
	0	41	1	20	2	60	3	72	4	55	5	68	6	37	7	76	8	69	9	79	10	84	11	26	12	40	13	13	14	22	15	48	16	60	17	24	18	28	19	46	20	82	21	99	22	59	23	20	24	85	25	12	26	87	27	100	28	83	29	72	
	0	10	1	69	2	65	3	99	4	18	5	55	6	100	7	59	8	19	9	50	10	71	11	39	12	93	13	50	14	42	15	75	16	13	17	72	18	80	19	76	20	87	21	57	22	11	23	92	24	27	25	26	26	46	27	69	28	42	29	50	
	0	98	1	54	2	63	3	56	4	46	5	80	6	22	7	80	8	100	9	84	10	88	11	56	12	20	13	49	14	26	15	35	16	63	17	65	18	69	19	14	20	87	21	98	22	40	23	86	24	47	25	85	26	72	27	50	28	39	29	67	
	0	40	1	99	2	54	3	53	4	83	5	18	6	79	7	32	8	100	9	22	10	23	11	80	12	86	13	24	14	12	15	99	16	82	17	15	18	32	19	72	20	88	21	51	22	50	23	13	24	37	25	75	26	90	27	67	28	66	29	19	
	0	36	1	40	2	87	3	51	4	30	5	20	6	93	7	10	8	68	9	97	10	87	11	46	12	11	13	11	14	10	15	64	16	80	17	18	18	84	19	90	20	91	21	29	22	93	23	80	24	84	25	25	26	49	27	98	28	27	29	69	
	0	29	1	79	2	21	3	88	4	55	5	94	6	71	7	17	8	69	9	53	10	78	11	43	12	47	13	34	14	33	15	60	16	79	17	16	18	51	19	21	20	85	21	32	22	30	23	74	24	62	25	35	26	30	27	50	28	65	29	100	
	0	45	1	91	2	21	3	96	4	11	5	55	6	99	7	44	8	31	9	92	10	37	11	77	12	58	13	92	14	87	15	17	16	82	17	29	18	14	19	10	20	47	21	42	22	85	23	87	24	20	25	63	26	40	27	16	28	81	29	49	
	0	84	1	12	2	98	3	13	4	17	5	89	6	21	7	44	8	16	9	62	10	19	11	82	12	46	13	67	14	21	15	63	16	95	17	100	18	13	19	82	20	58	21	40	22	35	23	30	24	96	25	94	26	64	27	81	28	71	29	35	
	0	79	1	16	2	23	3	82	4	13	5	60	6	23	7	22	8	51	9	17	10	36	11	30	12	64	13	68	14	85	15	76	16	14	17	62	18	63	19	39	20	13	21	46	22	55	23	28	24	32	25	54	26	53	27	69	28	33	29	98	
	0	24	1	37	2	67	3	84	4	91	5	99	6	42	7	36	8	49	9	71	10	90	11	17	12	98	13	79	14	73	15	11	16	66	17	74	18	95	19	23	20	52	21	31	22	75	23	34	24	89	25	43	26	30	27	72	28	87	29	14	
	0	43	1	46	2	23	3	33	4	31	5	59	6	33	7	49	8	44	9	70	10	94	11	100	12	26	13	15	14	87	15	38	16	34	17	48	18	92	19	71	20	80	21	14	22	88	23	67	24	85	25	76	26	54	27	45	28	76	29	92	
	0	92	1	36	2	74	3	97	4	49	5	39	6	50	7	36	8	11	9	75	10	18	11	18	12	75	13	62	14	89	15	92	16	17	17	93	18	73	19	29	20	41	21	88	22	22	23	67	24	53	25	97	26	71	27	40	28	53	29	84	
	0	96	1	99	2	81	3	29	4	45	5	72	6	47	7	68	8	30	9	62	10	68	11	28	12	26	13	30	14	71	15	80	16	96	17	83	18	52	19	100	20	55	21	90	22	59	23	53	24	63	25	74	26	27	27	33	28	14	29	19	
	0	48	1	30	2	83	3	50	4	72	5	80	6	91	7	43	8	100	9	51	10	18	11	78	12	72	13	82	14	74	15	92	16	97	17	55	18	88	19	44	20	11	21	83	22	16	23	45	24	59	25	32	26	52	27	61	28	42	29	16	
	0	17	1	73	2	94	3	24	4	84	5	27	6	100	7	65	8	31	9	72	10	56	11	25	12	68	13	88	14	31	15	35	16	11	17	51	18	72	19	31	20	24	21	16	22	78	23	56	24	80	25	21	26	16	27	44	28	12	29	19	
	0	77	1	15	2	58	3	24	4	94	5	69	6	90	7	18	8	44	9	29	10	25	11	39	12	50	13	20	14	49	15	32	16	78	17	54	18	96	19	24	20	95	21	97	22	67	23	90	24	18	25	59	26	58	27	82	28	94	29	88	
	0	45	1	81	2	58	3	90	4	66	5	80	6	73	7	51	8	35	9	71	10	43	11	96	12	80	13	53	14	52	15	30	16	24	17	80	18	11	19	15	20	93	21	87	22	49	23	69	24	84	25	96	26	28	27	23	28	10	29	19	
	0	50	1	99	2	42	3	16	4	48	5	85	6	15	7	67	8	80	9	40	10	50	11	32	12	53	13	77	14	78	15	39	16	74	17	74	18	26	19	89	20	74	21	18	22	21	23	74	24	58	25	73	26	16	27	95	28	58	29	38	
	0	84	1	73	2	77	3	84	4	58	5	47	6	18	7	23	8	26	9	100	10	63	11	25	12	25	13	77	14	79	15	42	16	11	17	69	18	43	19	26	20	78	21	59	22	51	23	89	24	29	25	79	26	28	27	32	28	77	29	100	
	0	65	1	88	2	31	3	54	4	88	5	35	6	23	7	33	8	91	9	47	10	60	11	61	12	58	13	96	14	30	15	93	16	45	17	79	18	59	19	43	20	57	21	64	22	44	23	42	24	81	25	65	26	32	27	83	28	17	29	73	
	0	79	1	22	2	37	3	63	4	50	5	30	6	15	7	12	8	71	9	18	10	31	11	53	12	43	13	71	14	65	15	65	16	11	17	21	18	83	19	76	20	43	21	85	22	54	23	11	24	90	25	73	26	12	27	29	28	27	29	77	
	0	46	1	29	2	66	3	54	4	30	5	76	6	38	7	22	8	45	9	27	10	20	11	79	12	61	13	74	14	64	15	31	16	81	17	40	18	59	19	33	20	71	21	36	22	22	23	87	24	12	25	50	26	84	27	100	28	21	29	85	
	0	15	1	67	2	96	3	26	4	100	5	54	6	97	7	96	8	36	9	21	10	34	11	35	12	35	13	86	14	97	15	28	16	31	17	48	18	43	19	37	20	62	21	11	22	72	23	27	24	77	25	95	26	10	27	83	28	96	29	91	
	0	20	1	13	2	75	3	50	4	68	5	28	6	92	7	50	8	89	9	71	10	71	11	67	12	38	13	18	14	26	15	63	16	40	17	24	18	75	19	87	20	57	21	37	22	32	23	90	24	82	25	100	26	26	27	98	28	63	29	18	
	0	97	1	21	2	82	3	51	4	76	5	54	6	48	7	24	8	16	9	45	10	88	11	41	12	83	13	28	14	56	15	96	16	66	17	50	18	32	19	88	20	93	21	47	22	41	23	40	24	17	25	35	26	87	27	74	28	62	29	56	
	0	89	1	44	2	57	3	18	4	85	5	46	6	70	7	14	8	100	9	24	10	76	11	25	12	26	13	98	14	57	15	69	16	26	17	82	18	96	19	94	20	47	21	26	22	64	23	73	24	28	25	13	26	49	27	94	28	45	29	61	
	0	86	1	60	2	41	3	48	4	89	5	51	6	52	7	18	8	35	9	19	10	23	11	35	12	64	13	95	14	31	15	52	16	18	17	80	18	27	19	62	20	82	21	44	22	85	23	53	24	12	25	86	26	18	27	43	28	36	29	55	
	0	57	1	35	2	82	3	86	4	99	5	25	6	21	7	67	8	48	9	38	10	45	11	73	12	85	13	89	14	100	15	44	16	51	17	90	18	76	19	12	20	40	21	53	22	79	23	78	24	31	25	47	26	18	27	51	28	14	29	52	
	0	62	1	66	2	42	3	91	4	71	5	84	6	12	7	59	8	36	9	94	10	73	11	74	12	53	13	23	14	26	15	94	16	89	17	48	18	59	19	71	20	75	21	78	22	27	23	18	24	21	25	17	26	76	27	13	28	33	29	30	
	0	97	1	40	2	98	3	59	4	69	5	12	6	42	7	96	8	46	9	21	10	27	11	45	12	86	13	52	14	93	15	95	16	51	17	13	18	74	19	57	20	80	21	23	22	73	23	28	24	65	25	52	26	85	27	100	28	63	29	43	
	0	20	1	28	2	18	3	42	4	80	5	86	6	13	7	77	8	86	9	23	10	87	11	39	12	26	13	27	14	26	15	15	16	96	17	83	18	88	19	21	20	57	21	46	22	19	23	19	24	28	25	70	26	86	27	75	28	40	29	11	
	0	49	1	40	2	65	3	73	4	25	5	94	6	93	7	74	8	44	9	33	10	90	11	73	12	27	13	54	14	55	15	55	16	100	17	95	18	57	19	79	20	94	21	45	22	44	23	32	24	40	25	67	26	63	27	30	28	63	29	76	
	0	44	1	47	2	77	3	71	4	96	5	97	6	89	7	91	8	71	9	35	10	40	11	24	12	100	13	73	14	36	15	52	16	43	17	66	18	89	19	57	20	54	21	56	22	65	23	39	24	97	25	84	26	12	27	49	28	36	29	63	
	0	48	1	36	2	25	3	28	4	42	5	93	6	91	7	80	8	94	9	11	10	22	11	64	12	91	13	96	14	19	15	99	16	39	17	49	18	13	19	66	20	82	21	75	22	56	23	36	24	31	25	51	26	73	27	42	28	40	29	93	
	0	12	1	12	2	43	3	42	4	71	5	74	6	41	7	62	8	32	9	75	10	65	11	10	12	35	13	99	14	89	15	62	16	69	17	16	18	80	19	63	20	79	21	81	22	93	23	99	24	43	25	41	26	19	27	35	28	95	29	32	
	0	81	1	57	2	33	3	90	4	91	5	82	6	40	7	11	8	10	9	31	10	41	11	81	12	34	13	86	14	37	15	54	16	23	17	48	18	69	19	85	20	54	21	87	22	11	23	97	24	44	25	68	26	45	27	74	28	15	29	94	
	0	31	1	40	2	39	3	34	4	18	5	47	6	77	7	38	8	58	9	51	10	34	11	89	12	33	13	99	14	48	15	78	16	25	17	34	18	27	19	26	20	81	21	67	22	46	23	26	24	74	25	49	26	37	27	96	28	92	29	33	
	0	91	1	89	2	91	3	34	4	58	5	42	6	85	7	31	8	29	9	69	10	84	11	65	12	32	13	58	14	97	15	63	16	83	17	32	18	33	19	84	20	12	21	94	22	96	23	99	24	31	25	24	26	37	27	12	28	69	29	63	
	0	98	1	54	2	64	3	100	4	95	5	98	6	10	7	97	8	19	9	98	10	16	11	51	12	42	13	81	14	41	15	23	16	15	17	22	18	99	19	26	20	11	21	42	22	64	23	11	24	67	25	59	26	100	27	60	28	89	29	69	
	0	76	1	10	2	18	3	36	4	28	5	91	6	44	7	81	8	53	9	88	10	94	11	37	12	67	13	24	14	88	15	44	16	80	17	99	18	62	19	94	20	45	21	93	22	51	23	10	24	84	25	17	26	75	27	12	28	71	29	45	
	0	28	1	28	2	57	3	99	4	96	5	25	6	66	7	43	8	99	9	87	10	61	11	58	12	53	13	43	14	21	15	22	16	64	17	55	18	41	19	23	20	27	21	40	22	15	23	32	24	37	25	27	26	85	27	68	28	16	29	53	
	0	49	1	95	2	92	3	61	4	76	5	22	6	31	7	95	8	61	9	82	10	97	11	62	12	94	13	81	14	83	15	11	16	18	17	87	18	52	19	41	20	76	21	28	22	78	23	87	24	77	25	26	26	86	27	99	28	45	29	59	
	0	96	1	82	2	59	3	34	4	12	5	37	6	65	7	58	8	82	9	76	10	52	11	21	12	33	13	47	14	55	15	39	16	17	17	84	18	40	19	45	20	56	21	78	22	47	23	83	24	92	25	51	26	86	27	91	28	39	29	85	
	0	17	1	33	2	91	3	47	4	48	5	20	6	39	7	25	8	82	9	76	10	52	11	16	12	75	13	58	14	56	15	15	16	78	17	17	18	28	19	22	20	66	21	12	22	82	23	35	24	32	25	31	26	44	27	22	28	73	29	65	
	0	33	1	64	2	13	3	69	4	58	5	99	6	29	7	68	8	95	9	43	10	64	11	71	12	80	13	14	14	94	15	12	16	59	17	81	18	66	19	77	20	92	21	83	22	87	23	47	24	87	25	88	26	22	27	31	28	37	29	62	
	0	43	1	21	2	99	3	29	4	75	5	95	6	49	7	11	8	79	9	65	10	94	11	19	12	15	13	33	14	98	15	64	16	28	17	36	18	29	19	77	20	79	21	99	22	100	23	75	24	30	25	30	26	49	27	26	28	77	29	98	
	0	49	1	14	2	16	3	79	4	67	5	66	6	62	7	56	8	75	9	20	10	91	11	47	12	45	13	13	14	30	15	57	16	22	17	26	18	42	19	17	20	99	21	37	22	34	23	17	24	80	25	16	26	38	27	84	28	98	29	10	
	0	91	1	53	2	22	3	12	4	84	5	83	6	60	7	62	8	43	9	67	10	84	11	62	12	45	13	87	14	13	15	87	16	72	17	33	18	92	19	36	20	17	21	76	22	80	23	20	24	18	25	81	26	19	27	53	28	81	29	88	
	0	52	1	55	2	64	3	99	4	86	5	48	6	31	7	80	8	67	9	14	10	25	11	93	12	70	13	44	14	13	15	71	16	21	17	69	18	73	19	12	20	38	21	19	22	35	23	59	24	31	25	92	26	97	27	13	28	20	29	35	
	0	12	1	84	2	50	3	31	4	66	5	31	6	63	7	60	8	81	9	98	10	60	11	78	12	33	13	38	14	51	15	19	16	58	17	83	18	70	19	62	20	18	21	63	22	27	23	78	24	54	25	15	26	72	27	97	28	98	29	59	
	0	99	1	47	2	16	3	67	4	84	5	62	6	25	7	40	8	24	9	19	10	32	11	71	12	66	13	78	14	12	15	72	16	27	17	26	18	73	19	42	20	52	21	80	22	67	23	61	24	76	25	57	26	99	27	42	28	95	29	37	
	0	17	1	69	2	26	3	16	4	14	5	85	6	27	7	66	8	86	9	70	10	11	11	47	12	71	13	42	14	97	15	98	16	87	17	70	18	27	19	52	20	20	21	18	22	44	23	30	24	81	25	38	26	52	27	75	28	15	29	67	
	0	46	1	30	2	91	3	82	4	31	5	33	6	89	7	81	8	15	9	54	10	35	11	72	12	10	13	49	14	61	15	15	16	25	17	45	18	78	19	57	20	46	21	67	22	73	23	54	24	88	25	93	26	95	27	13	28	56	29	90	
	0	86	1	94	2	42	3	33	4	20	5	93	6	67	7	63	8	13	9	76	10	87	11	24	12	60	13	69	14	65	15	39	16	57	17	34	18	50	19	55	20	25	21	75	22	92	23	87	24	60	25	38	26	81	27	15	28	39	29	87	
	0	12	1	24	2	56	3	47	4	86	5	38	6	93	7	27	8	30	9	43	10	63	11	48	12	14	13	48	14	29	15	20	16	100	17	72	18	15	19	42	20	56	21	35	22	47	23	87	24	43	25	45	26	45	27	19	28	69	29	49	
	0	35	1	41	2	65	3	73	4	99	5	83	6	67	7	94	8	44	9	16	10	26	11	75	12	31	13	20	14	84	15	50	16	25	17	17	18	14	19	86	20	81	21	72	22	69	23	42	24	80	25	89	26	94	27	86	28	85	29	49	
	0	24	1	51	2	32	3	38	4	73	5	30	6	49	7	77	8	87	9	23	10	67	11	46	12	67	13	97	14	53	15	60	16	32	17	11	18	19	19	51	20	63	21	91	22	51	23	19	24	60	25	45	26	57	27	23	28	66	29	69	
	0	96	1	10	2	91	3	38	4	69	5	61	6	49	7	69	8	93	9	60	10	36	11	61	12	94	13	86	14	84	15	89	16	67	17	21	18	53	19	49	20	89	21	99	22	88	23	41	24	98	25	57	26	24	27	71	28	54	29	44	
	0	46	1	94	2	37	3	85	4	59	5	80	6	19	7	84	8	100	9	21	10	62	11	91	12	20	13	78	14	50	15	79	16	35	17	65	18	49	19	86	20	63	21	11	22	27	23	61	24	85	25	81	26	43	27	42	28	34	29	11	
	0	60	1	92	2	98	3	60	4	70	5	99	6	90	7	81	8	57	9	98	10	48	11	67	12	40	13	22	14	76	15	66	16	85	17	88	18	91	19	90	20	50	21	100	22	26	23	89	24	88	25	45	26	21	27	63	28	39	29	13	
	0	88	1	57	2	56	3	75	4	97	5	16	6	81	7	27	8	40	9	12	10	77	11	56	12	47	13	75	14	35	15	77	16	11	17	99	18	66	19	14	20	10	21	10	22	63	23	40	24	82	25	79	26	57	27	21	28	19	29	36	
	0	94	1	22	2	25	3	61	4	27	5	53	6	36	7	63	8	39	9	35	10	11	11	98	12	22	13	19	14	67	15	43	16	29	17	77	18	40	19	55	20	66	21	86	22	65	23	43	24	63	25	20	26	93	27	60	28	83	29	71	
	0	66	1	24	2	87	3	96	4	24	5	87	6	16	7	43	8	80	9	76	10	71	11	50	12	30	13	10	14	27	15	93	16	23	17	17	18	57	19	86	20	13	21	48	22	67	23	48	24	67	25	83	26	34	27	80	28	36	29	94	
	0	17	1	31	2	74	3	30	4	37	5	83	6	10	7	100	8	47	9	35	10	65	11	75	12	97	13	95	14	15	15	87	16	59	17	31	18	43	19	31	20	17	21	63	22	84	23	27	24	25	25	86	26	46	27	16	28	29	29	42	
	0	69	1	80	2	33	3	28	4	99	5	57	6	28	7	61	8	94	9	97	10	10	11	14	12	25	13	42	14	79	15	96	16	60	17	40	18	33	19	99	20	44	21	52	22	66	23	18	24	29	25	100	26	24	27	51	28	75	29	50	
	0	11	1	81	2	65	3	87	4	71	5	43	6	40	7	32	8	41	9	58	10	23	11	68	12	63	13	100	14	85	15	78	16	66	17	71	18	18	19	27	20	49	21	46	22	52	23	61	24	90	25	37	26	99	27	39	28	51	29	39	
	0	68	1	41	2	23	3	47	4	37	5	80	6	55	7	78	8	21	9	28	10	45	11	43	12	99	13	53	14	99	15	85	16	23	17	38	18	29	19	42	20	57	21	15	22	76	23	83	24	57	25	55	26	79	27	67	28	97	29	29	
	0	93	1	31	2	49	3	55	4	10	5	88	6	31	7	31	8	72	9	61	10	59	11	68	12	78	13	38	14	24	15	49	16	17	17	52	18	91	19	35	20	96	21	66	22	17	23	82	24	28	25	40	26	90	27	89	28	21	29	50	
	0	13	1	86	2	33	3	49	4	25	5	66	6	37	7	42	8	56	9	53	10	20	11	61	12	24	13	33	14	57	15	94	16	78	17	73	18	52	19	87	20	94	21	64	22	57	23	13	24	27	25	43	26	51	27	51	28	72	29	53	
	0	52	1	64	2	32	3	33	4	77	5	36	6	64	7	42	8	32	9	75	10	38	11	64	12	17	13	57	14	23	15	12	16	18	17	74	18	59	19	98	20	50	21	100	22	65	23	28	24	32	25	71	26	37	27	23	28	38	29	29	
	0	65	1	26	2	31	3	16	4	16	5	17	6	16	7	87	8	63	9	55	10	96	11	83	12	80	13	61	14	42	15	44	16	16	17	34	18	15	19	73	20	25	21	41	22	38	23	97	24	37	25	58	26	97	27	38	28	78	29	41	
	0	67	1	26	2	21	3	69	4	44	5	86	6	22	7	73	8	58	9	98	10	51	11	25	12	36	13	95	14	98	15	26	16	49	17	99	18	47	19	64	20	18	21	68	22	59	23	85	24	94	25	74	26	21	27	57	28	26	29	36	
	0	85	1	95	2	20	3	38	4	100	5	21	6	45	7	92	8	25	9	31	10	41	11	61	12	57	13	84	14	96	15	17	16	19	17	46	18	76	19	27	20	39	21	70	22	49	23	33	24	98	25	77	26	14	27	16	28	62	29	28	
	0	17	1	80	2	30	3	77	4	84	5	56	6	81	7	30	8	62	9	67	10	29	11	74	12	47	13	89	14	49	15	42	16	94	17	66	18	37	19	46	20	55	21	64	22	54	23	95	24	28	25	61	26	27	27	65	28	78	29	82	
	0	88	1	29	2	62	3	30	4	71	5	35	6	13	7	43	8	60	9	88	10	81	11	75	12	86	13	95	14	81	15	92	16	31	17	66	18	69	19	18	20	16	21	46	22	25	23	20	24	53	25	59	26	29	27	50	28	10	29	53	
	0	37	1	63	2	23	3	28	4	98	5	98	6	22	7	49	8	39	9	44	10	85	11	59	12	78	13	88	14	91	15	72	16	66	17	92	18	99	19	32	20	58	21	96	22	53	23	84	24	73	25	13	26	38	27	23	28	24	29	47	
	0	55	1	48	2	97	3	77	4	69	5	77	6	43	7	40	8	10	9	29	10	37	11	67	12	46	13	29	14	82	15	30	16	20	17	75	18	82	19	61	20	10	21	35	22	45	23	86	24	95	25	62	26	37	27	12	28	95	29	48	
	0	66	1	66	2	29	3	19	4	86	5	100	6	98	7	80	8	43	9	69	10	60	11	21	12	71	13	39	14	17	15	46	16	65	17	73	18	20	19	62	20	21	21	72	22	15	23	59	24	96	25	76	26	60	27	67	28	24	29	31	
	0	48	1	47	2	50	3	13	4	19	5	95	6	60	7	16	8	29	9	39	10	37	11	32	12	87	13	77	14	35	15	18	16	78	17	31	18	92	19	57	20	96	21	60	22	72	23	58	24	85	25	82	26	26	27	78	28	10	29	89	
	0	65	1	11	2	59	3	35	4	43	5	99	6	60	7	55	8	36	9	46	10	16	11	13	12	23	13	41	14	25	15	53	16	76	17	22	18	53	19	35	20	36	21	68	22	92	23	42	24	30	25	64	26	19	27	47	28	18	29	87	
	0	88	1	11	2	46	3	18	4	89	5	79	6	61	7	49	8	83	9	60	10	67	11	23	12	43	13	86	14	67	15	91	16	41	17	26	18	35	19	82	20	14	21	10	22	45	23	59	24	33	25	78	26	15	27	85	28	68	29	86	
	0	33	1	36	2	67	3	83	4	37	5	37	6	15	7	82	8	95	9	72	10	39	11	34	12	52	13	69	14	30	15	73	16	19	17	21	18	36	19	38	20	73	21	19	22	65	23	67	24	92	25	33	26	33	27	69	28	19	29	63	
	0	59	1	51	2	92	3	78	4	10	5	79	6	41	7	92	8	24	9	63	10	84	11	77	12	19	13	38	14	53	15	38	16	45	17	81	18	33	19	70	20	41	21	72	22	43	23	85	24	95	25	82	26	77	27	81	28	52	29	22	
	0	38	1	56	2	81	3	21	4	89	5	11	6	25	7	36	8	11	9	39	10	82	11	42	12	52	13	34	14	18	15	25	16	60	17	93	18	33	19	97	20	36	21	37	22	49	23	34	24	33	25	65	26	30	27	98	28	68	29	79	
	0	96	1	83	2	70	3	16	4	91	5	59	6	22	7	57	8	36	9	25	10	25	11	59	12	69	13	55	14	47	15	59	16	31	17	10	18	61	19	86	20	29	21	49	22	62	23	47	24	52	25	76	26	36	27	54	28	98	29	89	
	0	66	1	12	2	82	3	65	4	33	5	42	6	58	7	41	8	56	9	55	10	99	11	24	12	54	13	47	14	11	15	24	16	75	17	17	18	39	19	68	20	29	21	63	22	24	23	51	24	18	25	10	26	98	27	51	28	93	29	70	
	0	96	1	69	2	68	3	73	4	38	5	75	6	85	7	67	8	12	9	11	10	40	11	75	12	13	13	74	14	71	15	23	16	49	17	53	18	27	19	57	20	48	21	22	22	58	23	25	24	79	25	59	26	57	27	96	28	72	29	35	
	0	11	1	11	2	67	3	22	4	84	5	83	6	21	7	37	8	85	9	96	10	66	11	52	12	69	13	67	14	54	15	76	16	79	17	27	18	58	19	16	20	22	21	24	22	96	23	41	24	29	25	36	26	96	27	55	28	66	29	52	
	0	68	1	15	2	36	3	99	4	13	5	20	6	98	7	42	8	26	9	100	10	17	11	51	12	37	13	15	14	24	15	46	16	92	17	45	18	58	19	32	20	87	21	57	22	51	23	93	24	99	25	43	26	76	27	79	28	59	29	27	