200 30 1
30
	0	99	1	59	2	41	3	68	4	86	5	53	6	71	7	30	8	41	9	10	10	70	11	36	12	55	13	29	14	57	15	50	16	63	17	67	18	37	19	82	20	69	21	90	22	13	23	27	24	49	25	94	26	93	27	86	28	75	29	29	
	0	54	1	55	2	29	3	33	4	94	5	38	6	50	7	62	8	87	9	30	10	79	11	26	12	67	13	45	14	87	15	82	16	32	17	37	18	47	19	11	20	68	21	73	22	25	23	97	24	47	25	11	26	100	27	30	28	75	29	64	
	0	36	1	61	2	96	3	89	4	75	5	55	6	11	7	73	8	31	9	77	10	93	11	69	12	14	13	18	14	70	15	63	16	14	17	31	18	39	19	54	20	92	21	68	22	100	23	67	24	45	25	13	26	100	27	95	28	84	29	43	
	0	26	1	47	2	32	3	61	4	39	5	78	6	48	7	42	8	23	9	38	10	13	11	70	12	45	13	90	14	61	15	62	16	61	17	46	18	27	19	51	20	92	21	51	22	90	23	33	24	24	25	62	26	30	27	76	28	91	29	60	
	0	77	1	24	2	90	3	36	4	26	5	97	6	69	7	28	8	55	9	99	10	51	11	99	12	12	13	29	14	12	15	93	16	74	17	22	18	90	19	86	20	99	21	45	22	38	23	46	24	59	25	81	26	13	27	71	28	11	29	15	
	0	50	1	47	2	81	3	92	4	72	5	90	6	81	7	80	8	99	9	70	10	54	11	48	12	32	13	39	14	14	15	62	16	55	17	60	18	91	19	28	20	53	21	78	22	44	23	51	24	36	25	51	26	27	27	20	28	73	29	69	
	0	95	1	67	2	93	3	96	4	58	5	67	6	36	7	32	8	31	9	62	10	40	11	100	12	42	13	35	14	12	15	25	16	61	17	26	18	53	19	99	20	57	21	64	22	52	23	20	24	10	25	61	26	68	27	11	28	67	29	33	
	0	64	1	66	2	64	3	76	4	87	5	76	6	73	7	39	8	57	9	78	10	85	11	86	12	57	13	99	14	62	15	17	16	63	17	80	18	39	19	31	20	60	21	89	22	48	23	63	24	40	25	33	26	19	27	36	28	49	29	29	
	0	48	1	86	2	37	3	59	4	72	5	80	6	68	7	55	8	24	9	71	10	62	11	66	12	59	13	46	14	77	15	28	16	43	17	18	18	69	19	63	20	15	21	45	22	16	23	55	24	85	25	72	26	38	27	100	28	100	29	27	
	0	56	1	92	2	26	3	41	4	58	5	95	6	21	7	63	8	94	9	17	10	52	11	87	12	14	13	82	14	34	15	91	16	88	17	48	18	11	19	91	20	85	21	55	22	86	23	17	24	92	25	62	26	62	27	53	28	28	29	31	
	0	39	1	30	2	46	3	54	4	13	5	84	6	41	7	100	8	80	9	22	10	46	11	73	12	97	13	55	14	43	15	64	16	100	17	37	18	23	19	94	20	34	21	42	22	29	23	41	24	79	25	18	26	43	27	63	28	75	29	67	
	0	32	1	10	2	48	3	40	4	75	5	58	6	56	7	65	8	31	9	91	10	15	11	64	12	67	13	35	14	62	15	92	16	52	17	43	18	40	19	64	20	24	21	77	22	11	23	73	24	36	25	32	26	28	27	97	28	88	29	89	
	0	76	1	34	2	87	3	24	4	61	5	70	6	85	7	91	8	86	9	41	10	37	11	93	12	16	13	79	14	44	15	65	16	89	17	65	18	76	19	65	20	57	21	42	22	75	23	48	24	94	25	94	26	74	27	65	28	10	29	84	
	0	21	1	72	2	22	3	24	4	59	5	77	6	21	7	55	8	18	9	33	10	72	11	18	12	15	13	38	14	67	15	61	16	88	17	59	18	98	19	27	20	92	21	88	22	98	23	30	24	76	25	43	26	36	27	81	28	73	29	41	
	0	56	1	88	2	92	3	60	4	15	5	76	6	26	7	68	8	12	9	64	10	29	11	96	12	12	13	82	14	64	15	67	16	99	17	15	18	32	19	21	20	33	21	52	22	14	23	42	24	26	25	36	26	11	27	50	28	67	29	99	
	0	44	1	27	2	89	3	48	4	74	5	97	6	74	7	44	8	13	9	27	10	22	11	90	12	35	13	71	14	78	15	58	16	87	17	70	18	24	19	64	20	36	21	68	22	29	23	76	24	46	25	66	26	91	27	14	28	24	29	59	
	0	79	1	73	2	92	3	84	4	25	5	85	6	29	7	65	8	62	9	10	10	30	11	61	12	24	13	67	14	55	15	26	16	21	17	10	18	68	19	32	20	88	21	52	22	96	23	51	24	18	25	35	26	25	27	19	28	64	29	75	
	0	49	1	91	2	98	3	80	4	44	5	35	6	92	7	26	8	45	9	65	10	30	11	45	12	77	13	60	14	76	15	64	16	26	17	64	18	82	19	33	20	92	21	70	22	47	23	41	24	94	25	13	26	42	27	47	28	76	29	41	
	0	70	1	39	2	73	3	86	4	88	5	25	6	56	7	63	8	49	9	60	10	16	11	58	12	78	13	43	14	28	15	45	16	17	17	76	18	14	19	70	20	42	21	24	22	67	23	92	24	62	25	15	26	68	27	66	28	18	29	10	
	0	51	1	40	2	28	3	34	4	87	5	83	6	24	7	40	8	64	9	83	10	79	11	40	12	10	13	95	14	97	15	44	16	91	17	17	18	49	19	11	20	11	21	13	22	37	23	37	24	59	25	98	26	32	27	24	28	83	29	96	
	0	13	1	82	2	36	3	25	4	47	5	16	6	74	7	84	8	71	9	29	10	31	11	34	12	39	13	77	14	98	15	94	16	87	17	80	18	31	19	28	20	18	21	64	22	83	23	30	24	44	25	54	26	52	27	61	28	92	29	95	
	0	27	1	59	2	46	3	99	4	97	5	71	6	80	7	38	8	79	9	10	10	58	11	21	12	84	13	15	14	77	15	91	16	68	17	48	18	98	19	42	20	44	21	10	22	21	23	81	24	60	25	21	26	20	27	14	28	11	29	47	
	0	47	1	76	2	20	3	81	4	80	5	93	6	81	7	92	8	86	9	39	10	95	11	68	12	48	13	71	14	58	15	93	16	52	17	71	18	25	19	77	20	60	21	21	22	57	23	87	24	59	25	31	26	78	27	70	28	68	29	16	
	0	85	1	94	2	84	3	71	4	15	5	99	6	97	7	54	8	11	9	45	10	98	11	98	12	28	13	95	14	100	15	51	16	67	17	72	18	77	19	22	20	63	21	51	22	12	23	97	24	96	25	31	26	36	27	65	28	66	29	87	
	0	34	1	16	2	24	3	62	4	25	5	65	6	93	7	33	8	23	9	28	10	34	11	26	12	34	13	58	14	12	15	68	16	34	17	94	18	47	19	91	20	21	21	34	22	91	23	68	24	40	25	52	26	20	27	46	28	14	29	54	
	0	53	1	56	2	66	3	27	4	31	5	89	6	69	7	89	8	82	9	57	10	45	11	33	12	17	13	94	14	43	15	83	16	99	17	24	18	31	19	99	20	24	21	73	22	60	23	28	24	48	25	16	26	59	27	23	28	24	29	12	
	0	98	1	19	2	84	3	24	4	75	5	76	6	80	7	45	8	59	9	67	10	50	11	42	12	94	13	80	14	56	15	86	16	92	17	29	18	42	19	85	20	73	21	72	22	21	23	20	24	74	25	35	26	80	27	17	28	53	29	46	
	0	32	1	76	2	37	3	75	4	87	5	92	6	82	7	17	8	63	9	39	10	65	11	36	12	51	13	29	14	28	15	37	16	87	17	85	18	91	19	37	20	43	21	84	22	46	23	70	24	99	25	94	26	17	27	97	28	62	29	69	
	0	64	1	28	2	84	3	80	4	46	5	50	6	61	7	30	8	28	9	12	10	89	11	23	12	15	13	74	14	51	15	65	16	49	17	86	18	54	19	45	20	99	21	65	22	85	23	20	24	13	25	44	26	24	27	29	28	95	29	72	
	0	66	1	25	2	100	3	79	4	26	5	63	6	76	7	80	8	14	9	33	10	16	11	97	12	58	13	60	14	66	15	87	16	54	17	17	18	24	19	82	20	28	21	98	22	26	23	27	24	56	25	76	26	73	27	49	28	29	29	74	
	0	38	1	55	2	17	3	42	4	70	5	97	6	89	7	42	8	29	9	27	10	90	11	78	12	56	13	77	14	70	15	33	16	37	17	62	18	32	19	31	20	75	21	79	22	77	23	38	24	58	25	84	26	62	27	64	28	55	29	37	
	0	95	1	88	2	69	3	32	4	52	5	72	6	77	7	41	8	28	9	12	10	66	11	84	12	53	13	69	14	30	15	86	16	59	17	83	18	71	19	95	20	21	21	32	22	35	23	94	24	99	25	49	26	33	27	21	28	36	29	59	
	0	94	1	76	2	36	3	55	4	85	5	37	6	28	7	34	8	100	9	26	10	44	11	52	12	62	13	99	14	62	15	31	16	81	17	88	18	57	19	76	20	39	21	70	22	25	23	48	24	87	25	35	26	74	27	21	28	53	29	64	
	0	35	1	88	2	52	3	86	4	44	5	94	6	32	7	76	8	14	9	85	10	84	11	49	12	49	13	59	14	42	15	48	16	28	17	97	18	67	19	23	20	55	21	29	22	33	23	16	24	69	25	57	26	27	27	96	28	75	29	100	
	0	50	1	89	2	18	3	32	4	10	5	37	6	45	7	81	8	80	9	82	10	94	11	41	12	39	13	78	14	86	15	82	16	73	17	87	18	55	19	62	20	81	21	56	22	89	23	46	24	19	25	23	26	36	27	76	28	41	29	54	
	0	25	1	86	2	68	3	24	4	100	5	37	6	82	7	100	8	18	9	27	10	83	11	61	12	33	13	36	14	11	15	91	16	37	17	72	18	78	19	48	20	52	21	26	22	83	23	78	24	61	25	30	26	93	27	92	28	88	29	17	
	0	16	1	69	2	27	3	95	4	41	5	90	6	91	7	57	8	45	9	38	10	39	11	34	12	60	13	67	14	36	15	57	16	64	17	16	18	33	19	39	20	51	21	92	22	64	23	52	24	87	25	70	26	91	27	98	28	76	29	78	
	0	64	1	13	2	86	3	12	4	77	5	99	6	59	7	92	8	19	9	27	10	61	11	66	12	100	13	50	14	10	15	84	16	48	17	26	18	72	19	29	20	83	21	47	22	61	23	77	24	91	25	35	26	81	27	94	28	67	29	95	
	0	33	1	84	2	83	3	72	4	60	5	64	6	43	7	44	8	84	9	80	10	19	11	18	12	16	13	59	14	64	15	33	16	21	17	66	18	97	19	90	20	51	21	38	22	34	23	65	24	50	25	51	26	96	27	75	28	82	29	19	
	0	53	1	74	2	35	3	46	4	24	5	38	6	41	7	35	8	41	9	36	10	59	11	54	12	38	13	91	14	79	15	56	16	33	17	39	18	100	19	72	20	13	21	23	22	93	23	27	24	98	25	34	26	49	27	63	28	19	29	61	
	0	15	1	18	2	85	3	32	4	25	5	41	6	29	7	94	8	57	9	70	10	10	11	87	12	35	13	99	14	46	15	28	16	55	17	52	18	50	19	54	20	90	21	99	22	30	23	21	24	24	25	34	26	28	27	55	28	73	29	46	
	0	88	1	61	2	73	3	62	4	30	5	27	6	18	7	33	8	33	9	66	10	50	11	17	12	87	13	47	14	57	15	15	16	18	17	31	18	16	19	95	20	26	21	16	22	80	23	66	24	50	25	81	26	52	27	40	28	98	29	44	
	0	69	1	39	2	38	3	88	4	10	5	84	6	63	7	58	8	96	9	61	10	91	11	38	12	90	13	73	14	16	15	18	16	60	17	12	18	74	19	17	20	42	21	22	22	64	23	38	24	23	25	91	26	24	27	61	28	78	29	46	
	0	40	1	10	2	78	3	74	4	47	5	44	6	43	7	20	8	93	9	36	10	31	11	27	12	52	13	82	14	90	15	34	16	15	17	23	18	94	19	69	20	93	21	82	22	17	23	82	24	86	25	56	26	81	27	20	28	62	29	77	
	0	88	1	21	2	31	3	25	4	78	5	44	6	64	7	100	8	17	9	18	10	43	11	64	12	64	13	29	14	90	15	79	16	74	17	91	18	20	19	75	20	39	21	99	22	52	23	68	24	55	25	96	26	65	27	80	28	43	29	25	
	0	85	1	43	2	50	3	71	4	54	5	53	6	42	7	90	8	33	9	25	10	58	11	42	12	82	13	65	14	25	15	21	16	11	17	79	18	26	19	64	20	45	21	52	22	42	23	54	24	86	25	23	26	62	27	14	28	73	29	90	
	0	23	1	34	2	82	3	95	4	49	5	10	6	77	7	88	8	30	9	71	10	56	11	85	12	86	13	36	14	32	15	42	16	88	17	16	18	90	19	76	20	38	21	17	22	75	23	59	24	13	25	50	26	18	27	24	28	87	29	32	
	0	55	1	17	2	22	3	19	4	67	5	68	6	78	7	82	8	96	9	25	10	67	11	37	12	32	13	87	14	80	15	99	16	62	17	67	18	46	19	49	20	68	21	71	22	28	23	90	24	10	25	80	26	33	27	91	28	55	29	20	
	0	46	1	84	2	25	3	55	4	66	5	45	6	54	7	30	8	22	9	78	10	66	11	53	12	65	13	19	14	50	15	18	16	61	17	68	18	60	19	87	20	68	21	73	22	99	23	18	24	73	25	26	26	30	27	22	28	54	29	80	
	0	15	1	46	2	72	3	76	4	27	5	10	6	74	7	57	8	57	9	19	10	19	11	22	12	81	13	24	14	14	15	30	16	100	17	38	18	98	19	50	20	42	21	100	22	29	23	77	24	48	25	44	26	33	27	63	28	27	29	36	
	0	35	1	55	2	16	3	94	4	76	5	20	6	49	7	40	8	90	9	62	10	51	11	86	12	83	13	32	14	39	15	13	16	38	17	81	18	27	19	58	20	47	21	42	22	20	23	65	24	91	25	53	26	99	27	75	28	54	29	13	
	0	29	1	68	2	46	3	35	4	21	5	47	6	94	7	86	8	54	9	14	10	56	11	15	12	92	13	63	14	39	15	50	16	32	17	21	18	72	19	32	20	58	21	13	22	65	23	31	24	64	25	94	26	84	27	50	28	89	29	13	
	0	21	1	26	2	62	3	29	4	89	5	14	6	32	7	36	8	100	9	25	10	63	11	95	12	27	13	97	14	44	15	32	16	98	17	20	18	19	19	85	20	26	21	66	22	96	23	78	24	20	25	98	26	15	27	59	28	26	29	30	
	0	45	1	29	2	17	3	96	4	84	5	31	6	36	7	46	8	100	9	77	10	31	11	48	12	25	13	40	14	72	15	40	16	99	17	17	18	42	19	86	20	24	21	34	22	21	23	58	24	44	25	54	26	52	27	13	28	58	29	91	
	0	28	1	15	2	26	3	34	4	36	5	25	6	66	7	42	8	88	9	37	10	93	11	72	12	100	13	19	14	77	15	96	16	87	17	59	18	15	19	53	20	97	21	73	22	74	23	64	24	66	25	24	26	47	27	20	28	88	29	83	
	0	57	1	36	2	33	3	98	4	88	5	20	6	20	7	26	8	51	9	67	10	32	11	84	12	70	13	23	14	23	15	31	16	55	17	73	18	97	19	95	20	70	21	85	22	24	23	73	24	55	25	78	26	82	27	16	28	96	29	66	
	0	52	1	70	2	42	3	15	4	95	5	62	6	24	7	75	8	16	9	34	10	92	11	88	12	84	13	24	14	78	15	79	16	30	17	47	18	30	19	52	20	32	21	70	22	18	23	82	24	27	25	96	26	100	27	29	28	67	29	25	
	0	34	1	59	2	53	3	25	4	40	5	60	6	21	7	31	8	88	9	70	10	94	11	33	12	14	13	35	14	77	15	51	16	37	17	21	18	36	19	69	20	46	21	68	22	99	23	34	24	94	25	88	26	67	27	38	28	51	29	87	
	0	82	1	60	2	90	3	29	4	83	5	81	6	50	7	54	8	43	9	74	10	94	11	51	12	41	13	76	14	43	15	55	16	19	17	83	18	89	19	21	20	12	21	36	22	70	23	57	24	15	25	88	26	23	27	68	28	19	29	30	
	0	90	1	67	2	42	3	96	4	51	5	49	6	47	7	39	8	69	9	95	10	20	11	59	12	89	13	30	14	91	15	21	16	11	17	58	18	66	19	25	20	22	21	89	22	65	23	24	24	88	25	42	26	89	27	87	28	90	29	58	
	0	26	1	68	2	14	3	65	4	76	5	73	6	96	7	60	8	99	9	21	10	29	11	54	12	38	13	82	14	14	15	70	16	26	17	34	18	15	19	55	20	44	21	66	22	55	23	99	24	66	25	23	26	84	27	20	28	71	29	44	
	0	38	1	19	2	77	3	66	4	16	5	14	6	73	7	82	8	69	9	99	10	31	11	49	12	24	13	47	14	100	15	25	16	21	17	37	18	61	19	77	20	53	21	60	22	50	23	68	24	51	25	80	26	14	27	92	28	46	29	44	
	0	68	1	72	2	62	3	83	4	53	5	23	6	97	7	68	8	100	9	88	10	37	11	65	12	80	13	92	14	61	15	15	16	79	17	91	18	17	19	41	20	50	21	65	22	35	23	61	24	71	25	44	26	38	27	91	28	10	29	21	
	0	81	1	63	2	82	3	68	4	76	5	85	6	79	7	47	8	55	9	20	10	79	11	65	12	52	13	29	14	16	15	78	16	62	17	11	18	14	19	28	20	88	21	10	22	43	23	80	24	19	25	82	26	69	27	37	28	99	29	12	
	0	97	1	15	2	85	3	53	4	83	5	12	6	37	7	89	8	67	9	98	10	13	11	87	12	58	13	55	14	68	15	40	16	95	17	21	18	23	19	50	20	51	21	13	22	100	23	71	24	40	25	80	26	33	27	60	28	34	29	66	
	0	65	1	54	2	26	3	94	4	95	5	63	6	98	7	13	8	12	9	97	10	89	11	97	12	22	13	67	14	16	15	74	16	88	17	65	18	34	19	44	20	41	21	54	22	68	23	18	24	85	25	32	26	27	27	71	28	42	29	81	
	0	71	1	45	2	97	3	49	4	65	5	82	6	25	7	85	8	30	9	17	10	68	11	25	12	99	13	38	14	28	15	80	16	49	17	69	18	49	19	94	20	27	21	90	22	89	23	46	24	52	25	30	26	32	27	32	28	42	29	40	
	0	61	1	87	2	30	3	87	4	63	5	76	6	16	7	81	8	12	9	53	10	44	11	64	12	47	13	61	14	52	15	37	16	84	17	33	18	99	19	53	20	30	21	28	22	88	23	15	24	51	25	43	26	40	27	40	28	65	29	37	
	0	28	1	16	2	27	3	95	4	66	5	42	6	69	7	76	8	18	9	30	10	55	11	84	12	93	13	31	14	43	15	51	16	80	17	38	18	54	19	11	20	11	21	68	22	76	23	21	24	74	25	12	26	84	27	48	28	58	29	37	
	0	14	1	39	2	52	3	23	4	20	5	21	6	99	7	74	8	78	9	56	10	80	11	76	12	29	13	70	14	79	15	64	16	69	17	55	18	88	19	82	20	51	21	39	22	74	23	17	24	92	25	59	26	45	27	83	28	33	29	31	
	0	32	1	69	2	85	3	53	4	41	5	37	6	67	7	81	8	69	9	31	10	88	11	18	12	29	13	89	14	84	15	92	16	95	17	35	18	78	19	21	20	72	21	69	22	45	23	48	24	33	25	77	26	69	27	35	28	13	29	75	
	0	92	1	13	2	92	3	75	4	49	5	95	6	79	7	61	8	69	9	98	10	100	11	77	12	96	13	11	14	29	15	98	16	16	17	20	18	60	19	19	20	71	21	14	22	25	23	55	24	27	25	29	26	85	27	19	28	97	29	54	
	0	72	1	93	2	60	3	51	4	66	5	96	6	65	7	20	8	31	9	83	10	53	11	97	12	26	13	58	14	68	15	22	16	83	17	82	18	60	19	94	20	40	21	24	22	25	23	46	24	59	25	52	26	70	27	70	28	30	29	59	
	0	46	1	42	2	76	3	47	4	57	5	46	6	44	7	75	8	42	9	56	10	46	11	48	12	14	13	66	14	63	15	28	16	34	17	35	18	51	19	34	20	22	21	73	22	22	23	99	24	99	25	95	26	35	27	66	28	25	29	90	
	0	93	1	15	2	10	3	86	4	19	5	33	6	39	7	18	8	54	9	53	10	80	11	18	12	63	13	91	14	59	15	35	16	78	17	33	18	68	19	76	20	80	21	79	22	44	23	88	24	33	25	31	26	16	27	62	28	29	29	77	
	0	98	1	97	2	44	3	21	4	24	5	98	6	72	7	53	8	29	9	77	10	69	11	25	12	88	13	27	14	71	15	80	16	77	17	51	18	78	19	10	20	93	21	39	22	38	23	75	24	98	25	18	26	50	27	93	28	47	29	95	
	0	79	1	63	2	35	3	77	4	47	5	42	6	14	7	15	8	86	9	92	10	72	11	66	12	41	13	30	14	76	15	32	16	79	17	82	18	33	19	50	20	21	21	100	22	54	23	22	24	53	25	42	26	94	27	65	28	73	29	100	
	0	58	1	92	2	28	3	96	4	96	5	52	6	40	7	41	8	89	9	85	10	97	11	22	12	33	13	54	14	87	15	86	16	57	17	65	18	20	19	64	20	36	21	30	22	34	23	80	24	17	25	59	26	40	27	70	28	89	29	46	
	0	18	1	83	2	34	3	36	4	67	5	57	6	56	7	87	8	27	9	94	10	89	11	10	12	96	13	66	14	26	15	89	16	21	17	46	18	95	19	59	20	96	21	31	22	50	23	65	24	35	25	47	26	94	27	16	28	73	29	98	
	0	11	1	71	2	87	3	27	4	57	5	51	6	81	7	82	8	78	9	95	10	32	11	14	12	98	13	35	14	43	15	42	16	92	17	95	18	26	19	24	20	88	21	40	22	72	23	24	24	55	25	14	26	81	27	16	28	93	29	75	
	0	51	1	10	2	82	3	74	4	57	5	29	6	17	7	49	8	74	9	90	10	83	11	80	12	51	13	55	14	57	15	60	16	33	17	42	18	83	19	74	20	22	21	95	22	83	23	17	24	65	25	74	26	97	27	98	28	42	29	78	
	0	49	1	60	2	39	3	25	4	82	5	16	6	78	7	14	8	95	9	28	10	46	11	36	12	68	13	29	14	51	15	74	16	92	17	90	18	26	19	50	20	77	21	60	22	79	23	28	24	55	25	86	26	35	27	19	28	19	29	76	
	0	18	1	12	2	67	3	65	4	10	5	28	6	22	7	56	8	30	9	67	10	42	11	59	12	71	13	48	14	86	15	10	16	34	17	76	18	86	19	81	20	55	21	27	22	61	23	12	24	59	25	31	26	26	27	74	28	52	29	79	
	0	68	1	36	2	65	3	23	4	15	5	57	6	98	7	78	8	89	9	92	10	62	11	19	12	81	13	97	14	30	15	64	16	84	17	100	18	11	19	39	20	98	21	64	22	71	23	41	24	56	25	94	26	31	27	88	28	75	29	97	
	0	71	1	55	2	100	3	55	4	51	5	27	6	32	7	78	8	96	9	88	10	11	11	50	12	99	13	44	14	26	15	78	16	59	17	76	18	67	19	76	20	73	21	91	22	64	23	26	24	42	25	48	26	31	27	41	28	51	29	11	
	0	72	1	59	2	25	3	82	4	44	5	22	6	86	7	25	8	99	9	16	10	88	11	53	12	29	13	91	14	74	15	38	16	18	17	74	18	35	19	14	20	75	21	51	22	81	23	25	24	75	25	93	26	15	27	68	28	62	29	75	
	0	61	1	90	2	37	3	23	4	28	5	78	6	46	7	26	8	10	9	93	10	25	11	61	12	69	13	53	14	21	15	35	16	26	17	12	18	12	19	27	20	49	21	13	22	85	23	27	24	89	25	49	26	62	27	16	28	55	29	23	
	0	68	1	90	2	56	3	97	4	17	5	71	6	41	7	31	8	28	9	76	10	65	11	11	12	99	13	36	14	87	15	62	16	90	17	42	18	84	19	84	20	44	21	38	22	92	23	94	24	82	25	12	26	56	27	43	28	91	29	22	
	0	26	1	81	2	83	3	42	4	84	5	48	6	38	7	95	8	34	9	33	10	28	11	14	12	81	13	35	14	46	15	83	16	84	17	72	18	76	19	77	20	76	21	81	22	78	23	73	24	75	25	42	26	62	27	93	28	85	29	19	
	0	99	1	73	2	95	3	85	4	17	5	75	6	96	7	46	8	79	9	66	10	76	11	46	12	69	13	33	14	100	15	12	16	98	17	59	18	13	19	84	20	93	21	64	22	10	23	91	24	76	25	21	26	58	27	49	28	63	29	24	
	0	27	1	60	2	93	3	42	4	59	5	29	6	23	7	93	8	97	9	98	10	58	11	82	12	83	13	25	14	46	15	56	16	100	17	97	18	71	19	95	20	94	21	39	22	47	23	67	24	95	25	80	26	69	27	80	28	72	29	74	
	0	21	1	83	2	70	3	62	4	82	5	31	6	35	7	15	8	19	9	18	10	26	11	57	12	85	13	72	14	93	15	11	16	80	17	13	18	56	19	89	20	60	21	81	22	36	23	69	24	24	25	40	26	56	27	17	28	78	29	78	
	0	22	1	38	2	35	3	54	4	48	5	98	6	81	7	19	8	39	9	49	10	11	11	70	12	41	13	75	14	21	15	34	16	55	17	56	18	24	19	86	20	82	21	35	22	79	23	43	24	91	25	23	26	77	27	36	28	18	29	100	
	0	97	1	44	2	52	3	82	4	83	5	29	6	36	7	59	8	64	9	74	10	68	11	96	12	89	13	18	14	11	15	95	16	62	17	74	18	70	19	100	20	22	21	96	22	83	23	52	24	98	25	27	26	45	27	71	28	43	29	35	
	0	16	1	98	2	35	3	84	4	69	5	53	6	76	7	98	8	60	9	62	10	45	11	26	12	51	13	55	14	45	15	31	16	80	17	90	18	58	19	73	20	34	21	58	22	45	23	83	24	31	25	98	26	13	27	39	28	27	29	13	
	0	21	1	52	2	51	3	31	4	28	5	29	6	52	7	59	8	95	9	82	10	87	11	28	12	50	13	38	14	34	15	45	16	26	17	17	18	87	19	29	20	59	21	66	22	89	23	100	24	82	25	34	26	83	27	30	28	15	29	56	
	0	47	1	29	2	48	3	31	4	87	5	38	6	90	7	29	8	56	9	55	10	68	11	99	12	51	13	56	14	41	15	30	16	59	17	96	18	86	19	92	20	65	21	85	22	87	23	92	24	34	25	48	26	12	27	10	28	75	29	77	
	0	95	1	89	2	66	3	85	4	13	5	71	6	16	7	77	8	99	9	99	10	92	11	28	12	72	13	33	14	48	15	50	16	55	17	33	18	49	19	31	20	24	21	84	22	81	23	36	24	62	25	80	26	97	27	75	28	45	29	11	
	0	20	1	66	2	36	3	54	4	46	5	86	6	94	7	93	8	93	9	67	10	71	11	42	12	46	13	100	14	54	15	49	16	44	17	12	18	31	19	34	20	16	21	63	22	82	23	90	24	93	25	66	26	14	27	98	28	50	29	49	
	0	61	1	38	2	53	3	92	4	35	5	48	6	25	7	40	8	97	9	19	10	61	11	57	12	71	13	27	14	55	15	53	16	34	17	39	18	92	19	53	20	53	21	23	22	46	23	98	24	44	25	53	26	76	27	20	28	68	29	13	
	0	19	1	48	2	58	3	34	4	92	5	32	6	98	7	13	8	49	9	62	10	70	11	12	12	73	13	12	14	38	15	77	16	73	17	61	18	13	19	48	20	70	21	39	22	72	23	40	24	67	25	80	26	68	27	12	28	41	29	41	
	0	68	1	69	2	86	3	19	4	69	5	87	6	74	7	33	8	54	9	45	10	83	11	79	12	27	13	26	14	66	15	27	16	92	17	18	18	53	19	54	20	60	21	24	22	50	23	88	24	85	25	59	26	68	27	11	28	56	29	62	
	0	35	1	12	2	12	3	90	4	56	5	71	6	43	7	33	8	49	9	63	10	47	11	99	12	96	13	12	14	41	15	40	16	91	17	81	18	73	19	34	20	55	21	34	22	25	23	65	24	56	25	41	26	74	27	96	28	100	29	12	
	0	54	1	89	2	74	3	75	4	99	5	88	6	47	7	83	8	89	9	21	10	27	11	50	12	40	13	78	14	52	15	100	16	30	17	36	18	83	19	26	20	36	21	13	22	50	23	27	24	58	25	67	26	63	27	90	28	40	29	17	
	0	54	1	56	2	30	3	60	4	90	5	31	6	54	7	70	8	86	9	92	10	90	11	58	12	43	13	28	14	66	15	76	16	32	17	54	18	93	19	72	20	21	21	83	22	73	23	78	24	99	25	95	26	33	27	34	28	56	29	57	
	0	24	1	87	2	34	3	15	4	94	5	15	6	66	7	49	8	34	9	22	10	90	11	23	12	34	13	96	14	17	15	50	16	48	17	40	18	10	19	37	20	49	21	72	22	90	23	27	24	52	25	51	26	66	27	51	28	45	29	36	
	0	12	1	71	2	51	3	17	4	68	5	57	6	45	7	82	8	97	9	73	10	23	11	38	12	51	13	81	14	73	15	43	16	48	17	49	18	29	19	78	20	43	21	30	22	54	23	22	24	89	25	71	26	40	27	58	28	19	29	57	
	0	38	1	98	2	61	3	52	4	19	5	96	6	89	7	92	8	99	9	68	10	91	11	85	12	38	13	53	14	33	15	99	16	64	17	29	18	100	19	95	20	80	21	25	22	29	23	44	24	15	25	36	26	27	27	88	28	77	29	76	
	0	31	1	100	2	40	3	32	4	52	5	86	6	24	7	97	8	22	9	72	10	96	11	91	12	85	13	39	14	58	15	74	16	88	17	46	18	29	19	13	20	50	21	29	22	23	23	74	24	61	25	30	26	54	27	15	28	48	29	90	
	0	79	1	88	2	72	3	85	4	73	5	28	6	76	7	81	8	27	9	43	10	76	11	43	12	75	13	47	14	25	15	65	16	67	17	56	18	78	19	75	20	30	21	42	22	64	23	18	24	38	25	18	26	35	27	15	28	39	29	17	
	0	75	1	12	2	80	3	37	4	32	5	53	6	99	7	94	8	69	9	78	10	98	11	82	12	40	13	26	14	94	15	25	16	42	17	60	18	60	19	26	20	48	21	74	22	71	23	38	24	50	25	79	26	98	27	30	28	92	29	63	
	0	14	1	51	2	43	3	25	4	13	5	100	6	85	7	68	8	92	9	50	10	48	11	60	12	19	13	92	14	84	15	95	16	50	17	94	18	43	19	83	20	62	21	44	22	12	23	85	24	10	25	32	26	78	27	56	28	90	29	87	
	0	39	1	94	2	30	3	16	4	53	5	47	6	98	7	28	8	35	9	35	10	45	11	12	12	39	13	49	14	96	15	66	16	47	17	67	18	86	19	49	20	39	21	69	22	33	23	34	24	26	25	40	26	21	27	52	28	88	29	87	
	0	47	1	78	2	25	3	83	4	97	5	89	6	28	7	97	8	41	9	60	10	87	11	26	12	11	13	98	14	79	15	40	16	34	17	99	18	32	19	74	20	96	21	55	22	11	23	35	24	88	25	32	26	44	27	49	28	53	29	90	
	0	22	1	30	2	32	3	39	4	42	5	40	6	27	7	39	8	94	9	57	10	85	11	38	12	64	13	47	14	64	15	95	16	98	17	62	18	26	19	14	20	65	21	77	22	98	23	66	24	25	25	83	26	22	27	55	28	15	29	99	
	0	88	1	85	2	53	3	78	4	82	5	50	6	47	7	71	8	18	9	90	10	59	11	80	12	54	13	34	14	32	15	69	16	44	17	11	18	88	19	11	20	50	21	98	22	38	23	61	24	92	25	25	26	26	27	98	28	30	29	53	
	0	76	1	26	2	94	3	14	4	98	5	94	6	47	7	83	8	79	9	51	10	96	11	11	12	53	13	67	14	69	15	56	16	26	17	40	18	67	19	68	20	18	21	71	22	71	23	54	24	71	25	65	26	22	27	15	28	90	29	88	
	0	73	1	13	2	76	3	61	4	24	5	73	6	26	7	38	8	55	9	73	10	78	11	100	12	69	13	47	14	86	15	65	16	65	17	64	18	56	19	50	20	95	21	84	22	75	23	22	24	28	25	14	26	28	27	54	28	82	29	26	
	0	80	1	12	2	53	3	69	4	18	5	51	6	25	7	36	8	78	9	50	10	94	11	18	12	49	13	14	14	38	15	13	16	77	17	30	18	48	19	39	20	95	21	34	22	81	23	28	24	46	25	84	26	81	27	92	28	10	29	61	
	0	88	1	28	2	35	3	81	4	79	5	43	6	62	7	82	8	41	9	49	10	96	11	38	12	29	13	19	14	28	15	47	16	76	17	67	18	85	19	19	20	57	21	88	22	43	23	47	24	88	25	61	26	94	27	41	28	91	29	71	
	0	50	1	18	2	69	3	10	4	92	5	28	6	79	7	11	8	50	9	28	10	65	11	33	12	45	13	71	14	90	15	68	16	13	17	11	18	41	19	91	20	23	21	51	22	77	23	96	24	24	25	89	26	90	27	45	28	31	29	71	
	0	63	1	54	2	75	3	81	4	42	5	94	6	62	7	36	8	74	9	15	10	11	11	80	12	57	13	29	14	79	15	52	16	86	17	60	18	64	19	18	20	29	21	58	22	63	23	31	24	14	25	38	26	24	27	16	28	73	29	56	
	0	94	1	74	2	91	3	74	4	35	5	24	6	58	7	45	8	16	9	57	10	87	11	47	12	57	13	28	14	71	15	100	16	76	17	23	18	61	19	66	20	73	21	49	22	62	23	67	24	30	25	89	26	52	27	23	28	82	29	55	
	0	62	1	86	2	52	3	60	4	62	5	93	6	99	7	89	8	17	9	90	10	90	11	41	12	49	13	74	14	99	15	84	16	73	17	89	18	89	19	92	20	90	21	31	22	21	23	96	24	36	25	88	26	78	27	24	28	100	29	61	
	0	73	1	73	2	97	3	63	4	65	5	12	6	43	7	60	8	63	9	35	10	70	11	14	12	41	13	19	14	82	15	15	16	79	17	67	18	22	19	60	20	76	21	20	22	39	23	36	24	52	25	85	26	62	27	99	28	22	29	62	
	0	96	1	12	2	42	3	54	4	36	5	48	6	42	7	27	8	61	9	26	10	23	11	83	12	30	13	31	14	45	15	44	16	94	17	69	18	79	19	85	20	82	21	58	22	78	23	29	24	23	25	13	26	17	27	55	28	13	29	74	
	0	44	1	16	2	94	3	99	4	28	5	80	6	10	7	32	8	19	9	72	10	48	11	85	12	48	13	44	14	71	15	28	16	74	17	43	18	26	19	95	20	13	21	67	22	43	23	87	24	20	25	40	26	34	27	85	28	21	29	75	
	0	50	1	53	2	20	3	74	4	21	5	66	6	31	7	95	8	91	9	17	10	81	11	66	12	72	13	72	14	82	15	56	16	19	17	89	18	21	19	13	20	41	21	28	22	79	23	64	24	34	25	98	26	10	27	91	28	87	29	93	
	0	27	1	41	2	63	3	87	4	52	5	67	6	77	7	99	8	17	9	22	10	85	11	42	12	61	13	29	14	10	15	11	16	75	17	23	18	68	19	82	20	29	21	97	22	66	23	91	24	54	25	56	26	31	27	75	28	33	29	36	
	0	95	1	26	2	65	3	97	4	27	5	49	6	48	7	49	8	92	9	44	10	20	11	64	12	18	13	52	14	90	15	54	16	63	17	97	18	39	19	99	20	43	21	75	22	29	23	37	24	36	25	64	26	49	27	69	28	71	29	38	
	0	14	1	71	2	95	3	59	4	17	5	98	6	71	7	18	8	26	9	47	10	19	11	78	12	89	13	30	14	38	15	46	16	95	17	50	18	62	19	26	20	67	21	85	22	98	23	36	24	46	25	89	26	43	27	94	28	36	29	74	
	0	19	1	15	2	36	3	77	4	53	5	75	6	35	7	49	8	66	9	26	10	15	11	76	12	20	13	65	14	95	15	31	16	12	17	54	18	50	19	14	20	94	21	76	22	78	23	44	24	40	25	27	26	61	27	59	28	91	29	31	
	0	24	1	91	2	41	3	91	4	13	5	11	6	97	7	58	8	97	9	55	10	35	11	73	12	29	13	45	14	18	15	33	16	65	17	33	18	38	19	11	20	38	21	87	22	19	23	78	24	43	25	45	26	84	27	12	28	27	29	46	
	0	91	1	97	2	34	3	86	4	71	5	14	6	78	7	77	8	38	9	21	10	100	11	49	12	65	13	26	14	29	15	96	16	86	17	94	18	81	19	69	20	74	21	58	22	75	23	56	24	72	25	93	26	81	27	97	28	15	29	70	
	0	28	1	40	2	21	3	50	4	52	5	56	6	49	7	93	8	68	9	63	10	49	11	34	12	73	13	42	14	17	15	44	16	40	17	78	18	45	19	10	20	31	21	99	22	65	23	71	24	88	25	54	26	42	27	23	28	94	29	42	
	0	100	1	21	2	61	3	49	4	78	5	71	6	62	7	78	8	83	9	95	10	22	11	75	12	76	13	15	14	80	15	72	16	50	17	69	18	71	19	68	20	50	21	78	22	90	23	45	24	99	25	30	26	77	27	48	28	23	29	94	
	0	37	1	42	2	46	3	42	4	71	5	12	6	37	7	88	8	66	9	80	10	63	11	78	12	99	13	16	14	89	15	27	16	88	17	46	18	42	19	93	20	38	21	81	22	44	23	84	24	52	25	63	26	15	27	63	28	96	29	57	
	0	15	1	13	2	86	3	21	4	96	5	17	6	79	7	20	8	98	9	79	10	56	11	92	12	93	13	65	14	53	15	14	16	50	17	77	18	39	19	15	20	67	21	21	22	81	23	65	24	97	25	50	26	33	27	64	28	15	29	56	
	0	25	1	70	2	72	3	86	4	78	5	99	6	38	7	42	8	38	9	87	10	91	11	34	12	41	13	77	14	78	15	58	16	83	17	93	18	70	19	23	20	20	21	86	22	28	23	64	24	48	25	12	26	52	27	16	28	56	29	78	
	0	88	1	50	2	83	3	85	4	23	5	17	6	55	7	33	8	80	9	86	10	91	11	43	12	88	13	86	14	26	15	72	16	36	17	68	18	65	19	60	20	100	21	42	22	63	23	70	24	20	25	19	26	56	27	36	28	18	29	25	
	0	63	1	13	2	24	3	69	4	61	5	38	6	91	7	81	8	18	9	83	10	93	11	45	12	51	13	24	14	45	15	37	16	72	17	90	18	68	19	72	20	54	21	66	22	37	23	40	24	59	25	34	26	19	27	74	28	78	29	40	
	0	34	1	77	2	29	3	28	4	87	5	67	6	69	7	48	8	53	9	17	10	42	11	21	12	82	13	88	14	80	15	20	16	12	17	86	18	46	19	23	20	40	21	75	22	27	23	50	24	36	25	57	26	27	27	86	28	12	29	33	
	0	98	1	30	2	71	3	34	4	82	5	38	6	92	7	93	8	20	9	46	10	33	11	97	12	42	13	49	14	14	15	94	16	37	17	92	18	94	19	99	20	52	21	65	22	34	23	59	24	54	25	49	26	48	27	29	28	14	29	52	
	0	84	1	61	2	72	3	27	4	29	5	27	6	37	7	36	8	82	9	35	10	77	11	81	12	38	13	68	14	54	15	41	16	65	17	36	18	56	19	89	20	87	21	26	22	12	23	43	24	52	25	22	26	20	27	92	28	39	29	10	
	0	36	1	96	2	22	3	91	4	81	5	48	6	25	7	13	8	99	9	58	10	94	11	14	12	27	13	30	14	79	15	64	16	13	17	13	18	43	19	37	20	81	21	37	22	55	23	94	24	49	25	97	26	29	27	90	28	14	29	74	
	0	100	1	73	2	42	3	45	4	21	5	30	6	79	7	64	8	52	9	18	10	67	11	38	12	17	13	76	14	84	15	96	16	53	17	45	18	26	19	46	20	55	21	76	22	44	23	18	24	62	25	93	26	99	27	54	28	47	29	78	
	0	13	1	52	2	59	3	13	4	21	5	96	6	59	7	47	8	30	9	17	10	66	11	12	12	57	13	10	14	96	15	59	16	26	17	67	18	18	19	87	20	23	21	54	22	20	23	12	24	74	25	86	26	36	27	60	28	29	29	62	
	0	18	1	48	2	48	3	56	4	80	5	78	6	28	7	85	8	42	9	100	10	96	11	47	12	64	13	72	14	19	15	74	16	44	17	22	18	41	19	43	20	56	21	78	22	62	23	90	24	39	25	36	26	95	27	12	28	92	29	75	
	0	21	1	49	2	45	3	71	4	15	5	62	6	33	7	29	8	23	9	27	10	69	11	65	12	59	13	54	14	12	15	19	16	18	17	87	18	89	19	99	20	100	21	12	22	75	23	31	24	43	25	29	26	33	27	55	28	99	29	71	
	0	62	1	28	2	99	3	24	4	63	5	82	6	62	7	54	8	63	9	99	10	98	11	89	12	85	13	22	14	97	15	95	16	13	17	68	18	66	19	35	20	95	21	86	22	56	23	19	24	46	25	54	26	91	27	10	28	43	29	73	
	0	12	1	46	2	64	3	11	4	90	5	99	6	97	7	97	8	26	9	69	10	50	11	31	12	71	13	19	14	40	15	60	16	53	17	47	18	90	19	87	20	36	21	45	22	42	23	77	24	20	25	41	26	45	27	66	28	22	29	67	
	0	41	1	28	2	45	3	91	4	23	5	34	6	14	7	56	8	79	9	64	10	78	11	94	12	96	13	11	14	82	15	95	16	92	17	86	18	70	19	85	20	48	21	49	22	21	23	78	24	24	25	50	26	67	27	58	28	26	29	58	
	0	16	1	89	2	31	3	13	4	92	5	63	6	75	7	50	8	16	9	85	10	32	11	53	12	13	13	57	14	91	15	24	16	41	17	25	18	63	19	56	20	57	21	71	22	98	23	90	24	92	25	52	26	10	27	79	28	34	29	96	
	0	80	1	66	2	77	3	34	4	98	5	89	6	45	7	66	8	20	9	82	10	93	11	67	12	23	13	53	14	74	15	82	16	85	17	35	18	90	19	19	20	40	21	98	22	19	23	93	24	23	25	69	26	86	27	85	28	15	29	13	
	0	60	1	89	2	98	3	16	4	67	5	43	6	81	7	56	8	49	9	20	10	10	11	68	12	72	13	60	14	23	15	62	16	57	17	82	18	27	19	84	20	16	21	48	22	10	23	89	24	11	25	38	26	64	27	68	28	20	29	91	
	0	71	1	70	2	60	3	58	4	82	5	66	6	54	7	78	8	40	9	29	10	93	11	79	12	51	13	40	14	58	15	48	16	87	17	45	18	97	19	15	20	75	21	28	22	79	23	63	24	66	25	11	26	60	27	65	28	85	29	91	
	0	65	1	18	2	94	3	36	4	66	5	69	6	73	7	68	8	11	9	38	10	26	11	24	12	16	13	45	14	28	15	36	16	38	17	38	18	29	19	18	20	27	21	67	22	82	23	96	24	75	25	43	26	61	27	73	28	25	29	10	
	0	24	1	40	2	12	3	36	4	24	5	97	6	63	7	21	8	26	9	93	10	17	11	79	12	26	13	45	14	40	15	91	16	18	17	98	18	83	19	80	20	92	21	57	22	17	23	26	24	59	25	42	26	88	27	31	28	28	29	37	
	0	18	1	36	2	60	3	81	4	65	5	41	6	22	7	18	8	43	9	14	10	64	11	61	12	99	13	82	14	76	15	52	16	58	17	39	18	88	19	92	20	91	21	31	22	77	23	67	24	40	25	96	26	67	27	42	28	52	29	22	
	0	98	1	74	2	98	3	26	4	10	5	70	6	92	7	52	8	42	9	85	10	26	11	32	12	75	13	11	14	78	15	82	16	53	17	29	18	94	19	66	20	93	21	26	22	85	23	17	24	32	25	81	26	16	27	31	28	86	29	96	
	0	89	1	40	2	97	3	11	4	97	5	20	6	48	7	79	8	32	9	30	10	77	11	22	12	92	13	32	14	52	15	50	16	29	17	20	18	26	19	26	20	44	21	39	22	13	23	15	24	64	25	21	26	30	27	76	28	80	29	77	
	0	95	1	39	2	96	3	80	4	97	5	87	6	40	7	69	8	78	9	88	10	59	11	38	12	16	13	95	14	78	15	33	16	90	17	89	18	34	19	82	20	15	21	79	22	38	23	25	24	67	25	91	26	32	27	83	28	26	29	97	
	0	65	1	13	2	94	3	31	4	31	5	20	6	60	7	62	8	79	9	63	10	21	11	32	12	78	13	30	14	89	15	39	16	51	17	25	18	34	19	66	20	31	21	41	22	35	23	89	24	34	25	47	26	45	27	69	28	21	29	58	
	0	18	1	82	2	98	3	79	4	23	5	88	6	88	7	51	8	22	9	54	10	94	11	38	12	48	13	53	14	35	15	74	16	18	17	17	18	37	19	61	20	85	21	75	22	43	23	24	24	26	25	32	26	90	27	54	28	50	29	31	
	0	62	1	70	2	74	3	10	4	47	5	81	6	48	7	94	8	44	9	92	10	76	11	41	12	10	13	89	14	81	15	12	16	38	17	27	18	22	19	27	20	42	21	36	22	68	23	75	24	92	25	47	26	29	27	79	28	36	29	76	
	0	60	1	100	2	32	3	15	4	68	5	28	6	76	7	63	8	48	9	31	10	73	11	51	12	97	13	85	14	10	15	14	16	67	17	47	18	39	19	93	20	37	21	81	22	60	23	76	24	16	25	59	26	78	27	56	28	92	29	38	
	0	56	1	76	2	26	3	43	4	91	5	56	6	48	7	74	8	89	9	17	10	35	11	37	12	41	13	23	14	82	15	31	16	26	17	42	18	45	19	24	20	15	21	91	22	22	23	70	24	52	25	46	26	53	27	77	28	51	29	60	
	0	62	1	17	2	22	3	10	4	60	5	12	6	11	7	87	8	59	9	45	10	86	11	59	12	84	13	38	14	41	15	37	16	35	17	62	18	92	19	54	20	55	21	90	22	52	23	61	24	15	25	44	26	47	27	99	28	28	29	56	
	0	57	1	68	2	38	3	70	4	16	5	50	6	57	7	15	8	92	9	67	10	94	11	23	12	94	13	49	14	12	15	96	16	91	17	12	18	68	19	44	20	79	21	27	22	99	23	43	24	88	25	29	26	60	27	21	28	95	29	30	
	0	70	1	47	2	52	3	32	4	30	5	95	6	55	7	68	8	36	9	53	10	85	11	48	12	66	13	19	14	87	15	88	16	44	17	24	18	48	19	83	20	54	21	92	22	31	23	35	24	36	25	31	26	16	27	45	28	61	29	38	
	0	64	1	92	2	36	3	13	4	73	5	23	6	62	7	45	8	14	9	78	10	10	11	12	12	12	13	39	14	79	15	45	16	58	17	33	18	57	19	92	20	48	21	64	22	21	23	14	24	69	25	17	26	84	27	37	28	63	29	63	
	0	48	1	91	2	72	3	31	4	62	5	57	6	63	7	15	8	52	9	42	10	43	11	63	12	82	13	28	14	91	15	14	16	53	17	74	18	83	19	46	20	39	21	25	22	78	23	43	24	35	25	49	26	14	27	94	28	83	29	85	
	0	77	1	12	2	80	3	63	4	26	5	28	6	50	7	83	8	83	9	33	10	78	11	96	12	42	13	30	14	75	15	88	16	26	17	69	18	96	19	88	20	14	21	31	22	12	23	41	24	85	25	57	26	79	27	82	28	31	29	96	
	0	41	1	69	2	14	3	51	4	20	5	50	6	89	7	23	8	61	9	100	10	31	11	86	12	83	13	21	14	39	15	38	16	35	17	48	18	86	19	16	20	26	21	93	22	79	23	97	24	37	25	17	26	74	27	33	28	21	29	49	
	0	77	1	23	2	62	3	89	4	98	5	61	6	52	7	56	8	45	9	84	10	78	11	54	12	84	13	63	14	72	15	45	16	53	17	47	18	89	19	31	20	17	21	29	22	92	23	98	24	31	25	100	26	20	27	13	28	34	29	55	
	0	85	1	34	2	94	3	32	4	78	5	29	6	37	7	76	8	10	9	73	10	52	11	39	12	16	13	55	14	12	15	46	16	92	17	52	18	75	19	18	20	54	21	42	22	86	23	88	24	96	25	80	26	97	27	68	28	33	29	48	
	0	75	1	67	2	58	3	23	4	74	5	79	6	38	7	49	8	76	9	63	10	50	11	67	12	100	13	61	14	78	15	30	16	91	17	35	18	18	19	64	20	23	21	46	22	45	23	73	24	85	25	36	26	21	27	81	28	43	29	84	
	0	70	1	71	2	38	3	68	4	78	5	50	6	20	7	66	8	72	9	62	10	25	11	52	12	54	13	99	14	28	15	69	16	53	17	29	18	81	19	54	20	42	21	84	22	71	23	65	24	45	25	44	26	78	27	23	28	82	29	76	
	0	17	1	61	2	61	3	48	4	14	5	23	6	87	7	53	8	39	9	34	10	64	11	83	12	45	13	100	14	59	15	64	16	44	17	48	18	15	19	41	20	67	21	67	22	11	23	88	24	45	25	81	26	89	27	86	28	35	29	63	
	0	57	1	53	2	68	3	80	4	26	5	19	6	34	7	37	8	91	9	27	10	35	11	15	12	97	13	61	14	80	15	61	16	17	17	33	18	75	19	75	20	57	21	28	22	84	23	27	24	100	25	100	26	99	27	16	28	37	29	25	
	0	23	1	71	2	53	3	33	4	95	5	81	6	50	7	26	8	28	9	13	10	45	11	12	12	21	13	97	14	55	15	50	16	14	17	45	18	70	19	31	20	39	21	65	22	56	23	53	24	67	25	41	26	44	27	61	28	23	29	81	
	0	100	1	25	2	29	3	90	4	67	5	98	6	70	7	42	8	81	9	37	10	29	11	56	12	51	13	78	14	41	15	65	16	54	17	30	18	96	19	89	20	20	21	21	22	61	23	25	24	81	25	47	26	51	27	57	28	57	29	67	
	0	64	1	36	2	85	3	56	4	73	5	20	6	29	7	54	8	80	9	73	10	59	11	40	12	65	13	50	14	56	15	89	16	94	17	25	18	52	19	75	20	21	21	44	22	73	23	69	24	55	25	26	26	58	27	44	28	22	29	34	
	0	78	1	73	2	62	3	20	4	100	5	95	6	61	7	28	8	69	9	56	10	23	11	76	12	64	13	92	14	97	15	68	16	99	17	32	18	97	19	77	20	17	21	94	22	99	23	39	24	10	25	43	26	27	27	98	28	35	29	61	
	0	67	1	40	2	80	3	20	4	67	5	75	6	37	7	45	8	81	9	42	10	67	11	17	12	21	13	99	14	35	15	26	16	75	17	65	18	58	19	89	20	85	21	41	22	55	23	85	24	82	25	90	26	59	27	50	28	78	29	32	
	0	25	1	42	2	51	3	58	4	83	5	69	6	25	7	28	8	52	9	98	10	36	11	15	12	28	13	23	14	87	15	64	16	10	17	93	18	13	19	32	20	76	21	10	22	94	23	89	24	13	25	34	26	83	27	38	28	62	29	34	
	0	21	1	59	2	64	3	71	4	57	5	90	6	47	7	56	8	92	9	36	10	34	11	54	12	95	13	38	14	90	15	27	16	78	17	67	18	38	19	40	20	85	21	32	22	48	23	48	24	36	25	99	26	98	27	20	28	91	29	35	
	0	47	1	90	2	75	3	30	4	21	5	100	6	91	7	63	8	94	9	66	10	82	11	56	12	63	13	44	14	94	15	12	16	79	17	47	18	51	19	49	20	98	21	55	22	28	23	97	24	18	25	66	26	77	27	83	28	49	29	34	
	0	71	1	83	2	92	3	12	4	74	5	66	6	84	7	30	8	68	9	10	10	71	11	38	12	75	13	52	14	38	15	44	16	20	17	80	18	75	19	33	20	49	21	76	22	66	23	44	24	30	25	38	26	49	27	45	28	48	29	45	
	0	66	1	94	2	12	3	73	4	84	5	84	6	86	7	46	8	23	9	32	10	75	11	70	12	15	13	13	14	34	15	75	16	51	17	16	18	93	19	45	20	100	21	96	22	95	23	11	24	98	25	70	26	83	27	69	28	70	29	79	
	0	84	1	58	2	89	3	30	4	19	5	75	6	88	7	67	8	13	9	75	10	21	11	45	12	59	13	58	14	48	15	80	16	16	17	63	18	78	19	92	20	74	21	12	22	61	23	82	24	11	25	80	26	82	27	61	28	20	29	14	
	0	60	1	47	2	92	3	93	4	22	5	97	6	44	7	66	8	42	9	85	10	85	11	48	12	39	13	95	14	74	15	18	16	63	17	61	18	77	19	37	20	25	21	42	22	17	23	77	24	56	25	13	26	99	27	20	28	53	29	85	
	0	54	1	13	2	97	3	38	4	88	5	96	6	51	7	77	8	62	9	84	10	38	11	38	12	70	13	38	14	31	15	55	16	32	17	31	18	40	19	58	20	18	21	39	22	23	23	71	24	72	25	90	26	44	27	23	28	15	29	23	
	0	73	1	46	2	75	3	45	4	62	5	71	6	91	7	48	8	67	9	43	10	96	11	12	12	83	13	20	14	63	15	63	16	27	17	73	18	19	19	48	20	47	21	48	22	76	23	47	24	72	25	10	26	15	27	59	28	28	29	43	
	0	49	1	28	2	57	3	21	4	70	5	75	6	82	7	92	8	99	9	67	10	98	11	35	12	13	13	26	14	97	15	95	16	72	17	29	18	94	19	62	20	10	21	71	22	88	23	46	24	85	25	28	26	32	27	79	28	38	29	44	
	0	78	1	26	2	49	3	45	4	51	5	82	6	19	7	66	8	30	9	99	10	25	11	65	12	21	13	99	14	17	15	97	16	65	17	85	18	10	19	53	20	19	21	58	22	86	23	59	24	67	25	64	26	29	27	10	28	28	29	93	
	0	90	1	32	2	63	3	12	4	46	5	28	6	34	7	29	8	86	9	73	10	90	11	42	12	65	13	45	14	51	15	42	16	17	17	56	18	27	19	82	20	54	21	12	22	97	23	92	24	53	25	21	26	60	27	57	28	77	29	79	
	0	85	1	18	2	80	3	32	4	63	5	92	6	50	7	74	8	74	9	86	10	70	11	10	12	48	13	47	14	17	15	63	16	93	17	83	18	21	19	100	20	87	21	71	22	43	23	72	24	70	25	96	26	41	27	83	28	15	29	24	
	0	28	1	26	2	35	3	88	4	38	5	76	6	69	7	64	8	88	9	73	10	78	11	87	12	13	13	18	14	76	15	73	16	17	17	61	18	31	19	26	20	20	21	49	22	17	23	31	24	60	25	65	26	19	27	69	28	44	29	90	
	0	75	1	50	2	98	3	91	4	22	5	67	6	27	7	28	8	55	9	17	10	56	11	29	12	66	13	96	14	96	15	78	16	32	17	86	18	38	19	57	20	79	21	67	22	35	23	68	24	72	25	54	26	65	27	46	28	65	29	77	