200 30 1
30
	0	42	1	35	2	32	3	21	4	27	5	57	6	38	7	36	8	95	9	36	10	66	11	32	12	90	13	97	14	42	15	19	16	69	17	35	18	33	19	71	20	69	21	78	22	49	23	32	24	91	25	71	26	23	27	43	28	61	29	31	
	0	78	1	83	2	91	3	64	4	76	5	31	6	42	7	93	8	80	9	72	10	60	11	34	12	92	13	85	14	50	15	68	16	81	17	69	18	53	19	14	20	87	21	80	22	12	23	98	24	28	25	73	26	72	27	28	28	48	29	23	
	0	29	1	33	2	62	3	44	4	60	5	14	6	18	7	55	8	41	9	82	10	65	11	42	12	56	13	36	14	85	15	80	16	89	17	45	18	93	19	84	20	66	21	84	22	94	23	64	24	56	25	44	26	93	27	57	28	85	29	38	
	0	27	1	100	2	32	3	39	4	15	5	96	6	86	7	83	8	97	9	88	10	55	11	43	12	33	13	44	14	54	15	79	16	42	17	76	18	56	19	24	20	32	21	37	22	30	23	27	24	82	25	71	26	91	27	47	28	37	29	12	
	0	70	1	13	2	11	3	78	4	33	5	72	6	35	7	13	8	90	9	90	10	44	11	68	12	13	13	59	14	100	15	61	16	87	17	80	18	22	19	34	20	45	21	28	22	10	23	73	24	42	25	58	26	67	27	35	28	69	29	62	
	0	18	1	26	2	16	3	100	4	15	5	25	6	83	7	80	8	36	9	75	10	24	11	91	12	55	13	56	14	52	15	92	16	31	17	95	18	35	19	73	20	62	21	88	22	19	23	87	24	89	25	85	26	34	27	49	28	25	29	29	
	0	86	1	64	2	28	3	50	4	21	5	89	6	75	7	10	8	50	9	18	10	57	11	95	12	29	13	76	14	75	15	52	16	34	17	87	18	22	19	18	20	24	21	77	22	93	23	40	24	80	25	28	26	21	27	82	28	82	29	45	
	0	20	1	67	2	44	3	76	4	40	5	52	6	42	7	56	8	98	9	49	10	36	11	46	12	25	13	86	14	62	15	23	16	17	17	21	18	11	19	51	20	24	21	32	22	77	23	64	24	38	25	19	26	84	27	85	28	37	29	93	
	0	82	1	67	2	53	3	42	4	23	5	59	6	16	7	38	8	40	9	90	10	69	11	33	12	17	13	45	14	10	15	41	16	67	17	49	18	40	19	97	20	30	21	95	22	41	23	43	24	45	25	52	26	54	27	52	28	32	29	59	
	0	96	1	81	2	21	3	28	4	13	5	34	6	64	7	77	8	13	9	75	10	79	11	74	12	71	13	71	14	23	15	13	16	53	17	13	18	59	19	52	20	37	21	56	22	85	23	41	24	66	25	41	26	80	27	81	28	20	29	22	
	0	91	1	97	2	48	3	88	4	25	5	50	6	51	7	75	8	98	9	54	10	68	11	77	12	16	13	82	14	76	15	17	16	41	17	13	18	27	19	51	20	60	21	97	22	73	23	54	24	50	25	18	26	75	27	34	28	16	29	66	
	0	92	1	21	2	56	3	11	4	83	5	44	6	14	7	76	8	30	9	74	10	26	11	60	12	11	13	73	14	38	15	14	16	80	17	74	18	58	19	28	20	86	21	18	22	100	23	42	24	68	25	24	26	69	27	62	28	76	29	93	
	0	92	1	68	2	91	3	55	4	43	5	74	6	56	7	71	8	15	9	13	10	68	11	75	12	17	13	84	14	17	15	68	16	76	17	14	18	34	19	31	20	65	21	70	22	81	23	11	24	14	25	61	26	94	27	70	28	12	29	16	
	0	99	1	85	2	19	3	69	4	89	5	83	6	83	7	27	8	71	9	99	10	31	11	40	12	27	13	21	14	75	15	65	16	38	17	39	18	40	19	69	20	97	21	62	22	79	23	30	24	50	25	29	26	28	27	85	28	99	29	21	
	0	55	1	72	2	69	3	88	4	44	5	20	6	92	7	66	8	93	9	30	10	68	11	64	12	26	13	10	14	61	15	27	16	21	17	25	18	50	19	57	20	41	21	84	22	77	23	29	24	61	25	43	26	77	27	40	28	50	29	48	
	0	34	1	38	2	38	3	80	4	13	5	11	6	27	7	93	8	52	9	11	10	61	11	87	12	90	13	88	14	37	15	74	16	50	17	11	18	39	19	42	20	16	21	18	22	60	23	25	24	70	25	20	26	72	27	85	28	23	29	72	
	0	29	1	75	2	40	3	64	4	38	5	68	6	83	7	12	8	42	9	54	10	72	11	62	12	93	13	80	14	63	15	41	16	93	17	69	18	62	19	72	20	58	21	57	22	16	23	67	24	61	25	70	26	73	27	69	28	36	29	76	
	0	29	1	100	2	10	3	64	4	80	5	20	6	88	7	92	8	53	9	45	10	18	11	66	12	96	13	55	14	67	15	24	16	14	17	70	18	77	19	57	20	13	21	73	22	20	23	71	24	27	25	86	26	78	27	41	28	12	29	37	
	0	30	1	97	2	35	3	34	4	81	5	35	6	12	7	11	8	70	9	54	10	73	11	46	12	27	13	89	14	11	15	88	16	81	17	38	18	24	19	75	20	43	21	83	22	41	23	37	24	35	25	47	26	93	27	14	28	25	29	67	
	0	42	1	11	2	15	3	59	4	33	5	57	6	21	7	76	8	77	9	65	10	59	11	42	12	20	13	71	14	55	15	99	16	95	17	29	18	79	19	86	20	95	21	91	22	27	23	100	24	39	25	64	26	93	27	91	28	47	29	73	
	0	80	1	57	2	48	3	57	4	51	5	38	6	32	7	95	8	98	9	100	10	26	11	46	12	17	13	52	14	53	15	69	16	16	17	96	18	56	19	46	20	92	21	96	22	18	23	75	24	93	25	98	26	35	27	51	28	63	29	67	
	0	16	1	54	2	76	3	30	4	35	5	89	6	75	7	57	8	93	9	72	10	31	11	70	12	32	13	59	14	36	15	28	16	79	17	53	18	18	19	40	20	82	21	18	22	49	23	87	24	12	25	95	26	37	27	14	28	95	29	24	
	0	35	1	53	2	47	3	82	4	33	5	64	6	61	7	52	8	13	9	23	10	52	11	52	12	73	13	70	14	99	15	90	16	96	17	84	18	67	19	68	20	10	21	86	22	20	23	33	24	41	25	57	26	99	27	38	28	34	29	14	
	0	63	1	97	2	55	3	32	4	94	5	26	6	36	7	12	8	68	9	19	10	43	11	82	12	30	13	12	14	12	15	91	16	94	17	48	18	86	19	93	20	49	21	64	22	31	23	44	24	35	25	46	26	56	27	83	28	51	29	10	
	0	37	1	99	2	77	3	61	4	85	5	26	6	58	7	28	8	62	9	65	10	51	11	66	12	12	13	84	14	88	15	28	16	36	17	19	18	64	19	49	20	29	21	25	22	32	23	19	24	96	25	22	26	66	27	72	28	47	29	17	
	0	15	1	62	2	26	3	65	4	35	5	45	6	14	7	42	8	16	9	93	10	73	11	92	12	84	13	90	14	48	15	50	16	40	17	27	18	69	19	76	20	97	21	54	22	27	23	37	24	36	25	16	26	97	27	40	28	62	29	37	
	0	14	1	86	2	77	3	22	4	75	5	96	6	77	7	93	8	98	9	29	10	55	11	13	12	69	13	56	14	32	15	75	16	27	17	53	18	53	19	76	20	42	21	26	22	87	23	87	24	32	25	65	26	64	27	44	28	21	29	67	
	0	80	1	31	2	16	3	27	4	99	5	12	6	51	7	37	8	43	9	60	10	73	11	45	12	23	13	100	14	23	15	46	16	59	17	60	18	53	19	59	20	16	21	88	22	53	23	38	24	25	25	48	26	52	27	15	28	70	29	68	
	0	27	1	44	2	20	3	20	4	91	5	31	6	65	7	25	8	19	9	17	10	59	11	59	12	26	13	92	14	25	15	40	16	25	17	40	18	76	19	42	20	18	21	13	22	34	23	11	24	41	25	100	26	58	27	43	28	17	29	55	
	0	57	1	15	2	85	3	94	4	98	5	85	6	72	7	77	8	97	9	10	10	68	11	66	12	45	13	85	14	51	15	82	16	62	17	70	18	34	19	83	20	29	21	95	22	26	23	81	24	61	25	41	26	97	27	97	28	39	29	84	
	0	53	1	95	2	25	3	69	4	96	5	84	6	75	7	86	8	14	9	15	10	31	11	13	12	62	13	74	14	25	15	28	16	31	17	23	18	78	19	91	20	76	21	88	22	27	23	68	24	96	25	16	26	15	27	59	28	32	29	60	
	0	53	1	45	2	36	3	19	4	73	5	48	6	70	7	82	8	51	9	80	10	50	11	19	12	12	13	97	14	87	15	12	16	93	17	59	18	99	19	47	20	84	21	19	22	93	23	69	24	42	25	92	26	32	27	81	28	17	29	46	
	0	96	1	21	2	40	3	42	4	88	5	48	6	98	7	63	8	24	9	35	10	30	11	52	12	73	13	36	14	56	15	38	16	95	17	63	18	44	19	77	20	77	21	28	22	17	23	26	24	24	25	34	26	35	27	80	28	81	29	47	
	0	27	1	72	2	41	3	59	4	77	5	38	6	61	7	40	8	76	9	74	10	82	11	38	12	14	13	80	14	82	15	87	16	69	17	77	18	74	19	64	20	26	21	43	22	49	23	53	24	37	25	21	26	46	27	91	28	77	29	46	
	0	68	1	72	2	43	3	41	4	44	5	97	6	85	7	82	8	40	9	47	10	14	11	80	12	77	13	61	14	100	15	69	16	85	17	52	18	10	19	76	20	71	21	98	22	85	23	98	24	91	25	100	26	55	27	22	28	61	29	73	
	0	39	1	89	2	47	3	56	4	24	5	35	6	49	7	52	8	36	9	16	10	21	11	63	12	39	13	59	14	62	15	94	16	56	17	64	18	88	19	12	20	92	21	37	22	12	23	88	24	47	25	63	26	32	27	20	28	87	29	23	
	0	25	1	19	2	35	3	34	4	64	5	36	6	59	7	41	8	59	9	66	10	33	11	15	12	25	13	46	14	95	15	94	16	32	17	55	18	86	19	87	20	42	21	46	22	47	23	90	24	23	25	100	26	37	27	46	28	21	29	87	
	0	54	1	59	2	20	3	98	4	39	5	73	6	53	7	13	8	15	9	27	10	96	11	72	12	99	13	66	14	63	15	84	16	69	17	17	18	86	19	34	20	81	21	32	22	94	23	64	24	85	25	96	26	75	27	58	28	64	29	50	
	0	53	1	45	2	19	3	45	4	91	5	19	6	79	7	30	8	13	9	43	10	47	11	33	12	69	13	93	14	28	15	38	16	41	17	28	18	70	19	23	20	58	21	26	22	86	23	62	24	33	25	93	26	36	27	12	28	78	29	84	
	0	72	1	35	2	54	3	19	4	66	5	58	6	66	7	95	8	83	9	16	10	74	11	21	12	50	13	66	14	83	15	19	16	24	17	92	18	10	19	84	20	88	21	88	22	81	23	41	24	67	25	31	26	38	27	24	28	68	29	43	
	0	44	1	71	2	83	3	73	4	39	5	77	6	45	7	31	8	57	9	94	10	54	11	95	12	30	13	97	14	48	15	64	16	50	17	18	18	78	19	96	20	33	21	40	22	17	23	15	24	71	25	32	26	41	27	26	28	59	29	68	
	0	74	1	11	2	40	3	18	4	63	5	64	6	19	7	17	8	90	9	34	10	26	11	87	12	29	13	56	14	75	15	80	16	50	17	61	18	13	19	16	20	33	21	97	22	57	23	76	24	94	25	99	26	55	27	49	28	57	29	25	
	0	100	1	39	2	65	3	57	4	69	5	95	6	60	7	68	8	75	9	77	10	55	11	15	12	30	13	61	14	69	15	58	16	85	17	20	18	32	19	21	20	27	21	49	22	53	23	24	24	33	25	77	26	42	27	29	28	20	29	67	
	0	35	1	10	2	62	3	51	4	11	5	76	6	57	7	15	8	63	9	46	10	100	11	71	12	56	13	42	14	20	15	61	16	73	17	73	18	94	19	18	20	47	21	83	22	77	23	46	24	58	25	39	26	53	27	84	28	69	29	62	
	0	82	1	99	2	69	3	69	4	12	5	37	6	64	7	46	8	93	9	23	10	67	11	25	12	61	13	99	14	49	15	66	16	60	17	57	18	21	19	46	20	44	21	89	22	73	23	71	24	11	25	19	26	45	27	30	28	29	29	40	
	0	79	1	39	2	38	3	65	4	91	5	56	6	37	7	79	8	84	9	86	10	82	11	88	12	41	13	39	14	11	15	42	16	16	17	47	18	76	19	16	20	37	21	32	22	67	23	43	24	72	25	79	26	13	27	25	28	10	29	25	
	0	96	1	76	2	10	3	12	4	24	5	11	6	57	7	42	8	99	9	30	10	46	11	13	12	97	13	94	14	81	15	73	16	51	17	62	18	22	19	43	20	53	21	60	22	59	23	39	24	100	25	84	26	43	27	12	28	70	29	16	
	0	79	1	100	2	79	3	12	4	44	5	92	6	77	7	42	8	74	9	36	10	85	11	90	12	71	13	34	14	97	15	96	16	43	17	82	18	87	19	73	20	78	21	79	22	49	23	10	24	95	25	70	26	72	27	81	28	75	29	51	
	0	60	1	26	2	29	3	82	4	44	5	54	6	69	7	87	8	82	9	19	10	81	11	74	12	58	13	50	14	83	15	40	16	66	17	25	18	33	19	24	20	100	21	24	22	89	23	48	24	32	25	57	26	57	27	13	28	53	29	88	
	0	71	1	31	2	68	3	49	4	100	5	92	6	63	7	54	8	23	9	14	10	18	11	19	12	45	13	38	14	12	15	79	16	56	17	28	18	86	19	58	20	27	21	36	22	41	23	22	24	40	25	95	26	53	27	14	28	19	29	83	
	0	69	1	14	2	11	3	19	4	97	5	78	6	58	7	19	8	65	9	57	10	65	11	12	12	93	13	37	14	65	15	77	16	96	17	86	18	50	19	24	20	16	21	93	22	47	23	97	24	28	25	83	26	68	27	56	28	23	29	63	
	0	79	1	71	2	13	3	36	4	100	5	69	6	93	7	13	8	76	9	72	10	73	11	45	12	81	13	43	14	44	15	16	16	67	17	84	18	62	19	21	20	89	21	97	22	59	23	14	24	32	25	48	26	91	27	88	28	50	29	91	
	0	32	1	95	2	98	3	26	4	41	5	42	6	73	7	32	8	29	9	83	10	62	11	46	12	29	13	95	14	46	15	51	16	37	17	44	18	27	19	63	20	100	21	97	22	19	23	53	24	81	25	45	26	86	27	78	28	38	29	28	
	0	57	1	16	2	86	3	79	4	67	5	96	6	30	7	17	8	42	9	25	10	81	11	23	12	65	13	21	14	19	15	28	16	52	17	50	18	23	19	73	20	39	21	53	22	69	23	88	24	12	25	72	26	29	27	94	28	62	29	51	
	0	51	1	78	2	41	3	23	4	41	5	60	6	45	7	51	8	58	9	60	10	95	11	78	12	36	13	10	14	86	15	67	16	27	17	70	18	36	19	53	20	68	21	74	22	30	23	99	24	77	25	80	26	39	27	87	28	27	29	93	
	0	29	1	30	2	24	3	18	4	79	5	67	6	51	7	16	8	34	9	27	10	97	11	36	12	59	13	29	14	49	15	34	16	41	17	72	18	60	19	94	20	85	21	19	22	99	23	44	24	13	25	47	26	93	27	33	28	52	29	46	
	0	42	1	60	2	100	3	59	4	61	5	10	6	40	7	90	8	91	9	36	10	96	11	31	12	77	13	60	14	89	15	55	16	28	17	39	18	45	19	55	20	35	21	60	22	37	23	12	24	69	25	24	26	36	27	87	28	78	29	87	
	0	66	1	57	2	87	3	74	4	14	5	10	6	48	7	53	8	88	9	21	10	41	11	95	12	31	13	98	14	84	15	49	16	16	17	12	18	19	19	50	20	39	21	59	22	89	23	13	24	25	25	42	26	81	27	76	28	63	29	29	
	0	67	1	57	2	26	3	73	4	27	5	21	6	71	7	24	8	78	9	38	10	87	11	74	12	55	13	64	14	95	15	61	16	90	17	53	18	73	19	89	20	67	21	30	22	48	23	94	24	73	25	40	26	77	27	84	28	87	29	56	
	0	48	1	97	2	84	3	19	4	56	5	52	6	52	7	13	8	67	9	62	10	16	11	99	12	51	13	38	14	99	15	50	16	71	17	33	18	68	19	37	20	98	21	36	22	98	23	37	24	79	25	74	26	52	27	89	28	100	29	94	
	0	25	1	62	2	14	3	50	4	65	5	71	6	86	7	44	8	79	9	96	10	86	11	98	12	30	13	28	14	77	15	96	16	46	17	29	18	45	19	43	20	79	21	57	22	17	23	21	24	23	25	53	26	13	27	74	28	38	29	96	
	0	98	1	68	2	32	3	12	4	88	5	57	6	24	7	88	8	93	9	12	10	55	11	41	12	94	13	11	14	83	15	96	16	43	17	22	18	98	19	90	20	41	21	78	22	70	23	76	24	33	25	19	26	15	27	32	28	54	29	26	
	0	39	1	89	2	86	3	27	4	69	5	50	6	21	7	31	8	49	9	49	10	93	11	30	12	32	13	98	14	64	15	85	16	93	17	59	18	14	19	74	20	66	21	18	22	64	23	80	24	97	25	40	26	26	27	27	28	86	29	74	
	0	54	1	37	2	81	3	62	4	95	5	66	6	61	7	78	8	16	9	63	10	98	11	29	12	50	13	10	14	25	15	78	16	25	17	32	18	76	19	60	20	52	21	59	22	62	23	14	24	30	25	91	26	24	27	96	28	89	29	98	
	0	56	1	30	2	38	3	23	4	65	5	24	6	63	7	20	8	74	9	62	10	73	11	85	12	72	13	75	14	68	15	34	16	64	17	59	18	83	19	56	20	95	21	78	22	13	23	40	24	77	25	91	26	25	27	43	28	37	29	58	
	0	61	1	41	2	91	3	74	4	40	5	37	6	25	7	60	8	40	9	63	10	33	11	67	12	61	13	65	14	16	15	19	16	55	17	83	18	36	19	25	20	37	21	92	22	75	23	26	24	68	25	18	26	26	27	19	28	88	29	44	
	0	48	1	41	2	99	3	47	4	50	5	65	6	23	7	52	8	10	9	60	10	75	11	74	12	58	13	49	14	92	15	33	16	65	17	38	18	44	19	97	20	56	21	22	22	79	23	48	24	26	25	64	26	15	27	56	28	29	29	47	
	0	70	1	59	2	83	3	16	4	37	5	75	6	41	7	64	8	13	9	84	10	80	11	12	12	64	13	55	14	64	15	36	16	73	17	88	18	77	19	94	20	35	21	15	22	11	23	83	24	67	25	33	26	46	27	61	28	40	29	34	
	0	64	1	10	2	88	3	26	4	46	5	78	6	67	7	16	8	47	9	19	10	56	11	77	12	23	13	37	14	63	15	74	16	23	17	47	18	30	19	31	20	42	21	12	22	19	23	19	24	23	25	96	26	26	27	13	28	38	29	21	
	0	12	1	53	2	96	3	59	4	96	5	18	6	70	7	70	8	44	9	50	10	51	11	59	12	22	13	30	14	70	15	66	16	80	17	34	18	32	19	85	20	75	21	37	22	72	23	72	24	24	25	51	26	79	27	41	28	65	29	58	
	0	24	1	77	2	56	3	11	4	85	5	15	6	24	7	49	8	57	9	40	10	82	11	83	12	29	13	33	14	70	15	74	16	94	17	65	18	27	19	18	20	15	21	57	22	80	23	80	24	90	25	53	26	35	27	36	28	68	29	90	
	0	44	1	89	2	80	3	44	4	51	5	99	6	12	7	31	8	24	9	69	10	69	11	37	12	35	13	55	14	68	15	34	16	24	17	27	18	83	19	24	20	62	21	16	22	28	23	20	24	91	25	38	26	42	27	96	28	100	29	47	
	0	12	1	22	2	23	3	31	4	75	5	55	6	91	7	59	8	61	9	98	10	64	11	74	12	85	13	98	14	54	15	25	16	80	17	95	18	54	19	66	20	64	21	88	22	67	23	73	24	55	25	93	26	78	27	69	28	14	29	61	
	0	27	1	63	2	95	3	40	4	39	5	90	6	96	7	10	8	65	9	62	10	95	11	27	12	25	13	59	14	90	15	78	16	62	17	39	18	42	19	63	20	64	21	100	22	55	23	32	24	28	25	59	26	52	27	21	28	90	29	91	
	0	33	1	88	2	84	3	35	4	16	5	53	6	19	7	17	8	82	9	82	10	38	11	74	12	98	13	48	14	21	15	66	16	38	17	34	18	94	19	77	20	80	21	53	22	56	23	56	24	23	25	91	26	39	27	81	28	23	29	93	
	0	14	1	63	2	96	3	72	4	61	5	47	6	94	7	52	8	46	9	74	10	36	11	67	12	46	13	59	14	79	15	70	16	80	17	29	18	33	19	40	20	22	21	24	22	91	23	58	24	62	25	82	26	82	27	35	28	19	29	20	
	0	24	1	32	2	95	3	14	4	93	5	49	6	72	7	36	8	27	9	39	10	23	11	17	12	95	13	55	14	79	15	12	16	35	17	24	18	46	19	30	20	10	21	60	22	21	23	16	24	70	25	92	26	13	27	75	28	63	29	64	
	0	18	1	25	2	92	3	49	4	38	5	16	6	43	7	45	8	31	9	99	10	49	11	10	12	72	13	76	14	36	15	13	16	20	17	52	18	27	19	51	20	19	21	70	22	59	23	81	24	12	25	30	26	63	27	39	28	22	29	36	
	0	32	1	20	2	49	3	93	4	96	5	28	6	24	7	73	8	37	9	31	10	78	11	70	12	91	13	87	14	35	15	41	16	42	17	73	18	91	19	53	20	23	21	12	22	24	23	49	24	38	25	49	26	26	27	64	28	84	29	63	
	0	74	1	47	2	23	3	63	4	68	5	77	6	74	7	52	8	77	9	43	10	69	11	16	12	27	13	89	14	17	15	54	16	28	17	18	18	97	19	14	20	95	21	28	22	39	23	18	24	43	25	19	26	57	27	19	28	14	29	15	
	0	90	1	63	2	45	3	92	4	84	5	33	6	43	7	89	8	84	9	12	10	47	11	100	12	94	13	28	14	94	15	47	16	20	17	36	18	67	19	85	20	85	21	10	22	20	23	46	24	15	25	51	26	21	27	50	28	14	29	79	
	0	78	1	32	2	82	3	55	4	79	5	88	6	88	7	73	8	65	9	67	10	96	11	17	12	29	13	33	14	43	15	17	16	43	17	92	18	74	19	27	20	63	21	48	22	45	23	18	24	12	25	29	26	86	27	11	28	17	29	11	
	0	58	1	55	2	39	3	72	4	51	5	53	6	36	7	14	8	40	9	40	10	69	11	69	12	39	13	69	14	22	15	69	16	95	17	62	18	86	19	84	20	51	21	99	22	73	23	22	24	12	25	24	26	51	27	16	28	68	29	20	
	0	10	1	63	2	36	3	47	4	85	5	86	6	50	7	50	8	31	9	98	10	40	11	78	12	22	13	67	14	16	15	78	16	99	17	43	18	78	19	98	20	64	21	19	22	26	23	100	24	24	25	57	26	60	27	74	28	77	29	85	
	0	72	1	20	2	38	3	35	4	100	5	44	6	18	7	66	8	65	9	20	10	20	11	94	12	89	13	83	14	28	15	32	16	30	17	47	18	68	19	73	20	58	21	73	22	55	23	89	24	38	25	15	26	62	27	70	28	93	29	21	
	0	58	1	13	2	100	3	78	4	46	5	99	6	19	7	40	8	79	9	50	10	64	11	80	12	96	13	79	14	47	15	74	16	27	17	58	18	15	19	35	20	57	21	96	22	72	23	91	24	40	25	66	26	18	27	31	28	75	29	49	
	0	31	1	26	2	95	3	50	4	39	5	51	6	15	7	46	8	44	9	79	10	68	11	91	12	69	13	53	14	75	15	14	16	59	17	46	18	25	19	18	20	74	21	60	22	22	23	46	24	36	25	63	26	35	27	91	28	31	29	35	
	0	81	1	60	2	26	3	71	4	38	5	68	6	83	7	16	8	45	9	48	10	53	11	71	12	59	13	81	14	79	15	58	16	51	17	24	18	41	19	60	20	33	21	79	22	91	23	82	24	89	25	82	26	35	27	56	28	14	29	100	
	0	54	1	76	2	18	3	65	4	52	5	89	6	82	7	95	8	23	9	32	10	26	11	39	12	52	13	64	14	15	15	15	16	28	17	93	18	38	19	56	20	48	21	66	22	48	23	73	24	73	25	87	26	89	27	17	28	64	29	30	
	0	49	1	90	2	91	3	96	4	59	5	41	6	25	7	69	8	27	9	65	10	69	11	43	12	48	13	36	14	25	15	94	16	47	17	45	18	16	19	53	20	48	21	57	22	70	23	67	24	43	25	33	26	10	27	11	28	68	29	72	
	0	22	1	79	2	35	3	48	4	34	5	14	6	90	7	54	8	60	9	53	10	45	11	92	12	86	13	70	14	35	15	58	16	50	17	65	18	23	19	11	20	55	21	78	22	85	23	10	24	55	25	63	26	39	27	14	28	63	29	93	
	0	87	1	34	2	11	3	91	4	79	5	24	6	29	7	92	8	90	9	65	10	80	11	76	12	11	13	54	14	67	15	71	16	100	17	86	18	96	19	25	20	94	21	54	22	31	23	18	24	94	25	48	26	52	27	89	28	31	29	49	
	0	26	1	58	2	68	3	95	4	91	5	66	6	22	7	31	8	25	9	52	10	89	11	97	12	17	13	24	14	61	15	67	16	32	17	61	18	72	19	26	20	100	21	64	22	74	23	26	24	61	25	34	26	99	27	36	28	11	29	80	
	0	21	1	82	2	46	3	65	4	56	5	24	6	25	7	92	8	11	9	39	10	64	11	40	12	17	13	38	14	51	15	11	16	20	17	62	18	56	19	66	20	100	21	60	22	53	23	86	24	58	25	61	26	53	27	40	28	85	29	83	
	0	89	1	25	2	52	3	15	4	24	5	97	6	23	7	33	8	86	9	77	10	49	11	41	12	21	13	61	14	32	15	12	16	43	17	40	18	86	19	98	20	33	21	46	22	16	23	52	24	74	25	98	26	12	27	96	28	68	29	30	
	0	25	1	27	2	39	3	80	4	11	5	58	6	53	7	13	8	75	9	46	10	55	11	15	12	39	13	38	14	60	15	80	16	85	17	74	18	53	19	96	20	12	21	100	22	55	23	10	24	74	25	88	26	41	27	76	28	67	29	19	
	0	20	1	24	2	13	3	39	4	74	5	51	6	24	7	87	8	66	9	58	10	18	11	21	12	90	13	43	14	75	15	85	16	38	17	34	18	84	19	46	20	64	21	40	22	14	23	36	24	81	25	49	26	10	27	56	28	24	29	54	
	0	45	1	87	2	52	3	44	4	11	5	47	6	31	7	41	8	66	9	48	10	93	11	30	12	98	13	60	14	81	15	37	16	51	17	74	18	15	19	57	20	81	21	15	22	84	23	24	24	79	25	24	26	16	27	35	28	54	29	42	
	0	100	1	54	2	86	3	78	4	45	5	41	6	49	7	79	8	67	9	57	10	62	11	98	12	29	13	77	14	45	15	43	16	52	17	56	18	70	19	79	20	67	21	21	22	26	23	85	24	25	25	88	26	65	27	48	28	95	29	20	
	0	19	1	48	2	20	3	94	4	34	5	50	6	94	7	31	8	75	9	72	10	15	11	12	12	26	13	51	14	63	15	34	16	10	17	95	18	49	19	27	20	20	21	87	22	32	23	75	24	66	25	67	26	54	27	55	28	54	29	97	
	0	48	1	45	2	13	3	18	4	36	5	70	6	68	7	74	8	51	9	19	10	84	11	85	12	92	13	92	14	75	15	19	16	62	17	15	18	49	19	87	20	59	21	85	22	85	23	68	24	49	25	30	26	61	27	30	28	77	29	95	
	0	61	1	67	2	20	3	46	4	13	5	48	6	23	7	78	8	45	9	27	10	43	11	37	12	63	13	98	14	85	15	79	16	77	17	83	18	64	19	14	20	85	21	59	22	89	23	25	24	99	25	54	26	37	27	49	28	90	29	33	
	0	41	1	62	2	53	3	36	4	70	5	49	6	77	7	53	8	53	9	21	10	94	11	93	12	44	13	13	14	25	15	27	16	53	17	94	18	87	19	79	20	26	21	87	22	76	23	54	24	70	25	50	26	24	27	69	28	74	29	52	
	0	49	1	90	2	72	3	56	4	58	5	60	6	86	7	93	8	23	9	88	10	78	11	51	12	96	13	90	14	69	15	61	16	84	17	83	18	86	19	97	20	27	21	51	22	54	23	39	24	41	25	51	26	78	27	73	28	36	29	46	
	0	85	1	88	2	81	3	86	4	90	5	92	6	19	7	79	8	93	9	46	10	75	11	11	12	94	13	61	14	70	15	38	16	72	17	17	18	39	19	53	20	42	21	39	22	59	23	76	24	12	25	11	26	72	27	40	28	89	29	87	
	0	82	1	26	2	75	3	74	4	50	5	15	6	80	7	15	8	84	9	73	10	64	11	17	12	52	13	86	14	67	15	20	16	69	17	59	18	97	19	48	20	62	21	82	22	59	23	15	24	26	25	79	26	80	27	92	28	55	29	86	
	0	70	1	20	2	53	3	14	4	84	5	74	6	36	7	55	8	13	9	40	10	53	11	23	12	45	13	50	14	10	15	23	16	62	17	36	18	31	19	67	20	53	21	50	22	46	23	13	24	14	25	23	26	62	27	93	28	53	29	25	
	0	78	1	87	2	50	3	100	4	95	5	48	6	52	7	74	8	98	9	45	10	67	11	36	12	74	13	26	14	61	15	100	16	22	17	74	18	45	19	34	20	45	21	83	22	12	23	48	24	86	25	99	26	13	27	100	28	54	29	61	
	0	45	1	38	2	85	3	52	4	66	5	70	6	40	7	68	8	26	9	19	10	31	11	90	12	45	13	88	14	18	15	76	16	86	17	66	18	42	19	23	20	74	21	31	22	44	23	72	24	83	25	77	26	55	27	89	28	74	29	90	
	0	33	1	79	2	62	3	81	4	18	5	14	6	50	7	45	8	95	9	20	10	91	11	70	12	39	13	90	14	13	15	19	16	50	17	43	18	73	19	88	20	35	21	63	22	66	23	39	24	95	25	58	26	60	27	23	28	46	29	76	
	0	50	1	27	2	45	3	28	4	32	5	82	6	86	7	95	8	50	9	77	10	49	11	29	12	82	13	85	14	24	15	13	16	34	17	65	18	54	19	54	20	38	21	47	22	49	23	59	24	66	25	60	26	98	27	63	28	65	29	18	
	0	31	1	87	2	55	3	60	4	99	5	40	6	30	7	96	8	17	9	94	10	71	11	31	12	49	13	25	14	77	15	44	16	65	17	69	18	20	19	21	20	87	21	93	22	84	23	82	24	78	25	82	26	19	27	97	28	47	29	87	
	0	86	1	32	2	10	3	25	4	33	5	71	6	96	7	81	8	84	9	36	10	25	11	83	12	83	13	97	14	29	15	76	16	89	17	27	18	70	19	51	20	39	21	24	22	72	23	81	24	92	25	22	26	47	27	98	28	60	29	62	
	0	97	1	38	2	71	3	100	4	83	5	76	6	99	7	29	8	54	9	64	10	26	11	78	12	44	13	72	14	35	15	83	16	78	17	84	18	94	19	22	20	83	21	70	22	58	23	30	24	42	25	95	26	11	27	43	28	36	29	14	
	0	75	1	72	2	13	3	90	4	85	5	46	6	11	7	37	8	54	9	56	10	55	11	70	12	77	13	80	14	98	15	14	16	53	17	30	18	100	19	25	20	28	21	96	22	98	23	62	24	89	25	95	26	60	27	10	28	47	29	86	
	0	85	1	58	2	63	3	98	4	100	5	56	6	39	7	83	8	99	9	58	10	99	11	28	12	55	13	89	14	74	15	90	16	64	17	52	18	59	19	75	20	77	21	56	22	36	23	43	24	100	25	18	26	26	27	36	28	61	29	77	
	0	95	1	11	2	74	3	59	4	47	5	87	6	73	7	55	8	100	9	16	10	61	11	53	12	71	13	74	14	46	15	30	16	69	17	92	18	61	19	91	20	50	21	17	22	47	23	94	24	43	25	31	26	100	27	49	28	64	29	40	
	0	85	1	20	2	23	3	25	4	14	5	92	6	30	7	76	8	32	9	91	10	17	11	24	12	28	13	16	14	42	15	44	16	37	17	48	18	78	19	63	20	55	21	52	22	71	23	82	24	21	25	54	26	51	27	97	28	33	29	11	
	0	17	1	91	2	43	3	84	4	25	5	80	6	52	7	60	8	85	9	22	10	83	11	38	12	47	13	58	14	80	15	94	16	57	17	91	18	14	19	53	20	49	21	16	22	32	23	66	24	41	25	45	26	31	27	90	28	71	29	49	
	0	22	1	22	2	99	3	42	4	36	5	16	6	80	7	63	8	74	9	28	10	57	11	65	12	63	13	78	14	13	15	73	16	65	17	74	18	53	19	100	20	89	21	23	22	67	23	64	24	89	25	24	26	51	27	67	28	44	29	15	
	0	37	1	22	2	34	3	73	4	61	5	79	6	88	7	96	8	16	9	46	10	73	11	24	12	13	13	58	14	41	15	10	16	35	17	25	18	34	19	73	20	49	21	97	22	22	23	16	24	66	25	22	26	18	27	83	28	65	29	49	
	0	23	1	12	2	94	3	99	4	60	5	74	6	36	7	86	8	59	9	12	10	41	11	52	12	59	13	11	14	70	15	34	16	49	17	35	18	67	19	99	20	42	21	39	22	16	23	91	24	79	25	34	26	90	27	78	28	57	29	22	
	0	59	1	44	2	61	3	22	4	35	5	65	6	69	7	35	8	92	9	57	10	67	11	76	12	92	13	58	14	30	15	72	16	46	17	83	18	85	19	77	20	13	21	100	22	61	23	42	24	84	25	63	26	92	27	72	28	75	29	45	
	0	77	1	96	2	27	3	44	4	52	5	26	6	62	7	96	8	100	9	33	10	23	11	31	12	67	13	88	14	19	15	19	16	36	17	91	18	27	19	83	20	38	21	100	22	35	23	23	24	17	25	73	26	25	27	17	28	21	29	47	
	0	42	1	95	2	80	3	13	4	86	5	45	6	62	7	47	8	87	9	94	10	70	11	15	12	75	13	16	14	19	15	92	16	56	17	59	18	11	19	52	20	71	21	53	22	72	23	29	24	35	25	82	26	25	27	85	28	99	29	68	
	0	46	1	55	2	78	3	78	4	21	5	91	6	16	7	41	8	67	9	17	10	70	11	57	12	95	13	89	14	27	15	52	16	46	17	74	18	78	19	91	20	56	21	45	22	85	23	46	24	99	25	55	26	95	27	90	28	37	29	97	
	0	14	1	41	2	70	3	35	4	17	5	43	6	82	7	32	8	48	9	57	10	67	11	57	12	49	13	23	14	76	15	90	16	26	17	66	18	71	19	27	20	73	21	100	22	28	23	35	24	73	25	26	26	92	27	43	28	95	29	66	
	0	57	1	41	2	89	3	98	4	62	5	66	6	81	7	40	8	34	9	29	10	49	11	45	12	81	13	18	14	69	15	21	16	84	17	93	18	76	19	51	20	41	21	58	22	99	23	61	24	44	25	63	26	63	27	91	28	47	29	67	
	0	81	1	49	2	50	3	41	4	96	5	67	6	66	7	20	8	51	9	94	10	51	11	60	12	91	13	69	14	84	15	32	16	99	17	95	18	22	19	32	20	37	21	49	22	94	23	42	24	24	25	33	26	86	27	84	28	82	29	53	
	0	55	1	61	2	53	3	12	4	47	5	11	6	72	7	90	8	81	9	82	10	52	11	31	12	42	13	45	14	52	15	44	16	100	17	75	18	13	19	80	20	63	21	11	22	61	23	18	24	16	25	10	26	37	27	44	28	72	29	49	
	0	63	1	26	2	39	3	98	4	85	5	68	6	52	7	37	8	14	9	21	10	10	11	15	12	88	13	41	14	86	15	60	16	100	17	21	18	38	19	35	20	31	21	54	22	35	23	51	24	48	25	67	26	23	27	21	28	14	29	26	
	0	54	1	90	2	88	3	60	4	50	5	30	6	81	7	61	8	27	9	53	10	42	11	40	12	92	13	84	14	83	15	83	16	74	17	80	18	75	19	97	20	41	21	51	22	38	23	37	24	35	25	18	26	52	27	66	28	39	29	23	
	0	77	1	62	2	53	3	11	4	81	5	71	6	12	7	70	8	25	9	70	10	12	11	56	12	34	13	53	14	68	15	71	16	19	17	92	18	69	19	28	20	45	21	19	22	62	23	20	24	97	25	92	26	94	27	28	28	11	29	61	
	0	22	1	63	2	42	3	29	4	64	5	36	6	44	7	23	8	91	9	64	10	89	11	16	12	54	13	42	14	63	15	26	16	88	17	99	18	67	19	12	20	49	21	22	22	54	23	27	24	29	25	40	26	89	27	28	28	88	29	82	
	0	23	1	20	2	32	3	58	4	39	5	50	6	100	7	94	8	40	9	14	10	85	11	62	12	72	13	93	14	12	15	26	16	12	17	15	18	60	19	51	20	99	21	15	22	72	23	56	24	15	25	81	26	38	27	68	28	77	29	17	
	0	57	1	13	2	33	3	15	4	40	5	40	6	63	7	47	8	14	9	28	10	83	11	42	12	42	13	43	14	36	15	97	16	23	17	29	18	35	19	57	20	32	21	44	22	68	23	66	24	77	25	40	26	23	27	27	28	75	29	25	
	0	91	1	44	2	87	3	53	4	68	5	27	6	62	7	29	8	77	9	44	10	21	11	89	12	44	13	93	14	28	15	91	16	80	17	70	18	68	19	72	20	88	21	50	22	16	23	10	24	100	25	50	26	85	27	64	28	98	29	85	
	0	80	1	81	2	95	3	41	4	90	5	86	6	40	7	18	8	50	9	81	10	82	11	89	12	28	13	40	14	37	15	83	16	65	17	42	18	16	19	84	20	86	21	39	22	18	23	38	24	42	25	34	26	65	27	73	28	60	29	78	
	0	86	1	91	2	86	3	79	4	17	5	18	6	44	7	35	8	38	9	28	10	96	11	49	12	63	13	29	14	95	15	43	16	77	17	73	18	17	19	76	20	43	21	21	22	44	23	82	24	39	25	28	26	22	27	53	28	25	29	66	
	0	75	1	18	2	59	3	32	4	99	5	68	6	55	7	13	8	93	9	42	10	59	11	78	12	36	13	74	14	70	15	49	16	40	17	23	18	32	19	28	20	18	21	25	22	75	23	66	24	14	25	94	26	61	27	73	28	95	29	54	
	0	56	1	48	2	29	3	69	4	13	5	62	6	83	7	85	8	21	9	40	10	47	11	70	12	49	13	63	14	13	15	49	16	45	17	89	18	48	19	50	20	48	21	52	22	96	23	13	24	23	25	88	26	11	27	32	28	74	29	10	
	0	75	1	51	2	96	3	46	4	66	5	34	6	30	7	96	8	60	9	73	10	14	11	53	12	98	13	67	14	35	15	96	16	97	17	62	18	24	19	95	20	14	21	10	22	16	23	85	24	81	25	12	26	98	27	30	28	33	29	16	
	0	36	1	100	2	34	3	88	4	61	5	78	6	71	7	93	8	99	9	90	10	74	11	56	12	92	13	82	14	20	15	24	16	66	17	79	18	65	19	37	20	65	21	42	22	86	23	60	24	76	25	12	26	12	27	77	28	36	29	19	
	0	42	1	98	2	83	3	47	4	98	5	32	6	92	7	48	8	78	9	46	10	32	11	23	12	48	13	65	14	55	15	47	16	30	17	66	18	11	19	46	20	40	21	39	22	19	23	73	24	20	25	69	26	83	27	37	28	74	29	36	
	0	77	1	76	2	10	3	25	4	48	5	38	6	86	7	81	8	48	9	81	10	57	11	96	12	28	13	22	14	96	15	83	16	11	17	36	18	68	19	84	20	20	21	15	22	66	23	50	24	34	25	48	26	51	27	17	28	27	29	74	
	0	29	1	89	2	57	3	25	4	48	5	53	6	47	7	84	8	84	9	58	10	70	11	32	12	89	13	23	14	41	15	45	16	98	17	34	18	35	19	55	20	98	21	73	22	30	23	40	24	23	25	39	26	46	27	73	28	33	29	32	
	0	87	1	30	2	64	3	31	4	45	5	59	6	78	7	100	8	25	9	13	10	21	11	35	12	94	13	46	14	63	15	48	16	24	17	46	18	67	19	49	20	97	21	24	22	43	23	69	24	98	25	69	26	87	27	23	28	88	29	29	
	0	47	1	75	2	52	3	57	4	51	5	40	6	33	7	53	8	10	9	59	10	89	11	43	12	44	13	93	14	81	15	99	16	59	17	10	18	99	19	85	20	13	21	76	22	20	23	35	24	92	25	10	26	47	27	47	28	63	29	66	
	0	30	1	54	2	17	3	25	4	52	5	40	6	88	7	48	8	38	9	95	10	15	11	55	12	76	13	24	14	66	15	20	16	56	17	37	18	73	19	79	20	33	21	34	22	50	23	31	24	56	25	14	26	76	27	41	28	83	29	62	
	0	82	1	62	2	46	3	23	4	30	5	32	6	26	7	17	8	95	9	47	10	17	11	20	12	17	13	16	14	25	15	99	16	10	17	36	18	58	19	75	20	10	21	100	22	45	23	50	24	22	25	33	26	14	27	19	28	71	29	12	
	0	28	1	23	2	73	3	96	4	11	5	35	6	74	7	92	8	64	9	54	10	90	11	28	12	79	13	16	14	94	15	70	16	92	17	64	18	83	19	93	20	31	21	46	22	52	23	81	24	91	25	73	26	79	27	17	28	63	29	87	
	0	65	1	17	2	87	3	64	4	82	5	97	6	72	7	28	8	31	9	85	10	50	11	71	12	42	13	14	14	25	15	36	16	34	17	16	18	26	19	78	20	36	21	35	22	74	23	51	24	92	25	14	26	47	27	22	28	11	29	83	
	0	63	1	32	2	92	3	52	4	48	5	72	6	35	7	18	8	21	9	98	10	89	11	13	12	50	13	100	14	81	15	65	16	75	17	91	18	94	19	92	20	79	21	38	22	40	23	85	24	14	25	36	26	64	27	47	28	17	29	18	
	0	16	1	92	2	60	3	77	4	90	5	53	6	32	7	42	8	10	9	81	10	15	11	72	12	92	13	20	14	88	15	45	16	67	17	98	18	62	19	17	20	99	21	72	22	61	23	42	24	42	25	88	26	75	27	63	28	74	29	29	
	0	25	1	50	2	57	3	51	4	49	5	58	6	52	7	21	8	74	9	41	10	57	11	11	12	19	13	98	14	48	15	81	16	11	17	40	18	79	19	55	20	28	21	61	22	28	23	99	24	96	25	72	26	23	27	22	28	10	29	43	
	0	39	1	36	2	10	3	59	4	38	5	18	6	64	7	99	8	16	9	24	10	27	11	87	12	60	13	46	14	78	15	46	16	80	17	84	18	62	19	61	20	12	21	59	22	34	23	39	24	60	25	30	26	86	27	69	28	45	29	29	
	0	48	1	41	2	90	3	31	4	59	5	64	6	70	7	98	8	11	9	58	10	22	11	67	12	37	13	95	14	16	15	39	16	20	17	19	18	91	19	48	20	31	21	37	22	81	23	29	24	33	25	33	26	55	27	19	28	83	29	96	
	0	18	1	25	2	22	3	14	4	39	5	26	6	66	7	91	8	48	9	88	10	60	11	77	12	84	13	24	14	41	15	21	16	61	17	80	18	74	19	83	20	80	21	53	22	67	23	69	24	68	25	47	26	93	27	71	28	92	29	16	
	0	74	1	12	2	82	3	79	4	83	5	51	6	72	7	23	8	17	9	90	10	50	11	57	12	91	13	38	14	46	15	34	16	36	17	24	18	25	19	90	20	13	21	90	22	44	23	69	24	78	25	38	26	85	27	61	28	99	29	32	
	0	53	1	37	2	68	3	31	4	80	5	17	6	67	7	73	8	32	9	16	10	28	11	53	12	28	13	55	14	72	15	78	16	47	17	66	18	49	19	90	20	40	21	79	22	37	23	82	24	56	25	83	26	89	27	35	28	43	29	21	
	0	85	1	45	2	43	3	88	4	100	5	94	6	49	7	22	8	92	9	63	10	45	11	97	12	58	13	66	14	76	15	12	16	57	17	90	18	86	19	64	20	82	21	28	22	82	23	63	24	13	25	41	26	95	27	69	28	75	29	99	
	0	29	1	86	2	97	3	88	4	84	5	38	6	19	7	76	8	29	9	64	10	79	11	82	12	83	13	13	14	16	15	70	16	24	17	73	18	88	19	45	20	97	21	18	22	100	23	49	24	41	25	62	26	84	27	96	28	64	29	58	
	0	28	1	85	2	39	3	48	4	18	5	94	6	32	7	69	8	80	9	87	10	21	11	18	12	21	13	20	14	59	15	37	16	89	17	31	18	68	19	85	20	30	21	75	22	27	23	40	24	52	25	90	26	14	27	71	28	78	29	90	
	0	98	1	42	2	60	3	27	4	84	5	35	6	28	7	100	8	53	9	65	10	24	11	32	12	91	13	61	14	66	15	99	16	97	17	93	18	24	19	55	20	33	21	70	22	95	23	39	24	34	25	17	26	14	27	85	28	29	29	42	
	0	33	1	95	2	35	3	64	4	12	5	87	6	87	7	59	8	80	9	29	10	95	11	32	12	41	13	66	14	77	15	14	16	75	17	28	18	99	19	68	20	14	21	19	22	94	23	12	24	68	25	15	26	13	27	79	28	78	29	60	
	0	38	1	46	2	57	3	76	4	27	5	98	6	48	7	94	8	89	9	57	10	39	11	27	12	33	13	43	14	28	15	11	16	37	17	22	18	36	19	22	20	56	21	31	22	14	23	41	24	87	25	78	26	71	27	67	28	52	29	40	
	0	26	1	38	2	96	3	91	4	61	5	22	6	14	7	60	8	80	9	20	10	75	11	33	12	77	13	36	14	47	15	67	16	87	17	71	18	11	19	86	20	80	21	52	22	94	23	63	24	22	25	97	26	81	27	54	28	81	29	73	
	0	47	1	86	2	77	3	53	4	52	5	11	6	61	7	14	8	65	9	10	10	86	11	65	12	57	13	53	14	83	15	19	16	84	17	12	18	90	19	29	20	79	21	87	22	92	23	12	24	75	25	22	26	80	27	48	28	20	29	33	
	0	89	1	78	2	60	3	31	4	38	5	74	6	48	7	45	8	89	9	97	10	47	11	51	12	11	13	92	14	27	15	90	16	65	17	95	18	12	19	41	20	26	21	99	22	41	23	42	24	48	25	14	26	94	27	70	28	53	29	29	
	0	30	1	83	2	11	3	54	4	40	5	39	6	89	7	37	8	74	9	65	10	50	11	98	12	16	13	35	14	76	15	93	16	88	17	84	18	42	19	49	20	13	21	93	22	97	23	30	24	81	25	21	26	37	27	24	28	95	29	21	
	0	39	1	44	2	42	3	64	4	67	5	77	6	83	7	10	8	11	9	67	10	24	11	10	12	18	13	11	14	40	15	94	16	60	17	45	18	54	19	22	20	10	21	12	22	54	23	78	24	88	25	39	26	54	27	67	28	55	29	90	
	0	31	1	40	2	64	3	72	4	24	5	30	6	26	7	76	8	43	9	29	10	22	11	22	12	26	13	42	14	38	15	10	16	21	17	31	18	89	19	80	20	64	21	40	22	22	23	18	24	12	25	100	26	83	27	90	28	86	29	63	
	0	68	1	64	2	50	3	10	4	74	5	18	6	18	7	97	8	97	9	70	10	27	11	61	12	89	13	97	14	88	15	25	16	65	17	21	18	43	19	100	20	67	21	11	22	71	23	39	24	69	25	29	26	79	27	47	28	71	29	84	
	0	35	1	96	2	51	3	56	4	30	5	59	6	12	7	27	8	83	9	74	10	54	11	11	12	43	13	19	14	71	15	50	16	62	17	83	18	43	19	41	20	68	21	70	22	70	23	89	24	48	25	61	26	53	27	14	28	43	29	36	
	0	94	1	13	2	72	3	77	4	55	5	78	6	60	7	38	8	65	9	59	10	50	11	30	12	57	13	11	14	14	15	36	16	13	17	75	18	94	19	42	20	62	21	43	22	45	23	30	24	13	25	10	26	15	27	19	28	23	29	81	
	0	99	1	48	2	18	3	79	4	13	5	89	6	78	7	18	8	78	9	99	10	77	11	82	12	26	13	63	14	96	15	58	16	86	17	28	18	46	19	73	20	75	21	38	22	60	23	24	24	64	25	16	26	74	27	58	28	25	29	50	
	0	59	1	44	2	42	3	79	4	31	5	55	6	53	7	95	8	42	9	85	10	66	11	64	12	76	13	41	14	97	15	70	16	79	17	60	18	83	19	58	20	21	21	35	22	32	23	63	24	24	25	47	26	26	27	68	28	71	29	24	
	0	90	1	74	2	38	3	73	4	13	5	48	6	39	7	72	8	76	9	29	10	29	11	95	12	99	13	71	14	20	15	38	16	23	17	39	18	96	19	27	20	43	21	42	22	49	23	43	24	37	25	27	26	35	27	46	28	28	29	80	
	0	85	1	46	2	15	3	86	4	22	5	83	6	51	7	19	8	13	9	15	10	68	11	24	12	38	13	89	14	97	15	60	16	42	17	18	18	88	19	98	20	60	21	51	22	30	23	54	24	14	25	58	26	68	27	16	28	17	29	68	
	0	20	1	63	2	49	3	23	4	33	5	33	6	18	7	70	8	94	9	76	10	52	11	62	12	23	13	95	14	62	15	90	16	39	17	38	18	58	19	30	20	45	21	11	22	82	23	64	24	80	25	23	26	22	27	31	28	74	29	32	
	0	52	1	70	2	80	3	95	4	81	5	58	6	64	7	68	8	71	9	38	10	44	11	84	12	84	13	78	14	34	15	57	16	61	17	17	18	32	19	46	20	77	21	48	22	30	23	23	24	30	25	70	26	94	27	50	28	27	29	63	
	0	81	1	94	2	63	3	81	4	13	5	99	6	22	7	29	8	86	9	88	10	62	11	95	12	58	13	48	14	90	15	93	16	40	17	56	18	57	19	65	20	35	21	65	22	43	23	21	24	98	25	34	26	82	27	20	28	84	29	32	
	0	30	1	57	2	32	3	65	4	45	5	49	6	79	7	21	8	46	9	66	10	54	11	90	12	40	13	74	14	11	15	59	16	16	17	33	18	91	19	19	20	52	21	48	22	73	23	19	24	52	25	83	26	16	27	90	28	87	29	71	
	0	44	1	17	2	11	3	15	4	71	5	71	6	53	7	99	8	48	9	30	10	95	11	72	12	41	13	68	14	12	15	73	16	49	17	87	18	47	19	68	20	86	21	14	22	36	23	23	24	95	25	35	26	53	27	17	28	70	29	17	
	0	18	1	81	2	35	3	28	4	80	5	72	6	96	7	99	8	41	9	86	10	56	11	38	12	92	13	47	14	49	15	17	16	21	17	22	18	86	19	92	20	16	21	81	22	76	23	100	24	52	25	28	26	39	27	50	28	34	29	26	
	0	18	1	87	2	53	3	36	4	95	5	55	6	89	7	86	8	76	9	98	10	42	11	34	12	58	13	95	14	35	15	68	16	18	17	40	18	85	19	17	20	60	21	85	22	55	23	11	24	72	25	24	26	71	27	44	28	95	29	92	
	0	27	1	12	2	59	3	20	4	66	5	82	6	53	7	36	8	48	9	64	10	13	11	10	12	32	13	47	14	10	15	36	16	15	17	24	18	78	19	70	20	31	21	85	22	44	23	31	24	24	25	95	26	99	27	99	28	77	29	63	
	0	17	1	40	2	74	3	26	4	80	5	28	6	33	7	10	8	78	9	59	10	92	11	57	12	91	13	77	14	67	15	63	16	81	17	68	18	71	19	37	20	30	21	47	22	58	23	96	24	22	25	96	26	90	27	50	28	40	29	31	
	0	20	1	91	2	99	3	32	4	65	5	27	6	66	7	57	8	20	9	95	10	48	11	28	12	46	13	79	14	65	15	24	16	65	17	96	18	95	19	26	20	24	21	84	22	88	23	12	24	76	25	67	26	33	27	58	28	62	29	46	
	0	52	1	22	2	26	3	90	4	100	5	86	6	74	7	88	8	93	9	33	10	24	11	37	12	85	13	28	14	10	15	49	16	16	17	39	18	27	19	91	20	17	21	57	22	96	23	29	24	48	25	24	26	98	27	97	28	14	29	80	
	0	44	1	62	2	37	3	42	4	59	5	24	6	27	7	79	8	52	9	12	10	64	11	20	12	54	13	27	14	64	15	100	16	91	17	18	18	15	19	49	20	82	21	84	22	22	23	62	24	11	25	94	26	53	27	29	28	77	29	36	
	0	27	1	26	2	79	3	84	4	36	5	46	6	93	7	75	8	12	9	78	10	53	11	77	12	83	13	26	14	69	15	95	16	32	17	27	18	63	19	97	20	61	21	91	22	41	23	42	24	75	25	15	26	67	27	77	28	71	29	24	
	0	27	1	66	2	84	3	46	4	74	5	98	6	67	7	37	8	33	9	97	10	32	11	14	12	38	13	58	14	92	15	36	16	95	17	88	18	70	19	36	20	67	21	49	22	33	23	24	24	22	25	83	26	58	27	72	28	40	29	43	
	0	91	1	60	2	49	3	16	4	22	5	77	6	61	7	85	8	67	9	87	10	69	11	72	12	86	13	19	14	67	15	55	16	63	17	61	18	88	19	61	20	32	21	69	22	51	23	95	24	74	25	65	26	63	27	93	28	90	29	53	
	0	30	1	35	2	64	3	27	4	53	5	95	6	43	7	39	8	49	9	10	10	35	11	77	12	11	13	53	14	70	15	16	16	67	17	66	18	88	19	96	20	77	21	20	22	37	23	92	24	46	25	19	26	84	27	42	28	13	29	63	
	0	36	1	69	2	21	3	37	4	55	5	62	6	80	7	56	8	81	9	21	10	71	11	31	12	39	13	99	14	30	15	10	16	32	17	17	18	24	19	24	20	52	21	81	22	100	23	71	24	11	25	88	26	52	27	84	28	73	29	14	
	0	65	1	46	2	63	3	53	4	72	5	42	6	77	7	34	8	75	9	95	10	30	11	46	12	100	13	61	14	10	15	44	16	83	17	19	18	36	19	50	20	10	21	83	22	56	23	10	24	92	25	75	26	71	27	24	28	50	29	51	
	0	31	1	16	2	34	3	77	4	92	5	60	6	14	7	69	8	12	9	95	10	21	11	66	12	83	13	45	14	47	15	40	16	75	17	89	18	73	19	83	20	50	21	63	22	83	23	18	24	48	25	90	26	28	27	38	28	36	29	80	
	0	73	1	43	2	19	3	63	4	48	5	45	6	32	7	26	8	49	9	91	10	91	11	31	12	12	13	77	14	44	15	75	16	25	17	46	18	34	19	43	20	53	21	93	22	30	23	13	24	95	25	18	26	23	27	72	28	79	29	42	
	0	52	1	84	2	54	3	79	4	67	5	12	6	91	7	28	8	81	9	65	10	19	11	42	12	74	13	20	14	26	15	18	16	49	17	95	18	97	19	100	20	13	21	12	22	63	23	98	24	56	25	34	26	70	27	93	28	68	29	13	