200 30 1
30
	0	13	1	41	2	95	3	89	4	51	5	10	6	53	7	40	8	87	9	64	10	22	11	92	12	93	13	31	14	80	15	64	16	44	17	69	18	68	19	33	20	77	21	46	22	88	23	58	24	59	25	26	26	63	27	56	28	48	29	16	
	0	22	1	26	2	92	3	44	4	90	5	29	6	58	7	85	8	24	9	77	10	30	11	84	12	72	13	27	14	75	15	10	16	22	17	93	18	40	19	43	20	72	21	57	22	52	23	18	24	72	25	86	26	67	27	85	28	75	29	74	
	0	10	1	45	2	16	3	93	4	65	5	45	6	66	7	98	8	39	9	91	10	73	11	69	12	86	13	68	14	63	15	39	16	100	17	41	18	68	19	94	20	67	21	94	22	90	23	35	24	94	25	36	26	99	27	92	28	88	29	16	
	0	79	1	85	2	40	3	83	4	62	5	57	6	64	7	23	8	93	9	11	10	68	11	70	12	88	13	57	14	81	15	67	16	78	17	74	18	59	19	22	20	32	21	66	22	10	23	56	24	43	25	21	26	48	27	81	28	66	29	53	
	0	84	1	83	2	76	3	13	4	93	5	100	6	47	7	14	8	43	9	82	10	100	11	68	12	90	13	94	14	71	15	99	16	27	17	45	18	67	19	97	20	24	21	28	22	71	23	67	24	100	25	46	26	30	27	58	28	92	29	14	
	0	56	1	61	2	69	3	10	4	36	5	33	6	26	7	14	8	24	9	51	10	84	11	74	12	67	13	52	14	75	15	19	16	74	17	61	18	13	19	78	20	32	21	69	22	80	23	10	24	41	25	69	26	53	27	98	28	58	29	91	
	0	12	1	19	2	77	3	30	4	58	5	32	6	84	7	21	8	68	9	74	10	82	11	11	12	73	13	58	14	70	15	13	16	53	17	27	18	59	19	57	20	93	21	33	22	17	23	48	24	24	25	80	26	40	27	82	28	15	29	69	
	0	80	1	74	2	32	3	43	4	71	5	95	6	62	7	11	8	84	9	58	10	45	11	42	12	76	13	72	14	54	15	80	16	84	17	53	18	27	19	72	20	39	21	20	22	35	23	13	24	66	25	81	26	60	27	43	28	46	29	83	
	0	57	1	45	2	79	3	50	4	61	5	90	6	79	7	92	8	54	9	29	10	100	11	60	12	82	13	71	14	99	15	76	16	32	17	99	18	99	19	10	20	74	21	51	22	42	23	40	24	45	25	44	26	56	27	14	28	19	29	95	
	0	38	1	72	2	74	3	59	4	37	5	15	6	84	7	90	8	94	9	40	10	15	11	60	12	54	13	91	14	64	15	85	16	13	17	39	18	93	19	80	20	78	21	100	22	66	23	89	24	38	25	22	26	41	27	98	28	65	29	97	
	0	53	1	24	2	78	3	92	4	32	5	95	6	78	7	74	8	84	9	65	10	61	11	59	12	39	13	59	14	53	15	98	16	48	17	56	18	67	19	89	20	39	21	79	22	50	23	39	24	47	25	43	26	20	27	97	28	36	29	92	
	0	67	1	92	2	73	3	66	4	38	5	48	6	75	7	85	8	40	9	70	10	43	11	16	12	26	13	18	14	19	15	16	16	35	17	58	18	98	19	35	20	66	21	71	22	70	23	50	24	63	25	69	26	84	27	18	28	85	29	33	
	0	11	1	89	2	89	3	47	4	57	5	85	6	24	7	67	8	93	9	54	10	19	11	47	12	24	13	48	14	36	15	39	16	37	17	26	18	54	19	31	20	99	21	87	22	39	23	52	24	23	25	84	26	90	27	34	28	92	29	53	
	0	68	1	70	2	81	3	20	4	99	5	58	6	67	7	26	8	52	9	32	10	12	11	95	12	59	13	58	14	30	15	51	16	36	17	23	18	62	19	37	20	73	21	54	22	82	23	22	24	100	25	78	26	11	27	96	28	16	29	71	
	0	69	1	79	2	65	3	35	4	72	5	15	6	62	7	36	8	37	9	13	10	82	11	44	12	10	13	28	14	61	15	69	16	89	17	31	18	24	19	13	20	54	21	29	22	47	23	56	24	89	25	45	26	47	27	13	28	62	29	64	
	0	44	1	59	2	71	3	13	4	77	5	49	6	75	7	13	8	90	9	34	10	79	11	71	12	93	13	84	14	22	15	26	16	75	17	22	18	100	19	49	20	16	21	82	22	77	23	74	24	60	25	95	26	58	27	85	28	78	29	24	
	0	69	1	93	2	54	3	81	4	40	5	39	6	17	7	48	8	63	9	27	10	85	11	11	12	75	13	86	14	76	15	40	16	92	17	91	18	71	19	59	20	64	21	83	22	33	23	31	24	27	25	73	26	32	27	54	28	15	29	91	
	0	37	1	50	2	43	3	87	4	90	5	67	6	32	7	58	8	41	9	53	10	73	11	19	12	48	13	13	14	84	15	53	16	89	17	65	18	10	19	88	20	16	21	81	22	76	23	81	24	91	25	83	26	79	27	83	28	64	29	14	
	0	34	1	62	2	78	3	68	4	62	5	62	6	88	7	45	8	73	9	71	10	44	11	10	12	10	13	18	14	94	15	83	16	58	17	15	18	47	19	51	20	91	21	22	22	79	23	84	24	91	25	38	26	19	27	32	28	11	29	46	
	0	59	1	74	2	92	3	60	4	70	5	74	6	17	7	90	8	58	9	79	10	51	11	47	12	59	13	40	14	46	15	31	16	56	17	16	18	97	19	47	20	14	21	56	22	79	23	66	24	31	25	76	26	62	27	60	28	95	29	57	
	0	82	1	27	2	47	3	81	4	16	5	60	6	23	7	21	8	30	9	46	10	95	11	66	12	78	13	22	14	69	15	68	16	28	17	31	18	53	19	90	20	17	21	33	22	92	23	30	24	18	25	59	26	51	27	49	28	14	29	79	
	0	20	1	57	2	86	3	56	4	22	5	50	6	41	7	91	8	64	9	11	10	87	11	86	12	95	13	20	14	83	15	91	16	88	17	17	18	19	19	80	20	56	21	93	22	91	23	45	24	94	25	58	26	41	27	10	28	10	29	45	
	0	81	1	95	2	95	3	72	4	72	5	94	6	16	7	65	8	28	9	42	10	36	11	42	12	82	13	76	14	10	15	28	16	20	17	28	18	47	19	56	20	54	21	33	22	78	23	87	24	96	25	36	26	52	27	76	28	30	29	25	
	0	41	1	72	2	72	3	31	4	74	5	58	6	38	7	94	8	39	9	28	10	24	11	64	12	23	13	100	14	74	15	20	16	92	17	50	18	98	19	52	20	69	21	78	22	45	23	55	24	33	25	86	26	97	27	98	28	11	29	39	
	0	49	1	98	2	95	3	42	4	72	5	83	6	76	7	93	8	38	9	90	10	10	11	45	12	19	13	63	14	48	15	12	16	83	17	66	18	35	19	11	20	13	21	26	22	39	23	90	24	60	25	41	26	16	27	92	28	82	29	71	
	0	83	1	24	2	84	3	72	4	91	5	68	6	69	7	32	8	25	9	45	10	61	11	85	12	78	13	71	14	16	15	44	16	93	17	60	18	76	19	68	20	45	21	86	22	42	23	90	24	58	25	45	26	54	27	36	28	98	29	50	
	0	49	1	30	2	13	3	37	4	87	5	71	6	98	7	23	8	83	9	18	10	52	11	76	12	97	13	83	14	79	15	12	16	39	17	76	18	58	19	93	20	75	21	89	22	70	23	14	24	39	25	50	26	17	27	50	28	72	29	49	
	0	60	1	18	2	42	3	84	4	90	5	21	6	84	7	74	8	93	9	67	10	32	11	15	12	93	13	71	14	30	15	87	16	54	17	14	18	59	19	35	20	43	21	66	22	84	23	89	24	46	25	32	26	84	27	10	28	83	29	28	
	0	73	1	25	2	59	3	70	4	63	5	63	6	92	7	20	8	82	9	18	10	49	11	69	12	60	13	66	14	17	15	43	16	89	17	41	18	19	19	88	20	86	21	43	22	75	23	74	24	29	25	81	26	33	27	14	28	35	29	63	
	0	41	1	21	2	57	3	89	4	22	5	90	6	90	7	48	8	63	9	56	10	46	11	86	12	27	13	57	14	52	15	19	16	79	17	92	18	61	19	28	20	81	21	50	22	96	23	27	24	70	25	63	26	95	27	48	28	16	29	53	
	0	60	1	95	2	22	3	79	4	54	5	74	6	46	7	76	8	36	9	90	10	22	11	21	12	57	13	62	14	70	15	35	16	11	17	67	18	48	19	62	20	83	21	71	22	21	23	66	24	12	25	98	26	38	27	17	28	16	29	60	
	0	56	1	62	2	76	3	42	4	63	5	75	6	93	7	47	8	26	9	72	10	57	11	93	12	30	13	52	14	29	15	16	16	93	17	77	18	83	19	34	20	34	21	96	22	58	23	56	24	88	25	100	26	87	27	39	28	36	29	15	
	0	52	1	64	2	34	3	36	4	22	5	44	6	87	7	62	8	23	9	63	10	34	11	89	12	24	13	82	14	32	15	57	16	13	17	21	18	42	19	67	20	38	21	52	22	62	23	33	24	78	25	27	26	88	27	89	28	40	29	14	
	0	10	1	62	2	49	3	86	4	62	5	45	6	52	7	59	8	48	9	32	10	64	11	87	12	90	13	41	14	53	15	76	16	96	17	23	18	35	19	29	20	56	21	85	22	13	23	82	24	71	25	57	26	14	27	69	28	49	29	75	
	0	21	1	47	2	11	3	65	4	90	5	14	6	27	7	89	8	36	9	77	10	81	11	85	12	84	13	86	14	22	15	22	16	30	17	12	18	63	19	14	20	44	21	29	22	16	23	76	24	94	25	83	26	98	27	55	28	40	29	83	
	0	52	1	72	2	40	3	80	4	68	5	42	6	76	7	39	8	35	9	98	10	78	11	81	12	43	13	30	14	79	15	65	16	78	17	59	18	65	19	60	20	75	21	46	22	99	23	57	24	14	25	48	26	100	27	67	28	22	29	76	
	0	12	1	34	2	32	3	77	4	18	5	32	6	68	7	89	8	10	9	83	10	91	11	30	12	30	13	56	14	30	15	15	16	87	17	27	18	34	19	50	20	30	21	76	22	47	23	18	24	58	25	48	26	74	27	18	28	31	29	53	
	0	77	1	91	2	37	3	10	4	94	5	65	6	53	7	74	8	66	9	35	10	82	11	59	12	80	13	10	14	15	15	59	16	47	17	80	18	45	19	35	20	34	21	83	22	75	23	62	24	15	25	53	26	30	27	69	28	60	29	66	
	0	98	1	15	2	87	3	14	4	100	5	76	6	14	7	30	8	25	9	84	10	97	11	24	12	99	13	23	14	18	15	22	16	70	17	54	18	18	19	100	20	19	21	23	22	27	23	91	24	62	25	90	26	90	27	75	28	26	29	93	
	0	90	1	42	2	10	3	58	4	75	5	95	6	63	7	45	8	22	9	49	10	52	11	32	12	12	13	90	14	81	15	98	16	87	17	85	18	58	19	13	20	37	21	43	22	61	23	66	24	75	25	64	26	71	27	68	28	17	29	24	
	0	97	1	64	2	90	3	38	4	60	5	95	6	55	7	81	8	24	9	96	10	44	11	42	12	91	13	38	14	70	15	53	16	86	17	30	18	50	19	14	20	83	21	93	22	94	23	94	24	32	25	31	26	92	27	72	28	42	29	32	
	0	12	1	13	2	34	3	28	4	40	5	93	6	51	7	11	8	94	9	10	10	90	11	68	12	60	13	51	14	57	15	39	16	61	17	59	18	59	19	81	20	68	21	25	22	41	23	20	24	67	25	85	26	88	27	32	28	79	29	28	
	0	30	1	64	2	38	3	57	4	12	5	21	6	64	7	70	8	93	9	50	10	87	11	98	12	59	13	12	14	62	15	74	16	32	17	83	18	52	19	48	20	65	21	43	22	94	23	28	24	23	25	60	26	32	27	84	28	96	29	32	
	0	42	1	43	2	23	3	68	4	47	5	54	6	70	7	39	8	61	9	85	10	78	11	57	12	54	13	88	14	14	15	84	16	42	17	21	18	86	19	92	20	35	21	65	22	48	23	94	24	86	25	60	26	77	27	90	28	26	29	84	
	0	12	1	27	2	55	3	100	4	75	5	39	6	39	7	54	8	24	9	82	10	53	11	36	12	78	13	30	14	71	15	15	16	76	17	98	18	24	19	59	20	49	21	95	22	47	23	91	24	21	25	15	26	37	27	41	28	78	29	51	
	0	63	1	86	2	31	3	90	4	70	5	68	6	57	7	12	8	10	9	97	10	80	11	71	12	22	13	73	14	31	15	16	16	46	17	23	18	20	19	57	20	94	21	32	22	76	23	63	24	14	25	14	26	26	27	34	28	77	29	20	
	0	48	1	15	2	98	3	71	4	11	5	30	6	45	7	76	8	19	9	44	10	98	11	43	12	60	13	43	14	76	15	36	16	92	17	61	18	13	19	83	20	23	21	51	22	37	23	76	24	69	25	88	26	40	27	38	28	16	29	39	
	0	85	1	99	2	62	3	18	4	98	5	57	6	12	7	26	8	98	9	74	10	51	11	13	12	60	13	12	14	85	15	22	16	91	17	27	18	19	19	79	20	76	21	76	22	52	23	81	24	29	25	89	26	65	27	87	28	91	29	31	
	0	11	1	65	2	27	3	88	4	22	5	95	6	31	7	70	8	44	9	88	10	14	11	81	12	23	13	59	14	60	15	62	16	26	17	34	18	10	19	91	20	78	21	95	22	62	23	29	24	92	25	49	26	92	27	34	28	67	29	72	
	0	72	1	49	2	53	3	59	4	68	5	97	6	71	7	21	8	85	9	100	10	61	11	69	12	85	13	63	14	69	15	82	16	79	17	51	18	62	19	59	20	16	21	79	22	77	23	19	24	39	25	99	26	94	27	56	28	35	29	35	
	0	69	1	90	2	10	3	62	4	71	5	85	6	45	7	70	8	97	9	31	10	12	11	33	12	25	13	92	14	81	15	75	16	20	17	62	18	79	19	20	20	32	21	52	22	70	23	13	24	41	25	85	26	14	27	71	28	60	29	98	
	0	23	1	42	2	86	3	72	4	68	5	16	6	86	7	32	8	81	9	91	10	15	11	26	12	47	13	76	14	37	15	61	16	78	17	92	18	85	19	41	20	81	21	45	22	97	23	43	24	50	25	65	26	31	27	66	28	49	29	27	
	0	45	1	28	2	21	3	92	4	32	5	26	6	71	7	96	8	41	9	52	10	51	11	97	12	76	13	73	14	35	15	77	16	22	17	75	18	77	19	25	20	34	21	31	22	73	23	89	24	96	25	19	26	61	27	30	28	41	29	97	
	0	73	1	56	2	64	3	29	4	75	5	30	6	39	7	51	8	19	9	76	10	99	11	97	12	15	13	65	14	71	15	91	16	25	17	39	18	26	19	26	20	34	21	83	22	65	23	57	24	67	25	25	26	13	27	34	28	44	29	47	
	0	34	1	94	2	11	3	72	4	50	5	46	6	100	7	46	8	60	9	89	10	63	11	28	12	46	13	56	14	40	15	55	16	23	17	75	18	14	19	41	20	48	21	44	22	40	23	85	24	69	25	77	26	96	27	35	28	41	29	16	
	0	24	1	18	2	99	3	72	4	96	5	81	6	64	7	68	8	67	9	11	10	93	11	85	12	71	13	24	14	28	15	21	16	24	17	11	18	48	19	87	20	51	21	86	22	44	23	28	24	29	25	63	26	69	27	25	28	29	29	30	
	0	44	1	50	2	82	3	94	4	73	5	94	6	66	7	68	8	40	9	87	10	49	11	60	12	91	13	28	14	48	15	24	16	72	17	22	18	81	19	88	20	80	21	70	22	80	23	81	24	33	25	25	26	38	27	56	28	21	29	38	
	0	57	1	76	2	75	3	69	4	64	5	58	6	96	7	29	8	47	9	51	10	64	11	30	12	97	13	31	14	66	15	73	16	92	17	29	18	73	19	82	20	66	21	76	22	95	23	52	24	92	25	76	26	65	27	70	28	33	29	18	
	0	56	1	12	2	16	3	46	4	88	5	79	6	82	7	10	8	97	9	12	10	39	11	32	12	68	13	86	14	61	15	81	16	61	17	76	18	18	19	81	20	57	21	30	22	14	23	98	24	55	25	52	26	81	27	36	28	54	29	80	
	0	51	1	37	2	15	3	19	4	49	5	35	6	45	7	92	8	82	9	77	10	34	11	99	12	94	13	10	14	71	15	41	16	21	17	16	18	86	19	53	20	87	21	88	22	25	23	59	24	71	25	48	26	77	27	16	28	36	29	62	
	0	55	1	87	2	18	3	55	4	48	5	53	6	18	7	51	8	67	9	74	10	57	11	42	12	79	13	73	14	68	15	46	16	42	17	20	18	30	19	44	20	61	21	25	22	85	23	52	24	90	25	34	26	38	27	95	28	16	29	62	
	0	11	1	63	2	81	3	86	4	41	5	98	6	46	7	34	8	17	9	10	10	45	11	44	12	21	13	72	14	46	15	26	16	15	17	15	18	57	19	63	20	83	21	77	22	70	23	27	24	63	25	33	26	22	27	82	28	51	29	40	
	0	85	1	35	2	92	3	42	4	21	5	60	6	36	7	97	8	65	9	77	10	20	11	48	12	77	13	19	14	64	15	62	16	44	17	35	18	72	19	30	20	88	21	12	22	34	23	52	24	88	25	17	26	93	27	58	28	58	29	18	
	0	93	1	100	2	29	3	13	4	51	5	77	6	83	7	41	8	27	9	54	10	54	11	98	12	61	13	46	14	37	15	74	16	87	17	47	18	93	19	100	20	84	21	87	22	88	23	69	24	51	25	78	26	52	27	68	28	50	29	43	
	0	91	1	29	2	11	3	21	4	37	5	60	6	71	7	71	8	47	9	15	10	60	11	22	12	52	13	75	14	60	15	76	16	47	17	20	18	29	19	18	20	68	21	58	22	98	23	11	24	15	25	13	26	57	27	97	28	53	29	41	
	0	50	1	81	2	50	3	91	4	50	5	71	6	86	7	50	8	45	9	75	10	36	11	11	12	70	13	47	14	53	15	62	16	78	17	11	18	95	19	61	20	59	21	49	22	15	23	27	24	18	25	47	26	73	27	66	28	75	29	32	
	0	11	1	84	2	51	3	25	4	18	5	32	6	63	7	34	8	47	9	18	10	15	11	28	12	93	13	54	14	73	15	19	16	58	17	38	18	97	19	68	20	84	21	13	22	27	23	16	24	93	25	23	26	56	27	91	28	44	29	78	
	0	20	1	54	2	10	3	12	4	29	5	60	6	54	7	43	8	53	9	68	10	57	11	30	12	72	13	64	14	30	15	46	16	31	17	78	18	80	19	59	20	40	21	96	22	65	23	17	24	93	25	56	26	37	27	43	28	85	29	22	
	0	74	1	97	2	57	3	93	4	79	5	59	6	91	7	25	8	100	9	72	10	17	11	87	12	79	13	74	14	34	15	74	16	73	17	75	18	11	19	47	20	22	21	56	22	19	23	80	24	64	25	36	26	77	27	47	28	30	29	73	
	0	52	1	49	2	90	3	15	4	23	5	43	6	67	7	39	8	77	9	92	10	23	11	13	12	65	13	10	14	46	15	34	16	60	17	15	18	60	19	64	20	94	21	44	22	67	23	71	24	61	25	67	26	38	27	15	28	14	29	64	
	0	85	1	24	2	82	3	14	4	25	5	68	6	33	7	75	8	29	9	81	10	62	11	38	12	41	13	77	14	57	15	84	16	29	17	63	18	85	19	84	20	32	21	25	22	37	23	87	24	57	25	67	26	64	27	59	28	62	29	85	
	0	56	1	28	2	93	3	39	4	85	5	64	6	27	7	95	8	23	9	49	10	23	11	95	12	70	13	45	14	36	15	82	16	12	17	66	18	54	19	33	20	79	21	46	22	28	23	100	24	23	25	66	26	34	27	67	28	100	29	99	
	0	95	1	26	2	15	3	15	4	99	5	44	6	70	7	48	8	100	9	76	10	56	11	41	12	74	13	85	14	58	15	99	16	97	17	97	18	79	19	20	20	62	21	36	22	43	23	79	24	28	25	91	26	62	27	50	28	99	29	95	
	0	59	1	45	2	96	3	54	4	65	5	30	6	33	7	63	8	36	9	20	10	98	11	70	12	96	13	98	14	84	15	55	16	34	17	29	18	43	19	54	20	73	21	32	22	61	23	51	24	90	25	45	26	89	27	95	28	74	29	98	
	0	54	1	98	2	59	3	35	4	20	5	90	6	52	7	43	8	54	9	81	10	29	11	13	12	47	13	98	14	35	15	50	16	42	17	12	18	31	19	84	20	92	21	45	22	92	23	45	24	29	25	62	26	63	27	70	28	32	29	12	
	0	62	1	59	2	66	3	97	4	86	5	63	6	37	7	29	8	21	9	54	10	14	11	14	12	70	13	70	14	30	15	93	16	80	17	82	18	98	19	87	20	80	21	62	22	22	23	54	24	48	25	88	26	23	27	78	28	64	29	100	
	0	96	1	81	2	99	3	64	4	80	5	80	6	21	7	51	8	18	9	13	10	20	11	26	12	21	13	52	14	83	15	16	16	74	17	13	18	60	19	80	20	30	21	40	22	73	23	87	24	91	25	36	26	48	27	52	28	36	29	96	
	0	47	1	27	2	73	3	43	4	11	5	52	6	72	7	47	8	20	9	21	10	40	11	11	12	86	13	85	14	56	15	65	16	70	17	100	18	46	19	20	20	60	21	74	22	76	23	100	24	98	25	85	26	75	27	84	28	20	29	71	
	0	86	1	70	2	15	3	18	4	33	5	45	6	50	7	19	8	14	9	48	10	11	11	12	12	82	13	44	14	88	15	94	16	57	17	96	18	68	19	82	20	26	21	89	22	95	23	39	24	50	25	79	26	17	27	98	28	18	29	23	
	0	40	1	94	2	46	3	44	4	52	5	85	6	14	7	42	8	58	9	19	10	81	11	100	12	56	13	48	14	59	15	86	16	96	17	39	18	39	19	62	20	97	21	45	22	62	23	60	24	52	25	53	26	71	27	31	28	83	29	40	
	0	66	1	89	2	24	3	33	4	90	5	60	6	88	7	39	8	49	9	59	10	37	11	63	12	77	13	55	14	61	15	78	16	93	17	32	18	86	19	15	20	51	21	34	22	54	23	49	24	100	25	47	26	16	27	41	28	55	29	40	
	0	32	1	44	2	40	3	28	4	67	5	54	6	24	7	16	8	55	9	81	10	23	11	94	12	69	13	31	14	71	15	50	16	81	17	19	18	50	19	81	20	79	21	86	22	74	23	24	24	95	25	50	26	24	27	56	28	86	29	23	
	0	41	1	71	2	18	3	12	4	20	5	99	6	61	7	100	8	96	9	75	10	59	11	38	12	44	13	76	14	74	15	74	16	60	17	20	18	57	19	26	20	69	21	19	22	80	23	53	24	10	25	22	26	23	27	96	28	28	29	31	
	0	61	1	86	2	99	3	20	4	33	5	60	6	83	7	58	8	41	9	60	10	22	11	100	12	79	13	90	14	82	15	45	16	52	17	56	18	34	19	29	20	93	21	64	22	100	23	43	24	95	25	61	26	63	27	78	28	66	29	94	
	0	13	1	54	2	58	3	27	4	95	5	48	6	51	7	63	8	23	9	32	10	19	11	84	12	46	13	55	14	87	15	45	16	56	17	89	18	25	19	44	20	47	21	29	22	60	23	51	24	23	25	67	26	25	27	36	28	24	29	44	
	0	45	1	63	2	61	3	80	4	35	5	12	6	67	7	68	8	54	9	63	10	91	11	45	12	52	13	76	14	74	15	55	16	22	17	94	18	65	19	46	20	71	21	51	22	15	23	86	24	25	25	89	26	88	27	97	28	81	29	41	
	0	29	1	45	2	23	3	27	4	89	5	94	6	23	7	54	8	94	9	62	10	92	11	31	12	32	13	86	14	71	15	65	16	48	17	34	18	93	19	56	20	25	21	41	22	27	23	64	24	51	25	18	26	41	27	81	28	95	29	55	
	0	99	1	21	2	86	3	63	4	94	5	60	6	47	7	17	8	49	9	43	10	95	11	17	12	76	13	94	14	66	15	35	16	17	17	67	18	21	19	78	20	28	21	65	22	43	23	25	24	29	25	13	26	12	27	37	28	27	29	36	
	0	42	1	100	2	17	3	48	4	41	5	42	6	59	7	74	8	97	9	87	10	95	11	77	12	36	13	80	14	68	15	35	16	35	17	17	18	81	19	62	20	93	21	13	22	13	23	40	24	22	25	71	26	83	27	12	28	45	29	97	
	0	47	1	90	2	18	3	43	4	85	5	49	6	99	7	27	8	74	9	54	10	46	11	93	12	58	13	36	14	22	15	20	16	18	17	20	18	86	19	69	20	89	21	88	22	90	23	65	24	54	25	36	26	18	27	50	28	73	29	15	
	0	29	1	18	2	74	3	48	4	87	5	73	6	55	7	32	8	31	9	69	10	93	11	69	12	98	13	13	14	18	15	30	16	98	17	70	18	64	19	79	20	54	21	17	22	30	23	47	24	80	25	59	26	25	27	81	28	39	29	49	
	0	41	1	76	2	39	3	78	4	67	5	100	6	17	7	46	8	45	9	34	10	72	11	19	12	44	13	84	14	14	15	13	16	83	17	25	18	34	19	81	20	61	21	15	22	100	23	51	24	54	25	12	26	66	27	13	28	87	29	46	
	0	99	1	91	2	45	3	19	4	33	5	92	6	83	7	34	8	62	9	23	10	46	11	91	12	77	13	24	14	28	15	73	16	90	17	25	18	77	19	68	20	16	21	38	22	23	23	51	24	96	25	72	26	46	27	24	28	71	29	26	
	0	82	1	14	2	34	3	86	4	83	5	81	6	49	7	65	8	34	9	65	10	37	11	55	12	97	13	92	14	51	15	13	16	27	17	55	18	47	19	45	20	82	21	75	22	39	23	78	24	29	25	94	26	66	27	60	28	94	29	96	
	0	86	1	86	2	44	3	82	4	27	5	25	6	30	7	70	8	77	9	97	10	18	11	73	12	40	13	81	14	34	15	27	16	76	17	47	18	45	19	37	20	59	21	55	22	62	23	47	24	61	25	65	26	34	27	79	28	37	29	34	
	0	23	1	88	2	52	3	25	4	36	5	49	6	27	7	43	8	63	9	65	10	89	11	46	12	92	13	100	14	68	15	21	16	32	17	74	18	24	19	69	20	68	21	26	22	38	23	87	24	40	25	88	26	61	27	100	28	16	29	85	
	0	43	1	97	2	18	3	56	4	56	5	78	6	91	7	61	8	60	9	25	10	62	11	89	12	62	13	70	14	34	15	84	16	27	17	95	18	29	19	47	20	16	21	35	22	75	23	47	24	29	25	89	26	38	27	80	28	65	29	67	
	0	64	1	20	2	19	3	58	4	43	5	94	6	26	7	77	8	19	9	15	10	21	11	81	12	77	13	87	14	45	15	15	16	82	17	85	18	69	19	40	20	93	21	12	22	100	23	29	24	38	25	60	26	72	27	81	28	49	29	34	
	0	95	1	96	2	100	3	35	4	67	5	40	6	28	7	21	8	72	9	76	10	79	11	25	12	99	13	86	14	46	15	43	16	69	17	75	18	13	19	22	20	92	21	82	22	99	23	59	24	37	25	23	26	57	27	30	28	79	29	79	
	0	84	1	87	2	43	3	50	4	60	5	18	6	76	7	44	8	24	9	32	10	32	11	57	12	71	13	53	14	64	15	95	16	41	17	80	18	91	19	52	20	97	21	64	22	15	23	26	24	88	25	30	26	61	27	25	28	58	29	62	
	0	47	1	87	2	54	3	70	4	97	5	60	6	74	7	60	8	52	9	98	10	35	11	82	12	27	13	34	14	54	15	74	16	70	17	94	18	59	19	47	20	96	21	26	22	74	23	40	24	75	25	90	26	55	27	70	28	62	29	45	
	0	88	1	29	2	95	3	23	4	74	5	47	6	27	7	83	8	79	9	90	10	72	11	36	12	15	13	22	14	57	15	94	16	16	17	59	18	52	19	72	20	78	21	54	22	45	23	30	24	41	25	20	26	28	27	52	28	36	29	30	
	0	78	1	80	2	22	3	15	4	66	5	52	6	48	7	20	8	47	9	70	10	75	11	52	12	16	13	98	14	15	15	100	16	92	17	71	18	67	19	92	20	56	21	47	22	60	23	45	24	74	25	33	26	64	27	67	28	54	29	93	
	0	27	1	18	2	100	3	13	4	31	5	84	6	29	7	66	8	24	9	28	10	62	11	74	12	10	13	68	14	90	15	14	16	26	17	89	18	61	19	10	20	61	21	12	22	40	23	92	24	49	25	29	26	15	27	36	28	13	29	91	
	0	15	1	21	2	44	3	52	4	73	5	94	6	49	7	16	8	17	9	18	10	64	11	30	12	20	13	63	14	68	15	44	16	55	17	38	18	93	19	68	20	49	21	49	22	38	23	46	24	56	25	34	26	90	27	77	28	78	29	85	
	0	89	1	11	2	61	3	100	4	81	5	52	6	14	7	19	8	82	9	73	10	85	11	13	12	26	13	72	14	85	15	18	16	34	17	23	18	41	19	28	20	93	21	47	22	21	23	70	24	14	25	80	26	68	27	28	28	32	29	13	
	0	48	1	32	2	100	3	76	4	11	5	82	6	41	7	20	8	73	9	92	10	92	11	16	12	54	13	12	14	64	15	56	16	75	17	30	18	90	19	58	20	80	21	75	22	62	23	92	24	69	25	60	26	63	27	96	28	12	29	43	
	0	49	1	99	2	12	3	43	4	55	5	52	6	31	7	38	8	29	9	66	10	69	11	66	12	38	13	61	14	37	15	16	16	38	17	46	18	92	19	65	20	46	21	48	22	66	23	75	24	24	25	61	26	95	27	41	28	34	29	83	
	0	49	1	12	2	53	3	85	4	13	5	97	6	91	7	19	8	24	9	92	10	68	11	79	12	62	13	58	14	84	15	69	16	85	17	45	18	11	19	91	20	10	21	53	22	84	23	25	24	18	25	91	26	74	27	68	28	86	29	40	
	0	17	1	67	2	56	3	33	4	48	5	76	6	67	7	23	8	66	9	82	10	90	11	35	12	54	13	98	14	22	15	65	16	33	17	25	18	97	19	61	20	90	21	12	22	84	23	79	24	37	25	33	26	15	27	57	28	94	29	11	
	0	99	1	18	2	96	3	62	4	53	5	44	6	30	7	23	8	90	9	33	10	42	11	98	12	75	13	28	14	31	15	22	16	17	17	78	18	13	19	71	20	65	21	99	22	89	23	99	24	39	25	92	26	44	27	89	28	92	29	46	
	0	52	1	97	2	25	3	38	4	73	5	20	6	89	7	88	8	85	9	84	10	29	11	73	12	30	13	69	14	25	15	60	16	85	17	14	18	37	19	82	20	38	21	26	22	99	23	49	24	78	25	71	26	59	27	95	28	31	29	62	
	0	96	1	35	2	89	3	70	4	87	5	86	6	95	7	58	8	29	9	97	10	83	11	67	12	77	13	48	14	77	15	12	16	40	17	56	18	60	19	48	20	35	21	40	22	61	23	62	24	25	25	32	26	26	27	19	28	88	29	32	
	0	37	1	71	2	58	3	30	4	70	5	91	6	95	7	95	8	89	9	13	10	86	11	56	12	29	13	15	14	95	15	12	16	68	17	40	18	87	19	85	20	61	21	61	22	43	23	25	24	80	25	90	26	80	27	48	28	28	29	100	
	0	93	1	19	2	61	3	12	4	89	5	66	6	30	7	15	8	46	9	37	10	45	11	44	12	21	13	57	14	24	15	49	16	40	17	10	18	50	19	79	20	20	21	56	22	11	23	80	24	91	25	98	26	50	27	67	28	42	29	22	
	0	48	1	48	2	94	3	77	4	57	5	18	6	30	7	12	8	64	9	92	10	41	11	21	12	87	13	79	14	21	15	97	16	64	17	50	18	60	19	73	20	21	21	18	22	18	23	24	24	72	25	24	26	18	27	97	28	74	29	96	
	0	80	1	29	2	20	3	47	4	92	5	39	6	72	7	71	8	61	9	46	10	79	11	91	12	12	13	60	14	34	15	84	16	64	17	70	18	61	19	16	20	28	21	96	22	61	23	32	24	34	25	35	26	24	27	91	28	48	29	48	
	0	76	1	55	2	96	3	44	4	49	5	73	6	24	7	62	8	28	9	36	10	31	11	19	12	92	13	49	14	11	15	17	16	49	17	42	18	13	19	40	20	47	21	78	22	73	23	36	24	60	25	25	26	59	27	92	28	46	29	16	
	0	34	1	30	2	53	3	54	4	56	5	67	6	71	7	75	8	75	9	79	10	78	11	17	12	91	13	89	14	73	15	59	16	57	17	19	18	26	19	62	20	79	21	75	22	83	23	23	24	19	25	11	26	79	27	76	28	69	29	58	
	0	68	1	14	2	60	3	78	4	28	5	10	6	50	7	95	8	76	9	21	10	52	11	92	12	14	13	13	14	97	15	81	16	73	17	76	18	91	19	15	20	18	21	43	22	20	23	10	24	71	25	57	26	10	27	58	28	63	29	18	
	0	64	1	53	2	89	3	97	4	56	5	50	6	100	7	88	8	16	9	32	10	70	11	83	12	31	13	73	14	34	15	90	16	53	17	29	18	77	19	83	20	57	21	18	22	28	23	37	24	75	25	37	26	44	27	44	28	28	29	93	
	0	85	1	15	2	33	3	85	4	100	5	37	6	82	7	100	8	81	9	12	10	26	11	76	12	27	13	21	14	62	15	81	16	61	17	100	18	63	19	39	20	73	21	54	22	68	23	49	24	55	25	52	26	19	27	13	28	31	29	22	
	0	60	1	75	2	18	3	27	4	43	5	30	6	90	7	99	8	81	9	94	10	42	11	13	12	74	13	52	14	36	15	26	16	48	17	29	18	38	19	65	20	84	21	26	22	50	23	12	24	76	25	18	26	13	27	42	28	85	29	35	
	0	84	1	61	2	30	3	67	4	58	5	45	6	37	7	24	8	83	9	37	10	79	11	66	12	57	13	72	14	28	15	93	16	28	17	63	18	88	19	38	20	14	21	20	22	89	23	55	24	74	25	78	26	90	27	44	28	37	29	18	
	0	50	1	13	2	72	3	90	4	35	5	22	6	76	7	95	8	44	9	58	10	82	11	67	12	34	13	74	14	82	15	42	16	98	17	75	18	19	19	39	20	99	21	38	22	49	23	56	24	93	25	82	26	83	27	31	28	74	29	10	
	0	36	1	71	2	30	3	76	4	84	5	37	6	33	7	95	8	29	9	80	10	84	11	16	12	100	13	100	14	37	15	98	16	79	17	50	18	38	19	66	20	15	21	89	22	79	23	13	24	92	25	15	26	35	27	39	28	68	29	55	
	0	33	1	54	2	39	3	12	4	25	5	47	6	68	7	61	8	22	9	66	10	93	11	85	12	97	13	74	14	23	15	58	16	67	17	57	18	30	19	93	20	15	21	60	22	50	23	82	24	25	25	75	26	78	27	92	28	58	29	13	
	0	59	1	50	2	34	3	26	4	77	5	74	6	74	7	37	8	22	9	90	10	67	11	96	12	72	13	92	14	13	15	72	16	64	17	17	18	79	19	45	20	66	21	93	22	66	23	90	24	63	25	64	26	27	27	29	28	60	29	43	
	0	73	1	54	2	69	3	83	4	61	5	13	6	20	7	73	8	18	9	22	10	63	11	63	12	76	13	23	14	92	15	10	16	93	17	48	18	97	19	30	20	83	21	57	22	12	23	35	24	10	25	58	26	43	27	17	28	56	29	70	
	0	10	1	39	2	79	3	16	4	55	5	54	6	70	7	63	8	97	9	76	10	80	11	50	12	40	13	55	14	20	15	96	16	75	17	24	18	30	19	62	20	46	21	71	22	23	23	25	24	49	25	35	26	92	27	14	28	58	29	41	
	0	21	1	38	2	42	3	87	4	56	5	95	6	92	7	80	8	23	9	46	10	27	11	57	12	98	13	62	14	53	15	44	16	31	17	47	18	69	19	47	20	34	21	91	22	23	23	79	24	49	25	45	26	81	27	98	28	75	29	75	
	0	28	1	39	2	70	3	52	4	21	5	75	6	39	7	31	8	38	9	80	10	73	11	84	12	66	13	52	14	26	15	90	16	50	17	30	18	39	19	34	20	15	21	96	22	34	23	72	24	13	25	27	26	86	27	64	28	73	29	14	
	0	70	1	88	2	27	3	36	4	15	5	62	6	32	7	57	8	18	9	19	10	83	11	97	12	18	13	25	14	53	15	90	16	69	17	72	18	32	19	94	20	64	21	97	22	49	23	96	24	52	25	90	26	46	27	54	28	92	29	23	
	0	60	1	30	2	76	3	79	4	12	5	41	6	56	7	77	8	43	9	39	10	68	11	39	12	16	13	52	14	76	15	49	16	15	17	96	18	67	19	78	20	23	21	25	22	43	23	24	24	100	25	88	26	40	27	33	28	36	29	27	
	0	26	1	95	2	57	3	88	4	21	5	59	6	55	7	72	8	27	9	11	10	78	11	21	12	53	13	89	14	15	15	98	16	24	17	94	18	75	19	20	20	54	21	96	22	95	23	86	24	47	25	17	26	56	27	73	28	27	29	37	
	0	70	1	74	2	74	3	27	4	83	5	15	6	37	7	22	8	36	9	14	10	36	11	53	12	100	13	81	14	92	15	77	16	91	17	17	18	96	19	81	20	91	21	85	22	42	23	19	24	26	25	38	26	93	27	49	28	74	29	80	
	0	25	1	74	2	60	3	37	4	81	5	71	6	63	7	36	8	90	9	63	10	90	11	40	12	99	13	72	14	26	15	89	16	46	17	10	18	43	19	90	20	73	21	99	22	77	23	14	24	47	25	36	26	20	27	54	28	54	29	11	
	0	56	1	28	2	49	3	20	4	37	5	93	6	43	7	79	8	41	9	53	10	32	11	60	12	98	13	60	14	44	15	28	16	76	17	89	18	45	19	13	20	38	21	13	22	35	23	36	24	10	25	16	26	27	27	68	28	65	29	96	
	0	88	1	85	2	70	3	31	4	89	5	12	6	19	7	45	8	17	9	39	10	56	11	48	12	43	13	91	14	70	15	48	16	57	17	44	18	94	19	98	20	18	21	62	22	33	23	35	24	81	25	34	26	82	27	90	28	87	29	75	
	0	11	1	73	2	73	3	18	4	71	5	64	6	14	7	71	8	41	9	52	10	35	11	73	12	66	13	29	14	64	15	29	16	59	17	72	18	22	19	37	20	75	21	25	22	99	23	10	24	56	25	22	26	54	27	44	28	78	29	16	
	0	50	1	51	2	22	3	90	4	83	5	89	6	99	7	50	8	54	9	61	10	81	11	100	12	73	13	23	14	22	15	48	16	76	17	24	18	94	19	49	20	57	21	97	22	72	23	65	24	100	25	34	26	68	27	77	28	18	29	70	
	0	98	1	85	2	69	3	90	4	63	5	28	6	91	7	26	8	79	9	78	10	42	11	77	12	50	13	27	14	59	15	85	16	81	17	39	18	89	19	65	20	81	21	26	22	61	23	22	24	53	25	86	26	36	27	16	28	48	29	41	
	0	89	1	48	2	30	3	63	4	50	5	90	6	89	7	39	8	79	9	34	10	85	11	16	12	36	13	38	14	24	15	80	16	57	17	11	18	95	19	86	20	21	21	13	22	52	23	75	24	81	25	12	26	19	27	82	28	62	29	96	
	0	91	1	90	2	63	3	14	4	76	5	87	6	62	7	72	8	51	9	71	10	44	11	66	12	58	13	94	14	91	15	92	16	19	17	68	18	43	19	26	20	63	21	41	22	50	23	50	24	17	25	79	26	37	27	51	28	81	29	31	
	0	30	1	35	2	52	3	34	4	13	5	11	6	39	7	77	8	19	9	97	10	20	11	97	12	80	13	79	14	55	15	84	16	51	17	85	18	48	19	32	20	80	21	51	22	17	23	27	24	10	25	45	26	31	27	94	28	91	29	37	
	0	58	1	49	2	39	3	87	4	13	5	15	6	65	7	67	8	91	9	87	10	53	11	41	12	71	13	46	14	21	15	20	16	20	17	13	18	47	19	13	20	60	21	11	22	92	23	74	24	47	25	51	26	24	27	74	28	78	29	78	
	0	95	1	41	2	73	3	96	4	64	5	51	6	42	7	64	8	32	9	81	10	24	11	55	12	11	13	39	14	16	15	14	16	31	17	52	18	62	19	92	20	14	21	97	22	76	23	77	24	96	25	32	26	91	27	31	28	93	29	36	
	0	67	1	11	2	67	3	64	4	23	5	50	6	59	7	87	8	65	9	15	10	37	11	90	12	36	13	91	14	16	15	67	16	83	17	36	18	68	19	24	20	96	21	62	22	56	23	20	24	98	25	11	26	30	27	62	28	56	29	50	
	0	62	1	59	2	62	3	55	4	93	5	47	6	58	7	78	8	66	9	33	10	94	11	12	12	97	13	10	14	25	15	60	16	34	17	31	18	92	19	54	20	93	21	85	22	49	23	39	24	12	25	94	26	80	27	86	28	32	29	34	
	0	45	1	66	2	40	3	53	4	74	5	14	6	20	7	21	8	24	9	65	10	44	11	75	12	62	13	87	14	80	15	93	16	27	17	87	18	90	19	17	20	26	21	84	22	24	23	71	24	40	25	80	26	72	27	93	28	80	29	80	
	0	67	1	11	2	10	3	88	4	68	5	25	6	37	7	37	8	79	9	30	10	15	11	74	12	80	13	45	14	53	15	93	16	89	17	89	18	56	19	18	20	71	21	24	22	79	23	30	24	21	25	51	26	21	27	47	28	16	29	58	
	0	14	1	29	2	22	3	37	4	58	5	34	6	91	7	81	8	55	9	17	10	74	11	22	12	92	13	76	14	21	15	60	16	19	17	39	18	36	19	26	20	91	21	68	22	88	23	24	24	88	25	58	26	84	27	37	28	99	29	67	
	0	40	1	78	2	90	3	24	4	17	5	55	6	19	7	69	8	72	9	38	10	85	11	17	12	71	13	62	14	71	15	51	16	88	17	28	18	49	19	85	20	55	21	28	22	83	23	80	24	49	25	14	26	39	27	40	28	13	29	61	
	0	84	1	87	2	23	3	52	4	15	5	10	6	43	7	27	8	62	9	58	10	29	11	69	12	58	13	10	14	76	15	41	16	77	17	27	18	61	19	94	20	63	21	48	22	70	23	21	24	31	25	69	26	50	27	91	28	96	29	35	
	0	39	1	20	2	59	3	83	4	13	5	53	6	36	7	26	8	38	9	89	10	55	11	28	12	84	13	26	14	12	15	29	16	16	17	31	18	61	19	27	20	60	21	67	22	47	23	14	24	59	25	14	26	12	27	68	28	41	29	34	
	0	94	1	44	2	99	3	37	4	40	5	55	6	12	7	97	8	76	9	19	10	61	11	59	12	68	13	37	14	41	15	65	16	53	17	11	18	30	19	35	20	42	21	10	22	62	23	20	24	77	25	77	26	81	27	80	28	91	29	94	
	0	73	1	65	2	83	3	88	4	86	5	55	6	66	7	38	8	19	9	37	10	90	11	33	12	73	13	51	14	17	15	35	16	59	17	26	18	30	19	46	20	87	21	93	22	45	23	11	24	73	25	68	26	47	27	40	28	48	29	54	
	0	47	1	76	2	57	3	96	4	67	5	67	6	66	7	97	8	37	9	21	10	35	11	88	12	78	13	17	14	44	15	32	16	65	17	61	18	21	19	79	20	60	21	96	22	19	23	60	24	18	25	56	26	24	27	71	28	69	29	55	
	0	55	1	55	2	46	3	90	4	28	5	49	6	90	7	57	8	96	9	54	10	79	11	21	12	61	13	36	14	19	15	35	16	85	17	87	18	42	19	23	20	93	21	50	22	55	23	54	24	85	25	73	26	71	27	75	28	84	29	17	
	0	81	1	74	2	37	3	98	4	24	5	78	6	87	7	51	8	84	9	100	10	46	11	39	12	30	13	74	14	81	15	51	16	27	17	95	18	81	19	10	20	76	21	76	22	41	23	25	24	87	25	43	26	37	27	29	28	35	29	72	
	0	25	1	79	2	10	3	26	4	50	5	90	6	56	7	10	8	63	9	40	10	38	11	54	12	83	13	58	14	16	15	22	16	78	17	21	18	11	19	100	20	60	21	81	22	77	23	72	24	83	25	49	26	38	27	87	28	99	29	75	
	0	88	1	96	2	38	3	14	4	70	5	64	6	54	7	37	8	59	9	99	10	58	11	10	12	43	13	37	14	81	15	82	16	33	17	51	18	100	19	16	20	85	21	78	22	72	23	80	24	50	25	13	26	62	27	56	28	71	29	53	
	0	32	1	30	2	86	3	23	4	66	5	36	6	73	7	92	8	29	9	85	10	79	11	92	12	54	13	59	14	74	15	48	16	71	17	64	18	10	19	41	20	52	21	34	22	72	23	24	24	67	25	81	26	67	27	39	28	86	29	39	
	0	89	1	59	2	20	3	20	4	99	5	17	6	70	7	29	8	91	9	90	10	31	11	45	12	86	13	62	14	21	15	83	16	77	17	53	18	10	19	14	20	71	21	73	22	73	23	17	24	68	25	93	26	25	27	81	28	39	29	22	
	0	13	1	75	2	46	3	56	4	100	5	95	6	63	7	27	8	90	9	34	10	55	11	20	12	37	13	91	14	95	15	11	16	38	17	31	18	95	19	46	20	75	21	85	22	56	23	87	24	66	25	66	26	69	27	100	28	29	29	38	
	0	66	1	71	2	74	3	78	4	33	5	46	6	60	7	45	8	83	9	23	10	55	11	58	12	43	13	50	14	64	15	94	16	19	17	87	18	32	19	51	20	37	21	46	22	85	23	92	24	17	25	34	26	52	27	92	28	65	29	54	
	0	45	1	19	2	40	3	75	4	76	5	38	6	26	7	89	8	52	9	57	10	17	11	51	12	62	13	67	14	23	15	48	16	27	17	37	18	52	19	29	20	10	21	76	22	18	23	90	24	86	25	89	26	98	27	21	28	75	29	46	
	0	11	1	39	2	92	3	44	4	72	5	66	6	79	7	17	8	56	9	90	10	32	11	69	12	63	13	64	14	18	15	29	16	42	17	72	18	18	19	78	20	94	21	87	22	92	23	38	24	17	25	95	26	82	27	68	28	98	29	29	
	0	88	1	92	2	78	3	42	4	93	5	10	6	57	7	88	8	89	9	99	10	66	11	56	12	41	13	67	14	88	15	37	16	12	17	49	18	60	19	16	20	41	21	27	22	14	23	48	24	32	25	11	26	94	27	11	28	31	29	55	
	0	63	1	43	2	46	3	72	4	25	5	87	6	35	7	74	8	35	9	27	10	76	11	71	12	31	13	28	14	88	15	90	16	61	17	34	18	84	19	78	20	35	21	54	22	75	23	21	24	11	25	77	26	35	27	13	28	25	29	37	
	0	71	1	56	2	21	3	48	4	43	5	52	6	61	7	28	8	94	9	91	10	24	11	83	12	63	13	35	14	47	15	39	16	94	17	69	18	25	19	41	20	82	21	30	22	10	23	10	24	69	25	90	26	81	27	94	28	75	29	34	
	0	60	1	69	2	14	3	33	4	30	5	86	6	63	7	66	8	77	9	27	10	11	11	24	12	62	13	26	14	57	15	32	16	47	17	23	18	64	19	18	20	98	21	93	22	33	23	67	24	87	25	96	26	20	27	59	28	11	29	37	
	0	44	1	30	2	81	3	66	4	79	5	70	6	23	7	68	8	81	9	82	10	31	11	91	12	83	13	70	14	73	15	88	16	21	17	91	18	62	19	99	20	19	21	48	22	35	23	38	24	22	25	41	26	87	27	36	28	54	29	19	
	0	27	1	32	2	14	3	53	4	11	5	83	6	54	7	38	8	59	9	75	10	41	11	66	12	97	13	59	14	45	15	37	16	23	17	20	18	35	19	42	20	90	21	37	22	13	23	14	24	32	25	51	26	79	27	29	28	44	29	51	
	0	53	1	23	2	74	3	24	4	93	5	53	6	44	7	23	8	77	9	75	10	12	11	11	12	76	13	91	14	57	15	70	16	96	17	80	18	91	19	67	20	92	21	14	22	72	23	96	24	27	25	75	26	97	27	97	28	80	29	43	
	0	99	1	69	2	87	3	93	4	54	5	80	6	93	7	53	8	25	9	61	10	61	11	90	12	53	13	43	14	98	15	36	16	66	17	38	18	30	19	76	20	73	21	40	22	36	23	47	24	86	25	22	26	25	27	64	28	41	29	80	
	0	20	1	57	2	82	3	76	4	98	5	61	6	52	7	28	8	54	9	20	10	14	11	27	12	65	13	58	14	82	15	24	16	14	17	36	18	71	19	83	20	61	21	47	22	30	23	61	24	22	25	52	26	48	27	21	28	26	29	45	
	0	73	1	41	2	50	3	37	4	87	5	63	6	40	7	80	8	45	9	77	10	40	11	86	12	54	13	99	14	32	15	38	16	21	17	66	18	95	19	79	20	13	21	95	22	60	23	67	24	94	25	23	26	40	27	62	28	53	29	78	
	0	11	1	68	2	49	3	89	4	23	5	74	6	70	7	44	8	63	9	72	10	21	11	23	12	15	13	97	14	91	15	95	16	99	17	95	18	27	19	52	20	99	21	33	22	89	23	99	24	80	25	54	26	86	27	27	28	64	29	90	
	0	53	1	40	2	85	3	15	4	64	5	17	6	29	7	26	8	15	9	67	10	81	11	89	12	60	13	99	14	88	15	85	16	61	17	43	18	66	19	87	20	75	21	65	22	85	23	93	24	26	25	48	26	68	27	92	28	20	29	59	
	0	18	1	30	2	57	3	34	4	39	5	79	6	23	7	32	8	21	9	35	10	95	11	54	12	30	13	31	14	27	15	88	16	42	17	25	18	54	19	61	20	55	21	85	22	39	23	13	24	84	25	90	26	96	27	45	28	83	29	56	
	0	80	1	39	2	80	3	20	4	42	5	60	6	88	7	81	8	99	9	76	10	76	11	38	12	48	13	96	14	77	15	52	16	77	17	97	18	23	19	83	20	100	21	71	22	15	23	27	24	40	25	61	26	12	27	57	28	16	29	83	
	0	59	1	18	2	84	3	85	4	24	5	52	6	81	7	15	8	71	9	76	10	57	11	34	12	14	13	89	14	27	15	32	16	92	17	21	18	80	19	96	20	28	21	88	22	11	23	92	24	69	25	37	26	23	27	73	28	13	29	83	
	0	11	1	28	2	73	3	39	4	47	5	60	6	94	7	29	8	50	9	51	10	23	11	16	12	25	13	53	14	98	15	24	16	76	17	40	18	66	19	85	20	48	21	52	22	53	23	13	24	17	25	84	26	15	27	44	28	73	29	52	
	0	77	1	50	2	34	3	70	4	69	5	23	6	76	7	74	8	29	9	47	10	14	11	49	12	59	13	81	14	62	15	30	16	75	17	27	18	99	19	100	20	92	21	31	22	21	23	66	24	46	25	56	26	68	27	75	28	77	29	22	
	0	45	1	67	2	67	3	76	4	69	5	84	6	50	7	51	8	91	9	65	10	75	11	93	12	39	13	23	14	98	15	46	16	23	17	92	18	30	19	22	20	50	21	30	22	66	23	100	24	77	25	39	26	64	27	15	28	76	29	86	
	0	64	1	89	2	91	3	65	4	65	5	19	6	61	7	69	8	71	9	56	10	39	11	99	12	74	13	30	14	15	15	27	16	49	17	16	18	45	19	18	20	10	21	33	22	91	23	31	24	17	25	88	26	89	27	13	28	81	29	47	
	0	32	1	84	2	67	3	65	4	89	5	54	6	97	7	91	8	27	9	11	10	82	11	35	12	42	13	21	14	28	15	51	16	70	17	83	18	79	19	63	20	54	21	96	22	10	23	27	24	82	25	19	26	30	27	98	28	12	29	44	
	0	82	1	79	2	35	3	90	4	49	5	34	6	92	7	22	8	28	9	75	10	94	11	34	12	47	13	23	14	42	15	78	16	20	17	56	18	95	19	11	20	15	21	85	22	93	23	13	24	42	25	54	26	11	27	93	28	58	29	20	
	0	64	1	98	2	26	3	49	4	31	5	100	6	83	7	68	8	66	9	73	10	24	11	19	12	91	13	85	14	70	15	25	16	50	17	59	18	40	19	57	20	18	21	39	22	86	23	81	24	34	25	45	26	14	27	69	28	46	29	95	
	0	32	1	60	2	59	3	58	4	63	5	28	6	91	7	53	8	57	9	95	10	84	11	73	12	41	13	93	14	41	15	79	16	77	17	92	18	36	19	62	20	95	21	83	22	17	23	33	24	65	25	94	26	62	27	71	28	60	29	12	
	0	96	1	44	2	94	3	97	4	32	5	95	6	100	7	99	8	89	9	26	10	29	11	43	12	69	13	23	14	89	15	53	16	52	17	39	18	34	19	39	20	29	21	53	22	68	23	60	24	10	25	29	26	10	27	19	28	78	29	47	
	0	95	1	22	2	82	3	92	4	61	5	87	6	85	7	66	8	34	9	16	10	37	11	28	12	14	13	12	14	69	15	18	16	57	17	13	18	47	19	43	20	54	21	43	22	31	23	80	24	70	25	23	26	13	27	21	28	62	29	72	
	0	65	1	89	2	25	3	71	4	39	5	56	6	47	7	15	8	63	9	56	10	67	11	63	12	65	13	74	14	28	15	21	16	27	17	95	18	83	19	96	20	95	21	18	22	50	23	46	24	79	25	84	26	55	27	68	28	16	29	30	
	0	16	1	99	2	99	3	39	4	16	5	20	6	50	7	95	8	18	9	14	10	40	11	57	12	10	13	26	14	18	15	15	16	41	17	45	18	35	19	84	20	50	21	86	22	20	23	71	24	45	25	98	26	54	27	96	28	33	29	64	
	0	60	1	56	2	99	3	65	4	24	5	21	6	49	7	29	8	36	9	10	10	41	11	76	12	71	13	41	14	32	15	83	16	80	17	17	18	37	19	79	20	54	21	23	22	96	23	45	24	22	25	41	26	68	27	51	28	32	29	46	
	0	85	1	17	2	80	3	35	4	34	5	92	6	39	7	60	8	37	9	71	10	88	11	40	12	49	13	96	14	41	15	62	16	82	17	98	18	93	19	55	20	86	21	91	22	62	23	84	24	31	25	25	26	76	27	14	28	27	29	42	
	0	27	1	60	2	68	3	94	4	95	5	53	6	33	7	35	8	15	9	90	10	92	11	26	12	82	13	48	14	53	15	53	16	72	17	51	18	10	19	79	20	75	21	79	22	12	23	76	24	88	25	24	26	10	27	58	28	47	29	94	
	0	61	1	18	2	26	3	91	4	75	5	61	6	36	7	65	8	93	9	28	10	47	11	30	12	84	13	66	14	82	15	31	16	22	17	39	18	13	19	64	20	34	21	83	22	77	23	10	24	32	25	33	26	46	27	59	28	90	29	37	
	0	36	1	47	2	93	3	39	4	22	5	88	6	31	7	36	8	60	9	86	10	98	11	77	12	71	13	77	14	74	15	89	16	41	17	78	18	90	19	17	20	10	21	88	22	76	23	17	24	17	25	38	26	42	27	70	28	22	29	85	