200 40 1
40
	0	23	1	47	2	22	3	12	4	58	5	60	6	41	7	95	8	94	9	63	10	26	11	27	12	33	13	75	14	28	15	80	16	74	17	95	18	28	19	24	20	70	21	11	22	47	23	73	24	41	25	84	26	43	27	36	28	85	29	86	30	12	31	19	32	61	33	94	34	20	35	23	36	87	37	34	38	18	39	78	
	0	94	1	80	2	81	3	33	4	49	5	53	6	40	7	63	8	60	9	16	10	51	11	34	12	52	13	98	14	10	15	82	16	45	17	25	18	20	19	74	20	77	21	95	22	29	23	35	24	83	25	26	26	78	27	36	28	50	29	88	30	90	31	14	32	43	33	16	34	10	35	96	36	18	37	23	38	57	39	24	
	0	93	1	99	2	89	3	62	4	66	5	76	6	50	7	18	8	85	9	34	10	66	11	98	12	33	13	55	14	83	15	61	16	32	17	34	18	25	19	48	20	44	21	15	22	20	23	90	24	100	25	95	26	22	27	14	28	86	29	87	30	64	31	76	32	23	33	59	34	13	35	42	36	23	37	17	38	19	39	91	
	0	64	1	38	2	24	3	65	4	95	5	48	6	56	7	90	8	35	9	28	10	36	11	90	12	69	13	34	14	44	15	30	16	99	17	85	18	100	19	74	20	29	21	47	22	20	23	99	24	24	25	71	26	66	27	37	28	74	29	56	30	24	31	95	32	43	33	53	34	85	35	13	36	86	37	79	38	28	39	44	
	0	49	1	79	2	42	3	18	4	91	5	69	6	99	7	92	8	34	9	63	10	72	11	45	12	86	13	85	14	87	15	27	16	40	17	77	18	30	19	81	20	78	21	60	22	18	23	59	24	22	25	21	26	61	27	80	28	68	29	64	30	19	31	91	32	15	33	25	34	48	35	24	36	60	37	58	38	27	39	29	
	0	81	1	37	2	42	3	61	4	21	5	87	6	64	7	63	8	96	9	56	10	12	11	30	12	23	13	75	14	48	15	29	16	12	17	35	18	47	19	21	20	79	21	98	22	83	23	18	24	61	25	67	26	98	27	17	28	73	29	33	30	80	31	28	32	14	33	10	34	89	35	95	36	57	37	42	38	80	39	28	
	0	26	1	12	2	16	3	80	4	29	5	91	6	56	7	20	8	92	9	19	10	23	11	38	12	13	13	99	14	89	15	90	16	92	17	44	18	64	19	41	20	46	21	55	22	65	23	30	24	97	25	31	26	32	27	42	28	19	29	55	30	44	31	71	32	15	33	53	34	23	35	65	36	71	37	53	38	76	39	80	
	0	51	1	60	2	38	3	61	4	11	5	27	6	54	7	33	8	69	9	12	10	25	11	21	12	29	13	64	14	93	15	56	16	99	17	19	18	11	19	14	20	51	21	20	22	51	23	69	24	38	25	54	26	60	27	51	28	63	29	33	30	35	31	80	32	25	33	19	34	17	35	23	36	74	37	44	38	30	39	98	
	0	85	1	25	2	64	3	68	4	74	5	54	6	17	7	41	8	10	9	12	10	23	11	68	12	11	13	35	14	92	15	66	16	64	17	32	18	82	19	56	20	92	21	57	22	47	23	19	24	15	25	26	26	72	27	13	28	40	29	28	30	21	31	49	32	43	33	10	34	99	35	69	36	18	37	26	38	65	39	98	
	0	16	1	47	2	96	3	50	4	24	5	23	6	80	7	87	8	73	9	75	10	98	11	95	12	17	13	51	14	43	15	33	16	27	17	18	18	28	19	87	20	18	21	99	22	88	23	12	24	61	25	83	26	22	27	74	28	50	29	75	30	33	31	45	32	17	33	78	34	29	35	88	36	55	37	37	38	32	39	19	
	0	45	1	61	2	77	3	96	4	84	5	14	6	80	7	72	8	74	9	56	10	66	11	37	12	96	13	83	14	25	15	53	16	19	17	51	18	33	19	91	20	90	21	18	22	10	23	24	24	74	25	17	26	31	27	63	28	84	29	34	30	69	31	33	32	39	33	65	34	59	35	40	36	70	37	90	38	67	39	38	
	0	50	1	26	2	50	3	71	4	58	5	88	6	53	7	85	8	71	9	35	10	25	11	50	12	23	13	20	14	79	15	17	16	33	17	89	18	38	19	50	20	99	21	83	22	53	23	13	24	88	25	89	26	12	27	81	28	90	29	21	30	88	31	97	32	36	33	12	34	93	35	66	36	54	37	66	38	23	39	86	
	0	32	1	22	2	41	3	97	4	50	5	87	6	45	7	49	8	21	9	45	10	61	11	99	12	18	13	92	14	72	15	55	16	36	17	36	18	55	19	22	20	66	21	61	22	82	23	84	24	51	25	13	26	85	27	29	28	98	29	78	30	47	31	71	32	12	33	49	34	78	35	58	36	83	37	31	38	99	39	63	
	0	59	1	86	2	77	3	49	4	59	5	22	6	40	7	23	8	71	9	28	10	80	11	40	12	83	13	65	14	52	15	69	16	61	17	34	18	38	19	69	20	82	21	11	22	87	23	74	24	75	25	44	26	97	27	88	28	53	29	12	30	38	31	33	32	31	33	80	34	84	35	78	36	92	37	53	38	33	39	44	
	0	99	1	15	2	51	3	18	4	44	5	41	6	65	7	15	8	31	9	88	10	34	11	18	12	38	13	29	14	71	15	86	16	19	17	20	18	91	19	46	20	75	21	82	22	85	23	100	24	12	25	10	26	63	27	94	28	56	29	71	30	89	31	79	32	53	33	73	34	55	35	31	36	64	37	29	38	12	39	86	
	0	92	1	33	2	24	3	88	4	93	5	96	6	43	7	16	8	33	9	27	10	59	11	20	12	31	13	65	14	44	15	99	16	37	17	59	18	80	19	65	20	22	21	73	22	43	23	30	24	13	25	50	26	56	27	96	28	89	29	92	30	58	31	50	32	16	33	51	34	63	35	54	36	15	37	23	38	54	39	42	
	0	57	1	81	2	72	3	48	4	87	5	55	6	89	7	94	8	82	9	39	10	82	11	27	12	41	13	94	14	19	15	40	16	55	17	13	18	52	19	56	20	24	21	29	22	36	23	30	24	24	25	71	26	94	27	65	28	32	29	99	30	45	31	37	32	99	33	31	34	87	35	88	36	11	37	96	38	19	39	60	
	0	87	1	96	2	19	3	32	4	24	5	82	6	65	7	98	8	53	9	67	10	42	11	45	12	64	13	83	14	46	15	43	16	65	17	60	18	70	19	83	20	78	21	11	22	68	23	73	24	51	25	78	26	66	27	23	28	40	29	18	30	36	31	78	32	12	33	81	34	27	35	62	36	77	37	65	38	72	39	25	
	0	95	1	92	2	40	3	59	4	18	5	77	6	22	7	24	8	48	9	10	10	67	11	70	12	82	13	55	14	72	15	41	16	37	17	90	18	82	19	97	20	38	21	15	22	65	23	99	24	25	25	82	26	74	27	99	28	79	29	70	30	30	31	15	32	41	33	48	34	94	35	54	36	88	37	85	38	42	39	74	
	0	11	1	59	2	22	3	31	4	89	5	18	6	34	7	29	8	69	9	54	10	41	11	34	12	84	13	10	14	77	15	52	16	45	17	93	18	62	19	100	20	59	21	98	22	69	23	21	24	22	25	80	26	19	27	14	28	99	29	46	30	96	31	20	32	45	33	31	34	100	35	11	36	89	37	22	38	63	39	68	
	0	64	1	33	2	24	3	10	4	28	5	42	6	84	7	18	8	79	9	87	10	73	11	76	12	33	13	71	14	56	15	22	16	19	17	21	18	76	19	80	20	28	21	55	22	85	23	44	24	19	25	17	26	32	27	88	28	68	29	82	30	79	31	54	32	24	33	96	34	41	35	57	36	86	37	25	38	42	39	31	
	0	43	1	59	2	48	3	15	4	44	5	48	6	70	7	19	8	63	9	58	10	65	11	94	12	36	13	55	14	37	15	53	16	37	17	47	18	62	19	92	20	29	21	53	22	38	23	92	24	70	25	64	26	39	27	95	28	68	29	93	30	12	31	97	32	34	33	17	34	80	35	71	36	69	37	75	38	90	39	23	
	0	30	1	73	2	31	3	18	4	91	5	22	6	71	7	33	8	80	9	83	10	68	11	91	12	27	13	45	14	67	15	42	16	31	17	53	18	50	19	39	20	69	21	43	22	86	23	43	24	32	25	16	26	60	27	38	28	35	29	41	30	62	31	38	32	15	33	16	34	70	35	24	36	78	37	22	38	34	39	22	
	0	22	1	96	2	69	3	97	4	42	5	77	6	95	7	16	8	99	9	45	10	49	11	57	12	93	13	61	14	95	15	77	16	25	17	33	18	19	19	21	20	87	21	44	22	63	23	35	24	89	25	30	26	74	27	73	28	91	29	91	30	18	31	96	32	98	33	43	34	75	35	43	36	69	37	88	38	90	39	34	
	0	97	1	56	2	45	3	84	4	53	5	97	6	78	7	56	8	75	9	45	10	15	11	90	12	29	13	65	14	49	15	98	16	17	17	37	18	32	19	79	20	62	21	22	22	62	23	96	24	90	25	88	26	49	27	86	28	19	29	29	30	72	31	20	32	29	33	68	34	74	35	37	36	35	37	42	38	46	39	64	
	0	81	1	28	2	69	3	11	4	30	5	34	6	20	7	95	8	80	9	15	10	33	11	56	12	12	13	89	14	97	15	21	16	12	17	33	18	80	19	82	20	50	21	19	22	13	23	14	24	77	25	65	26	70	27	28	28	92	29	50	30	24	31	29	32	23	33	43	34	76	35	55	36	44	37	16	38	20	39	37	
	0	62	1	48	2	28	3	23	4	17	5	87	6	36	7	23	8	82	9	54	10	15	11	56	12	27	13	50	14	77	15	34	16	54	17	59	18	53	19	97	20	51	21	27	22	98	23	44	24	58	25	96	26	39	27	57	28	62	29	68	30	42	31	84	32	85	33	43	34	86	35	97	36	26	37	92	38	87	39	67	
	0	33	1	59	2	96	3	65	4	88	5	18	6	28	7	80	8	35	9	95	10	65	11	88	12	82	13	61	14	99	15	78	16	90	17	95	18	47	19	45	20	34	21	90	22	66	23	92	24	51	25	40	26	38	27	49	28	56	29	43	30	80	31	52	32	83	33	57	34	93	35	48	36	85	37	80	38	12	39	65	
	0	41	1	42	2	97	3	44	4	61	5	85	6	52	7	98	8	45	9	94	10	26	11	70	12	72	13	15	14	80	15	11	16	14	17	58	18	62	19	41	20	20	21	96	22	84	23	54	24	30	25	29	26	25	27	15	28	34	29	44	30	76	31	10	32	69	33	72	34	84	35	81	36	60	37	28	38	44	39	46	
	0	64	1	67	2	83	3	23	4	15	5	80	6	68	7	93	8	19	9	57	10	36	11	51	12	72	13	84	14	18	15	42	16	53	17	100	18	70	19	88	20	90	21	78	22	98	23	40	24	88	25	72	26	14	27	55	28	66	29	58	30	71	31	63	32	33	33	19	34	35	35	29	36	80	37	23	38	64	39	78	
	0	18	1	34	2	82	3	24	4	89	5	58	6	97	7	97	8	93	9	65	10	97	11	48	12	80	13	40	14	49	15	64	16	100	17	39	18	14	19	48	20	66	21	34	22	57	23	64	24	80	25	29	26	92	27	89	28	100	29	35	30	22	31	90	32	99	33	66	34	95	35	46	36	73	37	39	38	92	39	40	
	0	92	1	65	2	24	3	66	4	94	5	18	6	83	7	53	8	63	9	29	10	41	11	86	12	70	13	87	14	48	15	64	16	57	17	57	18	54	19	96	20	95	21	38	22	56	23	25	24	38	25	70	26	95	27	42	28	18	29	55	30	72	31	84	32	99	33	50	34	86	35	99	36	74	37	27	38	43	39	63	
	0	50	1	75	2	41	3	46	4	42	5	64	6	98	7	33	8	54	9	89	10	68	11	65	12	10	13	64	14	11	15	55	16	16	17	63	18	88	19	57	20	42	21	77	22	98	23	92	24	42	25	87	26	78	27	68	28	56	29	59	30	93	31	48	32	99	33	11	34	31	35	75	36	26	37	58	38	75	39	46	
	0	77	1	31	2	71	3	77	4	73	5	29	6	65	7	47	8	77	9	64	10	90	11	78	12	57	13	79	14	46	15	15	16	47	17	61	18	21	19	18	20	13	21	26	22	56	23	21	24	59	25	88	26	61	27	70	28	16	29	56	30	72	31	90	32	79	33	60	34	38	35	60	36	85	37	69	38	43	39	18	
	0	16	1	42	2	55	3	66	4	89	5	62	6	57	7	70	8	34	9	58	10	84	11	67	12	93	13	33	14	20	15	99	16	93	17	35	18	74	19	89	20	77	21	26	22	84	23	73	24	52	25	50	26	36	27	32	28	24	29	81	30	72	31	33	32	55	33	97	34	75	35	68	36	52	37	55	38	83	39	63	
	0	13	1	50	2	42	3	20	4	58	5	28	6	30	7	90	8	17	9	92	10	50	11	93	12	83	13	97	14	22	15	80	16	77	17	92	18	14	19	46	20	65	21	88	22	72	23	17	24	76	25	92	26	62	27	61	28	38	29	44	30	33	31	49	32	32	33	20	34	90	35	59	36	56	37	18	38	42	39	81	
	0	73	1	58	2	71	3	19	4	60	5	25	6	46	7	91	8	89	9	52	10	58	11	57	12	50	13	43	14	61	15	24	16	33	17	72	18	44	19	88	20	79	21	67	22	80	23	79	24	44	25	52	26	85	27	42	28	88	29	97	30	74	31	69	32	28	33	60	34	83	35	28	36	51	37	15	38	25	39	45	
	0	53	1	15	2	99	3	16	4	63	5	92	6	11	7	17	8	38	9	65	10	11	11	10	12	91	13	96	14	33	15	93	16	74	17	57	18	10	19	77	20	67	21	28	22	42	23	71	24	80	25	44	26	66	27	90	28	41	29	53	30	41	31	65	32	11	33	41	34	36	35	86	36	62	37	92	38	72	39	80	
	0	40	1	89	2	19	3	39	4	57	5	58	6	36	7	38	8	28	9	21	10	37	11	19	12	70	13	90	14	33	15	92	16	93	17	69	18	99	19	40	20	37	21	76	22	17	23	24	24	48	25	20	26	12	27	18	28	51	29	11	30	84	31	91	32	52	33	87	34	53	35	40	36	99	37	71	38	47	39	42	
	0	42	1	72	2	42	3	24	4	85	5	71	6	24	7	81	8	87	9	88	10	25	11	50	12	30	13	57	14	47	15	34	16	14	17	69	18	73	19	40	20	45	21	75	22	34	23	66	24	13	25	45	26	67	27	96	28	51	29	27	30	68	31	56	32	11	33	26	34	51	35	17	36	23	37	24	38	74	39	100	
	0	41	1	51	2	69	3	94	4	58	5	52	6	60	7	84	8	94	9	22	10	53	11	36	12	64	13	26	14	33	15	91	16	96	17	48	18	65	19	12	20	38	21	86	22	92	23	67	24	47	25	42	26	62	27	24	28	66	29	45	30	61	31	83	32	10	33	56	34	40	35	76	36	59	37	80	38	19	39	52	
	0	94	1	37	2	24	3	44	4	35	5	46	6	32	7	27	8	58	9	13	10	93	11	79	12	70	13	30	14	71	15	61	16	81	17	96	18	53	19	77	20	18	21	80	22	47	23	73	24	74	25	75	26	82	27	18	28	76	29	94	30	99	31	99	32	82	33	16	34	24	35	17	36	12	37	49	38	63	39	79	
	0	33	1	49	2	12	3	67	4	28	5	48	6	94	7	15	8	74	9	74	10	45	11	29	12	17	13	43	14	64	15	84	16	64	17	84	18	24	19	57	20	39	21	88	22	18	23	86	24	73	25	44	26	27	27	92	28	88	29	59	30	97	31	93	32	29	33	68	34	26	35	50	36	37	37	76	38	87	39	99	
	0	80	1	65	2	49	3	34	4	53	5	46	6	50	7	58	8	55	9	67	10	31	11	14	12	26	13	82	14	85	15	86	16	40	17	24	18	39	19	63	20	51	21	53	22	52	23	27	24	61	25	53	26	37	27	47	28	60	29	92	30	27	31	98	32	68	33	14	34	55	35	68	36	71	37	59	38	56	39	30	
	0	69	1	62	2	25	3	41	4	93	5	28	6	41	7	45	8	65	9	83	10	98	11	72	12	34	13	71	14	60	15	56	16	19	17	79	18	66	19	28	20	13	21	10	22	12	23	82	24	52	25	24	26	76	27	61	28	69	29	11	30	82	31	75	32	41	33	88	34	17	35	70	36	51	37	36	38	55	39	40	
	0	62	1	57	2	15	3	36	4	53	5	70	6	75	7	27	8	58	9	79	10	51	11	52	12	21	13	12	14	13	15	30	16	65	17	77	18	76	19	30	20	24	21	47	22	69	23	33	24	70	25	84	26	32	27	36	28	95	29	56	30	29	31	62	32	77	33	50	34	33	35	99	36	28	37	93	38	25	39	17	
	0	78	1	71	2	37	3	28	4	28	5	38	6	66	7	43	8	97	9	11	10	30	11	95	12	89	13	85	14	53	15	50	16	15	17	27	18	61	19	98	20	11	21	53	22	57	23	63	24	30	25	24	26	37	27	32	28	90	29	100	30	57	31	85	32	39	33	12	34	12	35	26	36	69	37	28	38	12	39	71	
	0	83	1	98	2	94	3	46	4	33	5	35	6	69	7	18	8	72	9	89	10	65	11	64	12	42	13	92	14	22	15	11	16	98	17	19	18	15	19	16	20	25	21	83	22	49	23	81	24	87	25	77	26	43	27	89	28	85	29	93	30	15	31	53	32	45	33	92	34	79	35	99	36	34	37	28	38	78	39	40	
	0	51	1	44	2	46	3	85	4	85	5	37	6	88	7	41	8	28	9	81	10	97	11	82	12	85	13	94	14	30	15	27	16	88	17	98	18	51	19	100	20	49	21	88	22	18	23	62	24	59	25	47	26	18	27	79	28	41	29	12	30	58	31	81	32	66	33	16	34	38	35	64	36	96	37	69	38	13	39	84	
	0	67	1	75	2	47	3	10	4	17	5	91	6	23	7	11	8	39	9	42	10	71	11	40	12	29	13	33	14	89	15	94	16	61	17	57	18	79	19	60	20	80	21	92	22	63	23	100	24	36	25	47	26	76	27	55	28	28	29	67	30	83	31	85	32	53	33	22	34	66	35	39	36	82	37	60	38	38	39	45	
	0	49	1	46	2	70	3	51	4	53	5	43	6	90	7	27	8	15	9	55	10	78	11	69	12	100	13	89	14	49	15	19	16	13	17	48	18	50	19	60	20	78	21	50	22	28	23	11	24	40	25	34	26	63	27	90	28	19	29	99	30	41	31	38	32	80	33	61	34	30	35	22	36	53	37	27	38	14	39	67	
	0	99	1	42	2	59	3	49	4	27	5	76	6	64	7	46	8	21	9	100	10	58	11	71	12	82	13	96	14	28	15	96	16	93	17	57	18	98	19	89	20	72	21	48	22	54	23	16	24	27	25	34	26	60	27	70	28	54	29	60	30	11	31	68	32	85	33	94	34	80	35	70	36	40	37	28	38	100	39	80	
	0	58	1	80	2	70	3	43	4	97	5	69	6	90	7	12	8	66	9	52	10	44	11	90	12	69	13	89	14	46	15	42	16	21	17	37	18	98	19	86	20	17	21	49	22	26	23	61	24	39	25	46	26	71	27	16	28	81	29	48	30	75	31	21	32	67	33	15	34	57	35	55	36	94	37	57	38	29	39	53	
	0	48	1	44	2	62	3	22	4	55	5	30	6	91	7	75	8	70	9	13	10	86	11	75	12	69	13	51	14	54	15	13	16	35	17	93	18	34	19	41	20	93	21	35	22	10	23	44	24	17	25	23	26	33	27	72	28	14	29	30	30	54	31	19	32	67	33	21	34	26	35	48	36	91	37	81	38	11	39	93	
	0	44	1	78	2	76	3	10	4	85	5	52	6	25	7	97	8	55	9	23	10	22	11	52	12	52	13	48	14	76	15	29	16	76	17	16	18	86	19	37	20	89	21	62	22	19	23	10	24	50	25	81	26	87	27	67	28	36	29	10	30	44	31	83	32	61	33	34	34	22	35	44	36	56	37	91	38	87	39	32	
	0	17	1	42	2	35	3	16	4	25	5	36	6	89	7	98	8	32	9	91	10	16	11	35	12	87	13	55	14	84	15	24	16	16	17	66	18	28	19	37	20	28	21	69	22	31	23	74	24	51	25	37	26	37	27	17	28	18	29	75	30	86	31	77	32	43	33	97	34	73	35	96	36	90	37	71	38	67	39	77	
	0	27	1	28	2	15	3	23	4	14	5	22	6	100	7	99	8	16	9	54	10	20	11	28	12	93	13	87	14	97	15	34	16	80	17	13	18	64	19	33	20	93	21	19	22	94	23	38	24	51	25	96	26	45	27	60	28	26	29	71	30	41	31	47	32	54	33	94	34	27	35	93	36	78	37	13	38	27	39	37	
	0	59	1	93	2	63	3	43	4	47	5	57	6	92	7	56	8	58	9	39	10	64	11	23	12	20	13	79	14	81	15	84	16	83	17	58	18	23	19	63	20	54	21	73	22	80	23	46	24	32	25	87	26	78	27	86	28	54	29	27	30	70	31	50	32	12	33	38	34	70	35	70	36	45	37	87	38	65	39	21	
	0	93	1	34	2	73	3	99	4	23	5	32	6	36	7	38	8	33	9	39	10	94	11	55	12	31	13	46	14	43	15	91	16	50	17	100	18	10	19	64	20	47	21	49	22	100	23	97	24	35	25	91	26	28	27	58	28	11	29	23	30	68	31	92	32	85	33	72	34	99	35	85	36	62	37	99	38	32	39	85	
	0	40	1	31	2	88	3	34	4	42	5	52	6	50	7	20	8	42	9	27	10	47	11	61	12	12	13	61	14	24	15	65	16	12	17	58	18	75	19	83	20	16	21	54	22	83	23	51	24	81	25	67	26	93	27	68	28	78	29	94	30	12	31	54	32	61	33	11	34	69	35	79	36	71	37	23	38	64	39	84	
	0	39	1	26	2	100	3	72	4	21	5	38	6	68	7	39	8	39	9	26	10	49	11	82	12	82	13	91	14	76	15	72	16	97	17	68	18	52	19	97	20	95	21	54	22	84	23	76	24	57	25	29	26	35	27	94	28	76	29	81	30	69	31	57	32	35	33	84	34	75	35	31	36	97	37	42	38	34	39	68	
	0	93	1	90	2	82	3	38	4	36	5	52	6	49	7	93	8	30	9	59	10	50	11	37	12	10	13	100	14	61	15	99	16	47	17	93	18	16	19	36	20	99	21	62	22	10	23	43	24	93	25	25	26	51	27	62	28	12	29	14	30	58	31	24	32	99	33	52	34	48	35	92	36	29	37	86	38	50	39	86	
	0	48	1	44	2	32	3	68	4	20	5	16	6	21	7	13	8	85	9	90	10	44	11	89	12	97	13	72	14	100	15	62	16	55	17	75	18	63	19	14	20	56	21	45	22	53	23	73	24	38	25	93	26	61	27	39	28	92	29	65	30	29	31	64	32	71	33	32	34	30	35	75	36	90	37	59	38	24	39	74	
	0	72	1	23	2	12	3	51	4	94	5	62	6	94	7	90	8	72	9	98	10	30	11	83	12	41	13	32	14	31	15	41	16	54	17	19	18	33	19	71	20	96	21	91	22	82	23	62	24	89	25	37	26	94	27	63	28	97	29	30	30	82	31	59	32	48	33	36	34	84	35	84	36	42	37	91	38	97	39	46	
	0	39	1	15	2	19	3	66	4	19	5	18	6	37	7	41	8	31	9	55	10	38	11	51	12	62	13	11	14	95	15	38	16	76	17	86	18	87	19	61	20	56	21	52	22	26	23	24	24	14	25	62	26	74	27	30	28	77	29	29	30	58	31	66	32	68	33	17	34	74	35	48	36	93	37	42	38	74	39	45	
	0	100	1	17	2	12	3	64	4	75	5	76	6	46	7	76	8	97	9	46	10	95	11	29	12	88	13	83	14	97	15	10	16	33	17	93	18	63	19	21	20	79	21	39	22	55	23	90	24	16	25	53	26	48	27	96	28	34	29	37	30	23	31	28	32	89	33	34	34	97	35	62	36	13	37	33	38	27	39	88	
	0	83	1	16	2	45	3	52	4	73	5	75	6	36	7	42	8	48	9	86	10	25	11	65	12	24	13	92	14	76	15	76	16	99	17	59	18	90	19	88	20	19	21	89	22	73	23	18	24	72	25	42	26	24	27	31	28	42	29	40	30	37	31	17	32	88	33	15	34	100	35	62	36	83	37	39	38	28	39	28	
	0	63	1	76	2	63	3	38	4	79	5	86	6	49	7	30	8	74	9	77	10	56	11	49	12	77	13	42	14	63	15	46	16	52	17	63	18	74	19	82	20	55	21	62	22	67	23	16	24	99	25	54	26	28	27	16	28	24	29	98	30	68	31	12	32	53	33	60	34	23	35	61	36	90	37	88	38	65	39	56	
	0	15	1	81	2	85	3	82	4	70	5	99	6	99	7	94	8	90	9	20	10	24	11	77	12	79	13	28	14	75	15	55	16	78	17	79	18	69	19	57	20	42	21	42	22	29	23	74	24	40	25	39	26	30	27	69	28	44	29	51	30	38	31	26	32	64	33	57	34	74	35	18	36	12	37	17	38	20	39	19	
	0	66	1	23	2	46	3	44	4	96	5	33	6	18	7	44	8	10	9	54	10	75	11	32	12	46	13	63	14	63	15	99	16	10	17	65	18	82	19	56	20	26	21	94	22	16	23	99	24	32	25	81	26	31	27	89	28	94	29	98	30	35	31	30	32	95	33	10	34	28	35	55	36	69	37	33	38	87	39	59	
	0	22	1	39	2	35	3	20	4	53	5	73	6	16	7	49	8	80	9	87	10	49	11	79	12	22	13	65	14	19	15	96	16	62	17	10	18	37	19	76	20	72	21	96	22	68	23	38	24	17	25	12	26	60	27	21	28	76	29	54	30	54	31	92	32	81	33	14	34	20	35	85	36	61	37	43	38	24	39	68	
	0	33	1	72	2	25	3	59	4	81	5	43	6	66	7	63	8	19	9	48	10	67	11	94	12	28	13	39	14	47	15	86	16	53	17	20	18	54	19	11	20	24	21	40	22	29	23	93	24	48	25	23	26	54	27	39	28	18	29	71	30	55	31	79	32	22	33	12	34	30	35	15	36	89	37	86	38	83	39	74	
	0	83	1	57	2	70	3	85	4	60	5	63	6	13	7	16	8	75	9	23	10	95	11	33	12	39	13	85	14	54	15	11	16	18	17	10	18	27	19	53	20	62	21	87	22	85	23	72	24	38	25	86	26	61	27	66	28	28	29	30	30	31	31	47	32	91	33	58	34	99	35	61	36	45	37	95	38	69	39	87	
	0	95	1	68	2	86	3	86	4	61	5	77	6	100	7	77	8	34	9	82	10	11	11	36	12	34	13	67	14	95	15	58	16	25	17	85	18	27	19	74	20	36	21	43	22	100	23	10	24	45	25	88	26	57	27	10	28	40	29	46	30	54	31	62	32	13	33	16	34	35	35	75	36	61	37	62	38	19	39	32	
	0	82	1	34	2	62	3	27	4	12	5	18	6	61	7	51	8	13	9	81	10	69	11	59	12	25	13	95	14	34	15	16	16	73	17	77	18	91	19	35	20	61	21	57	22	71	23	22	24	16	25	14	26	76	27	22	28	42	29	39	30	23	31	24	32	19	33	51	34	87	35	45	36	33	37	89	38	39	39	52	
	0	78	1	95	2	58	3	40	4	70	5	55	6	76	7	43	8	54	9	31	10	97	11	14	12	75	13	43	14	59	15	90	16	50	17	61	18	47	19	88	20	10	21	78	22	99	23	95	24	69	25	18	26	16	27	12	28	58	29	96	30	16	31	27	32	46	33	74	34	84	35	99	36	62	37	31	38	35	39	47	
	0	95	1	87	2	61	3	80	4	14	5	78	6	63	7	19	8	76	9	66	10	72	11	56	12	90	13	89	14	60	15	48	16	98	17	49	18	34	19	94	20	46	21	76	22	41	23	74	24	85	25	82	26	21	27	18	28	58	29	32	30	51	31	51	32	84	33	52	34	64	35	67	36	68	37	52	38	100	39	88	
	0	87	1	50	2	35	3	44	4	31	5	21	6	27	7	78	8	84	9	93	10	82	11	92	12	32	13	75	14	16	15	33	16	35	17	13	18	84	19	63	20	37	21	53	22	99	23	49	24	31	25	60	26	11	27	40	28	34	29	24	30	54	31	90	32	94	33	50	34	25	35	34	36	92	37	55	38	31	39	37	
	0	80	1	28	2	96	3	22	4	37	5	63	6	76	7	35	8	99	9	90	10	22	11	54	12	90	13	56	14	75	15	53	16	22	17	33	18	38	19	35	20	25	21	87	22	81	23	19	24	69	25	54	26	19	27	82	28	32	29	79	30	48	31	57	32	24	33	41	34	96	35	70	36	95	37	17	38	96	39	34	
	0	39	1	12	2	69	3	38	4	64	5	82	6	37	7	79	8	92	9	58	10	20	11	91	12	66	13	56	14	55	15	15	16	39	17	43	18	66	19	83	20	36	21	61	22	54	23	12	24	64	25	38	26	26	27	27	28	21	29	99	30	47	31	44	32	92	33	57	34	76	35	95	36	75	37	78	38	34	39	57	
	0	25	1	69	2	74	3	96	4	68	5	65	6	85	7	73	8	86	9	46	10	80	11	75	12	40	13	56	14	79	15	53	16	53	17	57	18	98	19	23	20	79	21	23	22	20	23	91	24	88	25	100	26	33	27	27	28	26	29	63	30	11	31	51	32	48	33	53	34	30	35	72	36	37	37	22	38	30	39	82	
	0	97	1	68	2	38	3	17	4	42	5	92	6	57	7	40	8	68	9	93	10	56	11	53	12	95	13	47	14	16	15	23	16	83	17	33	18	54	19	88	20	99	21	32	22	27	23	71	24	50	25	71	26	57	27	19	28	99	29	37	30	79	31	71	32	88	33	41	34	92	35	53	36	79	37	45	38	19	39	35	
	0	51	1	42	2	58	3	41	4	93	5	65	6	34	7	29	8	67	9	46	10	76	11	83	12	30	13	96	14	97	15	43	16	32	17	30	18	52	19	80	20	24	21	95	22	46	23	18	24	85	25	56	26	20	27	97	28	86	29	21	30	90	31	66	32	32	33	54	34	98	35	56	36	79	37	17	38	12	39	46	
	0	64	1	19	2	28	3	79	4	44	5	40	6	99	7	43	8	37	9	65	10	47	11	85	12	68	13	59	14	95	15	33	16	67	17	34	18	32	19	100	20	95	21	57	22	80	23	48	24	71	25	31	26	42	27	45	28	33	29	51	30	59	31	87	32	66	33	80	34	56	35	42	36	89	37	48	38	40	39	51	
	0	80	1	62	2	43	3	33	4	49	5	94	6	39	7	42	8	43	9	90	10	60	11	25	12	72	13	53	14	89	15	85	16	78	17	25	18	55	19	17	20	38	21	69	22	19	23	75	24	12	25	94	26	72	27	15	28	33	29	38	30	55	31	36	32	62	33	79	34	70	35	62	36	24	37	88	38	66	39	67	
	0	55	1	94	2	41	3	45	4	27	5	36	6	84	7	68	8	27	9	62	10	32	11	47	12	52	13	24	14	32	15	68	16	31	17	90	18	72	19	28	20	92	21	78	22	86	23	12	24	90	25	16	26	87	27	90	28	50	29	54	30	61	31	66	32	89	33	58	34	94	35	79	36	44	37	90	38	84	39	74	
	0	81	1	60	2	99	3	59	4	26	5	17	6	99	7	20	8	78	9	74	10	27	11	30	12	18	13	28	14	28	15	63	16	30	17	94	18	34	19	27	20	10	21	12	22	18	23	54	24	26	25	19	26	29	27	94	28	66	29	84	30	14	31	50	32	35	33	78	34	16	35	66	36	79	37	29	38	54	39	100	
	0	22	1	86	2	92	3	51	4	88	5	44	6	100	7	26	8	31	9	73	10	79	11	96	12	51	13	80	14	22	15	96	16	59	17	17	18	93	19	78	20	29	21	16	22	24	23	42	24	70	25	33	26	86	27	45	28	93	29	45	30	96	31	65	32	97	33	27	34	59	35	73	36	35	37	78	38	47	39	54	
	0	48	1	38	2	77	3	75	4	34	5	22	6	45	7	70	8	99	9	21	10	51	11	56	12	66	13	52	14	15	15	93	16	19	17	50	18	22	19	88	20	46	21	24	22	71	23	98	24	33	25	17	26	41	27	83	28	37	29	32	30	19	31	59	32	100	33	12	34	30	35	29	36	38	37	60	38	72	39	66	
	0	56	1	36	2	36	3	68	4	37	5	59	6	17	7	35	8	96	9	38	10	85	11	17	12	71	13	58	14	85	15	79	16	60	17	97	18	69	19	45	20	71	21	91	22	59	23	82	24	88	25	98	26	53	27	28	28	59	29	91	30	83	31	50	32	53	33	28	34	54	35	42	36	100	37	57	38	50	39	86	
	0	25	1	64	2	54	3	46	4	68	5	40	6	59	7	91	8	72	9	65	10	43	11	14	12	34	13	81	14	82	15	81	16	19	17	77	18	65	19	17	20	37	21	14	22	20	23	65	24	72	25	45	26	38	27	68	28	44	29	65	30	75	31	62	32	23	33	81	34	42	35	90	36	11	37	46	38	97	39	10	
	0	18	1	79	2	62	3	46	4	99	5	52	6	50	7	48	8	32	9	53	10	17	11	58	12	59	13	61	14	52	15	68	16	10	17	48	18	40	19	78	20	62	21	52	22	84	23	62	24	36	25	16	26	81	27	80	28	76	29	21	30	85	31	15	32	91	33	50	34	25	35	80	36	17	37	88	38	71	39	89	
	0	97	1	96	2	24	3	72	4	46	5	92	6	42	7	85	8	69	9	34	10	93	11	14	12	94	13	29	14	80	15	49	16	26	17	65	18	91	19	68	20	11	21	59	22	32	23	10	24	29	25	44	26	89	27	94	28	94	29	75	30	24	31	25	32	50	33	40	34	51	35	59	36	25	37	63	38	86	39	32	
	0	47	1	27	2	25	3	90	4	15	5	23	6	43	7	33	8	56	9	61	10	17	11	17	12	54	13	14	14	100	15	42	16	69	17	13	18	90	19	43	20	65	21	87	22	50	23	75	24	54	25	80	26	78	27	70	28	84	29	36	30	32	31	62	32	22	33	49	34	98	35	96	36	82	37	56	38	74	39	98	
	0	27	1	32	2	68	3	55	4	99	5	24	6	51	7	43	8	41	9	96	10	31	11	85	12	37	13	99	14	83	15	96	16	29	17	35	18	99	19	30	20	20	21	67	22	45	23	63	24	96	25	61	26	10	27	68	28	24	29	80	30	87	31	67	32	88	33	94	34	82	35	60	36	14	37	36	38	63	39	49	
	0	95	1	43	2	12	3	36	4	71	5	13	6	95	7	54	8	77	9	93	10	65	11	30	12	31	13	30	14	11	15	13	16	78	17	77	18	30	19	96	20	70	21	25	22	91	23	56	24	94	25	22	26	94	27	96	28	39	29	36	30	40	31	33	32	64	33	59	34	16	35	66	36	63	37	90	38	97	39	40	
	0	80	1	56	2	73	3	50	4	85	5	68	6	91	7	31	8	86	9	76	10	18	11	77	12	68	13	19	14	68	15	52	16	33	17	40	18	31	19	74	20	46	21	54	22	30	23	46	24	30	25	11	26	14	27	57	28	95	29	32	30	14	31	97	32	94	33	71	34	68	35	63	36	43	37	78	38	15	39	67	
	0	83	1	53	2	67	3	39	4	15	5	70	6	10	7	91	8	79	9	62	10	84	11	74	12	55	13	35	14	88	15	46	16	24	17	20	18	37	19	98	20	20	21	71	22	73	23	82	24	100	25	39	26	88	27	18	28	57	29	33	30	93	31	98	32	86	33	53	34	81	35	73	36	13	37	82	38	13	39	43	
	0	48	1	22	2	64	3	11	4	14	5	46	6	58	7	94	8	28	9	70	10	88	11	19	12	50	13	96	14	85	15	75	16	72	17	74	18	43	19	25	20	33	21	96	22	18	23	13	24	35	25	99	26	100	27	14	28	62	29	90	30	78	31	79	32	90	33	85	34	31	35	45	36	79	37	37	38	79	39	51	
	0	40	1	32	2	12	3	60	4	59	5	41	6	73	7	81	8	99	9	86	10	79	11	40	12	77	13	60	14	28	15	19	16	65	17	98	18	64	19	46	20	14	21	97	22	69	23	54	24	22	25	47	26	51	27	82	28	50	29	38	30	45	31	28	32	49	33	62	34	58	35	59	36	48	37	59	38	52	39	15	
	0	77	1	75	2	98	3	57	4	59	5	48	6	89	7	12	8	15	9	47	10	62	11	76	12	34	13	88	14	22	15	42	16	61	17	88	18	32	19	41	20	19	21	53	22	81	23	65	24	25	25	43	26	59	27	94	28	48	29	92	30	85	31	37	32	16	33	54	34	99	35	61	36	74	37	44	38	22	39	93	
	0	75	1	58	2	24	3	42	4	32	5	53	6	35	7	58	8	61	9	82	10	13	11	43	12	95	13	73	14	38	15	99	16	26	17	52	18	89	19	51	20	52	21	99	22	61	23	70	24	82	25	32	26	51	27	79	28	52	29	47	30	15	31	65	32	10	33	32	34	56	35	86	36	61	37	98	38	35	39	46	
	0	53	1	10	2	75	3	100	4	27	5	80	6	86	7	25	8	33	9	46	10	17	11	45	12	81	13	24	14	57	15	100	16	73	17	95	18	93	19	15	20	48	21	20	22	80	23	28	24	56	25	73	26	65	27	12	28	99	29	23	30	53	31	20	32	12	33	25	34	83	35	65	36	37	37	15	38	57	39	84	
	0	16	1	87	2	53	3	14	4	20	5	25	6	27	7	43	8	85	9	24	10	67	11	56	12	47	13	10	14	25	15	17	16	96	17	83	18	50	19	99	20	57	21	22	22	45	23	73	24	48	25	81	26	12	27	29	28	76	29	61	30	63	31	63	32	32	33	34	34	22	35	66	36	16	37	54	38	56	39	39	
	0	11	1	100	2	61	3	10	4	85	5	43	6	30	7	91	8	47	9	18	10	100	11	22	12	36	13	34	14	85	15	83	16	54	17	48	18	51	19	53	20	28	21	75	22	39	23	100	24	22	25	79	26	80	27	14	28	54	29	34	30	28	31	44	32	32	33	61	34	61	35	42	36	28	37	74	38	82	39	28	
	0	11	1	28	2	33	3	31	4	18	5	87	6	74	7	53	8	60	9	52	10	91	11	94	12	100	13	10	14	73	15	25	16	73	17	35	18	81	19	27	20	41	21	93	22	11	23	76	24	79	25	89	26	58	27	43	28	69	29	72	30	80	31	78	32	17	33	65	34	83	35	93	36	27	37	54	38	66	39	76	
	0	24	1	84	2	22	3	10	4	82	5	80	6	36	7	74	8	57	9	38	10	41	11	72	12	41	13	82	14	88	15	57	16	79	17	12	18	90	19	89	20	64	21	41	22	33	23	52	24	41	25	82	26	51	27	94	28	34	29	44	30	23	31	53	32	87	33	25	34	79	35	46	36	40	37	67	38	35	39	65	
	0	25	1	57	2	100	3	62	4	45	5	30	6	66	7	33	8	94	9	22	10	90	11	43	12	39	13	66	14	77	15	36	16	18	17	96	18	36	19	95	20	40	21	20	22	59	23	63	24	18	25	17	26	31	27	95	28	95	29	93	30	83	31	51	32	27	33	67	34	24	35	26	36	54	37	72	38	73	39	63	
	0	63	1	18	2	90	3	51	4	16	5	29	6	18	7	59	8	33	9	68	10	19	11	86	12	30	13	15	14	21	15	12	16	10	17	60	18	57	19	78	20	49	21	48	22	76	23	98	24	57	25	89	26	20	27	73	28	39	29	36	30	85	31	15	32	19	33	97	34	74	35	77	36	68	37	51	38	63	39	97	
	0	74	1	79	2	34	3	99	4	88	5	30	6	53	7	59	8	97	9	100	10	51	11	71	12	52	13	63	14	37	15	77	16	83	17	93	18	74	19	24	20	71	21	100	22	16	23	48	24	14	25	58	26	61	27	63	28	58	29	45	30	14	31	96	32	41	33	46	34	29	35	38	36	77	37	78	38	61	39	10	
	0	81	1	84	2	28	3	90	4	86	5	14	6	48	7	24	8	20	9	49	10	75	11	10	12	92	13	94	14	21	15	92	16	37	17	22	18	14	19	19	20	46	21	94	22	60	23	24	24	14	25	32	26	73	27	51	28	13	29	72	30	99	31	21	32	16	33	70	34	16	35	74	36	35	37	83	38	87	39	21	
	0	77	1	23	2	25	3	69	4	90	5	73	6	14	7	68	8	52	9	19	10	14	11	98	12	55	13	30	14	28	15	20	16	93	17	79	18	58	19	97	20	21	21	55	22	26	23	69	24	33	25	35	26	27	27	82	28	66	29	15	30	10	31	97	32	31	33	60	34	87	35	72	36	28	37	18	38	35	39	85	
	0	26	1	41	2	95	3	100	4	45	5	67	6	97	7	94	8	51	9	60	10	71	11	22	12	87	13	45	14	90	15	67	16	66	17	27	18	44	19	97	20	97	21	90	22	29	23	54	24	78	25	61	26	52	27	88	28	66	29	77	30	77	31	24	32	86	33	68	34	56	35	42	36	95	37	26	38	21	39	100	
	0	64	1	46	2	61	3	84	4	70	5	15	6	23	7	95	8	12	9	15	10	51	11	96	12	91	13	38	14	88	15	70	16	94	17	92	18	21	19	16	20	60	21	47	22	41	23	16	24	23	25	13	26	68	27	92	28	37	29	72	30	77	31	74	32	72	33	25	34	33	35	33	36	65	37	78	38	51	39	55	
	0	74	1	65	2	63	3	38	4	94	5	80	6	85	7	76	8	79	9	19	10	54	11	65	12	49	13	90	14	70	15	51	16	71	17	30	18	70	19	92	20	11	21	60	22	37	23	79	24	63	25	19	26	65	27	14	28	53	29	32	30	44	31	28	32	96	33	28	34	81	35	18	36	72	37	19	38	90	39	79	
	0	29	1	22	2	69	3	42	4	47	5	44	6	11	7	34	8	72	9	16	10	66	11	45	12	50	13	46	14	97	15	15	16	26	17	77	18	41	19	98	20	43	21	47	22	69	23	85	24	32	25	72	26	24	27	24	28	98	29	26	30	66	31	98	32	56	33	83	34	35	35	62	36	92	37	34	38	78	39	62	
	0	41	1	73	2	84	3	19	4	91	5	16	6	74	7	31	8	55	9	50	10	97	11	94	12	52	13	96	14	30	15	60	16	75	17	67	18	28	19	55	20	88	21	40	22	31	23	53	24	60	25	82	26	18	27	31	28	28	29	54	30	93	31	89	32	27	33	16	34	18	35	85	36	22	37	72	38	95	39	59	
	0	30	1	11	2	33	3	62	4	51	5	58	6	31	7	36	8	49	9	42	10	54	11	57	12	57	13	18	14	40	15	41	16	55	17	36	18	61	19	77	20	90	21	62	22	81	23	52	24	29	25	61	26	87	27	55	28	51	29	53	30	13	31	63	32	87	33	45	34	53	35	47	36	68	37	69	38	69	39	82	
	0	65	1	76	2	15	3	41	4	95	5	41	6	12	7	61	8	64	9	85	10	32	11	13	12	81	13	22	14	39	15	53	16	97	17	19	18	29	19	31	20	92	21	80	22	49	23	41	24	46	25	60	26	69	27	83	28	83	29	20	30	89	31	91	32	30	33	84	34	17	35	54	36	67	37	10	38	54	39	50	
	0	27	1	57	2	64	3	33	4	61	5	33	6	13	7	79	8	93	9	80	10	63	11	92	12	93	13	91	14	58	15	17	16	41	17	93	18	21	19	74	20	29	21	19	22	36	23	61	24	65	25	73	26	40	27	48	28	96	29	76	30	40	31	79	32	42	33	18	34	27	35	84	36	33	37	94	38	92	39	38	
	0	80	1	14	2	25	3	73	4	13	5	39	6	49	7	18	8	23	9	95	10	49	11	82	12	23	13	99	14	47	15	64	16	32	17	70	18	19	19	64	20	28	21	18	22	22	23	19	24	17	25	62	26	31	27	100	28	15	29	31	30	53	31	43	32	97	33	97	34	70	35	25	36	51	37	82	38	16	39	76	
	0	100	1	34	2	97	3	23	4	83	5	17	6	50	7	93	8	89	9	63	10	89	11	10	12	70	13	74	14	51	15	34	16	100	17	19	18	47	19	18	20	83	21	65	22	20	23	66	24	95	25	22	26	94	27	21	28	26	29	75	30	57	31	96	32	93	33	48	34	82	35	36	36	72	37	90	38	49	39	12	
	0	84	1	17	2	55	3	29	4	34	5	43	6	75	7	37	8	45	9	69	10	88	11	38	12	23	13	65	14	16	15	18	16	21	17	20	18	83	19	77	20	44	21	25	22	44	23	31	24	96	25	34	26	86	27	23	28	10	29	13	30	19	31	29	32	57	33	55	34	41	35	55	36	30	37	26	38	44	39	89	
	0	59	1	30	2	88	3	26	4	32	5	92	6	73	7	25	8	78	9	93	10	59	11	61	12	73	13	44	14	37	15	17	16	20	17	28	18	47	19	71	20	24	21	57	22	30	23	41	24	43	25	36	26	35	27	41	28	67	29	97	30	15	31	82	32	29	33	10	34	76	35	76	36	56	37	33	38	94	39	30	
	0	43	1	56	2	98	3	93	4	45	5	44	6	97	7	89	8	88	9	41	10	37	11	71	12	23	13	96	14	66	15	96	16	65	17	25	18	11	19	95	20	86	21	36	22	37	23	84	24	30	25	80	26	18	27	45	28	33	29	59	30	60	31	30	32	58	33	48	34	50	35	11	36	58	37	64	38	32	39	56	
	0	92	1	66	2	76	3	55	4	84	5	93	6	19	7	69	8	73	9	31	10	68	11	11	12	96	13	60	14	80	15	11	16	58	17	68	18	72	19	11	20	87	21	33	22	31	23	15	24	70	25	54	26	41	27	54	28	35	29	94	30	11	31	85	32	94	33	53	34	43	35	38	36	21	37	35	38	48	39	65	
	0	66	1	35	2	81	3	84	4	59	5	62	6	75	7	76	8	87	9	72	10	90	11	78	12	18	13	97	14	78	15	83	16	75	17	86	18	85	19	76	20	28	21	27	22	36	23	94	24	61	25	35	26	38	27	29	28	12	29	66	30	28	31	83	32	97	33	38	34	88	35	21	36	70	37	42	38	76	39	22	
	0	70	1	93	2	93	3	52	4	10	5	97	6	42	7	89	8	35	9	51	10	10	11	95	12	19	13	78	14	73	15	47	16	59	17	41	18	37	19	42	20	15	21	32	22	84	23	77	24	60	25	41	26	49	27	11	28	98	29	57	30	39	31	100	32	25	33	75	34	93	35	53	36	63	37	93	38	52	39	98	
	0	62	1	50	2	88	3	50	4	69	5	60	6	79	7	96	8	83	9	27	10	13	11	42	12	18	13	77	14	39	15	93	16	81	17	45	18	87	19	54	20	93	21	34	22	97	23	18	24	40	25	98	26	25	27	26	28	94	29	78	30	34	31	17	32	58	33	29	34	79	35	24	36	97	37	48	38	90	39	96	
	0	58	1	24	2	75	3	86	4	30	5	44	6	78	7	21	8	19	9	54	10	66	11	64	12	44	13	18	14	11	15	52	16	66	17	63	18	45	19	76	20	65	21	29	22	38	23	73	24	52	25	54	26	80	27	11	28	75	29	71	30	84	31	68	32	87	33	97	34	78	35	69	36	25	37	30	38	15	39	47	
	0	78	1	28	2	58	3	18	4	67	5	24	6	88	7	80	8	55	9	65	10	72	11	48	12	97	13	80	14	95	15	67	16	70	17	87	18	29	19	22	20	73	21	41	22	46	23	29	24	11	25	96	26	15	27	56	28	86	29	87	30	77	31	61	32	83	33	49	34	11	35	26	36	100	37	48	38	98	39	54	
	0	69	1	95	2	34	3	52	4	48	5	10	6	100	7	26	8	13	9	54	10	23	11	26	12	34	13	73	14	38	15	96	16	27	17	13	18	17	19	89	20	12	21	87	22	72	23	35	24	88	25	17	26	79	27	96	28	55	29	36	30	97	31	33	32	33	33	50	34	31	35	44	36	50	37	86	38	16	39	16	
	0	44	1	20	2	79	3	99	4	78	5	67	6	67	7	14	8	63	9	15	10	81	11	25	12	53	13	74	14	24	15	20	16	66	17	49	18	95	19	16	20	74	21	60	22	74	23	89	24	53	25	57	26	30	27	17	28	100	29	19	30	20	31	76	32	39	33	23	34	75	35	47	36	59	37	77	38	27	39	32	
	0	32	1	85	2	54	3	44	4	11	5	60	6	85	7	48	8	19	9	90	10	97	11	36	12	28	13	74	14	84	15	46	16	82	17	33	18	64	19	31	20	98	21	84	22	96	23	32	24	29	25	90	26	53	27	38	28	42	29	49	30	71	31	92	32	86	33	77	34	82	35	92	36	39	37	78	38	71	39	65	
	0	54	1	71	2	50	3	21	4	73	5	90	6	48	7	36	8	89	9	72	10	38	11	74	12	29	13	93	14	95	15	83	16	92	17	13	18	98	19	33	20	70	21	17	22	41	23	39	24	82	25	83	26	23	27	44	28	96	29	77	30	32	31	84	32	25	33	100	34	61	35	38	36	72	37	82	38	21	39	94	
	0	82	1	33	2	54	3	65	4	68	5	90	6	23	7	72	8	22	9	62	10	98	11	64	12	18	13	23	14	14	15	65	16	18	17	42	18	32	19	62	20	23	21	86	22	40	23	83	24	83	25	44	26	52	27	40	28	86	29	46	30	61	31	73	32	96	33	34	34	86	35	10	36	27	37	52	38	92	39	47	
	0	59	1	44	2	10	3	71	4	10	5	31	6	62	7	44	8	17	9	79	10	14	11	19	12	63	13	53	14	25	15	22	16	77	17	21	18	73	19	33	20	86	21	79	22	17	23	19	24	70	25	79	26	37	27	80	28	65	29	60	30	50	31	48	32	16	33	60	34	56	35	67	36	30	37	79	38	38	39	92	
	0	45	1	51	2	18	3	59	4	48	5	87	6	66	7	44	8	25	9	55	10	63	11	53	12	50	13	46	14	78	15	85	16	98	17	78	18	80	19	96	20	77	21	67	22	17	23	45	24	56	25	79	26	54	27	15	28	33	29	60	30	26	31	24	32	28	33	99	34	88	35	63	36	80	37	26	38	13	39	28	
	0	96	1	32	2	82	3	91	4	94	5	31	6	65	7	63	8	37	9	75	10	100	11	95	12	36	13	87	14	99	15	63	16	20	17	32	18	78	19	96	20	91	21	85	22	96	23	23	24	58	25	21	26	74	27	49	28	82	29	58	30	10	31	96	32	17	33	15	34	54	35	94	36	24	37	91	38	62	39	43	
	0	10	1	91	2	89	3	23	4	75	5	34	6	62	7	79	8	65	9	40	10	45	11	31	12	17	13	23	14	95	15	67	16	58	17	12	18	73	19	97	20	86	21	18	22	18	23	61	24	22	25	38	26	58	27	17	28	57	29	93	30	30	31	93	32	24	33	55	34	74	35	100	36	42	37	73	38	80	39	10	
	0	69	1	46	2	41	3	13	4	11	5	38	6	47	7	51	8	62	9	55	10	77	11	80	12	37	13	21	14	49	15	48	16	65	17	12	18	61	19	53	20	64	21	57	22	83	23	18	24	93	25	22	26	82	27	34	28	55	29	24	30	91	31	75	32	35	33	59	34	27	35	36	36	11	37	53	38	30	39	81	
	0	59	1	46	2	70	3	51	4	57	5	43	6	49	7	83	8	62	9	88	10	61	11	56	12	16	13	70	14	93	15	40	16	20	17	59	18	23	19	20	20	35	21	37	22	57	23	35	24	32	25	41	26	16	27	16	28	77	29	46	30	93	31	77	32	78	33	69	34	26	35	87	36	26	37	77	38	71	39	70	
	0	100	1	94	2	26	3	79	4	39	5	22	6	19	7	63	8	53	9	47	10	24	11	19	12	61	13	48	14	88	15	16	16	23	17	33	18	48	19	45	20	40	21	13	22	75	23	16	24	98	25	63	26	56	27	92	28	38	29	78	30	17	31	31	32	11	33	49	34	42	35	30	36	39	37	63	38	44	39	96	
	0	54	1	64	2	73	3	43	4	10	5	18	6	25	7	35	8	44	9	59	10	84	11	97	12	65	13	39	14	51	15	33	16	52	17	48	18	35	19	35	20	22	21	70	22	89	23	84	24	26	25	28	26	56	27	85	28	85	29	65	30	98	31	48	32	66	33	97	34	58	35	70	36	36	37	42	38	34	39	16	
	0	38	1	64	2	18	3	55	4	98	5	45	6	47	7	89	8	94	9	74	10	79	11	82	12	61	13	79	14	100	15	18	16	31	17	92	18	64	19	69	20	78	21	58	22	42	23	13	24	62	25	75	26	71	27	68	28	27	29	62	30	17	31	75	32	76	33	40	34	18	35	28	36	30	37	84	38	66	39	95	
	0	41	1	42	2	53	3	19	4	72	5	48	6	63	7	85	8	28	9	19	10	72	11	35	12	27	13	51	14	23	15	67	16	75	17	74	18	99	19	27	20	12	21	43	22	72	23	69	24	89	25	62	26	59	27	24	28	91	29	45	30	99	31	66	32	62	33	81	34	44	35	29	36	26	37	13	38	81	39	38	
	0	89	1	59	2	78	3	100	4	97	5	11	6	81	7	41	8	24	9	83	10	30	11	76	12	29	13	30	14	97	15	41	16	14	17	10	18	40	19	35	20	64	21	89	22	93	23	63	24	42	25	13	26	35	27	39	28	91	29	48	30	84	31	12	32	24	33	84	34	47	35	20	36	76	37	66	38	65	39	81	
	0	39	1	61	2	25	3	56	4	62	5	92	6	30	7	38	8	28	9	27	10	99	11	14	12	45	13	76	14	59	15	99	16	22	17	72	18	46	19	19	20	95	21	10	22	51	23	55	24	41	25	76	26	44	27	46	28	78	29	78	30	13	31	15	32	78	33	32	34	31	35	64	36	16	37	63	38	42	39	68	
	0	10	1	67	2	26	3	79	4	41	5	16	6	58	7	96	8	33	9	28	10	12	11	54	12	70	13	54	14	27	15	85	16	68	17	29	18	56	19	98	20	28	21	98	22	93	23	39	24	20	25	69	26	87	27	41	28	48	29	71	30	68	31	65	32	10	33	98	34	50	35	76	36	86	37	30	38	92	39	96	
	0	31	1	45	2	44	3	87	4	38	5	24	6	28	7	22	8	78	9	32	10	28	11	63	12	11	13	29	14	76	15	84	16	100	17	29	18	69	19	23	20	35	21	91	22	44	23	34	24	48	25	11	26	65	27	12	28	64	29	51	30	91	31	47	32	55	33	38	34	41	35	52	36	39	37	50	38	72	39	78	
	0	23	1	71	2	76	3	89	4	78	5	41	6	21	7	43	8	79	9	27	10	81	11	65	12	31	13	75	14	11	15	47	16	38	17	69	18	65	19	68	20	25	21	92	22	83	23	99	24	88	25	59	26	86	27	32	28	38	29	50	30	66	31	14	32	52	33	37	34	90	35	64	36	77	37	28	38	93	39	27	
	0	50	1	44	2	85	3	94	4	23	5	33	6	64	7	92	8	53	9	72	10	95	11	69	12	33	13	63	14	66	15	61	16	59	17	92	18	56	19	26	20	10	21	69	22	17	23	33	24	92	25	41	26	78	27	63	28	44	29	83	30	79	31	23	32	59	33	41	34	97	35	25	36	16	37	87	38	41	39	55	
	0	49	1	20	2	73	3	58	4	77	5	75	6	92	7	17	8	81	9	46	10	88	11	26	12	11	13	61	14	92	15	61	16	79	17	99	18	45	19	37	20	49	21	32	22	99	23	99	24	48	25	57	26	71	27	56	28	36	29	97	30	33	31	63	32	44	33	54	34	17	35	66	36	60	37	68	38	37	39	26	
	0	17	1	28	2	56	3	18	4	50	5	12	6	47	7	36	8	48	9	69	10	32	11	29	12	47	13	96	14	71	15	38	16	97	17	89	18	54	19	31	20	97	21	93	22	92	23	52	24	86	25	26	26	78	27	70	28	11	29	11	30	38	31	89	32	10	33	61	34	30	35	56	36	85	37	96	38	53	39	68	
	0	78	1	36	2	19	3	62	4	94	5	62	6	24	7	11	8	73	9	42	10	53	11	49	12	69	13	13	14	86	15	66	16	35	17	36	18	66	19	50	20	33	21	84	22	58	23	93	24	52	25	75	26	50	27	85	28	21	29	99	30	21	31	77	32	98	33	91	34	72	35	96	36	88	37	72	38	26	39	49	
	0	84	1	13	2	83	3	72	4	57	5	20	6	96	7	99	8	30	9	56	10	10	11	50	12	13	13	22	14	48	15	18	16	56	17	30	18	14	19	65	20	63	21	19	22	33	23	40	24	100	25	23	26	91	27	28	28	78	29	60	30	48	31	40	32	92	33	26	34	28	35	86	36	40	37	23	38	75	39	52	
	0	34	1	38	2	25	3	53	4	42	5	23	6	18	7	58	8	62	9	88	10	91	11	78	12	48	13	78	14	81	15	75	16	75	17	27	18	13	19	34	20	47	21	30	22	75	23	15	24	76	25	60	26	38	27	60	28	44	29	88	30	28	31	95	32	54	33	68	34	60	35	93	36	25	37	39	38	99	39	11	
	0	96	1	36	2	95	3	62	4	95	5	55	6	72	7	67	8	47	9	60	10	91	11	20	12	57	13	42	14	31	15	52	16	70	17	35	18	44	19	84	20	65	21	23	22	100	23	93	24	41	25	89	26	41	27	72	28	21	29	47	30	30	31	80	32	100	33	45	34	87	35	16	36	72	37	73	38	79	39	62	
	0	50	1	86	2	32	3	69	4	35	5	77	6	55	7	70	8	59	9	47	10	22	11	94	12	67	13	79	14	67	15	18	16	36	17	30	18	80	19	11	20	12	21	16	22	56	23	52	24	44	25	13	26	12	27	77	28	73	29	67	30	50	31	100	32	88	33	10	34	55	35	98	36	14	37	96	38	36	39	42	
	0	72	1	86	2	76	3	53	4	46	5	30	6	92	7	89	8	77	9	88	10	50	11	18	12	74	13	43	14	72	15	14	16	24	17	67	18	20	19	61	20	52	21	32	22	54	23	10	24	42	25	25	26	19	27	51	28	33	29	75	30	75	31	89	32	58	33	95	34	28	35	72	36	73	37	36	38	33	39	19	
	0	41	1	38	2	87	3	14	4	82	5	96	6	20	7	89	8	64	9	21	10	35	11	88	12	75	13	98	14	97	15	77	16	12	17	67	18	48	19	41	20	44	21	66	22	90	23	94	24	86	25	29	26	42	27	44	28	58	29	80	30	94	31	71	32	84	33	44	34	75	35	53	36	56	37	33	38	80	39	43	
	0	86	1	86	2	66	3	76	4	68	5	43	6	24	7	43	8	10	9	76	10	62	11	36	12	58	13	53	14	16	15	14	16	52	17	92	18	35	19	69	20	62	21	86	22	43	23	99	24	88	25	24	26	60	27	83	28	65	29	48	30	89	31	31	32	96	33	89	34	45	35	79	36	42	37	47	38	70	39	87	
	0	92	1	56	2	99	3	59	4	20	5	34	6	18	7	72	8	62	9	67	10	84	11	25	12	49	13	32	14	21	15	73	16	48	17	88	18	57	19	33	20	52	21	36	22	30	23	46	24	99	25	43	26	53	27	14	28	84	29	100	30	55	31	95	32	19	33	16	34	82	35	90	36	81	37	63	38	33	39	84	
	0	25	1	32	2	48	3	44	4	63	5	61	6	38	7	21	8	95	9	98	10	89	11	74	12	26	13	61	14	84	15	19	16	14	17	88	18	13	19	89	20	92	21	80	22	60	23	31	24	38	25	87	26	94	27	24	28	78	29	84	30	97	31	65	32	10	33	35	34	34	35	48	36	30	37	15	38	15	39	33	
	0	79	1	22	2	71	3	24	4	76	5	67	6	47	7	89	8	57	9	51	10	26	11	69	12	57	13	95	14	14	15	39	16	79	17	34	18	73	19	35	20	59	21	25	22	85	23	11	24	51	25	61	26	53	27	15	28	14	29	89	30	45	31	56	32	75	33	26	34	52	35	93	36	15	37	28	38	94	39	23	
	0	28	1	90	2	88	3	22	4	91	5	18	6	27	7	18	8	45	9	70	10	58	11	24	12	26	13	35	14	100	15	14	16	71	17	39	18	85	19	70	20	85	21	52	22	76	23	36	24	82	25	94	26	99	27	23	28	84	29	89	30	19	31	19	32	72	33	78	34	28	35	11	36	38	37	38	38	61	39	76	
	0	66	1	81	2	70	3	13	4	43	5	41	6	42	7	16	8	82	9	33	10	10	11	45	12	10	13	66	14	71	15	30	16	72	17	43	18	99	19	39	20	67	21	95	22	31	23	58	24	54	25	46	26	79	27	72	28	100	29	98	30	98	31	86	32	58	33	28	34	45	35	90	36	31	37	98	38	30	39	35	
	0	64	1	59	2	66	3	73	4	80	5	89	6	62	7	91	8	12	9	50	10	50	11	43	12	14	13	29	14	20	15	42	16	37	17	27	18	71	19	81	20	16	21	36	22	43	23	64	24	64	25	71	26	92	27	56	28	51	29	89	30	11	31	12	32	27	33	25	34	40	35	28	36	61	37	35	38	22	39	96	
	0	93	1	98	2	65	3	90	4	47	5	75	6	22	7	97	8	87	9	70	10	71	11	63	12	56	13	22	14	41	15	43	16	42	17	98	18	81	19	24	20	97	21	23	22	33	23	26	24	31	25	25	26	13	27	85	28	14	29	12	30	16	31	46	32	12	33	11	34	17	35	16	36	46	37	92	38	34	39	68	
	0	84	1	99	2	17	3	96	4	26	5	98	6	21	7	19	8	76	9	97	10	28	11	63	12	67	13	18	14	30	15	52	16	70	17	10	18	78	19	99	20	95	21	83	22	49	23	84	24	86	25	96	26	98	27	50	28	57	29	53	30	45	31	39	32	69	33	83	34	38	35	11	36	73	37	59	38	17	39	92	
	0	87	1	32	2	77	3	36	4	44	5	91	6	47	7	48	8	89	9	19	10	30	11	12	12	39	13	12	14	69	15	79	16	56	17	42	18	67	19	84	20	79	21	72	22	88	23	59	24	39	25	67	26	84	27	63	28	24	29	46	30	35	31	34	32	24	33	60	34	64	35	47	36	26	37	30	38	19	39	52	
	0	72	1	36	2	50	3	86	4	91	5	42	6	99	7	24	8	48	9	59	10	36	11	24	12	45	13	24	14	38	15	51	16	96	17	57	18	86	19	65	20	48	21	26	22	23	23	38	24	62	25	45	26	64	27	37	28	23	29	65	30	66	31	32	32	19	33	11	34	97	35	46	36	23	37	15	38	28	39	42	
	0	93	1	94	2	56	3	86	4	79	5	60	6	98	7	82	8	73	9	13	10	86	11	55	12	96	13	27	14	15	15	68	16	92	17	36	18	97	19	69	20	19	21	17	22	56	23	19	24	78	25	55	26	30	27	58	28	11	29	66	30	74	31	88	32	69	33	74	34	45	35	31	36	48	37	62	38	57	39	53	
	0	17	1	31	2	76	3	67	4	98	5	23	6	15	7	94	8	49	9	13	10	53	11	71	12	100	13	40	14	24	15	43	16	37	17	11	18	97	19	48	20	41	21	71	22	74	23	83	24	85	25	70	26	63	27	11	28	73	29	92	30	84	31	25	32	49	33	95	34	54	35	73	36	65	37	50	38	74	39	13	
	0	84	1	46	2	53	3	61	4	41	5	47	6	19	7	83	8	18	9	14	10	81	11	54	12	80	13	53	14	41	15	89	16	80	17	40	18	29	19	35	20	69	21	10	22	61	23	19	24	49	25	48	26	23	27	14	28	94	29	50	30	56	31	55	32	38	33	22	34	95	35	63	36	15	37	61	38	25	39	89	
	0	46	1	97	2	32	3	56	4	82	5	60	6	10	7	97	8	51	9	66	10	12	11	57	12	14	13	25	14	19	15	89	16	96	17	63	18	28	19	74	20	55	21	43	22	42	23	61	24	59	25	83	26	16	27	16	28	54	29	21	30	91	31	25	32	63	33	64	34	50	35	27	36	10	37	62	38	90	39	11	
	0	93	1	40	2	72	3	91	4	35	5	28	6	48	7	29	8	99	9	45	10	16	11	64	12	80	13	16	14	21	15	57	16	95	17	74	18	86	19	51	20	46	21	45	22	22	23	30	24	71	25	41	26	29	27	48	28	96	29	87	30	77	31	64	32	80	33	91	34	13	35	16	36	24	37	37	38	80	39	15	
	0	58	1	90	2	58	3	78	4	94	5	88	6	19	7	83	8	68	9	54	10	81	11	81	12	19	13	61	14	34	15	41	16	99	17	94	18	78	19	51	20	56	21	37	22	100	23	95	24	45	25	71	26	95	27	79	28	69	29	30	30	45	31	16	32	21	33	83	34	63	35	28	36	14	37	55	38	91	39	77	
	0	70	1	52	2	13	3	69	4	56	5	30	6	92	7	83	8	10	9	56	10	50	11	89	12	63	13	76	14	16	15	71	16	30	17	91	18	38	19	37	20	28	21	71	22	86	23	75	24	74	25	75	26	17	27	85	28	97	29	26	30	70	31	49	32	66	33	76	34	58	35	61	36	58	37	99	38	61	39	45	
	0	84	1	94	2	47	3	94	4	69	5	75	6	100	7	21	8	47	9	17	10	16	11	92	12	59	13	91	14	21	15	52	16	21	17	87	18	22	19	39	20	66	21	42	22	64	23	58	24	98	25	21	26	19	27	53	28	20	29	96	30	81	31	32	32	26	33	18	34	20	35	31	36	98	37	81	38	33	39	61	
	0	82	1	76	2	39	3	20	4	25	5	36	6	60	7	25	8	54	9	65	10	32	11	35	12	68	13	85	14	19	15	11	16	61	17	23	18	39	19	18	20	91	21	43	22	50	23	79	24	68	25	22	26	48	27	53	28	44	29	43	30	61	31	59	32	25	33	23	34	16	35	39	36	57	37	12	38	29	39	41	
	0	32	1	96	2	58	3	82	4	26	5	56	6	35	7	74	8	28	9	93	10	84	11	33	12	53	13	64	14	46	15	41	16	49	17	68	18	71	19	89	20	35	21	62	22	53	23	60	24	93	25	70	26	20	27	23	28	41	29	44	30	84	31	79	32	54	33	43	34	49	35	13	36	37	37	14	38	28	39	57	
	0	21	1	50	2	45	3	51	4	54	5	62	6	60	7	96	8	64	9	21	10	63	11	44	12	64	13	18	14	80	15	51	16	80	17	30	18	92	19	92	20	28	21	27	22	51	23	89	24	91	25	76	26	84	27	29	28	99	29	48	30	87	31	65	32	97	33	48	34	41	35	45	36	87	37	65	38	45	39	45	
	0	68	1	15	2	96	3	58	4	94	5	95	6	23	7	33	8	18	9	61	10	66	11	11	12	63	13	88	14	68	15	87	16	67	17	86	18	57	19	35	20	62	21	51	22	92	23	41	24	96	25	18	26	52	27	33	28	100	29	33	30	81	31	70	32	21	33	87	34	50	35	83	36	54	37	48	38	93	39	33	
	0	86	1	82	2	20	3	42	4	22	5	94	6	70	7	67	8	88	9	66	10	11	11	42	12	86	13	80	14	30	15	11	16	89	17	10	18	81	19	58	20	65	21	10	22	45	23	46	24	67	25	90	26	63	27	98	28	16	29	22	30	33	31	98	32	96	33	17	34	96	35	87	36	76	37	76	38	68	39	41	
	0	57	1	33	2	10	3	100	4	56	5	34	6	38	7	99	8	82	9	37	10	82	11	73	12	99	13	41	14	49	15	26	16	72	17	81	18	39	19	17	20	97	21	15	22	34	23	25	24	61	25	48	26	61	27	35	28	39	29	39	30	76	31	20	32	25	33	12	34	80	35	92	36	84	37	29	38	13	39	21	
	0	45	1	50	2	90	3	42	4	79	5	56	6	48	7	10	8	83	9	26	10	62	11	72	12	31	13	76	14	92	15	42	16	31	17	94	18	55	19	21	20	55	21	41	22	100	23	48	24	42	25	89	26	56	27	37	28	55	29	21	30	94	31	42	32	43	33	36	34	43	35	43	36	17	37	82	38	84	39	89	
	0	21	1	42	2	29	3	97	4	52	5	75	6	65	7	40	8	44	9	71	10	30	11	76	12	45	13	90	14	79	15	83	16	25	17	97	18	56	19	85	20	69	21	60	22	15	23	45	24	82	25	95	26	22	27	83	28	12	29	18	30	12	31	57	32	42	33	84	34	66	35	99	36	35	37	68	38	25	39	43	
	0	87	1	11	2	89	3	68	4	71	5	41	6	83	7	83	8	94	9	27	10	31	11	77	12	62	13	74	14	92	15	91	16	79	17	27	18	63	19	53	20	93	21	89	22	52	23	81	24	21	25	77	26	65	27	38	28	60	29	43	30	49	31	89	32	41	33	97	34	62	35	32	36	10	37	81	38	90	39	30	
	0	24	1	86	2	26	3	39	4	43	5	53	6	11	7	41	8	56	9	72	10	55	11	12	12	52	13	59	14	35	15	29	16	11	17	62	18	65	19	13	20	78	21	70	22	84	23	62	24	49	25	88	26	13	27	66	28	78	29	33	30	70	31	75	32	69	33	98	34	66	35	37	36	43	37	40	38	62	39	75	
	0	76	1	70	2	100	3	18	4	12	5	90	6	50	7	70	8	13	9	91	10	45	11	72	12	25	13	95	14	31	15	69	16	91	17	58	18	37	19	15	20	13	21	73	22	10	23	39	24	22	25	48	26	43	27	92	28	51	29	53	30	76	31	64	32	12	33	92	34	15	35	33	36	31	37	35	38	86	39	97	
	0	24	1	62	2	29	3	53	4	10	5	73	6	97	7	82	8	56	9	96	10	71	11	88	12	69	13	67	14	84	15	92	16	53	17	21	18	68	19	77	20	30	21	12	22	32	23	40	24	100	25	28	26	38	27	20	28	17	29	88	30	55	31	57	32	53	33	77	34	80	35	24	36	61	37	18	38	28	39	82	
	0	94	1	51	2	59	3	17	4	79	5	73	6	25	7	98	8	56	9	21	10	72	11	55	12	38	13	65	14	49	15	95	16	13	17	39	18	13	19	32	20	21	21	54	22	96	23	51	24	88	25	16	26	73	27	57	28	96	29	39	30	43	31	46	32	90	33	90	34	61	35	89	36	81	37	67	38	29	39	87	
	0	62	1	79	2	42	3	31	4	16	5	87	6	80	7	67	8	23	9	98	10	25	11	23	12	34	13	41	14	47	15	32	16	85	17	98	18	95	19	20	20	68	21	47	22	42	23	68	24	35	25	55	26	79	27	61	28	25	29	66	30	86	31	16	32	47	33	88	34	11	35	63	36	96	37	72	38	62	39	10	
	0	59	1	43	2	75	3	22	4	99	5	50	6	87	7	53	8	36	9	78	10	30	11	89	12	78	13	40	14	40	15	74	16	40	17	51	18	99	19	27	20	72	21	70	22	71	23	37	24	99	25	34	26	100	27	73	28	17	29	90	30	15	31	85	32	98	33	56	34	16	35	15	36	89	37	59	38	72	39	79	
	0	76	1	59	2	14	3	92	4	45	5	14	6	48	7	38	8	34	9	99	10	54	11	99	12	72	13	69	14	74	15	99	16	63	17	46	18	65	19	48	20	96	21	53	22	89	23	23	24	18	25	68	26	30	27	52	28	62	29	71	30	80	31	68	32	51	33	35	34	21	35	94	36	71	37	46	38	77	39	18	
	0	21	1	90	2	36	3	59	4	21	5	33	6	23	7	89	8	84	9	31	10	20	11	42	12	64	13	80	14	80	15	23	16	79	17	20	18	92	19	19	20	22	21	19	22	66	23	37	24	92	25	55	26	79	27	13	28	21	29	53	30	28	31	93	32	56	33	62	34	99	35	14	36	42	37	98	38	34	39	34	
	0	77	1	79	2	83	3	17	4	49	5	88	6	46	7	75	8	97	9	58	10	90	11	86	12	41	13	12	14	51	15	49	16	41	17	53	18	76	19	49	20	85	21	77	22	66	23	31	24	47	25	96	26	26	27	38	28	15	29	76	30	67	31	78	32	10	33	62	34	11	35	11	36	92	37	56	38	44	39	57	
	0	26	1	70	2	39	3	98	4	21	5	15	6	31	7	51	8	95	9	85	10	64	11	96	12	27	13	99	14	80	15	36	16	75	17	73	18	69	19	70	20	14	21	70	22	63	23	17	24	35	25	22	26	84	27	94	28	78	29	95	30	96	31	20	32	12	33	20	34	76	35	28	36	74	37	40	38	80	39	33	
	0	94	1	38	2	80	3	77	4	40	5	15	6	38	7	22	8	82	9	81	10	79	11	99	12	66	13	33	14	19	15	31	16	58	17	88	18	11	19	88	20	12	21	32	22	50	23	74	24	53	25	32	26	23	27	33	28	89	29	27	30	16	31	25	32	27	33	64	34	92	35	96	36	26	37	58	38	44	39	90	