200 40 1
40
	0	84	1	17	2	86	3	79	4	83	5	14	6	20	7	46	8	87	9	90	10	72	11	88	12	37	13	99	14	65	15	33	16	50	17	37	18	27	19	76	20	77	21	71	22	33	23	63	24	10	25	94	26	84	27	50	28	34	29	18	30	46	31	54	32	63	33	75	34	35	35	22	36	13	37	25	38	17	39	28	
	0	65	1	38	2	60	3	67	4	38	5	87	6	71	7	88	8	46	9	46	10	37	11	64	12	39	13	19	14	53	15	94	16	39	17	83	18	48	19	87	20	57	21	17	22	73	23	48	24	87	25	95	26	36	27	80	28	49	29	59	30	99	31	42	32	37	33	49	34	78	35	56	36	84	37	18	38	31	39	33	
	0	41	1	19	2	84	3	86	4	14	5	67	6	55	7	54	8	35	9	11	10	26	11	47	12	40	13	61	14	38	15	75	16	11	17	64	18	22	19	61	20	19	21	43	22	76	23	11	24	37	25	84	26	22	27	13	28	51	29	49	30	26	31	52	32	95	33	50	34	10	35	84	36	72	37	15	38	49	39	96	
	0	77	1	18	2	88	3	92	4	100	5	75	6	67	7	90	8	41	9	19	10	93	11	37	12	54	13	33	14	14	15	67	16	40	17	49	18	90	19	45	20	98	21	48	22	80	23	57	24	83	25	23	26	30	27	22	28	96	29	61	30	61	31	40	32	95	33	55	34	70	35	22	36	28	37	14	38	15	39	19	
	0	17	1	26	2	90	3	69	4	22	5	49	6	87	7	59	8	48	9	69	10	41	11	79	12	55	13	100	14	40	15	12	16	60	17	36	18	10	19	51	20	94	21	16	22	12	23	75	24	58	25	54	26	32	27	90	28	87	29	30	30	45	31	97	32	60	33	99	34	42	35	77	36	80	37	88	38	65	39	67	
	0	97	1	83	2	21	3	68	4	94	5	47	6	84	7	62	8	30	9	81	10	36	11	38	12	12	13	43	14	24	15	71	16	31	17	82	18	34	19	29	20	87	21	93	22	81	23	96	24	91	25	86	26	38	27	85	28	90	29	92	30	94	31	17	32	64	33	51	34	27	35	67	36	34	37	92	38	88	39	56	
	0	91	1	26	2	95	3	87	4	66	5	69	6	27	7	21	8	70	9	48	10	53	11	27	12	77	13	33	14	86	15	35	16	56	17	39	18	70	19	44	20	89	21	10	22	67	23	28	24	96	25	24	26	72	27	94	28	96	29	36	30	78	31	61	32	69	33	83	34	83	35	45	36	36	37	67	38	67	39	44	
	0	79	1	47	2	20	3	80	4	53	5	98	6	69	7	95	8	50	9	41	10	30	11	10	12	11	13	76	14	12	15	92	16	59	17	35	18	57	19	34	20	14	21	91	22	80	23	35	24	98	25	61	26	88	27	49	28	48	29	97	30	29	31	63	32	49	33	86	34	86	35	14	36	80	37	86	38	71	39	83	
	0	65	1	43	2	40	3	52	4	72	5	80	6	89	7	68	8	31	9	37	10	90	11	12	12	81	13	37	14	46	15	71	16	33	17	42	18	39	19	53	20	54	21	12	22	61	23	56	24	32	25	29	26	63	27	89	28	25	29	90	30	91	31	12	32	14	33	19	34	95	35	61	36	34	37	74	38	73	39	91	
	0	27	1	69	2	93	3	78	4	93	5	35	6	49	7	47	8	22	9	26	10	50	11	29	12	25	13	16	14	63	15	96	16	24	17	66	18	49	19	88	20	16	21	24	22	45	23	15	24	71	25	51	26	56	27	39	28	40	29	76	30	92	31	29	32	78	33	65	34	38	35	64	36	38	37	89	38	14	39	98	
	0	62	1	26	2	17	3	41	4	38	5	55	6	77	7	94	8	95	9	25	10	78	11	28	12	100	13	76	14	74	15	64	16	94	17	100	18	42	19	51	20	14	21	26	22	96	23	63	24	10	25	50	26	91	27	34	28	27	29	70	30	30	31	12	32	24	33	47	34	58	35	29	36	11	37	95	38	96	39	49	
	0	99	1	61	2	19	3	97	4	87	5	89	6	59	7	57	8	45	9	50	10	34	11	70	12	57	13	45	14	53	15	54	16	28	17	62	18	38	19	72	20	27	21	68	22	57	23	10	24	72	25	42	26	38	27	91	28	24	29	64	30	87	31	32	32	17	33	23	34	84	35	49	36	39	37	65	38	77	39	37	
	0	19	1	41	2	93	3	24	4	53	5	22	6	34	7	32	8	43	9	17	10	36	11	12	12	53	13	99	14	84	15	55	16	36	17	59	18	11	19	99	20	34	21	51	22	44	23	10	24	70	25	71	26	43	27	13	28	78	29	92	30	17	31	59	32	46	33	71	34	35	35	15	36	28	37	33	38	49	39	70	
	0	24	1	40	2	67	3	45	4	75	5	50	6	77	7	71	8	96	9	58	10	82	11	84	12	49	13	20	14	24	15	65	16	24	17	77	18	91	19	10	20	85	21	66	22	40	23	16	24	18	25	35	26	44	27	30	28	57	29	65	30	10	31	89	32	13	33	64	34	77	35	35	36	68	37	68	38	94	39	19	
	0	55	1	81	2	53	3	29	4	10	5	33	6	81	7	34	8	18	9	66	10	50	11	45	12	25	13	31	14	16	15	48	16	51	17	35	18	71	19	61	20	68	21	86	22	32	23	70	24	95	25	86	26	60	27	82	28	36	29	31	30	98	31	43	32	15	33	92	34	11	35	42	36	32	37	36	38	59	39	71	
	0	95	1	93	2	59	3	22	4	57	5	28	6	35	7	32	8	57	9	26	10	36	11	41	12	56	13	34	14	24	15	43	16	48	17	47	18	78	19	17	20	37	21	65	22	81	23	75	24	67	25	12	26	34	27	93	28	39	29	14	30	100	31	52	32	25	33	78	34	51	35	68	36	36	37	56	38	24	39	73	
	0	23	1	44	2	43	3	10	4	42	5	28	6	99	7	59	8	30	9	78	10	94	11	10	12	28	13	51	14	100	15	95	16	58	17	10	18	94	19	22	20	69	21	72	22	31	23	19	24	25	25	11	26	50	27	79	28	46	29	26	30	30	31	26	32	16	33	75	34	51	35	25	36	64	37	41	38	89	39	47	
	0	41	1	98	2	41	3	87	4	78	5	62	6	73	7	44	8	87	9	23	10	19	11	75	12	43	13	83	14	25	15	22	16	68	17	52	18	42	19	93	20	60	21	48	22	25	23	71	24	77	25	60	26	28	27	26	28	53	29	69	30	18	31	91	32	64	33	93	34	26	35	10	36	26	37	25	38	33	39	53	
	0	15	1	90	2	57	3	41	4	95	5	44	6	95	7	88	8	77	9	36	10	27	11	85	12	88	13	35	14	33	15	63	16	31	17	82	18	89	19	23	20	58	21	17	22	71	23	41	24	25	25	11	26	62	27	27	28	24	29	88	30	99	31	30	32	98	33	56	34	58	35	24	36	51	37	76	38	50	39	27	
	0	89	1	16	2	54	3	67	4	21	5	11	6	88	7	63	8	77	9	45	10	27	11	67	12	63	13	62	14	46	15	45	16	92	17	53	18	99	19	75	20	93	21	43	22	97	23	35	24	87	25	54	26	41	27	34	28	85	29	71	30	94	31	47	32	72	33	59	34	55	35	92	36	11	37	100	38	69	39	84	
	0	44	1	97	2	45	3	81	4	34	5	26	6	92	7	23	8	40	9	33	10	54	11	64	12	21	13	36	14	11	15	32	16	53	17	94	18	36	19	88	20	40	21	24	22	11	23	14	24	25	25	96	26	26	27	43	28	75	29	57	30	16	31	70	32	54	33	57	34	63	35	40	36	28	37	19	38	54	39	81	
	0	90	1	41	2	86	3	10	4	17	5	81	6	96	7	69	8	36	9	23	10	56	11	14	12	71	13	30	14	28	15	18	16	65	17	49	18	95	19	48	20	42	21	82	22	24	23	11	24	57	25	46	26	13	27	28	28	85	29	100	30	86	31	11	32	96	33	13	34	94	35	75	36	86	37	45	38	55	39	70	
	0	44	1	55	2	14	3	82	4	37	5	14	6	87	7	91	8	17	9	29	10	82	11	47	12	96	13	81	14	75	15	28	16	28	17	59	18	26	19	63	20	75	21	44	22	30	23	15	24	26	25	61	26	32	27	29	28	58	29	78	30	91	31	47	32	63	33	96	34	79	35	30	36	59	37	65	38	57	39	31	
	0	30	1	80	2	62	3	96	4	50	5	30	6	28	7	66	8	84	9	83	10	51	11	73	12	43	13	29	14	30	15	51	16	86	17	88	18	86	19	49	20	95	21	28	22	80	23	26	24	86	25	33	26	73	27	90	28	20	29	77	30	60	31	83	32	25	33	31	34	31	35	52	36	32	37	45	38	17	39	93	
	0	91	1	100	2	38	3	23	4	25	5	55	6	66	7	91	8	75	9	72	10	20	11	35	12	35	13	19	14	63	15	27	16	27	17	87	18	29	19	31	20	76	21	47	22	17	23	48	24	15	25	80	26	49	27	94	28	68	29	88	30	56	31	100	32	38	33	59	34	95	35	80	36	81	37	60	38	19	39	21	
	0	62	1	76	2	55	3	62	4	93	5	24	6	46	7	94	8	96	9	70	10	64	11	99	12	29	13	82	14	39	15	58	16	70	17	10	18	51	19	21	20	93	21	30	22	73	23	37	24	33	25	74	26	13	27	36	28	87	29	79	30	92	31	33	32	31	33	69	34	90	35	100	36	79	37	68	38	18	39	65	
	0	34	1	17	2	12	3	37	4	21	5	69	6	80	7	92	8	60	9	11	10	66	11	38	12	19	13	75	14	83	15	40	16	43	17	82	18	53	19	87	20	16	21	46	22	12	23	16	24	76	25	68	26	97	27	88	28	75	29	24	30	61	31	94	32	82	33	67	34	91	35	81	36	39	37	49	38	21	39	82	
	0	21	1	38	2	40	3	16	4	41	5	69	6	36	7	73	8	78	9	57	10	85	11	11	12	86	13	35	14	89	15	89	16	18	17	66	18	87	19	98	20	21	21	30	22	30	23	56	24	85	25	24	26	74	27	20	28	67	29	99	30	13	31	83	32	99	33	59	34	19	35	39	36	47	37	49	38	25	39	72	
	0	26	1	65	2	79	3	26	4	14	5	96	6	31	7	71	8	59	9	40	10	32	11	31	12	17	13	12	14	100	15	60	16	24	17	33	18	57	19	58	20	64	21	67	22	60	23	78	24	40	25	85	26	50	27	16	28	99	29	47	30	34	31	39	32	61	33	57	34	73	35	27	36	90	37	53	38	82	39	33	
	0	26	1	65	2	79	3	51	4	45	5	78	6	67	7	12	8	59	9	30	10	55	11	94	12	29	13	31	14	26	15	78	16	88	17	14	18	10	19	29	20	67	21	90	22	61	23	65	24	85	25	98	26	78	27	47	28	22	29	79	30	21	31	17	32	12	33	43	34	44	35	61	36	60	37	66	38	66	39	60	
	0	35	1	26	2	88	3	79	4	74	5	40	6	17	7	55	8	61	9	66	10	88	11	50	12	86	13	36	14	35	15	89	16	44	17	50	18	78	19	56	20	26	21	88	22	44	23	88	24	79	25	29	26	14	27	43	28	28	29	91	30	89	31	54	32	92	33	75	34	73	35	39	36	52	37	86	38	60	39	15	
	0	66	1	47	2	93	3	60	4	75	5	67	6	56	7	52	8	19	9	56	10	75	11	15	12	18	13	30	14	20	15	49	16	91	17	41	18	38	19	100	20	24	21	64	22	65	23	26	24	71	25	86	26	98	27	80	28	35	29	66	30	14	31	75	32	36	33	91	34	78	35	23	36	20	37	91	38	64	39	89	
	0	50	1	33	2	83	3	51	4	70	5	83	6	50	7	89	8	38	9	53	10	74	11	97	12	61	13	45	14	48	15	32	16	30	17	88	18	85	19	95	20	19	21	10	22	95	23	48	24	35	25	20	26	100	27	71	28	49	29	41	30	80	31	66	32	17	33	58	34	58	35	43	36	49	37	100	38	33	39	69	
	0	43	1	51	2	93	3	16	4	100	5	32	6	39	7	54	8	100	9	87	10	77	11	88	12	75	13	100	14	30	15	56	16	62	17	10	18	25	19	30	20	54	21	85	22	68	23	94	24	68	25	83	26	17	27	82	28	64	29	66	30	20	31	45	32	19	33	84	34	16	35	71	36	52	37	92	38	61	39	30	
	0	13	1	26	2	72	3	10	4	17	5	37	6	51	7	45	8	70	9	100	10	49	11	12	12	10	13	52	14	54	15	33	16	68	17	45	18	51	19	83	20	30	21	57	22	26	23	42	24	40	25	68	26	62	27	67	28	88	29	40	30	34	31	62	32	17	33	47	34	34	35	30	36	55	37	53	38	36	39	13	
	0	38	1	40	2	75	3	56	4	65	5	31	6	65	7	26	8	53	9	77	10	18	11	54	12	28	13	11	14	75	15	81	16	11	17	23	18	39	19	85	20	69	21	66	22	62	23	87	24	65	25	19	26	18	27	42	28	60	29	12	30	32	31	47	32	73	33	92	34	23	35	25	36	13	37	77	38	20	39	62	
	0	25	1	98	2	31	3	24	4	37	5	67	6	46	7	73	8	13	9	29	10	83	11	11	12	53	13	90	14	39	15	47	16	31	17	82	18	20	19	28	20	56	21	46	22	52	23	59	24	51	25	80	26	28	27	62	28	66	29	80	30	74	31	34	32	49	33	32	34	50	35	88	36	60	37	18	38	88	39	41	
	0	97	1	66	2	49	3	40	4	67	5	94	6	35	7	41	8	50	9	67	10	92	11	15	12	89	13	92	14	85	15	59	16	23	17	98	18	27	19	28	20	66	21	49	22	96	23	24	24	92	25	89	26	54	27	49	28	72	29	26	30	26	31	87	32	35	33	97	34	16	35	85	36	41	37	67	38	11	39	77	
	0	92	1	49	2	43	3	45	4	15	5	24	6	37	7	52	8	29	9	57	10	73	11	82	12	16	13	36	14	93	15	92	16	85	17	50	18	12	19	58	20	69	21	56	22	36	23	56	24	42	25	27	26	59	27	27	28	75	29	30	30	21	31	38	32	91	33	80	34	18	35	56	36	38	37	13	38	47	39	14	
	0	56	1	97	2	57	3	89	4	75	5	54	6	75	7	55	8	98	9	56	10	50	11	48	12	78	13	34	14	37	15	59	16	52	17	99	18	85	19	94	20	71	21	99	22	87	23	10	24	66	25	57	26	41	27	49	28	53	29	95	30	85	31	43	32	79	33	66	34	58	35	95	36	33	37	22	38	52	39	24	
	0	58	1	72	2	55	3	46	4	18	5	79	6	32	7	72	8	98	9	67	10	49	11	65	12	22	13	87	14	89	15	80	16	81	17	78	18	48	19	98	20	57	21	66	22	26	23	61	24	55	25	27	26	79	27	18	28	67	29	75	30	28	31	34	32	73	33	10	34	86	35	26	36	54	37	86	38	35	39	41	
	0	19	1	99	2	33	3	29	4	80	5	42	6	34	7	11	8	71	9	26	10	50	11	66	12	90	13	83	14	87	15	37	16	95	17	58	18	50	19	62	20	67	21	37	22	60	23	67	24	91	25	24	26	64	27	47	28	11	29	86	30	66	31	74	32	28	33	90	34	78	35	69	36	26	37	42	38	39	39	10	
	0	34	1	40	2	49	3	10	4	39	5	96	6	82	7	83	8	78	9	89	10	90	11	57	12	30	13	10	14	22	15	54	16	16	17	68	18	59	19	54	20	83	21	60	22	99	23	65	24	75	25	44	26	28	27	23	28	32	29	100	30	89	31	74	32	18	33	27	34	75	35	62	36	32	37	14	38	47	39	93	
	0	65	1	92	2	23	3	57	4	73	5	71	6	71	7	74	8	56	9	100	10	59	11	30	12	85	13	31	14	60	15	30	16	25	17	17	18	45	19	51	20	41	21	100	22	80	23	90	24	32	25	73	26	12	27	34	28	41	29	67	30	69	31	55	32	82	33	74	34	59	35	33	36	78	37	46	38	93	39	21	
	0	21	1	24	2	83	3	44	4	76	5	95	6	44	7	89	8	31	9	15	10	100	11	13	12	57	13	33	14	91	15	38	16	50	17	66	18	43	19	44	20	30	21	11	22	19	23	18	24	25	25	70	26	81	27	82	28	88	29	28	30	72	31	35	32	58	33	72	34	62	35	80	36	77	37	55	38	83	39	98	
	0	54	1	81	2	18	3	40	4	37	5	51	6	99	7	35	8	47	9	58	10	23	11	49	12	34	13	19	14	40	15	35	16	99	17	69	18	60	19	32	20	96	21	16	22	47	23	65	24	47	25	64	26	95	27	58	28	20	29	60	30	34	31	58	32	36	33	32	34	76	35	50	36	51	37	40	38	41	39	14	
	0	69	1	73	2	54	3	36	4	29	5	60	6	37	7	91	8	57	9	76	10	71	11	95	12	90	13	35	14	82	15	63	16	77	17	22	18	59	19	22	20	56	21	89	22	25	23	77	24	37	25	33	26	51	27	97	28	14	29	38	30	76	31	67	32	29	33	25	34	13	35	95	36	21	37	94	38	69	39	26	
	0	13	1	56	2	63	3	71	4	23	5	13	6	81	7	85	8	80	9	71	10	66	11	37	12	82	13	44	14	70	15	58	16	65	17	72	18	25	19	97	20	36	21	62	22	59	23	27	24	100	25	37	26	50	27	68	28	64	29	41	30	48	31	82	32	70	33	57	34	99	35	50	36	61	37	36	38	40	39	75	
	0	87	1	44	2	18	3	82	4	56	5	35	6	97	7	93	8	91	9	33	10	83	11	20	12	66	13	95	14	23	15	33	16	16	17	58	18	89	19	61	20	21	21	32	22	11	23	71	24	89	25	61	26	49	27	80	28	56	29	33	30	46	31	68	32	24	33	34	34	86	35	99	36	67	37	60	38	19	39	95	
	0	71	1	72	2	18	3	82	4	53	5	44	6	45	7	29	8	97	9	42	10	92	11	33	12	59	13	89	14	38	15	33	16	72	17	14	18	67	19	86	20	42	21	80	22	53	23	23	24	94	25	15	26	24	27	38	28	27	29	61	30	22	31	77	32	89	33	65	34	46	35	63	36	37	37	98	38	92	39	71	
	0	22	1	36	2	17	3	55	4	30	5	94	6	39	7	24	8	31	9	85	10	29	11	63	12	63	13	32	14	40	15	59	16	25	17	26	18	54	19	45	20	93	21	15	22	89	23	21	24	42	25	45	26	20	27	79	28	58	29	63	30	45	31	29	32	79	33	31	34	18	35	46	36	97	37	64	38	60	39	19	
	0	56	1	91	2	27	3	24	4	59	5	58	6	35	7	56	8	38	9	61	10	72	11	80	12	46	13	43	14	91	15	97	16	53	17	84	18	24	19	13	20	53	21	91	22	53	23	78	24	13	25	29	26	73	27	66	28	10	29	20	30	50	31	63	32	80	33	51	34	99	35	40	36	38	37	35	38	43	39	86	
	0	31	1	33	2	21	3	61	4	37	5	73	6	71	7	48	8	95	9	30	10	27	11	42	12	65	13	35	14	84	15	59	16	72	17	10	18	46	19	91	20	77	21	32	22	53	23	63	24	69	25	100	26	81	27	43	28	17	29	90	30	56	31	12	32	78	33	58	34	97	35	66	36	82	37	93	38	34	39	81	
	0	66	1	13	2	18	3	28	4	23	5	80	6	30	7	60	8	26	9	100	10	99	11	13	12	81	13	99	14	87	15	31	16	51	17	65	18	32	19	20	20	83	21	92	22	100	23	35	24	21	25	18	26	20	27	73	28	77	29	38	30	70	31	48	32	68	33	11	34	87	35	75	36	82	37	53	38	66	39	92	
	0	35	1	46	2	69	3	86	4	17	5	40	6	96	7	87	8	39	9	91	10	13	11	72	12	79	13	34	14	81	15	11	16	94	17	19	18	19	19	46	20	86	21	63	22	85	23	15	24	24	25	41	26	70	27	49	28	83	29	97	30	77	31	66	32	24	33	47	34	47	35	74	36	85	37	52	38	59	39	80	
	0	19	1	49	2	70	3	54	4	20	5	14	6	62	7	33	8	34	9	83	10	61	11	59	12	94	13	75	14	56	15	100	16	15	17	50	18	48	19	99	20	48	21	26	22	96	23	75	24	17	25	19	26	69	27	42	28	82	29	73	30	24	31	15	32	82	33	55	34	88	35	81	36	93	37	50	38	57	39	85	
	0	92	1	19	2	50	3	13	4	19	5	31	6	86	7	89	8	26	9	28	10	69	11	62	12	27	13	57	14	32	15	49	16	22	17	82	18	92	19	51	20	18	21	56	22	28	23	11	24	92	25	29	26	46	27	60	28	90	29	26	30	100	31	47	32	75	33	91	34	12	35	98	36	55	37	20	38	36	39	25	
	0	41	1	13	2	14	3	92	4	35	5	87	6	42	7	72	8	50	9	14	10	62	11	31	12	75	13	77	14	86	15	87	16	30	17	46	18	36	19	23	20	73	21	91	22	77	23	27	24	54	25	86	26	21	27	62	28	26	29	60	30	98	31	14	32	83	33	33	34	44	35	16	36	75	37	51	38	53	39	72	
	0	29	1	90	2	34	3	16	4	96	5	46	6	87	7	87	8	53	9	98	10	43	11	60	12	10	13	64	14	93	15	56	16	98	17	53	18	98	19	98	20	46	21	98	22	67	23	75	24	62	25	16	26	55	27	96	28	78	29	76	30	54	31	35	32	23	33	65	34	97	35	100	36	78	37	32	38	64	39	76	
	0	44	1	70	2	69	3	23	4	53	5	27	6	40	7	55	8	29	9	79	10	12	11	16	12	36	13	43	14	63	15	20	16	44	17	12	18	57	19	58	20	81	21	11	22	22	23	11	24	33	25	98	26	69	27	53	28	19	29	52	30	13	31	33	32	29	33	54	34	77	35	58	36	84	37	34	38	95	39	17	
	0	68	1	51	2	78	3	14	4	26	5	27	6	23	7	25	8	96	9	72	10	38	11	83	12	29	13	82	14	98	15	65	16	80	17	26	18	70	19	26	20	60	21	77	22	28	23	78	24	50	25	24	26	31	27	84	28	27	29	95	30	61	31	70	32	83	33	21	34	64	35	35	36	34	37	75	38	25	39	83	
	0	19	1	75	2	30	3	35	4	63	5	84	6	86	7	21	8	98	9	21	10	65	11	74	12	40	13	14	14	52	15	30	16	75	17	48	18	84	19	49	20	81	21	23	22	81	23	73	24	61	25	70	26	75	27	58	28	69	29	48	30	49	31	48	32	12	33	97	34	10	35	96	36	30	37	97	38	57	39	83	
	0	65	1	91	2	92	3	100	4	54	5	15	6	85	7	92	8	44	9	63	10	94	11	22	12	70	13	44	14	49	15	89	16	35	17	84	18	74	19	66	20	91	21	68	22	20	23	60	24	68	25	59	26	67	27	53	28	47	29	88	30	59	31	19	32	55	33	11	34	63	35	78	36	92	37	27	38	14	39	82	
	0	14	1	19	2	87	3	98	4	53	5	65	6	37	7	88	8	29	9	55	10	28	11	74	12	90	13	94	14	89	15	90	16	27	17	60	18	80	19	95	20	86	21	11	22	88	23	23	24	19	25	88	26	56	27	65	28	66	29	54	30	68	31	17	32	99	33	39	34	74	35	89	36	91	37	29	38	71	39	97	
	0	67	1	35	2	28	3	64	4	47	5	37	6	31	7	78	8	82	9	67	10	53	11	96	12	97	13	61	14	81	15	62	16	91	17	60	18	57	19	52	20	53	21	72	22	81	23	91	24	63	25	67	26	83	27	37	28	37	29	48	30	44	31	98	32	69	33	49	34	71	35	98	36	81	37	31	38	15	39	47	
	0	50	1	88	2	18	3	46	4	89	5	32	6	51	7	65	8	34	9	67	10	21	11	82	12	56	13	37	14	24	15	57	16	89	17	93	18	66	19	15	20	29	21	77	22	73	23	48	24	58	25	85	26	15	27	49	28	15	29	54	30	17	31	15	32	42	33	13	34	73	35	83	36	82	37	13	38	78	39	23	
	0	70	1	41	2	43	3	34	4	100	5	29	6	12	7	74	8	32	9	49	10	93	11	48	12	98	13	18	14	37	15	95	16	70	17	38	18	97	19	95	20	65	21	89	22	74	23	77	24	57	25	25	26	19	27	27	28	24	29	17	30	34	31	16	32	68	33	54	34	36	35	15	36	65	37	87	38	22	39	53	
	0	39	1	90	2	74	3	39	4	38	5	11	6	21	7	97	8	89	9	38	10	44	11	81	12	96	13	41	14	75	15	48	16	61	17	12	18	24	19	63	20	61	21	91	22	16	23	54	24	62	25	21	26	31	27	84	28	31	29	78	30	80	31	79	32	64	33	95	34	98	35	32	36	48	37	92	38	16	39	86	
	0	15	1	56	2	31	3	81	4	40	5	96	6	86	7	15	8	67	9	68	10	70	11	81	12	17	13	16	14	27	15	39	16	11	17	32	18	25	19	81	20	35	21	75	22	61	23	12	24	79	25	73	26	12	27	98	28	74	29	17	30	95	31	79	32	41	33	91	34	33	35	20	36	25	37	31	38	40	39	17	
	0	49	1	20	2	24	3	60	4	76	5	60	6	24	7	46	8	48	9	26	10	87	11	27	12	16	13	64	14	68	15	15	16	67	17	30	18	34	19	99	20	34	21	67	22	18	23	34	24	66	25	29	26	68	27	24	28	64	29	43	30	97	31	15	32	28	33	69	34	56	35	76	36	92	37	98	38	18	39	30	
	0	33	1	53	2	25	3	75	4	54	5	74	6	22	7	43	8	33	9	65	10	32	11	39	12	100	13	21	14	80	15	37	16	74	17	29	18	45	19	53	20	68	21	13	22	61	23	67	24	73	25	32	26	68	27	96	28	12	29	21	30	22	31	88	32	10	33	33	34	21	35	99	36	93	37	88	38	73	39	62	
	0	58	1	80	2	70	3	16	4	13	5	11	6	87	7	45	8	78	9	51	10	27	11	63	12	40	13	37	14	73	15	78	16	28	17	51	18	80	19	29	20	57	21	33	22	81	23	100	24	94	25	56	26	91	27	40	28	81	29	45	30	21	31	97	32	95	33	34	34	86	35	51	36	19	37	55	38	31	39	48	
	0	16	1	92	2	74	3	10	4	80	5	91	6	25	7	28	8	70	9	82	10	49	11	65	12	10	13	20	14	14	15	48	16	43	17	70	18	27	19	55	20	69	21	81	22	93	23	82	24	76	25	36	26	90	27	89	28	14	29	44	30	14	31	72	32	96	33	71	34	41	35	16	36	41	37	41	38	77	39	55	
	0	22	1	83	2	66	3	23	4	78	5	93	6	78	7	35	8	35	9	66	10	22	11	88	12	12	13	17	14	55	15	58	16	45	17	41	18	58	19	65	20	30	21	84	22	22	23	59	24	12	25	86	26	74	27	44	28	83	29	66	30	70	31	81	32	28	33	63	34	37	35	37	36	77	37	82	38	15	39	67	
	0	52	1	94	2	80	3	91	4	60	5	99	6	17	7	34	8	87	9	50	10	96	11	97	12	47	13	52	14	59	15	20	16	54	17	35	18	39	19	85	20	40	21	66	22	26	23	77	24	18	25	22	26	17	27	99	28	85	29	26	30	64	31	91	32	92	33	94	34	19	35	44	36	39	37	60	38	44	39	55	
	0	76	1	84	2	100	3	91	4	41	5	44	6	44	7	67	8	54	9	55	10	49	11	10	12	100	13	23	14	37	15	16	16	59	17	48	18	95	19	49	20	85	21	72	22	87	23	14	24	94	25	77	26	48	27	88	28	44	29	99	30	44	31	27	32	29	33	50	34	55	35	62	36	67	37	91	38	70	39	72	
	0	32	1	31	2	14	3	94	4	39	5	92	6	92	7	87	8	63	9	32	10	12	11	52	12	84	13	95	14	55	15	15	16	51	17	90	18	33	19	92	20	84	21	93	22	63	23	52	24	80	25	30	26	82	27	77	28	88	29	28	30	31	31	100	32	55	33	45	34	90	35	87	36	17	37	84	38	81	39	46	
	0	27	1	100	2	20	3	71	4	88	5	96	6	14	7	40	8	28	9	42	10	59	11	19	12	98	13	31	14	81	15	56	16	68	17	76	18	86	19	95	20	22	21	75	22	66	23	80	24	53	25	12	26	43	27	45	28	64	29	27	30	89	31	50	32	44	33	13	34	32	35	13	36	30	37	19	38	100	39	29	
	0	46	1	53	2	95	3	78	4	73	5	64	6	14	7	62	8	61	9	63	10	12	11	74	12	17	13	96	14	72	15	60	16	95	17	55	18	93	19	49	20	33	21	96	22	24	23	81	24	23	25	41	26	38	27	29	28	20	29	78	30	56	31	41	32	11	33	31	34	37	35	15	36	28	37	76	38	41	39	33	
	0	59	1	98	2	44	3	62	4	81	5	79	6	92	7	42	8	37	9	39	10	52	11	57	12	81	13	58	14	79	15	54	16	82	17	69	18	42	19	100	20	15	21	72	22	11	23	73	24	27	25	99	26	86	27	84	28	26	29	59	30	85	31	38	32	11	33	72	34	38	35	36	36	89	37	17	38	92	39	47	
	0	53	1	95	2	91	3	83	4	85	5	12	6	85	7	77	8	46	9	11	10	52	11	88	12	92	13	91	14	40	15	95	16	85	17	20	18	28	19	80	20	82	21	54	22	20	23	34	24	65	25	17	26	87	27	91	28	74	29	95	30	11	31	15	32	12	33	79	34	95	35	70	36	27	37	53	38	11	39	14	
	0	63	1	41	2	98	3	14	4	27	5	81	6	16	7	81	8	65	9	39	10	94	11	78	12	22	13	16	14	44	15	17	16	83	17	11	18	61	19	10	20	34	21	55	22	68	23	77	24	40	25	47	26	21	27	88	28	75	29	40	30	99	31	58	32	83	33	29	34	84	35	25	36	95	37	24	38	80	39	59	
	0	51	1	62	2	72	3	50	4	10	5	73	6	16	7	49	8	92	9	20	10	41	11	33	12	49	13	46	14	40	15	73	16	40	17	65	18	10	19	70	20	74	21	33	22	61	23	53	24	16	25	73	26	17	27	24	28	71	29	32	30	84	31	45	32	26	33	33	34	52	35	64	36	63	37	83	38	98	39	62	
	0	55	1	72	2	67	3	29	4	55	5	73	6	44	7	31	8	28	9	92	10	69	11	96	12	37	13	73	14	68	15	14	16	34	17	25	18	10	19	91	20	52	21	98	22	60	23	93	24	18	25	46	26	100	27	80	28	14	29	57	30	100	31	21	32	43	33	46	34	55	35	30	36	91	37	99	38	25	39	25	
	0	89	1	27	2	32	3	42	4	13	5	19	6	39	7	20	8	78	9	98	10	63	11	47	12	30	13	96	14	10	15	22	16	28	17	53	18	44	19	50	20	89	21	86	22	100	23	55	24	91	25	14	26	52	27	28	28	60	29	44	30	87	31	31	32	50	33	10	34	56	35	41	36	75	37	27	38	11	39	17	
	0	25	1	17	2	62	3	80	4	51	5	55	6	75	7	62	8	58	9	33	10	48	11	76	12	90	13	74	14	34	15	25	16	10	17	42	18	11	19	24	20	55	21	24	22	96	23	26	24	41	25	35	26	14	27	13	28	43	29	36	30	52	31	76	32	34	33	36	34	21	35	59	36	86	37	69	38	33	39	90	
	0	74	1	75	2	11	3	76	4	64	5	19	6	88	7	76	8	74	9	100	10	45	11	58	12	50	13	97	14	75	15	24	16	22	17	24	18	91	19	60	20	44	21	60	22	88	23	43	24	63	25	27	26	84	27	91	28	31	29	46	30	48	31	13	32	16	33	60	34	80	35	17	36	18	37	89	38	68	39	29	
	0	99	1	51	2	91	3	92	4	41	5	86	6	98	7	43	8	82	9	11	10	98	11	42	12	84	13	13	14	11	15	21	16	16	17	85	18	55	19	93	20	97	21	42	22	37	23	18	24	97	25	92	26	11	27	34	28	22	29	54	30	88	31	62	32	43	33	45	34	93	35	92	36	28	37	100	38	42	39	54	
	0	61	1	34	2	51	3	18	4	95	5	87	6	58	7	63	8	35	9	53	10	98	11	83	12	69	13	96	14	53	15	65	16	82	17	44	18	34	19	92	20	62	21	55	22	43	23	69	24	63	25	96	26	98	27	99	28	28	29	88	30	13	31	37	32	52	33	42	34	24	35	49	36	37	37	80	38	83	39	76	
	0	87	1	94	2	88	3	24	4	14	5	26	6	66	7	74	8	39	9	46	10	93	11	99	12	33	13	39	14	39	15	74	16	68	17	39	18	18	19	91	20	13	21	28	22	48	23	18	24	82	25	53	26	62	27	29	28	96	29	96	30	50	31	69	32	98	33	64	34	72	35	74	36	95	37	47	38	16	39	53	
	0	51	1	57	2	54	3	69	4	25	5	64	6	72	7	82	8	73	9	13	10	78	11	20	12	90	13	97	14	76	15	69	16	75	17	43	18	16	19	65	20	46	21	64	22	64	23	85	24	80	25	61	26	100	27	28	28	99	29	71	30	99	31	64	32	15	33	66	34	27	35	17	36	93	37	59	38	29	39	100	
	0	56	1	48	2	29	3	94	4	53	5	63	6	24	7	21	8	66	9	83	10	86	11	72	12	21	13	18	14	29	15	85	16	31	17	75	18	15	19	79	20	62	21	82	22	42	23	66	24	43	25	71	26	47	27	52	28	12	29	57	30	22	31	42	32	18	33	82	34	32	35	89	36	18	37	35	38	62	39	22	
	0	78	1	77	2	49	3	41	4	39	5	83	6	53	7	91	8	78	9	25	10	99	11	71	12	96	13	51	14	85	15	69	16	91	17	85	18	75	19	34	20	66	21	93	22	75	23	86	24	39	25	82	26	82	27	65	28	63	29	66	30	53	31	35	32	12	33	19	34	55	35	63	36	37	37	91	38	12	39	95	
	0	56	1	35	2	55	3	40	4	56	5	92	6	58	7	82	8	68	9	26	10	82	11	68	12	14	13	71	14	73	15	28	16	21	17	30	18	99	19	31	20	94	21	71	22	28	23	12	24	22	25	42	26	46	27	17	28	60	29	16	30	77	31	23	32	66	33	46	34	15	35	43	36	98	37	18	38	35	39	71	
	0	40	1	81	2	74	3	67	4	56	5	69	6	31	7	18	8	91	9	72	10	80	11	39	12	86	13	30	14	77	15	57	16	59	17	74	18	38	19	78	20	40	21	79	22	15	23	93	24	14	25	64	26	49	27	61	28	51	29	51	30	21	31	57	32	44	33	53	34	28	35	29	36	19	37	80	38	75	39	79	
	0	75	1	93	2	35	3	30	4	78	5	61	6	45	7	50	8	41	9	41	10	66	11	38	12	12	13	50	14	27	15	20	16	33	17	36	18	19	19	65	20	35	21	75	22	81	23	38	24	91	25	37	26	38	27	21	28	80	29	83	30	66	31	32	32	32	33	87	34	73	35	29	36	26	37	83	38	20	39	71	
	0	73	1	62	2	93	3	37	4	14	5	13	6	100	7	85	8	52	9	94	10	29	11	81	12	15	13	63	14	75	15	31	16	26	17	83	18	14	19	71	20	91	21	63	22	94	23	40	24	17	25	35	26	61	27	26	28	68	29	50	30	61	31	74	32	30	33	22	34	75	35	16	36	40	37	50	38	32	39	23	
	0	21	1	17	2	64	3	85	4	73	5	32	6	21	7	39	8	95	9	43	10	66	11	98	12	18	13	43	14	29	15	72	16	80	17	26	18	22	19	89	20	16	21	84	22	77	23	72	24	33	25	65	26	73	27	99	28	65	29	20	30	72	31	48	32	97	33	73	34	10	35	58	36	73	37	55	38	45	39	93	
	0	52	1	60	2	51	3	40	4	14	5	23	6	61	7	79	8	53	9	27	10	26	11	23	12	31	13	35	14	55	15	30	16	85	17	43	18	53	19	16	20	100	21	48	22	47	23	71	24	14	25	51	26	21	27	56	28	64	29	26	30	53	31	71	32	85	33	65	34	99	35	18	36	23	37	34	38	21	39	97	
	0	32	1	59	2	76	3	84	4	83	5	31	6	92	7	69	8	37	9	34	10	60	11	80	12	23	13	87	14	12	15	37	16	23	17	77	18	26	19	20	20	34	21	83	22	55	23	38	24	15	25	46	26	93	27	70	28	76	29	38	30	82	31	33	32	47	33	22	34	96	35	63	36	59	37	23	38	59	39	82	
	0	94	1	97	2	59	3	68	4	19	5	70	6	17	7	10	8	16	9	75	10	35	11	80	12	59	13	86	14	57	15	35	16	48	17	92	18	18	19	39	20	21	21	75	22	14	23	96	24	99	25	53	26	52	27	36	28	90	29	90	30	77	31	49	32	89	33	49	34	10	35	43	36	87	37	31	38	90	39	61	
	0	31	1	49	2	48	3	17	4	65	5	81	6	52	7	64	8	10	9	66	10	27	11	12	12	46	13	84	14	45	15	75	16	92	17	28	18	21	19	38	20	97	21	20	22	66	23	18	24	85	25	11	26	27	27	68	28	60	29	70	30	73	31	14	32	74	33	77	34	95	35	85	36	39	37	28	38	35	39	11	
	0	42	1	76	2	10	3	48	4	78	5	86	6	88	7	31	8	10	9	64	10	48	11	51	12	44	13	58	14	56	15	62	16	75	17	34	18	69	19	32	20	69	21	68	22	49	23	31	24	95	25	60	26	90	27	92	28	56	29	39	30	30	31	96	32	58	33	94	34	68	35	17	36	95	37	77	38	47	39	55	
	0	58	1	57	2	33	3	35	4	28	5	97	6	37	7	91	8	22	9	82	10	57	11	31	12	63	13	63	14	83	15	91	16	59	17	77	18	19	19	27	20	58	21	15	22	30	23	24	24	65	25	76	26	79	27	75	28	17	29	71	30	61	31	63	32	65	33	97	34	87	35	70	36	88	37	24	38	41	39	97	
	0	41	1	51	2	86	3	53	4	72	5	50	6	89	7	73	8	19	9	26	10	35	11	41	12	49	13	56	14	56	15	24	16	14	17	51	18	91	19	62	20	94	21	17	22	68	23	17	24	17	25	60	26	63	27	27	28	43	29	96	30	84	31	45	32	57	33	97	34	13	35	97	36	22	37	81	38	64	39	45	
	0	43	1	86	2	27	3	53	4	89	5	22	6	91	7	17	8	57	9	18	10	35	11	34	12	71	13	62	14	81	15	60	16	49	17	60	18	37	19	27	20	51	21	46	22	77	23	38	24	64	25	88	26	60	27	35	28	14	29	40	30	48	31	59	32	82	33	54	34	42	35	86	36	52	37	74	38	86	39	43	
	0	14	1	18	2	29	3	60	4	14	5	70	6	21	7	15	8	67	9	100	10	18	11	52	12	87	13	57	14	61	15	41	16	16	17	51	18	15	19	24	20	27	21	81	22	84	23	26	24	66	25	93	26	68	27	39	28	13	29	78	30	35	31	66	32	32	33	71	34	30	35	10	36	86	37	89	38	66	39	78	
	0	71	1	81	2	67	3	76	4	49	5	66	6	74	7	39	8	84	9	63	10	49	11	36	12	20	13	34	14	54	15	92	16	80	17	84	18	10	19	82	20	53	21	99	22	68	23	91	24	55	25	61	26	75	27	98	28	35	29	74	30	16	31	54	32	94	33	80	34	76	35	35	36	100	37	87	38	25	39	57	
	0	17	1	69	2	40	3	59	4	34	5	92	6	100	7	54	8	96	9	83	10	74	11	88	12	81	13	71	14	72	15	12	16	49	17	17	18	36	19	25	20	19	21	83	22	28	23	74	24	32	25	87	26	53	27	58	28	13	29	91	30	24	31	65	32	91	33	67	34	40	35	38	36	87	37	87	38	69	39	36	
	0	56	1	89	2	52	3	30	4	69	5	60	6	65	7	39	8	19	9	22	10	12	11	99	12	24	13	96	14	62	15	88	16	62	17	93	18	64	19	69	20	78	21	19	22	24	23	23	24	34	25	51	26	61	27	26	28	64	29	77	30	70	31	78	32	48	33	75	34	74	35	94	36	29	37	85	38	20	39	54	
	0	34	1	67	2	62	3	43	4	83	5	15	6	51	7	85	8	24	9	94	10	59	11	38	12	71	13	11	14	85	15	12	16	64	17	55	18	70	19	65	20	30	21	49	22	16	23	21	24	78	25	92	26	98	27	24	28	35	29	66	30	90	31	97	32	51	33	56	34	60	35	76	36	73	37	97	38	27	39	95	
	0	71	1	64	2	71	3	100	4	39	5	79	6	22	7	97	8	81	9	47	10	40	11	56	12	77	13	17	14	79	15	24	16	72	17	18	18	76	19	71	20	80	21	16	22	24	23	39	24	79	25	25	26	32	27	35	28	16	29	79	30	65	31	100	32	78	33	89	34	95	35	55	36	75	37	21	38	93	39	13	
	0	54	1	97	2	48	3	81	4	99	5	60	6	24	7	55	8	82	9	94	10	32	11	61	12	67	13	65	14	16	15	59	16	32	17	11	18	17	19	19	20	46	21	79	22	19	23	45	24	80	25	52	26	51	27	32	28	26	29	52	30	55	31	17	32	88	33	96	34	16	35	12	36	37	37	15	38	49	39	24	
	0	66	1	25	2	89	3	34	4	92	5	83	6	55	7	89	8	57	9	78	10	38	11	18	12	27	13	10	14	63	15	97	16	58	17	53	18	44	19	38	20	83	21	90	22	38	23	79	24	55	25	38	26	52	27	23	28	46	29	19	30	79	31	17	32	50	33	88	34	28	35	22	36	64	37	92	38	84	39	92	
	0	87	1	21	2	60	3	100	4	27	5	64	6	70	7	37	8	77	9	51	10	51	11	68	12	17	13	14	14	61	15	92	16	85	17	57	18	80	19	30	20	40	21	86	22	25	23	75	24	99	25	89	26	39	27	99	28	50	29	74	30	20	31	22	32	97	33	95	34	98	35	65	36	84	37	94	38	15	39	57	
	0	42	1	74	2	36	3	68	4	36	5	95	6	22	7	90	8	33	9	55	10	31	11	22	12	58	13	61	14	87	15	88	16	39	17	69	18	64	19	14	20	58	21	72	22	72	23	27	24	86	25	68	26	98	27	82	28	100	29	19	30	65	31	25	32	68	33	10	34	37	35	48	36	61	37	26	38	59	39	89	
	0	72	1	43	2	65	3	24	4	90	5	48	6	62	7	76	8	31	9	40	10	62	11	47	12	49	13	75	14	87	15	98	16	22	17	27	18	89	19	51	20	86	21	13	22	77	23	43	24	61	25	63	26	83	27	50	28	86	29	81	30	70	31	78	32	54	33	33	34	71	35	42	36	16	37	84	38	51	39	32	
	0	56	1	88	2	79	3	83	4	79	5	50	6	63	7	31	8	56	9	57	10	86	11	76	12	94	13	64	14	96	15	38	16	41	17	98	18	92	19	76	20	54	21	63	22	44	23	72	24	31	25	95	26	78	27	77	28	15	29	49	30	41	31	24	32	67	33	74	34	82	35	87	36	69	37	76	38	59	39	16	
	0	41	1	86	2	99	3	33	4	99	5	53	6	17	7	43	8	12	9	28	10	11	11	92	12	69	13	12	14	27	15	61	16	66	17	20	18	96	19	71	20	74	21	31	22	68	23	88	24	83	25	59	26	49	27	25	28	16	29	39	30	65	31	17	32	53	33	83	34	80	35	54	36	63	37	72	38	16	39	21	
	0	15	1	18	2	76	3	56	4	69	5	69	6	89	7	40	8	40	9	27	10	90	11	37	12	98	13	66	14	94	15	25	16	62	17	72	18	74	19	68	20	48	21	60	22	37	23	81	24	75	25	47	26	21	27	41	28	36	29	34	30	77	31	38	32	84	33	90	34	20	35	45	36	19	37	33	38	83	39	88	
	0	58	1	47	2	84	3	12	4	53	5	36	6	57	7	98	8	32	9	73	10	43	11	38	12	86	13	92	14	40	15	75	16	52	17	91	18	34	19	47	20	98	21	70	22	18	23	29	24	32	25	69	26	66	27	80	28	40	29	97	30	22	31	52	32	76	33	22	34	57	35	52	36	33	37	44	38	10	39	75	
	0	78	1	54	2	19	3	46	4	19	5	28	6	58	7	72	8	63	9	70	10	76	11	71	12	43	13	67	14	24	15	75	16	77	17	69	18	55	19	51	20	86	21	11	22	31	23	40	24	16	25	19	26	45	27	99	28	30	29	72	30	79	31	78	32	88	33	86	34	44	35	46	36	18	37	70	38	44	39	60	
	0	51	1	31	2	10	3	66	4	48	5	70	6	36	7	41	8	89	9	71	10	78	11	56	12	73	13	22	14	69	15	55	16	64	17	41	18	31	19	64	20	52	21	39	22	38	23	33	24	52	25	17	26	65	27	75	28	88	29	99	30	19	31	31	32	34	33	32	34	76	35	78	36	40	37	75	38	18	39	70	
	0	75	1	46	2	98	3	19	4	28	5	10	6	48	7	83	8	89	9	99	10	74	11	11	12	68	13	14	14	54	15	13	16	75	17	69	18	81	19	50	20	47	21	68	22	82	23	24	24	79	25	88	26	53	27	100	28	71	29	76	30	44	31	17	32	99	33	11	34	83	35	25	36	69	37	76	38	33	39	86	
	0	58	1	88	2	16	3	62	4	82	5	91	6	26	7	62	8	83	9	34	10	19	11	87	12	39	13	20	14	88	15	53	16	45	17	12	18	25	19	19	20	15	21	18	22	19	23	32	24	83	25	95	26	29	27	75	28	43	29	60	30	94	31	47	32	44	33	80	34	79	35	84	36	88	37	66	38	72	39	54	
	0	75	1	91	2	90	3	83	4	56	5	49	6	35	7	35	8	14	9	96	10	33	11	17	12	56	13	50	14	64	15	65	16	38	17	72	18	62	19	55	20	32	21	75	22	36	23	25	24	97	25	65	26	91	27	22	28	16	29	53	30	27	31	84	32	95	33	43	34	77	35	19	36	24	37	17	38	36	39	60	
	0	29	1	11	2	100	3	94	4	24	5	88	6	48	7	27	8	86	9	75	10	19	11	84	12	49	13	19	14	12	15	31	16	77	17	41	18	95	19	13	20	42	21	99	22	10	23	47	24	83	25	87	26	37	27	60	28	80	29	91	30	23	31	79	32	42	33	94	34	35	35	31	36	69	37	43	38	36	39	39	
	0	95	1	67	2	72	3	44	4	77	5	58	6	14	7	94	8	78	9	81	10	85	11	55	12	50	13	70	14	56	15	67	16	19	17	29	18	59	19	20	20	46	21	99	22	64	23	99	24	37	25	15	26	28	27	30	28	54	29	80	30	38	31	81	32	69	33	98	34	45	35	88	36	96	37	81	38	22	39	25	
	0	98	1	69	2	43	3	74	4	51	5	21	6	51	7	33	8	67	9	98	10	43	11	72	12	60	13	74	14	83	15	59	16	26	17	90	18	31	19	51	20	81	21	74	22	97	23	94	24	58	25	28	26	52	27	17	28	70	29	52	30	32	31	71	32	14	33	79	34	64	35	56	36	35	37	55	38	14	39	69	
	0	35	1	82	2	14	3	13	4	36	5	97	6	82	7	82	8	95	9	28	10	71	11	93	12	39	13	83	14	86	15	25	16	60	17	43	18	63	19	20	20	18	21	28	22	57	23	73	24	97	25	67	26	50	27	55	28	57	29	44	30	75	31	59	32	51	33	58	34	58	35	38	36	68	37	42	38	81	39	49	
	0	64	1	82	2	57	3	57	4	40	5	49	6	87	7	18	8	46	9	67	10	95	11	14	12	41	13	97	14	43	15	58	16	95	17	10	18	66	19	38	20	33	21	50	22	84	23	66	24	87	25	70	26	89	27	42	28	97	29	13	30	38	31	41	32	49	33	39	34	90	35	61	36	56	37	54	38	96	39	78	
	0	100	1	65	2	25	3	82	4	63	5	76	6	92	7	12	8	32	9	15	10	76	11	83	12	48	13	49	14	80	15	86	16	97	17	49	18	93	19	50	20	86	21	96	22	100	23	51	24	91	25	48	26	60	27	51	28	38	29	40	30	94	31	73	32	10	33	37	34	54	35	49	36	39	37	91	38	33	39	45	
	0	95	1	34	2	29	3	41	4	92	5	37	6	67	7	37	8	74	9	96	10	30	11	24	12	95	13	92	14	10	15	27	16	93	17	61	18	82	19	40	20	59	21	73	22	71	23	51	24	52	25	63	26	53	27	62	28	54	29	76	30	93	31	44	32	50	33	79	34	22	35	24	36	59	37	86	38	49	39	44	
	0	81	1	75	2	99	3	71	4	24	5	98	6	82	7	76	8	19	9	52	10	14	11	53	12	38	13	99	14	86	15	43	16	88	17	48	18	90	19	82	20	79	21	16	22	40	23	36	24	31	25	43	26	71	27	64	28	91	29	53	30	79	31	55	32	99	33	86	34	38	35	37	36	97	37	65	38	63	39	18	
	0	92	1	17	2	17	3	65	4	49	5	85	6	65	7	11	8	46	9	95	10	70	11	50	12	66	13	49	14	34	15	68	16	13	17	59	18	18	19	62	20	98	21	45	22	77	23	96	24	16	25	23	26	46	27	48	28	12	29	42	30	63	31	85	32	83	33	39	34	97	35	62	36	28	37	53	38	57	39	66	
	0	47	1	83	2	30	3	96	4	25	5	19	6	37	7	37	8	64	9	60	10	57	11	72	12	93	13	66	14	97	15	41	16	89	17	51	18	53	19	76	20	56	21	31	22	50	23	74	24	10	25	65	26	55	27	34	28	50	29	38	30	61	31	17	32	23	33	11	34	79	35	24	36	94	37	68	38	13	39	90	
	0	72	1	77	2	92	3	29	4	35	5	80	6	63	7	86	8	75	9	59	10	78	11	78	12	88	13	60	14	94	15	48	16	43	17	57	18	97	19	48	20	25	21	76	22	68	23	94	24	50	25	44	26	40	27	19	28	91	29	69	30	52	31	84	32	43	33	76	34	73	35	39	36	14	37	66	38	28	39	40	
	0	59	1	92	2	48	3	42	4	66	5	40	6	72	7	28	8	78	9	29	10	31	11	63	12	22	13	71	14	18	15	36	16	86	17	63	18	83	19	25	20	95	21	12	22	56	23	29	24	13	25	83	26	80	27	58	28	16	29	76	30	80	31	63	32	44	33	88	34	11	35	22	36	41	37	54	38	17	39	99	
	0	65	1	91	2	80	3	78	4	82	5	20	6	44	7	37	8	80	9	91	10	94	11	16	12	39	13	29	14	22	15	75	16	75	17	75	18	36	19	12	20	23	21	71	22	42	23	81	24	16	25	85	26	11	27	75	28	87	29	53	30	38	31	21	32	32	33	54	34	27	35	70	36	23	37	55	38	78	39	65	
	0	81	1	58	2	69	3	41	4	46	5	13	6	31	7	39	8	11	9	44	10	34	11	14	12	27	13	22	14	45	15	29	16	52	17	21	18	18	19	90	20	33	21	96	22	49	23	14	24	74	25	65	26	67	27	49	28	27	29	84	30	55	31	92	32	11	33	39	34	26	35	36	36	77	37	64	38	85	39	48	
	0	47	1	86	2	87	3	14	4	96	5	84	6	36	7	92	8	67	9	75	10	93	11	34	12	29	13	24	14	20	15	73	16	39	17	92	18	11	19	95	20	92	21	36	22	33	23	54	24	92	25	11	26	35	27	13	28	99	29	51	30	23	31	88	32	77	33	26	34	86	35	49	36	80	37	11	38	40	39	95	
	0	31	1	33	2	42	3	19	4	40	5	49	6	74	7	49	8	71	9	69	10	17	11	61	12	18	13	13	14	69	15	58	16	65	17	18	18	24	19	95	20	81	21	39	22	61	23	72	24	88	25	29	26	86	27	52	28	72	29	21	30	50	31	63	32	40	33	29	34	47	35	11	36	34	37	56	38	82	39	74	
	0	10	1	77	2	33	3	46	4	100	5	90	6	15	7	82	8	65	9	12	10	26	11	91	12	50	13	99	14	75	15	90	16	29	17	97	18	44	19	96	20	83	21	64	22	98	23	70	24	12	25	68	26	30	27	65	28	42	29	69	30	36	31	48	32	36	33	25	34	20	35	45	36	61	37	47	38	64	39	19	
	0	66	1	64	2	69	3	13	4	65	5	71	6	33	7	39	8	80	9	34	10	63	11	60	12	27	13	88	14	83	15	44	16	58	17	17	18	22	19	73	20	88	21	72	22	22	23	45	24	84	25	39	26	75	27	96	28	57	29	99	30	65	31	65	32	92	33	25	34	29	35	31	36	15	37	76	38	96	39	77	
	0	14	1	75	2	15	3	100	4	84	5	35	6	10	7	26	8	96	9	29	10	85	11	95	12	36	13	32	14	39	15	90	16	29	17	16	18	40	19	75	20	12	21	53	22	41	23	33	24	20	25	16	26	27	27	70	28	87	29	55	30	83	31	12	32	53	33	42	34	36	35	62	36	17	37	52	38	63	39	100	
	0	40	1	32	2	68	3	73	4	32	5	13	6	63	7	83	8	24	9	18	10	80	11	76	12	25	13	94	14	81	15	85	16	66	17	48	18	78	19	94	20	88	21	15	22	15	23	82	24	53	25	40	26	11	27	42	28	59	29	11	30	14	31	99	32	62	33	53	34	45	35	27	36	90	37	82	38	66	39	81	
	0	26	1	35	2	60	3	26	4	97	5	89	6	52	7	96	8	45	9	83	10	55	11	99	12	17	13	94	14	28	15	92	16	73	17	19	18	87	19	23	20	33	21	96	22	35	23	95	24	99	25	87	26	47	27	77	28	14	29	50	30	87	31	46	32	19	33	57	34	57	35	65	36	91	37	88	38	23	39	21	
	0	60	1	31	2	80	3	39	4	23	5	15	6	45	7	65	8	80	9	93	10	65	11	44	12	30	13	21	14	91	15	27	16	20	17	61	18	11	19	23	20	42	21	17	22	58	23	39	24	70	25	79	26	87	27	35	28	54	29	14	30	10	31	58	32	22	33	48	34	87	35	58	36	34	37	30	38	44	39	99	
	0	80	1	82	2	26	3	46	4	83	5	30	6	54	7	57	8	62	9	25	10	38	11	71	12	52	13	22	14	29	15	18	16	88	17	13	18	68	19	59	20	15	21	72	22	47	23	66	24	48	25	30	26	90	27	81	28	54	29	46	30	23	31	65	32	83	33	34	34	87	35	33	36	84	37	24	38	70	39	27	
	0	13	1	36	2	90	3	83	4	67	5	77	6	50	7	62	8	88	9	80	10	13	11	81	12	49	13	27	14	30	15	33	16	41	17	36	18	49	19	43	20	61	21	90	22	79	23	92	24	95	25	83	26	58	27	87	28	58	29	60	30	89	31	33	32	67	33	47	34	92	35	55	36	47	37	26	38	25	39	21	
	0	32	1	22	2	34	3	85	4	66	5	52	6	60	7	58	8	96	9	74	10	44	11	38	12	52	13	93	14	12	15	58	16	19	17	81	18	10	19	52	20	10	21	74	22	85	23	91	24	53	25	41	26	99	27	100	28	59	29	13	30	62	31	11	32	11	33	59	34	20	35	91	36	19	37	64	38	88	39	51	
	0	20	1	91	2	59	3	51	4	29	5	22	6	49	7	36	8	47	9	86	10	72	11	85	12	61	13	99	14	49	15	69	16	60	17	19	18	68	19	53	20	41	21	12	22	24	23	90	24	57	25	37	26	37	27	78	28	45	29	14	30	55	31	24	32	72	33	26	34	95	35	12	36	45	37	85	38	51	39	83	
	0	38	1	67	2	49	3	14	4	92	5	74	6	59	7	23	8	69	9	34	10	10	11	47	12	83	13	33	14	52	15	97	16	36	17	44	18	43	19	37	20	90	21	23	22	60	23	23	24	93	25	28	26	21	27	37	28	16	29	78	30	83	31	60	32	47	33	21	34	31	35	88	36	49	37	77	38	60	39	13	
	0	56	1	29	2	86	3	27	4	21	5	44	6	74	7	63	8	93	9	90	10	16	11	58	12	55	13	91	14	87	15	32	16	61	17	89	18	77	19	14	20	45	21	79	22	42	23	90	24	32	25	75	26	61	27	70	28	42	29	89	30	10	31	65	32	95	33	57	34	100	35	22	36	16	37	40	38	75	39	63	
	0	85	1	38	2	92	3	53	4	97	5	24	6	61	7	74	8	38	9	76	10	31	11	84	12	86	13	68	14	88	15	98	16	23	17	93	18	66	19	48	20	61	21	57	22	17	23	46	24	98	25	44	26	79	27	63	28	44	29	40	30	58	31	51	32	40	33	92	34	31	35	84	36	65	37	54	38	91	39	70	
	0	87	1	81	2	59	3	57	4	45	5	55	6	10	7	40	8	91	9	81	10	48	11	64	12	43	13	91	14	22	15	33	16	40	17	37	18	40	19	80	20	84	21	95	22	15	23	43	24	93	25	21	26	39	27	46	28	43	29	57	30	62	31	100	32	50	33	11	34	69	35	42	36	28	37	82	38	76	39	59	
	0	72	1	46	2	41	3	63	4	83	5	48	6	45	7	32	8	18	9	28	10	38	11	41	12	32	13	59	14	91	15	39	16	16	17	86	18	62	19	49	20	45	21	72	22	26	23	29	24	11	25	55	26	32	27	57	28	36	29	91	30	80	31	70	32	93	33	34	34	14	35	97	36	87	37	47	38	29	39	82	
	0	91	1	31	2	13	3	70	4	96	5	53	6	56	7	53	8	59	9	81	10	34	11	28	12	47	13	23	14	87	15	37	16	18	17	74	18	54	19	97	20	87	21	39	22	50	23	68	24	91	25	55	26	36	27	38	28	73	29	33	30	57	31	14	32	44	33	43	34	31	35	84	36	10	37	48	38	15	39	68	
	0	57	1	38	2	55	3	92	4	34	5	88	6	76	7	19	8	97	9	60	10	15	11	87	12	72	13	36	14	33	15	92	16	72	17	51	18	99	19	73	20	85	21	88	22	66	23	89	24	34	25	65	26	39	27	95	28	72	29	28	30	22	31	85	32	30	33	54	34	32	35	24	36	88	37	37	38	64	39	44	
	0	58	1	11	2	17	3	21	4	72	5	95	6	99	7	75	8	47	9	87	10	67	11	95	12	15	13	37	14	13	15	78	16	97	17	99	18	71	19	53	20	38	21	68	22	38	23	29	24	33	25	42	26	81	27	94	28	34	29	76	30	70	31	46	32	82	33	24	34	64	35	32	36	17	37	28	38	72	39	82	
	0	31	1	58	2	10	3	43	4	27	5	10	6	46	7	63	8	15	9	96	10	98	11	62	12	22	13	93	14	58	15	19	16	40	17	22	18	20	19	64	20	30	21	46	22	39	23	38	24	45	25	74	26	73	27	79	28	55	29	37	30	40	31	52	32	68	33	61	34	52	35	65	36	96	37	11	38	86	39	37	
	0	94	1	50	2	75	3	26	4	50	5	85	6	23	7	56	8	65	9	16	10	49	11	10	12	100	13	65	14	50	15	62	16	24	17	81	18	42	19	99	20	44	21	26	22	67	23	82	24	56	25	62	26	33	27	13	28	54	29	87	30	41	31	41	32	31	33	49	34	42	35	13	36	21	37	31	38	92	39	58	
	0	61	1	35	2	91	3	90	4	89	5	86	6	29	7	67	8	86	9	29	10	22	11	54	12	79	13	78	14	36	15	51	16	33	17	15	18	48	19	73	20	25	21	92	22	74	23	74	24	21	25	70	26	83	27	56	28	36	29	75	30	100	31	23	32	87	33	22	34	29	35	96	36	41	37	94	38	95	39	59	
	0	93	1	18	2	51	3	58	4	78	5	45	6	48	7	79	8	58	9	39	10	55	11	98	12	79	13	33	14	80	15	77	16	80	17	92	18	24	19	62	20	77	21	26	22	90	23	85	24	80	25	77	26	70	27	42	28	62	29	91	30	21	31	87	32	44	33	21	34	55	35	18	36	21	37	86	38	98	39	76	
	0	53	1	20	2	67	3	51	4	75	5	65	6	63	7	12	8	62	9	13	10	66	11	94	12	61	13	47	14	50	15	63	16	53	17	97	18	86	19	58	20	13	21	26	22	14	23	48	24	95	25	60	26	86	27	39	28	33	29	11	30	30	31	23	32	27	33	52	34	58	35	60	36	79	37	10	38	44	39	73	
	0	12	1	64	2	18	3	44	4	43	5	15	6	43	7	27	8	100	9	24	10	30	11	83	12	43	13	15	14	30	15	24	16	18	17	28	18	78	19	50	20	78	21	17	22	38	23	99	24	91	25	33	26	75	27	83	28	66	29	61	30	33	31	22	32	47	33	44	34	95	35	66	36	95	37	66	38	77	39	47	
	0	93	1	94	2	23	3	80	4	69	5	59	6	21	7	56	8	24	9	39	10	82	11	59	12	82	13	76	14	42	15	35	16	90	17	34	18	45	19	24	20	82	21	34	22	75	23	82	24	13	25	14	26	92	27	78	28	57	29	35	30	95	31	33	32	38	33	67	34	16	35	99	36	26	37	47	38	14	39	64	
	0	22	1	12	2	98	3	92	4	94	5	44	6	71	7	92	8	15	9	70	10	64	11	69	12	68	13	33	14	24	15	10	16	60	17	77	18	32	19	63	20	13	21	82	22	75	23	93	24	71	25	48	26	60	27	61	28	13	29	61	30	52	31	98	32	48	33	91	34	75	35	18	36	45	37	43	38	26	39	21	
	0	64	1	14	2	34	3	80	4	81	5	44	6	72	7	27	8	62	9	22	10	25	11	30	12	95	13	70	14	33	15	77	16	64	17	54	18	48	19	55	20	24	21	53	22	65	23	85	24	40	25	53	26	43	27	46	28	13	29	97	30	88	31	63	32	78	33	87	34	94	35	28	36	10	37	26	38	57	39	82	
	0	80	1	58	2	62	3	93	4	44	5	35	6	18	7	66	8	94	9	66	10	90	11	32	12	64	13	11	14	33	15	88	16	64	17	40	18	63	19	41	20	38	21	93	22	84	23	68	24	92	25	67	26	74	27	73	28	64	29	67	30	58	31	28	32	64	33	54	34	14	35	46	36	41	37	95	38	51	39	32	
	0	58	1	48	2	30	3	51	4	54	5	36	6	19	7	37	8	38	9	47	10	53	11	51	12	95	13	70	14	14	15	21	16	37	17	76	18	59	19	95	20	18	21	45	22	33	23	32	24	71	25	64	26	90	27	47	28	32	29	94	30	65	31	32	32	49	33	76	34	79	35	75	36	48	37	21	38	11	39	40	
	0	47	1	30	2	74	3	33	4	48	5	54	6	94	7	15	8	19	9	25	10	21	11	94	12	48	13	20	14	76	15	91	16	61	17	28	18	42	19	93	20	65	21	30	22	56	23	91	24	60	25	12	26	94	27	91	28	36	29	97	30	94	31	14	32	13	33	20	34	16	35	58	36	64	37	74	38	32	39	32	
	0	100	1	74	2	55	3	89	4	61	5	19	6	49	7	10	8	64	9	43	10	68	11	84	12	73	13	84	14	25	15	34	16	62	17	23	18	93	19	74	20	43	21	58	22	74	23	78	24	46	25	62	26	100	27	73	28	30	29	10	30	86	31	93	32	19	33	70	34	39	35	94	36	31	37	67	38	95	39	87	
	0	46	1	10	2	83	3	53	4	52	5	23	6	36	7	99	8	13	9	43	10	98	11	15	12	32	13	85	14	47	15	45	16	30	17	94	18	15	19	90	20	27	21	98	22	62	23	26	24	13	25	93	26	98	27	82	28	11	29	64	30	15	31	43	32	61	33	44	34	61	35	68	36	58	37	18	38	38	39	45	
	0	25	1	83	2	57	3	44	4	25	5	82	6	25	7	50	8	52	9	37	10	82	11	41	12	14	13	55	14	76	15	84	16	17	17	92	18	46	19	59	20	66	21	13	22	35	23	44	24	40	25	83	26	83	27	69	28	77	29	91	30	88	31	56	32	77	33	51	34	89	35	80	36	43	37	96	38	26	39	100	
	0	24	1	18	2	17	3	76	4	29	5	32	6	83	7	91	8	72	9	11	10	63	11	52	12	80	13	45	14	19	15	92	16	72	17	29	18	86	19	79	20	33	21	48	22	85	23	50	24	51	25	97	26	78	27	60	28	13	29	51	30	63	31	18	32	96	33	61	34	24	35	42	36	51	37	13	38	30	39	31	
	0	90	1	91	2	34	3	87	4	79	5	49	6	63	7	12	8	91	9	44	10	26	11	13	12	62	13	81	14	36	15	43	16	90	17	92	18	61	19	65	20	53	21	18	22	76	23	35	24	52	25	92	26	73	27	81	28	18	29	40	30	41	31	61	32	54	33	32	34	28	35	76	36	88	37	17	38	16	39	20	
	0	24	1	41	2	77	3	21	4	55	5	56	6	76	7	41	8	41	9	41	10	88	11	40	12	22	13	70	14	53	15	39	16	29	17	33	18	59	19	12	20	55	21	81	22	13	23	37	24	78	25	70	26	84	27	77	28	99	29	68	30	93	31	19	32	40	33	13	34	34	35	79	36	38	37	65	38	18	39	94	
	0	18	1	90	2	68	3	25	4	41	5	83	6	81	7	32	8	82	9	77	10	57	11	77	12	46	13	19	14	87	15	89	16	80	17	10	18	10	19	63	20	92	21	94	22	28	23	53	24	28	25	81	26	67	27	12	28	74	29	53	30	65	31	31	32	59	33	99	34	25	35	39	36	48	37	56	38	97	39	37	
	0	91	1	60	2	72	3	72	4	68	5	83	6	93	7	43	8	86	9	29	10	76	11	41	12	45	13	52	14	44	15	10	16	16	17	27	18	43	19	55	20	37	21	98	22	51	23	78	24	40	25	55	26	29	27	95	28	85	29	71	30	94	31	39	32	87	33	27	34	18	35	76	36	26	37	15	38	38	39	80	
	0	22	1	63	2	77	3	71	4	41	5	64	6	24	7	19	8	79	9	85	10	31	11	96	12	50	13	36	14	65	15	48	16	58	17	62	18	58	19	86	20	16	21	61	22	32	23	95	24	78	25	22	26	41	27	70	28	75	29	84	30	61	31	85	32	51	33	12	34	78	35	87	36	40	37	74	38	74	39	58	
	0	10	1	27	2	37	3	40	4	31	5	71	6	11	7	73	8	46	9	70	10	25	11	87	12	93	13	35	14	66	15	15	16	32	17	35	18	71	19	92	20	49	21	52	22	52	23	75	24	66	25	51	26	37	27	64	28	62	29	42	30	87	31	68	32	56	33	15	34	76	35	59	36	97	37	81	38	100	39	28	
	0	73	1	98	2	27	3	39	4	77	5	39	6	22	7	84	8	83	9	13	10	11	11	55	12	41	13	19	14	73	15	68	16	32	17	96	18	48	19	12	20	46	21	51	22	48	23	36	24	93	25	50	26	27	27	33	28	66	29	76	30	68	31	53	32	80	33	80	34	81	35	18	36	78	37	96	38	45	39	77	
	0	65	1	13	2	17	3	62	4	39	5	65	6	71	7	71	8	61	9	85	10	91	11	71	12	35	13	14	14	91	15	27	16	53	17	88	18	22	19	40	20	70	21	88	22	81	23	86	24	54	25	84	26	90	27	85	28	42	29	69	30	89	31	97	32	76	33	79	34	18	35	15	36	81	37	94	38	50	39	87	
	0	40	1	20	2	32	3	30	4	37	5	89	6	28	7	19	8	30	9	17	10	56	11	91	12	40	13	39	14	16	15	39	16	45	17	81	18	54	19	95	20	67	21	31	22	72	23	26	24	58	25	15	26	96	27	55	28	86	29	72	30	83	31	55	32	85	33	41	34	95	35	87	36	23	37	35	38	20	39	29	
	0	46	1	84	2	90	3	63	4	94	5	42	6	44	7	24	8	15	9	99	10	74	11	91	12	55	13	38	14	77	15	94	16	16	17	33	18	48	19	23	20	85	21	67	22	37	23	94	24	50	25	100	26	73	27	37	28	99	29	97	30	53	31	70	32	75	33	96	34	94	35	59	36	13	37	91	38	35	39	65	
	0	24	1	42	2	79	3	67	4	89	5	100	6	31	7	82	8	94	9	28	10	89	11	92	12	14	13	57	14	95	15	31	16	61	17	18	18	33	19	74	20	84	21	40	22	53	23	47	24	79	25	58	26	78	27	10	28	16	29	79	30	96	31	83	32	13	33	35	34	68	35	27	36	66	37	15	38	45	39	96	
	0	36	1	52	2	18	3	62	4	66	5	91	6	54	7	73	8	61	9	12	10	35	11	96	12	86	13	49	14	69	15	95	16	46	17	39	18	38	19	27	20	58	21	99	22	14	23	84	24	33	25	55	26	63	27	96	28	21	29	90	30	27	31	37	32	81	33	59	34	62	35	93	36	31	37	94	38	89	39	97	
	0	41	1	45	2	77	3	27	4	20	5	16	6	23	7	14	8	53	9	36	10	73	11	100	12	72	13	47	14	97	15	76	16	60	17	76	18	95	19	31	20	23	21	62	22	75	23	26	24	22	25	16	26	36	27	54	28	27	29	36	30	40	31	94	32	87	33	18	34	15	35	60	36	95	37	47	38	79	39	34	
	0	40	1	70	2	90	3	51	4	54	5	63	6	16	7	73	8	97	9	68	10	53	11	27	12	25	13	47	14	76	15	19	16	78	17	70	18	91	19	50	20	57	21	48	22	73	23	50	24	10	25	92	26	13	27	55	28	25	29	55	30	88	31	53	32	48	33	44	34	89	35	37	36	75	37	50	38	28	39	75	
	0	17	1	40	2	42	3	64	4	69	5	29	6	41	7	32	8	11	9	57	10	46	11	56	12	27	13	58	14	79	15	41	16	16	17	58	18	52	19	30	20	90	21	60	22	48	23	30	24	78	25	47	26	51	27	55	28	85	29	27	30	25	31	33	32	49	33	85	34	29	35	68	36	34	37	59	38	42	39	93	
	0	80	1	55	2	95	3	58	4	87	5	82	6	90	7	70	8	55	9	39	10	90	11	62	12	82	13	13	14	56	15	98	16	53	17	16	18	84	19	29	20	37	21	42	22	70	23	86	24	43	25	76	26	83	27	51	28	99	29	45	30	80	31	49	32	27	33	34	34	57	35	27	36	42	37	35	38	28	39	97	
	0	35	1	18	2	52	3	72	4	39	5	17	6	46	7	76	8	13	9	64	10	36	11	13	12	100	13	78	14	95	15	19	16	88	17	84	18	79	19	85	20	56	21	80	22	41	23	11	24	17	25	36	26	23	27	77	28	76	29	72	30	36	31	39	32	87	33	84	34	76	35	88	36	89	37	21	38	87	39	44	
	0	73	1	87	2	97	3	47	4	68	5	85	6	17	7	15	8	25	9	63	10	62	11	59	12	99	13	89	14	96	15	42	16	55	17	19	18	77	19	29	20	18	21	19	22	19	23	42	24	45	25	47	26	31	27	50	28	29	29	31	30	69	31	39	32	19	33	46	34	75	35	66	36	67	37	32	38	68	39	19	
	0	94	1	15	2	19	3	35	4	52	5	90	6	13	7	40	8	100	9	42	10	35	11	24	12	57	13	46	14	27	15	39	16	73	17	62	18	77	19	13	20	45	21	68	22	55	23	98	24	32	25	49	26	13	27	96	28	56	29	81	30	88	31	57	32	67	33	28	34	45	35	100	36	93	37	55	38	23	39	80	
	0	86	1	35	2	55	3	97	4	51	5	44	6	29	7	92	8	73	9	73	10	55	11	32	12	60	13	38	14	80	15	63	16	79	17	89	18	13	19	91	20	59	21	81	22	22	23	62	24	15	25	30	26	56	27	79	28	49	29	21	30	19	31	37	32	90	33	94	34	51	35	60	36	69	37	38	38	26	39	44	
	0	91	1	79	2	59	3	47	4	81	5	97	6	67	7	18	8	59	9	81	10	25	11	25	12	59	13	40	14	61	15	79	16	87	17	82	18	40	19	27	20	89	21	39	22	100	23	69	24	45	25	95	26	62	27	15	28	87	29	21	30	81	31	26	32	37	33	57	34	38	35	68	36	39	37	74	38	27	39	78	
	0	89	1	17	2	29	3	61	4	22	5	27	6	22	7	59	8	44	9	89	10	28	11	52	12	24	13	15	14	76	15	61	16	70	17	16	18	49	19	14	20	69	21	74	22	86	23	79	24	15	25	26	26	37	27	89	28	90	29	36	30	67	31	52	32	81	33	81	34	29	35	81	36	62	37	17	38	74	39	31	
	0	14	1	80	2	36	3	93	4	74	5	66	6	18	7	85	8	99	9	64	10	62	11	62	12	77	13	34	14	22	15	18	16	54	17	41	18	84	19	44	20	45	21	68	22	68	23	98	24	86	25	68	26	40	27	48	28	78	29	74	30	80	31	42	32	72	33	61	34	59	35	75	36	62	37	68	38	15	39	96	
	0	16	1	96	2	75	3	42	4	66	5	29	6	29	7	68	8	100	9	37	10	81	11	92	12	89	13	52	14	37	15	22	16	54	17	76	18	11	19	76	20	99	21	50	22	96	23	81	24	86	25	40	26	73	27	14	28	91	29	24	30	41	31	98	32	48	33	84	34	96	35	94	36	25	37	40	38	20	39	42	