200 40 1
40
	0	25	1	84	2	68	3	86	4	41	5	66	6	14	7	92	8	72	9	71	10	74	11	10	12	98	13	94	14	12	15	14	16	38	17	50	18	98	19	90	20	92	21	62	22	58	23	25	24	92	25	59	26	74	27	40	28	98	29	80	30	41	31	32	32	66	33	36	34	64	35	56	36	46	37	45	38	14	39	74	
	0	97	1	63	2	56	3	43	4	89	5	63	6	80	7	46	8	56	9	51	10	99	11	34	12	12	13	59	14	49	15	28	16	82	17	53	18	66	19	60	20	18	21	42	22	34	23	19	24	96	25	13	26	42	27	22	28	100	29	76	30	62	31	60	32	61	33	23	34	70	35	12	36	16	37	100	38	71	39	89	
	0	81	1	94	2	38	3	27	4	54	5	87	6	49	7	17	8	79	9	20	10	38	11	72	12	55	13	20	14	94	15	50	16	22	17	88	18	15	19	34	20	98	21	61	22	42	23	73	24	38	25	98	26	58	27	47	28	19	29	100	30	79	31	20	32	93	33	70	34	22	35	76	36	78	37	47	38	71	39	51	
	0	67	1	68	2	35	3	54	4	37	5	22	6	90	7	37	8	37	9	19	10	61	11	75	12	62	13	30	14	46	15	14	16	12	17	69	18	88	19	79	20	55	21	12	22	73	23	46	24	18	25	54	26	48	27	30	28	50	29	55	30	45	31	57	32	18	33	58	34	22	35	76	36	58	37	65	38	81	39	61	
	0	82	1	47	2	96	3	25	4	30	5	47	6	81	7	29	8	77	9	43	10	34	11	40	12	85	13	38	14	90	15	18	16	99	17	98	18	23	19	46	20	36	21	55	22	55	23	71	24	94	25	67	26	12	27	74	28	87	29	52	30	59	31	19	32	95	33	64	34	31	35	37	36	11	37	95	38	49	39	53	
	0	54	1	85	2	52	3	29	4	74	5	96	6	32	7	98	8	25	9	93	10	66	11	16	12	80	13	86	14	85	15	65	16	33	17	67	18	61	19	83	20	13	21	30	22	39	23	69	24	76	25	34	26	45	27	40	28	86	29	27	30	69	31	85	32	72	33	95	34	30	35	10	36	78	37	46	38	14	39	74	
	0	57	1	55	2	18	3	11	4	87	5	24	6	61	7	39	8	25	9	70	10	23	11	80	12	24	13	84	14	81	15	69	16	22	17	84	18	98	19	14	20	48	21	12	22	33	23	23	24	58	25	100	26	23	27	71	28	69	29	16	30	17	31	79	32	85	33	16	34	76	35	97	36	75	37	94	38	31	39	64	
	0	97	1	74	2	76	3	65	4	99	5	96	6	44	7	92	8	65	9	98	10	22	11	43	12	65	13	82	14	85	15	18	16	88	17	68	18	94	19	38	20	13	21	89	22	85	23	96	24	74	25	22	26	52	27	83	28	19	29	81	30	70	31	28	32	42	33	39	34	41	35	86	36	93	37	80	38	98	39	69	
	0	24	1	43	2	47	3	21	4	13	5	40	6	69	7	13	8	18	9	88	10	41	11	64	12	23	13	94	14	46	15	80	16	100	17	61	18	60	19	46	20	33	21	51	22	90	23	75	24	30	25	34	26	63	27	21	28	50	29	14	30	87	31	28	32	100	33	90	34	86	35	61	36	65	37	78	38	90	39	24	
	0	48	1	75	2	51	3	61	4	31	5	58	6	77	7	94	8	49	9	55	10	98	11	26	12	94	13	36	14	85	15	93	16	73	17	89	18	90	19	89	20	85	21	57	22	88	23	59	24	53	25	96	26	49	27	59	28	73	29	60	30	83	31	89	32	19	33	94	34	94	35	15	36	96	37	49	38	68	39	19	
	0	97	1	100	2	26	3	60	4	38	5	82	6	72	7	100	8	10	9	16	10	29	11	65	12	16	13	98	14	82	15	70	16	98	17	32	18	96	19	61	20	97	21	78	22	87	23	12	24	11	25	78	26	30	27	66	28	96	29	35	30	42	31	79	32	30	33	84	34	57	35	60	36	74	37	52	38	45	39	16	
	0	33	1	78	2	66	3	59	4	90	5	92	6	89	7	93	8	68	9	44	10	70	11	20	12	87	13	94	14	54	15	38	16	34	17	100	18	76	19	26	20	10	21	74	22	64	23	20	24	78	25	55	26	52	27	75	28	19	29	77	30	32	31	85	32	69	33	83	34	28	35	16	36	64	37	10	38	41	39	68	
	0	46	1	78	2	68	3	96	4	58	5	19	6	48	7	14	8	86	9	53	10	24	11	56	12	70	13	75	14	18	15	17	16	72	17	50	18	30	19	35	20	99	21	13	22	23	23	28	24	18	25	41	26	88	27	73	28	37	29	13	30	86	31	51	32	76	33	25	34	93	35	56	36	99	37	92	38	78	39	11	
	0	81	1	92	2	63	3	90	4	17	5	16	6	98	7	23	8	17	9	82	10	50	11	45	12	34	13	39	14	23	15	58	16	79	17	34	18	14	19	56	20	18	21	86	22	90	23	83	24	70	25	90	26	67	27	97	28	47	29	81	30	98	31	55	32	69	33	31	34	99	35	78	36	21	37	23	38	87	39	61	
	0	59	1	86	2	39	3	33	4	32	5	53	6	40	7	17	8	28	9	60	10	83	11	81	12	89	13	88	14	89	15	27	16	79	17	27	18	69	19	90	20	53	21	58	22	18	23	100	24	78	25	57	26	18	27	94	28	88	29	80	30	63	31	100	32	29	33	23	34	87	35	65	36	97	37	66	38	63	39	40	
	0	100	1	32	2	93	3	71	4	77	5	73	6	18	7	11	8	13	9	62	10	45	11	82	12	51	13	64	14	57	15	77	16	71	17	61	18	19	19	50	20	85	21	85	22	11	23	75	24	46	25	26	26	82	27	71	28	31	29	39	30	55	31	57	32	81	33	94	34	26	35	43	36	23	37	86	38	19	39	80	
	0	45	1	23	2	77	3	24	4	44	5	10	6	81	7	79	8	70	9	12	10	43	11	68	12	94	13	94	14	81	15	59	16	65	17	57	18	51	19	100	20	86	21	66	22	20	23	52	24	65	25	72	26	89	27	52	28	75	29	100	30	16	31	96	32	70	33	34	34	17	35	28	36	41	37	75	38	11	39	76	
	0	39	1	84	2	30	3	51	4	42	5	58	6	34	7	82	8	80	9	44	10	65	11	43	12	39	13	82	14	75	15	87	16	36	17	35	18	39	19	75	20	60	21	67	22	66	23	12	24	20	25	62	26	79	27	85	28	24	29	79	30	20	31	27	32	93	33	79	34	23	35	89	36	16	37	54	38	45	39	19	
	0	38	1	87	2	75	3	95	4	14	5	68	6	41	7	35	8	82	9	87	10	74	11	79	12	10	13	85	14	45	15	32	16	35	17	30	18	67	19	39	20	25	21	57	22	84	23	91	24	80	25	50	26	91	27	49	28	41	29	15	30	91	31	98	32	68	33	71	34	78	35	17	36	69	37	57	38	13	39	23	
	0	27	1	94	2	26	3	47	4	12	5	89	6	13	7	93	8	92	9	65	10	52	11	41	12	57	13	22	14	74	15	67	16	42	17	100	18	27	19	100	20	34	21	77	22	61	23	27	24	36	25	77	26	47	27	21	28	93	29	85	30	52	31	46	32	73	33	60	34	20	35	73	36	36	37	73	38	26	39	26	
	0	20	1	42	2	49	3	79	4	10	5	49	6	53	7	34	8	89	9	52	10	69	11	93	12	35	13	75	14	85	15	51	16	66	17	22	18	46	19	49	20	65	21	17	22	98	23	83	24	38	25	88	26	15	27	80	28	34	29	62	30	34	31	64	32	24	33	15	34	15	35	98	36	56	37	45	38	25	39	37	
	0	75	1	58	2	72	3	55	4	53	5	55	6	58	7	60	8	72	9	43	10	91	11	72	12	86	13	33	14	65	15	23	16	12	17	52	18	71	19	50	20	86	21	87	22	14	23	47	24	32	25	83	26	16	27	23	28	83	29	24	30	53	31	22	32	76	33	41	34	32	35	84	36	30	37	40	38	23	39	35	
	0	36	1	94	2	16	3	81	4	75	5	34	6	83	7	43	8	72	9	11	10	94	11	86	12	16	13	63	14	92	15	90	16	60	17	53	18	70	19	56	20	34	21	82	22	62	23	88	24	69	25	59	26	12	27	10	28	12	29	99	30	20	31	10	32	15	33	73	34	79	35	97	36	20	37	24	38	87	39	11	
	0	45	1	84	2	86	3	39	4	65	5	65	6	38	7	20	8	53	9	30	10	93	11	52	12	70	13	20	14	100	15	52	16	79	17	17	18	91	19	69	20	56	21	49	22	78	23	63	24	25	25	40	26	18	27	88	28	24	29	87	30	52	31	19	32	45	33	43	34	70	35	69	36	50	37	51	38	17	39	30	
	0	95	1	96	2	25	3	47	4	22	5	63	6	43	7	88	8	37	9	90	10	29	11	17	12	83	13	56	14	53	15	66	16	29	17	95	18	24	19	10	20	88	21	59	22	54	23	61	24	85	25	11	26	11	27	20	28	76	29	23	30	60	31	25	32	92	33	23	34	10	35	39	36	27	37	60	38	18	39	64	
	0	62	1	28	2	63	3	74	4	36	5	94	6	99	7	39	8	19	9	36	10	34	11	39	12	47	13	13	14	52	15	94	16	96	17	56	18	48	19	43	20	89	21	70	22	10	23	84	24	35	25	54	26	80	27	51	28	24	29	47	30	45	31	96	32	100	33	29	34	26	35	98	36	59	37	43	38	15	39	85	
	0	70	1	99	2	18	3	83	4	28	5	34	6	22	7	12	8	17	9	69	10	93	11	94	12	58	13	33	14	42	15	36	16	59	17	92	18	89	19	68	20	75	21	83	22	21	23	87	24	20	25	65	26	32	27	23	28	28	29	28	30	26	31	76	32	75	33	97	34	63	35	87	36	29	37	53	38	72	39	96	
	0	50	1	69	2	72	3	10	4	76	5	62	6	16	7	23	8	18	9	90	10	72	11	40	12	21	13	56	14	51	15	75	16	38	17	63	18	21	19	77	20	87	21	37	22	85	23	93	24	63	25	47	26	93	27	54	28	34	29	30	30	60	31	18	32	95	33	10	34	37	35	76	36	63	37	79	38	89	39	87	
	0	51	1	38	2	42	3	43	4	64	5	45	6	25	7	16	8	32	9	78	10	28	11	43	12	34	13	61	14	50	15	66	16	43	17	73	18	85	19	91	20	25	21	62	22	67	23	71	24	96	25	16	26	10	27	54	28	31	29	91	30	96	31	59	32	46	33	100	34	15	35	48	36	21	37	67	38	31	39	97	
	0	94	1	60	2	16	3	54	4	67	5	73	6	83	7	48	8	10	9	49	10	55	11	53	12	87	13	71	14	43	15	97	16	83	17	60	18	34	19	94	20	22	21	22	22	40	23	40	24	43	25	21	26	60	27	32	28	26	29	29	30	65	31	91	32	62	33	92	34	24	35	89	36	19	37	25	38	17	39	60	
	0	14	1	11	2	84	3	99	4	43	5	40	6	92	7	26	8	50	9	32	10	69	11	53	12	62	13	10	14	43	15	12	16	24	17	73	18	60	19	73	20	90	21	13	22	17	23	46	24	39	25	28	26	78	27	97	28	84	29	74	30	94	31	20	32	79	33	94	34	28	35	61	36	63	37	73	38	32	39	57	
	0	67	1	64	2	11	3	49	4	75	5	75	6	40	7	49	8	21	9	94	10	16	11	91	12	78	13	45	14	56	15	20	16	30	17	99	18	44	19	16	20	11	21	24	22	10	23	10	24	84	25	65	26	68	27	66	28	16	29	50	30	79	31	95	32	56	33	83	34	63	35	54	36	41	37	36	38	51	39	51	
	0	88	1	22	2	38	3	60	4	88	5	85	6	83	7	72	8	81	9	36	10	87	11	17	12	73	13	43	14	30	15	41	16	57	17	100	18	26	19	81	20	65	21	20	22	53	23	50	24	76	25	67	26	54	27	22	28	34	29	43	30	18	31	12	32	88	33	62	34	76	35	32	36	96	37	20	38	39	39	77	
	0	30	1	53	2	10	3	23	4	99	5	54	6	79	7	69	8	17	9	24	10	87	11	18	12	19	13	52	14	36	15	83	16	93	17	91	18	69	19	55	20	63	21	96	22	91	23	59	24	87	25	74	26	93	27	51	28	33	29	50	30	43	31	84	32	43	33	42	34	27	35	94	36	39	37	48	38	96	39	36	
	0	99	1	84	2	70	3	25	4	19	5	60	6	38	7	87	8	50	9	55	10	17	11	11	12	64	13	37	14	30	15	30	16	56	17	64	18	58	19	72	20	63	21	44	22	19	23	16	24	15	25	14	26	39	27	99	28	18	29	13	30	48	31	84	32	33	33	74	34	79	35	46	36	62	37	13	38	71	39	40	
	0	33	1	21	2	32	3	92	4	41	5	92	6	60	7	79	8	35	9	31	10	46	11	51	12	84	13	96	14	37	15	10	16	25	17	83	18	34	19	71	20	39	21	58	22	41	23	98	24	79	25	54	26	76	27	59	28	88	29	40	30	83	31	79	32	63	33	16	34	72	35	10	36	54	37	88	38	14	39	23	
	0	56	1	49	2	26	3	35	4	83	5	96	6	99	7	92	8	81	9	38	10	41	11	26	12	21	13	55	14	85	15	92	16	80	17	10	18	64	19	72	20	65	21	59	22	88	23	20	24	27	25	63	26	43	27	66	28	95	29	47	30	75	31	71	32	18	33	51	34	76	35	99	36	23	37	42	38	85	39	32	
	0	93	1	39	2	56	3	35	4	91	5	45	6	28	7	88	8	38	9	70	10	71	11	26	12	69	13	48	14	82	15	29	16	13	17	53	18	60	19	76	20	65	21	18	22	58	23	74	24	78	25	50	26	83	27	59	28	44	29	10	30	86	31	39	32	28	33	26	34	12	35	45	36	35	37	18	38	53	39	16	
	0	32	1	22	2	90	3	95	4	77	5	29	6	21	7	81	8	13	9	37	10	16	11	25	12	72	13	18	14	30	15	39	16	70	17	87	18	21	19	78	20	80	21	17	22	21	23	30	24	29	25	79	26	26	27	81	28	85	29	15	30	95	31	61	32	23	33	48	34	38	35	89	36	45	37	61	38	46	39	67	
	0	100	1	92	2	86	3	55	4	56	5	58	6	70	7	93	8	84	9	10	10	64	11	43	12	82	13	26	14	16	15	56	16	21	17	32	18	56	19	56	20	31	21	57	22	86	23	44	24	97	25	97	26	44	27	82	28	58	29	33	30	64	31	70	32	34	33	56	34	19	35	16	36	52	37	54	38	98	39	36	
	0	93	1	76	2	82	3	42	4	30	5	41	6	68	7	49	8	14	9	11	10	40	11	87	12	67	13	63	14	18	15	22	16	50	17	85	18	50	19	35	20	59	21	62	22	21	23	13	24	72	25	52	26	60	27	98	28	70	29	80	30	91	31	80	32	55	33	47	34	86	35	55	36	99	37	43	38	83	39	92	
	0	69	1	23	2	52	3	54	4	63	5	72	6	56	7	34	8	61	9	70	10	39	11	78	12	57	13	62	14	66	15	27	16	85	17	72	18	43	19	31	20	75	21	80	22	48	23	73	24	50	25	51	26	66	27	32	28	25	29	17	30	90	31	62	32	47	33	57	34	57	35	46	36	70	37	81	38	29	39	53	
	0	74	1	58	2	14	3	79	4	62	5	46	6	96	7	75	8	68	9	10	10	88	11	60	12	20	13	90	14	30	15	84	16	12	17	35	18	76	19	84	20	81	21	42	22	41	23	59	24	95	25	99	26	68	27	68	28	47	29	38	30	18	31	37	32	86	33	72	34	83	35	31	36	75	37	56	38	94	39	26	
	0	73	1	91	2	63	3	13	4	21	5	12	6	23	7	16	8	20	9	74	10	23	11	63	12	96	13	19	14	11	15	99	16	85	17	58	18	75	19	28	20	20	21	11	22	98	23	35	24	64	25	60	26	35	27	44	28	41	29	16	30	26	31	24	32	18	33	65	34	83	35	72	36	19	37	56	38	21	39	41	
	0	91	1	77	2	70	3	88	4	41	5	83	6	51	7	48	8	55	9	62	10	14	11	76	12	48	13	32	14	78	15	94	16	37	17	78	18	35	19	38	20	11	21	12	22	15	23	54	24	61	25	53	26	36	27	86	28	71	29	98	30	88	31	10	32	39	33	78	34	99	35	27	36	91	37	92	38	47	39	87	
	0	76	1	93	2	62	3	49	4	21	5	14	6	55	7	50	8	61	9	15	10	20	11	27	12	96	13	34	14	58	15	27	16	92	17	89	18	83	19	89	20	96	21	27	22	39	23	37	24	37	25	62	26	92	27	10	28	68	29	84	30	80	31	12	32	98	33	14	34	18	35	96	36	42	37	24	38	72	39	100	
	0	67	1	41	2	35	3	14	4	47	5	66	6	17	7	78	8	50	9	77	10	63	11	77	12	54	13	64	14	13	15	90	16	92	17	13	18	37	19	51	20	19	21	71	22	53	23	69	24	87	25	15	26	97	27	46	28	45	29	58	30	22	31	13	32	10	33	67	34	14	35	50	36	52	37	45	38	39	39	65	
	0	56	1	99	2	93	3	68	4	41	5	22	6	69	7	38	8	23	9	34	10	52	11	19	12	16	13	38	14	74	15	25	16	91	17	34	18	46	19	78	20	40	21	36	22	80	23	63	24	34	25	30	26	28	27	62	28	60	29	83	30	59	31	65	32	67	33	23	34	49	35	79	36	25	37	16	38	17	39	55	
	0	67	1	97	2	54	3	23	4	16	5	15	6	60	7	51	8	90	9	66	10	56	11	23	12	64	13	59	14	99	15	27	16	18	17	70	18	36	19	38	20	57	21	47	22	89	23	51	24	20	25	14	26	75	27	98	28	50	29	91	30	23	31	95	32	32	33	15	34	16	35	23	36	45	37	24	38	30	39	27	
	0	41	1	13	2	52	3	82	4	35	5	40	6	36	7	29	8	69	9	78	10	98	11	37	12	29	13	92	14	28	15	38	16	39	17	55	18	96	19	100	20	58	21	57	22	86	23	15	24	12	25	95	26	49	27	94	28	63	29	67	30	83	31	23	32	32	33	76	34	61	35	73	36	22	37	82	38	17	39	14	
	0	77	1	71	2	57	3	27	4	74	5	67	6	29	7	56	8	62	9	55	10	58	11	52	12	44	13	25	14	77	15	84	16	50	17	74	18	98	19	68	20	85	21	52	22	67	23	40	24	10	25	12	26	63	27	21	28	46	29	83	30	91	31	27	32	41	33	80	34	32	35	93	36	78	37	83	38	97	39	87	
	0	23	1	82	2	55	3	29	4	33	5	21	6	30	7	21	8	17	9	75	10	84	11	45	12	29	13	27	14	88	15	44	16	26	17	48	18	76	19	61	20	51	21	87	22	52	23	73	24	40	25	92	26	83	27	96	28	86	29	32	30	75	31	91	32	32	33	18	34	82	35	35	36	70	37	11	38	73	39	80	
	0	30	1	48	2	69	3	59	4	81	5	99	6	86	7	65	8	98	9	24	10	66	11	92	12	93	13	17	14	31	15	92	16	82	17	48	18	88	19	11	20	16	21	90	22	52	23	14	24	76	25	62	26	100	27	59	28	16	29	28	30	17	31	49	32	27	33	54	34	70	35	33	36	42	37	90	38	97	39	84	
	0	10	1	41	2	76	3	78	4	86	5	16	6	89	7	68	8	30	9	37	10	87	11	18	12	69	13	14	14	26	15	51	16	28	17	64	18	29	19	16	20	27	21	25	22	97	23	16	24	84	25	61	26	12	27	76	28	57	29	55	30	12	31	53	32	69	33	44	34	43	35	93	36	65	37	33	38	67	39	52	
	0	55	1	18	2	54	3	38	4	10	5	71	6	55	7	66	8	62	9	83	10	87	11	96	12	95	13	61	14	90	15	67	16	38	17	24	18	31	19	100	20	27	21	49	22	73	23	80	24	62	25	36	26	37	27	12	28	70	29	73	30	51	31	85	32	25	33	37	34	44	35	81	36	51	37	66	38	39	39	32	
	0	24	1	99	2	85	3	77	4	100	5	77	6	44	7	86	8	74	9	29	10	78	11	15	12	16	13	77	14	53	15	71	16	88	17	17	18	52	19	23	20	35	21	84	22	82	23	76	24	78	25	38	26	43	27	93	28	64	29	16	30	98	31	74	32	53	33	100	34	43	35	13	36	26	37	61	38	75	39	100	
	0	78	1	56	2	84	3	66	4	30	5	11	6	96	7	85	8	45	9	49	10	21	11	92	12	22	13	52	14	46	15	80	16	35	17	74	18	41	19	86	20	12	21	40	22	40	23	86	24	30	25	39	26	47	27	76	28	54	29	82	30	72	31	31	32	27	33	84	34	74	35	55	36	64	37	70	38	36	39	39	
	0	95	1	19	2	23	3	100	4	64	5	94	6	32	7	29	8	70	9	91	10	20	11	48	12	56	13	72	14	58	15	94	16	53	17	23	18	63	19	33	20	58	21	89	22	89	23	79	24	97	25	66	26	36	27	15	28	62	29	71	30	64	31	17	32	98	33	76	34	28	35	89	36	43	37	71	38	67	39	99	
	0	10	1	56	2	100	3	87	4	98	5	21	6	97	7	56	8	55	9	35	10	87	11	32	12	97	13	10	14	47	15	59	16	67	17	88	18	39	19	76	20	99	21	69	22	91	23	69	24	63	25	12	26	71	27	43	28	31	29	18	30	10	31	48	32	97	33	15	34	57	35	23	36	35	37	79	38	19	39	59	
	0	51	1	41	2	84	3	93	4	76	5	86	6	75	7	16	8	41	9	54	10	88	11	72	12	83	13	43	14	86	15	74	16	70	17	84	18	20	19	26	20	67	21	52	22	81	23	58	24	44	25	70	26	76	27	59	28	84	29	95	30	53	31	83	32	74	33	48	34	40	35	71	36	20	37	94	38	13	39	66	
	0	73	1	65	2	89	3	79	4	37	5	80	6	40	7	52	8	27	9	37	10	71	11	47	12	13	13	100	14	33	15	35	16	82	17	17	18	16	19	67	20	82	21	87	22	97	23	46	24	74	25	15	26	22	27	65	28	56	29	16	30	61	31	95	32	35	33	22	34	41	35	42	36	89	37	88	38	60	39	95	
	0	54	1	46	2	18	3	84	4	27	5	58	6	70	7	58	8	88	9	74	10	59	11	95	12	99	13	25	14	35	15	36	16	41	17	85	18	22	19	37	20	46	21	37	22	77	23	43	24	52	25	33	26	70	27	12	28	54	29	63	30	67	31	41	32	21	33	21	34	61	35	14	36	33	37	12	38	35	39	59	
	0	100	1	58	2	68	3	89	4	86	5	12	6	84	7	69	8	91	9	47	10	67	11	69	12	69	13	43	14	91	15	36	16	48	17	47	18	58	19	80	20	17	21	59	22	98	23	70	24	19	25	83	26	26	27	63	28	12	29	42	30	27	31	56	32	59	33	78	34	22	35	85	36	60	37	36	38	84	39	99	
	0	62	1	49	2	37	3	83	4	98	5	72	6	50	7	83	8	35	9	24	10	79	11	55	12	42	13	37	14	61	15	24	16	26	17	89	18	84	19	36	20	65	21	15	22	62	23	74	24	79	25	100	26	18	27	33	28	57	29	47	30	95	31	79	32	20	33	81	34	16	35	98	36	60	37	49	38	20	39	70	
	0	68	1	20	2	84	3	59	4	65	5	91	6	20	7	97	8	92	9	53	10	82	11	96	12	75	13	15	14	89	15	18	16	85	17	100	18	33	19	89	20	85	21	94	22	10	23	98	24	71	25	78	26	63	27	89	28	10	29	13	30	91	31	33	32	87	33	60	34	27	35	17	36	95	37	99	38	24	39	87	
	0	42	1	12	2	29	3	46	4	10	5	34	6	99	7	81	8	35	9	17	10	19	11	22	12	30	13	74	14	44	15	96	16	18	17	40	18	73	19	95	20	21	21	24	22	71	23	19	24	33	25	40	26	76	27	82	28	67	29	52	30	60	31	42	32	92	33	63	34	43	35	35	36	37	37	11	38	14	39	22	
	0	45	1	90	2	57	3	36	4	25	5	27	6	73	7	31	8	53	9	67	10	85	11	69	12	65	13	51	14	14	15	97	16	48	17	86	18	56	19	17	20	28	21	36	22	40	23	66	24	82	25	83	26	62	27	18	28	41	29	98	30	29	31	52	32	12	33	94	34	89	35	67	36	84	37	93	38	26	39	67	
	0	66	1	100	2	58	3	40	4	85	5	44	6	55	7	11	8	83	9	15	10	73	11	16	12	44	13	75	14	98	15	53	16	78	17	91	18	33	19	78	20	74	21	22	22	58	23	38	24	95	25	30	26	90	27	76	28	100	29	20	30	86	31	32	32	87	33	73	34	28	35	66	36	17	37	10	38	62	39	93	
	0	68	1	24	2	13	3	26	4	35	5	89	6	96	7	40	8	74	9	35	10	16	11	73	12	37	13	82	14	95	15	62	16	23	17	30	18	64	19	74	20	20	21	68	22	35	23	34	24	28	25	86	26	31	27	29	28	79	29	93	30	65	31	39	32	50	33	67	34	43	35	23	36	89	37	60	38	79	39	49	
	0	14	1	50	2	70	3	54	4	89	5	76	6	37	7	51	8	49	9	60	10	93	11	16	12	46	13	65	14	40	15	28	16	54	17	50	18	82	19	93	20	66	21	68	22	60	23	85	24	98	25	15	26	15	27	38	28	94	29	79	30	92	31	60	32	40	33	58	34	74	35	63	36	48	37	82	38	26	39	27	
	0	71	1	82	2	58	3	39	4	55	5	77	6	89	7	67	8	68	9	59	10	34	11	68	12	73	13	60	14	75	15	11	16	45	17	31	18	62	19	43	20	61	21	45	22	46	23	18	24	41	25	17	26	83	27	26	28	84	29	99	30	13	31	25	32	12	33	72	34	78	35	37	36	13	37	86	38	44	39	32	
	0	18	1	43	2	33	3	22	4	23	5	91	6	76	7	64	8	69	9	58	10	22	11	93	12	28	13	17	14	33	15	78	16	68	17	58	18	57	19	66	20	70	21	94	22	95	23	78	24	20	25	30	26	75	27	95	28	78	29	46	30	60	31	78	32	23	33	42	34	54	35	33	36	97	37	48	38	19	39	88	
	0	63	1	18	2	100	3	97	4	45	5	38	6	13	7	51	8	96	9	54	10	47	11	74	12	44	13	19	14	24	15	84	16	20	17	100	18	63	19	58	20	65	21	16	22	34	23	49	24	62	25	80	26	93	27	82	28	41	29	71	30	16	31	13	32	14	33	44	34	69	35	18	36	69	37	77	38	75	39	64	
	0	59	1	95	2	25	3	95	4	22	5	33	6	87	7	95	8	90	9	87	10	45	11	46	12	43	13	63	14	65	15	94	16	67	17	43	18	47	19	85	20	73	21	76	22	86	23	28	24	55	25	46	26	70	27	20	28	94	29	51	30	12	31	27	32	76	33	28	34	77	35	90	36	73	37	30	38	82	39	99	
	0	47	1	70	2	43	3	38	4	29	5	24	6	56	7	90	8	91	9	24	10	43	11	83	12	38	13	93	14	73	15	46	16	71	17	97	18	81	19	41	20	73	21	66	22	26	23	80	24	21	25	54	26	80	27	70	28	42	29	38	30	54	31	44	32	94	33	88	34	64	35	97	36	52	37	92	38	53	39	77	
	0	73	1	24	2	38	3	12	4	73	5	23	6	18	7	40	8	55	9	67	10	80	11	40	12	97	13	73	14	85	15	88	16	76	17	77	18	25	19	61	20	69	21	98	22	27	23	87	24	91	25	68	26	74	27	59	28	69	29	52	30	99	31	80	32	50	33	94	34	87	35	61	36	39	37	65	38	48	39	69	
	0	89	1	65	2	10	3	86	4	36	5	84	6	97	7	40	8	75	9	56	10	73	11	26	12	88	13	15	14	83	15	93	16	86	17	43	18	69	19	33	20	68	21	91	22	91	23	100	24	17	25	72	26	23	27	12	28	75	29	36	30	83	31	54	32	89	33	49	34	69	35	52	36	96	37	56	38	79	39	17	
	0	51	1	56	2	80	3	52	4	21	5	63	6	41	7	91	8	43	9	69	10	68	11	56	12	64	13	35	14	28	15	49	16	44	17	95	18	52	19	67	20	82	21	83	22	38	23	89	24	96	25	62	26	54	27	93	28	32	29	34	30	67	31	25	32	71	33	83	34	84	35	61	36	50	37	74	38	18	39	29	
	0	33	1	11	2	57	3	63	4	92	5	67	6	19	7	26	8	38	9	62	10	28	11	59	12	15	13	47	14	30	15	19	16	97	17	98	18	57	19	78	20	85	21	24	22	91	23	76	24	21	25	51	26	21	27	13	28	88	29	21	30	17	31	64	32	38	33	84	34	63	35	88	36	23	37	48	38	21	39	32	
	0	100	1	52	2	84	3	72	4	25	5	20	6	75	7	97	8	71	9	54	10	61	11	79	12	95	13	78	14	54	15	94	16	22	17	31	18	32	19	44	20	100	21	41	22	15	23	68	24	99	25	77	26	97	27	69	28	54	29	17	30	17	31	79	32	30	33	49	34	17	35	47	36	25	37	41	38	64	39	65	
	0	17	1	92	2	33	3	21	4	66	5	87	6	32	7	47	8	56	9	85	10	86	11	76	12	15	13	52	14	52	15	50	16	96	17	75	18	17	19	67	20	87	21	78	22	38	23	49	24	18	25	32	26	66	27	36	28	41	29	67	30	66	31	89	32	67	33	41	34	98	35	84	36	62	37	25	38	100	39	59	
	0	33	1	42	2	18	3	44	4	87	5	97	6	26	7	19	8	23	9	58	10	24	11	92	12	57	13	83	14	10	15	21	16	82	17	59	18	37	19	54	20	33	21	63	22	58	23	73	24	56	25	37	26	58	27	45	28	100	29	84	30	66	31	33	32	35	33	97	34	15	35	96	36	74	37	35	38	38	39	17	
	0	50	1	47	2	47	3	30	4	27	5	73	6	35	7	14	8	50	9	58	10	98	11	23	12	86	13	36	14	70	15	78	16	94	17	97	18	53	19	32	20	82	21	53	22	36	23	31	24	96	25	52	26	49	27	61	28	96	29	90	30	17	31	93	32	50	33	100	34	67	35	81	36	30	37	71	38	52	39	95	
	0	73	1	32	2	55	3	19	4	76	5	47	6	26	7	45	8	46	9	56	10	21	11	63	12	13	13	11	14	52	15	66	16	23	17	25	18	93	19	72	20	58	21	36	22	21	23	37	24	41	25	77	26	33	27	23	28	12	29	87	30	92	31	33	32	72	33	16	34	71	35	61	36	79	37	94	38	11	39	11	
	0	17	1	32	2	100	3	42	4	85	5	50	6	38	7	12	8	58	9	76	10	33	11	90	12	73	13	53	14	16	15	77	16	74	17	19	18	23	19	80	20	82	21	28	22	79	23	16	24	12	25	72	26	48	27	90	28	78	29	74	30	96	31	59	32	25	33	53	34	29	35	72	36	31	37	69	38	45	39	44	
	0	92	1	63	2	68	3	95	4	81	5	40	6	56	7	12	8	82	9	67	10	42	11	96	12	22	13	65	14	74	15	14	16	95	17	36	18	33	19	15	20	73	21	45	22	63	23	90	24	87	25	74	26	88	27	96	28	45	29	90	30	33	31	23	32	68	33	82	34	56	35	74	36	61	37	82	38	77	39	15	
	0	59	1	50	2	55	3	20	4	50	5	24	6	67	7	98	8	65	9	62	10	80	11	76	12	39	13	54	14	79	15	92	16	22	17	65	18	76	19	73	20	20	21	10	22	99	23	76	24	84	25	79	26	85	27	86	28	34	29	97	30	26	31	29	32	70	33	60	34	79	35	65	36	94	37	28	38	95	39	31	
	0	33	1	88	2	36	3	67	4	93	5	43	6	21	7	39	8	94	9	70	10	98	11	26	12	58	13	23	14	96	15	91	16	59	17	77	18	71	19	33	20	15	21	56	22	64	23	77	24	24	25	64	26	42	27	11	28	63	29	71	30	71	31	40	32	25	33	82	34	71	35	92	36	15	37	17	38	33	39	36	
	0	88	1	62	2	89	3	31	4	88	5	71	6	83	7	13	8	51	9	62	10	100	11	99	12	20	13	40	14	76	15	99	16	62	17	87	18	22	19	10	20	41	21	79	22	25	23	64	24	33	25	71	26	83	27	76	28	100	29	73	30	56	31	31	32	48	33	49	34	48	35	34	36	73	37	28	38	15	39	78	
	0	94	1	83	2	83	3	65	4	23	5	50	6	35	7	45	8	34	9	100	10	56	11	82	12	84	13	56	14	22	15	63	16	100	17	13	18	60	19	76	20	41	21	46	22	25	23	34	24	32	25	16	26	25	27	32	28	80	29	70	30	37	31	54	32	42	33	46	34	18	35	85	36	49	37	65	38	55	39	60	
	0	13	1	44	2	55	3	25	4	68	5	59	6	97	7	65	8	37	9	75	10	19	11	85	12	73	13	37	14	100	15	46	16	58	17	13	18	64	19	32	20	100	21	35	22	60	23	35	24	97	25	92	26	60	27	40	28	80	29	30	30	94	31	69	32	74	33	37	34	89	35	89	36	39	37	32	38	74	39	99	
	0	25	1	95	2	92	3	61	4	90	5	67	6	10	7	22	8	96	9	90	10	58	11	10	12	35	13	24	14	73	15	29	16	72	17	74	18	38	19	80	20	63	21	52	22	48	23	38	24	21	25	91	26	88	27	88	28	82	29	39	30	62	31	43	32	72	33	54	34	99	35	89	36	21	37	73	38	60	39	34	
	0	39	1	21	2	63	3	17	4	24	5	29	6	22	7	67	8	43	9	43	10	58	11	93	12	10	13	59	14	96	15	71	16	77	17	33	18	79	19	41	20	32	21	71	22	17	23	55	24	58	25	49	26	67	27	99	28	93	29	66	30	58	31	56	32	11	33	84	34	25	35	72	36	77	37	55	38	82	39	38	
	0	73	1	15	2	40	3	13	4	46	5	47	6	87	7	51	8	74	9	46	10	68	11	43	12	24	13	41	14	18	15	55	16	52	17	63	18	25	19	97	20	77	21	77	22	37	23	67	24	11	25	41	26	89	27	18	28	65	29	29	30	21	31	91	32	62	33	78	34	49	35	64	36	77	37	17	38	12	39	53	
	0	30	1	89	2	85	3	90	4	23	5	69	6	44	7	60	8	47	9	60	10	51	11	74	12	92	13	73	14	27	15	52	16	29	17	45	18	62	19	84	20	42	21	67	22	45	23	46	24	68	25	17	26	20	27	83	28	52	29	31	30	18	31	75	32	48	33	26	34	12	35	94	36	65	37	24	38	46	39	30	
	0	51	1	12	2	43	3	34	4	37	5	30	6	72	7	58	8	96	9	81	10	69	11	55	12	83	13	52	14	58	15	89	16	35	17	29	18	87	19	41	20	18	21	85	22	45	23	20	24	32	25	12	26	53	27	15	28	87	29	33	30	80	31	66	32	58	33	53	34	95	35	30	36	44	37	14	38	84	39	24	
	0	58	1	36	2	95	3	66	4	90	5	49	6	63	7	64	8	22	9	57	10	52	11	88	12	38	13	61	14	90	15	25	16	87	17	79	18	72	19	66	20	54	21	80	22	76	23	64	24	81	25	30	26	65	27	73	28	15	29	31	30	63	31	12	32	29	33	31	34	36	35	66	36	72	37	12	38	82	39	64	
	0	41	1	91	2	96	3	13	4	25	5	46	6	98	7	81	8	74	9	43	10	85	11	91	12	34	13	75	14	94	15	32	16	46	17	56	18	30	19	35	20	61	21	55	22	47	23	51	24	28	25	10	26	44	27	95	28	28	29	32	30	14	31	23	32	27	33	77	34	88	35	64	36	64	37	54	38	17	39	27	
	0	59	1	98	2	26	3	60	4	69	5	69	6	68	7	50	8	48	9	70	10	29	11	13	12	48	13	57	14	87	15	84	16	56	17	19	18	74	19	34	20	16	21	81	22	87	23	97	24	64	25	10	26	100	27	48	28	30	29	81	30	39	31	17	32	22	33	26	34	17	35	91	36	92	37	66	38	51	39	97	
	0	17	1	95	2	77	3	96	4	41	5	66	6	40	7	81	8	59	9	22	10	58	11	33	12	44	13	32	14	18	15	74	16	48	17	90	18	42	19	60	20	73	21	56	22	65	23	44	24	54	25	97	26	50	27	84	28	55	29	91	30	29	31	59	32	25	33	32	34	28	35	72	36	82	37	78	38	18	39	70	
	0	53	1	51	2	73	3	52	4	83	5	24	6	54	7	59	8	54	9	78	10	36	11	87	12	36	13	27	14	18	15	39	16	40	17	10	18	43	19	19	20	26	21	27	22	26	23	66	24	10	25	72	26	54	27	47	28	28	29	85	30	62	31	57	32	52	33	77	34	52	35	43	36	21	37	97	38	45	39	52	
	0	87	1	30	2	58	3	22	4	76	5	99	6	50	7	38	8	91	9	16	10	17	11	96	12	38	13	16	14	41	15	26	16	41	17	70	18	66	19	11	20	78	21	43	22	92	23	58	24	16	25	61	26	71	27	99	28	38	29	26	30	99	31	95	32	58	33	38	34	46	35	45	36	50	37	71	38	88	39	85	
	0	93	1	44	2	63	3	34	4	51	5	45	6	54	7	44	8	91	9	64	10	57	11	99	12	62	13	34	14	53	15	22	16	43	17	58	18	94	19	13	20	38	21	74	22	96	23	38	24	81	25	33	26	67	27	34	28	97	29	72	30	74	31	65	32	58	33	88	34	91	35	30	36	65	37	72	38	28	39	52	
	0	87	1	52	2	83	3	39	4	43	5	77	6	21	7	95	8	42	9	69	10	53	11	34	12	42	13	23	14	72	15	19	16	21	17	66	18	84	19	10	20	24	21	56	22	90	23	72	24	26	25	65	26	30	27	94	28	65	29	55	30	19	31	25	32	78	33	23	34	90	35	42	36	49	37	93	38	49	39	49	
	0	83	1	43	2	100	3	86	4	10	5	100	6	26	7	55	8	90	9	80	10	88	11	61	12	76	13	64	14	90	15	15	16	61	17	21	18	96	19	81	20	99	21	82	22	73	23	71	24	60	25	58	26	28	27	89	28	59	29	22	30	52	31	100	32	69	33	77	34	61	35	43	36	100	37	96	38	66	39	24	
	0	69	1	93	2	51	3	42	4	11	5	21	6	87	7	37	8	87	9	59	10	67	11	95	12	66	13	74	14	61	15	94	16	93	17	20	18	76	19	80	20	16	21	44	22	28	23	89	24	35	25	70	26	82	27	18	28	85	29	68	30	39	31	37	32	83	33	50	34	52	35	73	36	84	37	61	38	34	39	69	
	0	69	1	67	2	79	3	70	4	98	5	86	6	44	7	78	8	51	9	41	10	62	11	11	12	13	13	23	14	97	15	45	16	19	17	22	18	63	19	75	20	60	21	69	22	40	23	66	24	43	25	25	26	49	27	21	28	63	29	56	30	58	31	39	32	12	33	19	34	39	35	84	36	32	37	26	38	36	39	86	
	0	73	1	76	2	91	3	88	4	58	5	11	6	52	7	87	8	100	9	90	10	94	11	58	12	35	13	23	14	100	15	21	16	58	17	96	18	48	19	94	20	24	21	76	22	87	23	94	24	37	25	42	26	54	27	66	28	61	29	35	30	26	31	59	32	64	33	70	34	34	35	91	36	63	37	25	38	75	39	46	
	0	15	1	79	2	32	3	22	4	54	5	74	6	44	7	45	8	39	9	23	10	92	11	37	12	56	13	39	14	82	15	67	16	74	17	23	18	86	19	11	20	49	21	100	22	76	23	64	24	37	25	45	26	66	27	29	28	14	29	18	30	83	31	75	32	17	33	45	34	25	35	69	36	16	37	52	38	82	39	41	
	0	75	1	17	2	15	3	38	4	30	5	65	6	36	7	89	8	81	9	84	10	80	11	65	12	95	13	18	14	57	15	74	16	19	17	57	18	62	19	69	20	93	21	94	22	41	23	63	24	36	25	36	26	25	27	44	28	77	29	32	30	38	31	26	32	63	33	60	34	35	35	42	36	79	37	98	38	65	39	13	
	0	49	1	15	2	38	3	95	4	24	5	33	6	75	7	63	8	33	9	55	10	100	11	56	12	11	13	80	14	84	15	33	16	26	17	68	18	90	19	67	20	16	21	51	22	92	23	33	24	77	25	29	26	93	27	77	28	26	29	90	30	73	31	31	32	31	33	81	34	19	35	62	36	94	37	35	38	88	39	99	
	0	97	1	73	2	34	3	16	4	83	5	38	6	91	7	28	8	47	9	67	10	91	11	99	12	29	13	81	14	35	15	68	16	29	17	42	18	22	19	74	20	17	21	28	22	58	23	54	24	44	25	95	26	24	27	33	28	60	29	24	30	29	31	70	32	28	33	74	34	56	35	20	36	79	37	28	38	80	39	87	
	0	18	1	80	2	83	3	42	4	63	5	47	6	59	7	13	8	17	9	33	10	100	11	30	12	26	13	52	14	14	15	98	16	56	17	15	18	90	19	100	20	34	21	73	22	74	23	28	24	48	25	70	26	13	27	49	28	38	29	57	30	86	31	19	32	91	33	62	34	63	35	59	36	13	37	29	38	50	39	92	
	0	17	1	36	2	53	3	61	4	44	5	38	6	29	7	22	8	55	9	75	10	11	11	97	12	80	13	83	14	14	15	24	16	41	17	13	18	91	19	29	20	39	21	30	22	85	23	76	24	29	25	87	26	58	27	68	28	65	29	42	30	99	31	84	32	42	33	70	34	19	35	55	36	100	37	67	38	60	39	59	
	0	40	1	60	2	92	3	43	4	20	5	31	6	39	7	86	8	35	9	23	10	81	11	92	12	97	13	28	14	42	15	65	16	95	17	58	18	82	19	15	20	82	21	11	22	56	23	29	24	42	25	46	26	79	27	86	28	43	29	68	30	64	31	11	32	24	33	83	34	40	35	69	36	53	37	63	38	29	39	49	
	0	69	1	32	2	60	3	84	4	67	5	51	6	80	7	75	8	84	9	80	10	51	11	66	12	75	13	92	14	29	15	88	16	27	17	35	18	18	19	64	20	33	21	13	22	23	23	92	24	50	25	96	26	65	27	17	28	66	29	60	30	62	31	60	32	17	33	84	34	94	35	19	36	35	37	100	38	76	39	88	
	0	81	1	19	2	11	3	72	4	15	5	76	6	93	7	76	8	38	9	21	10	45	11	99	12	44	13	86	14	55	15	28	16	99	17	39	18	65	19	96	20	81	21	12	22	40	23	78	24	25	25	26	26	47	27	33	28	58	29	45	30	77	31	72	32	18	33	31	34	87	35	100	36	59	37	16	38	53	39	87	
	0	16	1	98	2	27	3	70	4	43	5	33	6	91	7	94	8	71	9	14	10	41	11	61	12	59	13	66	14	62	15	68	16	66	17	39	18	99	19	19	20	74	21	29	22	62	23	74	24	73	25	73	26	61	27	66	28	89	29	94	30	24	31	36	32	82	33	94	34	11	35	77	36	70	37	35	38	75	39	65	
	0	83	1	16	2	86	3	72	4	52	5	76	6	100	7	43	8	52	9	58	10	24	11	32	12	100	13	84	14	19	15	78	16	20	17	21	18	49	19	22	20	20	21	62	22	88	23	18	24	28	25	19	26	84	27	38	28	82	29	22	30	70	31	89	32	83	33	43	34	79	35	18	36	54	37	52	38	49	39	16	
	0	100	1	67	2	99	3	27	4	84	5	86	6	60	7	69	8	63	9	13	10	54	11	19	12	35	13	17	14	20	15	40	16	12	17	66	18	88	19	55	20	85	21	50	22	40	23	29	24	94	25	31	26	73	27	100	28	25	29	40	30	96	31	85	32	93	33	68	34	81	35	20	36	81	37	20	38	66	39	98	
	0	67	1	60	2	73	3	54	4	80	5	29	6	35	7	75	8	12	9	28	10	30	11	79	12	83	13	40	14	10	15	96	16	56	17	97	18	11	19	29	20	55	21	84	22	100	23	48	24	26	25	30	26	81	27	78	28	89	29	48	30	50	31	34	32	87	33	18	34	30	35	14	36	13	37	21	38	34	39	18	
	0	72	1	93	2	46	3	39	4	20	5	14	6	21	7	29	8	49	9	48	10	51	11	10	12	42	13	37	14	43	15	13	16	32	17	96	18	70	19	79	20	39	21	47	22	89	23	80	24	22	25	49	26	37	27	18	28	74	29	67	30	68	31	80	32	62	33	35	34	75	35	13	36	37	37	83	38	18	39	64	
	0	94	1	41	2	10	3	87	4	77	5	51	6	67	7	67	8	50	9	59	10	59	11	91	12	29	13	63	14	46	15	37	16	58	17	28	18	54	19	76	20	13	21	29	22	81	23	36	24	17	25	38	26	24	27	87	28	61	29	16	30	57	31	73	32	26	33	24	34	17	35	86	36	24	37	66	38	39	39	31	
	0	34	1	96	2	82	3	95	4	58	5	81	6	53	7	18	8	56	9	19	10	49	11	77	12	59	13	63	14	89	15	43	16	39	17	22	18	20	19	81	20	40	21	54	22	96	23	28	24	76	25	46	26	36	27	52	28	63	29	33	30	64	31	68	32	95	33	14	34	96	35	67	36	94	37	70	38	20	39	71	
	0	52	1	60	2	89	3	38	4	27	5	39	6	28	7	63	8	20	9	93	10	19	11	81	12	72	13	86	14	94	15	20	16	97	17	24	18	89	19	85	20	54	21	35	22	36	23	55	24	23	25	89	26	52	27	26	28	79	29	61	30	33	31	82	32	69	33	52	34	47	35	84	36	58	37	34	38	99	39	86	
	0	25	1	86	2	28	3	84	4	55	5	51	6	68	7	59	8	40	9	43	10	16	11	67	12	85	13	31	14	68	15	46	16	73	17	79	18	43	19	34	20	14	21	84	22	47	23	46	24	59	25	32	26	45	27	13	28	16	29	61	30	58	31	83	32	96	33	96	34	90	35	36	36	12	37	19	38	11	39	51	
	0	82	1	92	2	29	3	24	4	98	5	87	6	84	7	58	8	85	9	43	10	58	11	95	12	19	13	98	14	98	15	54	16	63	17	78	18	62	19	70	20	54	21	99	22	85	23	97	24	52	25	99	26	36	27	69	28	52	29	51	30	51	31	72	32	22	33	77	34	21	35	89	36	14	37	27	38	11	39	55	
	0	92	1	14	2	12	3	83	4	11	5	53	6	50	7	49	8	72	9	49	10	91	11	30	12	22	13	53	14	23	15	52	16	68	17	43	18	65	19	68	20	18	21	87	22	77	23	68	24	64	25	55	26	76	27	67	28	93	29	36	30	91	31	44	32	50	33	91	34	95	35	31	36	35	37	93	38	17	39	99	
	0	61	1	52	2	82	3	30	4	51	5	33	6	50	7	34	8	71	9	76	10	65	11	77	12	35	13	69	14	42	15	44	16	62	17	34	18	100	19	46	20	58	21	79	22	42	23	63	24	95	25	34	26	68	27	91	28	21	29	18	30	64	31	33	32	72	33	87	34	33	35	84	36	55	37	68	38	99	39	53	
	0	42	1	52	2	75	3	87	4	84	5	20	6	91	7	77	8	64	9	14	10	43	11	61	12	65	13	84	14	55	15	98	16	64	17	93	18	46	19	54	20	68	21	64	22	77	23	72	24	21	25	92	26	65	27	34	28	22	29	97	30	95	31	77	32	15	33	53	34	73	35	85	36	99	37	11	38	32	39	35	
	0	37	1	63	2	19	3	82	4	78	5	61	6	10	7	21	8	29	9	33	10	86	11	92	12	19	13	39	14	66	15	39	16	72	17	39	18	13	19	69	20	80	21	32	22	33	23	87	24	73	25	19	26	56	27	13	28	29	29	83	30	89	31	39	32	71	33	18	34	67	35	76	36	95	37	65	38	54	39	53	
	0	16	1	60	2	43	3	33	4	92	5	25	6	75	7	22	8	17	9	29	10	75	11	70	12	94	13	39	14	72	15	30	16	37	17	29	18	62	19	64	20	53	21	22	22	64	23	47	24	59	25	57	26	21	27	16	28	59	29	47	30	15	31	24	32	54	33	84	34	45	35	60	36	33	37	11	38	66	39	13	
	0	16	1	98	2	19	3	71	4	82	5	67	6	66	7	30	8	97	9	21	10	18	11	23	12	35	13	73	14	72	15	25	16	55	17	49	18	94	19	89	20	84	21	61	22	66	23	65	24	49	25	20	26	44	27	60	28	91	29	63	30	21	31	16	32	90	33	99	34	80	35	16	36	23	37	12	38	40	39	67	
	0	13	1	56	2	99	3	89	4	86	5	45	6	23	7	40	8	72	9	12	10	83	11	69	12	22	13	57	14	17	15	36	16	45	17	79	18	50	19	77	20	77	21	24	22	18	23	26	24	34	25	24	26	71	27	61	28	99	29	23	30	77	31	17	32	89	33	12	34	79	35	17	36	67	37	75	38	85	39	70	
	0	24	1	36	2	43	3	26	4	91	5	76	6	46	7	34	8	13	9	86	10	81	11	94	12	65	13	88	14	95	15	37	16	90	17	98	18	78	19	45	20	47	21	100	22	22	23	66	24	13	25	49	26	91	27	94	28	64	29	64	30	87	31	49	32	53	33	24	34	42	35	57	36	84	37	48	38	76	39	65	
	0	52	1	39	2	74	3	66	4	85	5	43	6	10	7	57	8	19	9	55	10	13	11	13	12	60	13	62	14	45	15	11	16	50	17	14	18	42	19	31	20	13	21	50	22	32	23	18	24	28	25	15	26	97	27	77	28	70	29	97	30	97	31	34	32	95	33	18	34	10	35	90	36	82	37	99	38	55	39	67	
	0	82	1	53	2	73	3	35	4	47	5	51	6	10	7	78	8	99	9	57	10	99	11	89	12	85	13	73	14	68	15	47	16	30	17	93	18	53	19	23	20	84	21	88	22	80	23	98	24	46	25	49	26	45	27	97	28	88	29	34	30	94	31	27	32	44	33	16	34	15	35	38	36	74	37	95	38	98	39	11	
	0	49	1	28	2	33	3	44	4	10	5	92	6	48	7	32	8	20	9	15	10	94	11	30	12	93	13	29	14	79	15	67	16	24	17	15	18	71	19	66	20	58	21	29	22	25	23	52	24	19	25	38	26	42	27	91	28	18	29	18	30	42	31	49	32	23	33	13	34	92	35	84	36	55	37	72	38	24	39	60	
	0	56	1	82	2	77	3	70	4	76	5	51	6	20	7	77	8	20	9	14	10	46	11	93	12	100	13	96	14	86	15	46	16	39	17	32	18	98	19	10	20	68	21	98	22	98	23	14	24	22	25	49	26	14	27	89	28	81	29	98	30	93	31	17	32	98	33	96	34	65	35	75	36	74	37	75	38	55	39	54	
	0	94	1	84	2	67	3	41	4	80	5	98	6	96	7	14	8	10	9	53	10	13	11	87	12	48	13	56	14	54	15	43	16	22	17	92	18	35	19	77	20	17	21	15	22	58	23	12	24	71	25	66	26	84	27	23	28	20	29	30	30	32	31	52	32	40	33	97	34	74	35	54	36	55	37	47	38	57	39	71	
	0	95	1	74	2	89	3	69	4	29	5	32	6	69	7	47	8	39	9	79	10	70	11	32	12	51	13	66	14	91	15	70	16	23	17	71	18	92	19	89	20	19	21	47	22	99	23	71	24	15	25	42	26	14	27	98	28	23	29	50	30	87	31	96	32	71	33	69	34	77	35	76	36	52	37	34	38	76	39	68	
	0	65	1	62	2	41	3	45	4	44	5	99	6	34	7	34	8	34	9	30	10	73	11	72	12	21	13	82	14	76	15	39	16	28	17	65	18	79	19	27	20	64	21	42	22	70	23	19	24	56	25	95	26	43	27	86	28	100	29	98	30	19	31	34	32	39	33	39	34	90	35	77	36	51	37	69	38	66	39	27	
	0	11	1	96	2	46	3	70	4	39	5	43	6	45	7	84	8	53	9	34	10	29	11	17	12	83	13	37	14	11	15	94	16	79	17	79	18	18	19	71	20	60	21	59	22	15	23	49	24	75	25	40	26	31	27	12	28	14	29	15	30	75	31	27	32	48	33	67	34	66	35	93	36	69	37	14	38	68	39	63	
	0	37	1	100	2	97	3	82	4	83	5	33	6	87	7	48	8	45	9	39	10	57	11	41	12	58	13	59	14	74	15	50	16	34	17	64	18	86	19	96	20	39	21	40	22	32	23	94	24	71	25	45	26	23	27	28	28	37	29	21	30	54	31	81	32	91	33	25	34	80	35	97	36	82	37	15	38	74	39	16	
	0	58	1	42	2	10	3	63	4	57	5	68	6	82	7	83	8	62	9	85	10	79	11	85	12	78	13	84	14	100	15	90	16	43	17	10	18	67	19	88	20	24	21	42	22	92	23	18	24	43	25	42	26	29	27	75	28	24	29	23	30	32	31	32	32	97	33	99	34	71	35	21	36	81	37	41	38	19	39	74	
	0	54	1	67	2	62	3	91	4	81	5	72	6	81	7	78	8	15	9	89	10	23	11	66	12	59	13	51	14	53	15	85	16	49	17	51	18	74	19	47	20	59	21	51	22	47	23	33	24	71	25	34	26	61	27	79	28	50	29	72	30	25	31	58	32	61	33	35	34	31	35	61	36	37	37	39	38	52	39	58	
	0	64	1	40	2	25	3	59	4	96	5	27	6	84	7	23	8	86	9	47	10	13	11	18	12	100	13	58	14	19	15	11	16	47	17	55	18	35	19	54	20	26	21	94	22	100	23	15	24	13	25	52	26	70	27	24	28	41	29	16	30	38	31	22	32	47	33	95	34	24	35	100	36	31	37	23	38	85	39	84	
	0	10	1	26	2	98	3	95	4	74	5	42	6	59	7	81	8	94	9	44	10	52	11	31	12	55	13	38	14	100	15	64	16	54	17	75	18	33	19	32	20	28	21	49	22	34	23	97	24	75	25	86	26	98	27	51	28	98	29	32	30	57	31	17	32	91	33	81	34	55	35	45	36	71	37	17	38	12	39	88	
	0	39	1	57	2	25	3	16	4	77	5	57	6	10	7	34	8	28	9	18	10	52	11	13	12	54	13	11	14	17	15	30	16	90	17	17	18	91	19	88	20	44	21	21	22	62	23	67	24	12	25	61	26	43	27	69	28	50	29	49	30	25	31	64	32	100	33	50	34	34	35	37	36	25	37	65	38	64	39	70	
	0	84	1	17	2	55	3	76	4	70	5	91	6	41	7	89	8	55	9	32	10	73	11	62	12	35	13	22	14	30	15	95	16	30	17	14	18	99	19	84	20	75	21	70	22	20	23	25	24	82	25	44	26	43	27	54	28	45	29	77	30	30	31	58	32	75	33	12	34	67	35	25	36	27	37	16	38	77	39	90	
	0	14	1	51	2	94	3	59	4	24	5	73	6	48	7	52	8	57	9	24	10	62	11	37	12	56	13	37	14	32	15	42	16	17	17	30	18	81	19	58	20	33	21	20	22	53	23	93	24	92	25	43	26	87	27	90	28	63	29	85	30	53	31	97	32	58	33	13	34	98	35	18	36	30	37	100	38	42	39	100	
	0	50	1	56	2	62	3	18	4	96	5	36	6	37	7	70	8	36	9	59	10	62	11	79	12	27	13	79	14	68	15	30	16	26	17	56	18	93	19	17	20	65	21	79	22	93	23	75	24	94	25	28	26	10	27	55	28	83	29	96	30	82	31	27	32	43	33	32	34	90	35	24	36	65	37	43	38	72	39	47	
	0	34	1	69	2	37	3	16	4	30	5	17	6	83	7	90	8	98	9	48	10	35	11	88	12	98	13	30	14	62	15	25	16	94	17	26	18	94	19	38	20	82	21	95	22	18	23	15	24	76	25	60	26	11	27	89	28	66	29	39	30	54	31	92	32	37	33	82	34	95	35	40	36	28	37	42	38	90	39	96	
	0	98	1	84	2	93	3	100	4	53	5	18	6	73	7	99	8	56	9	40	10	37	11	24	12	72	13	80	14	66	15	21	16	62	17	90	18	50	19	18	20	14	21	13	22	88	23	22	24	68	25	64	26	82	27	71	28	49	29	62	30	100	31	72	32	82	33	11	34	76	35	81	36	78	37	92	38	29	39	91	
	0	100	1	26	2	94	3	90	4	67	5	21	6	45	7	91	8	58	9	17	10	23	11	47	12	45	13	34	14	19	15	89	16	52	17	61	18	67	19	60	20	81	21	95	22	64	23	98	24	61	25	37	26	82	27	37	28	91	29	31	30	96	31	91	32	14	33	95	34	93	35	61	36	55	37	91	38	55	39	57	
	0	57	1	34	2	12	3	26	4	20	5	72	6	58	7	12	8	49	9	41	10	32	11	76	12	48	13	11	14	45	15	99	16	98	17	52	18	54	19	74	20	73	21	83	22	17	23	31	24	80	25	33	26	27	27	46	28	63	29	89	30	52	31	37	32	93	33	34	34	22	35	29	36	77	37	54	38	79	39	37	
	0	21	1	26	2	37	3	84	4	38	5	97	6	63	7	53	8	57	9	35	10	76	11	59	12	73	13	22	14	21	15	59	16	44	17	23	18	16	19	41	20	94	21	27	22	74	23	95	24	64	25	83	26	56	27	52	28	56	29	96	30	57	31	56	32	25	33	19	34	66	35	67	36	67	37	99	38	16	39	41	
	0	80	1	74	2	86	3	85	4	97	5	50	6	25	7	100	8	65	9	70	10	66	11	45	12	28	13	94	14	55	15	43	16	60	17	97	18	19	19	70	20	76	21	35	22	96	23	54	24	82	25	77	26	81	27	43	28	87	29	97	30	19	31	63	32	41	33	94	34	63	35	74	36	84	37	36	38	14	39	44	
	0	35	1	69	2	65	3	48	4	87	5	55	6	26	7	61	8	64	9	68	10	37	11	18	12	81	13	42	14	55	15	59	16	15	17	94	18	47	19	68	20	11	21	68	22	50	23	73	24	50	25	40	26	38	27	93	28	88	29	23	30	56	31	54	32	97	33	50	34	24	35	20	36	16	37	65	38	65	39	10	
	0	85	1	44	2	43	3	10	4	49	5	96	6	75	7	46	8	25	9	86	10	63	11	68	12	61	13	41	14	22	15	23	16	99	17	36	18	81	19	38	20	11	21	33	22	24	23	31	24	51	25	40	26	24	27	36	28	74	29	77	30	96	31	50	32	94	33	100	34	46	35	59	36	32	37	65	38	43	39	27	
	0	47	1	60	2	22	3	65	4	100	5	73	6	62	7	47	8	63	9	63	10	97	11	83	12	82	13	28	14	70	15	32	16	97	17	61	18	56	19	57	20	94	21	96	22	66	23	72	24	90	25	74	26	45	27	20	28	87	29	95	30	76	31	69	32	37	33	59	34	96	35	90	36	84	37	94	38	99	39	61	
	0	20	1	70	2	92	3	53	4	67	5	23	6	59	7	66	8	100	9	79	10	61	11	50	12	94	13	36	14	45	15	12	16	60	17	41	18	55	19	32	20	61	21	87	22	23	23	49	24	10	25	85	26	71	27	56	28	68	29	73	30	89	31	79	32	82	33	42	34	52	35	64	36	32	37	74	38	83	39	38	
	0	52	1	85	2	76	3	60	4	81	5	63	6	67	7	19	8	44	9	99	10	42	11	22	12	10	13	26	14	67	15	23	16	39	17	13	18	68	19	98	20	24	21	95	22	70	23	75	24	46	25	34	26	90	27	48	28	86	29	26	30	44	31	23	32	40	33	35	34	67	35	92	36	14	37	10	38	92	39	99	
	0	48	1	97	2	93	3	48	4	55	5	29	6	69	7	51	8	22	9	50	10	40	11	17	12	95	13	30	14	71	15	49	16	85	17	45	18	64	19	46	20	46	21	62	22	58	23	66	24	72	25	58	26	77	27	42	28	85	29	50	30	67	31	24	32	39	33	83	34	61	35	85	36	58	37	64	38	29	39	87	
	0	19	1	52	2	95	3	87	4	20	5	23	6	94	7	41	8	88	9	83	10	54	11	15	12	14	13	78	14	67	15	21	16	93	17	96	18	39	19	49	20	11	21	83	22	92	23	84	24	76	25	59	26	99	27	86	28	89	29	73	30	75	31	30	32	95	33	14	34	52	35	49	36	24	37	10	38	90	39	46	
	0	70	1	67	2	24	3	13	4	20	5	10	6	74	7	46	8	64	9	98	10	10	11	57	12	22	13	67	14	73	15	45	16	93	17	42	18	26	19	63	20	63	21	74	22	17	23	44	24	56	25	38	26	65	27	22	28	85	29	58	30	62	31	27	32	50	33	83	34	100	35	12	36	26	37	69	38	19	39	96	
	0	94	1	84	2	93	3	87	4	31	5	94	6	32	7	46	8	91	9	13	10	80	11	32	12	99	13	58	14	20	15	100	16	88	17	34	18	12	19	30	20	59	21	95	22	54	23	40	24	95	25	77	26	82	27	54	28	44	29	53	30	90	31	19	32	14	33	18	34	85	35	64	36	15	37	89	38	89	39	67	
	0	65	1	84	2	70	3	77	4	30	5	44	6	88	7	95	8	57	9	37	10	74	11	68	12	47	13	94	14	16	15	92	16	70	17	50	18	44	19	80	20	97	21	47	22	10	23	59	24	30	25	40	26	88	27	33	28	27	29	95	30	79	31	52	32	35	33	79	34	53	35	16	36	12	37	60	38	89	39	15	
	0	42	1	64	2	25	3	59	4	22	5	74	6	80	7	33	8	11	9	18	10	79	11	56	12	29	13	20	14	72	15	53	16	16	17	19	18	72	19	81	20	98	21	95	22	74	23	74	24	94	25	54	26	11	27	23	28	10	29	32	30	12	31	42	32	81	33	58	34	67	35	34	36	11	37	23	38	50	39	57	
	0	19	1	12	2	79	3	49	4	81	5	53	6	48	7	68	8	77	9	40	10	85	11	99	12	20	13	50	14	77	15	14	16	14	17	99	18	71	19	52	20	14	21	58	22	64	23	37	24	31	25	10	26	62	27	81	28	23	29	94	30	31	31	42	32	53	33	49	34	21	35	61	36	67	37	75	38	12	39	95	
	0	36	1	96	2	80	3	28	4	73	5	53	6	72	7	51	8	65	9	48	10	61	11	37	12	26	13	57	14	48	15	86	16	72	17	52	18	79	19	27	20	40	21	81	22	13	23	14	24	97	25	74	26	10	27	33	28	47	29	44	30	87	31	64	32	63	33	35	34	36	35	93	36	76	37	93	38	48	39	52	
	0	50	1	19	2	15	3	93	4	91	5	79	6	46	7	52	8	16	9	84	10	100	11	14	12	53	13	67	14	77	15	44	16	44	17	62	18	27	19	94	20	98	21	91	22	30	23	68	24	55	25	90	26	62	27	16	28	26	29	69	30	97	31	16	32	93	33	76	34	72	35	27	36	17	37	65	38	39	39	50	
	0	24	1	52	2	37	3	94	4	80	5	64	6	58	7	10	8	45	9	13	10	33	11	87	12	80	13	17	14	44	15	73	16	92	17	13	18	84	19	83	20	92	21	85	22	55	23	15	24	37	25	40	26	57	27	67	28	32	29	79	30	72	31	85	32	11	33	26	34	63	35	91	36	87	37	24	38	81	39	80	
	0	14	1	23	2	96	3	24	4	87	5	61	6	40	7	19	8	85	9	50	10	98	11	86	12	40	13	85	14	77	15	50	16	17	17	42	18	34	19	67	20	35	21	99	22	20	23	39	24	52	25	86	26	24	27	43	28	51	29	46	30	97	31	43	32	30	33	88	34	22	35	59	36	97	37	29	38	19	39	54	
	0	34	1	28	2	12	3	46	4	48	5	25	6	38	7	22	8	67	9	47	10	85	11	33	12	48	13	58	14	54	15	73	16	37	17	15	18	44	19	34	20	61	21	55	22	36	23	58	24	75	25	80	26	57	27	89	28	44	29	100	30	45	31	59	32	28	33	54	34	39	35	22	36	46	37	74	38	81	39	30	
	0	72	1	97	2	60	3	26	4	13	5	83	6	85	7	43	8	39	9	45	10	19	11	43	12	31	13	49	14	55	15	99	16	79	17	16	18	56	19	36	20	42	21	94	22	27	23	29	24	51	25	72	26	21	27	56	28	21	29	21	30	43	31	59	32	16	33	19	34	10	35	36	36	41	37	96	38	56	39	72	
	0	85	1	84	2	85	3	78	4	23	5	36	6	94	7	16	8	22	9	41	10	64	11	20	12	25	13	82	14	28	15	90	16	81	17	19	18	84	19	94	20	49	21	54	22	38	23	46	24	52	25	50	26	17	27	74	28	43	29	90	30	42	31	71	32	77	33	58	34	22	35	52	36	70	37	69	38	71	39	83	
	0	11	1	50	2	23	3	88	4	52	5	47	6	83	7	47	8	96	9	90	10	29	11	33	12	27	13	35	14	18	15	36	16	18	17	38	18	37	19	26	20	15	21	23	22	76	23	50	24	37	25	67	26	98	27	57	28	50	29	54	30	23	31	24	32	40	33	71	34	31	35	89	36	50	37	86	38	36	39	38	
	0	60	1	91	2	34	3	83	4	66	5	43	6	60	7	96	8	97	9	64	10	16	11	15	12	11	13	88	14	46	15	33	16	53	17	66	18	100	19	79	20	91	21	67	22	78	23	47	24	65	25	20	26	75	27	84	28	29	29	17	30	93	31	50	32	29	33	16	34	88	35	85	36	29	37	60	38	23	39	74	
	0	67	1	30	2	15	3	64	4	65	5	44	6	61	7	86	8	20	9	71	10	67	11	83	12	72	13	49	14	37	15	72	16	42	17	73	18	47	19	14	20	32	21	29	22	80	23	11	24	31	25	16	26	50	27	52	28	34	29	59	30	47	31	52	32	28	33	29	34	13	35	74	36	11	37	12	38	86	39	63	
	0	83	1	92	2	24	3	83	4	74	5	82	6	27	7	43	8	54	9	72	10	30	11	18	12	87	13	45	14	67	15	69	16	88	17	48	18	60	19	41	20	64	21	42	22	49	23	35	24	80	25	58	26	65	27	66	28	47	29	59	30	99	31	10	32	50	33	82	34	36	35	74	36	98	37	52	38	57	39	93	
	0	73	1	33	2	50	3	46	4	40	5	65	6	53	7	53	8	44	9	79	10	71	11	68	12	44	13	86	14	53	15	53	16	36	17	76	18	33	19	97	20	22	21	31	22	34	23	13	24	65	25	66	26	33	27	71	28	66	29	76	30	94	31	64	32	22	33	68	34	77	35	61	36	73	37	69	38	26	39	23	
	0	87	1	50	2	81	3	14	4	68	5	48	6	53	7	98	8	29	9	89	10	14	11	41	12	87	13	20	14	60	15	47	16	26	17	82	18	50	19	89	20	64	21	83	22	41	23	22	24	96	25	90	26	96	27	77	28	55	29	94	30	31	31	67	32	84	33	69	34	34	35	56	36	22	37	31	38	98	39	32	
	0	43	1	64	2	57	3	52	4	58	5	60	6	92	7	55	8	55	9	95	10	14	11	84	12	86	13	84	14	10	15	36	16	63	17	91	18	44	19	12	20	50	21	33	22	60	23	30	24	45	25	50	26	76	27	99	28	72	29	14	30	69	31	61	32	96	33	99	34	98	35	62	36	26	37	96	38	91	39	66	
	0	38	1	79	2	94	3	61	4	83	5	78	6	53	7	67	8	58	9	11	10	54	11	97	12	55	13	86	14	41	15	94	16	86	17	79	18	92	19	23	20	70	21	74	22	90	23	78	24	39	25	48	26	16	27	22	28	97	29	43	30	56	31	24	32	25	33	51	34	55	35	69	36	83	37	82	38	88	39	60	
	0	62	1	57	2	15	3	27	4	78	5	94	6	57	7	94	8	25	9	96	10	40	11	91	12	96	13	68	14	41	15	10	16	11	17	27	18	65	19	71	20	97	21	25	22	79	23	32	24	29	25	95	26	96	27	77	28	36	29	32	30	43	31	26	32	31	33	29	34	84	35	46	36	35	37	88	38	24	39	80	
	0	20	1	81	2	56	3	81	4	19	5	96	6	87	7	45	8	26	9	33	10	53	11	59	12	53	13	18	14	28	15	62	16	68	17	49	18	42	19	34	20	15	21	91	22	34	23	63	24	100	25	69	26	69	27	100	28	47	29	31	30	84	31	75	32	99	33	86	34	65	35	87	36	74	37	99	38	94	39	18	
	0	28	1	71	2	32	3	45	4	39	5	31	6	31	7	84	8	57	9	38	10	44	11	81	12	24	13	22	14	67	15	83	16	89	17	15	18	20	19	55	20	37	21	85	22	65	23	35	24	62	25	48	26	55	27	84	28	77	29	14	30	95	31	50	32	30	33	10	34	70	35	80	36	59	37	39	38	34	39	24	
	0	76	1	40	2	89	3	74	4	62	5	56	6	84	7	94	8	78	9	16	10	65	11	56	12	74	13	29	14	52	15	99	16	75	17	45	18	32	19	79	20	12	21	63	22	83	23	60	24	23	25	75	26	51	27	85	28	16	29	38	30	75	31	86	32	33	33	95	34	28	35	26	36	47	37	17	38	39	39	95	
	0	56	1	22	2	72	3	39	4	77	5	30	6	62	7	64	8	50	9	59	10	31	11	95	12	26	13	61	14	68	15	74	16	12	17	87	18	70	19	34	20	88	21	42	22	15	23	64	24	22	25	10	26	66	27	34	28	65	29	44	30	88	31	99	32	42	33	26	34	62	35	21	36	32	37	34	38	13	39	39	
	0	28	1	16	2	70	3	10	4	54	5	88	6	22	7	100	8	43	9	81	10	47	11	60	12	32	13	37	14	83	15	60	16	49	17	20	18	29	19	59	20	63	21	89	22	88	23	48	24	44	25	98	26	29	27	17	28	26	29	11	30	67	31	26	32	14	33	33	34	58	35	11	36	93	37	17	38	44	39	32	
	0	48	1	77	2	98	3	67	4	23	5	62	6	38	7	99	8	52	9	17	10	36	11	63	12	55	13	51	14	38	15	74	16	15	17	61	18	100	19	25	20	13	21	10	22	54	23	86	24	58	25	43	26	83	27	23	28	45	29	86	30	57	31	88	32	48	33	94	34	47	35	34	36	42	37	14	38	81	39	54	
	0	61	1	59	2	91	3	36	4	88	5	34	6	33	7	14	8	34	9	58	10	54	11	95	12	24	13	14	14	23	15	87	16	57	17	82	18	65	19	27	20	71	21	77	22	60	23	21	24	95	25	94	26	30	27	25	28	37	29	83	30	23	31	24	32	82	33	73	34	16	35	11	36	15	37	21	38	22	39	67	
	0	96	1	48	2	24	3	80	4	82	5	80	6	37	7	38	8	84	9	48	10	46	11	39	12	83	13	58	14	13	15	78	16	33	17	25	18	40	19	83	20	45	21	55	22	80	23	43	24	66	25	67	26	44	27	66	28	75	29	68	30	34	31	30	32	38	33	91	34	74	35	54	36	62	37	81	38	42	39	36	
	0	37	1	51	2	90	3	45	4	50	5	78	6	65	7	87	8	84	9	23	10	98	11	38	12	51	13	22	14	93	15	59	16	84	17	83	18	34	19	94	20	83	21	100	22	98	23	37	24	44	25	80	26	20	27	87	28	96	29	45	30	90	31	56	32	80	33	27	34	11	35	89	36	11	37	11	38	52	39	46	
	0	53	1	23	2	47	3	54	4	62	5	12	6	64	7	17	8	96	9	22	10	95	11	27	12	72	13	31	14	19	15	83	16	56	17	48	18	16	19	31	20	23	21	84	22	17	23	33	24	62	25	61	26	16	27	43	28	24	29	11	30	78	31	65	32	76	33	31	34	21	35	45	36	12	37	58	38	16	39	43	
	0	50	1	21	2	69	3	76	4	74	5	61	6	28	7	20	8	25	9	37	10	53	11	44	12	48	13	13	14	22	15	64	16	67	17	60	18	26	19	25	20	23	21	80	22	78	23	41	24	43	25	31	26	66	27	18	28	92	29	49	30	97	31	38	32	74	33	46	34	97	35	86	36	34	37	62	38	66	39	74	
	0	21	1	91	2	13	3	57	4	58	5	51	6	27	7	26	8	30	9	61	10	31	11	57	12	82	13	20	14	88	15	32	16	36	17	34	18	85	19	88	20	55	21	15	22	34	23	31	24	41	25	30	26	95	27	10	28	57	29	83	30	14	31	36	32	40	33	27	34	27	35	40	36	57	37	12	38	96	39	69	
	0	26	1	25	2	66	3	45	4	90	5	76	6	84	7	63	8	15	9	60	10	96	11	32	12	48	13	85	14	33	15	20	16	85	17	86	18	76	19	30	20	71	21	65	22	79	23	96	24	81	25	14	26	81	27	63	28	79	29	31	30	64	31	50	32	100	33	88	34	80	35	25	36	20	37	32	38	12	39	95	
	0	41	1	48	2	27	3	64	4	63	5	21	6	47	7	85	8	44	9	95	10	84	11	77	12	97	13	52	14	20	15	40	16	45	17	14	18	64	19	36	20	75	21	50	22	42	23	40	24	99	25	20	26	83	27	66	28	94	29	34	30	36	31	80	32	52	33	71	34	68	35	37	36	41	37	57	38	64	39	38	