200 50 1
50
	0	77	1	72	2	86	3	30	4	13	5	73	6	75	7	66	8	34	9	33	10	30	11	92	12	76	13	49	14	74	15	44	16	86	17	41	18	52	19	69	20	93	21	74	22	92	23	34	24	84	25	49	26	24	27	27	28	17	29	83	30	90	31	87	32	98	33	60	34	27	35	41	36	83	37	17	38	36	39	31	40	21	41	63	42	70	43	31	44	14	45	71	46	51	47	18	48	69	49	56	
	0	82	1	86	2	39	3	97	4	66	5	99	6	27	7	11	8	48	9	70	10	59	11	76	12	21	13	19	14	13	15	75	16	72	17	76	18	28	19	50	20	59	21	59	22	90	23	75	24	10	25	45	26	20	27	92	28	89	29	59	30	82	31	71	32	27	33	22	34	75	35	59	36	53	37	31	38	80	39	65	40	24	41	32	42	56	43	68	44	47	45	33	46	43	47	26	48	17	49	44	
	0	38	1	97	2	71	3	73	4	77	5	40	6	19	7	15	8	41	9	99	10	51	11	45	12	26	13	96	14	48	15	19	16	34	17	79	18	90	19	82	20	91	21	45	22	23	23	46	24	52	25	64	26	23	27	99	28	17	29	76	30	100	31	66	32	82	33	89	34	78	35	42	36	91	37	78	38	44	39	67	40	76	41	14	42	55	43	62	44	74	45	44	46	10	47	50	48	22	49	96	
	0	19	1	14	2	71	3	73	4	89	5	53	6	63	7	64	8	10	9	35	10	77	11	78	12	15	13	95	14	16	15	54	16	34	17	61	18	20	19	78	20	53	21	98	22	90	23	72	24	87	25	85	26	58	27	10	28	17	29	58	30	19	31	48	32	71	33	34	34	58	35	21	36	37	37	31	38	70	39	54	40	38	41	10	42	68	43	54	44	67	45	36	46	64	47	36	48	23	49	74	
	0	24	1	58	2	42	3	70	4	85	5	85	6	28	7	59	8	17	9	79	10	14	11	71	12	39	13	85	14	46	15	18	16	100	17	26	18	88	19	26	20	98	21	79	22	65	23	79	24	21	25	84	26	80	27	68	28	29	29	29	30	89	31	61	32	38	33	42	34	79	35	72	36	25	37	52	38	45	39	73	40	35	41	72	42	34	43	32	44	44	45	35	46	49	47	41	48	93	49	55	
	0	75	1	52	2	69	3	46	4	93	5	77	6	17	7	19	8	93	9	83	10	79	11	22	12	28	13	52	14	70	15	59	16	17	17	13	18	79	19	44	20	96	21	58	22	20	23	65	24	41	25	67	26	34	27	47	28	67	29	36	30	96	31	47	32	100	33	98	34	76	35	32	36	10	37	40	38	32	39	56	40	16	41	100	42	45	43	92	44	49	45	66	46	34	47	88	48	77	49	21	
	0	25	1	79	2	90	3	20	4	62	5	83	6	71	7	34	8	56	9	55	10	59	11	72	12	61	13	94	14	15	15	45	16	67	17	87	18	14	19	19	20	75	21	26	22	82	23	48	24	99	25	22	26	80	27	82	28	98	29	33	30	69	31	31	32	77	33	52	34	63	35	88	36	17	37	28	38	57	39	48	40	56	41	44	42	70	43	59	44	74	45	22	46	83	47	28	48	50	49	32	
	0	47	1	91	2	41	3	27	4	58	5	98	6	55	7	98	8	30	9	33	10	42	11	34	12	60	13	33	14	48	15	11	16	72	17	90	18	36	19	89	20	68	21	28	22	95	23	62	24	47	25	61	26	11	27	42	28	42	29	20	30	100	31	60	32	64	33	23	34	20	35	85	36	34	37	31	38	22	39	14	40	95	41	62	42	14	43	57	44	27	45	26	46	39	47	31	48	82	49	96	
	0	70	1	52	2	88	3	64	4	92	5	89	6	64	7	59	8	23	9	45	10	94	11	14	12	14	13	60	14	68	15	43	16	44	17	39	18	19	19	20	20	77	21	99	22	96	23	13	24	70	25	73	26	35	27	24	28	77	29	96	30	82	31	16	32	57	33	30	34	89	35	33	36	45	37	36	38	43	39	33	40	87	41	52	42	11	43	51	44	31	45	53	46	77	47	91	48	72	49	17	
	0	51	1	97	2	21	3	66	4	59	5	49	6	30	7	54	8	10	9	49	10	87	11	67	12	82	13	53	14	88	15	86	16	68	17	32	18	85	19	71	20	84	21	23	22	39	23	19	24	75	25	53	26	27	27	62	28	40	29	58	30	90	31	27	32	17	33	18	34	83	35	21	36	64	37	35	38	45	39	88	40	18	41	40	42	64	43	46	44	35	45	46	46	87	47	39	48	54	49	62	
	0	77	1	76	2	100	3	24	4	51	5	19	6	57	7	46	8	71	9	16	10	84	11	68	12	81	13	85	14	36	15	79	16	53	17	60	18	41	19	46	20	73	21	42	22	63	23	79	24	91	25	28	26	21	27	73	28	97	29	77	30	38	31	15	32	70	33	100	34	18	35	77	36	61	37	58	38	67	39	47	40	30	41	58	42	13	43	71	44	57	45	72	46	54	47	31	48	14	49	33	
	0	66	1	84	2	22	3	68	4	64	5	74	6	59	7	91	8	15	9	89	10	62	11	77	12	23	13	50	14	51	15	42	16	74	17	57	18	41	19	47	20	12	21	59	22	99	23	29	24	73	25	30	26	74	27	98	28	42	29	53	30	86	31	100	32	56	33	14	34	47	35	23	36	81	37	43	38	58	39	49	40	50	41	75	42	45	43	22	44	46	45	89	46	38	47	71	48	46	49	67	
	0	88	1	74	2	81	3	43	4	32	5	62	6	24	7	34	8	12	9	60	10	73	11	68	12	43	13	52	14	57	15	28	16	58	17	94	18	68	19	87	20	35	21	94	22	62	23	75	24	15	25	22	26	49	27	69	28	28	29	36	30	32	31	48	32	14	33	46	34	46	35	26	36	49	37	71	38	31	39	21	40	44	41	46	42	28	43	57	44	54	45	65	46	11	47	88	48	54	49	63	
	0	27	1	48	2	77	3	16	4	40	5	78	6	63	7	56	8	38	9	18	10	63	11	19	12	36	13	92	14	100	15	50	16	11	17	25	18	75	19	69	20	94	21	65	22	84	23	85	24	100	25	23	26	91	27	46	28	96	29	59	30	66	31	68	32	83	33	87	34	98	35	55	36	21	37	19	38	65	39	95	40	22	41	85	42	19	43	94	44	15	45	68	46	41	47	95	48	98	49	22	
	0	40	1	71	2	15	3	81	4	25	5	52	6	24	7	36	8	78	9	75	10	84	11	54	12	39	13	63	14	82	15	66	16	57	17	54	18	51	19	11	20	99	21	72	22	91	23	92	24	98	25	43	26	24	27	26	28	16	29	15	30	70	31	32	32	21	33	82	34	51	35	96	36	75	37	26	38	11	39	45	40	79	41	38	42	58	43	31	44	65	45	80	46	91	47	11	48	15	49	31	
	0	31	1	57	2	43	3	55	4	13	5	73	6	88	7	16	8	64	9	77	10	84	11	29	12	85	13	21	14	21	15	24	16	39	17	98	18	76	19	20	20	69	21	93	22	81	23	95	24	12	25	12	26	28	27	79	28	65	29	60	30	86	31	65	32	83	33	24	34	37	35	44	36	77	37	81	38	96	39	64	40	44	41	24	42	24	43	11	44	10	45	89	46	33	47	12	48	10	49	100	
	0	48	1	40	2	89	3	15	4	55	5	93	6	57	7	89	8	24	9	93	10	19	11	93	12	31	13	71	14	54	15	18	16	40	17	63	18	59	19	53	20	28	21	36	22	41	23	61	24	66	25	68	26	51	27	83	28	11	29	16	30	16	31	34	32	93	33	41	34	48	35	61	36	71	37	64	38	96	39	90	40	17	41	35	42	73	43	27	44	51	45	53	46	67	47	12	48	70	49	89	
	0	67	1	15	2	16	3	14	4	88	5	11	6	54	7	13	8	42	9	97	10	53	11	75	12	58	13	65	14	89	15	12	16	31	17	89	18	56	19	45	20	90	21	94	22	10	23	70	24	32	25	38	26	60	27	35	28	99	29	25	30	50	31	70	32	43	33	39	34	100	35	23	36	63	37	96	38	37	39	49	40	97	41	79	42	17	43	81	44	49	45	56	46	18	47	20	48	91	49	75	
	0	65	1	33	2	40	3	52	4	31	5	69	6	37	7	43	8	18	9	76	10	83	11	61	12	65	13	49	14	79	15	88	16	61	17	75	18	52	19	93	20	83	21	10	22	41	23	98	24	12	25	58	26	71	27	63	28	97	29	75	30	47	31	75	32	94	33	49	34	89	35	20	36	27	37	100	38	82	39	78	40	77	41	46	42	88	43	66	44	47	45	21	46	33	47	78	48	44	49	83	
	0	49	1	29	2	17	3	83	4	46	5	100	6	49	7	27	8	71	9	96	10	44	11	22	12	34	13	22	14	81	15	32	16	93	17	56	18	12	19	55	20	37	21	18	22	50	23	76	24	40	25	42	26	56	27	44	28	53	29	67	30	20	31	11	32	91	33	55	34	34	35	64	36	77	37	31	38	42	39	25	40	60	41	48	42	69	43	59	44	40	45	73	46	30	47	26	48	13	49	97	
	0	59	1	98	2	29	3	80	4	24	5	80	6	91	7	37	8	86	9	28	10	66	11	29	12	26	13	86	14	80	15	58	16	27	17	30	18	90	19	25	20	89	21	91	22	96	23	66	24	11	25	28	26	14	27	89	28	36	29	52	30	66	31	47	32	84	33	85	34	16	35	71	36	30	37	63	38	71	39	60	40	51	41	91	42	11	43	97	44	26	45	98	46	76	47	87	48	58	49	69	
	0	83	1	64	2	17	3	96	4	73	5	33	6	31	7	14	8	33	9	47	10	43	11	86	12	86	13	95	14	67	15	33	16	71	17	99	18	49	19	48	20	16	21	43	22	77	23	62	24	34	25	63	26	53	27	53	28	71	29	18	30	67	31	22	32	50	33	71	34	86	35	81	36	44	37	46	38	99	39	56	40	61	41	57	42	43	43	50	44	77	45	96	46	27	47	51	48	35	49	83	
	0	70	1	35	2	87	3	42	4	27	5	17	6	40	7	59	8	14	9	32	10	76	11	94	12	92	13	18	14	16	15	25	16	89	17	67	18	82	19	71	20	31	21	51	22	39	23	74	24	61	25	46	26	29	27	88	28	59	29	52	30	25	31	29	32	45	33	90	34	39	35	42	36	67	37	37	38	80	39	37	40	12	41	20	42	68	43	16	44	66	45	72	46	29	47	25	48	35	49	55	
	0	62	1	88	2	45	3	22	4	35	5	42	6	60	7	66	8	15	9	53	10	70	11	35	12	65	13	12	14	69	15	48	16	55	17	66	18	38	19	50	20	38	21	30	22	33	23	18	24	91	25	10	26	41	27	34	28	63	29	55	30	53	31	83	32	46	33	80	34	52	35	37	36	95	37	11	38	83	39	52	40	32	41	40	42	93	43	47	44	52	45	30	46	13	47	22	48	62	49	77	
	0	71	1	64	2	81	3	91	4	16	5	57	6	69	7	29	8	86	9	64	10	65	11	14	12	70	13	96	14	46	15	48	16	69	17	60	18	24	19	67	20	29	21	39	22	44	23	35	24	41	25	77	26	51	27	94	28	57	29	100	30	28	31	49	32	14	33	44	34	93	35	80	36	81	37	79	38	54	39	85	40	18	41	21	42	39	43	68	44	21	45	78	46	14	47	34	48	68	49	82	
	0	31	1	33	2	68	3	66	4	17	5	57	6	72	7	62	8	54	9	68	10	91	11	60	12	28	13	38	14	75	15	51	16	100	17	87	18	29	19	44	20	60	21	50	22	65	23	60	24	42	25	44	26	18	27	88	28	20	29	97	30	96	31	38	32	15	33	68	34	16	35	95	36	12	37	44	38	20	39	25	40	61	41	72	42	96	43	33	44	48	45	89	46	30	47	89	48	75	49	11	
	0	76	1	70	2	99	3	60	4	28	5	29	6	26	7	30	8	50	9	33	10	55	11	69	12	25	13	82	14	58	15	51	16	41	17	95	18	52	19	46	20	19	21	100	22	50	23	75	24	94	25	39	26	80	27	70	28	77	29	70	30	43	31	32	32	49	33	11	34	83	35	19	36	29	37	61	38	33	39	35	40	74	41	23	42	41	43	66	44	54	45	66	46	52	47	41	48	97	49	81	
	0	30	1	40	2	72	3	31	4	11	5	10	6	82	7	27	8	15	9	83	10	57	11	84	12	43	13	26	14	29	15	10	16	84	17	78	18	58	19	12	20	19	21	63	22	24	23	16	24	55	25	15	26	87	27	85	28	59	29	71	30	80	31	36	32	58	33	85	34	18	35	54	36	89	37	43	38	66	39	60	40	64	41	69	42	93	43	44	44	68	45	72	46	26	47	52	48	64	49	27	
	0	62	1	54	2	53	3	53	4	49	5	70	6	72	7	54	8	56	9	54	10	95	11	90	12	54	13	83	14	83	15	22	16	61	17	93	18	43	19	38	20	37	21	18	22	81	23	28	24	75	25	84	26	22	27	90	28	43	29	89	30	48	31	57	32	30	33	74	34	61	35	80	36	77	37	15	38	92	39	47	40	46	41	23	42	35	43	36	44	40	45	39	46	91	47	99	48	20	49	12	
	0	33	1	30	2	97	3	79	4	96	5	98	6	52	7	68	8	85	9	73	10	76	11	53	12	69	13	81	14	89	15	89	16	98	17	86	18	38	19	27	20	43	21	40	22	65	23	89	24	41	25	26	26	91	27	37	28	53	29	58	30	36	31	32	32	74	33	27	34	49	35	16	36	30	37	30	38	32	39	85	40	40	41	81	42	40	43	67	44	67	45	78	46	54	47	84	48	43	49	26	
	0	97	1	82	2	84	3	51	4	82	5	74	6	100	7	18	8	86	9	55	10	39	11	18	12	47	13	89	14	100	15	27	16	59	17	29	18	98	19	92	20	25	21	15	22	89	23	69	24	43	25	88	26	12	27	44	28	78	29	45	30	24	31	13	32	96	33	19	34	42	35	84	36	69	37	33	38	66	39	13	40	61	41	24	42	74	43	45	44	92	45	49	46	43	47	41	48	10	49	85	
	0	67	1	48	2	10	3	67	4	27	5	35	6	60	7	82	8	95	9	96	10	67	11	47	12	66	13	50	14	15	15	24	16	25	17	84	18	71	19	19	20	63	21	89	22	85	23	77	24	56	25	58	26	28	27	81	28	19	29	65	30	13	31	12	32	24	33	32	34	90	35	44	36	42	37	28	38	83	39	84	40	87	41	97	42	28	43	77	44	77	45	93	46	39	47	32	48	18	49	59	
	0	12	1	79	2	89	3	96	4	16	5	16	6	29	7	79	8	66	9	38	10	69	11	89	12	19	13	31	14	98	15	59	16	94	17	29	18	57	19	47	20	69	21	42	22	87	23	83	24	83	25	69	26	56	27	80	28	48	29	51	30	59	31	91	32	56	33	47	34	12	35	35	36	71	37	64	38	33	39	91	40	12	41	41	42	93	43	71	44	32	45	94	46	78	47	41	48	31	49	91	
	0	38	1	84	2	94	3	85	4	49	5	68	6	55	7	14	8	99	9	41	10	61	11	76	12	25	13	69	14	47	15	95	16	56	17	14	18	95	19	70	20	28	21	76	22	68	23	91	24	26	25	76	26	91	27	23	28	87	29	66	30	92	31	37	32	75	33	40	34	32	35	32	36	75	37	15	38	89	39	50	40	41	41	92	42	81	43	18	44	16	45	89	46	46	47	72	48	70	49	89	
	0	34	1	60	2	41	3	26	4	50	5	47	6	49	7	40	8	68	9	72	10	44	11	71	12	62	13	24	14	15	15	21	16	91	17	64	18	93	19	55	20	59	21	32	22	44	23	49	24	34	25	98	26	73	27	90	28	39	29	35	30	99	31	46	32	23	33	13	34	39	35	43	36	21	37	44	38	100	39	41	40	80	41	95	42	60	43	70	44	42	45	32	46	76	47	37	48	21	49	71	
	0	50	1	71	2	45	3	94	4	41	5	85	6	71	7	32	8	79	9	50	10	57	11	12	12	62	13	72	14	28	15	23	16	69	17	25	18	10	19	61	20	22	21	81	22	40	23	61	24	87	25	10	26	100	27	27	28	86	29	62	30	95	31	54	32	83	33	69	34	59	35	56	36	64	37	35	38	74	39	84	40	57	41	87	42	15	43	51	44	65	45	55	46	53	47	78	48	12	49	69	
	0	21	1	82	2	63	3	20	4	89	5	11	6	34	7	71	8	20	9	73	10	79	11	25	12	79	13	55	14	94	15	78	16	40	17	41	18	53	19	64	20	39	21	99	22	53	23	62	24	95	25	32	26	40	27	26	28	38	29	42	30	71	31	92	32	98	33	89	34	35	35	90	36	88	37	35	38	28	39	18	40	23	41	100	42	11	43	49	44	12	45	79	46	62	47	47	48	49	49	48	
	0	40	1	21	2	56	3	81	4	15	5	23	6	56	7	39	8	52	9	68	10	90	11	52	12	11	13	49	14	64	15	16	16	37	17	64	18	35	19	70	20	42	21	33	22	23	23	78	24	19	25	61	26	42	27	73	28	88	29	95	30	89	31	41	32	61	33	53	34	57	35	50	36	100	37	56	38	31	39	48	40	90	41	20	42	30	43	62	44	57	45	42	46	19	47	43	48	43	49	20	
	0	40	1	91	2	77	3	24	4	14	5	29	6	100	7	12	8	94	9	57	10	77	11	54	12	32	13	89	14	18	15	59	16	44	17	98	18	87	19	46	20	21	21	72	22	15	23	18	24	55	25	94	26	20	27	94	28	51	29	49	30	49	31	18	32	91	33	98	34	61	35	68	36	65	37	56	38	27	39	34	40	18	41	85	42	98	43	42	44	76	45	18	46	23	47	63	48	57	49	37	
	0	53	1	31	2	72	3	82	4	87	5	24	6	43	7	43	8	68	9	14	10	19	11	82	12	40	13	25	14	36	15	20	16	62	17	66	18	74	19	39	20	37	21	60	22	81	23	16	24	69	25	63	26	73	27	41	28	42	29	79	30	67	31	50	32	89	33	12	34	74	35	60	36	63	37	64	38	61	39	63	40	98	41	83	42	77	43	60	44	99	45	32	46	18	47	73	48	97	49	19	
	0	99	1	27	2	38	3	69	4	21	5	80	6	33	7	14	8	72	9	70	10	38	11	88	12	23	13	27	14	100	15	64	16	84	17	95	18	45	19	21	20	28	21	38	22	48	23	44	24	89	25	63	26	42	27	24	28	57	29	38	30	11	31	74	32	33	33	35	34	11	35	72	36	54	37	70	38	46	39	80	40	40	41	71	42	50	43	74	44	48	45	55	46	25	47	45	48	74	49	54	
	0	50	1	86	2	55	3	38	4	73	5	89	6	39	7	67	8	66	9	85	10	21	11	67	12	84	13	14	14	84	15	23	16	22	17	27	18	45	19	92	20	72	21	83	22	65	23	89	24	14	25	84	26	65	27	56	28	95	29	67	30	99	31	89	32	19	33	32	34	99	35	50	36	16	37	22	38	76	39	85	40	22	41	52	42	88	43	89	44	76	45	75	46	58	47	93	48	62	49	66	
	0	92	1	70	2	47	3	59	4	37	5	71	6	13	7	85	8	28	9	45	10	58	11	52	12	11	13	71	14	43	15	87	16	95	17	21	18	48	19	25	20	77	21	70	22	93	23	52	24	17	25	97	26	20	27	17	28	87	29	66	30	81	31	80	32	100	33	27	34	31	35	23	36	75	37	96	38	85	39	50	40	20	41	74	42	11	43	12	44	72	45	77	46	66	47	37	48	11	49	66	
	0	86	1	58	2	20	3	47	4	42	5	21	6	34	7	95	8	72	9	91	10	27	11	94	12	16	13	88	14	29	15	27	16	15	17	15	18	86	19	23	20	56	21	14	22	67	23	88	24	98	25	74	26	68	27	86	28	57	29	43	30	76	31	50	32	67	33	44	34	16	35	65	36	54	37	63	38	39	39	24	40	49	41	35	42	10	43	24	44	100	45	42	46	63	47	45	48	84	49	99	
	0	86	1	56	2	15	3	81	4	62	5	85	6	99	7	95	8	18	9	86	10	18	11	68	12	27	13	33	14	38	15	54	16	69	17	17	18	55	19	61	20	61	21	47	22	12	23	64	24	19	25	42	26	95	27	38	28	82	29	92	30	13	31	42	32	33	33	52	34	57	35	74	36	38	37	45	38	74	39	10	40	25	41	42	42	92	43	55	44	11	45	39	46	89	47	31	48	32	49	26	
	0	34	1	23	2	71	3	81	4	28	5	16	6	43	7	34	8	39	9	42	10	36	11	34	12	83	13	97	14	64	15	55	16	15	17	31	18	39	19	52	20	20	21	39	22	43	23	12	24	94	25	39	26	92	27	81	28	70	29	72	30	75	31	49	32	88	33	29	34	10	35	18	36	73	37	70	38	42	39	38	40	12	41	42	42	89	43	30	44	63	45	55	46	57	47	90	48	53	49	46	
	0	91	1	62	2	61	3	12	4	22	5	20	6	74	7	36	8	97	9	89	10	22	11	29	12	82	13	55	14	93	15	16	16	48	17	63	18	43	19	72	20	97	21	31	22	49	23	41	24	71	25	58	26	76	27	29	28	68	29	47	30	54	31	57	32	94	33	67	34	73	35	91	36	77	37	81	38	51	39	57	40	37	41	35	42	29	43	93	44	85	45	46	46	43	47	14	48	15	49	38	
	0	80	1	39	2	32	3	21	4	39	5	73	6	76	7	95	8	47	9	85	10	49	11	41	12	68	13	62	14	83	15	37	16	31	17	20	18	10	19	74	20	33	21	62	22	99	23	77	24	53	25	88	26	92	27	23	28	71	29	51	30	51	31	38	32	29	33	74	34	82	35	95	36	77	37	32	38	82	39	74	40	68	41	43	42	63	43	35	44	54	45	45	46	64	47	10	48	75	49	21	
	0	61	1	81	2	16	3	77	4	55	5	52	6	91	7	79	8	46	9	64	10	74	11	86	12	44	13	45	14	15	15	10	16	55	17	43	18	76	19	53	20	64	21	46	22	98	23	68	24	66	25	98	26	51	27	61	28	90	29	73	30	27	31	92	32	85	33	81	34	34	35	57	36	17	37	25	38	90	39	98	40	10	41	46	42	32	43	56	44	12	45	36	46	81	47	98	48	92	49	83	
	0	32	1	35	2	30	3	43	4	41	5	86	6	16	7	68	8	19	9	34	10	36	11	87	12	74	13	21	14	81	15	30	16	99	17	18	18	36	19	10	20	83	21	97	22	49	23	62	24	23	25	96	26	28	27	22	28	90	29	27	30	93	31	75	32	39	33	91	34	47	35	88	36	79	37	99	38	33	39	95	40	43	41	68	42	47	43	92	44	85	45	41	46	96	47	98	48	32	49	93	
	0	11	1	85	2	70	3	46	4	81	5	21	6	57	7	56	8	93	9	68	10	12	11	56	12	59	13	15	14	87	15	66	16	28	17	61	18	33	19	39	20	63	21	54	22	94	23	79	24	50	25	70	26	21	27	41	28	65	29	34	30	44	31	51	32	75	33	25	34	29	35	78	36	21	37	32	38	13	39	31	40	88	41	15	42	80	43	73	44	35	45	89	46	81	47	92	48	12	49	29	
	0	14	1	79	2	43	3	35	4	56	5	69	6	16	7	24	8	55	9	100	10	19	11	73	12	74	13	34	14	47	15	17	16	39	17	27	18	34	19	94	20	82	21	59	22	19	23	92	24	18	25	54	26	55	27	27	28	58	29	75	30	80	31	19	32	90	33	99	34	57	35	62	36	37	37	93	38	77	39	40	40	87	41	38	42	86	43	24	44	80	45	67	46	71	47	75	48	86	49	14	
	0	93	1	16	2	84	3	83	4	87	5	61	6	83	7	87	8	77	9	40	10	46	11	52	12	62	13	60	14	87	15	35	16	10	17	65	18	71	19	94	20	35	21	52	22	27	23	73	24	16	25	85	26	34	27	45	28	17	29	96	30	39	31	32	32	89	33	94	34	58	35	85	36	31	37	92	38	78	39	88	40	11	41	25	42	19	43	100	44	14	45	54	46	71	47	32	48	67	49	29	
	0	82	1	29	2	99	3	17	4	44	5	36	6	63	7	73	8	70	9	82	10	99	11	44	12	35	13	11	14	79	15	83	16	24	17	47	18	89	19	28	20	58	21	87	22	96	23	24	24	27	25	54	26	17	27	32	28	12	29	29	30	53	31	39	32	52	33	45	34	64	35	64	36	97	37	73	38	90	39	99	40	90	41	38	42	20	43	26	44	85	45	78	46	72	47	14	48	44	49	45	
	0	11	1	24	2	69	3	66	4	44	5	18	6	95	7	90	8	27	9	74	10	59	11	53	12	57	13	54	14	42	15	71	16	98	17	92	18	56	19	91	20	80	21	66	22	51	23	95	24	10	25	17	26	35	27	54	28	92	29	72	30	73	31	30	32	83	33	48	34	51	35	86	36	12	37	57	38	23	39	22	40	73	41	90	42	70	43	36	44	66	45	77	46	72	47	85	48	30	49	92	
	0	43	1	75	2	78	3	55	4	39	5	38	6	99	7	60	8	21	9	81	10	21	11	35	12	81	13	44	14	46	15	11	16	65	17	76	18	20	19	65	20	29	21	69	22	88	23	53	24	82	25	93	26	100	27	22	28	49	29	26	30	10	31	36	32	88	33	50	34	39	35	73	36	97	37	91	38	79	39	77	40	30	41	100	42	83	43	77	44	19	45	89	46	81	47	56	48	86	49	12	
	0	25	1	25	2	95	3	41	4	60	5	55	6	43	7	42	8	78	9	100	10	24	11	51	12	12	13	73	14	33	15	26	16	62	17	61	18	19	19	84	20	26	21	43	22	42	23	26	24	26	25	67	26	67	27	40	28	46	29	91	30	59	31	91	32	42	33	68	34	90	35	91	36	85	37	93	38	10	39	81	40	17	41	57	42	13	43	35	44	73	45	73	46	38	47	88	48	61	49	93	
	0	68	1	44	2	42	3	79	4	52	5	44	6	32	7	73	8	16	9	86	10	98	11	69	12	74	13	42	14	71	15	99	16	12	17	26	18	100	19	34	20	56	21	91	22	84	23	45	24	93	25	14	26	12	27	50	28	50	29	15	30	99	31	46	32	31	33	60	34	55	35	63	36	81	37	92	38	24	39	22	40	37	41	99	42	32	43	48	44	37	45	65	46	70	47	14	48	95	49	19	
	0	25	1	18	2	69	3	83	4	12	5	64	6	51	7	10	8	85	9	24	10	43	11	25	12	39	13	17	14	64	15	99	16	44	17	95	18	99	19	52	20	62	21	44	22	39	23	57	24	35	25	23	26	41	27	48	28	75	29	47	30	32	31	89	32	87	33	94	34	61	35	72	36	49	37	16	38	66	39	94	40	89	41	16	42	59	43	75	44	91	45	48	46	33	47	28	48	78	49	30	
	0	49	1	10	2	43	3	35	4	58	5	25	6	90	7	80	8	33	9	97	10	76	11	95	12	60	13	66	14	39	15	67	16	12	17	80	18	54	19	93	20	14	21	67	22	10	23	96	24	18	25	51	26	28	27	97	28	75	29	57	30	73	31	66	32	26	33	38	34	19	35	15	36	85	37	16	38	83	39	78	40	24	41	99	42	67	43	95	44	16	45	89	46	100	47	70	48	24	49	25	
	0	41	1	71	2	38	3	72	4	51	5	100	6	87	7	16	8	97	9	73	10	70	11	42	12	62	13	50	14	69	15	10	16	53	17	23	18	59	19	10	20	100	21	46	22	54	23	51	24	93	25	97	26	59	27	22	28	86	29	16	30	47	31	38	32	10	33	58	34	11	35	73	36	27	37	63	38	66	39	17	40	10	41	19	42	81	43	49	44	75	45	44	46	68	47	41	48	61	49	68	
	0	85	1	21	2	74	3	70	4	58	5	82	6	25	7	81	8	47	9	65	10	79	11	64	12	83	13	84	14	46	15	83	16	92	17	88	18	30	19	96	20	87	21	97	22	77	23	35	24	38	25	79	26	36	27	81	28	15	29	71	30	83	31	72	32	90	33	68	34	50	35	43	36	31	37	73	38	81	39	22	40	96	41	59	42	22	43	72	44	90	45	85	46	32	47	25	48	47	49	18	
	0	38	1	86	2	60	3	23	4	38	5	59	6	35	7	97	8	74	9	32	10	48	11	11	12	24	13	52	14	51	15	28	16	42	17	93	18	100	19	49	20	59	21	37	22	69	23	25	24	39	25	99	26	41	27	82	28	51	29	60	30	51	31	92	32	62	33	75	34	39	35	50	36	87	37	40	38	93	39	41	40	52	41	28	42	99	43	17	44	82	45	10	46	98	47	61	48	27	49	43	
	0	41	1	88	2	82	3	73	4	65	5	52	6	52	7	16	8	83	9	44	10	86	11	41	12	65	13	14	14	72	15	52	16	10	17	45	18	62	19	75	20	32	21	98	22	71	23	53	24	57	25	58	26	86	27	60	28	53	29	91	30	33	31	31	32	18	33	100	34	95	35	58	36	78	37	14	38	15	39	80	40	95	41	85	42	71	43	25	44	20	45	99	46	52	47	16	48	69	49	44	
	0	90	1	77	2	53	3	95	4	45	5	81	6	77	7	99	8	69	9	74	10	37	11	53	12	85	13	56	14	21	15	44	16	23	17	40	18	16	19	22	20	75	21	16	22	57	23	50	24	73	25	33	26	35	27	88	28	58	29	35	30	88	31	24	32	86	33	50	34	22	35	66	36	72	37	50	38	53	39	65	40	99	41	47	42	16	43	29	44	77	45	12	46	22	47	53	48	69	49	79	
	0	75	1	54	2	67	3	91	4	59	5	98	6	23	7	46	8	62	9	38	10	45	11	66	12	99	13	33	14	82	15	78	16	98	17	12	18	60	19	31	20	12	21	16	22	88	23	53	24	88	25	30	26	77	27	90	28	67	29	63	30	62	31	46	32	30	33	24	34	95	35	73	36	93	37	24	38	39	39	29	40	53	41	27	42	52	43	23	44	38	45	66	46	91	47	58	48	12	49	58	
	0	31	1	45	2	39	3	49	4	58	5	55	6	61	7	64	8	59	9	70	10	63	11	77	12	96	13	74	14	17	15	21	16	67	17	65	18	95	19	24	20	89	21	31	22	49	23	23	24	70	25	99	26	27	27	58	28	82	29	58	30	54	31	60	32	38	33	82	34	43	35	90	36	42	37	82	38	33	39	31	40	14	41	33	42	82	43	47	44	82	45	50	46	25	47	11	48	93	49	92	
	0	35	1	22	2	35	3	11	4	26	5	17	6	53	7	49	8	89	9	66	10	58	11	54	12	22	13	22	14	81	15	43	16	70	17	26	18	66	19	40	20	85	21	12	22	15	23	94	24	100	25	42	26	51	27	68	28	83	29	85	30	44	31	28	32	65	33	57	34	89	35	35	36	99	37	53	38	60	39	62	40	13	41	71	42	62	43	49	44	39	45	99	46	27	47	60	48	70	49	51	
	0	60	1	77	2	98	3	42	4	83	5	36	6	52	7	72	8	40	9	55	10	69	11	51	12	63	13	17	14	72	15	13	16	82	17	77	18	52	19	44	20	89	21	93	22	80	23	26	24	98	25	50	26	57	27	93	28	38	29	33	30	46	31	88	32	39	33	93	34	86	35	58	36	61	37	19	38	44	39	38	40	21	41	33	42	19	43	67	44	51	45	12	46	16	47	63	48	91	49	91	
	0	19	1	21	2	41	3	95	4	25	5	14	6	96	7	88	8	92	9	47	10	62	11	33	12	63	13	96	14	78	15	29	16	70	17	24	18	12	19	79	20	81	21	18	22	67	23	77	24	40	25	15	26	56	27	87	28	28	29	78	30	70	31	94	32	34	33	13	34	83	35	84	36	74	37	73	38	83	39	38	40	81	41	20	42	56	43	36	44	49	45	40	46	92	47	17	48	43	49	43	
	0	26	1	92	2	17	3	11	4	77	5	32	6	52	7	78	8	66	9	28	10	94	11	92	12	46	13	48	14	52	15	92	16	24	17	57	18	25	19	17	20	58	21	91	22	97	23	22	24	73	25	28	26	63	27	19	28	40	29	33	30	19	31	71	32	48	33	70	34	63	35	87	36	90	37	29	38	90	39	72	40	98	41	37	42	43	43	39	44	11	45	37	46	99	47	32	48	96	49	55	
	0	18	1	72	2	99	3	10	4	40	5	50	6	34	7	58	8	76	9	14	10	55	11	85	12	92	13	14	14	14	15	25	16	99	17	79	18	66	19	40	20	53	21	17	22	29	23	33	24	28	25	62	26	44	27	28	28	34	29	35	30	16	31	62	32	92	33	97	34	38	35	67	36	93	37	84	38	54	39	51	40	100	41	16	42	52	43	64	44	75	45	29	46	55	47	44	48	14	49	38	
	0	79	1	90	2	40	3	61	4	44	5	71	6	40	7	54	8	96	9	21	10	88	11	12	12	62	13	84	14	55	15	22	16	64	17	79	18	88	19	49	20	23	21	35	22	57	23	58	24	54	25	11	26	45	27	100	28	39	29	61	30	15	31	77	32	22	33	74	34	52	35	31	36	79	37	42	38	60	39	94	40	86	41	94	42	97	43	24	44	73	45	30	46	65	47	47	48	10	49	34	
	0	83	1	10	2	68	3	91	4	74	5	59	6	58	7	15	8	96	9	65	10	31	11	67	12	95	13	26	14	76	15	83	16	57	17	32	18	51	19	94	20	60	21	65	22	52	23	76	24	53	25	32	26	53	27	47	28	70	29	94	30	63	31	68	32	25	33	22	34	40	35	32	36	12	37	75	38	84	39	76	40	89	41	75	42	52	43	28	44	23	45	27	46	95	47	100	48	62	49	73	
	0	98	1	52	2	91	3	82	4	79	5	63	6	83	7	13	8	44	9	86	10	83	11	50	12	40	13	65	14	77	15	80	16	24	17	94	18	68	19	100	20	84	21	60	22	59	23	40	24	50	25	58	26	87	27	61	28	67	29	72	30	69	31	83	32	37	33	90	34	36	35	45	36	42	37	63	38	56	39	43	40	66	41	53	42	48	43	15	44	13	45	90	46	51	47	80	48	36	49	57	
	0	48	1	50	2	42	3	73	4	57	5	21	6	26	7	46	8	62	9	34	10	34	11	38	12	32	13	23	14	77	15	49	16	38	17	88	18	100	19	17	20	91	21	10	22	51	23	52	24	87	25	44	26	41	27	25	28	57	29	40	30	18	31	27	32	87	33	64	34	45	35	89	36	74	37	28	38	57	39	39	40	20	41	57	42	34	43	76	44	60	45	35	46	96	47	17	48	83	49	38	
	0	42	1	79	2	12	3	74	4	88	5	94	6	42	7	27	8	61	9	45	10	84	11	69	12	40	13	99	14	85	15	36	16	82	17	65	18	26	19	29	20	98	21	44	22	64	23	95	24	44	25	69	26	74	27	59	28	14	29	56	30	79	31	71	32	43	33	48	34	40	35	89	36	97	37	67	38	40	39	62	40	74	41	51	42	51	43	29	44	86	45	50	46	77	47	87	48	54	49	20	
	0	76	1	32	2	45	3	51	4	57	5	66	6	45	7	59	8	89	9	95	10	17	11	91	12	40	13	19	14	57	15	39	16	48	17	55	18	77	19	81	20	36	21	83	22	58	23	96	24	77	25	80	26	67	27	78	28	42	29	87	30	50	31	26	32	17	33	37	34	41	35	99	36	45	37	75	38	77	39	97	40	35	41	90	42	60	43	19	44	18	45	51	46	21	47	44	48	87	49	95	
	0	13	1	55	2	62	3	74	4	20	5	42	6	61	7	41	8	59	9	18	10	88	11	97	12	24	13	100	14	94	15	91	16	73	17	86	18	96	19	81	20	40	21	35	22	46	23	35	24	37	25	63	26	29	27	50	28	40	29	29	30	98	31	17	32	62	33	39	34	28	35	84	36	39	37	98	38	14	39	33	40	34	41	10	42	48	43	99	44	95	45	78	46	97	47	99	48	79	49	66	
	0	23	1	74	2	88	3	67	4	99	5	72	6	56	7	98	8	39	9	80	10	33	11	36	12	48	13	65	14	87	15	96	16	53	17	13	18	61	19	16	20	11	21	91	22	92	23	10	24	28	25	60	26	48	27	64	28	31	29	95	30	86	31	66	32	78	33	74	34	33	35	45	36	17	37	63	38	24	39	83	40	74	41	27	42	94	43	99	44	69	45	63	46	52	47	60	48	32	49	64	
	0	30	1	23	2	15	3	83	4	59	5	67	6	57	7	14	8	79	9	56	10	61	11	14	12	86	13	59	14	22	15	25	16	57	17	92	18	60	19	44	20	17	21	40	22	86	23	81	24	74	25	59	26	64	27	48	28	99	29	23	30	61	31	60	32	86	33	89	34	80	35	23	36	55	37	63	38	22	39	44	40	40	41	80	42	54	43	30	44	20	45	98	46	43	47	19	48	58	49	19	
	0	58	1	27	2	72	3	94	4	55	5	54	6	96	7	81	8	72	9	58	10	17	11	67	12	77	13	59	14	55	15	21	16	72	17	18	18	19	19	96	20	64	21	45	22	69	23	25	24	94	25	47	26	34	27	30	28	100	29	74	30	72	31	12	32	38	33	92	34	98	35	76	36	49	37	72	38	58	39	30	40	48	41	66	42	44	43	79	44	21	45	95	46	28	47	16	48	54	49	26	
	0	85	1	67	2	41	3	73	4	85	5	97	6	26	7	74	8	100	9	38	10	21	11	18	12	75	13	92	14	78	15	24	16	23	17	13	18	24	19	57	20	47	21	47	22	43	23	79	24	64	25	34	26	89	27	98	28	88	29	78	30	90	31	69	32	99	33	59	34	91	35	77	36	84	37	31	38	28	39	16	40	56	41	99	42	63	43	59	44	33	45	47	46	95	47	27	48	66	49	29	
	0	28	1	54	2	69	3	34	4	34	5	50	6	36	7	54	8	89	9	11	10	37	11	94	12	42	13	86	14	84	15	40	16	95	17	76	18	44	19	20	20	100	21	33	22	29	23	67	24	61	25	27	26	60	27	36	28	13	29	11	30	36	31	23	32	78	33	48	34	56	35	65	36	72	37	35	38	48	39	50	40	71	41	11	42	38	43	14	44	11	45	66	46	72	47	43	48	39	49	27	
	0	17	1	17	2	60	3	95	4	59	5	70	6	70	7	46	8	38	9	28	10	28	11	53	12	24	13	97	14	52	15	82	16	40	17	93	18	89	19	35	20	94	21	71	22	93	23	88	24	55	25	34	26	67	27	78	28	76	29	63	30	48	31	38	32	71	33	33	34	85	35	99	36	96	37	67	38	10	39	91	40	14	41	39	42	19	43	83	44	100	45	55	46	68	47	12	48	62	49	56	
	0	26	1	99	2	64	3	92	4	95	5	45	6	71	7	93	8	87	9	77	10	26	11	80	12	93	13	84	14	93	15	69	16	99	17	22	18	77	19	91	20	48	21	86	22	57	23	49	24	50	25	73	26	35	27	92	28	14	29	15	30	46	31	31	32	66	33	91	34	12	35	83	36	16	37	91	38	89	39	60	40	100	41	94	42	39	43	62	44	94	45	67	46	39	47	65	48	56	49	63	
	0	78	1	52	2	54	3	89	4	38	5	72	6	74	7	34	8	100	9	76	10	59	11	84	12	79	13	94	14	43	15	95	16	43	17	96	18	18	19	99	20	42	21	92	22	100	23	73	24	43	25	55	26	37	27	91	28	64	29	87	30	54	31	18	32	59	33	78	34	24	35	52	36	71	37	70	38	63	39	52	40	17	41	74	42	43	43	31	44	82	45	37	46	20	47	12	48	39	49	17	
	0	68	1	17	2	85	3	60	4	78	5	25	6	59	7	93	8	56	9	29	10	82	11	58	12	69	13	98	14	34	15	90	16	36	17	66	18	61	19	47	20	22	21	60	22	12	23	63	24	32	25	58	26	94	27	96	28	89	29	69	30	60	31	88	32	89	33	98	34	29	35	35	36	27	37	60	38	14	39	23	40	77	41	73	42	47	43	42	44	59	45	21	46	39	47	18	48	17	49	64	
	0	16	1	45	2	46	3	82	4	36	5	89	6	87	7	27	8	24	9	42	10	29	11	18	12	55	13	27	14	62	15	84	16	35	17	59	18	62	19	40	20	94	21	98	22	51	23	76	24	72	25	41	26	31	27	15	28	89	29	82	30	25	31	11	32	76	33	24	34	87	35	63	36	34	37	15	38	83	39	99	40	62	41	47	42	51	43	68	44	67	45	49	46	72	47	67	48	22	49	59	
	0	36	1	41	2	79	3	57	4	14	5	69	6	13	7	34	8	45	9	18	10	29	11	71	12	100	13	92	14	34	15	10	16	18	17	60	18	27	19	59	20	68	21	85	22	88	23	56	24	80	25	10	26	45	27	83	28	89	29	73	30	37	31	69	32	56	33	29	34	11	35	73	36	89	37	39	38	93	39	58	40	76	41	57	42	20	43	78	44	58	45	20	46	31	47	32	48	91	49	33	
	0	28	1	26	2	93	3	34	4	36	5	86	6	96	7	40	8	24	9	65	10	22	11	12	12	15	13	74	14	25	15	41	16	55	17	99	18	72	19	14	20	45	21	37	22	72	23	31	24	94	25	49	26	98	27	51	28	45	29	23	30	75	31	20	32	72	33	30	34	42	35	23	36	30	37	86	38	70	39	72	40	21	41	74	42	84	43	81	44	61	45	59	46	34	47	74	48	69	49	83	
	0	37	1	18	2	93	3	71	4	65	5	38	6	98	7	50	8	85	9	56	10	44	11	36	12	87	13	68	14	22	15	48	16	49	17	21	18	98	19	48	20	12	21	13	22	42	23	61	24	58	25	55	26	88	27	63	28	89	29	51	30	90	31	37	32	86	33	18	34	50	35	13	36	43	37	21	38	62	39	95	40	28	41	10	42	80	43	77	44	23	45	89	46	80	47	16	48	62	49	46	
	0	96	1	78	2	52	3	73	4	40	5	13	6	60	7	74	8	66	9	77	10	77	11	13	12	15	13	45	14	49	15	34	16	95	17	27	18	98	19	21	20	70	21	25	22	85	23	70	24	15	25	34	26	99	27	76	28	24	29	66	30	27	31	53	32	38	33	16	34	15	35	73	36	70	37	52	38	36	39	66	40	15	41	44	42	85	43	93	44	95	45	54	46	49	47	39	48	73	49	71	
	0	71	1	32	2	36	3	33	4	94	5	22	6	29	7	28	8	53	9	68	10	76	11	64	12	74	13	91	14	27	15	23	16	15	17	73	18	43	19	30	20	41	21	42	22	20	23	75	24	76	25	83	26	21	27	77	28	26	29	55	30	72	31	91	32	57	33	59	34	28	35	22	36	49	37	25	38	55	39	55	40	69	41	94	42	100	43	39	44	37	45	73	46	83	47	91	48	40	49	78	
	0	100	1	24	2	98	3	30	4	81	5	91	6	87	7	85	8	24	9	46	10	13	11	59	12	12	13	49	14	40	15	27	16	75	17	83	18	64	19	91	20	94	21	13	22	75	23	68	24	16	25	63	26	94	27	60	28	33	29	63	30	55	31	79	32	73	33	26	34	36	35	35	36	66	37	100	38	87	39	16	40	57	41	15	42	40	43	15	44	100	45	38	46	40	47	66	48	68	49	65	
	0	41	1	65	2	14	3	45	4	20	5	20	6	63	7	77	8	15	9	11	10	36	11	39	12	86	13	84	14	68	15	23	16	97	17	15	18	67	19	71	20	73	21	37	22	30	23	45	24	31	25	24	26	52	27	16	28	30	29	44	30	34	31	37	32	38	33	79	34	81	35	22	36	97	37	28	38	27	39	87	40	43	41	10	42	50	43	15	44	76	45	23	46	98	47	29	48	72	49	94	
	0	58	1	34	2	92	3	79	4	50	5	85	6	36	7	68	8	57	9	93	10	93	11	48	12	14	13	16	14	96	15	73	16	59	17	56	18	58	19	67	20	76	21	100	22	18	23	89	24	70	25	71	26	45	27	48	28	61	29	39	30	99	31	38	32	88	33	35	34	57	35	43	36	24	37	34	38	100	39	97	40	22	41	89	42	36	43	21	44	25	45	89	46	72	47	33	48	13	49	29	
	0	71	1	69	2	74	3	49	4	27	5	47	6	100	7	32	8	91	9	37	10	57	11	99	12	15	13	61	14	49	15	51	16	71	17	31	18	21	19	42	20	13	21	16	22	77	23	53	24	68	25	10	26	21	27	57	28	33	29	10	30	93	31	71	32	67	33	27	34	40	35	84	36	43	37	35	38	74	39	70	40	38	41	84	42	45	43	49	44	39	45	58	46	82	47	88	48	24	49	99	
	0	54	1	16	2	77	3	14	4	78	5	89	6	92	7	56	8	71	9	59	10	82	11	81	12	94	13	55	14	32	15	18	16	55	17	38	18	87	19	89	20	68	21	93	22	96	23	74	24	43	25	92	26	78	27	40	28	90	29	74	30	32	31	60	32	31	33	55	34	99	35	48	36	21	37	60	38	45	39	88	40	76	41	75	42	58	43	85	44	64	45	89	46	42	47	14	48	57	49	17	
	0	56	1	50	2	92	3	100	4	13	5	24	6	74	7	40	8	12	9	16	10	22	11	11	12	36	13	46	14	62	15	69	16	58	17	51	18	69	19	41	20	19	21	17	22	35	23	15	24	53	25	57	26	84	27	84	28	45	29	51	30	84	31	32	32	47	33	96	34	90	35	22	36	59	37	88	38	60	39	12	40	95	41	21	42	86	43	77	44	52	45	10	46	53	47	56	48	49	49	27	
	0	65	1	24	2	28	3	69	4	33	5	98	6	34	7	51	8	62	9	51	10	22	11	24	12	68	13	81	14	51	15	45	16	29	17	23	18	93	19	54	20	69	21	58	22	48	23	23	24	51	25	49	26	51	27	96	28	50	29	10	30	14	31	78	32	47	33	51	34	64	35	30	36	40	37	46	38	31	39	97	40	91	41	96	42	72	43	92	44	87	45	62	46	65	47	28	48	26	49	85	
	0	54	1	59	2	34	3	55	4	36	5	41	6	47	7	61	8	79	9	11	10	57	11	45	12	22	13	57	14	25	15	14	16	14	17	40	18	60	19	87	20	63	21	17	22	67	23	83	24	25	25	15	26	29	27	55	28	88	29	24	30	77	31	96	32	39	33	25	34	25	35	25	36	48	37	23	38	59	39	17	40	47	41	33	42	10	43	96	44	23	45	68	46	20	47	39	48	41	49	18	
	0	97	1	27	2	34	3	41	4	51	5	36	6	63	7	33	8	86	9	52	10	29	11	41	12	63	13	36	14	18	15	39	16	40	17	62	18	12	19	68	20	38	21	38	22	58	23	66	24	51	25	76	26	82	27	93	28	37	29	77	30	67	31	28	32	35	33	24	34	19	35	80	36	80	37	64	38	44	39	95	40	17	41	50	42	94	43	53	44	44	45	64	46	40	47	43	48	32	49	50	
	0	22	1	25	2	52	3	19	4	23	5	96	6	47	7	22	8	69	9	64	10	23	11	27	12	70	13	19	14	88	15	36	16	28	17	15	18	91	19	35	20	68	21	83	22	67	23	18	24	45	25	62	26	50	27	87	28	86	29	42	30	65	31	62	32	66	33	13	34	79	35	35	36	29	37	17	38	12	39	72	40	47	41	76	42	88	43	62	44	40	45	50	46	35	47	72	48	77	49	73	
	0	30	1	96	2	48	3	25	4	69	5	47	6	63	7	53	8	89	9	82	10	41	11	47	12	91	13	76	14	33	15	52	16	14	17	93	18	21	19	42	20	76	21	50	22	17	23	27	24	23	25	17	26	19	27	50	28	70	29	86	30	51	31	46	32	16	33	95	34	97	35	57	36	51	37	29	38	63	39	76	40	31	41	35	42	76	43	41	44	18	45	26	46	27	47	35	48	87	49	28	
	0	67	1	62	2	71	3	80	4	32	5	97	6	81	7	20	8	69	9	80	10	13	11	16	12	66	13	27	14	44	15	65	16	99	17	60	18	39	19	65	20	95	21	15	22	38	23	46	24	71	25	24	26	23	27	29	28	12	29	72	30	22	31	51	32	40	33	56	34	86	35	55	36	95	37	86	38	84	39	64	40	49	41	18	42	79	43	49	44	55	45	15	46	30	47	26	48	80	49	95	
	0	44	1	75	2	41	3	27	4	71	5	41	6	16	7	87	8	20	9	89	10	99	11	21	12	91	13	91	14	77	15	13	16	99	17	23	18	86	19	74	20	57	21	35	22	99	23	34	24	69	25	36	26	55	27	96	28	10	29	48	30	84	31	21	32	16	33	29	34	56	35	92	36	49	37	89	38	32	39	86	40	13	41	47	42	53	43	10	44	12	45	91	46	37	47	46	48	48	49	75	
	0	84	1	26	2	93	3	80	4	11	5	45	6	25	7	14	8	50	9	94	10	48	11	77	12	82	13	87	14	28	15	85	16	96	17	75	18	67	19	95	20	62	21	24	22	26	23	47	24	73	25	10	26	57	27	37	28	85	29	51	30	82	31	11	32	20	33	44	34	15	35	71	36	60	37	68	38	85	39	66	40	99	41	51	42	48	43	97	44	94	45	32	46	57	47	23	48	60	49	80	
	0	20	1	55	2	21	3	98	4	95	5	15	6	37	7	66	8	13	9	50	10	29	11	11	12	57	13	42	14	41	15	63	16	17	17	65	18	95	19	62	20	51	21	71	22	16	23	48	24	98	25	18	26	14	27	56	28	42	29	62	30	21	31	82	32	71	33	53	34	66	35	93	36	39	37	72	38	66	39	40	40	75	41	41	42	69	43	28	44	16	45	17	46	18	47	55	48	74	49	47	
	0	56	1	87	2	87	3	47	4	49	5	22	6	93	7	57	8	69	9	80	10	15	11	40	12	49	13	61	14	97	15	71	16	16	17	32	18	73	19	21	20	48	21	35	22	49	23	26	24	52	25	16	26	10	27	58	28	30	29	28	30	19	31	35	32	15	33	34	34	94	35	99	36	56	37	32	38	60	39	36	40	79	41	64	42	81	43	55	44	57	45	20	46	61	47	28	48	45	49	69	
	0	21	1	20	2	32	3	96	4	69	5	49	6	34	7	74	8	82	9	38	10	51	11	70	12	43	13	73	14	25	15	50	16	17	17	37	18	93	19	27	20	85	21	74	22	79	23	50	24	12	25	98	26	48	27	95	28	67	29	47	30	25	31	26	32	24	33	84	34	59	35	83	36	38	37	36	38	27	39	17	40	37	41	51	42	11	43	80	44	89	45	17	46	29	47	34	48	48	49	33	
	0	78	1	17	2	64	3	90	4	36	5	100	6	73	7	47	8	65	9	90	10	68	11	69	12	37	13	41	14	68	15	68	16	57	17	91	18	99	19	61	20	36	21	17	22	99	23	81	24	82	25	76	26	88	27	29	28	100	29	49	30	82	31	28	32	12	33	93	34	90	35	14	36	95	37	21	38	22	39	87	40	65	41	91	42	23	43	23	44	95	45	36	46	19	47	53	48	99	49	41	
	0	79	1	51	2	82	3	71	4	95	5	62	6	18	7	78	8	47	9	62	10	100	11	22	12	13	13	57	14	28	15	18	16	88	17	20	18	59	19	22	20	38	21	48	22	82	23	45	24	51	25	15	26	17	27	85	28	27	29	25	30	26	31	79	32	78	33	31	34	86	35	46	36	23	37	41	38	94	39	78	40	16	41	25	42	56	43	30	44	27	45	39	46	90	47	33	48	28	49	54	
	0	63	1	90	2	53	3	100	4	77	5	89	6	28	7	44	8	64	9	14	10	13	11	94	12	98	13	10	14	58	15	98	16	10	17	57	18	38	19	99	20	46	21	71	22	68	23	35	24	86	25	80	26	82	27	100	28	23	29	65	30	36	31	29	32	20	33	45	34	44	35	27	36	13	37	94	38	13	39	90	40	44	41	31	42	49	43	74	44	92	45	40	46	73	47	80	48	87	49	37	
	0	70	1	14	2	38	3	89	4	63	5	65	6	90	7	37	8	39	9	18	10	71	11	13	12	37	13	95	14	60	15	43	16	38	17	14	18	34	19	67	20	17	21	61	22	18	23	80	24	82	25	62	26	84	27	22	28	32	29	30	30	81	31	91	32	31	33	96	34	49	35	77	36	42	37	83	38	79	39	100	40	13	41	62	42	82	43	83	44	23	45	55	46	16	47	52	48	45	49	49	
	0	36	1	50	2	49	3	45	4	28	5	63	6	56	7	37	8	92	9	38	10	96	11	93	12	59	13	80	14	67	15	17	16	24	17	95	18	94	19	75	20	83	21	38	22	69	23	34	24	78	25	16	26	79	27	71	28	54	29	99	30	30	31	61	32	20	33	51	34	33	35	27	36	19	37	29	38	73	39	62	40	13	41	61	42	98	43	40	44	27	45	69	46	20	47	77	48	18	49	35	
	0	90	1	97	2	32	3	90	4	53	5	57	6	26	7	90	8	61	9	23	10	48	11	90	12	10	13	18	14	95	15	51	16	18	17	66	18	54	19	31	20	22	21	66	22	99	23	27	24	90	25	21	26	92	27	65	28	79	29	50	30	26	31	52	32	19	33	90	34	32	35	86	36	82	37	23	38	76	39	34	40	15	41	28	42	15	43	22	44	17	45	10	46	42	47	76	48	72	49	32	
	0	93	1	68	2	26	3	80	4	65	5	24	6	42	7	90	8	45	9	44	10	65	11	81	12	81	13	33	14	92	15	59	16	40	17	69	18	68	19	11	20	12	21	67	22	76	23	29	24	41	25	19	26	78	27	42	28	68	29	72	30	13	31	55	32	60	33	48	34	90	35	15	36	55	37	90	38	36	39	89	40	98	41	40	42	35	43	69	44	71	45	30	46	59	47	91	48	52	49	60	
	0	69	1	84	2	79	3	23	4	63	5	13	6	82	7	94	8	99	9	31	10	76	11	51	12	89	13	81	14	23	15	54	16	37	17	97	18	71	19	70	20	70	21	23	22	94	23	48	24	47	25	64	26	66	27	84	28	77	29	91	30	14	31	87	32	81	33	84	34	28	35	19	36	26	37	91	38	41	39	17	40	81	41	56	42	29	43	18	44	85	45	91	46	61	47	46	48	10	49	84	
	0	15	1	42	2	97	3	76	4	99	5	40	6	57	7	71	8	34	9	49	10	41	11	67	12	82	13	41	14	48	15	50	16	13	17	42	18	89	19	65	20	80	21	75	22	39	23	51	24	84	25	21	26	49	27	15	28	22	29	90	30	54	31	95	32	89	33	17	34	34	35	68	36	76	37	71	38	71	39	71	40	42	41	38	42	58	43	73	44	36	45	23	46	92	47	74	48	84	49	91	
	0	89	1	31	2	30	3	91	4	30	5	33	6	96	7	22	8	64	9	10	10	61	11	15	12	96	13	67	14	78	15	53	16	98	17	14	18	89	19	71	20	40	21	94	22	58	23	69	24	17	25	33	26	81	27	94	28	29	29	27	30	99	31	72	32	17	33	19	34	50	35	37	36	28	37	98	38	68	39	55	40	55	41	66	42	77	43	55	44	33	45	15	46	71	47	24	48	92	49	32	
	0	29	1	69	2	39	3	70	4	72	5	91	6	38	7	76	8	36	9	93	10	23	11	87	12	20	13	20	14	63	15	37	16	77	17	85	18	34	19	51	20	52	21	42	22	77	23	62	24	82	25	84	26	57	27	69	28	49	29	12	30	71	31	25	32	68	33	63	34	13	35	96	36	21	37	98	38	27	39	61	40	52	41	91	42	85	43	89	44	21	45	83	46	74	47	64	48	76	49	23	
	0	25	1	54	2	24	3	69	4	25	5	18	6	15	7	39	8	97	9	46	10	74	11	70	12	21	13	23	14	31	15	36	16	88	17	66	18	75	19	76	20	72	21	86	22	54	23	30	24	68	25	33	26	48	27	77	28	90	29	100	30	34	31	53	32	12	33	25	34	52	35	40	36	47	37	75	38	63	39	72	40	75	41	47	42	28	43	63	44	49	45	43	46	99	47	39	48	30	49	35	
	0	41	1	90	2	17	3	91	4	50	5	66	6	27	7	22	8	72	9	49	10	67	11	37	12	47	13	76	14	82	15	40	16	39	17	28	18	67	19	15	20	91	21	98	22	96	23	100	24	41	25	27	26	15	27	26	28	35	29	86	30	36	31	49	32	63	33	14	34	95	35	93	36	94	37	55	38	73	39	60	40	33	41	75	42	46	43	93	44	93	45	37	46	22	47	20	48	77	49	63	
	0	18	1	35	2	50	3	36	4	77	5	83	6	42	7	71	8	78	9	77	10	43	11	79	12	73	13	66	14	12	15	65	16	98	17	73	18	87	19	27	20	52	21	43	22	64	23	25	24	15	25	22	26	21	27	29	28	55	29	47	30	39	31	12	32	15	33	58	34	63	35	89	36	29	37	59	38	40	39	92	40	93	41	17	42	74	43	44	44	86	45	86	46	25	47	10	48	16	49	87	
	0	13	1	75	2	76	3	19	4	72	5	85	6	96	7	55	8	76	9	55	10	86	11	41	12	78	13	78	14	19	15	58	16	85	17	64	18	99	19	47	20	87	21	40	22	12	23	55	24	73	25	28	26	95	27	12	28	22	29	18	30	42	31	16	32	70	33	69	34	11	35	35	36	52	37	59	38	38	39	15	40	98	41	93	42	78	43	14	44	40	45	90	46	51	47	30	48	100	49	97	
	0	92	1	52	2	73	3	38	4	54	5	96	6	33	7	31	8	49	9	33	10	48	11	18	12	46	13	42	14	95	15	58	16	90	17	67	18	26	19	15	20	70	21	22	22	24	23	27	24	42	25	89	26	29	27	35	28	61	29	88	30	36	31	74	32	18	33	72	34	74	35	59	36	77	37	36	38	60	39	80	40	59	41	42	42	98	43	84	44	19	45	80	46	50	47	83	48	60	49	15	
	0	44	1	64	2	85	3	84	4	21	5	20	6	74	7	77	8	87	9	96	10	58	11	64	12	28	13	66	14	28	15	47	16	66	17	46	18	40	19	81	20	60	21	78	22	52	23	44	24	10	25	38	26	18	27	68	28	94	29	54	30	75	31	94	32	48	33	61	34	50	35	30	36	86	37	53	38	35	39	11	40	24	41	53	42	29	43	96	44	64	45	86	46	53	47	51	48	77	49	25	
	0	53	1	16	2	99	3	13	4	64	5	44	6	71	7	58	8	87	9	63	10	21	11	40	12	89	13	10	14	39	15	43	16	38	17	54	18	71	19	39	20	87	21	19	22	73	23	97	24	59	25	37	26	50	27	52	28	45	29	41	30	37	31	100	32	81	33	15	34	60	35	70	36	24	37	17	38	56	39	33	40	88	41	42	42	49	43	23	44	98	45	40	46	20	47	42	48	22	49	30	
	0	67	1	85	2	81	3	19	4	77	5	15	6	38	7	94	8	66	9	44	10	55	11	45	12	76	13	66	14	36	15	35	16	79	17	32	18	84	19	57	20	22	21	16	22	81	23	61	24	31	25	63	26	33	27	33	28	38	29	29	30	81	31	99	32	38	33	55	34	58	35	96	36	78	37	89	38	53	39	48	40	88	41	27	42	46	43	93	44	94	45	48	46	32	47	97	48	94	49	58	
	0	56	1	90	2	50	3	97	4	100	5	16	6	51	7	62	8	29	9	37	10	54	11	43	12	78	13	100	14	41	15	52	16	61	17	45	18	77	19	80	20	79	21	57	22	47	23	15	24	48	25	97	26	66	27	73	28	78	29	48	30	39	31	87	32	30	33	15	34	100	35	54	36	39	37	46	38	65	39	37	40	90	41	60	42	80	43	45	44	49	45	17	46	24	47	42	48	55	49	81	
	0	81	1	70	2	34	3	66	4	20	5	73	6	44	7	45	8	85	9	88	10	34	11	13	12	70	13	28	14	18	15	86	16	67	17	21	18	93	19	69	20	48	21	21	22	32	23	14	24	95	25	67	26	20	27	91	28	60	29	95	30	92	31	98	32	61	33	45	34	52	35	54	36	53	37	48	38	79	39	36	40	61	41	45	42	88	43	23	44	56	45	85	46	96	47	27	48	30	49	76	
	0	50	1	65	2	57	3	43	4	30	5	93	6	84	7	50	8	29	9	10	10	89	11	55	12	79	13	91	14	52	15	22	16	13	17	21	18	39	19	20	20	96	21	29	22	94	23	96	24	80	25	80	26	32	27	81	28	55	29	46	30	25	31	89	32	65	33	62	34	34	35	35	36	82	37	64	38	19	39	14	40	62	41	71	42	96	43	88	44	97	45	70	46	70	47	50	48	25	49	48	
	0	87	1	22	2	39	3	22	4	72	5	61	6	41	7	54	8	29	9	60	10	89	11	73	12	74	13	49	14	47	15	45	16	15	17	25	18	87	19	52	20	48	21	23	22	96	23	83	24	46	25	88	26	31	27	100	28	66	29	45	30	24	31	80	32	75	33	93	34	91	35	27	36	11	37	93	38	85	39	20	40	13	41	80	42	90	43	35	44	10	45	47	46	29	47	43	48	13	49	57	
	0	45	1	57	2	49	3	34	4	44	5	74	6	100	7	21	8	43	9	46	10	12	11	58	12	24	13	36	14	17	15	100	16	100	17	17	18	60	19	76	20	40	21	41	22	71	23	45	24	91	25	22	26	29	27	26	28	12	29	89	30	42	31	95	32	100	33	23	34	51	35	24	36	49	37	26	38	84	39	12	40	13	41	66	42	99	43	39	44	54	45	93	46	87	47	19	48	15	49	71	
	0	16	1	99	2	59	3	41	4	23	5	44	6	87	7	99	8	69	9	23	10	58	11	92	12	56	13	31	14	47	15	35	16	50	17	41	18	29	19	92	20	80	21	33	22	19	23	100	24	61	25	79	26	57	27	13	28	74	29	33	30	76	31	28	32	55	33	27	34	56	35	35	36	19	37	67	38	34	39	47	40	21	41	58	42	89	43	98	44	76	45	79	46	69	47	46	48	33	49	29	
	0	71	1	100	2	20	3	75	4	77	5	47	6	67	7	30	8	35	9	53	10	30	11	38	12	99	13	83	14	73	15	64	16	82	17	77	18	88	19	14	20	96	21	79	22	41	23	69	24	82	25	90	26	28	27	74	28	48	29	13	30	89	31	59	32	25	33	69	34	97	35	58	36	31	37	35	38	71	39	38	40	48	41	18	42	27	43	26	44	33	45	22	46	25	47	92	48	38	49	86	
	0	23	1	52	2	78	3	12	4	82	5	28	6	13	7	13	8	23	9	25	10	98	11	69	12	82	13	27	14	67	15	82	16	10	17	96	18	30	19	37	20	18	21	80	22	75	23	83	24	42	25	17	26	75	27	94	28	54	29	12	30	62	31	16	32	55	33	28	34	30	35	16	36	32	37	84	38	61	39	65	40	40	41	82	42	61	43	63	44	68	45	89	46	80	47	57	48	59	49	91	
	0	27	1	92	2	14	3	64	4	66	5	41	6	81	7	74	8	79	9	94	10	56	11	79	12	25	13	25	14	18	15	42	16	74	17	28	18	28	19	28	20	90	21	34	22	16	23	78	24	80	25	15	26	60	27	74	28	84	29	85	30	98	31	60	32	80	33	68	34	62	35	38	36	97	37	38	38	38	39	60	40	21	41	50	42	26	43	13	44	85	45	68	46	35	47	30	48	69	49	64	
	0	89	1	26	2	74	3	35	4	43	5	88	6	56	7	27	8	35	9	45	10	42	11	46	12	77	13	53	14	55	15	33	16	83	17	64	18	51	19	43	20	46	21	67	22	70	23	93	24	18	25	55	26	100	27	31	28	51	29	57	30	36	31	29	32	61	33	91	34	51	35	85	36	15	37	44	38	78	39	74	40	100	41	57	42	39	43	15	44	82	45	96	46	24	47	38	48	29	49	98	
	0	93	1	91	2	36	3	86	4	24	5	31	6	95	7	22	8	22	9	16	10	72	11	69	12	76	13	52	14	90	15	97	16	77	17	96	18	14	19	74	20	87	21	31	22	81	23	69	24	17	25	38	26	63	27	19	28	41	29	53	30	51	31	65	32	71	33	82	34	31	35	26	36	45	37	36	38	78	39	95	40	60	41	83	42	67	43	87	44	16	45	25	46	84	47	16	48	75	49	80	
	0	18	1	21	2	76	3	50	4	99	5	69	6	36	7	52	8	88	9	37	10	100	11	72	12	84	13	10	14	86	15	76	16	27	17	96	18	40	19	50	20	44	21	50	22	44	23	43	24	12	25	77	26	88	27	56	28	19	29	71	30	74	31	78	32	83	33	96	34	54	35	76	36	44	37	94	38	64	39	96	40	44	41	52	42	69	43	96	44	45	45	21	46	54	47	26	48	92	49	96	
	0	71	1	94	2	64	3	41	4	85	5	52	6	23	7	65	8	95	9	75	10	94	11	69	12	23	13	34	14	16	15	11	16	76	17	26	18	69	19	11	20	88	21	99	22	83	23	46	24	29	25	59	26	46	27	69	28	10	29	87	30	27	31	52	32	92	33	69	34	60	35	63	36	83	37	73	38	41	39	51	40	32	41	26	42	52	43	34	44	14	45	25	46	78	47	26	48	77	49	39	
	0	68	1	54	2	41	3	56	4	19	5	96	6	62	7	43	8	88	9	40	10	41	11	79	12	37	13	24	14	70	15	28	16	46	17	11	18	54	19	82	20	76	21	20	22	99	23	34	24	19	25	92	26	64	27	10	28	13	29	48	30	98	31	48	32	80	33	57	34	60	35	37	36	10	37	39	38	15	39	16	40	51	41	80	42	23	43	56	44	62	45	47	46	81	47	88	48	16	49	32	
	0	78	1	38	2	86	3	32	4	57	5	44	6	22	7	35	8	40	9	24	10	25	11	26	12	70	13	36	14	40	15	46	16	93	17	52	18	70	19	35	20	34	21	75	22	43	23	45	24	33	25	36	26	40	27	29	28	52	29	42	30	13	31	53	32	62	33	68	34	28	35	97	36	95	37	50	38	80	39	15	40	44	41	26	42	61	43	56	44	31	45	72	46	10	47	24	48	71	49	53	
	0	45	1	27	2	92	3	88	4	42	5	61	6	56	7	45	8	79	9	85	10	69	11	71	12	15	13	30	14	80	15	50	16	87	17	18	18	49	19	44	20	58	21	27	22	34	23	43	24	99	25	71	26	44	27	100	28	20	29	89	30	49	31	66	32	78	33	34	34	97	35	93	36	29	37	94	38	32	39	88	40	86	41	25	42	98	43	99	44	32	45	50	46	33	47	83	48	23	49	73	
	0	43	1	95	2	80	3	43	4	57	5	17	6	40	7	61	8	74	9	93	10	65	11	63	12	67	13	71	14	18	15	27	16	89	17	53	18	56	19	97	20	41	21	29	22	58	23	56	24	42	25	89	26	72	27	49	28	42	29	17	30	50	31	75	32	34	33	50	34	97	35	61	36	93	37	32	38	80	39	91	40	61	41	31	42	29	43	77	44	71	45	99	46	97	47	61	48	23	49	86	
	0	60	1	100	2	85	3	51	4	26	5	24	6	58	7	15	8	60	9	72	10	82	11	64	12	20	13	34	14	60	15	23	16	53	17	71	18	33	19	18	20	98	21	73	22	76	23	28	24	21	25	25	26	55	27	49	28	46	29	44	30	48	31	16	32	18	33	28	34	52	35	48	36	51	37	56	38	24	39	26	40	66	41	51	42	89	43	67	44	54	45	50	46	90	47	81	48	98	49	53	
	0	85	1	50	2	75	3	63	4	18	5	44	6	85	7	23	8	75	9	64	10	86	11	74	12	65	13	16	14	43	15	28	16	80	17	34	18	96	19	55	20	83	21	51	22	33	23	12	24	86	25	87	26	86	27	58	28	85	29	71	30	67	31	59	32	84	33	41	34	37	35	92	36	88	37	73	38	77	39	30	40	37	41	60	42	86	43	26	44	70	45	93	46	94	47	96	48	67	49	95	
	0	18	1	96	2	29	3	59	4	23	5	18	6	83	7	22	8	16	9	87	10	17	11	93	12	30	13	18	14	40	15	50	16	41	17	78	18	40	19	30	20	95	21	72	22	94	23	68	24	84	25	97	26	60	27	81	28	83	29	66	30	62	31	21	32	82	33	34	34	66	35	78	36	81	37	11	38	74	39	43	40	89	41	23	42	61	43	15	44	57	45	60	46	11	47	60	48	95	49	33	
	0	97	1	52	2	67	3	26	4	42	5	13	6	69	7	81	8	47	9	72	10	88	11	98	12	68	13	92	14	93	15	69	16	71	17	71	18	52	19	23	20	15	21	72	22	38	23	90	24	36	25	37	26	62	27	19	28	78	29	61	30	62	31	35	32	81	33	84	34	46	35	32	36	42	37	92	38	10	39	29	40	82	41	88	42	35	43	31	44	65	45	97	46	69	47	21	48	35	49	68	
	0	34	1	80	2	53	3	82	4	22	5	38	6	100	7	12	8	92	9	73	10	42	11	89	12	16	13	16	14	27	15	84	16	36	17	76	18	88	19	14	20	83	21	34	22	31	23	20	24	99	25	19	26	63	27	44	28	93	29	82	30	41	31	66	32	35	33	23	34	82	35	75	36	58	37	74	38	46	39	43	40	34	41	56	42	83	43	64	44	92	45	66	46	33	47	48	48	66	49	61	
	0	29	1	41	2	11	3	50	4	36	5	90	6	92	7	76	8	38	9	73	10	69	11	80	12	94	13	97	14	12	15	98	16	32	17	32	18	39	19	93	20	93	21	15	22	72	23	64	24	73	25	26	26	13	27	100	28	41	29	59	30	78	31	65	32	38	33	12	34	21	35	19	36	98	37	80	38	91	39	91	40	67	41	42	42	42	43	95	44	13	45	16	46	14	47	82	48	37	49	89	
	0	39	1	71	2	48	3	96	4	93	5	11	6	64	7	87	8	86	9	76	10	41	11	32	12	45	13	86	14	42	15	43	16	29	17	65	18	14	19	35	20	90	21	84	22	25	23	87	24	51	25	69	26	42	27	17	28	19	29	41	30	83	31	11	32	13	33	35	34	23	35	28	36	42	37	65	38	31	39	82	40	53	41	67	42	96	43	58	44	47	45	26	46	47	47	35	48	32	49	84	
	0	18	1	62	2	81	3	34	4	13	5	40	6	48	7	38	8	24	9	10	10	86	11	40	12	20	13	55	14	80	15	47	16	63	17	38	18	78	19	20	20	83	21	18	22	77	23	100	24	98	25	72	26	49	27	99	28	35	29	84	30	94	31	13	32	20	33	31	34	53	35	42	36	68	37	35	38	37	39	77	40	52	41	90	42	95	43	31	44	63	45	76	46	38	47	18	48	49	49	54	
	0	78	1	19	2	59	3	60	4	52	5	48	6	57	7	70	8	77	9	13	10	45	11	66	12	44	13	58	14	77	15	38	16	35	17	83	18	41	19	56	20	49	21	74	22	21	23	84	24	22	25	48	26	11	27	23	28	92	29	64	30	54	31	95	32	57	33	76	34	13	35	36	36	38	37	79	38	23	39	81	40	80	41	34	42	34	43	59	44	23	45	51	46	56	47	10	48	69	49	41	
	0	16	1	91	2	44	3	55	4	26	5	34	6	37	7	77	8	29	9	23	10	22	11	73	12	58	13	87	14	44	15	38	16	49	17	25	18	51	19	38	20	96	21	25	22	63	23	50	24	81	25	91	26	52	27	45	28	27	29	15	30	43	31	43	32	97	33	26	34	70	35	44	36	88	37	84	38	57	39	55	40	27	41	78	42	65	43	39	44	93	45	66	46	35	47	67	48	94	49	90	
	0	85	1	14	2	47	3	60	4	26	5	63	6	58	7	95	8	47	9	32	10	57	11	32	12	22	13	46	14	87	15	75	16	49	17	70	18	100	19	61	20	12	21	81	22	57	23	65	24	28	25	31	26	29	27	36	28	62	29	37	30	82	31	63	32	24	33	54	34	19	35	63	36	35	37	43	38	88	39	12	40	26	41	99	42	25	43	45	44	40	45	86	46	85	47	33	48	66	49	77	
	0	42	1	10	2	64	3	81	4	43	5	70	6	18	7	70	8	37	9	99	10	76	11	27	12	37	13	47	14	91	15	17	16	89	17	58	18	78	19	94	20	12	21	43	22	51	23	78	24	42	25	52	26	87	27	81	28	50	29	20	30	10	31	44	32	68	33	47	34	14	35	84	36	75	37	95	38	93	39	68	40	39	41	87	42	43	43	52	44	90	45	71	46	67	47	67	48	30	49	35	
	0	41	1	73	2	95	3	41	4	94	5	48	6	100	7	71	8	85	9	73	10	38	11	27	12	43	13	83	14	65	15	92	16	46	17	62	18	54	19	41	20	62	21	19	22	63	23	89	24	43	25	36	26	74	27	14	28	56	29	52	30	26	31	13	32	62	33	17	34	36	35	65	36	79	37	53	38	18	39	13	40	45	41	47	42	72	43	94	44	19	45	42	46	13	47	14	48	65	49	18	
	0	82	1	47	2	56	3	98	4	27	5	35	6	16	7	18	8	49	9	19	10	46	11	75	12	92	13	64	14	73	15	29	16	52	17	54	18	18	19	95	20	48	21	10	22	71	23	66	24	24	25	40	26	15	27	61	28	91	29	34	30	83	31	19	32	74	33	71	34	34	35	74	36	87	37	22	38	33	39	98	40	82	41	27	42	46	43	99	44	14	45	26	46	24	47	58	48	47	49	31	
	0	77	1	18	2	56	3	42	4	95	5	83	6	19	7	26	8	86	9	93	10	24	11	15	12	15	13	74	14	61	15	42	16	20	17	98	18	14	19	58	20	100	21	17	22	44	23	91	24	12	25	80	26	23	27	82	28	60	29	60	30	17	31	46	32	29	33	48	34	57	35	48	36	86	37	95	38	92	39	84	40	16	41	39	42	87	43	98	44	16	45	39	46	29	47	76	48	57	49	29	
	0	49	1	82	2	96	3	85	4	24	5	86	6	29	7	56	8	59	9	14	10	99	11	68	12	17	13	71	14	99	15	37	16	70	17	83	18	94	19	40	20	19	21	99	22	94	23	27	24	31	25	83	26	20	27	29	28	25	29	25	30	43	31	47	32	92	33	72	34	92	35	29	36	59	37	48	38	26	39	60	40	87	41	18	42	67	43	83	44	21	45	81	46	79	47	20	48	97	49	35	
	0	43	1	44	2	20	3	100	4	23	5	48	6	46	7	48	8	17	9	22	10	89	11	30	12	75	13	47	14	34	15	65	16	74	17	47	18	68	19	40	20	86	21	19	22	87	23	82	24	89	25	41	26	95	27	77	28	87	29	27	30	70	31	75	32	82	33	95	34	40	35	32	36	28	37	93	38	72	39	34	40	21	41	37	42	98	43	89	44	82	45	41	46	37	47	67	48	21	49	31	
	0	64	1	51	2	39	3	85	4	82	5	42	6	100	7	49	8	18	9	82	10	13	11	71	12	10	13	29	14	64	15	11	16	74	17	99	18	50	19	49	20	60	21	44	22	11	23	14	24	63	25	80	26	37	27	34	28	59	29	85	30	92	31	85	32	85	33	11	34	26	35	12	36	96	37	76	38	61	39	23	40	91	41	82	42	96	43	93	44	55	45	35	46	62	47	65	48	72	49	97	
	0	91	1	36	2	36	3	41	4	61	5	24	6	14	7	31	8	37	9	52	10	16	11	98	12	46	13	78	14	18	15	30	16	16	17	23	18	25	19	64	20	80	21	41	22	81	23	25	24	87	25	92	26	57	27	65	28	49	29	37	30	14	31	36	32	82	33	99	34	85	35	33	36	75	37	50	38	85	39	13	40	43	41	83	42	12	43	17	44	86	45	40	46	36	47	47	48	60	49	39	
	0	48	1	79	2	88	3	16	4	60	5	96	6	64	7	87	8	100	9	32	10	58	11	72	12	72	13	86	14	27	15	97	16	27	17	30	18	14	19	47	20	40	21	44	22	55	23	23	24	41	25	91	26	98	27	69	28	25	29	14	30	17	31	66	32	77	33	40	34	32	35	55	36	31	37	10	38	18	39	29	40	67	41	32	42	89	43	56	44	51	45	62	46	67	47	52	48	40	49	26	
	0	51	1	81	2	37	3	89	4	34	5	24	6	98	7	60	8	78	9	84	10	81	11	71	12	44	13	40	14	49	15	57	16	36	17	39	18	50	19	77	20	92	21	57	22	88	23	53	24	12	25	96	26	62	27	97	28	83	29	14	30	25	31	98	32	80	33	30	34	28	35	12	36	89	37	68	38	93	39	27	40	71	41	75	42	94	43	13	44	29	45	26	46	62	47	95	48	78	49	94	
	0	72	1	66	2	39	3	64	4	71	5	72	6	97	7	17	8	96	9	28	10	45	11	41	12	23	13	91	14	97	15	66	16	43	17	46	18	47	19	90	20	87	21	46	22	79	23	12	24	10	25	70	26	52	27	65	28	52	29	91	30	96	31	65	32	65	33	70	34	14	35	70	36	26	37	96	38	94	39	91	40	87	41	83	42	55	43	93	44	20	45	10	46	91	47	94	48	96	49	68	
	0	41	1	88	2	52	3	94	4	43	5	34	6	43	7	28	8	96	9	94	10	65	11	58	12	84	13	63	14	13	15	50	16	88	17	95	18	37	19	28	20	84	21	80	22	64	23	41	24	19	25	82	26	50	27	88	28	92	29	11	30	100	31	50	32	10	33	48	34	99	35	86	36	65	37	68	38	66	39	66	40	28	41	51	42	45	43	91	44	46	45	68	46	51	47	74	48	27	49	69	
	0	80	1	72	2	94	3	18	4	69	5	49	6	17	7	56	8	87	9	45	10	28	11	80	12	85	13	39	14	51	15	34	16	49	17	67	18	58	19	24	20	53	21	20	22	25	23	83	24	66	25	13	26	38	27	93	28	30	29	42	30	67	31	84	32	63	33	54	34	70	35	34	36	72	37	59	38	17	39	92	40	79	41	50	42	52	43	91	44	20	45	72	46	25	47	14	48	77	49	54	
	0	48	1	78	2	43	3	46	4	77	5	66	6	34	7	90	8	93	9	83	10	32	11	79	12	73	13	32	14	95	15	39	16	66	17	75	18	61	19	60	20	35	21	96	22	34	23	82	24	10	25	40	26	86	27	51	28	43	29	24	30	60	31	72	32	59	33	93	34	45	35	37	36	16	37	11	38	70	39	98	40	66	41	80	42	14	43	31	44	11	45	46	46	66	47	69	48	28	49	52	
	0	35	1	82	2	33	3	59	4	92	5	42	6	18	7	64	8	37	9	13	10	92	11	26	12	59	13	35	14	88	15	86	16	83	17	84	18	69	19	39	20	57	21	61	22	67	23	74	24	75	25	24	26	22	27	25	28	62	29	16	30	100	31	92	32	36	33	28	34	65	35	68	36	92	37	38	38	74	39	93	40	41	41	76	42	93	43	46	44	13	45	62	46	48	47	40	48	27	49	80	
	0	19	1	41	2	13	3	78	4	62	5	72	6	53	7	37	8	23	9	64	10	86	11	16	12	39	13	44	14	21	15	27	16	41	17	25	18	68	19	39	20	38	21	89	22	20	23	31	24	13	25	76	26	93	27	98	28	38	29	93	30	90	31	11	32	57	33	82	34	95	35	30	36	68	37	81	38	27	39	72	40	41	41	70	42	47	43	38	44	80	45	37	46	12	47	97	48	94	49	95	
	0	17	1	89	2	47	3	72	4	33	5	52	6	63	7	91	8	68	9	44	10	46	11	53	12	45	13	41	14	98	15	44	16	40	17	87	18	80	19	37	20	70	21	72	22	16	23	90	24	85	25	14	26	63	27	93	28	35	29	71	30	15	31	78	32	93	33	86	34	69	35	60	36	78	37	45	38	81	39	16	40	77	41	60	42	58	43	92	44	65	45	53	46	80	47	34	48	48	49	92	
	0	23	1	60	2	96	3	46	4	85	5	90	6	78	7	35	8	43	9	80	10	98	11	74	12	91	13	44	14	15	15	30	16	66	17	57	18	80	19	61	20	46	21	28	22	32	23	92	24	40	25	51	26	15	27	52	28	31	29	54	30	24	31	63	32	27	33	94	34	81	35	13	36	43	37	68	38	93	39	23	40	81	41	72	42	97	43	67	44	85	45	32	46	74	47	75	48	100	49	52	
	0	41	1	49	2	81	3	54	4	79	5	45	6	26	7	100	8	37	9	39	10	66	11	25	12	21	13	21	14	26	15	92	16	13	17	34	18	88	19	70	20	56	21	97	22	63	23	64	24	29	25	74	26	74	27	81	28	53	29	84	30	88	31	38	32	57	33	76	34	84	35	48	36	92	37	59	38	11	39	19	40	61	41	29	42	68	43	48	44	14	45	42	46	31	47	94	48	73	49	38	
	0	62	1	47	2	48	3	70	4	65	5	15	6	32	7	35	8	14	9	52	10	31	11	78	12	36	13	27	14	30	15	24	16	34	17	100	18	43	19	48	20	41	21	93	22	62	23	62	24	50	25	69	26	76	27	21	28	72	29	32	30	19	31	82	32	98	33	87	34	30	35	49	36	18	37	20	38	61	39	36	40	41	41	52	42	96	43	49	44	21	45	37	46	21	47	85	48	23	49	66	
	0	78	1	54	2	54	3	61	4	82	5	86	6	12	7	83	8	16	9	78	10	49	11	33	12	36	13	48	14	23	15	55	16	12	17	41	18	32	19	57	20	65	21	67	22	24	23	67	24	100	25	59	26	51	27	32	28	95	29	29	30	39	31	45	32	14	33	96	34	81	35	35	36	15	37	11	38	94	39	31	40	53	41	39	42	93	43	74	44	39	45	22	46	83	47	61	48	58	49	96	
	0	56	1	86	2	57	3	54	4	45	5	82	6	56	7	15	8	31	9	11	10	19	11	59	12	54	13	60	14	85	15	82	16	48	17	14	18	11	19	75	20	58	21	41	22	39	23	88	24	81	25	70	26	33	27	89	28	78	29	14	30	35	31	93	32	41	33	27	34	25	35	41	36	24	37	26	38	90	39	21	40	86	41	83	42	11	43	100	44	38	45	54	46	44	47	59	48	39	49	32	
	0	23	1	95	2	12	3	18	4	74	5	51	6	69	7	27	8	44	9	92	10	89	11	10	12	97	13	38	14	33	15	58	16	83	17	57	18	54	19	54	20	96	21	27	22	95	23	81	24	55	25	99	26	92	27	84	28	13	29	45	30	23	31	47	32	48	33	56	34	66	35	91	36	25	37	94	38	42	39	54	40	97	41	59	42	75	43	14	44	34	45	34	46	78	47	69	48	88	49	24	
	0	62	1	93	2	13	3	86	4	24	5	61	6	56	7	23	8	57	9	37	10	52	11	61	12	27	13	68	14	61	15	48	16	45	17	80	18	87	19	19	20	70	21	13	22	29	23	39	24	54	25	33	26	15	27	87	28	65	29	74	30	14	31	26	32	11	33	22	34	37	35	41	36	97	37	23	38	91	39	82	40	67	41	89	42	98	43	50	44	54	45	17	46	14	47	10	48	62	49	58	
	0	47	1	74	2	56	3	58	4	32	5	91	6	71	7	52	8	13	9	29	10	79	11	52	12	14	13	93	14	21	15	69	16	24	17	32	18	68	19	93	20	54	21	66	22	18	23	64	24	85	25	35	26	64	27	36	28	46	29	57	30	98	31	58	32	29	33	96	34	15	35	87	36	60	37	79	38	17	39	79	40	75	41	58	42	39	43	62	44	62	45	88	46	96	47	40	48	32	49	21	
	0	13	1	51	2	41	3	41	4	42	5	50	6	61	7	67	8	46	9	49	10	85	11	89	12	14	13	58	14	56	15	89	16	88	17	84	18	17	19	26	20	18	21	78	22	44	23	33	24	97	25	46	26	79	27	14	28	40	29	25	30	47	31	97	32	25	33	76	34	98	35	99	36	35	37	21	38	28	39	82	40	37	41	67	42	50	43	94	44	50	45	16	46	72	47	49	48	64	49	82	
	0	95	1	81	2	97	3	53	4	28	5	50	6	86	7	41	8	51	9	75	10	82	11	20	12	68	13	32	14	51	15	29	16	36	17	50	18	60	19	22	20	19	21	29	22	47	23	50	24	46	25	21	26	85	27	27	28	28	29	29	30	23	31	37	32	83	33	95	34	78	35	89	36	91	37	48	38	75	39	73	40	26	41	54	42	39	43	62	44	84	45	10	46	48	47	56	48	26	49	82	
	0	57	1	76	2	74	3	49	4	50	5	29	6	88	7	92	8	49	9	16	10	89	11	35	12	83	13	42	14	25	15	44	16	81	17	94	18	72	19	43	20	66	21	84	22	22	23	95	24	34	25	29	26	53	27	32	28	98	29	75	30	61	31	21	32	27	33	15	34	18	35	66	36	27	37	87	38	56	39	85	40	34	41	64	42	12	43	27	44	16	45	24	46	20	47	76	48	34	49	73	
	0	57	1	14	2	66	3	65	4	87	5	73	6	40	7	11	8	57	9	26	10	59	11	25	12	14	13	15	14	51	15	30	16	20	17	93	18	40	19	37	20	13	21	36	22	88	23	87	24	46	25	32	26	43	27	38	28	16	29	37	30	29	31	29	32	92	33	27	34	87	35	80	36	49	37	79	38	33	39	64	40	92	41	50	42	72	43	62	44	66	45	100	46	28	47	76	48	11	49	47	
	0	74	1	59	2	93	3	47	4	31	5	51	6	15	7	51	8	41	9	12	10	28	11	58	12	71	13	62	14	76	15	90	16	47	17	36	18	82	19	32	20	45	21	86	22	29	23	74	24	13	25	71	26	88	27	90	28	48	29	69	30	60	31	18	32	55	33	76	34	43	35	13	36	38	37	11	38	11	39	95	40	51	41	10	42	57	43	67	44	16	45	89	46	60	47	60	48	88	49	20	
	0	85	1	41	2	26	3	43	4	54	5	21	6	47	7	46	8	91	9	40	10	81	11	39	12	73	13	59	14	11	15	20	16	10	17	18	18	25	19	90	20	53	21	82	22	82	23	19	24	81	25	31	26	58	27	29	28	15	29	49	30	38	31	96	32	89	33	97	34	94	35	71	36	42	37	54	38	67	39	33	40	54	41	87	42	44	43	52	44	17	45	48	46	100	47	13	48	30	49	80	
	0	43	1	29	2	87	3	76	4	82	5	31	6	10	7	63	8	15	9	64	10	61	11	26	12	42	13	75	14	81	15	65	16	55	17	86	18	36	19	31	20	52	21	48	22	69	23	98	24	31	25	78	26	56	27	90	28	32	29	36	30	50	31	95	32	57	33	62	34	92	35	15	36	34	37	81	38	88	39	82	40	91	41	73	42	18	43	40	44	57	45	61	46	24	47	83	48	65	49	20	
	0	35	1	70	2	97	3	70	4	80	5	37	6	78	7	66	8	32	9	46	10	79	11	100	12	10	13	68	14	29	15	91	16	73	17	65	18	21	19	64	20	26	21	96	22	36	23	67	24	75	25	13	26	55	27	86	28	58	29	81	30	42	31	81	32	17	33	34	34	64	35	58	36	53	37	89	38	26	39	26	40	17	41	40	42	100	43	16	44	44	45	36	46	25	47	20	48	45	49	46	
	0	36	1	49	2	76	3	96	4	24	5	39	6	17	7	86	8	97	9	57	10	48	11	90	12	97	13	11	14	90	15	43	16	57	17	48	18	13	19	51	20	29	21	36	22	82	23	54	24	45	25	10	26	26	27	99	28	66	29	95	30	31	31	48	32	85	33	38	34	31	35	18	36	90	37	93	38	60	39	21	40	88	41	98	42	71	43	55	44	46	45	78	46	93	47	10	48	100	49	57	
	0	14	1	18	2	46	3	96	4	88	5	68	6	85	7	92	8	90	9	29	10	40	11	45	12	35	13	48	14	14	15	52	16	18	17	32	18	30	19	59	20	45	21	27	22	58	23	18	24	66	25	17	26	42	27	77	28	90	29	62	30	67	31	18	32	22	33	51	34	31	35	56	36	21	37	58	38	50	39	44	40	55	41	28	42	97	43	78	44	31	45	27	46	24	47	85	48	46	49	48	
	0	76	1	38	2	18	3	100	4	28	5	34	6	38	7	52	8	73	9	45	10	10	11	59	12	59	13	70	14	35	15	87	16	48	17	59	18	84	19	70	20	49	21	77	22	16	23	83	24	71	25	49	26	71	27	45	28	24	29	17	30	44	31	29	32	37	33	66	34	85	35	38	36	79	37	40	38	29	39	40	40	42	41	97	42	99	43	63	44	16	45	44	46	76	47	36	48	81	49	59	
	0	56	1	24	2	92	3	87	4	76	5	46	6	86	7	40	8	46	9	75	10	51	11	60	12	82	13	69	14	54	15	90	16	32	17	44	18	77	19	33	20	74	21	35	22	69	23	59	24	48	25	59	26	61	27	17	28	85	29	52	30	77	31	93	32	21	33	86	34	20	35	67	36	70	37	38	38	76	39	22	40	31	41	16	42	95	43	13	44	94	45	95	46	65	47	76	48	48	49	86	
	0	35	1	89	2	33	3	62	4	94	5	42	6	11	7	23	8	62	9	34	10	82	11	44	12	80	13	44	14	11	15	62	16	60	17	13	18	21	19	44	20	58	21	23	22	23	23	79	24	94	25	25	26	17	27	16	28	44	29	77	30	48	31	12	32	28	33	96	34	21	35	81	36	53	37	64	38	19	39	78	40	93	41	11	42	41	43	32	44	95	45	67	46	49	47	25	48	94	49	46	
	0	10	1	40	2	54	3	83	4	96	5	99	6	16	7	89	8	47	9	75	10	11	11	35	12	13	13	21	14	16	15	19	16	42	17	39	18	61	19	62	20	86	21	67	22	78	23	36	24	81	25	99	26	11	27	90	28	85	29	70	30	78	31	48	32	36	33	34	34	89	35	86	36	25	37	21	38	27	39	92	40	41	41	33	42	20	43	29	44	19	45	37	46	28	47	69	48	82	49	41	
	0	96	1	22	2	25	3	57	4	71	5	48	6	14	7	43	8	91	9	61	10	47	11	46	12	17	13	88	14	62	15	55	16	78	17	41	18	96	19	68	20	28	21	43	22	59	23	58	24	68	25	60	26	64	27	59	28	83	29	88	30	13	31	73	32	59	33	61	34	96	35	90	36	36	37	75	38	72	39	19	40	50	41	64	42	58	43	10	44	95	45	10	46	25	47	77	48	17	49	11	
	0	11	1	44	2	38	3	53	4	18	5	63	6	64	7	77	8	18	9	81	10	100	11	10	12	89	13	25	14	84	15	61	16	91	17	86	18	59	19	86	20	56	21	85	22	33	23	47	24	52	25	50	26	19	27	100	28	46	29	58	30	46	31	57	32	39	33	14	34	17	35	71	36	84	37	11	38	50	39	74	40	17	41	80	42	99	43	42	44	85	45	38	46	43	47	36	48	19	49	69	
	0	80	1	59	2	49	3	49	4	93	5	55	6	15	7	23	8	35	9	43	10	59	11	16	12	23	13	37	14	64	15	11	16	68	17	16	18	49	19	98	20	90	21	25	22	96	23	89	24	79	25	71	26	33	27	89	28	69	29	14	30	60	31	46	32	25	33	68	34	34	35	16	36	47	37	76	38	35	39	23	40	45	41	54	42	56	43	100	44	70	45	86	46	37	47	25	48	52	49	20	