100 20 1
20
	0	124	1	178	2	128	3	107	4	194	5	120	6	119	7	144	8	140	9	150	10	186	11	193	12	185	13	190	14	124	15	180	16	173	17	119	18	198	19	127	
	0	116	1	167	2	159	3	143	4	128	5	179	6	116	7	130	8	133	9	151	10	177	11	136	12	141	13	162	14	120	15	130	16	189	17	123	18	174	19	106	
	0	157	1	130	2	196	3	135	4	184	5	124	6	135	7	144	8	105	9	117	10	140	11	191	12	198	13	188	14	144	15	100	16	138	17	190	18	199	19	133	
	0	182	1	169	2	104	3	156	4	188	5	148	6	121	7	123	8	152	9	116	10	141	11	101	12	164	13	133	14	117	15	127	16	104	17	199	18	199	19	164	
	0	167	1	132	2	114	3	130	4	130	5	178	6	174	7	187	8	171	9	151	10	115	11	151	12	110	13	165	14	134	15	133	16	179	17	133	18	180	19	162	
	0	139	1	131	2	184	3	107	4	153	5	131	6	172	7	177	8	157	9	100	10	104	11	186	12	181	13	175	14	139	15	196	16	188	17	120	18	134	19	115	
	0	101	1	100	2	163	3	190	4	108	5	198	6	159	7	178	8	156	9	175	10	132	11	149	12	181	13	185	14	163	15	194	16	156	17	149	18	142	19	190	
	0	154	1	125	2	106	3	111	4	166	5	157	6	123	7	182	8	124	9	183	10	193	11	186	12	119	13	150	14	119	15	129	16	101	17	140	18	107	19	184	
	0	126	1	195	2	118	3	118	4	119	5	166	6	198	7	130	8	186	9	161	10	134	11	105	12	100	13	178	14	128	15	159	16	162	17	100	18	159	19	119	
	0	161	1	126	2	121	3	138	4	185	5	142	6	132	7	177	8	176	9	120	10	157	11	171	12	101	13	177	14	193	15	144	16	120	17	149	18	188	19	161	
	0	137	1	109	2	100	3	194	4	198	5	199	6	140	7	174	8	189	9	139	10	166	11	147	12	139	13	190	14	147	15	125	16	127	17	106	18	121	19	141	
	0	179	1	198	2	183	3	158	4	177	5	154	6	141	7	164	8	173	9	174	10	123	11	165	12	143	13	139	14	189	15	153	16	161	17	150	18	169	19	199	
	0	192	1	190	2	181	3	135	4	120	5	102	6	139	7	191	8	153	9	196	10	171	11	121	12	136	13	125	14	192	15	102	16	199	17	128	18	103	19	165	
	0	174	1	151	2	185	3	191	4	155	5	148	6	116	7	151	8	145	9	102	10	178	11	152	12	189	13	197	14	175	15	106	16	154	17	139	18	132	19	186	
	0	163	1	154	2	109	3	105	4	103	5	194	6	139	7	160	8	109	9	196	10	146	11	195	12	122	13	161	14	107	15	159	16	133	17	169	18	142	19	187	
	0	125	1	113	2	133	3	155	4	178	5	164	6	184	7	188	8	166	9	137	10	168	11	152	12	130	13	122	14	115	15	105	16	150	17	180	18	161	19	101	
	0	149	1	155	2	195	3	114	4	122	5	102	6	158	7	193	8	189	9	165	10	166	11	133	12	115	13	111	14	176	15	120	16	198	17	150	18	157	19	157	
	0	175	1	115	2	138	3	118	4	137	5	114	6	138	7	166	8	139	9	191	10	151	11	172	12	198	13	183	14	117	15	134	16	198	17	126	18	184	19	125	
	0	155	1	143	2	177	3	158	4	112	5	177	6	148	7	113	8	177	9	113	10	113	11	158	12	158	13	137	14	137	15	168	16	120	17	152	18	145	19	143	
	0	110	1	109	2	119	3	140	4	192	5	186	6	156	7	120	8	137	9	116	10	102	11	138	12	176	13	149	14	166	15	128	16	183	17	159	18	169	19	124	
	0	107	1	144	2	137	3	106	4	151	5	160	6	179	7	154	8	175	9	146	10	193	11	153	12	124	13	139	14	110	15	192	16	147	17	110	18	181	19	171	
	0	140	1	109	2	116	3	109	4	119	5	165	6	137	7	133	8	146	9	120	10	155	11	159	12	140	13	167	14	104	15	185	16	109	17	144	18	150	19	183	
	0	110	1	146	2	165	3	107	4	133	5	184	6	172	7	177	8	156	9	169	10	124	11	164	12	159	13	108	14	105	15	154	16	147	17	149	18	111	19	193	
	0	173	1	140	2	150	3	175	4	129	5	146	6	162	7	180	8	137	9	160	10	152	11	125	12	133	13	143	14	145	15	169	16	125	17	118	18	113	19	139	
	0	141	1	173	2	131	3	137	4	109	5	142	6	127	7	176	8	142	9	132	10	143	11	138	12	194	13	112	14	102	15	127	16	172	17	113	18	104	19	118	
	0	187	1	172	2	163	3	114	4	117	5	188	6	194	7	159	8	191	9	173	10	197	11	185	12	192	13	140	14	124	15	120	16	135	17	163	18	193	19	105	
	0	111	1	125	2	145	3	182	4	175	5	196	6	191	7	170	8	155	9	141	10	166	11	139	12	130	13	186	14	196	15	171	16	145	17	107	18	123	19	193	
	0	128	1	150	2	163	3	121	4	188	5	108	6	151	7	117	8	113	9	182	10	166	11	103	12	195	13	182	14	134	15	153	16	101	17	151	18	108	19	119	
	0	105	1	176	2	134	3	103	4	179	5	107	6	183	7	151	8	108	9	127	10	169	11	172	12	191	13	156	14	165	15	157	16	109	17	175	18	147	19	174	
	0	134	1	159	2	180	3	147	4	124	5	138	6	122	7	117	8	167	9	154	10	143	11	119	12	142	13	163	14	142	15	179	16	110	17	193	18	128	19	179	
	0	160	1	176	2	155	3	143	4	106	5	112	6	113	7	122	8	151	9	132	10	160	11	157	12	179	13	131	14	113	15	137	16	172	17	109	18	127	19	180	
	0	194	1	164	2	146	3	102	4	134	5	178	6	194	7	170	8	114	9	172	10	122	11	176	12	185	13	109	14	117	15	187	16	170	17	198	18	189	19	159	
	0	122	1	178	2	111	3	125	4	152	5	117	6	154	7	136	8	101	9	127	10	139	11	153	12	198	13	138	14	187	15	183	16	146	17	157	18	149	19	164	
	0	152	1	199	2	115	3	116	4	113	5	176	6	164	7	146	8	154	9	177	10	107	11	134	12	123	13	151	14	179	15	139	16	116	17	194	18	172	19	166	
	0	105	1	127	2	166	3	120	4	114	5	155	6	116	7	184	8	160	9	141	10	131	11	141	12	152	13	143	14	178	15	179	16	165	17	124	18	187	19	146	
	0	108	1	133	2	168	3	169	4	168	5	106	6	164	7	181	8	148	9	190	10	109	11	109	12	107	13	179	14	195	15	162	16	195	17	172	18	110	19	183	
	0	130	1	196	2	149	3	194	4	193	5	155	6	194	7	191	8	138	9	169	10	131	11	171	12	165	13	151	14	148	15	177	16	123	17	127	18	191	19	117	
	0	172	1	132	2	198	3	198	4	132	5	110	6	170	7	166	8	176	9	140	10	101	11	145	12	155	13	115	14	182	15	190	16	188	17	100	18	149	19	142	
	0	151	1	171	2	139	3	139	4	144	5	179	6	115	7	146	8	187	9	186	10	175	11	150	12	183	13	137	14	190	15	120	16	198	17	180	18	132	19	124	
	0	175	1	120	2	125	3	154	4	127	5	103	6	186	7	118	8	112	9	198	10	121	11	157	12	164	13	122	14	168	15	132	16	146	17	184	18	157	19	108	
	0	100	1	126	2	177	3	129	4	146	5	184	6	119	7	109	8	102	9	137	10	104	11	144	12	182	13	184	14	138	15	193	16	178	17	166	18	166	19	128	
	0	115	1	112	2	143	3	192	4	185	5	134	6	145	7	101	8	115	9	135	10	170	11	102	12	135	13	113	14	144	15	145	16	124	17	146	18	108	19	195	
	0	181	1	101	2	163	3	199	4	105	5	126	6	128	7	135	8	176	9	101	10	157	11	186	12	130	13	146	14	108	15	171	16	158	17	195	18	106	19	106	
	0	175	1	135	2	170	3	197	4	162	5	190	6	109	7	190	8	139	9	198	10	181	11	103	12	190	13	100	14	192	15	196	16	166	17	133	18	131	19	152	
	0	118	1	161	2	192	3	135	4	192	5	153	6	186	7	109	8	139	9	121	10	116	11	184	12	149	13	117	14	153	15	185	16	123	17	145	18	191	19	148	
	0	165	1	176	2	109	3	193	4	129	5	186	6	163	7	183	8	162	9	115	10	142	11	104	12	195	13	120	14	106	15	124	16	167	17	177	18	154	19	191	
	0	193	1	180	2	194	3	146	4	133	5	108	6	174	7	138	8	136	9	166	10	106	11	140	12	142	13	134	14	106	15	172	16	186	17	128	18	177	19	185	
	0	108	1	140	2	191	3	115	4	130	5	100	6	140	7	132	8	100	9	181	10	127	11	153	12	147	13	160	14	128	15	188	16	125	17	145	18	107	19	192	
	0	191	1	125	2	127	3	109	4	195	5	166	6	166	7	130	8	121	9	112	10	105	11	101	12	162	13	110	14	144	15	180	16	157	17	151	18	129	19	115	
	0	103	1	149	2	151	3	183	4	109	5	158	6	107	7	123	8	191	9	151	10	130	11	190	12	139	13	158	14	153	15	163	16	100	17	164	18	150	19	193	
	0	107	1	119	2	100	3	151	4	181	5	130	6	139	7	145	8	155	9	171	10	137	11	165	12	175	13	118	14	141	15	192	16	171	17	112	18	167	19	105	
	0	196	1	139	2	120	3	161	4	164	5	189	6	172	7	162	8	157	9	181	10	166	11	122	12	190	13	133	14	169	15	191	16	133	17	106	18	142	19	136	
	0	137	1	190	2	185	3	155	4	172	5	100	6	148	7	134	8	109	9	163	10	126	11	169	12	115	13	152	14	174	15	145	16	159	17	183	18	141	19	199	
	0	133	1	152	2	142	3	160	4	132	5	142	6	193	7	158	8	177	9	190	10	170	11	145	12	137	13	146	14	160	15	124	16	180	17	110	18	158	19	155	
	0	107	1	199	2	178	3	168	4	117	5	139	6	106	7	114	8	118	9	190	10	156	11	117	12	185	13	158	14	138	15	185	16	168	17	143	18	122	19	183	
	0	138	1	177	2	167	3	130	4	157	5	174	6	183	7	148	8	101	9	153	10	125	11	180	12	162	13	177	14	171	15	148	16	178	17	168	18	121	19	123	
	0	199	1	187	2	195	3	100	4	120	5	131	6	170	7	199	8	134	9	190	10	123	11	154	12	171	13	108	14	121	15	105	16	159	17	177	18	145	19	143	
	0	128	1	120	2	183	3	192	4	128	5	139	6	192	7	171	8	101	9	174	10	135	11	133	12	197	13	154	14	149	15	193	16	179	17	190	18	162	19	143	
	0	118	1	132	2	189	3	144	4	109	5	162	6	188	7	151	8	109	9	133	10	166	11	198	12	164	13	180	14	186	15	105	16	199	17	106	18	197	19	172	
	0	143	1	149	2	151	3	100	4	132	5	183	6	103	7	115	8	106	9	199	10	141	11	185	12	137	13	158	14	110	15	108	16	192	17	196	18	116	19	132	
	0	186	1	109	2	159	3	196	4	126	5	124	6	151	7	101	8	162	9	151	10	195	11	108	12	120	13	158	14	191	15	168	16	156	17	191	18	195	19	178	
	0	188	1	175	2	105	3	169	4	117	5	166	6	158	7	182	8	148	9	141	10	116	11	160	12	175	13	117	14	119	15	125	16	162	17	185	18	102	19	185	
	0	149	1	152	2	165	3	145	4	195	5	145	6	178	7	168	8	121	9	196	10	161	11	162	12	198	13	134	14	193	15	174	16	176	17	169	18	164	19	186	
	0	144	1	150	2	154	3	174	4	182	5	145	6	131	7	118	8	124	9	134	10	175	11	105	12	161	13	155	14	136	15	150	16	177	17	181	18	143	19	190	
	0	164	1	175	2	123	3	160	4	140	5	187	6	132	7	153	8	145	9	184	10	136	11	181	12	141	13	166	14	152	15	116	16	128	17	160	18	134	19	174	
	0	191	1	100	2	186	3	172	4	124	5	122	6	155	7	151	8	101	9	147	10	152	11	112	12	151	13	117	14	172	15	147	16	150	17	111	18	171	19	198	
	0	180	1	181	2	159	3	170	4	110	5	142	6	188	7	176	8	126	9	144	10	108	11	173	12	171	13	147	14	187	15	107	16	104	17	115	18	114	19	161	
	0	141	1	186	2	167	3	123	4	108	5	184	6	149	7	183	8	107	9	193	10	154	11	125	12	193	13	186	14	120	15	113	16	176	17	146	18	164	19	190	
	0	127	1	192	2	186	3	119	4	150	5	185	6	109	7	195	8	111	9	164	10	110	11	175	12	175	13	171	14	169	15	131	16	126	17	121	18	136	19	113	
	0	143	1	181	2	186	3	181	4	152	5	194	6	191	7	150	8	151	9	169	10	137	11	132	12	199	13	112	14	111	15	169	16	150	17	165	18	186	19	197	
	0	139	1	111	2	166	3	165	4	199	5	129	6	186	7	175	8	177	9	197	10	105	11	120	12	168	13	157	14	105	15	148	16	194	17	168	18	177	19	158	
	0	142	1	199	2	155	3	124	4	138	5	176	6	132	7	142	8	144	9	101	10	100	11	184	12	191	13	154	14	135	15	119	16	146	17	129	18	143	19	132	
	0	113	1	166	2	107	3	172	4	136	5	178	6	143	7	192	8	130	9	162	10	101	11	128	12	126	13	157	14	130	15	163	16	136	17	116	18	104	19	126	
	0	163	1	166	2	125	3	127	4	175	5	147	6	128	7	122	8	152	9	178	10	174	11	198	12	195	13	158	14	182	15	157	16	135	17	183	18	130	19	109	
	0	195	1	138	2	144	3	189	4	167	5	179	6	178	7	121	8	110	9	184	10	103	11	158	12	148	13	183	14	187	15	149	16	108	17	165	18	153	19	101	
	0	113	1	133	2	191	3	193	4	129	5	119	6	158	7	188	8	119	9	166	10	137	11	141	12	147	13	190	14	193	15	135	16	120	17	144	18	151	19	142	
	0	123	1	104	2	130	3	185	4	183	5	132	6	175	7	147	8	124	9	115	10	191	11	120	12	152	13	165	14	124	15	137	16	173	17	115	18	173	19	180	
	0	150	1	179	2	132	3	107	4	157	5	157	6	141	7	112	8	130	9	101	10	117	11	110	12	114	13	128	14	184	15	123	16	195	17	194	18	113	19	169	
	0	101	1	123	2	133	3	188	4	134	5	195	6	124	7	125	8	158	9	121	10	120	11	137	12	144	13	171	14	158	15	174	16	106	17	127	18	123	19	143	
	0	145	1	101	2	104	3	104	4	181	5	144	6	114	7	140	8	117	9	165	10	185	11	102	12	134	13	160	14	100	15	188	16	122	17	186	18	174	19	110	
	0	172	1	136	2	141	3	188	4	183	5	189	6	181	7	143	8	112	9	195	10	127	11	129	12	145	13	120	14	127	15	181	16	103	17	145	18	131	19	181	
	0	125	1	120	2	171	3	192	4	119	5	194	6	179	7	168	8	198	9	199	10	168	11	156	12	155	13	110	14	171	15	160	16	161	17	154	18	151	19	117	
	0	173	1	119	2	154	3	129	4	137	5	192	6	188	7	189	8	145	9	173	10	172	11	121	12	134	13	184	14	135	15	193	16	108	17	180	18	126	19	152	
	0	160	1	198	2	148	3	103	4	123	5	138	6	143	7	109	8	158	9	186	10	141	11	142	12	187	13	102	14	147	15	111	16	141	17	158	18	149	19	119	
	0	173	1	157	2	115	3	152	4	129	5	196	6	181	7	162	8	161	9	180	10	170	11	169	12	100	13	134	14	168	15	122	16	193	17	155	18	144	19	191	
	0	108	1	120	2	155	3	164	4	128	5	144	6	175	7	199	8	126	9	125	10	135	11	129	12	164	13	105	14	175	15	166	16	197	17	105	18	152	19	146	
	0	155	1	169	2	195	3	130	4	147	5	135	6	106	7	107	8	127	9	123	10	122	11	131	12	173	13	164	14	154	15	132	16	179	17	125	18	177	19	126	
	0	112	1	102	2	166	3	109	4	139	5	142	6	185	7	156	8	184	9	182	10	150	11	191	12	164	13	171	14	135	15	151	16	137	17	190	18	191	19	124	
	0	191	1	145	2	150	3	148	4	125	5	107	6	140	7	150	8	181	9	133	10	173	11	182	12	175	13	188	14	106	15	116	16	109	17	110	18	192	19	113	
	0	172	1	180	2	149	3	159	4	186	5	130	6	124	7	108	8	165	9	175	10	163	11	138	12	188	13	181	14	100	15	102	16	141	17	109	18	133	19	178	
	0	160	1	104	2	176	3	186	4	182	5	185	6	199	7	153	8	130	9	154	10	121	11	110	12	173	13	107	14	183	15	155	16	136	17	114	18	166	19	146	
	0	101	1	157	2	162	3	100	4	190	5	147	6	106	7	129	8	133	9	133	10	159	11	191	12	137	13	126	14	121	15	179	16	162	17	117	18	161	19	170	
	0	194	1	139	2	138	3	153	4	136	5	141	6	166	7	135	8	190	9	151	10	188	11	156	12	186	13	145	14	120	15	160	16	193	17	107	18	146	19	178	
	0	157	1	180	2	185	3	179	4	181	5	127	6	157	7	107	8	123	9	189	10	136	11	197	12	142	13	123	14	118	15	144	16	185	17	125	18	103	19	143	
	0	153	1	197	2	158	3	127	4	103	5	158	6	125	7	196	8	146	9	188	10	128	11	132	12	108	13	157	14	118	15	104	16	107	17	123	18	187	19	177	
	0	140	1	156	2	176	3	119	4	112	5	187	6	178	7	146	8	108	9	121	10	126	11	102	12	159	13	144	14	181	15	197	16	114	17	153	18	192	19	169	
	0	127	1	120	2	155	3	100	4	147	5	141	6	124	7	142	8	187	9	194	10	179	11	181	12	150	13	183	14	148	15	168	16	102	17	108	18	181	19	168	
	0	128	1	181	2	107	3	129	4	117	5	144	6	160	7	132	8	192	9	169	10	163	11	174	12	194	13	122	14	191	15	172	16	141	17	135	18	113	19	163	
	0	189	1	168	2	190	3	128	4	161	5	162	6	130	7	104	8	183	9	192	10	108	11	101	12	182	13	162	14	114	15	140	16	180	17	141	18	143	19	175	
	0	196	1	119	2	180	3	197	4	110	5	162	6	177	7	118	8	112	9	168	10	107	11	153	12	165	13	145	14	187	15	156	16	116	17	108	18	104	19	130	