100 30 1
30
	0	154	1	195	2	127	3	127	4	153	5	165	6	110	7	165	8	147	9	170	10	120	11	138	12	168	13	118	14	178	15	136	16	100	17	115	18	117	19	171	20	154	21	160	22	110	23	124	24	187	25	104	26	119	27	171	28	187	29	176	
	0	111	1	109	2	124	3	199	4	151	5	179	6	116	7	147	8	145	9	158	10	152	11	150	12	186	13	160	14	143	15	193	16	105	17	125	18	131	19	102	20	139	21	199	22	165	23	149	24	106	25	152	26	168	27	199	28	170	29	173	
	0	120	1	138	2	146	3	121	4	170	5	189	6	108	7	144	8	163	9	164	10	156	11	106	12	195	13	174	14	155	15	132	16	171	17	159	18	125	19	140	20	182	21	105	22	132	23	122	24	157	25	198	26	160	27	100	28	130	29	139	
	0	105	1	148	2	180	3	145	4	144	5	125	6	190	7	189	8	131	9	174	10	197	11	148	12	115	13	167	14	104	15	188	16	151	17	122	18	183	19	173	20	110	21	115	22	196	23	199	24	109	25	109	26	175	27	153	28	141	29	192	
	0	123	1	137	2	185	3	155	4	142	5	194	6	169	7	190	8	186	9	111	10	107	11	186	12	127	13	190	14	153	15	198	16	191	17	125	18	120	19	186	20	140	21	174	22	168	23	136	24	157	25	186	26	142	27	122	28	166	29	123	
	0	175	1	191	2	117	3	147	4	114	5	182	6	163	7	161	8	173	9	172	10	180	11	152	12	100	13	187	14	121	15	130	16	176	17	155	18	136	19	154	20	160	21	133	22	150	23	195	24	183	25	164	26	157	27	161	28	146	29	123	
	0	103	1	187	2	199	3	198	4	187	5	142	6	182	7	101	8	191	9	121	10	192	11	155	12	136	13	106	14	195	15	181	16	107	17	133	18	135	19	125	20	100	21	125	22	123	23	194	24	149	25	175	26	159	27	182	28	116	29	152	
	0	133	1	176	2	110	3	131	4	177	5	189	6	165	7	155	8	120	9	137	10	129	11	142	12	158	13	135	14	136	15	138	16	180	17	132	18	132	19	151	20	137	21	186	22	158	23	180	24	172	25	186	26	128	27	111	28	115	29	136	
	0	158	1	150	2	147	3	179	4	174	5	163	6	129	7	132	8	104	9	120	10	129	11	157	12	154	13	129	14	106	15	187	16	105	17	172	18	106	19	161	20	184	21	131	22	100	23	184	24	105	25	137	26	155	27	147	28	159	29	182	
	0	133	1	188	2	136	3	105	4	137	5	194	6	156	7	108	8	155	9	146	10	190	11	195	12	135	13	177	14	110	15	194	16	142	17	144	18	108	19	145	20	177	21	155	22	153	23	122	24	102	25	136	26	187	27	181	28	181	29	151	
	0	180	1	137	2	199	3	115	4	156	5	104	6	175	7	184	8	196	9	189	10	127	11	109	12	173	13	154	14	170	15	178	16	192	17	164	18	156	19	106	20	152	21	171	22	113	23	106	24	117	25	119	26	124	27	126	28	136	29	101	
	0	161	1	198	2	101	3	116	4	154	5	137	6	120	7	115	8	164	9	118	10	153	11	183	12	184	13	127	14	107	15	135	16	104	17	139	18	185	19	180	20	121	21	149	22	117	23	180	24	192	25	175	26	165	27	199	28	150	29	145	
	0	146	1	160	2	115	3	134	4	111	5	190	6	147	7	122	8	103	9	130	10	196	11	178	12	193	13	146	14	188	15	169	16	134	17	148	18	192	19	144	20	141	21	177	22	193	23	128	24	183	25	154	26	139	27	165	28	148	29	145	
	0	136	1	182	2	166	3	133	4	176	5	161	6	105	7	187	8	172	9	129	10	133	11	109	12	187	13	182	14	133	15	193	16	173	17	123	18	197	19	179	20	139	21	141	22	167	23	100	24	164	25	168	26	146	27	199	28	112	29	128	
	0	111	1	126	2	102	3	134	4	105	5	174	6	111	7	106	8	176	9	164	10	182	11	175	12	147	13	172	14	114	15	114	16	144	17	136	18	177	19	192	20	196	21	178	22	199	23	139	24	112	25	112	26	166	27	161	28	126	29	153	
	0	154	1	192	2	198	3	153	4	100	5	130	6	118	7	125	8	113	9	177	10	104	11	133	12	133	13	136	14	163	15	151	16	101	17	156	18	144	19	116	20	154	21	185	22	172	23	119	24	140	25	185	26	191	27	134	28	139	29	143	
	0	116	1	194	2	190	3	150	4	152	5	195	6	182	7	197	8	105	9	184	10	181	11	147	12	124	13	141	14	136	15	188	16	143	17	182	18	111	19	146	20	129	21	197	22	117	23	134	24	111	25	157	26	120	27	147	28	174	29	165	
	0	151	1	170	2	107	3	176	4	127	5	189	6	138	7	111	8	115	9	185	10	194	11	114	12	184	13	127	14	193	15	184	16	117	17	114	18	122	19	113	20	136	21	131	22	117	23	166	24	162	25	163	26	167	27	104	28	118	29	138	
	0	162	1	102	2	114	3	101	4	170	5	161	6	169	7	121	8	144	9	114	10	141	11	136	12	177	13	139	14	161	15	193	16	131	17	184	18	115	19	151	20	119	21	152	22	177	23	140	24	198	25	136	26	129	27	128	28	175	29	103	
	0	199	1	109	2	174	3	189	4	115	5	197	6	131	7	184	8	129	9	159	10	165	11	131	12	178	13	104	14	139	15	150	16	160	17	166	18	109	19	154	20	137	21	127	22	189	23	175	24	193	25	195	26	172	27	146	28	198	29	160	
	0	187	1	172	2	181	3	112	4	124	5	189	6	168	7	194	8	162	9	164	10	138	11	186	12	170	13	147	14	112	15	125	16	186	17	141	18	106	19	100	20	112	21	125	22	121	23	110	24	169	25	123	26	136	27	178	28	192	29	189	
	0	197	1	140	2	163	3	134	4	116	5	179	6	197	7	170	8	119	9	100	10	185	11	103	12	173	13	178	14	198	15	110	16	153	17	145	18	112	19	155	20	110	21	125	22	108	23	102	24	133	25	100	26	192	27	170	28	123	29	192	
	0	174	1	164	2	174	3	108	4	167	5	141	6	135	7	171	8	188	9	161	10	166	11	142	12	161	13	168	14	125	15	123	16	187	17	103	18	154	19	178	20	180	21	164	22	161	23	129	24	132	25	188	26	139	27	108	28	143	29	177	
	0	109	1	150	2	138	3	108	4	124	5	104	6	180	7	113	8	178	9	123	10	167	11	178	12	107	13	106	14	159	15	122	16	187	17	130	18	175	19	187	20	159	21	197	22	170	23	152	24	146	25	106	26	125	27	192	28	149	29	107	
	0	120	1	108	2	143	3	115	4	147	5	168	6	113	7	127	8	100	9	122	10	190	11	131	12	171	13	176	14	179	15	178	16	130	17	135	18	177	19	142	20	142	21	101	22	120	23	134	24	110	25	191	26	129	27	118	28	147	29	101	
	0	140	1	157	2	109	3	184	4	112	5	187	6	194	7	137	8	127	9	139	10	149	11	160	12	146	13	192	14	119	15	195	16	186	17	167	18	154	19	194	20	178	21	143	22	130	23	149	24	121	25	169	26	160	27	109	28	179	29	176	
	0	181	1	129	2	108	3	194	4	177	5	107	6	193	7	142	8	163	9	186	10	164	11	190	12	170	13	131	14	138	15	152	16	197	17	133	18	152	19	128	20	147	21	187	22	184	23	169	24	140	25	132	26	194	27	141	28	145	29	158	
	0	123	1	109	2	184	3	188	4	189	5	150	6	125	7	122	8	181	9	165	10	161	11	112	12	134	13	112	14	199	15	183	16	151	17	142	18	134	19	103	20	193	21	139	22	141	23	146	24	187	25	153	26	159	27	118	28	126	29	183	
	0	128	1	134	2	145	3	167	4	156	5	191	6	162	7	156	8	175	9	134	10	120	11	163	12	125	13	183	14	126	15	163	16	145	17	124	18	192	19	199	20	117	21	191	22	144	23	194	24	108	25	115	26	131	27	178	28	129	29	106	
	0	123	1	179	2	176	3	121	4	158	5	188	6	160	7	161	8	125	9	193	10	176	11	129	12	107	13	172	14	170	15	182	16	128	17	193	18	174	19	162	20	110	21	141	22	183	23	141	24	195	25	170	26	185	27	110	28	165	29	121	
	0	179	1	137	2	152	3	153	4	191	5	155	6	134	7	108	8	177	9	187	10	149	11	181	12	105	13	101	14	117	15	136	16	194	17	177	18	192	19	124	20	152	21	137	22	180	23	167	24	128	25	160	26	161	27	179	28	175	29	123	
	0	100	1	152	2	153	3	138	4	132	5	125	6	161	7	116	8	176	9	181	10	143	11	185	12	197	13	159	14	117	15	116	16	138	17	140	18	110	19	121	20	178	21	130	22	193	23	193	24	107	25	157	26	191	27	101	28	133	29	148	
	0	142	1	158	2	117	3	113	4	110	5	118	6	140	7	198	8	124	9	180	10	184	11	101	12	173	13	134	14	147	15	141	16	164	17	196	18	127	19	139	20	189	21	174	22	142	23	195	24	183	25	102	26	110	27	167	28	173	29	132	
	0	185	1	114	2	102	3	167	4	139	5	123	6	107	7	104	8	181	9	173	10	129	11	151	12	155	13	131	14	132	15	147	16	157	17	197	18	186	19	139	20	180	21	130	22	129	23	171	24	123	25	129	26	193	27	112	28	177	29	198	
	0	158	1	183	2	191	3	109	4	195	5	110	6	195	7	147	8	115	9	165	10	117	11	182	12	141	13	154	14	148	15	172	16	127	17	163	18	128	19	124	20	147	21	155	22	115	23	143	24	131	25	152	26	163	27	134	28	103	29	100	
	0	141	1	129	2	137	3	197	4	120	5	169	6	109	7	167	8	196	9	183	10	111	11	177	12	197	13	149	14	131	15	155	16	119	17	154	18	103	19	146	20	132	21	194	22	176	23	187	24	183	25	136	26	106	27	143	28	108	29	159	
	0	102	1	164	2	125	3	116	4	131	5	100	6	128	7	170	8	129	9	138	10	114	11	145	12	155	13	195	14	129	15	125	16	175	17	103	18	109	19	119	20	160	21	134	22	182	23	142	24	151	25	154	26	133	27	100	28	136	29	133	
	0	180	1	188	2	176	3	105	4	173	5	156	6	112	7	112	8	163	9	179	10	137	11	123	12	114	13	133	14	199	15	195	16	177	17	104	18	153	19	182	20	133	21	107	22	166	23	136	24	147	25	170	26	162	27	126	28	107	29	164	
	0	170	1	125	2	101	3	113	4	119	5	139	6	186	7	124	8	119	9	154	10	157	11	162	12	151	13	155	14	135	15	157	16	110	17	130	18	136	19	104	20	177	21	149	22	160	23	148	24	160	25	175	26	182	27	144	28	140	29	118	
	0	129	1	190	2	119	3	128	4	180	5	157	6	194	7	179	8	148	9	156	10	181	11	130	12	106	13	189	14	194	15	104	16	138	17	115	18	160	19	164	20	176	21	137	22	135	23	182	24	161	25	160	26	179	27	136	28	154	29	169	
	0	165	1	165	2	141	3	136	4	141	5	109	6	154	7	173	8	105	9	175	10	106	11	129	12	186	13	187	14	166	15	172	16	174	17	191	18	190	19	194	20	151	21	152	22	140	23	141	24	116	25	147	26	108	27	194	28	186	29	106	
	0	155	1	148	2	169	3	181	4	134	5	174	6	165	7	189	8	181	9	181	10	188	11	165	12	100	13	121	14	101	15	145	16	184	17	165	18	180	19	132	20	127	21	103	22	109	23	166	24	135	25	186	26	183	27	142	28	102	29	139	
	0	178	1	111	2	140	3	167	4	192	5	129	6	145	7	158	8	126	9	123	10	198	11	153	12	187	13	119	14	134	15	122	16	183	17	166	18	166	19	174	20	178	21	160	22	142	23	117	24	135	25	163	26	174	27	182	28	159	29	112	
	0	178	1	121	2	183	3	111	4	103	5	116	6	135	7	177	8	188	9	130	10	113	11	141	12	132	13	125	14	170	15	115	16	145	17	180	18	108	19	103	20	122	21	160	22	162	23	153	24	150	25	196	26	148	27	135	28	154	29	111	
	0	138	1	130	2	173	3	122	4	133	5	191	6	142	7	196	8	173	9	137	10	187	11	153	12	142	13	187	14	173	15	196	16	126	17	151	18	129	19	185	20	175	21	154	22	178	23	135	24	162	25	104	26	144	27	140	28	157	29	165	
	0	181	1	101	2	100	3	190	4	186	5	181	6	147	7	138	8	107	9	187	10	169	11	169	12	120	13	124	14	148	15	134	16	148	17	183	18	138	19	129	20	104	21	159	22	181	23	119	24	188	25	195	26	128	27	154	28	115	29	137	
	0	110	1	126	2	140	3	106	4	123	5	150	6	118	7	115	8	129	9	137	10	164	11	128	12	185	13	165	14	158	15	137	16	136	17	121	18	100	19	182	20	102	21	179	22	181	23	157	24	138	25	137	26	173	27	112	28	175	29	141	
	0	115	1	164	2	122	3	153	4	171	5	120	6	152	7	157	8	116	9	183	10	121	11	148	12	130	13	105	14	109	15	113	16	182	17	166	18	114	19	125	20	143	21	101	22	122	23	127	24	113	25	104	26	177	27	157	28	165	29	149	
	0	136	1	135	2	137	3	136	4	150	5	131	6	110	7	172	8	140	9	122	10	116	11	117	12	165	13	142	14	113	15	176	16	111	17	141	18	150	19	147	20	125	21	170	22	191	23	151	24	194	25	127	26	130	27	118	28	123	29	106	
	0	120	1	195	2	149	3	190	4	132	5	198	6	122	7	159	8	117	9	126	10	110	11	151	12	123	13	129	14	190	15	179	16	181	17	182	18	176	19	173	20	158	21	114	22	174	23	147	24	185	25	149	26	118	27	181	28	176	29	173	
	0	155	1	177	2	190	3	166	4	136	5	120	6	105	7	160	8	165	9	122	10	156	11	194	12	190	13	107	14	116	15	116	16	155	17	148	18	110	19	187	20	133	21	181	22	133	23	125	24	193	25	189	26	138	27	143	28	151	29	156	
	0	178	1	173	2	123	3	166	4	111	5	129	6	159	7	127	8	179	9	100	10	120	11	127	12	150	13	119	14	124	15	173	16	195	17	109	18	193	19	133	20	103	21	154	22	169	23	149	24	179	25	107	26	101	27	103	28	164	29	173	
	0	128	1	164	2	192	3	176	4	100	5	191	6	150	7	182	8	144	9	105	10	106	11	182	12	159	13	127	14	121	15	142	16	192	17	163	18	117	19	188	20	192	21	197	22	194	23	184	24	124	25	169	26	104	27	137	28	111	29	145	
	0	152	1	191	2	196	3	188	4	122	5	116	6	109	7	143	8	177	9	179	10	170	11	149	12	151	13	144	14	117	15	134	16	119	17	199	18	119	19	128	20	110	21	101	22	151	23	157	24	114	25	169	26	110	27	121	28	102	29	177	
	0	171	1	173	2	106	3	188	4	197	5	138	6	145	7	196	8	120	9	184	10	186	11	193	12	105	13	182	14	138	15	136	16	127	17	119	18	102	19	126	20	131	21	100	22	176	23	165	24	195	25	160	26	146	27	189	28	163	29	109	
	0	154	1	117	2	108	3	176	4	177	5	185	6	115	7	189	8	189	9	145	10	170	11	114	12	191	13	123	14	182	15	150	16	197	17	181	18	109	19	178	20	164	21	150	22	162	23	146	24	182	25	107	26	100	27	103	28	107	29	172	
	0	115	1	154	2	150	3	128	4	115	5	189	6	123	7	198	8	132	9	153	10	101	11	101	12	178	13	146	14	122	15	155	16	175	17	120	18	138	19	160	20	162	21	152	22	194	23	161	24	151	25	152	26	125	27	111	28	129	29	113	
	0	134	1	165	2	199	3	182	4	125	5	119	6	168	7	121	8	107	9	143	10	141	11	178	12	109	13	138	14	186	15	144	16	156	17	151	18	198	19	112	20	193	21	123	22	119	23	137	24	152	25	145	26	142	27	161	28	151	29	174	
	0	191	1	151	2	129	3	105	4	178	5	162	6	116	7	117	8	198	9	151	10	112	11	131	12	123	13	144	14	110	15	191	16	139	17	115	18	190	19	192	20	109	21	161	22	185	23	168	24	156	25	180	26	162	27	107	28	127	29	109	
	0	143	1	159	2	186	3	100	4	101	5	192	6	100	7	118	8	166	9	190	10	162	11	149	12	168	13	148	14	169	15	127	16	159	17	105	18	132	19	132	20	138	21	170	22	138	23	101	24	198	25	190	26	140	27	130	28	128	29	102	
	0	174	1	148	2	198	3	198	4	153	5	121	6	106	7	178	8	197	9	195	10	132	11	146	12	192	13	183	14	169	15	176	16	183	17	107	18	100	19	147	20	119	21	134	22	189	23	161	24	133	25	183	26	153	27	110	28	176	29	170	
	0	122	1	112	2	136	3	170	4	199	5	112	6	177	7	126	8	192	9	166	10	177	11	139	12	164	13	182	14	139	15	110	16	164	17	196	18	165	19	100	20	166	21	133	22	173	23	181	24	178	25	144	26	100	27	191	28	121	29	167	
	0	191	1	144	2	175	3	175	4	100	5	179	6	155	7	171	8	117	9	182	10	139	11	146	12	140	13	172	14	193	15	185	16	176	17	133	18	157	19	187	20	139	21	178	22	148	23	179	24	193	25	123	26	131	27	180	28	188	29	157	
	0	170	1	181	2	103	3	138	4	125	5	116	6	149	7	199	8	101	9	113	10	139	11	193	12	162	13	104	14	123	15	156	16	108	17	115	18	174	19	153	20	141	21	155	22	149	23	177	24	183	25	158	26	160	27	173	28	147	29	161	
	0	122	1	133	2	189	3	160	4	125	5	129	6	183	7	123	8	109	9	190	10	197	11	166	12	157	13	144	14	155	15	189	16	160	17	188	18	156	19	176	20	190	21	142	22	113	23	154	24	152	25	125	26	130	27	169	28	186	29	110	
	0	173	1	179	2	196	3	195	4	130	5	145	6	128	7	152	8	172	9	123	10	136	11	196	12	112	13	168	14	151	15	175	16	132	17	176	18	153	19	169	20	166	21	109	22	180	23	147	24	140	25	141	26	139	27	166	28	154	29	144	
	0	182	1	107	2	131	3	153	4	192	5	143	6	143	7	151	8	166	9	140	10	189	11	178	12	124	13	154	14	137	15	157	16	130	17	181	18	183	19	135	20	169	21	141	22	132	23	185	24	164	25	173	26	177	27	175	28	186	29	156	
	0	190	1	191	2	101	3	171	4	199	5	149	6	165	7	185	8	143	9	174	10	156	11	128	12	174	13	186	14	122	15	182	16	133	17	140	18	118	19	126	20	122	21	172	22	172	23	110	24	165	25	173	26	141	27	159	28	100	29	198	
	0	101	1	155	2	174	3	179	4	195	5	192	6	119	7	193	8	180	9	161	10	183	11	170	12	153	13	114	14	124	15	144	16	195	17	177	18	131	19	129	20	147	21	103	22	130	23	104	24	178	25	199	26	114	27	143	28	184	29	105	
	0	128	1	156	2	192	3	140	4	111	5	119	6	176	7	198	8	109	9	166	10	131	11	155	12	185	13	152	14	143	15	110	16	185	17	100	18	174	19	147	20	184	21	189	22	164	23	180	24	124	25	119	26	140	27	111	28	194	29	157	
	0	188	1	168	2	187	3	154	4	175	5	149	6	136	7	128	8	103	9	174	10	106	11	175	12	159	13	107	14	180	15	167	16	135	17	137	18	122	19	197	20	159	21	149	22	198	23	171	24	146	25	160	26	130	27	152	28	104	29	196	
	0	198	1	198	2	102	3	192	4	143	5	108	6	163	7	131	8	145	9	188	10	100	11	155	12	142	13	170	14	197	15	194	16	137	17	135	18	164	19	102	20	142	21	104	22	178	23	109	24	108	25	155	26	132	27	184	28	121	29	117	
	0	108	1	113	2	109	3	171	4	170	5	168	6	118	7	126	8	194	9	194	10	195	11	149	12	149	13	102	14	109	15	105	16	176	17	166	18	111	19	173	20	192	21	190	22	151	23	141	24	111	25	156	26	115	27	106	28	119	29	131	
	0	141	1	100	2	135	3	141	4	179	5	102	6	188	7	173	8	146	9	175	10	186	11	171	12	174	13	162	14	144	15	171	16	183	17	101	18	192	19	172	20	187	21	124	22	124	23	117	24	172	25	112	26	154	27	135	28	141	29	119	
	0	111	1	170	2	129	3	138	4	169	5	118	6	101	7	113	8	139	9	142	10	160	11	144	12	186	13	188	14	157	15	172	16	133	17	169	18	199	19	142	20	145	21	168	22	136	23	184	24	167	25	154	26	188	27	141	28	184	29	120	
	0	146	1	122	2	132	3	152	4	119	5	142	6	158	7	183	8	102	9	184	10	140	11	112	12	156	13	145	14	130	15	191	16	112	17	178	18	189	19	180	20	159	21	171	22	187	23	107	24	106	25	161	26	162	27	126	28	105	29	139	
	0	112	1	128	2	185	3	147	4	161	5	118	6	194	7	130	8	167	9	128	10	147	11	105	12	106	13	103	14	134	15	190	16	174	17	138	18	163	19	152	20	180	21	162	22	129	23	122	24	143	25	143	26	102	27	104	28	105	29	164	
	0	173	1	155	2	145	3	176	4	110	5	171	6	115	7	187	8	101	9	112	10	150	11	189	12	179	13	102	14	186	15	181	16	146	17	115	18	167	19	182	20	183	21	138	22	146	23	128	24	179	25	165	26	183	27	101	28	175	29	116	
	0	179	1	136	2	106	3	193	4	181	5	122	6	198	7	101	8	153	9	152	10	105	11	141	12	161	13	109	14	142	15	106	16	160	17	141	18	144	19	139	20	144	21	136	22	104	23	104	24	170	25	176	26	155	27	169	28	125	29	194	
	0	162	1	157	2	106	3	196	4	122	5	149	6	108	7	128	8	108	9	121	10	196	11	177	12	151	13	157	14	179	15	134	16	165	17	154	18	163	19	129	20	135	21	171	22	128	23	171	24	156	25	123	26	153	27	194	28	146	29	133	
	0	144	1	176	2	186	3	116	4	171	5	129	6	166	7	138	8	148	9	136	10	144	11	188	12	188	13	129	14	121	15	103	16	120	17	115	18	163	19	120	20	176	21	133	22	197	23	127	24	177	25	146	26	130	27	194	28	139	29	145	
	0	133	1	143	2	148	3	105	4	196	5	100	6	193	7	105	8	194	9	142	10	146	11	172	12	187	13	180	14	192	15	184	16	152	17	181	18	124	19	116	20	157	21	194	22	179	23	130	24	156	25	123	26	114	27	123	28	199	29	170	
	0	119	1	118	2	178	3	133	4	165	5	103	6	186	7	105	8	170	9	148	10	114	11	115	12	107	13	111	14	165	15	199	16	197	17	151	18	100	19	181	20	167	21	173	22	150	23	180	24	175	25	172	26	162	27	170	28	139	29	108	
	0	185	1	154	2	182	3	120	4	162	5	184	6	160	7	100	8	143	9	103	10	194	11	126	12	130	13	146	14	182	15	120	16	160	17	181	18	107	19	170	20	193	21	148	22	154	23	158	24	138	25	180	26	185	27	138	28	125	29	181	
	0	121	1	191	2	132	3	106	4	152	5	152	6	141	7	128	8	135	9	190	10	112	11	147	12	167	13	109	14	117	15	166	16	135	17	125	18	150	19	196	20	186	21	192	22	111	23	177	24	135	25	179	26	174	27	180	28	109	29	197	
	0	110	1	100	2	134	3	147	4	103	5	178	6	136	7	178	8	162	9	177	10	144	11	183	12	163	13	104	14	127	15	140	16	153	17	153	18	130	19	137	20	195	21	174	22	133	23	166	24	138	25	142	26	160	27	104	28	154	29	103	
	0	154	1	108	2	193	3	139	4	120	5	187	6	106	7	194	8	167	9	164	10	199	11	114	12	166	13	197	14	164	15	162	16	174	17	177	18	181	19	189	20	199	21	107	22	182	23	159	24	176	25	175	26	189	27	105	28	144	29	118	
	0	156	1	194	2	181	3	147	4	110	5	118	6	130	7	193	8	197	9	175	10	148	11	129	12	195	13	172	14	193	15	150	16	198	17	102	18	110	19	148	20	180	21	127	22	159	23	149	24	143	25	137	26	137	27	115	28	122	29	103	
	0	171	1	147	2	178	3	111	4	126	5	116	6	181	7	184	8	112	9	116	10	193	11	148	12	196	13	155	14	121	15	151	16	145	17	109	18	149	19	199	20	169	21	138	22	175	23	139	24	116	25	186	26	131	27	154	28	102	29	180	
	0	159	1	172	2	177	3	120	4	108	5	128	6	124	7	176	8	130	9	190	10	178	11	184	12	106	13	146	14	135	15	102	16	103	17	183	18	126	19	125	20	186	21	189	22	175	23	167	24	139	25	180	26	100	27	158	28	181	29	197	
	0	147	1	131	2	158	3	108	4	159	5	193	6	121	7	180	8	120	9	170	10	165	11	120	12	140	13	165	14	127	15	107	16	181	17	195	18	199	19	195	20	181	21	112	22	144	23	160	24	133	25	162	26	194	27	199	28	190	29	117	
	0	178	1	162	2	190	3	143	4	129	5	134	6	195	7	118	8	161	9	104	10	134	11	167	12	113	13	194	14	111	15	147	16	144	17	153	18	137	19	170	20	114	21	117	22	176	23	145	24	115	25	169	26	199	27	175	28	157	29	193	
	0	146	1	119	2	137	3	110	4	145	5	162	6	109	7	183	8	123	9	124	10	165	11	143	12	149	13	194	14	124	15	132	16	105	17	110	18	122	19	120	20	188	21	118	22	144	23	171	24	185	25	188	26	104	27	131	28	173	29	195	
	0	176	1	167	2	132	3	164	4	186	5	120	6	184	7	192	8	134	9	187	10	174	11	129	12	112	13	101	14	170	15	180	16	108	17	181	18	100	19	173	20	116	21	166	22	185	23	112	24	113	25	109	26	147	27	108	28	162	29	166	
	0	142	1	186	2	163	3	100	4	136	5	180	6	118	7	160	8	128	9	114	10	112	11	110	12	132	13	130	14	194	15	186	16	148	17	164	18	158	19	142	20	111	21	138	22	142	23	141	24	137	25	175	26	165	27	121	28	190	29	183	
	0	158	1	190	2	183	3	143	4	178	5	195	6	139	7	147	8	144	9	110	10	185	11	167	12	151	13	107	14	141	15	176	16	152	17	111	18	173	19	144	20	163	21	139	22	166	23	192	24	105	25	120	26	144	27	119	28	160	29	133	
	0	167	1	192	2	115	3	116	4	156	5	115	6	144	7	195	8	120	9	133	10	121	11	119	12	147	13	156	14	179	15	164	16	169	17	101	18	118	19	167	20	135	21	128	22	121	23	107	24	105	25	128	26	145	27	151	28	145	29	154	
	0	146	1	107	2	104	3	163	4	194	5	171	6	184	7	145	8	123	9	197	10	126	11	154	12	168	13	142	14	165	15	133	16	176	17	175	18	161	19	151	20	190	21	198	22	142	23	117	24	185	25	196	26	165	27	104	28	112	29	131	
	0	149	1	177	2	138	3	141	4	170	5	180	6	142	7	100	8	196	9	178	10	121	11	197	12	119	13	142	14	117	15	159	16	124	17	109	18	145	19	193	20	111	21	128	22	162	23	132	24	195	25	159	26	143	27	136	28	196	29	137	
	0	120	1	123	2	172	3	115	4	158	5	187	6	110	7	107	8	119	9	181	10	175	11	181	12	152	13	122	14	139	15	109	16	109	17	167	18	132	19	176	20	104	21	121	22	121	23	166	24	122	25	182	26	118	27	125	28	163	29	152	