100 40 1
40
	0	166	1	111	2	103	3	135	4	153	5	105	6	158	7	177	8	147	9	182	10	108	11	178	12	144	13	130	14	170	15	148	16	112	17	163	18	117	19	107	20	194	21	148	22	178	23	120	24	123	25	132	26	151	27	167	28	119	29	136	30	119	31	125	32	144	33	159	34	119	35	159	36	160	37	131	38	189	39	150	
	0	160	1	186	2	170	3	108	4	179	5	189	6	169	7	141	8	115	9	110	10	195	11	119	12	169	13	145	14	178	15	104	16	184	17	119	18	150	19	149	20	160	21	110	22	166	23	109	24	162	25	165	26	196	27	108	28	175	29	152	30	168	31	146	32	199	33	110	34	111	35	132	36	127	37	159	38	193	39	148	
	0	138	1	129	2	164	3	138	4	177	5	134	6	108	7	180	8	170	9	111	10	197	11	124	12	180	13	129	14	156	15	153	16	122	17	129	18	135	19	190	20	137	21	156	22	199	23	183	24	132	25	132	26	159	27	126	28	187	29	109	30	134	31	171	32	192	33	135	34	173	35	153	36	167	37	133	38	181	39	144	
	0	127	1	173	2	161	3	179	4	146	5	162	6	121	7	106	8	102	9	115	10	119	11	106	12	179	13	114	14	117	15	158	16	127	17	193	18	128	19	194	20	180	21	118	22	184	23	188	24	197	25	146	26	142	27	126	28	170	29	191	30	191	31	111	32	145	33	179	34	182	35	106	36	123	37	137	38	173	39	132	
	0	180	1	196	2	172	3	127	4	161	5	122	6	112	7	187	8	148	9	146	10	116	11	157	12	178	13	175	14	143	15	128	16	165	17	141	18	166	19	187	20	163	21	107	22	123	23	158	24	195	25	194	26	110	27	105	28	199	29	197	30	168	31	199	32	144	33	170	34	123	35	137	36	179	37	121	38	195	39	149	
	0	164	1	101	2	199	3	138	4	121	5	159	6	103	7	174	8	100	9	168	10	165	11	100	12	102	13	107	14	161	15	109	16	181	17	171	18	160	19	105	20	137	21	114	22	190	23	155	24	132	25	126	26	180	27	160	28	124	29	171	30	101	31	182	32	186	33	128	34	184	35	122	36	176	37	127	38	195	39	136	
	0	146	1	154	2	107	3	135	4	126	5	115	6	165	7	156	8	104	9	144	10	149	11	153	12	198	13	165	14	102	15	107	16	193	17	140	18	134	19	105	20	100	21	195	22	108	23	120	24	117	25	157	26	195	27	183	28	159	29	194	30	193	31	120	32	192	33	113	34	149	35	150	36	132	37	104	38	159	39	174	
	0	118	1	187	2	183	3	113	4	194	5	162	6	110	7	196	8	148	9	177	10	101	11	163	12	141	13	154	14	174	15	144	16	135	17	153	18	137	19	163	20	140	21	169	22	191	23	175	24	164	25	172	26	139	27	132	28	160	29	109	30	107	31	109	32	125	33	122	34	154	35	150	36	152	37	152	38	180	39	154	
	0	128	1	151	2	145	3	166	4	193	5	119	6	140	7	174	8	132	9	165	10	197	11	154	12	121	13	128	14	174	15	161	16	152	17	115	18	188	19	194	20	105	21	199	22	172	23	123	24	191	25	107	26	120	27	143	28	121	29	176	30	185	31	113	32	117	33	172	34	116	35	183	36	193	37	119	38	170	39	161	
	0	138	1	140	2	187	3	118	4	119	5	158	6	103	7	170	8	191	9	122	10	112	11	190	12	137	13	150	14	104	15	109	16	162	17	148	18	144	19	104	20	141	21	193	22	157	23	156	24	123	25	122	26	123	27	101	28	152	29	169	30	180	31	138	32	106	33	109	34	168	35	197	36	129	37	167	38	108	39	101	
	0	157	1	117	2	135	3	190	4	101	5	121	6	161	7	103	8	101	9	151	10	119	11	189	12	179	13	148	14	192	15	120	16	194	17	131	18	196	19	180	20	163	21	146	22	118	23	162	24	133	25	110	26	103	27	182	28	168	29	176	30	106	31	139	32	199	33	160	34	114	35	194	36	176	37	140	38	177	39	132	
	0	152	1	162	2	159	3	179	4	172	5	176	6	194	7	125	8	130	9	193	10	114	11	184	12	138	13	137	14	196	15	198	16	130	17	141	18	109	19	173	20	164	21	133	22	193	23	108	24	123	25	195	26	173	27	184	28	160	29	136	30	174	31	109	32	128	33	175	34	164	35	177	36	195	37	198	38	155	39	163	
	0	172	1	162	2	174	3	118	4	112	5	167	6	146	7	137	8	185	9	188	10	133	11	111	12	128	13	145	14	144	15	100	16	155	17	150	18	107	19	122	20	157	21	197	22	109	23	190	24	163	25	141	26	156	27	131	28	106	29	185	30	123	31	126	32	191	33	192	34	123	35	149	36	118	37	127	38	147	39	117	
	0	178	1	166	2	164	3	195	4	165	5	144	6	173	7	190	8	126	9	185	10	112	11	199	12	109	13	198	14	198	15	199	16	179	17	192	18	198	19	106	20	170	21	134	22	154	23	121	24	162	25	173	26	133	27	101	28	140	29	130	30	169	31	192	32	141	33	135	34	141	35	169	36	171	37	116	38	183	39	191	
	0	115	1	100	2	165	3	164	4	122	5	172	6	177	7	168	8	163	9	115	10	115	11	129	12	190	13	161	14	167	15	149	16	135	17	192	18	153	19	123	20	185	21	187	22	138	23	156	24	163	25	194	26	184	27	142	28	113	29	158	30	165	31	119	32	169	33	131	34	133	35	195	36	116	37	198	38	194	39	128	
	0	131	1	100	2	113	3	160	4	144	5	129	6	124	7	150	8	138	9	192	10	186	11	154	12	122	13	187	14	124	15	153	16	138	17	169	18	166	19	136	20	104	21	113	22	177	23	162	24	141	25	111	26	144	27	134	28	108	29	189	30	173	31	132	32	147	33	118	34	100	35	107	36	153	37	130	38	195	39	160	
	0	117	1	131	2	149	3	158	4	106	5	110	6	189	7	121	8	168	9	163	10	122	11	121	12	112	13	170	14	169	15	116	16	100	17	130	18	175	19	192	20	190	21	132	22	182	23	172	24	139	25	137	26	195	27	131	28	124	29	189	30	134	31	114	32	189	33	100	34	101	35	131	36	167	37	139	38	126	39	134	
	0	196	1	180	2	137	3	101	4	144	5	196	6	171	7	108	8	151	9	137	10	153	11	146	12	138	13	188	14	108	15	116	16	136	17	125	18	146	19	151	20	115	21	150	22	111	23	182	24	151	25	162	26	175	27	166	28	159	29	167	30	131	31	105	32	166	33	112	34	174	35	114	36	141	37	184	38	133	39	155	
	0	180	1	108	2	183	3	159	4	147	5	140	6	193	7	111	8	164	9	174	10	138	11	115	12	171	13	112	14	119	15	106	16	102	17	119	18	153	19	118	20	110	21	189	22	140	23	126	24	134	25	111	26	141	27	182	28	187	29	133	30	196	31	141	32	185	33	156	34	132	35	107	36	114	37	101	38	159	39	143	
	0	181	1	124	2	102	3	144	4	151	5	195	6	130	7	123	8	154	9	106	10	166	11	103	12	178	13	137	14	193	15	117	16	176	17	117	18	183	19	160	20	165	21	193	22	192	23	190	24	129	25	195	26	133	27	106	28	107	29	186	30	180	31	114	32	158	33	195	34	118	35	192	36	105	37	137	38	128	39	148	
	0	123	1	139	2	120	3	117	4	156	5	120	6	154	7	129	8	145	9	166	10	123	11	193	12	156	13	136	14	173	15	106	16	173	17	110	18	157	19	169	20	137	21	108	22	158	23	180	24	127	25	183	26	179	27	166	28	194	29	131	30	197	31	139	32	117	33	102	34	147	35	177	36	151	37	134	38	170	39	135	
	0	164	1	158	2	117	3	171	4	112	5	163	6	106	7	164	8	131	9	122	10	152	11	147	12	121	13	175	14	106	15	151	16	117	17	164	18	180	19	107	20	121	21	159	22	176	23	194	24	116	25	163	26	163	27	178	28	149	29	182	30	127	31	127	32	136	33	161	34	130	35	100	36	116	37	109	38	149	39	161	
	0	116	1	105	2	147	3	100	4	178	5	142	6	148	7	101	8	138	9	146	10	178	11	113	12	107	13	189	14	183	15	178	16	129	17	194	18	105	19	181	20	143	21	133	22	148	23	169	24	171	25	171	26	150	27	152	28	153	29	147	30	165	31	165	32	197	33	117	34	169	35	116	36	138	37	165	38	164	39	152	
	0	180	1	189	2	184	3	183	4	164	5	128	6	133	7	103	8	167	9	111	10	100	11	112	12	125	13	174	14	188	15	193	16	137	17	148	18	184	19	101	20	179	21	153	22	181	23	131	24	145	25	112	26	186	27	152	28	122	29	117	30	158	31	102	32	105	33	177	34	163	35	129	36	163	37	153	38	141	39	180	
	0	166	1	122	2	125	3	153	4	166	5	142	6	180	7	142	8	136	9	180	10	104	11	181	12	161	13	194	14	163	15	169	16	148	17	180	18	159	19	115	20	181	21	150	22	150	23	139	24	119	25	158	26	122	27	155	28	169	29	176	30	133	31	154	32	146	33	151	34	115	35	179	36	175	37	168	38	157	39	177	
	0	149	1	103	2	103	3	119	4	188	5	195	6	129	7	165	8	114	9	155	10	164	11	170	12	117	13	167	14	179	15	193	16	133	17	124	18	157	19	198	20	102	21	155	22	111	23	185	24	127	25	166	26	191	27	139	28	131	29	101	30	193	31	170	32	149	33	146	34	164	35	108	36	167	37	131	38	172	39	164	
	0	195	1	163	2	119	3	147	4	111	5	100	6	155	7	122	8	159	9	120	10	137	11	133	12	117	13	133	14	192	15	169	16	149	17	119	18	184	19	143	20	163	21	173	22	169	23	105	24	139	25	163	26	139	27	146	28	115	29	174	30	128	31	154	32	136	33	135	34	159	35	172	36	182	37	191	38	168	39	147	
	0	174	1	144	2	145	3	148	4	171	5	152	6	108	7	110	8	173	9	114	10	106	11	137	12	147	13	115	14	149	15	121	16	159	17	155	18	141	19	163	20	184	21	102	22	194	23	166	24	107	25	154	26	185	27	184	28	140	29	169	30	160	31	100	32	140	33	165	34	161	35	144	36	148	37	140	38	111	39	183	
	0	133	1	179	2	186	3	185	4	123	5	163	6	129	7	128	8	117	9	146	10	189	11	115	12	118	13	132	14	107	15	118	16	110	17	182	18	167	19	136	20	142	21	113	22	149	23	153	24	195	25	143	26	194	27	120	28	123	29	138	30	157	31	186	32	175	33	195	34	107	35	177	36	182	37	198	38	160	39	132	
	0	141	1	197	2	168	3	124	4	100	5	127	6	110	7	172	8	168	9	194	10	137	11	186	12	179	13	116	14	116	15	125	16	174	17	115	18	116	19	120	20	189	21	194	22	142	23	145	24	130	25	160	26	198	27	171	28	136	29	188	30	196	31	101	32	195	33	170	34	101	35	124	36	195	37	128	38	182	39	101	
	0	125	1	117	2	161	3	168	4	113	5	165	6	186	7	197	8	177	9	175	10	134	11	197	12	118	13	187	14	150	15	156	16	174	17	199	18	114	19	142	20	107	21	168	22	136	23	117	24	180	25	139	26	132	27	154	28	166	29	162	30	155	31	152	32	153	33	129	34	186	35	194	36	157	37	125	38	141	39	189	
	0	160	1	129	2	172	3	133	4	141	5	129	6	128	7	173	8	104	9	152	10	111	11	155	12	113	13	118	14	171	15	110	16	195	17	186	18	158	19	123	20	182	21	115	22	196	23	131	24	108	25	181	26	181	27	146	28	150	29	167	30	162	31	145	32	167	33	147	34	194	35	198	36	151	37	158	38	158	39	190	
	0	114	1	156	2	170	3	121	4	123	5	119	6	122	7	178	8	119	9	112	10	190	11	145	12	171	13	183	14	187	15	124	16	131	17	157	18	160	19	158	20	161	21	113	22	196	23	105	24	134	25	175	26	125	27	140	28	136	29	127	30	102	31	120	32	150	33	165	34	174	35	112	36	152	37	123	38	114	39	167	
	0	178	1	174	2	109	3	118	4	141	5	163	6	142	7	196	8	161	9	109	10	127	11	169	12	162	13	127	14	129	15	192	16	198	17	107	18	121	19	129	20	131	21	154	22	110	23	159	24	118	25	172	26	160	27	108	28	173	29	141	30	165	31	141	32	116	33	174	34	190	35	173	36	159	37	178	38	195	39	175	
	0	149	1	157	2	168	3	120	4	120	5	122	6	104	7	171	8	110	9	113	10	132	11	139	12	149	13	191	14	188	15	107	16	120	17	198	18	135	19	109	20	178	21	150	22	140	23	118	24	191	25	102	26	130	27	143	28	105	29	173	30	180	31	116	32	129	33	137	34	178	35	181	36	192	37	153	38	112	39	118	
	0	166	1	123	2	181	3	157	4	134	5	149	6	133	7	172	8	151	9	181	10	191	11	176	12	154	13	165	14	183	15	128	16	108	17	113	18	100	19	127	20	117	21	144	22	102	23	101	24	173	25	149	26	194	27	122	28	170	29	193	30	135	31	137	32	142	33	131	34	109	35	108	36	181	37	177	38	177	39	117	
	0	196	1	167	2	137	3	184	4	198	5	179	6	170	7	164	8	156	9	102	10	136	11	121	12	165	13	122	14	129	15	152	16	167	17	161	18	154	19	147	20	153	21	130	22	135	23	167	24	178	25	135	26	154	27	186	28	151	29	174	30	156	31	171	32	121	33	114	34	168	35	162	36	154	37	119	38	161	39	130	
	0	110	1	187	2	111	3	133	4	126	5	159	6	173	7	162	8	188	9	161	10	158	11	142	12	174	13	199	14	169	15	173	16	194	17	113	18	196	19	125	20	139	21	133	22	118	23	198	24	196	25	160	26	101	27	132	28	197	29	170	30	156	31	146	32	190	33	107	34	104	35	168	36	183	37	148	38	118	39	111	
	0	177	1	109	2	109	3	185	4	173	5	101	6	194	7	127	8	147	9	172	10	122	11	153	12	175	13	122	14	127	15	149	16	167	17	111	18	107	19	100	20	132	21	179	22	134	23	195	24	144	25	105	26	187	27	105	28	121	29	113	30	159	31	102	32	113	33	105	34	119	35	147	36	149	37	183	38	148	39	173	
	0	140	1	144	2	124	3	184	4	100	5	159	6	150	7	182	8	160	9	185	10	102	11	198	12	179	13	143	14	149	15	182	16	188	17	131	18	117	19	188	20	148	21	177	22	190	23	112	24	100	25	181	26	124	27	185	28	171	29	121	30	160	31	135	32	168	33	112	34	162	35	124	36	117	37	111	38	185	39	179	
	0	182	1	133	2	139	3	192	4	185	5	162	6	159	7	179	8	151	9	140	10	194	11	153	12	167	13	193	14	134	15	169	16	194	17	177	18	122	19	101	20	115	21	117	22	158	23	108	24	193	25	154	26	157	27	136	28	116	29	132	30	126	31	121	32	149	33	150	34	114	35	196	36	131	37	159	38	154	39	182	
	0	199	1	100	2	168	3	137	4	123	5	120	6	138	7	177	8	191	9	141	10	170	11	161	12	120	13	172	14	185	15	133	16	147	17	141	18	189	19	125	20	170	21	102	22	111	23	135	24	178	25	138	26	145	27	117	28	153	29	158	30	184	31	162	32	122	33	186	34	178	35	103	36	196	37	143	38	151	39	108	
	0	115	1	106	2	118	3	128	4	151	5	165	6	171	7	130	8	184	9	105	10	193	11	133	12	102	13	178	14	174	15	119	16	143	17	188	18	162	19	192	20	194	21	160	22	122	23	117	24	195	25	164	26	121	27	107	28	169	29	145	30	182	31	177	32	163	33	138	34	177	35	139	36	196	37	125	38	171	39	139	
	0	141	1	190	2	161	3	162	4	198	5	152	6	168	7	111	8	134	9	172	10	133	11	159	12	155	13	185	14	184	15	173	16	166	17	137	18	163	19	130	20	103	21	127	22	117	23	161	24	190	25	170	26	136	27	165	28	166	29	171	30	140	31	123	32	119	33	196	34	122	35	199	36	163	37	127	38	138	39	104	
	0	113	1	105	2	153	3	176	4	104	5	188	6	178	7	147	8	163	9	125	10	135	11	155	12	122	13	184	14	181	15	136	16	108	17	114	18	122	19	198	20	122	21	193	22	100	23	140	24	161	25	147	26	191	27	121	28	180	29	148	30	126	31	166	32	190	33	117	34	146	35	170	36	180	37	198	38	164	39	130	
	0	166	1	188	2	158	3	102	4	113	5	109	6	114	7	194	8	189	9	131	10	140	11	190	12	124	13	199	14	117	15	124	16	135	17	139	18	148	19	191	20	163	21	158	22	121	23	133	24	109	25	191	26	149	27	122	28	124	29	102	30	194	31	168	32	156	33	198	34	163	35	164	36	189	37	178	38	128	39	158	
	0	157	1	107	2	176	3	162	4	135	5	166	6	136	7	180	8	193	9	136	10	138	11	161	12	173	13	185	14	138	15	112	16	160	17	111	18	125	19	155	20	187	21	124	22	111	23	139	24	136	25	171	26	183	27	143	28	105	29	194	30	147	31	158	32	100	33	124	34	161	35	197	36	104	37	185	38	177	39	139	
	0	127	1	182	2	132	3	147	4	121	5	131	6	147	7	176	8	192	9	133	10	110	11	153	12	131	13	106	14	181	15	176	16	165	17	111	18	197	19	101	20	103	21	121	22	146	23	156	24	123	25	188	26	160	27	131	28	162	29	129	30	181	31	131	32	129	33	157	34	135	35	150	36	172	37	181	38	127	39	145	
	0	158	1	165	2	181	3	152	4	133	5	101	6	175	7	159	8	133	9	186	10	193	11	150	12	145	13	180	14	155	15	141	16	196	17	108	18	132	19	160	20	190	21	106	22	161	23	110	24	128	25	157	26	186	27	173	28	106	29	162	30	177	31	115	32	152	33	107	34	158	35	157	36	108	37	104	38	196	39	175	
	0	180	1	176	2	132	3	100	4	187	5	175	6	156	7	156	8	189	9	177	10	178	11	149	12	156	13	187	14	184	15	109	16	159	17	126	18	114	19	176	20	114	21	123	22	195	23	141	24	188	25	115	26	135	27	167	28	134	29	176	30	149	31	126	32	152	33	174	34	133	35	125	36	186	37	133	38	175	39	167	
	0	109	1	145	2	152	3	117	4	108	5	169	6	121	7	135	8	170	9	188	10	186	11	171	12	165	13	171	14	155	15	145	16	169	17	117	18	191	19	138	20	112	21	156	22	158	23	122	24	142	25	178	26	153	27	100	28	142	29	134	30	190	31	148	32	184	33	114	34	189	35	105	36	149	37	155	38	192	39	110	
	0	117	1	199	2	150	3	107	4	199	5	116	6	179	7	181	8	192	9	109	10	171	11	158	12	169	13	174	14	124	15	196	16	167	17	149	18	143	19	177	20	135	21	151	22	170	23	112	24	170	25	167	26	194	27	127	28	136	29	189	30	140	31	176	32	176	33	104	34	143	35	195	36	188	37	182	38	189	39	190	
	0	199	1	103	2	165	3	152	4	187	5	142	6	181	7	108	8	194	9	175	10	160	11	189	12	188	13	168	14	196	15	111	16	184	17	199	18	162	19	121	20	168	21	144	22	131	23	166	24	111	25	193	26	116	27	180	28	127	29	186	30	142	31	107	32	163	33	135	34	196	35	151	36	139	37	117	38	194	39	193	
	0	131	1	169	2	178	3	123	4	174	5	172	6	182	7	128	8	116	9	172	10	190	11	166	12	174	13	108	14	103	15	144	16	107	17	179	18	197	19	100	20	104	21	103	22	122	23	190	24	117	25	114	26	145	27	135	28	104	29	158	30	106	31	128	32	190	33	145	34	180	35	131	36	112	37	168	38	165	39	145	
	0	116	1	185	2	137	3	187	4	154	5	188	6	122	7	142	8	198	9	170	10	155	11	181	12	137	13	126	14	101	15	177	16	168	17	142	18	115	19	153	20	116	21	130	22	179	23	125	24	159	25	136	26	143	27	114	28	143	29	115	30	177	31	192	32	107	33	133	34	115	35	158	36	136	37	157	38	194	39	131	
	0	126	1	115	2	110	3	182	4	180	5	103	6	151	7	193	8	168	9	192	10	103	11	112	12	168	13	101	14	120	15	196	16	118	17	171	18	133	19	135	20	199	21	150	22	121	23	126	24	189	25	142	26	141	27	125	28	107	29	162	30	144	31	172	32	178	33	140	34	101	35	120	36	173	37	117	38	187	39	154	
	0	193	1	120	2	124	3	188	4	191	5	178	6	168	7	157	8	156	9	132	10	186	11	114	12	100	13	156	14	119	15	198	16	150	17	115	18	146	19	164	20	116	21	136	22	136	23	181	24	166	25	159	26	132	27	150	28	193	29	100	30	159	31	107	32	199	33	111	34	190	35	101	36	162	37	134	38	161	39	179	
	0	164	1	168	2	105	3	195	4	153	5	138	6	170	7	150	8	119	9	180	10	179	11	185	12	134	13	167	14	170	15	190	16	190	17	174	18	183	19	120	20	104	21	186	22	113	23	170	24	135	25	119	26	102	27	136	28	101	29	188	30	157	31	151	32	109	33	156	34	162	35	199	36	171	37	147	38	105	39	132	
	0	190	1	145	2	131	3	166	4	138	5	161	6	118	7	187	8	123	9	162	10	115	11	134	12	150	13	184	14	115	15	121	16	175	17	145	18	123	19	152	20	131	21	156	22	150	23	185	24	121	25	186	26	182	27	145	28	193	29	140	30	105	31	169	32	133	33	185	34	130	35	154	36	116	37	181	38	120	39	119	
	0	144	1	180	2	172	3	132	4	158	5	116	6	191	7	157	8	169	9	102	10	134	11	145	12	194	13	124	14	170	15	121	16	100	17	128	18	100	19	165	20	132	21	117	22	103	23	145	24	119	25	114	26	157	27	138	28	183	29	113	30	155	31	143	32	196	33	171	34	168	35	195	36	185	37	118	38	126	39	185	
	0	188	1	176	2	122	3	164	4	115	5	133	6	190	7	134	8	100	9	160	10	116	11	124	12	112	13	157	14	145	15	119	16	176	17	119	18	107	19	160	20	128	21	169	22	101	23	151	24	137	25	186	26	102	27	146	28	163	29	181	30	133	31	123	32	120	33	169	34	132	35	152	36	137	37	181	38	174	39	142	
	0	126	1	160	2	183	3	148	4	144	5	168	6	156	7	189	8	184	9	184	10	101	11	162	12	107	13	162	14	148	15	107	16	158	17	159	18	183	19	194	20	199	21	186	22	122	23	109	24	145	25	135	26	122	27	113	28	194	29	100	30	162	31	163	32	167	33	139	34	129	35	147	36	189	37	127	38	156	39	161	
	0	135	1	129	2	178	3	164	4	131	5	164	6	194	7	150	8	107	9	144	10	197	11	118	12	114	13	168	14	150	15	108	16	156	17	108	18	171	19	103	20	102	21	134	22	118	23	126	24	130	25	124	26	156	27	105	28	103	29	154	30	161	31	180	32	174	33	142	34	134	35	120	36	153	37	146	38	165	39	141	
	0	125	1	199	2	120	3	134	4	196	5	176	6	125	7	160	8	159	9	102	10	192	11	183	12	103	13	161	14	197	15	170	16	115	17	121	18	194	19	152	20	126	21	112	22	163	23	153	24	167	25	171	26	102	27	136	28	177	29	145	30	126	31	152	32	182	33	195	34	175	35	118	36	188	37	198	38	118	39	153	
	0	184	1	183	2	143	3	160	4	155	5	152	6	185	7	113	8	194	9	101	10	119	11	114	12	101	13	190	14	138	15	154	16	152	17	148	18	130	19	183	20	190	21	164	22	169	23	191	24	188	25	163	26	158	27	154	28	139	29	196	30	155	31	134	32	166	33	197	34	112	35	126	36	150	37	169	38	105	39	101	
	0	183	1	147	2	126	3	147	4	184	5	127	6	161	7	109	8	108	9	146	10	128	11	178	12	161	13	191	14	126	15	106	16	194	17	181	18	185	19	187	20	132	21	117	22	155	23	108	24	117	25	110	26	170	27	102	28	158	29	172	30	196	31	123	32	107	33	181	34	111	35	181	36	149	37	159	38	130	39	151	
	0	115	1	107	2	146	3	175	4	106	5	176	6	185	7	196	8	120	9	172	10	153	11	196	12	104	13	187	14	189	15	139	16	117	17	121	18	173	19	167	20	157	21	102	22	111	23	115	24	160	25	158	26	127	27	174	28	102	29	140	30	131	31	188	32	169	33	196	34	152	35	120	36	164	37	192	38	118	39	186	
	0	170	1	156	2	194	3	146	4	107	5	194	6	163	7	187	8	142	9	125	10	126	11	145	12	139	13	155	14	187	15	168	16	124	17	130	18	181	19	157	20	167	21	167	22	110	23	104	24	107	25	137	26	177	27	196	28	112	29	130	30	149	31	108	32	180	33	125	34	175	35	127	36	125	37	159	38	183	39	139	
	0	145	1	168	2	184	3	180	4	101	5	118	6	122	7	195	8	118	9	177	10	162	11	142	12	194	13	127	14	141	15	194	16	123	17	122	18	193	19	112	20	174	21	123	22	101	23	114	24	111	25	111	26	100	27	137	28	197	29	190	30	178	31	101	32	116	33	129	34	179	35	121	36	167	37	167	38	145	39	181	
	0	154	1	115	2	101	3	126	4	137	5	150	6	197	7	187	8	147	9	140	10	137	11	107	12	117	13	190	14	196	15	120	16	145	17	166	18	118	19	168	20	120	21	130	22	196	23	103	24	181	25	144	26	184	27	183	28	185	29	199	30	132	31	143	32	188	33	128	34	126	35	160	36	100	37	152	38	130	39	131	
	0	122	1	101	2	124	3	161	4	198	5	180	6	136	7	197	8	156	9	101	10	192	11	158	12	129	13	124	14	141	15	133	16	107	17	132	18	142	19	178	20	154	21	110	22	107	23	196	24	160	25	152	26	154	27	100	28	100	29	154	30	136	31	186	32	124	33	166	34	194	35	122	36	152	37	124	38	186	39	102	
	0	183	1	190	2	130	3	105	4	149	5	143	6	153	7	133	8	126	9	199	10	186	11	130	12	195	13	195	14	158	15	159	16	139	17	199	18	192	19	190	20	169	21	199	22	187	23	171	24	161	25	124	26	120	27	131	28	125	29	184	30	127	31	175	32	150	33	168	34	189	35	168	36	164	37	127	38	120	39	161	
	0	119	1	128	2	135	3	184	4	140	5	187	6	116	7	111	8	160	9	145	10	121	11	123	12	151	13	132	14	147	15	124	16	193	17	169	18	190	19	123	20	131	21	116	22	129	23	111	24	117	25	196	26	149	27	143	28	177	29	126	30	142	31	187	32	112	33	119	34	162	35	127	36	104	37	181	38	127	39	161	
	0	106	1	138	2	108	3	170	4	121	5	117	6	164	7	199	8	125	9	191	10	178	11	166	12	142	13	133	14	189	15	128	16	169	17	128	18	120	19	107	20	181	21	121	22	106	23	189	24	154	25	112	26	154	27	192	28	132	29	154	30	101	31	145	32	147	33	122	34	109	35	199	36	108	37	149	38	125	39	153	
	0	147	1	156	2	182	3	184	4	183	5	127	6	115	7	108	8	176	9	153	10	100	11	131	12	156	13	131	14	190	15	127	16	138	17	199	18	195	19	161	20	151	21	177	22	188	23	150	24	155	25	137	26	109	27	175	28	152	29	184	30	164	31	149	32	125	33	134	34	170	35	114	36	190	37	137	38	167	39	104	
	0	160	1	167	2	145	3	131	4	198	5	105	6	112	7	195	8	159	9	124	10	174	11	176	12	166	13	115	14	110	15	113	16	132	17	191	18	143	19	169	20	176	21	191	22	111	23	153	24	142	25	103	26	101	27	151	28	199	29	131	30	173	31	188	32	168	33	182	34	106	35	196	36	162	37	170	38	150	39	171	
	0	161	1	135	2	170	3	132	4	169	5	187	6	172	7	195	8	183	9	104	10	104	11	121	12	129	13	178	14	199	15	115	16	110	17	125	18	199	19	120	20	197	21	146	22	116	23	199	24	104	25	162	26	155	27	197	28	136	29	116	30	186	31	156	32	124	33	100	34	183	35	178	36	156	37	138	38	103	39	121	
	0	129	1	152	2	183	3	159	4	194	5	148	6	125	7	156	8	146	9	190	10	113	11	191	12	193	13	110	14	182	15	114	16	124	17	103	18	165	19	198	20	142	21	131	22	141	23	118	24	157	25	191	26	178	27	108	28	146	29	135	30	129	31	122	32	161	33	120	34	156	35	160	36	133	37	166	38	195	39	128	
	0	144	1	168	2	130	3	126	4	154	5	106	6	101	7	113	8	133	9	194	10	127	11	115	12	106	13	172	14	199	15	113	16	194	17	185	18	159	19	108	20	100	21	131	22	123	23	165	24	115	25	182	26	136	27	187	28	175	29	159	30	154	31	162	32	122	33	190	34	103	35	152	36	161	37	103	38	103	39	184	
	0	145	1	189	2	134	3	189	4	144	5	146	6	164	7	172	8	129	9	164	10	133	11	138	12	113	13	190	14	160	15	133	16	159	17	191	18	186	19	148	20	199	21	191	22	170	23	135	24	134	25	155	26	159	27	190	28	186	29	120	30	146	31	107	32	150	33	149	34	184	35	182	36	150	37	170	38	172	39	108	
	0	193	1	157	2	188	3	168	4	190	5	139	6	158	7	183	8	157	9	112	10	195	11	188	12	131	13	108	14	119	15	188	16	170	17	121	18	158	19	186	20	181	21	178	22	111	23	137	24	151	25	187	26	124	27	133	28	178	29	120	30	119	31	137	32	158	33	164	34	116	35	168	36	195	37	118	38	128	39	111	
	0	157	1	131	2	198	3	166	4	152	5	147	6	168	7	198	8	133	9	115	10	133	11	166	12	141	13	116	14	110	15	168	16	184	17	109	18	188	19	191	20	112	21	111	22	193	23	135	24	160	25	125	26	102	27	129	28	148	29	184	30	141	31	152	32	140	33	149	34	183	35	142	36	129	37	195	38	127	39	116	
	0	140	1	121	2	131	3	186	4	130	5	107	6	195	7	134	8	173	9	137	10	128	11	146	12	166	13	124	14	142	15	130	16	123	17	169	18	150	19	196	20	172	21	185	22	127	23	164	24	153	25	131	26	187	27	116	28	131	29	190	30	167	31	149	32	149	33	194	34	185	35	192	36	138	37	138	38	174	39	155	
	0	182	1	117	2	168	3	193	4	194	5	102	6	121	7	153	8	160	9	170	10	135	11	184	12	111	13	192	14	132	15	113	16	107	17	175	18	114	19	173	20	150	21	168	22	171	23	112	24	121	25	164	26	198	27	170	28	179	29	122	30	135	31	109	32	127	33	142	34	173	35	144	36	192	37	105	38	148	39	133	
	0	133	1	121	2	129	3	109	4	143	5	130	6	106	7	164	8	144	9	167	10	198	11	172	12	130	13	178	14	177	15	118	16	157	17	190	18	134	19	199	20	190	21	199	22	178	23	198	24	141	25	101	26	139	27	136	28	153	29	174	30	169	31	114	32	184	33	119	34	176	35	143	36	146	37	118	38	191	39	125	
	0	132	1	137	2	157	3	105	4	114	5	159	6	159	7	151	8	104	9	172	10	194	11	116	12	122	13	156	14	159	15	159	16	167	17	197	18	121	19	108	20	117	21	161	22	145	23	144	24	168	25	158	26	165	27	146	28	173	29	149	30	112	31	163	32	169	33	107	34	167	35	140	36	103	37	168	38	178	39	162	
	0	150	1	106	2	141	3	163	4	168	5	185	6	129	7	100	8	177	9	165	10	111	11	144	12	136	13	109	14	196	15	190	16	177	17	160	18	112	19	163	20	199	21	174	22	197	23	175	24	124	25	128	26	179	27	186	28	168	29	193	30	174	31	157	32	191	33	152	34	152	35	110	36	196	37	119	38	198	39	177	
	0	143	1	123	2	113	3	196	4	109	5	159	6	106	7	158	8	191	9	187	10	144	11	137	12	185	13	146	14	102	15	197	16	146	17	179	18	185	19	190	20	190	21	129	22	107	23	114	24	123	25	146	26	182	27	157	28	149	29	190	30	180	31	165	32	169	33	185	34	120	35	193	36	149	37	114	38	107	39	138	
	0	134	1	193	2	193	3	121	4	143	5	100	6	183	7	117	8	174	9	150	10	186	11	169	12	137	13	148	14	101	15	162	16	175	17	120	18	151	19	142	20	188	21	177	22	128	23	166	24	179	25	141	26	184	27	198	28	176	29	147	30	199	31	122	32	111	33	132	34	140	35	174	36	168	37	133	38	199	39	187	
	0	104	1	115	2	185	3	145	4	188	5	108	6	148	7	136	8	141	9	110	10	136	11	115	12	113	13	184	14	102	15	138	16	118	17	178	18	132	19	151	20	173	21	146	22	118	23	144	24	141	25	174	26	156	27	163	28	105	29	164	30	132	31	142	32	140	33	116	34	178	35	152	36	180	37	186	38	144	39	110	
	0	131	1	184	2	140	3	155	4	135	5	144	6	195	7	137	8	157	9	127	10	184	11	117	12	129	13	198	14	184	15	114	16	120	17	197	18	157	19	167	20	106	21	106	22	177	23	167	24	150	25	184	26	170	27	177	28	101	29	172	30	100	31	106	32	104	33	110	34	180	35	111	36	103	37	189	38	185	39	137	
	0	163	1	162	2	176	3	191	4	147	5	151	6	136	7	161	8	188	9	183	10	168	11	111	12	186	13	150	14	197	15	150	16	163	17	151	18	129	19	105	20	170	21	154	22	130	23	197	24	120	25	132	26	167	27	145	28	101	29	186	30	176	31	172	32	166	33	102	34	114	35	141	36	136	37	178	38	172	39	161	
	0	181	1	183	2	120	3	165	4	158	5	177	6	157	7	107	8	161	9	165	10	173	11	131	12	144	13	155	14	156	15	131	16	187	17	135	18	198	19	151	20	160	21	116	22	198	23	188	24	106	25	167	26	187	27	147	28	116	29	154	30	150	31	146	32	155	33	197	34	118	35	180	36	106	37	187	38	166	39	142	
	0	178	1	149	2	109	3	163	4	179	5	120	6	160	7	100	8	158	9	185	10	163	11	100	12	145	13	198	14	178	15	122	16	161	17	117	18	177	19	114	20	159	21	192	22	156	23	140	24	139	25	116	26	121	27	125	28	161	29	175	30	102	31	118	32	133	33	157	34	122	35	141	36	158	37	108	38	184	39	163	
	0	187	1	147	2	161	3	177	4	104	5	101	6	100	7	125	8	112	9	112	10	167	11	153	12	192	13	148	14	184	15	150	16	135	17	182	18	145	19	162	20	152	21	109	22	146	23	164	24	110	25	168	26	190	27	186	28	126	29	108	30	181	31	137	32	136	33	121	34	101	35	165	36	136	37	120	38	187	39	108	
	0	192	1	115	2	190	3	120	4	188	5	121	6	131	7	133	8	141	9	102	10	107	11	193	12	186	13	195	14	142	15	100	16	197	17	178	18	157	19	132	20	195	21	139	22	127	23	190	24	128	25	168	26	150	27	136	28	134	29	144	30	181	31	142	32	112	33	180	34	137	35	183	36	122	37	188	38	109	39	137	
	0	144	1	144	2	191	3	117	4	113	5	174	6	170	7	190	8	158	9	151	10	101	11	186	12	196	13	114	14	114	15	182	16	115	17	150	18	113	19	154	20	137	21	145	22	184	23	192	24	184	25	154	26	156	27	139	28	199	29	172	30	102	31	145	32	164	33	128	34	147	35	119	36	114	37	180	38	102	39	121	
	0	102	1	143	2	132	3	113	4	162	5	133	6	170	7	176	8	137	9	156	10	112	11	192	12	103	13	102	14	105	15	130	16	164	17	193	18	144	19	111	20	171	21	154	22	122	23	159	24	129	25	193	26	165	27	182	28	180	29	177	30	153	31	114	32	160	33	194	34	194	35	147	36	153	37	151	38	151	39	142	
	0	187	1	151	2	162	3	153	4	153	5	107	6	120	7	147	8	188	9	129	10	153	11	100	12	109	13	157	14	184	15	185	16	108	17	129	18	133	19	158	20	117	21	196	22	189	23	137	24	143	25	192	26	166	27	143	28	168	29	160	30	113	31	182	32	127	33	157	34	120	35	149	36	178	37	149	38	169	39	145	
	0	188	1	199	2	121	3	116	4	122	5	133	6	190	7	144	8	151	9	167	10	170	11	187	12	122	13	154	14	112	15	130	16	109	17	157	18	188	19	137	20	136	21	157	22	159	23	192	24	123	25	144	26	145	27	196	28	128	29	172	30	100	31	118	32	145	33	173	34	178	35	157	36	122	37	124	38	135	39	108	