100 40 1
40
	0	148	1	117	2	141	3	189	4	179	5	175	6	132	7	107	8	121	9	112	10	150	11	148	12	130	13	136	14	168	15	130	16	118	17	113	18	191	19	149	20	140	21	166	22	112	23	166	24	117	25	122	26	141	27	141	28	161	29	190	30	173	31	107	32	102	33	165	34	177	35	125	36	134	37	197	38	187	39	196	
	0	162	1	180	2	160	3	158	4	121	5	135	6	199	7	199	8	181	9	164	10	121	11	129	12	171	13	167	14	140	15	154	16	194	17	177	18	116	19	163	20	154	21	196	22	152	23	127	24	132	25	179	26	138	27	142	28	129	29	146	30	174	31	164	32	101	33	128	34	189	35	106	36	129	37	109	38	127	39	178	
	0	116	1	167	2	106	3	144	4	111	5	128	6	106	7	170	8	140	9	173	10	191	11	162	12	106	13	171	14	110	15	115	16	136	17	151	18	113	19	172	20	107	21	186	22	189	23	165	24	122	25	178	26	137	27	128	28	165	29	151	30	120	31	173	32	114	33	129	34	103	35	127	36	137	37	199	38	151	39	146	
	0	153	1	167	2	199	3	141	4	124	5	172	6	147	7	188	8	112	9	141	10	125	11	116	12	105	13	176	14	123	15	136	16	121	17	179	18	158	19	148	20	174	21	188	22	166	23	138	24	143	25	124	26	116	27	128	28	172	29	177	30	101	31	197	32	183	33	193	34	140	35	168	36	129	37	175	38	147	39	138	
	0	106	1	194	2	158	3	145	4	155	5	116	6	130	7	153	8	154	9	192	10	146	11	119	12	168	13	165	14	173	15	186	16	167	17	107	18	176	19	145	20	193	21	117	22	185	23	112	24	173	25	144	26	148	27	183	28	129	29	187	30	106	31	121	32	198	33	176	34	113	35	115	36	189	37	115	38	149	39	111	
	0	146	1	163	2	137	3	112	4	183	5	177	6	149	7	144	8	118	9	150	10	155	11	162	12	172	13	121	14	103	15	143	16	115	17	105	18	182	19	115	20	115	21	152	22	156	23	189	24	130	25	168	26	130	27	174	28	194	29	105	30	107	31	180	32	176	33	102	34	166	35	164	36	150	37	161	38	161	39	186	
	0	116	1	180	2	137	3	189	4	176	5	193	6	183	7	118	8	154	9	154	10	159	11	175	12	196	13	135	14	176	15	117	16	111	17	198	18	196	19	175	20	182	21	153	22	186	23	138	24	123	25	191	26	141	27	177	28	161	29	124	30	171	31	186	32	146	33	167	34	155	35	128	36	194	37	102	38	137	39	112	
	0	108	1	133	2	105	3	107	4	136	5	144	6	144	7	122	8	142	9	143	10	187	11	117	12	111	13	120	14	160	15	122	16	109	17	115	18	115	19	121	20	170	21	135	22	189	23	129	24	194	25	158	26	197	27	130	28	118	29	143	30	173	31	135	32	199	33	132	34	196	35	160	36	182	37	194	38	166	39	128	
	0	190	1	193	2	187	3	196	4	107	5	193	6	198	7	172	8	130	9	147	10	139	11	132	12	131	13	186	14	160	15	175	16	166	17	117	18	174	19	180	20	107	21	157	22	114	23	173	24	133	25	193	26	126	27	169	28	115	29	150	30	167	31	119	32	143	33	194	34	178	35	161	36	155	37	129	38	104	39	119	
	0	184	1	130	2	149	3	184	4	125	5	192	6	129	7	168	8	137	9	168	10	170	11	172	12	159	13	104	14	186	15	103	16	152	17	174	18	170	19	110	20	115	21	151	22	139	23	146	24	117	25	180	26	165	27	143	28	130	29	183	30	150	31	192	32	152	33	147	34	190	35	139	36	167	37	157	38	174	39	135	
	0	171	1	147	2	185	3	168	4	159	5	135	6	131	7	117	8	127	9	189	10	133	11	111	12	161	13	198	14	106	15	122	16	144	17	149	18	186	19	106	20	189	21	132	22	100	23	100	24	123	25	152	26	125	27	120	28	114	29	158	30	168	31	145	32	173	33	178	34	164	35	184	36	142	37	190	38	127	39	102	
	0	130	1	104	2	113	3	197	4	150	5	134	6	108	7	107	8	156	9	115	10	196	11	130	12	132	13	131	14	194	15	132	16	112	17	175	18	183	19	171	20	194	21	159	22	123	23	118	24	177	25	141	26	183	27	174	28	118	29	122	30	160	31	147	32	106	33	153	34	150	35	123	36	197	37	104	38	189	39	149	
	0	150	1	172	2	116	3	100	4	142	5	129	6	104	7	107	8	123	9	138	10	183	11	193	12	178	13	199	14	150	15	154	16	137	17	108	18	105	19	184	20	119	21	199	22	155	23	144	24	189	25	183	26	174	27	149	28	148	29	119	30	157	31	152	32	157	33	126	34	197	35	179	36	160	37	109	38	113	39	159	
	0	120	1	116	2	102	3	105	4	151	5	150	6	151	7	104	8	128	9	147	10	198	11	157	12	131	13	140	14	168	15	117	16	161	17	134	18	164	19	164	20	124	21	176	22	100	23	107	24	132	25	179	26	163	27	143	28	138	29	140	30	107	31	146	32	171	33	133	34	131	35	131	36	189	37	158	38	141	39	161	
	0	189	1	122	2	183	3	102	4	108	5	190	6	127	7	162	8	181	9	121	10	173	11	191	12	100	13	147	14	117	15	151	16	161	17	146	18	191	19	105	20	171	21	141	22	192	23	130	24	125	25	116	26	146	27	180	28	115	29	136	30	131	31	189	32	135	33	109	34	127	35	169	36	190	37	100	38	144	39	186	
	0	153	1	114	2	103	3	134	4	130	5	175	6	126	7	176	8	124	9	106	10	160	11	140	12	124	13	133	14	178	15	191	16	188	17	135	18	148	19	130	20	102	21	107	22	155	23	188	24	151	25	181	26	174	27	188	28	166	29	163	30	111	31	178	32	137	33	184	34	166	35	121	36	183	37	136	38	109	39	190	
	0	135	1	169	2	187	3	100	4	160	5	184	6	183	7	159	8	194	9	193	10	104	11	119	12	190	13	104	14	111	15	174	16	154	17	136	18	125	19	166	20	172	21	118	22	136	23	178	24	173	25	111	26	149	27	137	28	166	29	155	30	192	31	100	32	179	33	190	34	139	35	137	36	181	37	181	38	112	39	112	
	0	130	1	162	2	151	3	139	4	174	5	150	6	189	7	158	8	105	9	191	10	199	11	144	12	188	13	126	14	150	15	122	16	166	17	131	18	180	19	141	20	113	21	136	22	189	23	120	24	145	25	108	26	117	27	160	28	177	29	181	30	193	31	183	32	188	33	166	34	164	35	168	36	199	37	106	38	151	39	105	
	0	158	1	158	2	101	3	157	4	173	5	150	6	107	7	177	8	170	9	176	10	136	11	181	12	145	13	106	14	189	15	144	16	188	17	113	18	191	19	156	20	120	21	107	22	150	23	196	24	196	25	197	26	123	27	140	28	157	29	199	30	174	31	159	32	147	33	142	34	166	35	117	36	100	37	183	38	101	39	121	
	0	199	1	130	2	104	3	146	4	169	5	169	6	128	7	125	8	128	9	188	10	184	11	181	12	128	13	131	14	179	15	167	16	158	17	147	18	161	19	178	20	107	21	175	22	134	23	112	24	179	25	165	26	151	27	140	28	129	29	136	30	138	31	152	32	128	33	125	34	132	35	162	36	135	37	163	38	114	39	158	
	0	109	1	165	2	162	3	191	4	114	5	114	6	160	7	199	8	119	9	120	10	197	11	111	12	118	13	162	14	191	15	160	16	171	17	180	18	119	19	147	20	175	21	130	22	120	23	190	24	165	25	133	26	193	27	128	28	124	29	145	30	123	31	137	32	179	33	104	34	177	35	115	36	173	37	116	38	168	39	185	
	0	158	1	144	2	155	3	173	4	190	5	125	6	176	7	118	8	109	9	192	10	118	11	113	12	167	13	197	14	120	15	121	16	127	17	110	18	122	19	137	20	123	21	169	22	142	23	120	24	118	25	113	26	129	27	128	28	183	29	168	30	129	31	101	32	142	33	131	34	116	35	130	36	170	37	183	38	187	39	195	
	0	186	1	167	2	193	3	138	4	108	5	172	6	134	7	155	8	172	9	164	10	136	11	199	12	145	13	139	14	153	15	132	16	103	17	112	18	199	19	135	20	149	21	183	22	122	23	151	24	109	25	129	26	160	27	174	28	167	29	101	30	123	31	131	32	119	33	175	34	195	35	106	36	112	37	159	38	126	39	166	
	0	146	1	163	2	162	3	141	4	106	5	162	6	143	7	165	8	161	9	181	10	126	11	166	12	135	13	192	14	166	15	127	16	175	17	166	18	190	19	111	20	173	21	111	22	123	23	117	24	183	25	186	26	136	27	134	28	104	29	191	30	196	31	164	32	135	33	119	34	193	35	163	36	197	37	127	38	119	39	122	
	0	176	1	104	2	103	3	123	4	196	5	104	6	174	7	188	8	142	9	106	10	190	11	171	12	107	13	100	14	169	15	159	16	138	17	122	18	177	19	153	20	151	21	188	22	128	23	161	24	185	25	160	26	180	27	125	28	167	29	174	30	107	31	100	32	168	33	145	34	101	35	105	36	133	37	126	38	171	39	179	
	0	159	1	177	2	177	3	137	4	166	5	121	6	115	7	199	8	176	9	113	10	106	11	164	12	135	13	141	14	181	15	127	16	155	17	178	18	123	19	172	20	124	21	141	22	169	23	123	24	169	25	168	26	141	27	109	28	141	29	143	30	131	31	112	32	127	33	116	34	170	35	126	36	137	37	189	38	194	39	158	
	0	193	1	141	2	121	3	197	4	125	5	122	6	101	7	116	8	161	9	182	10	111	11	159	12	183	13	175	14	102	15	119	16	195	17	145	18	154	19	197	20	165	21	195	22	155	23	131	24	193	25	141	26	173	27	116	28	173	29	188	30	150	31	160	32	142	33	109	34	197	35	138	36	144	37	189	38	174	39	165	
	0	112	1	134	2	155	3	114	4	117	5	130	6	122	7	180	8	195	9	152	10	176	11	183	12	117	13	125	14	183	15	195	16	101	17	181	18	107	19	185	20	122	21	160	22	152	23	176	24	109	25	128	26	187	27	150	28	118	29	139	30	102	31	182	32	198	33	195	34	179	35	186	36	142	37	154	38	133	39	185	
	0	107	1	105	2	172	3	159	4	185	5	197	6	103	7	190	8	175	9	152	10	167	11	145	12	192	13	154	14	113	15	140	16	184	17	108	18	173	19	122	20	128	21	131	22	175	23	123	24	109	25	121	26	148	27	194	28	125	29	128	30	107	31	148	32	189	33	189	34	169	35	111	36	168	37	132	38	122	39	170	
	0	171	1	171	2	122	3	138	4	194	5	177	6	176	7	134	8	182	9	180	10	115	11	160	12	109	13	110	14	158	15	159	16	188	17	109	18	198	19	102	20	167	21	152	22	160	23	123	24	196	25	162	26	152	27	101	28	150	29	150	30	106	31	159	32	149	33	164	34	147	35	130	36	177	37	174	38	172	39	167	
	0	155	1	143	2	171	3	158	4	175	5	119	6	128	7	183	8	163	9	125	10	172	11	107	12	160	13	161	14	168	15	146	16	100	17	129	18	152	19	116	20	185	21	102	22	134	23	103	24	162	25	185	26	194	27	160	28	104	29	140	30	105	31	130	32	147	33	103	34	188	35	104	36	155	37	195	38	171	39	191	
	0	122	1	163	2	182	3	191	4	111	5	195	6	126	7	127	8	142	9	162	10	101	11	157	12	191	13	144	14	189	15	172	16	125	17	108	18	136	19	189	20	108	21	141	22	174	23	189	24	142	25	107	26	199	27	164	28	112	29	189	30	144	31	167	32	157	33	137	34	148	35	184	36	109	37	180	38	180	39	172	
	0	132	1	154	2	184	3	123	4	193	5	197	6	196	7	100	8	197	9	186	10	120	11	107	12	189	13	169	14	153	15	154	16	129	17	147	18	146	19	172	20	159	21	175	22	178	23	195	24	116	25	157	26	115	27	170	28	150	29	113	30	116	31	174	32	144	33	171	34	188	35	194	36	178	37	165	38	196	39	145	
	0	148	1	144	2	127	3	192	4	195	5	125	6	116	7	170	8	155	9	195	10	173	11	127	12	172	13	173	14	107	15	166	16	108	17	185	18	115	19	151	20	185	21	180	22	176	23	121	24	120	25	182	26	170	27	166	28	155	29	179	30	131	31	135	32	174	33	164	34	140	35	119	36	141	37	196	38	165	39	169	
	0	191	1	103	2	166	3	194	4	130	5	116	6	182	7	117	8	172	9	131	10	146	11	153	12	107	13	153	14	162	15	165	16	166	17	196	18	169	19	119	20	164	21	188	22	114	23	124	24	101	25	176	26	136	27	133	28	167	29	115	30	114	31	110	32	151	33	199	34	188	35	179	36	170	37	143	38	118	39	112	
	0	100	1	121	2	131	3	131	4	156	5	179	6	187	7	126	8	189	9	151	10	177	11	106	12	144	13	147	14	141	15	182	16	162	17	191	18	118	19	149	20	191	21	166	22	112	23	147	24	103	25	143	26	100	27	148	28	124	29	127	30	133	31	155	32	176	33	109	34	183	35	134	36	183	37	163	38	159	39	103	
	0	102	1	109	2	111	3	158	4	120	5	153	6	100	7	162	8	138	9	168	10	170	11	199	12	115	13	188	14	139	15	142	16	193	17	171	18	180	19	121	20	191	21	108	22	181	23	149	24	168	25	165	26	168	27	196	28	165	29	108	30	198	31	157	32	155	33	100	34	134	35	168	36	120	37	197	38	183	39	132	
	0	112	1	153	2	129	3	135	4	120	5	197	6	119	7	128	8	118	9	155	10	132	11	156	12	124	13	149	14	135	15	135	16	132	17	103	18	106	19	151	20	129	21	135	22	156	23	164	24	178	25	154	26	199	27	142	28	163	29	196	30	130	31	148	32	116	33	181	34	146	35	170	36	149	37	122	38	172	39	149	
	0	199	1	199	2	123	3	115	4	139	5	131	6	172	7	169	8	169	9	178	10	144	11	143	12	101	13	100	14	109	15	135	16	121	17	177	18	121	19	126	20	114	21	129	22	176	23	133	24	178	25	147	26	133	27	155	28	111	29	127	30	185	31	128	32	111	33	159	34	189	35	169	36	123	37	149	38	114	39	199	
	0	146	1	134	2	138	3	162	4	174	5	169	6	100	7	108	8	194	9	151	10	124	11	156	12	113	13	153	14	187	15	152	16	110	17	165	18	143	19	162	20	102	21	191	22	112	23	126	24	114	25	187	26	110	27	183	28	101	29	183	30	190	31	109	32	178	33	174	34	132	35	154	36	123	37	169	38	115	39	153	
	0	136	1	199	2	133	3	118	4	143	5	176	6	153	7	193	8	193	9	122	10	136	11	179	12	177	13	187	14	144	15	119	16	184	17	155	18	132	19	187	20	113	21	163	22	184	23	166	24	167	25	112	26	187	27	182	28	166	29	182	30	196	31	159	32	171	33	160	34	176	35	102	36	133	37	153	38	104	39	136	
	0	109	1	126	2	190	3	199	4	189	5	102	6	108	7	171	8	153	9	159	10	180	11	131	12	126	13	118	14	115	15	107	16	189	17	119	18	139	19	167	20	168	21	120	22	197	23	117	24	176	25	132	26	119	27	159	28	175	29	148	30	194	31	192	32	176	33	104	34	176	35	153	36	194	37	113	38	149	39	126	
	0	189	1	132	2	176	3	178	4	145	5	127	6	145	7	196	8	110	9	131	10	191	11	175	12	164	13	144	14	176	15	101	16	101	17	122	18	148	19	134	20	184	21	162	22	160	23	171	24	165	25	194	26	143	27	129	28	115	29	111	30	132	31	183	32	145	33	116	34	179	35	125	36	110	37	127	38	177	39	189	
	0	139	1	172	2	163	3	100	4	104	5	154	6	174	7	141	8	128	9	178	10	103	11	129	12	197	13	183	14	150	15	163	16	128	17	127	18	117	19	108	20	109	21	117	22	111	23	115	24	196	25	124	26	122	27	115	28	100	29	157	30	178	31	117	32	169	33	174	34	128	35	129	36	125	37	181	38	188	39	134	
	0	115	1	103	2	163	3	130	4	178	5	142	6	160	7	117	8	157	9	159	10	105	11	177	12	116	13	150	14	195	15	158	16	138	17	112	18	100	19	176	20	152	21	191	22	142	23	186	24	131	25	157	26	157	27	103	28	102	29	106	30	120	31	164	32	140	33	127	34	196	35	160	36	174	37	156	38	106	39	120	
	0	112	1	158	2	164	3	180	4	195	5	103	6	116	7	128	8	135	9	149	10	146	11	112	12	166	13	133	14	167	15	122	16	161	17	181	18	198	19	113	20	109	21	120	22	139	23	143	24	123	25	145	26	147	27	152	28	198	29	168	30	156	31	122	32	118	33	164	34	169	35	138	36	147	37	104	38	198	39	128	
	0	123	1	189	2	182	3	152	4	109	5	168	6	198	7	146	8	131	9	130	10	124	11	151	12	171	13	111	14	192	15	122	16	190	17	121	18	103	19	149	20	137	21	114	22	129	23	121	24	178	25	117	26	121	27	105	28	175	29	124	30	177	31	140	32	106	33	150	34	143	35	155	36	194	37	159	38	163	39	165	
	0	121	1	184	2	150	3	181	4	183	5	161	6	105	7	174	8	194	9	147	10	128	11	163	12	145	13	164	14	183	15	182	16	123	17	117	18	119	19	143	20	185	21	159	22	112	23	134	24	121	25	178	26	162	27	189	28	180	29	115	30	175	31	193	32	119	33	171	34	185	35	120	36	102	37	135	38	117	39	187	
	0	100	1	183	2	151	3	174	4	111	5	163	6	145	7	177	8	119	9	184	10	139	11	192	12	115	13	174	14	181	15	167	16	190	17	194	18	170	19	102	20	192	21	140	22	187	23	188	24	114	25	199	26	140	27	151	28	164	29	164	30	155	31	133	32	130	33	189	34	148	35	139	36	174	37	106	38	182	39	153	
	0	150	1	166	2	142	3	142	4	105	5	173	6	118	7	122	8	183	9	155	10	160	11	119	12	194	13	109	14	106	15	143	16	117	17	180	18	168	19	118	20	180	21	157	22	101	23	111	24	186	25	149	26	181	27	177	28	192	29	170	30	179	31	176	32	118	33	132	34	155	35	159	36	164	37	159	38	121	39	109	
	0	179	1	147	2	186	3	183	4	154	5	191	6	119	7	141	8	112	9	178	10	132	11	137	12	199	13	145	14	133	15	143	16	171	17	183	18	165	19	120	20	114	21	170	22	100	23	140	24	128	25	128	26	111	27	130	28	104	29	136	30	148	31	162	32	138	33	116	34	151	35	119	36	103	37	177	38	114	39	192	
	0	199	1	145	2	136	3	121	4	153	5	126	6	185	7	199	8	198	9	183	10	141	11	104	12	127	13	128	14	150	15	122	16	177	17	111	18	149	19	175	20	129	21	125	22	116	23	114	24	116	25	101	26	184	27	193	28	186	29	155	30	170	31	186	32	166	33	138	34	133	35	157	36	118	37	176	38	103	39	152	
	0	133	1	125	2	107	3	154	4	133	5	108	6	127	7	186	8	128	9	189	10	122	11	163	12	198	13	162	14	106	15	157	16	182	17	169	18	172	19	103	20	106	21	106	22	153	23	172	24	153	25	115	26	106	27	182	28	165	29	168	30	184	31	173	32	189	33	125	34	154	35	169	36	141	37	131	38	180	39	191	
	0	141	1	155	2	168	3	125	4	188	5	154	6	108	7	166	8	198	9	110	10	160	11	148	12	160	13	190	14	109	15	186	16	129	17	177	18	123	19	130	20	106	21	153	22	112	23	176	24	151	25	124	26	151	27	109	28	126	29	136	30	188	31	190	32	144	33	163	34	142	35	169	36	126	37	134	38	187	39	135	
	0	194	1	123	2	127	3	145	4	120	5	198	6	124	7	100	8	176	9	132	10	109	11	147	12	155	13	112	14	171	15	163	16	190	17	180	18	193	19	119	20	178	21	124	22	169	23	191	24	157	25	102	26	157	27	168	28	129	29	109	30	171	31	114	32	145	33	155	34	157	35	112	36	158	37	199	38	144	39	133	
	0	196	1	137	2	104	3	116	4	174	5	193	6	161	7	139	8	182	9	126	10	137	11	106	12	166	13	119	14	194	15	114	16	152	17	165	18	131	19	117	20	117	21	164	22	167	23	144	24	199	25	104	26	159	27	155	28	165	29	148	30	134	31	162	32	148	33	190	34	175	35	142	36	167	37	191	38	181	39	108	
	0	143	1	146	2	118	3	114	4	153	5	188	6	182	7	139	8	166	9	114	10	156	11	184	12	110	13	158	14	169	15	176	16	120	17	105	18	168	19	130	20	106	21	198	22	178	23	123	24	184	25	141	26	166	27	136	28	147	29	110	30	185	31	173	32	129	33	165	34	184	35	147	36	112	37	140	38	163	39	173	
	0	114	1	190	2	115	3	117	4	123	5	172	6	108	7	160	8	169	9	182	10	193	11	127	12	172	13	125	14	140	15	188	16	148	17	192	18	169	19	106	20	166	21	172	22	179	23	120	24	157	25	133	26	176	27	126	28	123	29	174	30	199	31	149	32	139	33	122	34	112	35	113	36	149	37	101	38	107	39	118	
	0	136	1	147	2	157	3	172	4	140	5	175	6	128	7	149	8	125	9	176	10	157	11	132	12	128	13	186	14	157	15	147	16	173	17	115	18	173	19	170	20	133	21	166	22	148	23	183	24	167	25	168	26	176	27	119	28	111	29	110	30	155	31	159	32	195	33	147	34	124	35	128	36	194	37	175	38	182	39	109	
	0	118	1	178	2	106	3	198	4	176	5	186	6	133	7	151	8	115	9	156	10	120	11	139	12	112	13	114	14	120	15	183	16	198	17	130	18	146	19	111	20	174	21	111	22	153	23	163	24	189	25	128	26	127	27	104	28	169	29	131	30	141	31	153	32	154	33	169	34	122	35	181	36	151	37	180	38	192	39	135	
	0	158	1	174	2	192	3	114	4	137	5	187	6	176	7	156	8	102	9	170	10	102	11	118	12	174	13	171	14	131	15	101	16	178	17	173	18	177	19	130	20	178	21	187	22	103	23	113	24	191	25	156	26	112	27	172	28	125	29	147	30	159	31	137	32	154	33	127	34	126	35	178	36	159	37	119	38	188	39	116	
	0	116	1	178	2	133	3	130	4	194	5	186	6	158	7	143	8	190	9	118	10	175	11	196	12	121	13	104	14	194	15	149	16	180	17	177	18	101	19	156	20	113	21	120	22	120	23	123	24	111	25	177	26	192	27	191	28	132	29	102	30	112	31	137	32	121	33	129	34	111	35	197	36	135	37	189	38	158	39	127	
	0	169	1	107	2	192	3	130	4	109	5	110	6	108	7	164	8	141	9	162	10	103	11	100	12	104	13	142	14	120	15	146	16	154	17	186	18	137	19	177	20	156	21	140	22	188	23	164	24	128	25	126	26	154	27	143	28	101	29	120	30	119	31	194	32	184	33	160	34	132	35	166	36	111	37	152	38	187	39	195	
	0	151	1	101	2	138	3	172	4	118	5	138	6	167	7	150	8	197	9	108	10	106	11	177	12	121	13	187	14	163	15	120	16	105	17	119	18	116	19	106	20	196	21	122	22	165	23	115	24	133	25	117	26	140	27	190	28	111	29	195	30	160	31	102	32	180	33	117	34	185	35	164	36	190	37	132	38	196	39	143	
	0	130	1	109	2	109	3	138	4	193	5	106	6	175	7	167	8	152	9	183	10	157	11	184	12	135	13	176	14	112	15	184	16	198	17	118	18	192	19	173	20	184	21	190	22	107	23	141	24	198	25	101	26	160	27	184	28	173	29	138	30	157	31	192	32	164	33	147	34	186	35	108	36	188	37	115	38	167	39	107	
	0	125	1	165	2	172	3	117	4	114	5	129	6	195	7	111	8	166	9	160	10	138	11	196	12	103	13	137	14	108	15	176	16	128	17	151	18	103	19	117	20	126	21	111	22	161	23	102	24	155	25	116	26	132	27	176	28	156	29	186	30	102	31	145	32	157	33	171	34	169	35	179	36	155	37	181	38	184	39	125	
	0	137	1	161	2	180	3	181	4	196	5	154	6	163	7	126	8	174	9	174	10	159	11	146	12	158	13	105	14	175	15	133	16	127	17	151	18	135	19	101	20	175	21	184	22	129	23	153	24	106	25	144	26	173	27	136	28	176	29	170	30	141	31	146	32	139	33	134	34	150	35	166	36	134	37	150	38	160	39	108	
	0	140	1	142	2	112	3	196	4	169	5	188	6	117	7	113	8	176	9	151	10	196	11	147	12	145	13	101	14	185	15	162	16	186	17	140	18	183	19	187	20	129	21	137	22	160	23	178	24	105	25	111	26	155	27	130	28	134	29	160	30	115	31	154	32	126	33	107	34	149	35	137	36	199	37	189	38	173	39	109	
	0	127	1	122	2	178	3	166	4	135	5	120	6	188	7	193	8	156	9	107	10	128	11	132	12	196	13	169	14	171	15	100	16	137	17	148	18	159	19	190	20	120	21	177	22	147	23	124	24	161	25	117	26	154	27	155	28	103	29	176	30	108	31	167	32	110	33	171	34	137	35	171	36	153	37	189	38	139	39	199	
	0	184	1	189	2	107	3	160	4	183	5	120	6	115	7	189	8	185	9	174	10	199	11	165	12	175	13	140	14	182	15	114	16	115	17	168	18	116	19	194	20	162	21	160	22	122	23	121	24	103	25	170	26	126	27	109	28	191	29	177	30	110	31	181	32	190	33	110	34	120	35	130	36	158	37	134	38	128	39	153	
	0	120	1	187	2	154	3	115	4	188	5	182	6	150	7	131	8	110	9	115	10	106	11	104	12	103	13	130	14	179	15	171	16	137	17	194	18	184	19	184	20	108	21	120	22	129	23	194	24	198	25	162	26	172	27	170	28	162	29	172	30	198	31	172	32	170	33	108	34	144	35	140	36	130	37	130	38	100	39	180	
	0	145	1	192	2	148	3	163	4	155	5	153	6	147	7	139	8	120	9	157	10	152	11	124	12	153	13	121	14	196	15	117	16	113	17	125	18	166	19	156	20	163	21	189	22	105	23	153	24	147	25	146	26	130	27	141	28	199	29	106	30	109	31	169	32	168	33	106	34	131	35	166	36	174	37	129	38	150	39	175	
	0	121	1	170	2	169	3	142	4	134	5	173	6	126	7	145	8	130	9	151	10	147	11	177	12	153	13	146	14	133	15	178	16	179	17	179	18	100	19	177	20	129	21	134	22	159	23	161	24	123	25	106	26	127	27	113	28	143	29	188	30	140	31	153	32	166	33	173	34	144	35	105	36	114	37	199	38	153	39	167	
	0	196	1	132	2	154	3	108	4	123	5	135	6	158	7	113	8	107	9	137	10	196	11	100	12	116	13	115	14	115	15	118	16	195	17	190	18	198	19	197	20	147	21	191	22	116	23	163	24	120	25	154	26	112	27	186	28	150	29	168	30	191	31	119	32	161	33	112	34	179	35	145	36	126	37	195	38	115	39	131	
	0	165	1	194	2	140	3	186	4	177	5	185	6	125	7	170	8	114	9	111	10	114	11	109	12	174	13	113	14	132	15	145	16	104	17	169	18	109	19	175	20	189	21	199	22	106	23	188	24	137	25	151	26	111	27	129	28	186	29	138	30	194	31	187	32	175	33	144	34	144	35	180	36	100	37	143	38	145	39	178	
	0	126	1	137	2	159	3	161	4	136	5	111	6	142	7	137	8	197	9	190	10	196	11	130	12	120	13	177	14	148	15	135	16	134	17	137	18	189	19	131	20	130	21	101	22	193	23	143	24	144	25	141	26	163	27	153	28	137	29	177	30	159	31	198	32	162	33	160	34	180	35	190	36	120	37	184	38	180	39	117	
	0	147	1	149	2	140	3	126	4	131	5	197	6	166	7	197	8	173	9	126	10	134	11	143	12	167	13	124	14	129	15	101	16	160	17	195	18	141	19	114	20	103	21	156	22	130	23	149	24	126	25	100	26	149	27	183	28	110	29	166	30	136	31	150	32	198	33	122	34	133	35	104	36	130	37	192	38	189	39	199	
	0	151	1	154	2	125	3	121	4	104	5	102	6	191	7	162	8	192	9	156	10	151	11	181	12	147	13	108	14	120	15	112	16	134	17	109	18	159	19	128	20	180	21	137	22	107	23	136	24	135	25	137	26	100	27	162	28	104	29	133	30	111	31	172	32	155	33	170	34	182	35	170	36	191	37	152	38	193	39	110	
	0	186	1	158	2	120	3	128	4	136	5	172	6	163	7	127	8	163	9	148	10	181	11	133	12	176	13	170	14	165	15	171	16	180	17	151	18	165	19	154	20	150	21	189	22	181	23	155	24	173	25	128	26	134	27	101	28	157	29	177	30	148	31	172	32	136	33	168	34	153	35	110	36	123	37	189	38	145	39	158	
	0	111	1	159	2	152	3	139	4	146	5	196	6	118	7	186	8	179	9	182	10	167	11	120	12	159	13	100	14	170	15	163	16	193	17	121	18	116	19	126	20	193	21	113	22	156	23	185	24	172	25	177	26	193	27	176	28	100	29	110	30	148	31	173	32	172	33	147	34	174	35	172	36	128	37	116	38	162	39	162	
	0	127	1	163	2	142	3	170	4	144	5	181	6	148	7	197	8	103	9	118	10	153	11	166	12	101	13	106	14	189	15	162	16	184	17	103	18	124	19	176	20	115	21	156	22	189	23	127	24	105	25	137	26	114	27	151	28	176	29	158	30	117	31	195	32	172	33	106	34	138	35	134	36	145	37	128	38	190	39	157	
	0	195	1	173	2	180	3	108	4	198	5	193	6	170	7	164	8	179	9	189	10	171	11	144	12	163	13	170	14	176	15	178	16	170	17	111	18	130	19	161	20	150	21	197	22	111	23	149	24	138	25	175	26	164	27	167	28	110	29	162	30	195	31	150	32	158	33	115	34	197	35	160	36	147	37	185	38	125	39	190	
	0	194	1	103	2	133	3	112	4	128	5	153	6	121	7	136	8	127	9	123	10	122	11	192	12	192	13	190	14	144	15	156	16	101	17	139	18	104	19	194	20	162	21	107	22	137	23	110	24	103	25	101	26	113	27	178	28	137	29	144	30	113	31	107	32	171	33	196	34	159	35	162	36	120	37	116	38	152	39	153	
	0	188	1	163	2	118	3	107	4	100	5	168	6	131	7	163	8	138	9	124	10	181	11	170	12	105	13	126	14	114	15	155	16	169	17	181	18	120	19	171	20	128	21	106	22	105	23	198	24	119	25	154	26	124	27	128	28	149	29	128	30	145	31	111	32	129	33	144	34	151	35	194	36	174	37	187	38	166	39	127	
	0	187	1	135	2	175	3	119	4	185	5	144	6	192	7	150	8	194	9	161	10	100	11	126	12	156	13	168	14	199	15	168	16	191	17	156	18	188	19	145	20	104	21	181	22	148	23	124	24	159	25	167	26	197	27	126	28	127	29	152	30	187	31	184	32	126	33	193	34	150	35	181	36	116	37	196	38	145	39	171	
	0	146	1	199	2	183	3	135	4	160	5	145	6	189	7	189	8	158	9	182	10	148	11	134	12	100	13	186	14	125	15	157	16	153	17	179	18	103	19	146	20	131	21	187	22	199	23	134	24	118	25	136	26	179	27	192	28	151	29	155	30	134	31	121	32	191	33	105	34	117	35	170	36	157	37	166	38	116	39	128	
	0	188	1	124	2	135	3	165	4	158	5	119	6	199	7	150	8	183	9	107	10	117	11	154	12	130	13	175	14	190	15	160	16	163	17	130	18	170	19	141	20	117	21	108	22	143	23	141	24	130	25	190	26	145	27	164	28	138	29	171	30	116	31	111	32	173	33	102	34	102	35	156	36	186	37	105	38	116	39	163	
	0	181	1	133	2	159	3	174	4	127	5	157	6	168	7	144	8	169	9	153	10	166	11	127	12	151	13	112	14	144	15	119	16	152	17	193	18	199	19	144	20	172	21	151	22	101	23	100	24	117	25	168	26	144	27	123	28	183	29	140	30	138	31	183	32	175	33	143	34	106	35	179	36	159	37	192	38	149	39	120	
	0	148	1	139	2	115	3	119	4	101	5	118	6	121	7	163	8	100	9	188	10	100	11	123	12	131	13	154	14	119	15	172	16	169	17	186	18	181	19	176	20	122	21	123	22	126	23	184	24	173	25	159	26	146	27	180	28	170	29	133	30	141	31	184	32	109	33	174	34	182	35	108	36	154	37	199	38	125	39	109	
	0	138	1	137	2	119	3	183	4	102	5	118	6	194	7	170	8	155	9	188	10	110	11	149	12	183	13	142	14	112	15	116	16	172	17	168	18	118	19	185	20	143	21	100	22	188	23	130	24	131	25	184	26	182	27	149	28	119	29	114	30	194	31	184	32	198	33	190	34	144	35	126	36	150	37	108	38	114	39	192	
	0	129	1	150	2	106	3	121	4	165	5	170	6	177	7	135	8	199	9	113	10	106	11	131	12	167	13	184	14	186	15	152	16	190	17	107	18	143	19	181	20	112	21	128	22	135	23	129	24	140	25	142	26	172	27	123	28	199	29	174	30	146	31	140	32	110	33	108	34	126	35	101	36	121	37	159	38	195	39	123	
	0	145	1	140	2	178	3	105	4	169	5	193	6	114	7	167	8	162	9	153	10	106	11	193	12	140	13	148	14	139	15	100	16	149	17	153	18	139	19	103	20	164	21	168	22	124	23	139	24	126	25	138	26	137	27	179	28	151	29	188	30	126	31	142	32	128	33	100	34	180	35	175	36	134	37	124	38	170	39	155	
	0	183	1	109	2	190	3	135	4	160	5	135	6	115	7	149	8	123	9	163	10	183	11	173	12	118	13	197	14	154	15	197	16	169	17	173	18	196	19	129	20	110	21	174	22	128	23	178	24	136	25	165	26	109	27	137	28	182	29	140	30	172	31	164	32	177	33	179	34	144	35	150	36	112	37	173	38	176	39	120	
	0	176	1	103	2	147	3	157	4	193	5	102	6	162	7	122	8	136	9	131	10	121	11	122	12	159	13	184	14	160	15	116	16	155	17	151	18	163	19	124	20	133	21	102	22	186	23	146	24	149	25	114	26	135	27	111	28	155	29	165	30	164	31	132	32	167	33	187	34	116	35	179	36	156	37	138	38	142	39	113	
	0	189	1	149	2	151	3	107	4	146	5	143	6	154	7	167	8	142	9	146	10	157	11	183	12	138	13	178	14	190	15	196	16	185	17	184	18	199	19	152	20	194	21	191	22	140	23	134	24	136	25	126	26	184	27	108	28	104	29	122	30	171	31	131	32	158	33	159	34	199	35	187	36	138	37	170	38	193	39	170	
	0	162	1	145	2	116	3	122	4	150	5	191	6	133	7	131	8	187	9	136	10	189	11	199	12	140	13	185	14	188	15	174	16	139	17	160	18	111	19	130	20	161	21	197	22	105	23	156	24	102	25	118	26	144	27	122	28	100	29	186	30	191	31	132	32	178	33	198	34	135	35	125	36	184	37	154	38	139	39	107	
	0	158	1	134	2	133	3	147	4	147	5	176	6	144	7	116	8	116	9	153	10	167	11	180	12	130	13	172	14	132	15	120	16	165	17	192	18	167	19	124	20	167	21	159	22	186	23	170	24	110	25	168	26	178	27	113	28	105	29	142	30	172	31	191	32	190	33	166	34	137	35	185	36	168	37	154	38	192	39	151	
	0	120	1	133	2	110	3	199	4	132	5	103	6	136	7	166	8	147	9	194	10	186	11	130	12	197	13	128	14	183	15	120	16	138	17	127	18	178	19	149	20	133	21	196	22	124	23	173	24	155	25	143	26	167	27	160	28	134	29	147	30	179	31	116	32	138	33	112	34	192	35	173	36	131	37	161	38	189	39	164	
	0	157	1	169	2	160	3	111	4	175	5	157	6	114	7	193	8	134	9	147	10	123	11	190	12	119	13	115	14	170	15	111	16	118	17	199	18	191	19	112	20	139	21	162	22	111	23	167	24	193	25	122	26	120	27	109	28	182	29	118	30	183	31	176	32	197	33	131	34	166	35	167	36	176	37	115	38	151	39	183	
	0	182	1	109	2	163	3	102	4	116	5	187	6	168	7	146	8	145	9	161	10	172	11	113	12	196	13	156	14	194	15	128	16	179	17	139	18	118	19	167	20	194	21	167	22	161	23	170	24	121	25	110	26	187	27	114	28	134	29	146	30	118	31	132	32	115	33	147	34	140	35	119	36	188	37	150	38	189	39	122	