100 50 1
50
	0	119	1	180	2	172	3	120	4	118	5	154	6	143	7	154	8	160	9	159	10	141	11	127	12	137	13	171	14	187	15	101	16	101	17	112	18	154	19	112	20	183	21	145	22	163	23	137	24	156	25	105	26	176	27	152	28	148	29	173	30	180	31	106	32	141	33	172	34	164	35	124	36	117	37	148	38	182	39	115	40	193	41	195	42	171	43	157	44	160	45	182	46	146	47	138	48	132	49	171	
	0	188	1	120	2	198	3	174	4	131	5	157	6	181	7	116	8	163	9	158	10	197	11	175	12	131	13	154	14	139	15	174	16	129	17	189	18	188	19	113	20	133	21	119	22	104	23	103	24	132	25	193	26	108	27	132	28	178	29	145	30	159	31	198	32	117	33	107	34	162	35	191	36	129	37	129	38	147	39	116	40	186	41	193	42	169	43	110	44	169	45	110	46	111	47	106	48	180	49	147	
	0	162	1	181	2	176	3	140	4	105	5	149	6	156	7	107	8	132	9	166	10	175	11	176	12	173	13	144	14	150	15	134	16	144	17	122	18	154	19	197	20	168	21	158	22	130	23	184	24	115	25	135	26	138	27	163	28	199	29	132	30	108	31	107	32	168	33	195	34	182	35	107	36	160	37	130	38	177	39	179	40	165	41	171	42	141	43	137	44	186	45	143	46	127	47	155	48	199	49	152	
	0	188	1	148	2	166	3	192	4	103	5	187	6	136	7	106	8	110	9	197	10	193	11	165	12	161	13	176	14	122	15	111	16	133	17	104	18	189	19	187	20	113	21	138	22	151	23	176	24	192	25	121	26	198	27	130	28	167	29	180	30	188	31	108	32	104	33	119	34	192	35	143	36	131	37	198	38	172	39	118	40	113	41	128	42	105	43	111	44	148	45	106	46	132	47	106	48	180	49	154	
	0	121	1	106	2	168	3	195	4	150	5	128	6	144	7	151	8	169	9	125	10	166	11	181	12	103	13	164	14	190	15	170	16	190	17	104	18	113	19	178	20	182	21	131	22	155	23	192	24	101	25	159	26	105	27	121	28	149	29	156	30	118	31	179	32	135	33	113	34	137	35	103	36	161	37	136	38	108	39	161	40	143	41	119	42	132	43	168	44	179	45	132	46	110	47	113	48	153	49	173	
	0	198	1	134	2	191	3	186	4	135	5	156	6	166	7	161	8	115	9	158	10	105	11	140	12	129	13	165	14	158	15	118	16	132	17	192	18	188	19	195	20	142	21	161	22	177	23	174	24	114	25	171	26	165	27	197	28	152	29	171	30	143	31	176	32	140	33	122	34	123	35	195	36	195	37	161	38	109	39	190	40	142	41	124	42	114	43	195	44	139	45	141	46	196	47	106	48	158	49	180	
	0	189	1	134	2	184	3	136	4	113	5	185	6	108	7	177	8	105	9	194	10	196	11	174	12	162	13	119	14	183	15	127	16	177	17	185	18	197	19	163	20	109	21	152	22	150	23	191	24	154	25	104	26	161	27	143	28	129	29	170	30	102	31	175	32	122	33	121	34	163	35	118	36	165	37	192	38	129	39	187	40	158	41	120	42	129	43	144	44	148	45	124	46	137	47	184	48	130	49	109	
	0	166	1	154	2	154	3	125	4	145	5	104	6	150	7	144	8	183	9	182	10	127	11	189	12	140	13	135	14	156	15	167	16	196	17	191	18	104	19	163	20	109	21	119	22	166	23	159	24	185	25	170	26	111	27	137	28	133	29	193	30	102	31	114	32	138	33	105	34	160	35	143	36	152	37	106	38	169	39	102	40	157	41	171	42	195	43	154	44	197	45	178	46	198	47	192	48	125	49	138	
	0	138	1	190	2	184	3	135	4	198	5	158	6	110	7	112	8	142	9	144	10	180	11	122	12	156	13	121	14	177	15	173	16	143	17	172	18	173	19	145	20	104	21	159	22	175	23	183	24	182	25	191	26	108	27	151	28	133	29	153	30	187	31	156	32	112	33	181	34	139	35	119	36	117	37	169	38	178	39	157	40	173	41	143	42	168	43	152	44	169	45	169	46	155	47	178	48	171	49	170	
	0	115	1	101	2	175	3	194	4	189	5	183	6	159	7	126	8	118	9	142	10	165	11	170	12	194	13	109	14	184	15	112	16	174	17	157	18	105	19	125	20	163	21	102	22	149	23	120	24	181	25	118	26	124	27	115	28	140	29	152	30	117	31	135	32	155	33	127	34	137	35	196	36	191	37	186	38	182	39	141	40	158	41	116	42	181	43	102	44	157	45	113	46	184	47	171	48	176	49	103	
	0	114	1	198	2	174	3	123	4	104	5	194	6	125	7	124	8	135	9	146	10	160	11	143	12	132	13	101	14	132	15	174	16	195	17	108	18	112	19	194	20	107	21	143	22	113	23	168	24	130	25	109	26	170	27	151	28	155	29	162	30	129	31	120	32	190	33	127	34	195	35	144	36	160	37	149	38	111	39	127	40	179	41	111	42	167	43	110	44	187	45	114	46	110	47	178	48	109	49	127	
	0	142	1	149	2	194	3	156	4	114	5	174	6	144	7	145	8	128	9	116	10	148	11	157	12	162	13	109	14	187	15	141	16	126	17	129	18	160	19	104	20	160	21	130	22	187	23	150	24	168	25	126	26	176	27	101	28	146	29	128	30	174	31	172	32	175	33	169	34	168	35	175	36	137	37	111	38	194	39	103	40	126	41	196	42	182	43	100	44	146	45	180	46	197	47	151	48	191	49	173	
	0	188	1	161	2	138	3	145	4	157	5	142	6	129	7	143	8	131	9	177	10	147	11	191	12	151	13	128	14	161	15	150	16	115	17	106	18	167	19	145	20	145	21	198	22	170	23	127	24	142	25	160	26	169	27	143	28	101	29	174	30	194	31	121	32	124	33	135	34	165	35	116	36	150	37	167	38	128	39	133	40	158	41	152	42	194	43	135	44	139	45	147	46	198	47	114	48	185	49	112	
	0	151	1	118	2	129	3	131	4	126	5	185	6	185	7	143	8	124	9	153	10	171	11	193	12	143	13	189	14	128	15	170	16	180	17	120	18	157	19	126	20	131	21	155	22	138	23	101	24	170	25	192	26	128	27	120	28	115	29	155	30	129	31	137	32	146	33	194	34	121	35	157	36	188	37	157	38	160	39	198	40	118	41	167	42	163	43	137	44	165	45	105	46	109	47	190	48	107	49	124	
	0	136	1	115	2	180	3	179	4	188	5	103	6	132	7	175	8	128	9	180	10	108	11	126	12	147	13	197	14	147	15	199	16	186	17	137	18	178	19	104	20	153	21	133	22	132	23	104	24	160	25	141	26	102	27	152	28	129	29	179	30	159	31	156	32	184	33	173	34	192	35	127	36	191	37	100	38	198	39	187	40	183	41	186	42	113	43	103	44	115	45	100	46	194	47	175	48	136	49	174	
	0	165	1	134	2	166	3	121	4	169	5	132	6	155	7	106	8	188	9	136	10	198	11	189	12	159	13	197	14	168	15	180	16	123	17	156	18	139	19	159	20	187	21	176	22	127	23	174	24	134	25	166	26	133	27	166	28	176	29	129	30	146	31	198	32	173	33	123	34	130	35	168	36	106	37	139	38	164	39	111	40	101	41	107	42	183	43	148	44	179	45	141	46	102	47	178	48	145	49	173	
	0	140	1	104	2	149	3	102	4	177	5	181	6	143	7	154	8	182	9	151	10	160	11	186	12	185	13	197	14	190	15	163	16	118	17	135	18	114	19	138	20	158	21	165	22	115	23	105	24	124	25	132	26	164	27	171	28	119	29	140	30	138	31	112	32	150	33	159	34	172	35	122	36	180	37	115	38	163	39	160	40	173	41	199	42	158	43	152	44	157	45	168	46	183	47	149	48	176	49	195	
	0	193	1	164	2	114	3	104	4	115	5	148	6	118	7	129	8	113	9	132	10	102	11	156	12	193	13	135	14	149	15	112	16	128	17	103	18	110	19	175	20	108	21	136	22	149	23	162	24	143	25	125	26	101	27	118	28	118	29	122	30	141	31	162	32	136	33	145	34	175	35	191	36	161	37	162	38	195	39	139	40	151	41	102	42	100	43	138	44	132	45	187	46	110	47	139	48	166	49	118	
	0	160	1	154	2	133	3	126	4	168	5	140	6	123	7	157	8	110	9	132	10	110	11	182	12	126	13	162	14	186	15	165	16	195	17	126	18	169	19	137	20	169	21	102	22	153	23	104	24	169	25	113	26	134	27	160	28	104	29	184	30	189	31	125	32	174	33	195	34	185	35	178	36	158	37	141	38	121	39	126	40	112	41	174	42	110	43	196	44	190	45	197	46	135	47	157	48	127	49	150	
	0	131	1	131	2	182	3	106	4	160	5	142	6	176	7	166	8	138	9	109	10	195	11	127	12	146	13	126	14	139	15	123	16	141	17	183	18	125	19	169	20	141	21	154	22	198	23	183	24	104	25	166	26	177	27	137	28	176	29	136	30	158	31	171	32	123	33	168	34	136	35	139	36	115	37	104	38	138	39	145	40	142	41	167	42	127	43	184	44	108	45	196	46	120	47	185	48	190	49	182	
	0	122	1	116	2	112	3	140	4	133	5	132	6	142	7	102	8	147	9	176	10	117	11	107	12	138	13	176	14	136	15	150	16	186	17	113	18	146	19	183	20	183	21	120	22	184	23	106	24	156	25	199	26	188	27	116	28	128	29	182	30	114	31	103	32	146	33	199	34	157	35	129	36	168	37	176	38	101	39	101	40	116	41	184	42	124	43	124	44	148	45	109	46	196	47	183	48	140	49	173	
	0	170	1	150	2	130	3	138	4	117	5	118	6	162	7	184	8	109	9	104	10	168	11	178	12	110	13	174	14	176	15	132	16	124	17	199	18	156	19	159	20	109	21	191	22	149	23	120	24	180	25	165	26	163	27	160	28	105	29	168	30	191	31	145	32	170	33	113	34	160	35	169	36	169	37	135	38	102	39	135	40	183	41	102	42	148	43	116	44	110	45	106	46	188	47	120	48	182	49	192	
	0	153	1	199	2	111	3	119	4	140	5	167	6	138	7	101	8	157	9	142	10	137	11	153	12	109	13	166	14	130	15	177	16	181	17	101	18	144	19	188	20	166	21	196	22	151	23	198	24	104	25	124	26	190	27	109	28	138	29	163	30	158	31	164	32	155	33	189	34	196	35	151	36	171	37	123	38	180	39	153	40	107	41	134	42	186	43	102	44	152	45	188	46	179	47	177	48	104	49	115	
	0	106	1	167	2	108	3	156	4	112	5	138	6	123	7	159	8	189	9	177	10	194	11	134	12	153	13	157	14	161	15	152	16	171	17	129	18	153	19	187	20	158	21	171	22	128	23	125	24	121	25	162	26	135	27	124	28	149	29	125	30	110	31	139	32	111	33	166	34	123	35	141	36	159	37	168	38	169	39	193	40	145	41	194	42	132	43	131	44	114	45	165	46	152	47	169	48	131	49	190	
	0	126	1	182	2	110	3	169	4	166	5	174	6	163	7	114	8	190	9	124	10	179	11	170	12	171	13	148	14	119	15	133	16	111	17	196	18	131	19	127	20	128	21	153	22	157	23	186	24	161	25	156	26	161	27	119	28	163	29	131	30	128	31	121	32	110	33	114	34	115	35	119	36	174	37	146	38	142	39	122	40	113	41	186	42	173	43	174	44	114	45	146	46	145	47	158	48	149	49	101	
	0	164	1	184	2	182	3	131	4	168	5	115	6	196	7	191	8	127	9	140	10	199	11	132	12	165	13	100	14	117	15	146	16	174	17	191	18	179	19	148	20	143	21	198	22	140	23	196	24	131	25	167	26	148	27	187	28	111	29	195	30	111	31	125	32	179	33	178	34	172	35	164	36	155	37	135	38	192	39	173	40	115	41	150	42	168	43	148	44	104	45	121	46	100	47	158	48	101	49	143	
	0	158	1	118	2	177	3	130	4	163	5	152	6	174	7	189	8	169	9	168	10	163	11	157	12	183	13	130	14	107	15	193	16	193	17	132	18	115	19	188	20	103	21	127	22	102	23	127	24	174	25	140	26	103	27	133	28	170	29	174	30	192	31	114	32	187	33	164	34	198	35	125	36	123	37	176	38	158	39	182	40	140	41	191	42	199	43	164	44	123	45	197	46	133	47	105	48	154	49	110	
	0	182	1	102	2	161	3	151	4	119	5	114	6	136	7	175	8	144	9	184	10	102	11	170	12	189	13	129	14	145	15	131	16	125	17	160	18	139	19	106	20	141	21	176	22	146	23	168	24	125	25	124	26	185	27	115	28	172	29	134	30	191	31	167	32	101	33	159	34	164	35	115	36	171	37	192	38	186	39	178	40	113	41	125	42	110	43	166	44	103	45	174	46	113	47	130	48	177	49	151	
	0	123	1	116	2	158	3	194	4	115	5	102	6	146	7	133	8	172	9	182	10	184	11	153	12	131	13	194	14	152	15	165	16	117	17	134	18	193	19	132	20	126	21	149	22	179	23	118	24	102	25	134	26	135	27	115	28	103	29	126	30	128	31	134	32	179	33	124	34	118	35	173	36	186	37	114	38	106	39	130	40	185	41	120	42	198	43	169	44	131	45	188	46	195	47	181	48	161	49	143	
	0	145	1	190	2	142	3	111	4	126	5	101	6	160	7	138	8	147	9	184	10	150	11	179	12	176	13	148	14	131	15	136	16	135	17	111	18	112	19	159	20	113	21	188	22	110	23	107	24	185	25	179	26	195	27	116	28	142	29	111	30	187	31	180	32	132	33	162	34	135	35	180	36	186	37	151	38	113	39	146	40	119	41	127	42	175	43	176	44	134	45	102	46	191	47	114	48	121	49	166	
	0	192	1	114	2	139	3	163	4	149	5	121	6	198	7	157	8	162	9	183	10	193	11	199	12	179	13	192	14	161	15	173	16	172	17	109	18	127	19	128	20	106	21	134	22	142	23	158	24	162	25	102	26	115	27	132	28	104	29	189	30	151	31	178	32	164	33	119	34	184	35	114	36	128	37	152	38	192	39	189	40	161	41	128	42	139	43	140	44	105	45	158	46	152	47	102	48	170	49	198	
	0	176	1	139	2	130	3	138	4	120	5	124	6	110	7	172	8	165	9	186	10	181	11	145	12	161	13	153	14	185	15	184	16	151	17	195	18	169	19	174	20	183	21	167	22	140	23	140	24	146	25	131	26	169	27	140	28	106	29	125	30	133	31	138	32	123	33	145	34	109	35	170	36	137	37	182	38	196	39	154	40	185	41	116	42	121	43	193	44	163	45	173	46	130	47	156	48	182	49	116	
	0	119	1	174	2	176	3	105	4	182	5	123	6	196	7	164	8	180	9	193	10	175	11	194	12	164	13	126	14	135	15	146	16	123	17	174	18	195	19	118	20	160	21	182	22	123	23	181	24	102	25	175	26	182	27	101	28	113	29	105	30	175	31	166	32	154	33	123	34	171	35	185	36	112	37	196	38	155	39	191	40	148	41	113	42	121	43	190	44	160	45	197	46	163	47	138	48	100	49	182	
	0	167	1	114	2	109	3	165	4	158	5	118	6	176	7	158	8	114	9	178	10	191	11	199	12	124	13	164	14	199	15	123	16	106	17	174	18	158	19	159	20	109	21	115	22	159	23	183	24	199	25	100	26	117	27	192	28	172	29	177	30	152	31	147	32	115	33	129	34	136	35	122	36	156	37	171	38	173	39	146	40	110	41	162	42	131	43	119	44	127	45	172	46	140	47	149	48	127	49	197	
	0	171	1	169	2	119	3	150	4	148	5	165	6	126	7	136	8	134	9	186	10	131	11	190	12	168	13	183	14	130	15	128	16	157	17	106	18	164	19	136	20	114	21	143	22	190	23	155	24	115	25	161	26	157	27	136	28	143	29	137	30	134	31	156	32	112	33	182	34	149	35	122	36	119	37	134	38	100	39	175	40	144	41	148	42	154	43	146	44	155	45	155	46	125	47	138	48	175	49	136	
	0	137	1	112	2	140	3	189	4	111	5	124	6	144	7	116	8	187	9	129	10	194	11	198	12	102	13	109	14	165	15	173	16	111	17	120	18	172	19	158	20	136	21	160	22	107	23	125	24	190	25	141	26	181	27	183	28	167	29	195	30	195	31	138	32	153	33	129	34	186	35	172	36	180	37	150	38	113	39	145	40	187	41	135	42	191	43	190	44	195	45	119	46	189	47	119	48	121	49	103	
	0	155	1	137	2	195	3	171	4	142	5	194	6	171	7	127	8	178	9	176	10	153	11	171	12	129	13	132	14	142	15	169	16	124	17	192	18	121	19	148	20	104	21	187	22	138	23	134	24	118	25	152	26	194	27	123	28	109	29	191	30	147	31	153	32	133	33	159	34	104	35	177	36	106	37	143	38	101	39	159	40	194	41	140	42	165	43	187	44	144	45	147	46	165	47	121	48	114	49	145	
	0	127	1	134	2	146	3	102	4	199	5	161	6	109	7	160	8	118	9	140	10	160	11	173	12	104	13	120	14	141	15	136	16	104	17	196	18	154	19	171	20	144	21	139	22	137	23	165	24	194	25	114	26	153	27	198	28	166	29	128	30	112	31	187	32	177	33	132	34	178	35	104	36	192	37	145	38	121	39	194	40	107	41	178	42	192	43	151	44	138	45	141	46	186	47	100	48	178	49	134	
	0	132	1	118	2	187	3	173	4	196	5	141	6	165	7	100	8	107	9	170	10	118	11	112	12	130	13	142	14	188	15	127	16	149	17	166	18	104	19	198	20	163	21	106	22	158	23	181	24	130	25	106	26	152	27	180	28	150	29	183	30	186	31	131	32	118	33	113	34	168	35	182	36	129	37	197	38	101	39	189	40	167	41	163	42	174	43	155	44	121	45	186	46	171	47	142	48	179	49	191	
	0	146	1	136	2	197	3	188	4	155	5	186	6	149	7	133	8	137	9	192	10	133	11	101	12	157	13	153	14	132	15	148	16	185	17	169	18	146	19	122	20	183	21	126	22	125	23	164	24	189	25	142	26	156	27	163	28	175	29	181	30	155	31	184	32	184	33	166	34	157	35	104	36	124	37	164	38	179	39	185	40	150	41	175	42	141	43	123	44	190	45	110	46	107	47	174	48	140	49	196	
	0	158	1	102	2	189	3	134	4	173	5	126	6	190	7	176	8	123	9	189	10	103	11	136	12	198	13	132	14	124	15	138	16	174	17	182	18	176	19	119	20	193	21	117	22	163	23	115	24	131	25	151	26	126	27	149	28	123	29	167	30	187	31	157	32	197	33	195	34	194	35	194	36	110	37	136	38	145	39	139	40	122	41	140	42	191	43	116	44	156	45	169	46	168	47	178	48	133	49	194	
	0	196	1	119	2	190	3	159	4	189	5	109	6	144	7	178	8	160	9	174	10	196	11	136	12	183	13	169	14	183	15	128	16	195	17	144	18	137	19	154	20	117	21	177	22	129	23	161	24	120	25	176	26	165	27	163	28	174	29	119	30	160	31	160	32	166	33	105	34	128	35	159	36	174	37	105	38	131	39	160	40	141	41	150	42	141	43	177	44	197	45	176	46	153	47	172	48	135	49	126	
	0	165	1	101	2	136	3	155	4	168	5	122	6	141	7	133	8	196	9	163	10	147	11	172	12	180	13	108	14	165	15	196	16	168	17	130	18	159	19	162	20	132	21	110	22	151	23	176	24	135	25	125	26	147	27	173	28	169	29	193	30	167	31	199	32	187	33	189	34	116	35	101	36	188	37	152	38	186	39	177	40	109	41	104	42	171	43	155	44	178	45	115	46	182	47	148	48	181	49	127	
	0	111	1	157	2	103	3	166	4	133	5	100	6	197	7	109	8	170	9	194	10	113	11	178	12	110	13	156	14	171	15	189	16	103	17	139	18	143	19	151	20	140	21	122	22	158	23	167	24	126	25	142	26	173	27	135	28	132	29	118	30	197	31	139	32	176	33	190	34	132	35	173	36	176	37	199	38	184	39	148	40	110	41	145	42	148	43	138	44	196	45	167	46	169	47	162	48	191	49	112	
	0	199	1	144	2	195	3	191	4	189	5	180	6	100	7	182	8	177	9	177	10	136	11	197	12	113	13	194	14	105	15	189	16	199	17	104	18	174	19	192	20	144	21	111	22	138	23	147	24	114	25	147	26	114	27	102	28	104	29	175	30	197	31	197	32	131	33	165	34	158	35	153	36	134	37	126	38	172	39	191	40	142	41	161	42	133	43	181	44	120	45	131	46	129	47	114	48	157	49	109	
	0	187	1	139	2	173	3	161	4	196	5	195	6	103	7	140	8	127	9	101	10	113	11	117	12	189	13	186	14	135	15	116	16	169	17	139	18	126	19	177	20	124	21	100	22	100	23	168	24	171	25	190	26	163	27	147	28	142	29	116	30	165	31	145	32	154	33	104	34	154	35	199	36	115	37	151	38	196	39	109	40	168	41	162	42	107	43	160	44	167	45	139	46	111	47	119	48	196	49	109	
	0	133	1	127	2	130	3	143	4	188	5	128	6	139	7	137	8	134	9	153	10	162	11	144	12	162	13	169	14	139	15	108	16	192	17	108	18	110	19	173	20	155	21	150	22	172	23	183	24	167	25	122	26	167	27	140	28	180	29	199	30	196	31	155	32	119	33	141	34	148	35	190	36	168	37	198	38	196	39	197	40	184	41	105	42	195	43	102	44	110	45	143	46	163	47	102	48	166	49	113	
	0	106	1	118	2	114	3	166	4	115	5	115	6	137	7	166	8	101	9	120	10	129	11	197	12	157	13	145	14	179	15	165	16	148	17	166	18	134	19	187	20	123	21	106	22	191	23	197	24	143	25	150	26	141	27	181	28	165	29	182	30	189	31	154	32	180	33	142	34	120	35	175	36	134	37	179	38	148	39	106	40	120	41	144	42	169	43	168	44	105	45	108	46	198	47	199	48	115	49	138	
	0	165	1	197	2	119	3	189	4	172	5	114	6	107	7	115	8	105	9	189	10	157	11	109	12	141	13	142	14	186	15	100	16	133	17	100	18	184	19	137	20	105	21	162	22	130	23	104	24	174	25	111	26	103	27	111	28	144	29	174	30	122	31	108	32	157	33	138	34	141	35	193	36	166	37	178	38	187	39	103	40	103	41	157	42	104	43	181	44	145	45	137	46	161	47	122	48	173	49	193	
	0	158	1	171	2	192	3	139	4	113	5	188	6	163	7	180	8	176	9	123	10	160	11	195	12	139	13	142	14	158	15	140	16	119	17	110	18	163	19	177	20	111	21	148	22	180	23	188	24	110	25	172	26	178	27	108	28	137	29	126	30	120	31	174	32	163	33	181	34	152	35	129	36	107	37	187	38	168	39	189	40	186	41	123	42	115	43	105	44	199	45	153	46	177	47	105	48	108	49	164	
	0	187	1	195	2	191	3	123	4	103	5	129	6	153	7	198	8	124	9	195	10	106	11	193	12	175	13	111	14	127	15	133	16	126	17	107	18	142	19	154	20	118	21	132	22	141	23	155	24	101	25	133	26	178	27	161	28	104	29	143	30	153	31	168	32	148	33	126	34	134	35	199	36	188	37	142	38	199	39	161	40	199	41	113	42	140	43	110	44	156	45	112	46	123	47	121	48	162	49	194	
	0	183	1	177	2	127	3	104	4	152	5	107	6	169	7	135	8	187	9	126	10	149	11	148	12	156	13	105	14	128	15	141	16	186	17	150	18	187	19	130	20	164	21	191	22	186	23	131	24	199	25	155	26	165	27	101	28	187	29	184	30	199	31	157	32	138	33	168	34	161	35	132	36	111	37	103	38	128	39	125	40	136	41	131	42	139	43	122	44	145	45	183	46	195	47	186	48	134	49	166	
	0	188	1	196	2	191	3	172	4	133	5	156	6	150	7	138	8	153	9	131	10	181	11	195	12	162	13	184	14	107	15	155	16	175	17	130	18	130	19	112	20	189	21	178	22	192	23	117	24	186	25	123	26	199	27	163	28	155	29	129	30	189	31	156	32	156	33	158	34	180	35	198	36	114	37	116	38	139	39	112	40	120	41	144	42	107	43	192	44	131	45	149	46	154	47	197	48	153	49	129	
	0	118	1	169	2	113	3	128	4	126	5	148	6	118	7	170	8	126	9	152	10	130	11	159	12	132	13	160	14	125	15	199	16	144	17	175	18	187	19	141	20	108	21	181	22	146	23	193	24	197	25	185	26	165	27	137	28	175	29	167	30	123	31	197	32	115	33	171	34	136	35	107	36	100	37	180	38	127	39	162	40	151	41	126	42	104	43	192	44	184	45	153	46	129	47	131	48	158	49	158	
	0	144	1	140	2	111	3	161	4	104	5	170	6	198	7	105	8	165	9	131	10	190	11	121	12	193	13	102	14	160	15	176	16	182	17	112	18	136	19	116	20	126	21	177	22	197	23	169	24	186	25	175	26	183	27	116	28	187	29	126	30	127	31	115	32	147	33	132	34	190	35	159	36	184	37	115	38	106	39	185	40	139	41	180	42	162	43	115	44	160	45	128	46	133	47	130	48	186	49	103	
	0	131	1	118	2	177	3	158	4	124	5	146	6	104	7	120	8	106	9	178	10	179	11	124	12	118	13	135	14	178	15	123	16	194	17	192	18	164	19	149	20	142	21	176	22	190	23	163	24	161	25	105	26	194	27	171	28	163	29	105	30	197	31	107	32	161	33	144	34	186	35	137	36	137	37	124	38	174	39	144	40	129	41	136	42	169	43	109	44	139	45	185	46	121	47	129	48	151	49	136	
	0	143	1	142	2	149	3	146	4	123	5	157	6	197	7	182	8	165	9	110	10	153	11	147	12	110	13	189	14	162	15	102	16	108	17	161	18	119	19	143	20	167	21	139	22	136	23	117	24	177	25	153	26	199	27	125	28	129	29	151	30	141	31	103	32	113	33	199	34	119	35	167	36	121	37	113	38	147	39	199	40	112	41	119	42	151	43	198	44	114	45	168	46	162	47	122	48	159	49	144	
	0	199	1	191	2	188	3	184	4	131	5	176	6	100	7	188	8	153	9	179	10	126	11	100	12	132	13	152	14	198	15	181	16	169	17	180	18	138	19	137	20	108	21	184	22	119	23	113	24	170	25	137	26	165	27	160	28	145	29	146	30	172	31	109	32	196	33	105	34	197	35	176	36	169	37	168	38	109	39	186	40	186	41	156	42	156	43	165	44	184	45	185	46	182	47	142	48	191	49	156	
	0	152	1	161	2	178	3	188	4	158	5	169	6	142	7	120	8	190	9	131	10	111	11	100	12	121	13	128	14	195	15	196	16	153	17	102	18	168	19	154	20	131	21	171	22	173	23	167	24	150	25	134	26	149	27	108	28	106	29	104	30	123	31	127	32	103	33	114	34	182	35	129	36	186	37	185	38	141	39	104	40	122	41	150	42	155	43	198	44	119	45	141	46	147	47	105	48	101	49	111	
	0	178	1	154	2	180	3	195	4	186	5	112	6	101	7	162	8	126	9	102	10	192	11	101	12	131	13	113	14	144	15	124	16	116	17	161	18	197	19	174	20	137	21	176	22	125	23	112	24	119	25	124	26	175	27	124	28	104	29	198	30	120	31	182	32	133	33	171	34	188	35	146	36	186	37	108	38	113	39	193	40	113	41	146	42	102	43	107	44	155	45	179	46	191	47	102	48	136	49	193	
	0	101	1	140	2	158	3	156	4	195	5	170	6	189	7	176	8	104	9	189	10	131	11	137	12	175	13	172	14	107	15	142	16	113	17	104	18	132	19	170	20	185	21	116	22	168	23	150	24	171	25	124	26	134	27	180	28	120	29	120	30	166	31	137	32	181	33	179	34	191	35	105	36	135	37	183	38	175	39	108	40	126	41	172	42	195	43	117	44	126	45	160	46	157	47	152	48	132	49	185	
	0	105	1	154	2	198	3	143	4	148	5	132	6	163	7	178	8	180	9	177	10	110	11	147	12	149	13	148	14	185	15	183	16	140	17	110	18	145	19	165	20	135	21	193	22	109	23	177	24	184	25	167	26	141	27	199	28	168	29	190	30	134	31	109	32	136	33	188	34	167	35	105	36	138	37	121	38	111	39	155	40	134	41	116	42	126	43	131	44	127	45	155	46	173	47	144	48	126	49	123	
	0	163	1	196	2	182	3	139	4	102	5	180	6	107	7	193	8	115	9	180	10	134	11	123	12	146	13	121	14	145	15	185	16	102	17	183	18	188	19	157	20	177	21	193	22	179	23	159	24	135	25	195	26	154	27	170	28	106	29	131	30	140	31	136	32	183	33	117	34	192	35	130	36	135	37	150	38	172	39	121	40	101	41	176	42	196	43	142	44	136	45	147	46	157	47	120	48	180	49	152	
	0	139	1	135	2	107	3	135	4	128	5	169	6	138	7	192	8	184	9	193	10	162	11	162	12	131	13	190	14	149	15	143	16	125	17	105	18	154	19	185	20	142	21	191	22	126	23	139	24	161	25	134	26	116	27	116	28	187	29	193	30	136	31	148	32	111	33	184	34	179	35	160	36	168	37	179	38	171	39	197	40	151	41	148	42	155	43	194	44	161	45	135	46	143	47	183	48	169	49	169	
	0	102	1	174	2	121	3	177	4	103	5	120	6	131	7	192	8	146	9	153	10	192	11	181	12	156	13	177	14	144	15	121	16	127	17	150	18	175	19	135	20	118	21	171	22	180	23	114	24	160	25	164	26	197	27	178	28	151	29	189	30	140	31	158	32	167	33	193	34	121	35	185	36	192	37	119	38	105	39	176	40	178	41	136	42	131	43	195	44	189	45	164	46	121	47	187	48	194	49	124	
	0	106	1	187	2	198	3	129	4	123	5	145	6	197	7	138	8	193	9	164	10	109	11	128	12	190	13	144	14	105	15	150	16	155	17	174	18	177	19	129	20	150	21	121	22	109	23	190	24	168	25	135	26	178	27	168	28	124	29	125	30	101	31	102	32	188	33	151	34	123	35	144	36	132	37	111	38	182	39	174	40	141	41	163	42	183	43	117	44	195	45	195	46	168	47	122	48	111	49	189	
	0	197	1	166	2	152	3	157	4	102	5	180	6	128	7	121	8	172	9	127	10	156	11	118	12	106	13	199	14	194	15	117	16	119	17	135	18	119	19	148	20	171	21	134	22	145	23	178	24	135	25	167	26	146	27	154	28	105	29	155	30	100	31	125	32	168	33	153	34	113	35	166	36	188	37	192	38	155	39	190	40	147	41	161	42	132	43	129	44	190	45	189	46	115	47	187	48	104	49	135	
	0	136	1	138	2	184	3	119	4	170	5	117	6	173	7	186	8	145	9	146	10	166	11	106	12	194	13	110	14	148	15	139	16	199	17	153	18	193	19	128	20	179	21	181	22	195	23	179	24	134	25	115	26	118	27	155	28	167	29	192	30	123	31	128	32	103	33	115	34	110	35	194	36	160	37	185	38	114	39	195	40	186	41	139	42	193	43	156	44	185	45	160	46	147	47	115	48	176	49	142	
	0	165	1	166	2	122	3	154	4	155	5	120	6	184	7	172	8	113	9	197	10	103	11	109	12	191	13	181	14	148	15	176	16	156	17	126	18	126	19	129	20	126	21	154	22	130	23	145	24	193	25	175	26	122	27	111	28	166	29	114	30	141	31	160	32	150	33	152	34	120	35	165	36	184	37	113	38	199	39	103	40	195	41	103	42	150	43	140	44	169	45	142	46	154	47	173	48	118	49	146	
	0	124	1	117	2	193	3	150	4	105	5	163	6	118	7	185	8	185	9	108	10	168	11	159	12	162	13	188	14	165	15	105	16	192	17	103	18	117	19	110	20	175	21	194	22	196	23	101	24	101	25	151	26	149	27	136	28	119	29	190	30	188	31	100	32	178	33	117	34	154	35	152	36	107	37	175	38	112	39	180	40	125	41	138	42	178	43	163	44	183	45	126	46	111	47	140	48	198	49	175	
	0	147	1	186	2	192	3	179	4	108	5	175	6	187	7	122	8	110	9	115	10	149	11	106	12	110	13	102	14	157	15	158	16	170	17	159	18	140	19	119	20	171	21	134	22	198	23	118	24	112	25	145	26	156	27	106	28	139	29	119	30	171	31	130	32	174	33	141	34	198	35	187	36	108	37	185	38	104	39	151	40	149	41	118	42	197	43	111	44	140	45	186	46	189	47	179	48	113	49	184	
	0	180	1	123	2	132	3	141	4	169	5	159	6	185	7	122	8	192	9	116	10	113	11	172	12	146	13	114	14	101	15	181	16	161	17	121	18	150	19	131	20	121	21	176	22	110	23	125	24	127	25	183	26	127	27	155	28	145	29	184	30	170	31	183	32	143	33	185	34	142	35	151	36	145	37	156	38	162	39	165	40	137	41	147	42	109	43	125	44	115	45	113	46	105	47	167	48	117	49	163	
	0	152	1	125	2	181	3	196	4	108	5	137	6	100	7	130	8	186	9	192	10	189	11	126	12	150	13	139	14	141	15	159	16	145	17	198	18	146	19	152	20	123	21	163	22	146	23	172	24	127	25	177	26	175	27	142	28	118	29	101	30	165	31	167	32	145	33	155	34	197	35	164	36	196	37	186	38	106	39	102	40	144	41	155	42	153	43	176	44	176	45	132	46	157	47	102	48	173	49	108	
	0	189	1	164	2	123	3	123	4	154	5	103	6	180	7	104	8	102	9	154	10	155	11	115	12	167	13	130	14	161	15	173	16	140	17	130	18	122	19	115	20	177	21	149	22	147	23	171	24	155	25	102	26	133	27	195	28	141	29	146	30	114	31	100	32	121	33	138	34	163	35	122	36	154	37	160	38	142	39	186	40	170	41	136	42	133	43	164	44	153	45	144	46	192	47	152	48	167	49	196	
	0	137	1	109	2	123	3	113	4	155	5	160	6	192	7	124	8	129	9	195	10	107	11	115	12	188	13	126	14	159	15	129	16	175	17	180	18	191	19	183	20	147	21	106	22	106	23	124	24	164	25	197	26	113	27	181	28	127	29	174	30	132	31	181	32	182	33	187	34	107	35	155	36	170	37	154	38	170	39	163	40	120	41	117	42	153	43	153	44	136	45	113	46	182	47	142	48	194	49	100	
	0	183	1	199	2	118	3	106	4	111	5	162	6	155	7	161	8	105	9	112	10	164	11	152	12	162	13	102	14	185	15	182	16	161	17	178	18	109	19	121	20	192	21	126	22	133	23	121	24	197	25	119	26	184	27	163	28	182	29	111	30	109	31	138	32	107	33	185	34	151	35	141	36	199	37	115	38	171	39	117	40	158	41	150	42	165	43	118	44	146	45	146	46	189	47	145	48	152	49	137	
	0	141	1	164	2	179	3	149	4	141	5	194	6	160	7	102	8	158	9	135	10	112	11	134	12	195	13	168	14	159	15	137	16	150	17	159	18	194	19	181	20	108	21	184	22	176	23	131	24	161	25	193	26	135	27	177	28	175	29	149	30	182	31	119	32	125	33	101	34	106	35	160	36	127	37	129	38	134	39	114	40	129	41	169	42	196	43	142	44	122	45	131	46	179	47	131	48	103	49	108	
	0	166	1	123	2	129	3	159	4	135	5	123	6	164	7	183	8	126	9	131	10	186	11	182	12	161	13	141	14	173	15	187	16	113	17	148	18	116	19	149	20	199	21	134	22	157	23	197	24	124	25	132	26	103	27	141	28	103	29	146	30	199	31	164	32	125	33	182	34	111	35	106	36	107	37	173	38	186	39	153	40	145	41	185	42	136	43	119	44	122	45	155	46	101	47	154	48	153	49	108	
	0	176	1	111	2	155	3	192	4	118	5	194	6	194	7	179	8	113	9	126	10	170	11	171	12	153	13	111	14	115	15	112	16	170	17	124	18	196	19	123	20	140	21	120	22	107	23	170	24	110	25	132	26	109	27	164	28	157	29	198	30	130	31	149	32	110	33	154	34	121	35	150	36	133	37	178	38	102	39	115	40	198	41	109	42	170	43	134	44	120	45	117	46	175	47	108	48	101	49	181	
	0	162	1	167	2	176	3	194	4	133	5	118	6	171	7	166	8	198	9	114	10	145	11	152	12	150	13	109	14	155	15	166	16	107	17	121	18	112	19	124	20	127	21	128	22	155	23	135	24	193	25	151	26	158	27	162	28	113	29	186	30	153	31	134	32	116	33	137	34	192	35	113	36	150	37	141	38	141	39	105	40	173	41	179	42	170	43	110	44	155	45	110	46	115	47	165	48	168	49	193	
	0	173	1	196	2	153	3	143	4	152	5	187	6	109	7	162	8	179	9	198	10	186	11	131	12	185	13	155	14	196	15	131	16	106	17	183	18	183	19	188	20	141	21	164	22	182	23	120	24	123	25	141	26	177	27	148	28	166	29	185	30	115	31	137	32	163	33	158	34	113	35	167	36	172	37	102	38	108	39	130	40	165	41	118	42	138	43	121	44	107	45	151	46	112	47	188	48	140	49	134	
	0	143	1	154	2	171	3	159	4	145	5	157	6	152	7	125	8	155	9	165	10	187	11	122	12	198	13	163	14	158	15	154	16	142	17	152	18	140	19	119	20	175	21	124	22	157	23	108	24	107	25	139	26	176	27	186	28	174	29	195	30	194	31	104	32	106	33	104	34	122	35	167	36	174	37	105	38	109	39	162	40	185	41	143	42	158	43	101	44	187	45	165	46	170	47	120	48	157	49	198	
	0	183	1	127	2	162	3	124	4	108	5	165	6	131	7	106	8	147	9	153	10	184	11	181	12	118	13	143	14	177	15	148	16	147	17	196	18	188	19	113	20	190	21	104	22	148	23	197	24	101	25	193	26	139	27	176	28	159	29	189	30	157	31	102	32	162	33	154	34	109	35	150	36	177	37	173	38	178	39	192	40	142	41	184	42	171	43	169	44	117	45	106	46	199	47	184	48	113	49	161	
	0	105	1	182	2	103	3	160	4	191	5	103	6	114	7	155	8	146	9	187	10	142	11	171	12	158	13	155	14	153	15	191	16	152	17	113	18	164	19	176	20	170	21	160	22	190	23	126	24	191	25	193	26	116	27	112	28	113	29	147	30	153	31	115	32	115	33	165	34	117	35	100	36	151	37	170	38	113	39	110	40	192	41	104	42	170	43	147	44	161	45	137	46	180	47	122	48	183	49	103	
	0	149	1	195	2	186	3	130	4	155	5	152	6	100	7	167	8	162	9	139	10	142	11	118	12	111	13	177	14	195	15	133	16	110	17	181	18	195	19	149	20	184	21	119	22	169	23	189	24	170	25	177	26	185	27	113	28	110	29	188	30	198	31	142	32	124	33	180	34	103	35	142	36	104	37	121	38	170	39	160	40	154	41	138	42	134	43	187	44	174	45	132	46	134	47	189	48	124	49	156	
	0	175	1	192	2	145	3	186	4	113	5	163	6	112	7	121	8	199	9	114	10	160	11	141	12	101	13	106	14	117	15	128	16	123	17	109	18	161	19	102	20	105	21	172	22	155	23	176	24	130	25	144	26	160	27	111	28	118	29	100	30	186	31	123	32	168	33	139	34	112	35	138	36	144	37	146	38	120	39	116	40	114	41	128	42	181	43	144	44	131	45	153	46	125	47	128	48	142	49	146	
	0	196	1	166	2	156	3	127	4	114	5	159	6	193	7	153	8	170	9	159	10	132	11	155	12	184	13	151	14	133	15	155	16	115	17	116	18	133	19	125	20	168	21	188	22	166	23	187	24	142	25	117	26	166	27	177	28	127	29	162	30	127	31	182	32	111	33	122	34	101	35	172	36	184	37	178	38	155	39	152	40	187	41	115	42	192	43	109	44	142	45	193	46	138	47	159	48	100	49	175	
	0	126	1	197	2	177	3	158	4	128	5	184	6	171	7	165	8	188	9	184	10	102	11	144	12	174	13	187	14	187	15	150	16	102	17	121	18	118	19	133	20	129	21	115	22	197	23	148	24	162	25	124	26	133	27	175	28	172	29	183	30	147	31	139	32	169	33	127	34	196	35	123	36	143	37	114	38	103	39	116	40	166	41	163	42	148	43	168	44	104	45	155	46	155	47	121	48	141	49	108	
	0	166	1	188	2	199	3	117	4	176	5	194	6	165	7	178	8	159	9	183	10	155	11	136	12	182	13	182	14	176	15	117	16	116	17	145	18	136	19	189	20	179	21	177	22	125	23	101	24	137	25	128	26	180	27	118	28	168	29	155	30	180	31	165	32	142	33	135	34	152	35	155	36	110	37	147	38	151	39	192	40	178	41	163	42	106	43	193	44	130	45	149	46	173	47	107	48	137	49	165	
	0	130	1	114	2	151	3	105	4	159	5	109	6	119	7	162	8	190	9	102	10	146	11	165	12	144	13	182	14	177	15	118	16	152	17	183	18	145	19	166	20	131	21	166	22	117	23	117	24	145	25	146	26	134	27	166	28	193	29	143	30	115	31	164	32	141	33	104	34	106	35	107	36	141	37	178	38	183	39	116	40	123	41	141	42	161	43	122	44	189	45	185	46	179	47	101	48	120	49	167	
	0	118	1	117	2	100	3	168	4	152	5	132	6	156	7	119	8	104	9	181	10	156	11	151	12	110	13	104	14	118	15	195	16	169	17	140	18	179	19	117	20	194	21	173	22	171	23	190	24	160	25	195	26	131	27	172	28	157	29	176	30	127	31	183	32	176	33	144	34	143	35	153	36	143	37	135	38	196	39	153	40	181	41	190	42	178	43	144	44	106	45	127	46	136	47	167	48	192	49	191	
	0	161	1	162	2	151	3	160	4	184	5	197	6	191	7	112	8	118	9	100	10	121	11	155	12	157	13	169	14	152	15	117	16	129	17	187	18	187	19	192	20	133	21	151	22	145	23	155	24	179	25	142	26	192	27	171	28	196	29	141	30	122	31	173	32	102	33	145	34	162	35	175	36	196	37	171	38	176	39	148	40	118	41	184	42	117	43	126	44	199	45	127	46	170	47	113	48	156	49	128	
	0	110	1	122	2	110	3	145	4	163	5	159	6	183	7	112	8	166	9	190	10	193	11	196	12	100	13	185	14	184	15	169	16	147	17	125	18	135	19	163	20	173	21	132	22	183	23	195	24	187	25	189	26	120	27	124	28	153	29	182	30	189	31	125	32	150	33	164	34	187	35	180	36	160	37	136	38	189	39	132	40	190	41	103	42	143	43	112	44	138	45	184	46	133	47	179	48	166	49	193	
	0	180	1	133	2	170	3	139	4	189	5	172	6	157	7	176	8	105	9	165	10	166	11	184	12	160	13	181	14	110	15	168	16	193	17	195	18	115	19	198	20	103	21	156	22	183	23	149	24	187	25	186	26	127	27	146	28	151	29	131	30	144	31	181	32	195	33	102	34	169	35	182	36	111	37	140	38	146	39	143	40	113	41	168	42	161	43	154	44	153	45	130	46	102	47	161	48	163	49	110	
	0	169	1	150	2	135	3	173	4	145	5	106	6	164	7	161	8	136	9	158	10	188	11	165	12	103	13	104	14	149	15	112	16	116	17	112	18	111	19	127	20	111	21	134	22	196	23	199	24	109	25	157	26	192	27	166	28	130	29	167	30	133	31	173	32	130	33	119	34	111	35	170	36	133	37	129	38	171	39	137	40	117	41	168	42	158	43	116	44	185	45	178	46	173	47	141	48	187	49	154	
	0	107	1	192	2	166	3	130	4	143	5	125	6	123	7	172	8	184	9	102	10	142	11	182	12	136	13	185	14	122	15	163	16	141	17	113	18	125	19	145	20	151	21	102	22	125	23	125	24	103	25	158	26	117	27	111	28	104	29	173	30	112	31	151	32	128	33	117	34	181	35	113	36	122	37	159	38	190	39	144	40	163	41	177	42	143	43	110	44	131	45	129	46	148	47	111	48	110	49	100	
	0	115	1	168	2	157	3	177	4	185	5	141	6	148	7	197	8	179	9	171	10	113	11	106	12	173	13	152	14	170	15	140	16	150	17	180	18	115	19	140	20	168	21	176	22	104	23	125	24	195	25	114	26	139	27	121	28	137	29	137	30	183	31	192	32	158	33	181	34	152	35	153	36	169	37	131	38	153	39	166	40	115	41	130	42	156	43	194	44	154	45	100	46	109	47	106	48	151	49	103	
	0	148	1	144	2	155	3	153	4	130	5	128	6	116	7	104	8	183	9	134	10	192	11	189	12	154	13	145	14	150	15	120	16	172	17	166	18	124	19	107	20	110	21	188	22	141	23	159	24	194	25	108	26	173	27	168	28	117	29	119	30	175	31	191	32	105	33	131	34	179	35	186	36	194	37	199	38	141	39	111	40	167	41	163	42	106	43	174	44	192	45	175	46	103	47	137	48	198	49	188	
	0	107	1	151	2	130	3	197	4	150	5	180	6	154	7	177	8	136	9	199	10	162	11	162	12	170	13	162	14	177	15	178	16	153	17	192	18	149	19	106	20	130	21	191	22	100	23	188	24	195	25	161	26	164	27	185	28	149	29	168	30	169	31	196	32	189	33	144	34	135	35	111	36	157	37	141	38	117	39	112	40	159	41	178	42	136	43	196	44	197	45	106	46	180	47	148	48	149	49	111	
	0	137	1	197	2	115	3	164	4	130	5	181	6	115	7	141	8	160	9	168	10	100	11	165	12	161	13	197	14	188	15	125	16	132	17	155	18	149	19	156	20	150	21	153	22	195	23	133	24	155	25	154	26	118	27	113	28	183	29	129	30	183	31	130	32	179	33	131	34	105	35	138	36	115	37	187	38	149	39	103	40	187	41	120	42	185	43	100	44	107	45	108	46	181	47	103	48	192	49	189	