100 50 1
50
	0	101	1	186	2	110	3	174	4	144	5	124	6	117	7	184	8	134	9	141	10	183	11	197	12	123	13	177	14	133	15	183	16	107	17	110	18	128	19	154	20	129	21	163	22	197	23	135	24	150	25	195	26	166	27	174	28	138	29	179	30	134	31	188	32	151	33	178	34	122	35	190	36	191	37	114	38	180	39	161	40	195	41	137	42	113	43	107	44	154	45	180	46	128	47	196	48	198	49	125	
	0	166	1	178	2	100	3	196	4	193	5	107	6	139	7	126	8	177	9	120	10	191	11	113	12	117	13	124	14	109	15	136	16	123	17	171	18	142	19	107	20	139	21	189	22	106	23	121	24	110	25	167	26	110	27	182	28	112	29	175	30	137	31	184	32	159	33	165	34	196	35	185	36	179	37	119	38	117	39	126	40	132	41	131	42	195	43	152	44	123	45	124	46	125	47	176	48	106	49	181	
	0	132	1	159	2	118	3	122	4	195	5	195	6	186	7	109	8	110	9	160	10	161	11	178	12	147	13	138	14	132	15	156	16	114	17	136	18	124	19	147	20	146	21	100	22	168	23	146	24	141	25	145	26	164	27	145	28	157	29	110	30	162	31	169	32	194	33	157	34	140	35	185	36	102	37	164	38	107	39	133	40	159	41	193	42	123	43	187	44	132	45	173	46	101	47	157	48	101	49	138	
	0	198	1	134	2	104	3	158	4	161	5	149	6	142	7	144	8	184	9	103	10	119	11	163	12	147	13	194	14	168	15	105	16	151	17	170	18	195	19	185	20	191	21	100	22	141	23	166	24	122	25	179	26	152	27	144	28	177	29	138	30	118	31	118	32	118	33	173	34	170	35	193	36	121	37	176	38	150	39	108	40	151	41	150	42	159	43	117	44	138	45	184	46	142	47	100	48	186	49	168	
	0	103	1	120	2	106	3	169	4	112	5	194	6	142	7	121	8	187	9	107	10	156	11	195	12	173	13	178	14	132	15	104	16	124	17	186	18	183	19	188	20	160	21	117	22	121	23	126	24	199	25	153	26	155	27	135	28	171	29	142	30	124	31	177	32	125	33	187	34	119	35	197	36	135	37	118	38	174	39	111	40	113	41	197	42	162	43	122	44	181	45	158	46	128	47	175	48	103	49	183	
	0	108	1	156	2	189	3	156	4	109	5	166	6	184	7	119	8	129	9	180	10	139	11	198	12	159	13	183	14	164	15	104	16	178	17	134	18	138	19	177	20	120	21	127	22	131	23	128	24	168	25	149	26	127	27	195	28	178	29	109	30	181	31	122	32	114	33	116	34	165	35	129	36	129	37	139	38	103	39	156	40	180	41	178	42	132	43	161	44	125	45	119	46	170	47	168	48	136	49	186	
	0	119	1	100	2	130	3	142	4	191	5	119	6	114	7	127	8	163	9	180	10	162	11	100	12	136	13	129	14	125	15	137	16	107	17	179	18	135	19	137	20	123	21	194	22	192	23	121	24	116	25	178	26	119	27	193	28	127	29	104	30	144	31	153	32	132	33	127	34	149	35	180	36	131	37	142	38	115	39	125	40	160	41	178	42	123	43	142	44	190	45	110	46	195	47	162	48	172	49	131	
	0	148	1	160	2	180	3	147	4	155	5	134	6	164	7	154	8	117	9	192	10	173	11	179	12	102	13	153	14	110	15	101	16	174	17	141	18	198	19	109	20	167	21	101	22	188	23	161	24	119	25	164	26	149	27	111	28	159	29	199	30	128	31	172	32	120	33	143	34	154	35	153	36	194	37	148	38	147	39	164	40	179	41	125	42	189	43	192	44	167	45	120	46	136	47	182	48	143	49	124	
	0	100	1	120	2	134	3	165	4	108	5	172	6	180	7	178	8	168	9	130	10	146	11	196	12	138	13	119	14	191	15	123	16	141	17	190	18	115	19	171	20	130	21	145	22	157	23	173	24	120	25	185	26	178	27	189	28	179	29	135	30	149	31	162	32	138	33	151	34	189	35	109	36	183	37	171	38	128	39	127	40	151	41	185	42	174	43	122	44	199	45	127	46	169	47	160	48	197	49	140	
	0	145	1	147	2	169	3	136	4	187	5	117	6	141	7	108	8	140	9	192	10	195	11	196	12	176	13	119	14	138	15	110	16	136	17	147	18	163	19	111	20	197	21	140	22	127	23	198	24	167	25	164	26	126	27	121	28	174	29	186	30	195	31	145	32	197	33	109	34	167	35	158	36	149	37	156	38	172	39	143	40	108	41	198	42	183	43	104	44	111	45	119	46	166	47	129	48	174	49	117	
	0	128	1	148	2	120	3	177	4	130	5	136	6	143	7	190	8	177	9	132	10	146	11	169	12	150	13	135	14	154	15	104	16	185	17	142	18	178	19	136	20	149	21	193	22	151	23	126	24	116	25	115	26	148	27	113	28	157	29	124	30	167	31	178	32	160	33	169	34	113	35	114	36	190	37	143	38	125	39	185	40	185	41	153	42	161	43	196	44	109	45	120	46	192	47	168	48	155	49	185	
	0	180	1	103	2	176	3	154	4	104	5	136	6	114	7	187	8	186	9	186	10	122	11	131	12	132	13	147	14	173	15	159	16	124	17	175	18	178	19	110	20	118	21	192	22	145	23	136	24	118	25	128	26	154	27	155	28	184	29	110	30	160	31	126	32	129	33	143	34	182	35	197	36	199	37	149	38	196	39	129	40	140	41	166	42	148	43	178	44	140	45	154	46	119	47	153	48	189	49	131	
	0	110	1	175	2	128	3	119	4	143	5	188	6	131	7	169	8	169	9	191	10	121	11	125	12	153	13	174	14	167	15	188	16	117	17	120	18	197	19	187	20	143	21	192	22	148	23	153	24	152	25	130	26	147	27	197	28	159	29	100	30	132	31	167	32	166	33	101	34	131	35	178	36	128	37	173	38	142	39	163	40	124	41	142	42	184	43	125	44	193	45	121	46	192	47	152	48	163	49	190	
	0	181	1	116	2	107	3	165	4	168	5	191	6	139	7	149	8	174	9	127	10	153	11	179	12	197	13	147	14	162	15	192	16	134	17	126	18	199	19	140	20	141	21	141	22	128	23	191	24	108	25	146	26	142	27	114	28	101	29	133	30	163	31	119	32	160	33	180	34	151	35	111	36	154	37	107	38	114	39	152	40	164	41	165	42	113	43	175	44	107	45	111	46	187	47	148	48	141	49	114	
	0	134	1	101	2	158	3	117	4	134	5	197	6	126	7	169	8	146	9	194	10	170	11	156	12	169	13	151	14	137	15	153	16	144	17	107	18	144	19	154	20	131	21	183	22	150	23	102	24	186	25	103	26	116	27	118	28	135	29	181	30	109	31	122	32	158	33	115	34	162	35	165	36	177	37	194	38	136	39	125	40	193	41	156	42	123	43	125	44	129	45	134	46	176	47	133	48	106	49	140	
	0	143	1	100	2	180	3	155	4	103	5	142	6	189	7	140	8	178	9	162	10	164	11	147	12	161	13	199	14	134	15	154	16	121	17	158	18	113	19	141	20	105	21	106	22	125	23	168	24	168	25	116	26	115	27	196	28	154	29	195	30	188	31	180	32	115	33	145	34	180	35	138	36	176	37	121	38	186	39	161	40	159	41	145	42	101	43	130	44	193	45	111	46	132	47	156	48	183	49	183	
	0	178	1	182	2	191	3	124	4	135	5	175	6	149	7	124	8	108	9	105	10	134	11	104	12	147	13	171	14	108	15	117	16	116	17	153	18	176	19	116	20	144	21	187	22	177	23	163	24	114	25	182	26	178	27	133	28	149	29	154	30	116	31	162	32	164	33	113	34	102	35	108	36	102	37	197	38	161	39	162	40	167	41	137	42	196	43	154	44	135	45	178	46	105	47	151	48	102	49	165	
	0	159	1	182	2	112	3	174	4	129	5	118	6	180	7	175	8	107	9	110	10	104	11	166	12	159	13	161	14	103	15	162	16	142	17	153	18	144	19	161	20	110	21	110	22	155	23	132	24	129	25	155	26	155	27	192	28	104	29	156	30	111	31	176	32	130	33	135	34	105	35	121	36	147	37	164	38	177	39	157	40	109	41	188	42	138	43	136	44	150	45	141	46	184	47	105	48	112	49	172	
	0	118	1	104	2	107	3	108	4	158	5	198	6	181	7	179	8	124	9	138	10	168	11	148	12	148	13	120	14	112	15	155	16	169	17	120	18	179	19	151	20	183	21	128	22	179	23	162	24	111	25	147	26	144	27	122	28	150	29	154	30	115	31	179	32	136	33	113	34	163	35	112	36	196	37	107	38	175	39	136	40	106	41	184	42	152	43	182	44	180	45	171	46	185	47	139	48	109	49	124	
	0	121	1	193	2	164	3	100	4	190	5	128	6	162	7	140	8	116	9	151	10	105	11	109	12	124	13	196	14	117	15	185	16	135	17	129	18	131	19	195	20	127	21	144	22	192	23	137	24	162	25	156	26	119	27	179	28	142	29	174	30	128	31	109	32	101	33	190	34	154	35	193	36	121	37	174	38	136	39	191	40	116	41	113	42	149	43	126	44	146	45	174	46	178	47	143	48	104	49	132	
	0	132	1	190	2	186	3	110	4	111	5	106	6	128	7	136	8	161	9	134	10	159	11	153	12	156	13	198	14	138	15	184	16	156	17	119	18	112	19	109	20	105	21	158	22	194	23	144	24	198	25	101	26	186	27	186	28	138	29	176	30	104	31	197	32	124	33	169	34	163	35	147	36	186	37	186	38	123	39	195	40	166	41	114	42	178	43	126	44	162	45	131	46	190	47	177	48	194	49	183	
	0	144	1	176	2	196	3	180	4	179	5	168	6	156	7	162	8	127	9	158	10	118	11	152	12	196	13	152	14	130	15	110	16	158	17	169	18	114	19	173	20	131	21	197	22	155	23	142	24	118	25	183	26	125	27	110	28	111	29	186	30	177	31	135	32	180	33	127	34	106	35	147	36	135	37	105	38	124	39	173	40	153	41	100	42	118	43	126	44	144	45	180	46	130	47	198	48	100	49	114	
	0	191	1	157	2	117	3	129	4	142	5	141	6	188	7	119	8	135	9	160	10	179	11	135	12	115	13	196	14	100	15	119	16	175	17	115	18	118	19	190	20	140	21	174	22	137	23	124	24	166	25	158	26	116	27	123	28	196	29	121	30	184	31	142	32	181	33	163	34	102	35	125	36	145	37	101	38	186	39	139	40	193	41	152	42	112	43	172	44	166	45	166	46	181	47	151	48	106	49	157	
	0	156	1	129	2	122	3	150	4	122	5	124	6	109	7	193	8	151	9	115	10	176	11	108	12	107	13	119	14	107	15	102	16	185	17	143	18	167	19	125	20	136	21	145	22	158	23	119	24	163	25	196	26	101	27	118	28	183	29	107	30	140	31	197	32	129	33	144	34	189	35	195	36	113	37	146	38	183	39	107	40	155	41	100	42	186	43	125	44	108	45	123	46	134	47	115	48	169	49	156	
	0	104	1	156	2	120	3	111	4	128	5	128	6	105	7	152	8	176	9	174	10	117	11	180	12	161	13	174	14	185	15	175	16	137	17	126	18	169	19	101	20	106	21	187	22	155	23	124	24	143	25	102	26	171	27	173	28	153	29	109	30	178	31	147	32	152	33	136	34	117	35	129	36	120	37	116	38	172	39	176	40	175	41	168	42	183	43	132	44	184	45	112	46	143	47	112	48	135	49	163	
	0	154	1	134	2	108	3	157	4	186	5	177	6	126	7	113	8	105	9	158	10	125	11	110	12	143	13	158	14	199	15	172	16	192	17	109	18	141	19	122	20	125	21	120	22	130	23	134	24	137	25	153	26	106	27	157	28	133	29	129	30	129	31	123	32	193	33	180	34	142	35	142	36	129	37	157	38	170	39	199	40	145	41	112	42	186	43	186	44	170	45	151	46	198	47	148	48	135	49	157	
	0	156	1	180	2	159	3	120	4	145	5	182	6	164	7	119	8	183	9	154	10	177	11	111	12	177	13	136	14	169	15	175	16	119	17	126	18	197	19	166	20	125	21	149	22	120	23	101	24	128	25	102	26	177	27	107	28	164	29	160	30	138	31	172	32	197	33	110	34	124	35	147	36	133	37	154	38	104	39	104	40	194	41	117	42	165	43	174	44	125	45	107	46	191	47	163	48	188	49	148	
	0	148	1	148	2	119	3	193	4	121	5	112	6	118	7	145	8	114	9	126	10	192	11	164	12	187	13	103	14	155	15	125	16	103	17	154	18	149	19	124	20	155	21	142	22	104	23	130	24	199	25	130	26	131	27	113	28	158	29	196	30	125	31	105	32	175	33	113	34	174	35	141	36	177	37	130	38	100	39	120	40	147	41	167	42	180	43	128	44	113	45	172	46	191	47	172	48	183	49	145	
	0	105	1	114	2	108	3	168	4	189	5	132	6	100	7	139	8	110	9	152	10	122	11	183	12	173	13	176	14	158	15	119	16	171	17	112	18	111	19	154	20	100	21	171	22	189	23	116	24	132	25	128	26	141	27	193	28	157	29	160	30	174	31	152	32	113	33	102	34	192	35	199	36	188	37	100	38	188	39	164	40	139	41	162	42	124	43	143	44	105	45	162	46	125	47	179	48	143	49	157	
	0	179	1	168	2	192	3	125	4	184	5	139	6	138	7	148	8	173	9	110	10	188	11	109	12	174	13	130	14	173	15	114	16	149	17	121	18	178	19	193	20	155	21	126	22	144	23	193	24	103	25	185	26	161	27	146	28	164	29	161	30	189	31	198	32	150	33	164	34	129	35	170	36	132	37	117	38	143	39	140	40	193	41	141	42	125	43	178	44	100	45	112	46	129	47	104	48	131	49	192	
	0	182	1	168	2	129	3	129	4	179	5	167	6	196	7	167	8	128	9	157	10	167	11	101	12	153	13	166	14	155	15	175	16	186	17	183	18	181	19	166	20	128	21	172	22	156	23	188	24	128	25	132	26	193	27	174	28	126	29	147	30	173	31	168	32	190	33	197	34	166	35	100	36	182	37	118	38	106	39	115	40	191	41	178	42	181	43	178	44	191	45	148	46	198	47	100	48	160	49	164	
	0	154	1	165	2	128	3	192	4	190	5	146	6	184	7	186	8	131	9	112	10	187	11	135	12	127	13	131	14	159	15	142	16	101	17	121	18	151	19	188	20	105	21	125	22	174	23	198	24	136	25	101	26	191	27	122	28	180	29	151	30	187	31	104	32	145	33	159	34	123	35	176	36	171	37	180	38	126	39	168	40	115	41	190	42	131	43	155	44	133	45	103	46	136	47	114	48	112	49	142	
	0	125	1	192	2	170	3	179	4	192	5	137	6	190	7	178	8	122	9	175	10	117	11	172	12	122	13	120	14	145	15	196	16	113	17	152	18	105	19	104	20	158	21	128	22	101	23	191	24	176	25	133	26	112	27	195	28	111	29	155	30	145	31	104	32	128	33	133	34	133	35	191	36	114	37	142	38	105	39	145	40	158	41	139	42	143	43	100	44	126	45	127	46	133	47	132	48	162	49	148	
	0	125	1	184	2	115	3	111	4	188	5	192	6	118	7	184	8	112	9	168	10	141	11	117	12	110	13	194	14	197	15	117	16	180	17	116	18	180	19	101	20	119	21	145	22	165	23	153	24	197	25	198	26	115	27	162	28	170	29	195	30	126	31	173	32	125	33	179	34	178	35	136	36	130	37	137	38	199	39	172	40	108	41	104	42	193	43	185	44	129	45	154	46	198	47	183	48	113	49	187	
	0	113	1	123	2	109	3	104	4	118	5	147	6	100	7	158	8	128	9	152	10	181	11	196	12	150	13	161	14	180	15	162	16	171	17	108	18	170	19	134	20	164	21	125	22	140	23	193	24	121	25	115	26	163	27	166	28	185	29	143	30	104	31	174	32	154	33	180	34	115	35	160	36	181	37	172	38	106	39	153	40	150	41	138	42	148	43	100	44	161	45	109	46	111	47	136	48	109	49	122	
	0	175	1	106	2	190	3	115	4	117	5	102	6	106	7	170	8	185	9	159	10	196	11	144	12	112	13	163	14	139	15	127	16	193	17	190	18	114	19	192	20	106	21	134	22	149	23	191	24	104	25	163	26	111	27	181	28	145	29	173	30	125	31	184	32	195	33	175	34	156	35	182	36	146	37	184	38	187	39	103	40	181	41	133	42	141	43	148	44	193	45	109	46	183	47	129	48	163	49	193	
	0	101	1	107	2	101	3	149	4	172	5	188	6	125	7	161	8	176	9	194	10	107	11	141	12	171	13	166	14	192	15	167	16	150	17	134	18	171	19	170	20	150	21	149	22	104	23	144	24	180	25	106	26	192	27	105	28	135	29	157	30	109	31	107	32	143	33	125	34	162	35	151	36	112	37	169	38	119	39	129	40	160	41	174	42	171	43	177	44	166	45	149	46	175	47	139	48	104	49	139	
	0	161	1	124	2	196	3	128	4	153	5	171	6	139	7	170	8	196	9	186	10	158	11	163	12	122	13	102	14	183	15	182	16	142	17	158	18	172	19	101	20	174	21	121	22	143	23	191	24	128	25	172	26	143	27	124	28	152	29	154	30	106	31	189	32	195	33	166	34	192	35	182	36	150	37	143	38	123	39	156	40	177	41	188	42	106	43	161	44	140	45	147	46	144	47	106	48	152	49	128	
	0	114	1	156	2	153	3	199	4	194	5	183	6	167	7	158	8	177	9	108	10	112	11	174	12	120	13	156	14	138	15	149	16	131	17	120	18	194	19	140	20	157	21	124	22	128	23	103	24	160	25	116	26	122	27	198	28	188	29	181	30	132	31	173	32	188	33	107	34	194	35	108	36	171	37	183	38	139	39	131	40	117	41	145	42	148	43	181	44	159	45	176	46	173	47	120	48	137	49	193	
	0	172	1	106	2	175	3	170	4	145	5	168	6	115	7	135	8	175	9	170	10	103	11	191	12	167	13	143	14	150	15	198	16	147	17	135	18	140	19	152	20	165	21	196	22	163	23	134	24	111	25	176	26	166	27	117	28	129	29	123	30	121	31	118	32	190	33	136	34	155	35	190	36	170	37	122	38	137	39	127	40	180	41	173	42	155	43	181	44	112	45	144	46	185	47	100	48	186	49	138	
	0	128	1	104	2	123	3	100	4	119	5	148	6	136	7	182	8	165	9	131	10	101	11	102	12	180	13	158	14	102	15	136	16	176	17	148	18	150	19	101	20	195	21	131	22	105	23	133	24	165	25	149	26	184	27	179	28	185	29	169	30	145	31	119	32	103	33	197	34	156	35	108	36	164	37	158	38	167	39	169	40	104	41	138	42	129	43	130	44	158	45	179	46	174	47	148	48	187	49	168	
	0	114	1	165	2	148	3	113	4	115	5	135	6	106	7	188	8	166	9	124	10	190	11	110	12	177	13	123	14	129	15	162	16	185	17	162	18	139	19	120	20	147	21	187	22	171	23	195	24	162	25	138	26	147	27	157	28	188	29	181	30	146	31	134	32	108	33	155	34	174	35	125	36	172	37	135	38	165	39	174	40	103	41	124	42	103	43	171	44	159	45	122	46	151	47	142	48	145	49	108	
	0	155	1	163	2	158	3	161	4	162	5	144	6	131	7	183	8	134	9	193	10	189	11	138	12	106	13	198	14	123	15	162	16	170	17	144	18	193	19	160	20	142	21	196	22	141	23	178	24	149	25	107	26	125	27	111	28	151	29	131	30	137	31	133	32	173	33	123	34	122	35	143	36	162	37	150	38	112	39	107	40	111	41	154	42	161	43	141	44	164	45	125	46	188	47	122	48	103	49	153	
	0	141	1	119	2	109	3	184	4	195	5	138	6	111	7	175	8	192	9	132	10	143	11	164	12	100	13	114	14	137	15	199	16	105	17	197	18	121	19	113	20	146	21	188	22	128	23	105	24	148	25	128	26	195	27	173	28	110	29	184	30	159	31	133	32	166	33	156	34	130	35	139	36	190	37	153	38	122	39	190	40	104	41	167	42	134	43	108	44	138	45	169	46	143	47	152	48	141	49	166	
	0	169	1	166	2	189	3	125	4	131	5	122	6	158	7	128	8	191	9	163	10	170	11	191	12	111	13	112	14	179	15	155	16	133	17	146	18	172	19	126	20	162	21	177	22	184	23	165	24	124	25	109	26	184	27	184	28	114	29	161	30	139	31	135	32	101	33	167	34	132	35	175	36	128	37	100	38	166	39	197	40	192	41	139	42	127	43	159	44	182	45	193	46	195	47	196	48	119	49	191	
	0	157	1	109	2	131	3	163	4	146	5	173	6	173	7	130	8	149	9	167	10	151	11	179	12	131	13	128	14	153	15	150	16	155	17	173	18	128	19	187	20	198	21	118	22	182	23	170	24	165	25	136	26	113	27	101	28	196	29	110	30	167	31	115	32	164	33	178	34	124	35	133	36	153	37	161	38	198	39	159	40	182	41	152	42	145	43	166	44	137	45	137	46	169	47	137	48	182	49	143	
	0	195	1	113	2	196	3	193	4	110	5	142	6	113	7	179	8	156	9	191	10	104	11	142	12	144	13	135	14	189	15	170	16	170	17	114	18	112	19	159	20	149	21	152	22	198	23	189	24	117	25	136	26	177	27	102	28	182	29	113	30	138	31	153	32	197	33	143	34	190	35	168	36	114	37	120	38	194	39	115	40	186	41	115	42	141	43	148	44	104	45	125	46	157	47	176	48	136	49	183	
	0	156	1	108	2	176	3	180	4	109	5	189	6	115	7	160	8	163	9	110	10	155	11	195	12	191	13	159	14	197	15	135	16	190	17	160	18	180	19	141	20	109	21	100	22	109	23	187	24	141	25	160	26	139	27	131	28	111	29	128	30	183	31	100	32	182	33	160	34	190	35	189	36	104	37	145	38	134	39	124	40	106	41	106	42	127	43	118	44	111	45	194	46	164	47	161	48	181	49	188	
	0	187	1	147	2	189	3	187	4	194	5	116	6	193	7	189	8	107	9	199	10	143	11	103	12	103	13	104	14	124	15	134	16	135	17	154	18	106	19	107	20	155	21	180	22	132	23	166	24	128	25	129	26	113	27	137	28	106	29	140	30	148	31	174	32	143	33	144	34	135	35	119	36	136	37	116	38	101	39	129	40	193	41	127	42	154	43	115	44	195	45	155	46	163	47	176	48	127	49	127	
	0	180	1	153	2	106	3	181	4	159	5	130	6	185	7	198	8	194	9	133	10	174	11	129	12	137	13	156	14	172	15	182	16	137	17	188	18	101	19	179	20	161	21	122	22	134	23	178	24	192	25	170	26	124	27	170	28	139	29	140	30	154	31	152	32	177	33	199	34	130	35	175	36	173	37	101	38	102	39	107	40	192	41	153	42	157	43	179	44	117	45	191	46	175	47	183	48	122	49	138	
	0	141	1	149	2	161	3	113	4	101	5	131	6	151	7	184	8	122	9	161	10	164	11	159	12	185	13	129	14	125	15	179	16	184	17	161	18	112	19	108	20	144	21	186	22	159	23	193	24	123	25	195	26	120	27	103	28	190	29	149	30	167	31	110	32	166	33	152	34	100	35	149	36	178	37	140	38	169	39	115	40	169	41	123	42	142	43	124	44	122	45	158	46	161	47	123	48	196	49	144	
	0	117	1	179	2	177	3	178	4	162	5	153	6	119	7	121	8	165	9	164	10	195	11	174	12	170	13	183	14	166	15	147	16	176	17	104	18	193	19	112	20	102	21	161	22	120	23	117	24	173	25	185	26	111	27	123	28	149	29	174	30	193	31	183	32	176	33	118	34	171	35	170	36	161	37	133	38	114	39	167	40	190	41	141	42	189	43	172	44	119	45	165	46	181	47	132	48	196	49	172	
	0	130	1	166	2	137	3	142	4	163	5	158	6	184	7	140	8	111	9	145	10	191	11	113	12	152	13	130	14	189	15	173	16	109	17	100	18	148	19	142	20	183	21	172	22	198	23	111	24	124	25	129	26	161	27	137	28	105	29	143	30	195	31	178	32	106	33	148	34	190	35	196	36	168	37	138	38	193	39	186	40	142	41	198	42	141	43	198	44	121	45	179	46	180	47	127	48	107	49	131	
	0	124	1	119	2	115	3	146	4	112	5	142	6	180	7	100	8	188	9	186	10	148	11	141	12	102	13	198	14	171	15	185	16	142	17	137	18	161	19	171	20	118	21	139	22	116	23	131	24	195	25	131	26	183	27	147	28	169	29	189	30	193	31	183	32	133	33	121	34	198	35	153	36	154	37	158	38	161	39	188	40	121	41	128	42	162	43	138	44	182	45	147	46	191	47	141	48	160	49	188	
	0	106	1	158	2	113	3	135	4	154	5	192	6	176	7	187	8	135	9	161	10	108	11	115	12	139	13	132	14	186	15	134	16	104	17	142	18	126	19	138	20	156	21	131	22	191	23	155	24	120	25	177	26	149	27	114	28	177	29	156	30	145	31	105	32	149	33	174	34	172	35	113	36	198	37	141	38	172	39	163	40	133	41	134	42	108	43	125	44	110	45	186	46	187	47	148	48	192	49	137	
	0	113	1	184	2	171	3	148	4	182	5	148	6	190	7	142	8	100	9	148	10	157	11	198	12	124	13	169	14	124	15	193	16	112	17	194	18	102	19	131	20	104	21	182	22	148	23	161	24	147	25	199	26	164	27	125	28	161	29	179	30	139	31	137	32	187	33	162	34	160	35	163	36	127	37	102	38	180	39	170	40	107	41	174	42	123	43	191	44	133	45	155	46	179	47	159	48	149	49	158	
	0	193	1	128	2	131	3	100	4	113	5	159	6	111	7	116	8	119	9	124	10	167	11	141	12	184	13	195	14	100	15	188	16	138	17	123	18	109	19	101	20	173	21	101	22	158	23	115	24	115	25	115	26	117	27	195	28	139	29	121	30	155	31	141	32	159	33	141	34	169	35	185	36	199	37	167	38	161	39	129	40	174	41	121	42	169	43	156	44	120	45	126	46	156	47	128	48	153	49	102	
	0	113	1	185	2	194	3	110	4	121	5	134	6	126	7	114	8	127	9	145	10	168	11	142	12	150	13	186	14	184	15	155	16	179	17	190	18	112	19	107	20	190	21	178	22	137	23	151	24	112	25	135	26	175	27	114	28	175	29	160	30	122	31	103	32	130	33	163	34	191	35	162	36	179	37	102	38	131	39	192	40	160	41	158	42	158	43	179	44	170	45	139	46	120	47	100	48	153	49	110	
	0	150	1	131	2	156	3	190	4	164	5	179	6	168	7	190	8	156	9	193	10	109	11	114	12	175	13	182	14	177	15	174	16	163	17	120	18	194	19	160	20	121	21	113	22	167	23	105	24	152	25	152	26	191	27	170	28	188	29	150	30	193	31	161	32	177	33	148	34	108	35	171	36	112	37	147	38	119	39	142	40	188	41	172	42	165	43	172	44	137	45	183	46	153	47	199	48	119	49	125	
	0	168	1	128	2	194	3	185	4	156	5	158	6	119	7	108	8	116	9	180	10	110	11	191	12	141	13	115	14	138	15	182	16	126	17	123	18	187	19	132	20	151	21	154	22	143	23	194	24	161	25	194	26	141	27	194	28	166	29	164	30	158	31	156	32	151	33	161	34	170	35	112	36	136	37	162	38	147	39	147	40	143	41	136	42	152	43	165	44	129	45	145	46	101	47	108	48	114	49	167	
	0	167	1	158	2	124	3	186	4	133	5	176	6	171	7	118	8	190	9	103	10	105	11	143	12	129	13	134	14	145	15	164	16	167	17	198	18	178	19	132	20	139	21	126	22	150	23	188	24	173	25	162	26	148	27	130	28	158	29	166	30	152	31	195	32	175	33	109	34	113	35	199	36	193	37	149	38	105	39	154	40	112	41	138	42	165	43	111	44	188	45	170	46	199	47	154	48	170	49	159	
	0	135	1	176	2	184	3	189	4	178	5	118	6	165	7	100	8	122	9	171	10	116	11	157	12	111	13	146	14	107	15	121	16	134	17	144	18	119	19	115	20	133	21	187	22	135	23	199	24	134	25	193	26	115	27	153	28	154	29	116	30	108	31	111	32	126	33	150	34	177	35	159	36	104	37	179	38	157	39	121	40	172	41	106	42	128	43	177	44	117	45	101	46	183	47	150	48	120	49	153	
	0	101	1	154	2	148	3	105	4	180	5	126	6	129	7	147	8	173	9	130	10	164	11	173	12	140	13	123	14	123	15	147	16	160	17	121	18	186	19	139	20	171	21	135	22	169	23	113	24	169	25	161	26	116	27	184	28	184	29	185	30	194	31	154	32	153	33	115	34	158	35	136	36	121	37	164	38	178	39	167	40	199	41	134	42	106	43	132	44	194	45	193	46	155	47	134	48	114	49	118	
	0	181	1	145	2	169	3	113	4	130	5	127	6	148	7	178	8	126	9	167	10	128	11	180	12	149	13	140	14	151	15	141	16	179	17	119	18	104	19	155	20	176	21	173	22	172	23	197	24	123	25	116	26	198	27	146	28	117	29	123	30	130	31	170	32	197	33	182	34	117	35	182	36	102	37	165	38	137	39	187	40	105	41	114	42	177	43	192	44	103	45	177	46	169	47	129	48	159	49	123	
	0	136	1	180	2	175	3	131	4	157	5	162	6	121	7	158	8	140	9	159	10	150	11	159	12	126	13	175	14	114	15	195	16	189	17	180	18	141	19	125	20	152	21	149	22	158	23	156	24	114	25	166	26	135	27	196	28	101	29	127	30	186	31	164	32	181	33	135	34	143	35	151	36	142	37	129	38	115	39	174	40	168	41	178	42	113	43	137	44	135	45	162	46	123	47	153	48	140	49	198	
	0	196	1	165	2	172	3	183	4	189	5	155	6	183	7	140	8	187	9	134	10	199	11	114	12	108	13	158	14	183	15	100	16	117	17	112	18	139	19	107	20	104	21	167	22	127	23	156	24	134	25	153	26	196	27	158	28	174	29	199	30	103	31	136	32	142	33	129	34	169	35	138	36	106	37	161	38	136	39	108	40	135	41	109	42	109	43	183	44	197	45	121	46	146	47	192	48	113	49	135	
	0	187	1	188	2	162	3	155	4	152	5	150	6	106	7	183	8	178	9	133	10	150	11	176	12	180	13	101	14	168	15	187	16	101	17	165	18	197	19	146	20	177	21	132	22	147	23	192	24	141	25	133	26	156	27	116	28	183	29	109	30	194	31	111	32	162	33	135	34	195	35	108	36	150	37	150	38	161	39	188	40	177	41	147	42	166	43	167	44	136	45	179	46	141	47	193	48	126	49	141	
	0	198	1	192	2	186	3	121	4	148	5	115	6	155	7	168	8	115	9	140	10	120	11	168	12	188	13	120	14	190	15	105	16	185	17	187	18	143	19	122	20	181	21	135	22	121	23	169	24	108	25	165	26	152	27	169	28	169	29	190	30	137	31	110	32	173	33	141	34	128	35	160	36	118	37	175	38	188	39	173	40	104	41	161	42	187	43	130	44	107	45	198	46	117	47	145	48	178	49	140	
	0	179	1	176	2	148	3	132	4	101	5	106	6	114	7	162	8	167	9	107	10	157	11	175	12	169	13	159	14	114	15	174	16	142	17	108	18	108	19	167	20	140	21	180	22	184	23	135	24	195	25	153	26	184	27	105	28	192	29	120	30	163	31	170	32	124	33	102	34	170	35	195	36	138	37	163	38	137	39	121	40	133	41	173	42	192	43	190	44	107	45	124	46	176	47	123	48	124	49	140	
	0	130	1	175	2	187	3	168	4	147	5	133	6	104	7	155	8	195	9	138	10	138	11	193	12	108	13	102	14	171	15	115	16	106	17	181	18	135	19	136	20	117	21	148	22	178	23	151	24	199	25	197	26	139	27	122	28	137	29	176	30	126	31	110	32	124	33	147	34	172	35	198	36	117	37	161	38	190	39	198	40	147	41	180	42	196	43	129	44	125	45	196	46	117	47	154	48	112	49	177	
	0	181	1	160	2	186	3	165	4	102	5	197	6	197	7	140	8	144	9	117	10	155	11	172	12	116	13	160	14	191	15	192	16	180	17	137	18	182	19	101	20	137	21	180	22	120	23	168	24	170	25	111	26	194	27	104	28	165	29	157	30	185	31	184	32	168	33	147	34	116	35	197	36	102	37	151	38	186	39	185	40	183	41	164	42	195	43	129	44	186	45	104	46	103	47	161	48	107	49	170	
	0	122	1	185	2	130	3	183	4	159	5	193	6	171	7	188	8	170	9	138	10	147	11	194	12	132	13	152	14	115	15	191	16	107	17	155	18	112	19	109	20	195	21	110	22	180	23	183	24	137	25	161	26	181	27	145	28	131	29	166	30	140	31	189	32	113	33	171	34	184	35	161	36	171	37	194	38	176	39	163	40	147	41	137	42	167	43	199	44	181	45	187	46	175	47	189	48	135	49	193	
	0	150	1	191	2	147	3	162	4	186	5	115	6	182	7	176	8	128	9	130	10	111	11	188	12	188	13	177	14	195	15	197	16	115	17	160	18	180	19	166	20	181	21	185	22	152	23	182	24	117	25	183	26	177	27	188	28	116	29	103	30	111	31	153	32	199	33	153	34	143	35	106	36	162	37	156	38	116	39	188	40	126	41	133	42	155	43	138	44	198	45	174	46	187	47	108	48	147	49	178	
	0	179	1	146	2	177	3	173	4	196	5	153	6	166	7	106	8	112	9	104	10	101	11	181	12	113	13	172	14	167	15	131	16	110	17	164	18	120	19	165	20	127	21	171	22	109	23	169	24	121	25	188	26	183	27	141	28	139	29	140	30	116	31	126	32	191	33	108	34	165	35	180	36	112	37	102	38	104	39	184	40	180	41	178	42	107	43	106	44	151	45	110	46	174	47	190	48	113	49	174	
	0	187	1	167	2	153	3	103	4	185	5	158	6	114	7	166	8	143	9	181	10	129	11	133	12	110	13	108	14	185	15	147	16	181	17	166	18	101	19	161	20	145	21	108	22	144	23	118	24	130	25	127	26	115	27	103	28	153	29	120	30	190	31	103	32	196	33	121	34	189	35	197	36	164	37	188	38	156	39	173	40	194	41	127	42	183	43	159	44	146	45	111	46	196	47	128	48	136	49	190	
	0	197	1	113	2	152	3	136	4	157	5	152	6	153	7	191	8	115	9	162	10	114	11	154	12	152	13	132	14	179	15	124	16	115	17	120	18	187	19	155	20	134	21	156	22	179	23	151	24	103	25	165	26	134	27	117	28	188	29	149	30	151	31	120	32	101	33	103	34	177	35	199	36	193	37	137	38	149	39	131	40	100	41	144	42	187	43	156	44	144	45	168	46	139	47	195	48	158	49	199	
	0	111	1	142	2	153	3	151	4	151	5	164	6	162	7	148	8	104	9	169	10	194	11	140	12	197	13	158	14	105	15	163	16	192	17	141	18	148	19	131	20	122	21	142	22	154	23	197	24	183	25	143	26	129	27	115	28	141	29	191	30	192	31	161	32	191	33	171	34	152	35	102	36	141	37	195	38	116	39	184	40	191	41	111	42	186	43	172	44	156	45	133	46	153	47	109	48	161	49	162	
	0	132	1	117	2	111	3	117	4	105	5	109	6	114	7	177	8	132	9	153	10	116	11	148	12	163	13	171	14	199	15	149	16	135	17	122	18	122	19	119	20	117	21	180	22	183	23	135	24	166	25	198	26	157	27	115	28	193	29	176	30	117	31	102	32	151	33	120	34	181	35	124	36	173	37	163	38	144	39	191	40	119	41	171	42	130	43	197	44	148	45	193	46	175	47	136	48	187	49	198	
	0	138	1	105	2	157	3	106	4	144	5	196	6	196	7	109	8	115	9	196	10	196	11	125	12	179	13	177	14	113	15	138	16	196	17	182	18	134	19	193	20	162	21	138	22	157	23	128	24	184	25	182	26	155	27	110	28	103	29	116	30	152	31	187	32	168	33	112	34	107	35	176	36	143	37	196	38	108	39	117	40	120	41	175	42	192	43	112	44	170	45	147	46	177	47	174	48	115	49	139	
	0	180	1	161	2	146	3	168	4	179	5	136	6	169	7	132	8	180	9	104	10	187	11	162	12	140	13	147	14	197	15	168	16	133	17	171	18	106	19	166	20	129	21	154	22	177	23	137	24	175	25	149	26	176	27	144	28	143	29	116	30	159	31	144	32	118	33	115	34	138	35	179	36	192	37	159	38	195	39	179	40	191	41	193	42	188	43	136	44	117	45	172	46	181	47	191	48	122	49	159	
	0	127	1	182	2	151	3	149	4	178	5	169	6	131	7	132	8	153	9	136	10	112	11	129	12	127	13	177	14	142	15	137	16	168	17	197	18	109	19	158	20	191	21	194	22	188	23	106	24	177	25	175	26	139	27	198	28	168	29	175	30	169	31	195	32	145	33	128	34	123	35	125	36	138	37	172	38	178	39	192	40	135	41	148	42	192	43	139	44	129	45	109	46	130	47	118	48	178	49	184	
	0	145	1	148	2	169	3	165	4	195	5	139	6	130	7	143	8	141	9	119	10	113	11	192	12	128	13	149	14	132	15	144	16	120	17	166	18	130	19	113	20	193	21	182	22	179	23	106	24	193	25	137	26	130	27	188	28	172	29	101	30	144	31	122	32	188	33	182	34	196	35	153	36	100	37	143	38	151	39	144	40	171	41	181	42	196	43	151	44	177	45	179	46	116	47	114	48	199	49	112	
	0	189	1	169	2	180	3	122	4	122	5	159	6	141	7	164	8	113	9	147	10	118	11	135	12	120	13	165	14	123	15	118	16	169	17	114	18	106	19	115	20	196	21	182	22	182	23	127	24	187	25	127	26	153	27	194	28	185	29	183	30	171	31	116	32	148	33	124	34	147	35	140	36	159	37	111	38	104	39	170	40	188	41	178	42	101	43	179	44	111	45	144	46	129	47	166	48	155	49	167	
	0	179	1	120	2	145	3	198	4	197	5	169	6	108	7	133	8	136	9	129	10	140	11	189	12	120	13	185	14	167	15	129	16	158	17	167	18	198	19	182	20	112	21	166	22	132	23	192	24	149	25	119	26	166	27	154	28	103	29	133	30	155	31	141	32	117	33	139	34	159	35	190	36	149	37	172	38	107	39	120	40	158	41	190	42	140	43	101	44	183	45	183	46	118	47	100	48	145	49	173	
	0	187	1	189	2	120	3	132	4	173	5	194	6	198	7	121	8	112	9	173	10	180	11	188	12	189	13	187	14	169	15	127	16	104	17	167	18	157	19	199	20	110	21	137	22	175	23	107	24	120	25	179	26	123	27	111	28	176	29	166	30	160	31	172	32	194	33	178	34	193	35	124	36	198	37	187	38	116	39	130	40	148	41	104	42	136	43	169	44	136	45	134	46	112	47	187	48	190	49	138	
	0	193	1	178	2	143	3	132	4	147	5	177	6	130	7	195	8	121	9	160	10	178	11	183	12	171	13	152	14	191	15	170	16	129	17	191	18	123	19	144	20	159	21	130	22	189	23	186	24	100	25	178	26	114	27	125	28	180	29	102	30	116	31	177	32	114	33	185	34	138	35	100	36	134	37	164	38	130	39	166	40	152	41	134	42	159	43	126	44	197	45	135	46	131	47	130	48	136	49	192	
	0	118	1	108	2	102	3	141	4	104	5	109	6	139	7	199	8	192	9	173	10	114	11	133	12	102	13	137	14	123	15	145	16	109	17	154	18	107	19	155	20	198	21	154	22	192	23	141	24	188	25	195	26	156	27	147	28	105	29	132	30	157	31	164	32	193	33	112	34	151	35	122	36	134	37	108	38	197	39	158	40	129	41	105	42	102	43	175	44	124	45	171	46	140	47	185	48	142	49	133	
	0	176	1	115	2	115	3	128	4	154	5	122	6	101	7	183	8	134	9	190	10	124	11	194	12	120	13	149	14	157	15	132	16	116	17	103	18	120	19	187	20	167	21	129	22	103	23	182	24	196	25	186	26	115	27	113	28	174	29	165	30	125	31	113	32	111	33	185	34	110	35	105	36	193	37	124	38	101	39	174	40	116	41	105	42	130	43	174	44	150	45	121	46	129	47	147	48	135	49	162	
	0	176	1	130	2	121	3	195	4	190	5	100	6	115	7	112	8	197	9	173	10	173	11	182	12	104	13	180	14	114	15	159	16	162	17	167	18	106	19	175	20	117	21	135	22	107	23	103	24	147	25	150	26	122	27	112	28	110	29	141	30	138	31	167	32	132	33	117	34	198	35	129	36	196	37	177	38	121	39	194	40	120	41	177	42	100	43	167	44	184	45	103	46	163	47	181	48	171	49	195	
	0	196	1	164	2	149	3	103	4	189	5	123	6	193	7	148	8	192	9	100	10	180	11	163	12	182	13	128	14	103	15	180	16	126	17	121	18	191	19	152	20	193	21	172	22	103	23	135	24	131	25	120	26	100	27	144	28	103	29	161	30	157	31	122	32	127	33	142	34	188	35	125	36	191	37	152	38	133	39	118	40	189	41	195	42	139	43	120	44	115	45	135	46	193	47	143	48	106	49	185	
	0	152	1	139	2	114	3	114	4	134	5	186	6	166	7	197	8	118	9	103	10	178	11	105	12	156	13	122	14	104	15	105	16	183	17	110	18	185	19	155	20	180	21	111	22	153	23	180	24	122	25	193	26	165	27	174	28	115	29	118	30	145	31	105	32	182	33	186	34	165	35	191	36	149	37	133	38	194	39	123	40	199	41	184	42	192	43	166	44	192	45	117	46	174	47	197	48	170	49	109	
	0	143	1	184	2	133	3	134	4	150	5	151	6	121	7	174	8	196	9	198	10	151	11	197	12	183	13	199	14	178	15	143	16	175	17	189	18	177	19	174	20	123	21	109	22	103	23	125	24	169	25	116	26	106	27	177	28	174	29	123	30	144	31	167	32	164	33	155	34	168	35	173	36	178	37	125	38	130	39	170	40	156	41	182	42	183	43	112	44	169	45	149	46	192	47	163	48	118	49	154	
	0	148	1	132	2	104	3	147	4	189	5	197	6	193	7	190	8	156	9	160	10	139	11	150	12	154	13	167	14	190	15	115	16	185	17	191	18	113	19	173	20	171	21	154	22	193	23	169	24	193	25	175	26	150	27	174	28	183	29	148	30	139	31	187	32	104	33	150	34	165	35	158	36	194	37	182	38	191	39	142	40	184	41	101	42	101	43	166	44	132	45	122	46	107	47	117	48	184	49	139	
	0	174	1	139	2	124	3	153	4	143	5	134	6	115	7	134	8	147	9	139	10	176	11	162	12	166	13	103	14	172	15	154	16	163	17	125	18	157	19	104	20	153	21	170	22	197	23	159	24	113	25	180	26	105	27	120	28	101	29	181	30	146	31	143	32	141	33	136	34	195	35	152	36	145	37	146	38	192	39	177	40	127	41	186	42	135	43	164	44	199	45	160	46	152	47	155	48	173	49	112	
	0	107	1	140	2	193	3	163	4	195	5	156	6	154	7	123	8	186	9	180	10	110	11	179	12	109	13	166	14	103	15	118	16	134	17	182	18	145	19	193	20	109	21	196	22	102	23	165	24	107	25	103	26	182	27	144	28	196	29	125	30	195	31	187	32	140	33	109	34	197	35	124	36	199	37	143	38	113	39	179	40	191	41	186	42	104	43	146	44	147	45	124	46	135	47	131	48	197	49	160	
	0	157	1	158	2	176	3	172	4	189	5	195	6	149	7	102	8	154	9	112	10	164	11	172	12	122	13	127	14	140	15	165	16	155	17	147	18	115	19	163	20	145	21	196	22	143	23	191	24	137	25	104	26	175	27	141	28	166	29	143	30	150	31	185	32	162	33	107	34	171	35	115	36	196	37	197	38	196	39	114	40	149	41	119	42	129	43	172	44	193	45	103	46	126	47	197	48	136	49	174	
	0	173	1	158	2	119	3	163	4	103	5	171	6	166	7	183	8	181	9	117	10	127	11	196	12	123	13	122	14	132	15	122	16	160	17	150	18	109	19	134	20	126	21	166	22	102	23	175	24	145	25	120	26	177	27	183	28	159	29	107	30	157	31	114	32	132	33	147	34	186	35	147	36	187	37	169	38	191	39	148	40	173	41	112	42	106	43	156	44	116	45	198	46	167	47	160	48	153	49	193	
	0	166	1	170	2	113	3	175	4	108	5	146	6	122	7	178	8	149	9	152	10	186	11	179	12	124	13	195	14	152	15	114	16	174	17	128	18	102	19	189	20	108	21	114	22	199	23	105	24	144	25	158	26	119	27	178	28	191	29	149	30	181	31	161	32	175	33	161	34	177	35	100	36	156	37	197	38	111	39	185	40	129	41	185	42	156	43	168	44	182	45	105	46	169	47	131	48	176	49	182	
	0	129	1	113	2	144	3	119	4	140	5	130	6	168	7	119	8	126	9	109	10	172	11	152	12	156	13	192	14	123	15	100	16	131	17	114	18	143	19	112	20	192	21	121	22	110	23	150	24	101	25	107	26	138	27	191	28	103	29	102	30	199	31	102	32	119	33	186	34	149	35	153	36	119	37	119	38	171	39	194	40	101	41	196	42	126	43	130	44	107	45	108	46	126	47	166	48	115	49	129	
	0	171	1	159	2	181	3	190	4	180	5	171	6	161	7	159	8	130	9	150	10	170	11	175	12	151	13	131	14	138	15	127	16	122	17	125	18	139	19	174	20	196	21	179	22	113	23	147	24	145	25	124	26	128	27	143	28	165	29	139	30	169	31	168	32	189	33	137	34	191	35	148	36	153	37	105	38	159	39	101	40	177	41	142	42	111	43	118	44	165	45	122	46	175	47	133	48	138	49	183	