100 50 1
50
	0	102	1	196	2	170	3	141	4	176	5	198	6	133	7	122	8	166	9	180	10	176	11	171	12	119	13	148	14	142	15	110	16	127	17	161	18	172	19	109	20	174	21	137	22	113	23	169	24	114	25	129	26	178	27	192	28	103	29	197	30	115	31	178	32	175	33	108	34	194	35	120	36	143	37	173	38	100	39	168	40	187	41	116	42	114	43	129	44	118	45	150	46	117	47	118	48	159	49	155	
	0	186	1	129	2	116	3	186	4	194	5	110	6	112	7	124	8	133	9	199	10	184	11	195	12	174	13	170	14	122	15	166	16	115	17	161	18	198	19	162	20	147	21	175	22	134	23	143	24	171	25	197	26	174	27	145	28	105	29	174	30	173	31	118	32	136	33	100	34	140	35	164	36	116	37	193	38	153	39	105	40	177	41	141	42	140	43	191	44	180	45	155	46	169	47	163	48	178	49	160	
	0	169	1	145	2	106	3	101	4	155	5	153	6	134	7	199	8	159	9	138	10	182	11	156	12	187	13	117	14	173	15	146	16	178	17	154	18	112	19	173	20	191	21	142	22	153	23	148	24	102	25	132	26	197	27	176	28	130	29	169	30	182	31	143	32	115	33	147	34	173	35	160	36	194	37	107	38	156	39	176	40	104	41	119	42	104	43	113	44	176	45	123	46	145	47	148	48	142	49	193	
	0	171	1	152	2	117	3	140	4	197	5	187	6	199	7	126	8	177	9	134	10	100	11	121	12	192	13	144	14	125	15	176	16	160	17	128	18	140	19	179	20	140	21	167	22	102	23	140	24	146	25	125	26	144	27	138	28	101	29	185	30	131	31	116	32	183	33	180	34	195	35	144	36	182	37	123	38	186	39	118	40	147	41	165	42	139	43	187	44	151	45	142	46	118	47	191	48	178	49	171	
	0	131	1	123	2	190	3	196	4	100	5	153	6	162	7	160	8	195	9	185	10	132	11	109	12	173	13	156	14	121	15	135	16	129	17	152	18	159	19	175	20	133	21	176	22	129	23	168	24	159	25	144	26	143	27	190	28	107	29	184	30	133	31	199	32	149	33	105	34	119	35	187	36	127	37	196	38	107	39	197	40	162	41	180	42	199	43	165	44	182	45	192	46	101	47	101	48	103	49	198	
	0	157	1	123	2	110	3	191	4	150	5	192	6	121	7	106	8	169	9	107	10	116	11	121	12	143	13	105	14	109	15	158	16	122	17	189	18	103	19	128	20	144	21	198	22	123	23	183	24	177	25	160	26	168	27	117	28	174	29	132	30	169	31	116	32	119	33	195	34	129	35	196	36	197	37	146	38	159	39	138	40	124	41	133	42	144	43	155	44	133	45	117	46	151	47	119	48	196	49	145	
	0	143	1	107	2	151	3	197	4	192	5	126	6	198	7	126	8	184	9	199	10	154	11	130	12	156	13	104	14	189	15	151	16	120	17	170	18	143	19	167	20	163	21	169	22	169	23	136	24	196	25	120	26	128	27	127	28	175	29	107	30	148	31	139	32	109	33	173	34	142	35	134	36	188	37	156	38	187	39	147	40	137	41	189	42	176	43	152	44	167	45	192	46	156	47	108	48	177	49	197	
	0	189	1	130	2	172	3	173	4	119	5	144	6	168	7	116	8	150	9	103	10	117	11	105	12	179	13	112	14	154	15	131	16	194	17	151	18	179	19	179	20	139	21	140	22	152	23	115	24	135	25	170	26	174	27	182	28	179	29	193	30	132	31	183	32	161	33	194	34	198	35	164	36	134	37	102	38	179	39	130	40	144	41	168	42	134	43	191	44	108	45	110	46	121	47	121	48	127	49	142	
	0	117	1	106	2	183	3	112	4	181	5	190	6	105	7	132	8	165	9	124	10	127	11	163	12	150	13	181	14	184	15	150	16	141	17	160	18	103	19	153	20	174	21	175	22	110	23	159	24	169	25	151	26	131	27	123	28	112	29	150	30	113	31	121	32	118	33	185	34	102	35	147	36	103	37	110	38	152	39	165	40	160	41	176	42	103	43	185	44	199	45	198	46	198	47	163	48	142	49	155	
	0	146	1	130	2	113	3	138	4	183	5	160	6	129	7	151	8	121	9	127	10	195	11	114	12	176	13	169	14	119	15	168	16	112	17	134	18	111	19	182	20	166	21	163	22	187	23	197	24	175	25	135	26	191	27	180	28	115	29	105	30	191	31	155	32	113	33	139	34	179	35	196	36	145	37	106	38	144	39	194	40	197	41	124	42	112	43	130	44	192	45	125	46	154	47	139	48	134	49	132	
	0	157	1	174	2	177	3	144	4	151	5	114	6	104	7	113	8	165	9	139	10	115	11	179	12	146	13	190	14	182	15	190	16	197	17	109	18	135	19	175	20	189	21	131	22	151	23	112	24	149	25	198	26	145	27	144	28	121	29	187	30	152	31	165	32	176	33	108	34	110	35	137	36	131	37	197	38	105	39	171	40	114	41	116	42	117	43	191	44	122	45	114	46	181	47	131	48	139	49	160	
	0	116	1	181	2	177	3	164	4	140	5	115	6	175	7	177	8	134	9	197	10	163	11	186	12	104	13	193	14	157	15	169	16	173	17	105	18	126	19	181	20	191	21	166	22	169	23	130	24	119	25	167	26	151	27	109	28	181	29	112	30	104	31	193	32	174	33	125	34	134	35	136	36	128	37	159	38	137	39	152	40	121	41	105	42	128	43	113	44	196	45	197	46	160	47	103	48	162	49	153	
	0	162	1	106	2	165	3	161	4	176	5	118	6	183	7	116	8	141	9	110	10	178	11	119	12	141	13	193	14	111	15	187	16	130	17	139	18	197	19	166	20	164	21	110	22	144	23	136	24	128	25	104	26	160	27	152	28	132	29	142	30	116	31	186	32	155	33	159	34	115	35	109	36	176	37	192	38	159	39	125	40	120	41	176	42	157	43	187	44	186	45	139	46	196	47	174	48	147	49	141	
	0	169	1	139	2	140	3	196	4	173	5	101	6	132	7	155	8	151	9	134	10	194	11	109	12	101	13	182	14	183	15	134	16	102	17	144	18	192	19	159	20	189	21	112	22	177	23	117	24	169	25	177	26	198	27	180	28	198	29	168	30	103	31	173	32	140	33	102	34	140	35	189	36	110	37	182	38	142	39	135	40	197	41	175	42	150	43	149	44	160	45	181	46	123	47	130	48	145	49	100	
	0	194	1	159	2	118	3	163	4	178	5	168	6	154	7	123	8	154	9	176	10	159	11	167	12	109	13	169	14	197	15	196	16	165	17	110	18	116	19	129	20	144	21	146	22	175	23	124	24	167	25	153	26	172	27	189	28	144	29	131	30	169	31	117	32	191	33	145	34	174	35	175	36	197	37	109	38	185	39	159	40	154	41	154	42	136	43	140	44	194	45	128	46	152	47	180	48	106	49	134	
	0	103	1	147	2	121	3	137	4	148	5	180	6	110	7	142	8	167	9	184	10	197	11	129	12	165	13	149	14	142	15	197	16	193	17	124	18	105	19	168	20	189	21	168	22	173	23	187	24	164	25	114	26	144	27	194	28	174	29	130	30	105	31	106	32	155	33	112	34	181	35	125	36	112	37	112	38	114	39	148	40	143	41	139	42	190	43	156	44	150	45	162	46	104	47	126	48	191	49	146	
	0	186	1	164	2	107	3	143	4	172	5	130	6	117	7	135	8	176	9	171	10	178	11	150	12	188	13	102	14	140	15	171	16	164	17	140	18	128	19	174	20	105	21	166	22	153	23	126	24	187	25	180	26	171	27	111	28	137	29	109	30	160	31	148	32	105	33	191	34	114	35	131	36	166	37	188	38	134	39	149	40	171	41	183	42	141	43	121	44	107	45	180	46	170	47	169	48	174	49	127	
	0	103	1	140	2	108	3	188	4	134	5	193	6	104	7	105	8	100	9	172	10	193	11	165	12	116	13	179	14	196	15	136	16	151	17	192	18	149	19	184	20	151	21	165	22	136	23	182	24	162	25	118	26	196	27	147	28	113	29	110	30	100	31	131	32	150	33	181	34	154	35	171	36	104	37	195	38	129	39	179	40	146	41	158	42	135	43	111	44	175	45	171	46	125	47	151	48	193	49	190	
	0	127	1	114	2	123	3	187	4	183	5	108	6	141	7	181	8	176	9	157	10	116	11	106	12	137	13	142	14	144	15	130	16	121	17	175	18	108	19	117	20	175	21	158	22	188	23	172	24	115	25	166	26	120	27	148	28	194	29	140	30	184	31	186	32	184	33	100	34	112	35	178	36	180	37	178	38	119	39	123	40	146	41	170	42	117	43	141	44	176	45	114	46	134	47	166	48	186	49	191	
	0	181	1	107	2	129	3	138	4	138	5	110	6	195	7	123	8	165	9	166	10	145	11	159	12	137	13	183	14	101	15	176	16	116	17	100	18	127	19	138	20	171	21	107	22	108	23	108	24	158	25	178	26	183	27	181	28	175	29	109	30	193	31	195	32	113	33	181	34	163	35	184	36	165	37	149	38	121	39	125	40	196	41	144	42	189	43	192	44	195	45	109	46	126	47	178	48	120	49	111	
	0	145	1	197	2	166	3	121	4	135	5	148	6	161	7	155	8	177	9	145	10	111	11	171	12	193	13	176	14	119	15	186	16	109	17	114	18	105	19	175	20	146	21	165	22	154	23	155	24	186	25	167	26	110	27	148	28	187	29	167	30	164	31	164	32	196	33	119	34	135	35	109	36	163	37	184	38	188	39	190	40	127	41	100	42	155	43	165	44	106	45	162	46	110	47	132	48	135	49	157	
	0	184	1	111	2	153	3	182	4	116	5	143	6	113	7	169	8	163	9	189	10	195	11	154	12	116	13	110	14	122	15	196	16	151	17	196	18	135	19	116	20	172	21	139	22	135	23	160	24	102	25	130	26	190	27	144	28	156	29	173	30	185	31	161	32	116	33	110	34	175	35	129	36	192	37	192	38	164	39	184	40	142	41	183	42	119	43	152	44	100	45	147	46	146	47	181	48	120	49	129	
	0	176	1	155	2	125	3	132	4	183	5	148	6	141	7	102	8	143	9	171	10	191	11	162	12	124	13	147	14	185	15	186	16	116	17	146	18	187	19	193	20	157	21	133	22	169	23	130	24	130	25	189	26	148	27	113	28	104	29	104	30	169	31	116	32	101	33	118	34	171	35	115	36	125	37	123	38	143	39	121	40	150	41	138	42	105	43	122	44	194	45	137	46	174	47	129	48	123	49	196	
	0	181	1	143	2	163	3	104	4	199	5	155	6	153	7	148	8	164	9	137	10	152	11	150	12	175	13	162	14	111	15	116	16	166	17	173	18	183	19	171	20	120	21	164	22	182	23	126	24	116	25	163	26	181	27	196	28	199	29	110	30	101	31	167	32	113	33	154	34	186	35	161	36	193	37	169	38	124	39	109	40	179	41	147	42	131	43	156	44	164	45	118	46	138	47	110	48	170	49	174	
	0	104	1	139	2	145	3	162	4	180	5	106	6	117	7	135	8	132	9	149	10	189	11	190	12	138	13	128	14	193	15	138	16	130	17	149	18	177	19	144	20	190	21	177	22	191	23	159	24	107	25	184	26	112	27	180	28	102	29	195	30	166	31	158	32	105	33	179	34	129	35	167	36	176	37	151	38	120	39	119	40	151	41	146	42	107	43	103	44	121	45	195	46	152	47	154	48	107	49	138	
	0	131	1	124	2	192	3	164	4	159	5	180	6	102	7	163	8	166	9	192	10	134	11	192	12	152	13	192	14	128	15	131	16	189	17	132	18	182	19	136	20	165	21	147	22	167	23	109	24	130	25	188	26	155	27	171	28	133	29	132	30	126	31	109	32	197	33	182	34	166	35	141	36	198	37	111	38	159	39	154	40	158	41	191	42	111	43	192	44	154	45	174	46	106	47	174	48	156	49	100	
	0	181	1	158	2	124	3	134	4	110	5	144	6	165	7	117	8	175	9	125	10	134	11	106	12	193	13	119	14	186	15	141	16	192	17	157	18	197	19	100	20	162	21	175	22	169	23	132	24	196	25	140	26	158	27	102	28	168	29	166	30	118	31	195	32	109	33	105	34	185	35	113	36	146	37	165	38	172	39	107	40	123	41	160	42	109	43	177	44	130	45	118	46	127	47	161	48	105	49	183	
	0	108	1	179	2	115	3	156	4	186	5	183	6	106	7	120	8	186	9	180	10	145	11	194	12	124	13	133	14	144	15	179	16	111	17	149	18	113	19	170	20	136	21	161	22	153	23	169	24	143	25	189	26	140	27	147	28	150	29	159	30	105	31	163	32	108	33	183	34	134	35	172	36	197	37	104	38	165	39	147	40	187	41	122	42	197	43	166	44	149	45	195	46	152	47	135	48	192	49	135	
	0	133	1	185	2	172	3	187	4	153	5	159	6	180	7	169	8	171	9	127	10	195	11	198	12	186	13	191	14	167	15	186	16	176	17	122	18	131	19	156	20	152	21	197	22	153	23	198	24	172	25	118	26	186	27	140	28	174	29	103	30	118	31	198	32	157	33	196	34	197	35	157	36	164	37	143	38	129	39	146	40	107	41	188	42	181	43	186	44	146	45	192	46	161	47	162	48	172	49	104	
	0	159	1	126	2	180	3	195	4	108	5	113	6	134	7	110	8	194	9	104	10	113	11	184	12	195	13	121	14	149	15	165	16	138	17	108	18	182	19	136	20	160	21	184	22	165	23	140	24	188	25	119	26	181	27	145	28	128	29	127	30	101	31	144	32	110	33	103	34	109	35	181	36	188	37	111	38	132	39	182	40	173	41	184	42	102	43	141	44	185	45	103	46	102	47	131	48	143	49	187	
	0	135	1	159	2	189	3	135	4	155	5	173	6	144	7	130	8	161	9	188	10	111	11	151	12	121	13	160	14	135	15	101	16	154	17	114	18	185	19	124	20	117	21	110	22	196	23	151	24	173	25	158	26	177	27	177	28	130	29	181	30	137	31	182	32	186	33	119	34	118	35	107	36	163	37	165	38	199	39	110	40	132	41	129	42	158	43	153	44	171	45	175	46	107	47	198	48	132	49	183	
	0	115	1	184	2	136	3	158	4	114	5	109	6	165	7	180	8	163	9	143	10	107	11	185	12	171	13	142	14	152	15	129	16	126	17	151	18	156	19	159	20	170	21	159	22	154	23	197	24	108	25	100	26	156	27	177	28	101	29	169	30	179	31	135	32	162	33	126	34	151	35	146	36	128	37	178	38	139	39	135	40	151	41	104	42	184	43	170	44	134	45	102	46	116	47	112	48	136	49	184	
	0	118	1	138	2	187	3	110	4	165	5	167	6	183	7	173	8	186	9	125	10	157	11	167	12	171	13	110	14	169	15	183	16	177	17	151	18	117	19	163	20	107	21	134	22	157	23	178	24	181	25	168	26	101	27	178	28	136	29	141	30	194	31	102	32	105	33	144	34	185	35	162	36	179	37	160	38	105	39	199	40	107	41	145	42	144	43	127	44	119	45	166	46	122	47	139	48	167	49	119	
	0	150	1	111	2	184	3	158	4	101	5	111	6	182	7	166	8	124	9	118	10	102	11	116	12	166	13	185	14	105	15	136	16	161	17	195	18	156	19	152	20	179	21	172	22	133	23	128	24	133	25	197	26	175	27	136	28	179	29	181	30	195	31	143	32	149	33	154	34	171	35	114	36	147	37	108	38	143	39	166	40	140	41	143	42	110	43	132	44	130	45	156	46	171	47	113	48	122	49	165	
	0	126	1	102	2	157	3	194	4	170	5	174	6	129	7	149	8	184	9	123	10	129	11	127	12	102	13	107	14	181	15	180	16	127	17	123	18	166	19	132	20	101	21	151	22	105	23	164	24	153	25	169	26	108	27	129	28	113	29	173	30	104	31	149	32	159	33	154	34	100	35	134	36	133	37	171	38	175	39	124	40	170	41	148	42	164	43	143	44	193	45	176	46	155	47	198	48	190	49	152	
	0	100	1	101	2	150	3	161	4	137	5	165	6	147	7	140	8	133	9	198	10	161	11	167	12	136	13	130	14	143	15	145	16	134	17	176	18	119	19	135	20	159	21	136	22	117	23	138	24	184	25	166	26	171	27	192	28	142	29	171	30	138	31	106	32	171	33	169	34	168	35	168	36	166	37	198	38	179	39	101	40	161	41	168	42	142	43	159	44	194	45	108	46	139	47	139	48	115	49	180	
	0	170	1	182	2	170	3	184	4	160	5	131	6	129	7	151	8	144	9	168	10	163	11	108	12	147	13	109	14	129	15	141	16	170	17	184	18	108	19	148	20	123	21	163	22	112	23	194	24	160	25	137	26	140	27	155	28	151	29	127	30	109	31	173	32	131	33	156	34	183	35	109	36	120	37	199	38	179	39	156	40	128	41	141	42	192	43	115	44	146	45	115	46	164	47	133	48	140	49	193	
	0	106	1	110	2	132	3	187	4	110	5	146	6	115	7	145	8	192	9	128	10	195	11	190	12	195	13	117	14	111	15	189	16	103	17	161	18	197	19	115	20	198	21	135	22	136	23	161	24	168	25	154	26	143	27	107	28	121	29	173	30	199	31	167	32	168	33	185	34	121	35	168	36	147	37	130	38	164	39	162	40	102	41	126	42	134	43	183	44	144	45	154	46	129	47	177	48	193	49	171	
	0	130	1	154	2	126	3	157	4	106	5	109	6	196	7	168	8	126	9	155	10	180	11	164	12	121	13	174	14	191	15	187	16	144	17	187	18	106	19	143	20	109	21	118	22	141	23	142	24	109	25	195	26	110	27	108	28	121	29	180	30	105	31	163	32	124	33	173	34	126	35	102	36	188	37	178	38	175	39	198	40	130	41	123	42	129	43	179	44	155	45	166	46	190	47	178	48	174	49	183	
	0	157	1	140	2	148	3	160	4	193	5	106	6	183	7	149	8	195	9	153	10	179	11	178	12	180	13	194	14	123	15	160	16	188	17	142	18	169	19	150	20	142	21	183	22	124	23	148	24	164	25	194	26	166	27	135	28	185	29	149	30	142	31	173	32	186	33	123	34	140	35	184	36	191	37	196	38	134	39	106	40	181	41	147	42	199	43	131	44	141	45	162	46	170	47	194	48	118	49	100	
	0	177	1	183	2	192	3	107	4	103	5	102	6	121	7	101	8	117	9	182	10	161	11	185	12	197	13	188	14	187	15	134	16	181	17	131	18	166	19	115	20	111	21	161	22	134	23	155	24	110	25	159	26	173	27	154	28	150	29	112	30	194	31	149	32	160	33	188	34	185	35	102	36	169	37	124	38	143	39	183	40	180	41	133	42	150	43	185	44	111	45	181	46	118	47	146	48	107	49	111	
	0	103	1	196	2	133	3	107	4	171	5	141	6	118	7	103	8	175	9	123	10	170	11	153	12	110	13	177	14	138	15	168	16	110	17	121	18	163	19	155	20	136	21	190	22	147	23	173	24	150	25	105	26	135	27	171	28	156	29	143	30	150	31	113	32	133	33	181	34	170	35	184	36	168	37	133	38	133	39	141	40	119	41	131	42	179	43	177	44	183	45	104	46	135	47	153	48	182	49	111	
	0	180	1	166	2	186	3	132	4	191	5	134	6	143	7	109	8	142	9	131	10	141	11	145	12	167	13	109	14	108	15	160	16	135	17	126	18	101	19	119	20	194	21	190	22	130	23	181	24	129	25	158	26	157	27	110	28	152	29	141	30	125	31	100	32	130	33	114	34	179	35	198	36	102	37	137	38	109	39	146	40	140	41	153	42	161	43	171	44	169	45	151	46	105	47	105	48	191	49	188	
	0	194	1	110	2	189	3	118	4	147	5	173	6	156	7	145	8	144	9	106	10	192	11	134	12	112	13	148	14	146	15	126	16	145	17	119	18	118	19	104	20	139	21	183	22	164	23	100	24	160	25	111	26	195	27	195	28	195	29	190	30	100	31	140	32	115	33	191	34	190	35	134	36	183	37	195	38	167	39	105	40	144	41	193	42	131	43	135	44	179	45	100	46	135	47	155	48	189	49	157	
	0	182	1	156	2	105	3	156	4	135	5	160	6	106	7	123	8	119	9	129	10	111	11	133	12	183	13	158	14	195	15	178	16	198	17	136	18	117	19	128	20	111	21	183	22	193	23	127	24	113	25	136	26	145	27	147	28	162	29	192	30	191	31	198	32	178	33	154	34	160	35	141	36	109	37	154	38	135	39	191	40	141	41	134	42	132	43	105	44	147	45	119	46	176	47	174	48	119	49	153	
	0	157	1	147	2	167	3	142	4	110	5	196	6	174	7	168	8	166	9	109	10	147	11	170	12	155	13	107	14	114	15	104	16	147	17	143	18	169	19	174	20	130	21	117	22	183	23	124	24	106	25	155	26	190	27	183	28	160	29	129	30	167	31	178	32	164	33	133	34	100	35	164	36	173	37	111	38	186	39	149	40	126	41	167	42	181	43	136	44	185	45	112	46	130	47	160	48	115	49	137	
	0	184	1	159	2	105	3	155	4	110	5	144	6	182	7	130	8	197	9	149	10	105	11	189	12	121	13	141	14	177	15	124	16	130	17	145	18	165	19	177	20	182	21	130	22	142	23	148	24	158	25	167	26	177	27	128	28	134	29	108	30	103	31	187	32	106	33	146	34	106	35	102	36	159	37	199	38	155	39	138	40	111	41	142	42	113	43	107	44	125	45	104	46	121	47	154	48	197	49	194	
	0	181	1	158	2	116	3	195	4	126	5	144	6	175	7	102	8	179	9	161	10	147	11	130	12	159	13	190	14	158	15	134	16	119	17	114	18	137	19	159	20	154	21	107	22	181	23	197	24	101	25	150	26	183	27	157	28	143	29	187	30	112	31	118	32	194	33	158	34	190	35	120	36	169	37	167	38	167	39	170	40	187	41	157	42	140	43	192	44	132	45	153	46	197	47	152	48	150	49	139	
	0	176	1	134	2	138	3	149	4	147	5	183	6	153	7	104	8	107	9	114	10	188	11	169	12	143	13	122	14	120	15	149	16	115	17	169	18	147	19	170	20	168	21	127	22	172	23	193	24	197	25	192	26	113	27	120	28	146	29	139	30	116	31	116	32	112	33	102	34	139	35	113	36	100	37	115	38	157	39	135	40	106	41	150	42	115	43	182	44	196	45	190	46	116	47	118	48	195	49	106	
	0	185	1	184	2	198	3	144	4	192	5	144	6	190	7	108	8	191	9	147	10	155	11	136	12	145	13	147	14	129	15	109	16	186	17	186	18	133	19	118	20	161	21	140	22	115	23	176	24	132	25	133	26	169	27	137	28	156	29	146	30	147	31	151	32	146	33	157	34	167	35	157	36	129	37	196	38	183	39	154	40	137	41	155	42	133	43	198	44	141	45	138	46	111	47	181	48	190	49	145	
	0	158	1	179	2	197	3	111	4	137	5	134	6	100	7	130	8	107	9	131	10	136	11	189	12	185	13	188	14	174	15	110	16	121	17	167	18	176	19	191	20	192	21	105	22	195	23	127	24	151	25	198	26	172	27	153	28	163	29	144	30	124	31	152	32	114	33	135	34	169	35	140	36	166	37	151	38	122	39	170	40	129	41	149	42	154	43	103	44	191	45	129	46	122	47	190	48	112	49	142	
	0	122	1	166	2	150	3	156	4	126	5	147	6	183	7	163	8	150	9	150	10	151	11	180	12	127	13	105	14	102	15	165	16	177	17	174	18	165	19	126	20	174	21	124	22	112	23	187	24	153	25	135	26	120	27	126	28	177	29	149	30	122	31	181	32	161	33	133	34	132	35	181	36	137	37	132	38	158	39	106	40	107	41	163	42	149	43	111	44	135	45	168	46	154	47	114	48	184	49	178	
	0	183	1	141	2	169	3	128	4	188	5	172	6	105	7	131	8	107	9	187	10	168	11	171	12	153	13	177	14	106	15	123	16	149	17	199	18	121	19	157	20	136	21	126	22	142	23	190	24	108	25	135	26	149	27	167	28	177	29	122	30	192	31	144	32	130	33	163	34	199	35	131	36	100	37	117	38	173	39	117	40	195	41	140	42	122	43	157	44	157	45	189	46	189	47	154	48	175	49	186	
	0	181	1	106	2	120	3	116	4	181	5	149	6	180	7	150	8	164	9	128	10	184	11	168	12	187	13	144	14	180	15	156	16	126	17	187	18	129	19	173	20	183	21	186	22	129	23	105	24	167	25	138	26	160	27	170	28	197	29	104	30	170	31	129	32	117	33	183	34	187	35	136	36	198	37	104	38	178	39	107	40	109	41	194	42	195	43	156	44	106	45	190	46	143	47	191	48	149	49	114	
	0	119	1	193	2	137	3	137	4	102	5	159	6	112	7	166	8	112	9	135	10	152	11	146	12	172	13	194	14	102	15	109	16	132	17	145	18	154	19	177	20	172	21	110	22	123	23	126	24	137	25	179	26	129	27	149	28	161	29	130	30	153	31	192	32	125	33	176	34	196	35	172	36	155	37	164	38	128	39	149	40	165	41	113	42	137	43	100	44	134	45	144	46	104	47	195	48	160	49	143	
	0	190	1	142	2	128	3	162	4	103	5	110	6	107	7	193	8	128	9	146	10	169	11	176	12	108	13	123	14	120	15	179	16	137	17	197	18	110	19	185	20	180	21	116	22	160	23	171	24	155	25	141	26	189	27	127	28	157	29	173	30	127	31	176	32	196	33	132	34	189	35	185	36	104	37	196	38	124	39	169	40	155	41	121	42	188	43	157	44	189	45	193	46	164	47	197	48	134	49	185	
	0	153	1	123	2	119	3	166	4	125	5	122	6	168	7	182	8	148	9	155	10	195	11	112	12	124	13	101	14	137	15	123	16	139	17	138	18	122	19	107	20	106	21	139	22	122	23	150	24	124	25	165	26	189	27	181	28	128	29	195	30	132	31	199	32	155	33	184	34	158	35	108	36	108	37	161	38	166	39	103	40	139	41	160	42	106	43	127	44	177	45	112	46	185	47	123	48	170	49	125	
	0	118	1	116	2	191	3	157	4	133	5	192	6	106	7	184	8	107	9	140	10	197	11	117	12	123	13	101	14	152	15	109	16	104	17	164	18	168	19	133	20	130	21	156	22	122	23	150	24	101	25	122	26	175	27	181	28	188	29	155	30	122	31	194	32	111	33	198	34	167	35	156	36	156	37	104	38	179	39	110	40	192	41	148	42	111	43	170	44	162	45	145	46	141	47	163	48	153	49	152	
	0	134	1	130	2	104	3	129	4	185	5	165	6	140	7	129	8	165	9	195	10	117	11	120	12	179	13	161	14	193	15	109	16	163	17	154	18	138	19	106	20	134	21	127	22	199	23	103	24	193	25	134	26	159	27	148	28	104	29	156	30	166	31	191	32	134	33	163	34	180	35	121	36	144	37	149	38	180	39	141	40	133	41	187	42	166	43	126	44	194	45	198	46	149	47	181	48	179	49	103	
	0	181	1	182	2	187	3	123	4	144	5	189	6	116	7	190	8	141	9	106	10	107	11	138	12	190	13	154	14	143	15	180	16	178	17	173	18	148	19	190	20	196	21	129	22	152	23	184	24	126	25	193	26	110	27	133	28	171	29	183	30	143	31	158	32	123	33	148	34	110	35	190	36	148	37	104	38	151	39	126	40	143	41	159	42	193	43	127	44	121	45	104	46	102	47	190	48	198	49	137	
	0	188	1	192	2	180	3	149	4	105	5	107	6	112	7	156	8	163	9	110	10	133	11	174	12	110	13	136	14	170	15	103	16	107	17	105	18	146	19	106	20	167	21	165	22	179	23	186	24	162	25	149	26	164	27	145	28	142	29	185	30	124	31	169	32	132	33	184	34	105	35	153	36	129	37	155	38	117	39	173	40	145	41	133	42	129	43	106	44	117	45	157	46	168	47	108	48	171	49	150	
	0	159	1	142	2	144	3	171	4	127	5	176	6	142	7	126	8	163	9	149	10	148	11	184	12	128	13	121	14	148	15	156	16	127	17	126	18	100	19	113	20	158	21	106	22	128	23	138	24	135	25	111	26	107	27	183	28	110	29	175	30	160	31	190	32	126	33	141	34	190	35	161	36	112	37	185	38	165	39	128	40	157	41	169	42	120	43	164	44	189	45	172	46	156	47	145	48	176	49	115	
	0	161	1	161	2	117	3	116	4	152	5	121	6	118	7	114	8	133	9	153	10	116	11	148	12	108	13	197	14	144	15	109	16	144	17	179	18	182	19	177	20	140	21	197	22	146	23	180	24	110	25	156	26	117	27	187	28	120	29	127	30	126	31	164	32	117	33	113	34	155	35	194	36	142	37	146	38	158	39	150	40	199	41	105	42	166	43	146	44	130	45	199	46	163	47	124	48	167	49	140	
	0	149	1	132	2	137	3	159	4	166	5	110	6	137	7	196	8	190	9	122	10	113	11	167	12	173	13	166	14	156	15	140	16	184	17	186	18	168	19	141	20	104	21	175	22	181	23	195	24	124	25	142	26	174	27	109	28	118	29	146	30	198	31	149	32	117	33	157	34	114	35	109	36	106	37	159	38	106	39	126	40	134	41	108	42	177	43	139	44	192	45	128	46	189	47	136	48	108	49	154	
	0	192	1	138	2	115	3	186	4	114	5	152	6	158	7	112	8	184	9	105	10	174	11	105	12	139	13	109	14	126	15	161	16	118	17	119	18	150	19	100	20	144	21	147	22	119	23	195	24	166	25	180	26	171	27	118	28	137	29	109	30	123	31	151	32	109	33	150	34	172	35	110	36	191	37	180	38	103	39	156	40	129	41	157	42	129	43	175	44	127	45	121	46	124	47	124	48	145	49	176	
	0	132	1	152	2	176	3	190	4	170	5	193	6	115	7	179	8	163	9	145	10	148	11	172	12	132	13	113	14	179	15	139	16	118	17	183	18	103	19	154	20	185	21	102	22	163	23	151	24	151	25	175	26	197	27	196	28	123	29	130	30	107	31	150	32	171	33	111	34	190	35	133	36	175	37	199	38	140	39	102	40	115	41	191	42	193	43	105	44	173	45	179	46	143	47	118	48	193	49	181	
	0	199	1	102	2	198	3	177	4	100	5	100	6	127	7	186	8	123	9	151	10	170	11	110	12	108	13	180	14	148	15	198	16	141	17	164	18	146	19	169	20	197	21	190	22	160	23	134	24	185	25	115	26	169	27	167	28	179	29	152	30	126	31	181	32	191	33	190	34	136	35	110	36	167	37	109	38	181	39	170	40	102	41	170	42	147	43	125	44	197	45	142	46	125	47	100	48	162	49	172	
	0	199	1	106	2	139	3	160	4	197	5	102	6	120	7	183	8	163	9	123	10	161	11	187	12	120	13	194	14	166	15	183	16	157	17	105	18	116	19	128	20	146	21	189	22	129	23	195	24	160	25	139	26	157	27	152	28	110	29	137	30	153	31	124	32	185	33	176	34	136	35	106	36	178	37	173	38	145	39	132	40	112	41	100	42	191	43	124	44	112	45	180	46	117	47	167	48	194	49	198	
	0	171	1	167	2	105	3	130	4	197	5	185	6	126	7	196	8	171	9	170	10	109	11	121	12	178	13	145	14	134	15	157	16	162	17	174	18	136	19	177	20	145	21	151	22	153	23	133	24	131	25	136	26	113	27	164	28	112	29	102	30	127	31	169	32	140	33	124	34	122	35	182	36	102	37	110	38	122	39	116	40	153	41	171	42	173	43	153	44	184	45	127	46	189	47	186	48	168	49	131	
	0	162	1	161	2	115	3	139	4	152	5	120	6	124	7	117	8	131	9	185	10	122	11	111	12	116	13	109	14	192	15	153	16	162	17	116	18	159	19	194	20	118	21	190	22	131	23	149	24	123	25	144	26	191	27	105	28	121	29	182	30	198	31	196	32	181	33	182	34	197	35	193	36	118	37	119	38	151	39	121	40	163	41	131	42	116	43	187	44	165	45	135	46	174	47	133	48	193	49	120	
	0	134	1	114	2	131	3	123	4	171	5	135	6	149	7	122	8	101	9	179	10	139	11	119	12	136	13	143	14	184	15	150	16	141	17	184	18	175	19	167	20	182	21	198	22	172	23	166	24	154	25	109	26	106	27	199	28	173	29	115	30	177	31	138	32	136	33	194	34	165	35	159	36	170	37	110	38	163	39	140	40	164	41	158	42	104	43	127	44	167	45	174	46	179	47	151	48	199	49	165	
	0	187	1	136	2	115	3	114	4	147	5	159	6	180	7	182	8	143	9	152	10	175	11	197	12	188	13	163	14	124	15	153	16	163	17	122	18	193	19	120	20	112	21	141	22	128	23	178	24	102	25	183	26	109	27	159	28	187	29	133	30	188	31	107	32	125	33	165	34	160	35	199	36	191	37	165	38	129	39	190	40	175	41	164	42	127	43	154	44	174	45	118	46	164	47	180	48	147	49	119	
	0	111	1	162	2	192	3	133	4	199	5	162	6	134	7	147	8	192	9	113	10	187	11	142	12	124	13	147	14	123	15	168	16	151	17	111	18	125	19	184	20	141	21	163	22	136	23	185	24	130	25	105	26	106	27	123	28	124	29	142	30	168	31	184	32	196	33	176	34	128	35	184	36	159	37	155	38	100	39	171	40	143	41	104	42	144	43	104	44	139	45	140	46	148	47	103	48	163	49	165	
	0	139	1	197	2	121	3	136	4	148	5	156	6	198	7	132	8	148	9	178	10	194	11	112	12	157	13	139	14	112	15	102	16	171	17	155	18	180	19	180	20	152	21	110	22	150	23	155	24	165	25	142	26	108	27	175	28	147	29	159	30	108	31	160	32	116	33	119	34	117	35	127	36	113	37	129	38	145	39	194	40	129	41	180	42	152	43	161	44	176	45	164	46	175	47	172	48	121	49	121	
	0	176	1	190	2	190	3	165	4	109	5	104	6	118	7	129	8	176	9	100	10	158	11	120	12	127	13	198	14	181	15	122	16	141	17	188	18	189	19	131	20	129	21	187	22	140	23	124	24	122	25	141	26	115	27	169	28	137	29	162	30	199	31	170	32	140	33	140	34	129	35	164	36	192	37	182	38	176	39	147	40	174	41	114	42	155	43	141	44	118	45	186	46	176	47	186	48	152	49	128	
	0	137	1	128	2	144	3	187	4	178	5	162	6	102	7	118	8	100	9	112	10	103	11	157	12	152	13	194	14	195	15	139	16	119	17	123	18	136	19	185	20	147	21	166	22	147	23	161	24	107	25	199	26	159	27	184	28	181	29	124	30	155	31	135	32	181	33	190	34	197	35	110	36	198	37	175	38	198	39	110	40	189	41	151	42	176	43	179	44	165	45	158	46	115	47	134	48	115	49	113	
	0	159	1	117	2	197	3	189	4	127	5	151	6	150	7	158	8	112	9	135	10	147	11	111	12	178	13	144	14	189	15	106	16	193	17	156	18	192	19	130	20	126	21	113	22	179	23	168	24	176	25	181	26	145	27	109	28	161	29	170	30	116	31	199	32	171	33	182	34	136	35	165	36	194	37	165	38	104	39	146	40	183	41	197	42	162	43	159	44	184	45	136	46	181	47	155	48	158	49	141	
	0	165	1	159	2	128	3	140	4	166	5	179	6	139	7	120	8	165	9	116	10	141	11	190	12	151	13	169	14	119	15	140	16	140	17	153	18	155	19	157	20	141	21	175	22	103	23	193	24	155	25	104	26	178	27	146	28	193	29	115	30	113	31	189	32	172	33	179	34	182	35	186	36	142	37	186	38	193	39	190	40	136	41	141	42	122	43	155	44	181	45	155	46	143	47	167	48	116	49	173	
	0	166	1	183	2	173	3	196	4	113	5	123	6	161	7	159	8	156	9	195	10	129	11	180	12	151	13	112	14	122	15	120	16	104	17	168	18	106	19	183	20	162	21	172	22	130	23	110	24	137	25	145	26	100	27	145	28	163	29	175	30	140	31	161	32	193	33	158	34	100	35	158	36	179	37	195	38	193	39	195	40	185	41	182	42	108	43	135	44	135	45	134	46	182	47	156	48	131	49	150	
	0	128	1	127	2	195	3	163	4	136	5	146	6	189	7	191	8	145	9	162	10	140	11	188	12	105	13	194	14	138	15	135	16	166	17	109	18	163	19	169	20	157	21	149	22	118	23	151	24	116	25	112	26	125	27	171	28	104	29	191	30	191	31	107	32	147	33	162	34	122	35	113	36	169	37	158	38	176	39	145	40	180	41	171	42	176	43	130	44	106	45	175	46	154	47	161	48	138	49	177	
	0	159	1	113	2	136	3	143	4	174	5	172	6	183	7	158	8	133	9	135	10	157	11	139	12	168	13	115	14	134	15	148	16	149	17	180	18	105	19	193	20	192	21	168	22	145	23	176	24	105	25	165	26	191	27	184	28	108	29	189	30	150	31	170	32	145	33	167	34	112	35	135	36	170	37	135	38	179	39	111	40	171	41	110	42	108	43	126	44	129	45	155	46	163	47	192	48	111	49	110	
	0	173	1	151	2	189	3	100	4	171	5	141	6	150	7	105	8	133	9	161	10	109	11	154	12	188	13	195	14	112	15	195	16	153	17	132	18	118	19	168	20	178	21	105	22	108	23	104	24	138	25	123	26	135	27	103	28	156	29	155	30	120	31	193	32	181	33	104	34	164	35	112	36	196	37	126	38	139	39	107	40	180	41	179	42	117	43	153	44	129	45	197	46	125	47	169	48	163	49	191	
	0	158	1	124	2	141	3	197	4	162	5	153	6	142	7	147	8	133	9	178	10	110	11	189	12	132	13	108	14	179	15	117	16	157	17	148	18	179	19	130	20	128	21	157	22	122	23	101	24	107	25	106	26	198	27	104	28	142	29	189	30	199	31	170	32	169	33	122	34	132	35	178	36	199	37	122	38	160	39	168	40	133	41	133	42	153	43	194	44	140	45	114	46	181	47	157	48	172	49	126	
	0	195	1	106	2	126	3	132	4	142	5	104	6	140	7	144	8	173	9	120	10	164	11	111	12	149	13	176	14	172	15	127	16	179	17	146	18	166	19	105	20	153	21	100	22	185	23	151	24	110	25	138	26	102	27	121	28	103	29	168	30	108	31	187	32	158	33	170	34	195	35	140	36	169	37	150	38	176	39	147	40	139	41	196	42	176	43	143	44	199	45	102	46	138	47	175	48	174	49	171	
	0	183	1	103	2	100	3	122	4	117	5	173	6	122	7	116	8	188	9	164	10	164	11	102	12	125	13	109	14	178	15	194	16	197	17	110	18	185	19	197	20	130	21	108	22	156	23	165	24	121	25	194	26	124	27	185	28	168	29	129	30	189	31	162	32	118	33	177	34	154	35	127	36	102	37	110	38	108	39	181	40	113	41	186	42	124	43	124	44	113	45	124	46	100	47	149	48	199	49	140	
	0	117	1	156	2	151	3	142	4	139	5	107	6	127	7	102	8	109	9	130	10	198	11	197	12	107	13	135	14	172	15	161	16	198	17	194	18	116	19	199	20	187	21	177	22	141	23	177	24	100	25	145	26	130	27	180	28	132	29	116	30	189	31	108	32	186	33	132	34	171	35	167	36	110	37	110	38	118	39	116	40	100	41	152	42	143	43	180	44	130	45	137	46	147	47	156	48	128	49	199	
	0	158	1	171	2	195	3	124	4	168	5	136	6	143	7	105	8	169	9	167	10	138	11	107	12	111	13	184	14	159	15	108	16	173	17	188	18	152	19	130	20	158	21	196	22	137	23	112	24	133	25	154	26	192	27	110	28	125	29	143	30	129	31	142	32	110	33	111	34	151	35	109	36	183	37	183	38	198	39	177	40	181	41	104	42	190	43	194	44	141	45	105	46	181	47	116	48	106	49	155	
	0	188	1	186	2	152	3	179	4	150	5	133	6	185	7	170	8	167	9	108	10	129	11	104	12	181	13	116	14	121	15	110	16	185	17	145	18	112	19	117	20	152	21	120	22	171	23	113	24	164	25	165	26	179	27	160	28	175	29	168	30	186	31	120	32	164	33	167	34	166	35	155	36	122	37	199	38	126	39	120	40	165	41	172	42	183	43	185	44	146	45	180	46	134	47	129	48	151	49	176	
	0	177	1	136	2	173	3	142	4	123	5	110	6	116	7	127	8	110	9	119	10	169	11	140	12	168	13	154	14	150	15	161	16	106	17	106	18	170	19	158	20	166	21	106	22	131	23	194	24	183	25	152	26	110	27	102	28	199	29	199	30	159	31	186	32	145	33	143	34	154	35	183	36	164	37	152	38	193	39	185	40	109	41	148	42	104	43	145	44	101	45	186	46	199	47	136	48	123	49	170	
	0	180	1	110	2	133	3	113	4	137	5	141	6	145	7	107	8	181	9	135	10	125	11	133	12	191	13	171	14	100	15	170	16	182	17	192	18	135	19	182	20	169	21	119	22	160	23	194	24	187	25	150	26	181	27	195	28	187	29	171	30	121	31	108	32	148	33	164	34	165	35	148	36	103	37	170	38	110	39	172	40	146	41	197	42	163	43	119	44	124	45	122	46	134	47	193	48	162	49	180	
	0	196	1	189	2	119	3	137	4	139	5	164	6	155	7	120	8	123	9	118	10	143	11	135	12	188	13	185	14	112	15	155	16	188	17	196	18	145	19	102	20	189	21	197	22	157	23	178	24	186	25	128	26	170	27	152	28	187	29	156	30	169	31	171	32	114	33	105	34	118	35	138	36	146	37	192	38	179	39	126	40	160	41	114	42	148	43	180	44	137	45	179	46	111	47	112	48	195	49	160	
	0	131	1	138	2	109	3	101	4	143	5	170	6	150	7	113	8	129	9	185	10	192	11	135	12	152	13	110	14	134	15	125	16	195	17	127	18	105	19	164	20	111	21	172	22	199	23	140	24	169	25	122	26	170	27	136	28	170	29	114	30	109	31	134	32	169	33	181	34	112	35	195	36	171	37	167	38	182	39	109	40	141	41	157	42	151	43	170	44	129	45	152	46	128	47	178	48	130	49	160	
	0	169	1	166	2	148	3	126	4	137	5	195	6	181	7	177	8	193	9	199	10	123	11	192	12	195	13	182	14	146	15	161	16	181	17	185	18	133	19	123	20	179	21	128	22	145	23	163	24	162	25	193	26	123	27	125	28	159	29	195	30	123	31	137	32	180	33	169	34	161	35	132	36	110	37	164	38	156	39	168	40	165	41	159	42	146	43	145	44	125	45	157	46	164	47	100	48	181	49	182	
	0	178	1	146	2	169	3	159	4	171	5	124	6	188	7	145	8	127	9	145	10	176	11	136	12	162	13	118	14	100	15	185	16	111	17	135	18	198	19	135	20	177	21	160	22	138	23	198	24	146	25	174	26	190	27	102	28	113	29	180	30	186	31	134	32	110	33	154	34	175	35	154	36	162	37	140	38	185	39	160	40	183	41	145	42	199	43	127	44	107	45	186	46	128	47	185	48	125	49	102	
	0	192	1	167	2	166	3	197	4	144	5	167	6	155	7	149	8	103	9	106	10	151	11	173	12	106	13	192	14	147	15	101	16	106	17	132	18	113	19	127	20	177	21	147	22	187	23	112	24	115	25	145	26	118	27	102	28	104	29	111	30	160	31	194	32	177	33	172	34	157	35	127	36	107	37	173	38	166	39	181	40	147	41	197	42	108	43	157	44	111	45	130	46	100	47	170	48	198	49	166	
	0	193	1	129	2	101	3	126	4	186	5	182	6	141	7	113	8	155	9	138	10	153	11	110	12	114	13	165	14	112	15	115	16	148	17	177	18	116	19	126	20	150	21	191	22	104	23	174	24	165	25	186	26	199	27	191	28	178	29	105	30	170	31	175	32	195	33	169	34	171	35	105	36	128	37	143	38	105	39	188	40	169	41	198	42	185	43	110	44	198	45	169	46	110	47	120	48	169	49	165	
	0	109	1	197	2	135	3	169	4	164	5	185	6	150	7	117	8	109	9	111	10	159	11	175	12	199	13	160	14	145	15	124	16	185	17	125	18	190	19	116	20	150	21	129	22	126	23	137	24	130	25	179	26	185	27	134	28	111	29	122	30	149	31	169	32	188	33	154	34	190	35	137	36	147	37	155	38	139	39	126	40	134	41	102	42	167	43	195	44	145	45	197	46	116	47	142	48	154	49	180	
	0	199	1	152	2	149	3	142	4	144	5	157	6	143	7	109	8	181	9	150	10	167	11	117	12	160	13	118	14	128	15	196	16	114	17	166	18	198	19	192	20	156	21	133	22	184	23	112	24	192	25	109	26	187	27	116	28	144	29	123	30	142	31	135	32	115	33	152	34	150	35	191	36	193	37	148	38	148	39	192	40	170	41	187	42	105	43	186	44	170	45	155	46	161	47	121	48	124	49	161	
	0	117	1	139	2	161	3	173	4	128	5	157	6	113	7	121	8	198	9	148	10	121	11	103	12	117	13	143	14	119	15	174	16	168	17	129	18	159	19	106	20	181	21	172	22	123	23	104	24	122	25	101	26	155	27	114	28	183	29	184	30	147	31	137	32	144	33	177	34	194	35	120	36	159	37	117	38	115	39	120	40	142	41	195	42	187	43	197	44	195	45	198	46	183	47	124	48	120	49	103	
	0	127	1	161	2	142	3	137	4	156	5	145	6	141	7	181	8	179	9	165	10	159	11	137	12	128	13	150	14	114	15	165	16	186	17	112	18	128	19	108	20	152	21	173	22	158	23	125	24	109	25	198	26	141	27	130	28	193	29	185	30	113	31	190	32	137	33	155	34	199	35	187	36	114	37	191	38	159	39	123	40	141	41	145	42	107	43	180	44	178	45	152	46	120	47	172	48	111	49	161	