200 10 1
10
	0	115	1	152	2	128	3	128	4	134	5	170	6	127	7	150	8	160	9	155	
	0	133	1	143	2	181	3	175	4	131	5	197	6	145	7	148	8	150	9	192	
	0	159	1	145	2	151	3	197	4	192	5	129	6	168	7	176	8	152	9	105	
	0	196	1	122	2	141	3	104	4	196	5	172	6	181	7	116	8	190	9	199	
	0	193	1	183	2	179	3	197	4	144	5	142	6	198	7	170	8	152	9	187	
	0	176	1	128	2	178	3	178	4	107	5	173	6	113	7	116	8	151	9	166	
	0	109	1	103	2	147	3	198	4	115	5	134	6	177	7	101	8	120	9	169	
	0	129	1	179	2	140	3	139	4	136	5	181	6	144	7	176	8	174	9	109	
	0	163	1	194	2	181	3	183	4	114	5	179	6	113	7	113	8	119	9	100	
	0	166	1	197	2	177	3	130	4	101	5	174	6	159	7	178	8	168	9	123	
	0	130	1	101	2	136	3	160	4	129	5	149	6	120	7	147	8	180	9	158	
	0	111	1	112	2	141	3	188	4	154	5	142	6	180	7	162	8	122	9	113	
	0	196	1	154	2	134	3	124	4	199	5	183	6	110	7	191	8	131	9	116	
	0	196	1	127	2	184	3	143	4	138	5	179	6	148	7	130	8	197	9	147	
	0	177	1	167	2	169	3	141	4	114	5	167	6	119	7	183	8	131	9	104	
	0	176	1	160	2	134	3	140	4	143	5	127	6	172	7	106	8	154	9	185	
	0	193	1	173	2	137	3	140	4	142	5	187	6	121	7	116	8	185	9	183	
	0	169	1	138	2	127	3	120	4	172	5	141	6	154	7	174	8	179	9	148	
	0	168	1	168	2	156	3	191	4	156	5	147	6	155	7	134	8	132	9	186	
	0	165	1	124	2	177	3	167	4	136	5	146	6	156	7	106	8	152	9	150	
	0	141	1	158	2	124	3	107	4	134	5	152	6	144	7	183	8	193	9	149	
	0	162	1	133	2	131	3	120	4	154	5	170	6	174	7	132	8	197	9	178	
	0	182	1	167	2	115	3	144	4	117	5	155	6	109	7	145	8	177	9	160	
	0	126	1	199	2	115	3	197	4	137	5	187	6	141	7	112	8	104	9	105	
	0	147	1	147	2	112	3	172	4	199	5	108	6	150	7	161	8	105	9	105	
	0	154	1	142	2	195	3	182	4	107	5	116	6	122	7	101	8	175	9	150	
	0	177	1	116	2	137	3	157	4	154	5	122	6	152	7	180	8	152	9	187	
	0	114	1	121	2	137	3	190	4	154	5	175	6	117	7	161	8	180	9	187	
	0	175	1	160	2	112	3	114	4	187	5	131	6	139	7	181	8	121	9	194	
	0	178	1	192	2	118	3	103	4	167	5	149	6	184	7	134	8	110	9	184	
	0	117	1	190	2	176	3	164	4	181	5	141	6	172	7	105	8	177	9	146	
	0	140	1	182	2	114	3	167	4	199	5	199	6	157	7	181	8	137	9	147	
	0	161	1	100	2	166	3	175	4	122	5	144	6	137	7	167	8	105	9	190	
	0	130	1	131	2	138	3	181	4	127	5	118	6	161	7	152	8	165	9	139	
	0	130	1	104	2	169	3	116	4	124	5	156	6	157	7	164	8	122	9	173	
	0	126	1	106	2	102	3	113	4	177	5	116	6	114	7	100	8	195	9	170	
	0	159	1	181	2	120	3	107	4	132	5	159	6	136	7	171	8	120	9	155	
	0	141	1	171	2	162	3	155	4	113	5	182	6	139	7	193	8	149	9	129	
	0	150	1	146	2	158	3	133	4	180	5	183	6	172	7	186	8	101	9	154	
	0	149	1	175	2	167	3	162	4	137	5	158	6	150	7	184	8	157	9	154	
	0	134	1	106	2	176	3	143	4	190	5	190	6	174	7	192	8	122	9	176	
	0	168	1	146	2	148	3	157	4	197	5	185	6	179	7	140	8	133	9	109	
	0	120	1	171	2	147	3	155	4	154	5	127	6	152	7	155	8	121	9	101	
	0	183	1	116	2	168	3	129	4	135	5	159	6	173	7	145	8	182	9	181	
	0	169	1	119	2	136	3	168	4	141	5	185	6	179	7	186	8	143	9	102	
	0	151	1	141	2	143	3	170	4	153	5	175	6	159	7	110	8	190	9	114	
	0	197	1	118	2	134	3	125	4	152	5	112	6	150	7	137	8	185	9	197	
	0	171	1	150	2	101	3	120	4	169	5	158	6	104	7	175	8	176	9	164	
	0	109	1	135	2	183	3	115	4	117	5	180	6	111	7	158	8	158	9	113	
	0	166	1	124	2	161	3	186	4	129	5	149	6	188	7	107	8	192	9	107	
	0	178	1	102	2	158	3	179	4	120	5	114	6	109	7	196	8	199	9	106	
	0	128	1	175	2	104	3	185	4	104	5	154	6	139	7	184	8	116	9	150	
	0	179	1	155	2	145	3	160	4	154	5	153	6	170	7	119	8	135	9	186	
	0	125	1	156	2	138	3	139	4	135	5	140	6	116	7	145	8	147	9	167	
	0	147	1	163	2	139	3	178	4	115	5	162	6	110	7	174	8	169	9	115	
	0	162	1	101	2	198	3	124	4	198	5	122	6	104	7	161	8	112	9	132	
	0	168	1	129	2	166	3	113	4	119	5	129	6	110	7	149	8	108	9	100	
	0	188	1	198	2	123	3	178	4	176	5	194	6	108	7	161	8	190	9	140	
	0	146	1	132	2	103	3	173	4	164	5	127	6	125	7	167	8	130	9	143	
	0	154	1	128	2	174	3	196	4	114	5	164	6	105	7	119	8	111	9	101	
	0	196	1	141	2	130	3	129	4	125	5	114	6	165	7	179	8	183	9	157	
	0	135	1	195	2	175	3	160	4	197	5	122	6	183	7	186	8	199	9	133	
	0	141	1	154	2	162	3	143	4	110	5	124	6	193	7	199	8	173	9	118	
	0	106	1	149	2	184	3	103	4	177	5	180	6	102	7	147	8	192	9	157	
	0	170	1	124	2	158	3	131	4	103	5	191	6	198	7	118	8	173	9	128	
	0	147	1	142	2	161	3	131	4	158	5	105	6	153	7	179	8	128	9	145	
	0	191	1	145	2	155	3	105	4	196	5	138	6	100	7	108	8	197	9	110	
	0	127	1	187	2	118	3	101	4	174	5	112	6	160	7	156	8	143	9	103	
	0	109	1	161	2	114	3	134	4	165	5	169	6	196	7	153	8	120	9	174	
	0	106	1	187	2	111	3	117	4	145	5	149	6	117	7	190	8	103	9	152	
	0	160	1	143	2	124	3	191	4	116	5	183	6	176	7	123	8	108	9	120	
	0	136	1	186	2	107	3	117	4	171	5	159	6	110	7	121	8	106	9	100	
	0	169	1	133	2	196	3	172	4	160	5	165	6	178	7	116	8	177	9	103	
	0	139	1	116	2	184	3	173	4	104	5	195	6	115	7	128	8	110	9	195	
	0	131	1	190	2	121	3	195	4	167	5	112	6	146	7	191	8	156	9	178	
	0	113	1	154	2	174	3	141	4	129	5	192	6	127	7	174	8	192	9	116	
	0	158	1	145	2	107	3	113	4	132	5	168	6	183	7	156	8	179	9	163	
	0	131	1	104	2	111	3	186	4	158	5	158	6	157	7	138	8	108	9	157	
	0	122	1	106	2	149	3	143	4	134	5	172	6	118	7	163	8	172	9	111	
	0	177	1	199	2	195	3	104	4	115	5	161	6	162	7	162	8	189	9	133	
	0	136	1	176	2	173	3	182	4	161	5	185	6	131	7	166	8	130	9	159	
	0	108	1	162	2	173	3	137	4	162	5	163	6	194	7	147	8	166	9	126	
	0	114	1	125	2	111	3	153	4	100	5	176	6	188	7	167	8	155	9	112	
	0	114	1	108	2	162	3	107	4	104	5	118	6	120	7	183	8	119	9	168	
	0	117	1	187	2	142	3	188	4	105	5	100	6	123	7	157	8	168	9	155	
	0	105	1	140	2	174	3	144	4	139	5	104	6	190	7	109	8	113	9	104	
	0	134	1	100	2	153	3	147	4	109	5	108	6	128	7	155	8	110	9	171	
	0	140	1	112	2	181	3	134	4	163	5	161	6	157	7	198	8	158	9	170	
	0	165	1	174	2	160	3	161	4	139	5	167	6	129	7	174	8	163	9	119	
	0	143	1	178	2	100	3	126	4	136	5	151	6	118	7	167	8	182	9	138	
	0	120	1	130	2	113	3	198	4	100	5	168	6	111	7	109	8	114	9	104	
	0	142	1	102	2	118	3	142	4	110	5	149	6	111	7	134	8	153	9	109	
	0	105	1	158	2	137	3	188	4	149	5	109	6	102	7	156	8	180	9	196	
	0	197	1	157	2	138	3	191	4	189	5	122	6	170	7	157	8	197	9	134	
	0	152	1	118	2	130	3	124	4	158	5	177	6	127	7	165	8	183	9	126	
	0	111	1	115	2	182	3	182	4	172	5	114	6	144	7	170	8	146	9	173	
	0	131	1	135	2	106	3	138	4	195	5	167	6	105	7	179	8	173	9	173	
	0	105	1	138	2	154	3	167	4	120	5	186	6	145	7	113	8	188	9	196	
	0	194	1	187	2	139	3	120	4	160	5	187	6	119	7	120	8	150	9	197	
	0	126	1	187	2	187	3	116	4	116	5	132	6	104	7	149	8	106	9	110	
	0	178	1	120	2	144	3	144	4	185	5	168	6	114	7	150	8	163	9	108	
	0	185	1	131	2	186	3	144	4	184	5	126	6	118	7	153	8	142	9	127	
	0	139	1	152	2	184	3	118	4	120	5	147	6	116	7	196	8	120	9	170	
	0	182	1	147	2	102	3	131	4	173	5	125	6	136	7	164	8	101	9	169	
	0	148	1	196	2	164	3	196	4	184	5	185	6	180	7	191	8	136	9	141	
	0	190	1	130	2	126	3	114	4	133	5	162	6	182	7	104	8	117	9	176	
	0	140	1	138	2	186	3	118	4	148	5	132	6	124	7	183	8	160	9	135	
	0	165	1	119	2	185	3	100	4	140	5	193	6	111	7	184	8	189	9	168	
	0	171	1	137	2	178	3	117	4	184	5	149	6	161	7	103	8	102	9	147	
	0	163	1	142	2	172	3	184	4	162	5	134	6	160	7	144	8	146	9	192	
	0	105	1	139	2	111	3	147	4	184	5	115	6	154	7	125	8	137	9	142	
	0	189	1	105	2	169	3	194	4	174	5	169	6	121	7	129	8	176	9	124	
	0	138	1	184	2	179	3	106	4	148	5	124	6	194	7	161	8	162	9	127	
	0	198	1	180	2	163	3	161	4	184	5	175	6	155	7	159	8	116	9	185	
	0	179	1	182	2	134	3	170	4	108	5	180	6	187	7	197	8	140	9	127	
	0	150	1	163	2	116	3	116	4	140	5	142	6	147	7	103	8	173	9	137	
	0	198	1	122	2	169	3	117	4	129	5	108	6	151	7	145	8	125	9	187	
	0	162	1	155	2	104	3	129	4	149	5	110	6	119	7	168	8	137	9	137	
	0	170	1	159	2	199	3	170	4	199	5	189	6	131	7	120	8	181	9	189	
	0	149	1	154	2	108	3	191	4	182	5	173	6	180	7	105	8	111	9	142	
	0	154	1	142	2	166	3	121	4	198	5	130	6	115	7	158	8	110	9	124	
	0	191	1	118	2	175	3	192	4	191	5	193	6	111	7	156	8	171	9	159	
	0	128	1	189	2	129	3	138	4	125	5	196	6	145	7	155	8	195	9	131	
	0	128	1	109	2	134	3	142	4	135	5	131	6	162	7	142	8	170	9	130	
	0	141	1	110	2	137	3	126	4	130	5	114	6	149	7	122	8	145	9	165	
	0	124	1	104	2	166	3	191	4	112	5	103	6	184	7	139	8	123	9	164	
	0	123	1	116	2	157	3	124	4	145	5	166	6	158	7	135	8	119	9	160	
	0	155	1	138	2	176	3	124	4	111	5	119	6	136	7	171	8	199	9	163	
	0	199	1	145	2	151	3	118	4	136	5	164	6	187	7	103	8	160	9	117	
	0	151	1	146	2	120	3	128	4	124	5	181	6	164	7	154	8	125	9	167	
	0	138	1	110	2	141	3	174	4	119	5	132	6	114	7	165	8	141	9	100	
	0	199	1	181	2	131	3	174	4	159	5	165	6	121	7	184	8	155	9	132	
	0	179	1	119	2	138	3	155	4	186	5	116	6	191	7	133	8	118	9	146	
	0	120	1	190	2	143	3	188	4	138	5	193	6	187	7	120	8	134	9	130	
	0	196	1	191	2	103	3	100	4	163	5	149	6	121	7	193	8	182	9	162	
	0	106	1	122	2	137	3	111	4	147	5	110	6	132	7	187	8	152	9	128	
	0	106	1	134	2	117	3	157	4	109	5	131	6	173	7	128	8	167	9	186	
	0	113	1	172	2	134	3	144	4	173	5	176	6	173	7	171	8	132	9	106	
	0	195	1	107	2	145	3	103	4	112	5	171	6	119	7	120	8	138	9	102	
	0	197	1	121	2	158	3	150	4	159	5	182	6	161	7	138	8	125	9	143	
	0	195	1	120	2	118	3	138	4	131	5	150	6	126	7	109	8	132	9	102	
	0	188	1	145	2	187	3	198	4	112	5	133	6	121	7	134	8	169	9	184	
	0	198	1	153	2	103	3	122	4	158	5	130	6	131	7	155	8	155	9	114	
	0	172	1	126	2	139	3	156	4	194	5	145	6	166	7	174	8	114	9	138	
	0	165	1	180	2	146	3	149	4	155	5	172	6	123	7	129	8	129	9	195	
	0	193	1	182	2	198	3	103	4	162	5	173	6	104	7	154	8	175	9	136	
	0	174	1	155	2	124	3	172	4	199	5	160	6	183	7	167	8	144	9	155	
	0	197	1	188	2	126	3	143	4	113	5	139	6	103	7	132	8	146	9	139	
	0	199	1	108	2	124	3	186	4	183	5	156	6	166	7	103	8	197	9	102	
	0	107	1	147	2	131	3	140	4	198	5	134	6	103	7	162	8	133	9	186	
	0	152	1	162	2	159	3	115	4	189	5	189	6	122	7	117	8	166	9	175	
	0	193	1	115	2	179	3	184	4	157	5	101	6	160	7	153	8	139	9	120	
	0	150	1	114	2	102	3	130	4	110	5	142	6	115	7	156	8	168	9	157	
	0	151	1	122	2	128	3	171	4	156	5	182	6	148	7	168	8	116	9	197	
	0	113	1	132	2	107	3	152	4	165	5	114	6	140	7	130	8	198	9	182	
	0	116	1	187	2	130	3	194	4	140	5	108	6	102	7	164	8	181	9	134	
	0	129	1	189	2	105	3	105	4	173	5	136	6	103	7	195	8	197	9	118	
	0	139	1	195	2	140	3	124	4	118	5	147	6	125	7	176	8	110	9	125	
	0	145	1	126	2	143	3	113	4	125	5	162	6	145	7	162	8	128	9	166	
	0	157	1	124	2	149	3	137	4	191	5	193	6	158	7	140	8	146	9	164	
	0	103	1	142	2	132	3	101	4	178	5	199	6	112	7	196	8	144	9	189	
	0	103	1	118	2	196	3	170	4	199	5	150	6	187	7	178	8	147	9	158	
	0	176	1	118	2	195	3	185	4	130	5	155	6	118	7	129	8	193	9	141	
	0	139	1	130	2	162	3	123	4	175	5	177	6	192	7	164	8	115	9	199	
	0	196	1	113	2	161	3	162	4	148	5	137	6	139	7	150	8	116	9	142	
	0	155	1	102	2	197	3	121	4	130	5	154	6	144	7	126	8	110	9	178	
	0	127	1	147	2	140	3	112	4	167	5	179	6	142	7	162	8	110	9	159	
	0	117	1	111	2	143	3	195	4	123	5	124	6	137	7	160	8	188	9	165	
	0	144	1	115	2	163	3	133	4	132	5	182	6	140	7	179	8	189	9	166	
	0	158	1	126	2	175	3	131	4	199	5	128	6	128	7	197	8	159	9	161	
	0	127	1	177	2	143	3	102	4	136	5	161	6	138	7	192	8	110	9	198	
	0	123	1	126	2	132	3	131	4	142	5	188	6	189	7	190	8	128	9	108	
	0	110	1	195	2	158	3	151	4	163	5	173	6	149	7	120	8	131	9	177	
	0	110	1	152	2	196	3	166	4	109	5	146	6	155	7	150	8	136	9	167	
	0	148	1	164	2	162	3	154	4	151	5	115	6	193	7	174	8	167	9	156	
	0	157	1	140	2	116	3	113	4	155	5	144	6	140	7	156	8	171	9	165	
	0	130	1	198	2	102	3	169	4	101	5	189	6	135	7	136	8	112	9	194	
	0	116	1	124	2	151	3	141	4	118	5	145	6	197	7	103	8	163	9	151	
	0	167	1	194	2	165	3	157	4	162	5	128	6	184	7	166	8	193	9	129	
	0	143	1	151	2	195	3	178	4	183	5	151	6	197	7	163	8	149	9	179	
	0	183	1	105	2	123	3	163	4	138	5	146	6	127	7	155	8	118	9	116	
	0	129	1	171	2	197	3	116	4	134	5	193	6	192	7	152	8	105	9	156	
	0	152	1	123	2	154	3	154	4	130	5	172	6	166	7	163	8	149	9	195	
	0	127	1	109	2	149	3	139	4	116	5	133	6	158	7	107	8	149	9	187	
	0	130	1	176	2	161	3	179	4	116	5	187	6	189	7	189	8	134	9	141	
	0	143	1	162	2	138	3	182	4	119	5	117	6	141	7	120	8	154	9	100	
	0	140	1	113	2	188	3	180	4	169	5	120	6	168	7	180	8	114	9	111	
	0	112	1	199	2	117	3	137	4	130	5	174	6	137	7	162	8	130	9	136	
	0	116	1	171	2	161	3	176	4	138	5	164	6	120	7	165	8	101	9	162	
	0	167	1	146	2	164	3	187	4	134	5	181	6	114	7	144	8	146	9	182	
	0	196	1	138	2	103	3	145	4	184	5	101	6	145	7	128	8	155	9	114	
	0	186	1	112	2	170	3	126	4	156	5	167	6	197	7	178	8	152	9	166	
	0	143	1	122	2	186	3	121	4	146	5	190	6	132	7	124	8	142	9	107	
	0	190	1	111	2	126	3	105	4	124	5	198	6	113	7	165	8	161	9	113	
	0	123	1	131	2	170	3	147	4	121	5	146	6	175	7	130	8	127	9	167	
	0	130	1	184	2	197	3	148	4	183	5	142	6	101	7	105	8	129	9	120	
	0	121	1	141	2	117	3	153	4	120	5	144	6	129	7	165	8	182	9	178	
	0	191	1	150	2	181	3	144	4	193	5	134	6	108	7	191	8	199	9	197	
	0	163	1	124	2	184	3	178	4	169	5	124	6	160	7	152	8	107	9	125	
	0	186	1	163	2	129	3	175	4	102	5	154	6	107	7	142	8	176	9	156	