200 20 1
20
	0	168	1	121	2	149	3	113	4	147	5	119	6	112	7	127	8	173	9	132	10	166	11	192	12	174	13	116	14	196	15	150	16	186	17	145	18	187	19	149	
	0	196	1	142	2	136	3	166	4	125	5	102	6	145	7	161	8	129	9	194	10	157	11	103	12	190	13	117	14	141	15	137	16	138	17	133	18	183	19	164	
	0	126	1	140	2	132	3	146	4	177	5	135	6	127	7	167	8	169	9	148	10	169	11	177	12	107	13	159	14	160	15	126	16	110	17	165	18	164	19	123	
	0	146	1	120	2	112	3	195	4	192	5	191	6	162	7	182	8	133	9	130	10	194	11	152	12	145	13	184	14	157	15	142	16	125	17	149	18	111	19	106	
	0	184	1	163	2	134	3	152	4	199	5	188	6	134	7	162	8	196	9	105	10	107	11	166	12	166	13	159	14	114	15	183	16	196	17	155	18	113	19	132	
	0	155	1	174	2	165	3	117	4	102	5	166	6	117	7	128	8	125	9	167	10	152	11	117	12	122	13	197	14	183	15	171	16	109	17	199	18	147	19	114	
	0	189	1	187	2	155	3	129	4	116	5	156	6	127	7	148	8	176	9	185	10	133	11	128	12	125	13	172	14	155	15	128	16	181	17	115	18	146	19	132	
	0	114	1	120	2	126	3	142	4	151	5	116	6	156	7	164	8	160	9	165	10	173	11	197	12	107	13	105	14	116	15	108	16	137	17	175	18	139	19	198	
	0	154	1	190	2	178	3	189	4	155	5	176	6	142	7	133	8	126	9	124	10	166	11	119	12	100	13	169	14	121	15	134	16	139	17	163	18	180	19	141	
	0	193	1	117	2	137	3	152	4	153	5	148	6	176	7	127	8	153	9	107	10	110	11	153	12	138	13	108	14	161	15	115	16	157	17	139	18	189	19	155	
	0	198	1	115	2	193	3	164	4	163	5	169	6	185	7	160	8	162	9	106	10	115	11	114	12	132	13	177	14	183	15	131	16	183	17	113	18	198	19	151	
	0	179	1	132	2	132	3	181	4	138	5	188	6	134	7	106	8	102	9	145	10	143	11	144	12	164	13	182	14	190	15	168	16	126	17	121	18	117	19	130	
	0	144	1	164	2	137	3	157	4	152	5	125	6	195	7	166	8	154	9	134	10	103	11	175	12	188	13	103	14	140	15	117	16	195	17	122	18	108	19	103	
	0	134	1	161	2	158	3	102	4	143	5	183	6	141	7	137	8	129	9	140	10	163	11	162	12	122	13	151	14	119	15	196	16	150	17	154	18	173	19	184	
	0	100	1	101	2	121	3	171	4	116	5	164	6	176	7	198	8	182	9	107	10	119	11	153	12	191	13	144	14	132	15	194	16	145	17	187	18	131	19	149	
	0	166	1	155	2	169	3	177	4	130	5	102	6	141	7	102	8	170	9	183	10	177	11	195	12	151	13	164	14	128	15	176	16	182	17	114	18	154	19	156	
	0	194	1	101	2	119	3	100	4	131	5	129	6	158	7	188	8	102	9	195	10	187	11	152	12	139	13	122	14	164	15	175	16	174	17	129	18	106	19	184	
	0	183	1	125	2	178	3	137	4	129	5	121	6	126	7	105	8	179	9	106	10	107	11	147	12	139	13	166	14	106	15	137	16	123	17	125	18	108	19	191	
	0	148	1	130	2	173	3	176	4	169	5	120	6	129	7	192	8	181	9	196	10	138	11	100	12	191	13	164	14	146	15	143	16	188	17	182	18	138	19	118	
	0	163	1	115	2	139	3	130	4	117	5	156	6	153	7	191	8	118	9	135	10	126	11	108	12	156	13	107	14	166	15	139	16	119	17	109	18	126	19	191	
	0	163	1	179	2	125	3	188	4	187	5	127	6	123	7	101	8	163	9	117	10	129	11	179	12	125	13	130	14	182	15	138	16	128	17	181	18	162	19	122	
	0	161	1	184	2	152	3	176	4	103	5	108	6	105	7	124	8	138	9	178	10	112	11	133	12	181	13	150	14	108	15	184	16	162	17	174	18	183	19	106	
	0	138	1	100	2	197	3	193	4	190	5	178	6	188	7	191	8	184	9	179	10	152	11	106	12	180	13	175	14	146	15	160	16	188	17	143	18	147	19	183	
	0	198	1	107	2	187	3	126	4	113	5	129	6	103	7	162	8	182	9	186	10	160	11	195	12	122	13	165	14	186	15	147	16	133	17	192	18	161	19	153	
	0	154	1	108	2	164	3	124	4	142	5	109	6	156	7	107	8	107	9	118	10	143	11	177	12	166	13	191	14	190	15	162	16	117	17	128	18	161	19	188	
	0	135	1	151	2	123	3	112	4	109	5	167	6	178	7	189	8	176	9	119	10	165	11	144	12	197	13	194	14	161	15	179	16	116	17	165	18	181	19	179	
	0	108	1	132	2	194	3	181	4	119	5	118	6	115	7	128	8	116	9	111	10	194	11	177	12	167	13	168	14	132	15	185	16	197	17	154	18	108	19	188	
	0	108	1	140	2	100	3	115	4	140	5	103	6	187	7	151	8	138	9	160	10	135	11	158	12	151	13	193	14	171	15	179	16	129	17	190	18	157	19	157	
	0	101	1	186	2	163	3	158	4	184	5	198	6	107	7	110	8	105	9	189	10	133	11	199	12	120	13	167	14	129	15	123	16	149	17	170	18	183	19	145	
	0	187	1	117	2	192	3	138	4	121	5	156	6	130	7	136	8	111	9	136	10	115	11	105	12	187	13	117	14	175	15	101	16	186	17	172	18	108	19	146	
	0	153	1	102	2	155	3	114	4	138	5	127	6	122	7	172	8	128	9	142	10	196	11	180	12	104	13	101	14	186	15	119	16	160	17	123	18	100	19	190	
	0	182	1	139	2	107	3	108	4	111	5	173	6	166	7	108	8	118	9	103	10	175	11	186	12	161	13	168	14	142	15	189	16	147	17	184	18	125	19	182	
	0	111	1	145	2	155	3	108	4	188	5	128	6	107	7	111	8	142	9	177	10	176	11	187	12	130	13	192	14	115	15	174	16	138	17	192	18	129	19	106	
	0	172	1	106	2	164	3	122	4	185	5	171	6	185	7	197	8	130	9	147	10	176	11	128	12	167	13	154	14	195	15	173	16	121	17	137	18	132	19	172	
	0	142	1	118	2	123	3	175	4	142	5	130	6	161	7	154	8	129	9	187	10	123	11	108	12	136	13	166	14	102	15	190	16	138	17	107	18	164	19	125	
	0	181	1	160	2	193	3	188	4	105	5	124	6	133	7	132	8	125	9	133	10	113	11	159	12	188	13	102	14	144	15	144	16	155	17	174	18	199	19	101	
	0	142	1	158	2	145	3	117	4	173	5	118	6	139	7	109	8	142	9	156	10	160	11	157	12	197	13	182	14	177	15	168	16	156	17	109	18	107	19	116	
	0	104	1	187	2	194	3	172	4	100	5	101	6	151	7	184	8	157	9	167	10	134	11	147	12	107	13	106	14	118	15	117	16	116	17	179	18	121	19	109	
	0	123	1	110	2	164	3	166	4	149	5	153	6	176	7	189	8	116	9	116	10	152	11	129	12	108	13	171	14	147	15	155	16	114	17	187	18	101	19	174	
	0	103	1	111	2	130	3	176	4	135	5	145	6	191	7	196	8	129	9	184	10	146	11	140	12	168	13	109	14	176	15	110	16	159	17	103	18	158	19	106	
	0	105	1	193	2	154	3	167	4	182	5	194	6	120	7	191	8	119	9	144	10	145	11	155	12	102	13	198	14	179	15	172	16	139	17	120	18	171	19	195	
	0	183	1	182	2	116	3	126	4	197	5	125	6	173	7	172	8	180	9	121	10	155	11	133	12	195	13	164	14	129	15	111	16	149	17	164	18	112	19	145	
	0	126	1	128	2	183	3	169	4	150	5	105	6	152	7	190	8	161	9	180	10	146	11	109	12	167	13	121	14	100	15	153	16	191	17	122	18	198	19	177	
	0	163	1	197	2	118	3	188	4	194	5	157	6	193	7	180	8	171	9	164	10	121	11	121	12	194	13	135	14	176	15	138	16	190	17	159	18	175	19	131	
	0	142	1	131	2	149	3	158	4	188	5	168	6	194	7	183	8	168	9	112	10	164	11	119	12	193	13	175	14	133	15	160	16	199	17	160	18	195	19	175	
	0	137	1	103	2	198	3	103	4	149	5	137	6	132	7	114	8	171	9	141	10	139	11	119	12	147	13	187	14	175	15	198	16	168	17	195	18	106	19	142	
	0	142	1	171	2	106	3	109	4	154	5	194	6	103	7	161	8	169	9	169	10	186	11	170	12	139	13	112	14	134	15	107	16	191	17	150	18	134	19	159	
	0	185	1	191	2	111	3	189	4	155	5	162	6	176	7	118	8	188	9	159	10	184	11	144	12	111	13	111	14	121	15	179	16	109	17	183	18	143	19	102	
	0	160	1	188	2	179	3	111	4	116	5	148	6	166	7	172	8	114	9	162	10	142	11	111	12	139	13	156	14	113	15	183	16	174	17	118	18	153	19	117	
	0	171	1	108	2	112	3	149	4	129	5	120	6	160	7	121	8	119	9	114	10	135	11	148	12	168	13	197	14	109	15	149	16	149	17	166	18	139	19	115	
	0	103	1	185	2	153	3	117	4	130	5	153	6	179	7	187	8	148	9	129	10	138	11	120	12	107	13	153	14	141	15	183	16	171	17	194	18	131	19	164	
	0	168	1	117	2	157	3	139	4	149	5	128	6	113	7	173	8	117	9	103	10	103	11	132	12	199	13	132	14	166	15	146	16	185	17	161	18	130	19	106	
	0	121	1	169	2	169	3	173	4	121	5	142	6	169	7	100	8	117	9	142	10	123	11	199	12	139	13	119	14	110	15	163	16	143	17	121	18	190	19	189	
	0	193	1	195	2	127	3	187	4	185	5	153	6	109	7	136	8	101	9	120	10	146	11	156	12	198	13	133	14	161	15	186	16	192	17	105	18	126	19	189	
	0	136	1	138	2	103	3	182	4	173	5	166	6	174	7	128	8	131	9	168	10	188	11	159	12	173	13	185	14	123	15	119	16	141	17	109	18	187	19	173	
	0	174	1	136	2	176	3	100	4	117	5	128	6	155	7	142	8	154	9	115	10	114	11	110	12	186	13	195	14	195	15	102	16	154	17	190	18	109	19	129	
	0	171	1	153	2	144	3	119	4	129	5	185	6	107	7	142	8	131	9	196	10	167	11	177	12	152	13	118	14	173	15	160	16	116	17	152	18	129	19	102	
	0	144	1	103	2	119	3	119	4	165	5	173	6	172	7	154	8	121	9	156	10	199	11	144	12	197	13	129	14	193	15	103	16	188	17	164	18	102	19	134	
	0	151	1	107	2	154	3	150	4	142	5	185	6	112	7	154	8	110	9	132	10	183	11	140	12	153	13	138	14	154	15	195	16	132	17	125	18	170	19	142	
	0	191	1	104	2	120	3	191	4	192	5	122	6	192	7	165	8	114	9	194	10	198	11	147	12	145	13	100	14	195	15	166	16	137	17	194	18	108	19	131	
	0	103	1	107	2	115	3	122	4	103	5	139	6	192	7	127	8	123	9	173	10	136	11	191	12	176	13	153	14	108	15	170	16	100	17	153	18	188	19	144	
	0	197	1	122	2	150	3	159	4	106	5	161	6	174	7	120	8	144	9	100	10	101	11	126	12	139	13	175	14	164	15	156	16	127	17	163	18	119	19	163	
	0	194	1	115	2	138	3	167	4	155	5	131	6	166	7	107	8	138	9	114	10	177	11	181	12	135	13	104	14	109	15	108	16	137	17	192	18	192	19	133	
	0	188	1	133	2	126	3	193	4	102	5	131	6	151	7	132	8	148	9	141	10	136	11	143	12	149	13	173	14	148	15	188	16	133	17	148	18	152	19	120	
	0	196	1	166	2	160	3	175	4	185	5	161	6	172	7	112	8	133	9	178	10	176	11	151	12	169	13	193	14	141	15	178	16	133	17	155	18	114	19	152	
	0	135	1	163	2	122	3	199	4	148	5	157	6	163	7	114	8	126	9	141	10	160	11	118	12	164	13	139	14	140	15	146	16	114	17	145	18	156	19	153	
	0	104	1	124	2	183	3	164	4	171	5	193	6	152	7	170	8	127	9	111	10	185	11	183	12	168	13	177	14	107	15	126	16	164	17	189	18	123	19	135	
	0	105	1	128	2	192	3	153	4	168	5	122	6	142	7	190	8	115	9	131	10	123	11	135	12	182	13	188	14	176	15	151	16	161	17	184	18	101	19	137	
	0	107	1	195	2	190	3	118	4	134	5	140	6	194	7	165	8	196	9	131	10	122	11	109	12	131	13	121	14	162	15	193	16	138	17	140	18	121	19	183	
	0	156	1	124	2	158	3	192	4	185	5	136	6	108	7	117	8	119	9	107	10	130	11	178	12	187	13	179	14	184	15	175	16	130	17	167	18	190	19	176	
	0	100	1	113	2	195	3	175	4	112	5	103	6	139	7	170	8	153	9	103	10	181	11	122	12	164	13	127	14	129	15	170	16	130	17	103	18	162	19	189	
	0	107	1	158	2	180	3	191	4	187	5	115	6	120	7	148	8	188	9	147	10	113	11	123	12	128	13	149	14	151	15	110	16	171	17	111	18	143	19	199	
	0	102	1	133	2	159	3	182	4	140	5	181	6	196	7	146	8	186	9	184	10	154	11	151	12	123	13	140	14	159	15	170	16	149	17	179	18	168	19	125	
	0	171	1	104	2	165	3	153	4	104	5	109	6	164	7	140	8	105	9	140	10	102	11	157	12	115	13	136	14	182	15	156	16	144	17	129	18	127	19	168	
	0	124	1	101	2	145	3	115	4	192	5	129	6	131	7	192	8	122	9	187	10	168	11	132	12	184	13	117	14	163	15	163	16	148	17	115	18	158	19	127	
	0	105	1	195	2	132	3	180	4	190	5	102	6	119	7	142	8	179	9	136	10	130	11	168	12	116	13	169	14	166	15	154	16	197	17	114	18	148	19	189	
	0	179	1	139	2	183	3	155	4	199	5	143	6	136	7	161	8	125	9	126	10	180	11	147	12	169	13	168	14	113	15	147	16	109	17	109	18	101	19	186	
	0	190	1	133	2	112	3	149	4	178	5	115	6	157	7	175	8	147	9	119	10	185	11	124	12	147	13	127	14	141	15	185	16	163	17	153	18	198	19	147	
	0	118	1	190	2	194	3	126	4	158	5	109	6	152	7	108	8	154	9	155	10	120	11	164	12	101	13	121	14	115	15	196	16	106	17	185	18	199	19	114	
	0	130	1	139	2	176	3	146	4	134	5	151	6	106	7	159	8	153	9	199	10	130	11	105	12	150	13	166	14	192	15	142	16	171	17	185	18	143	19	101	
	0	140	1	135	2	117	3	162	4	175	5	160	6	149	7	181	8	173	9	142	10	184	11	159	12	141	13	103	14	148	15	175	16	116	17	175	18	172	19	175	
	0	121	1	183	2	160	3	158	4	139	5	176	6	143	7	142	8	138	9	114	10	140	11	175	12	167	13	196	14	132	15	166	16	173	17	101	18	116	19	108	
	0	145	1	126	2	114	3	163	4	185	5	114	6	164	7	111	8	125	9	183	10	152	11	155	12	186	13	114	14	155	15	139	16	173	17	191	18	135	19	179	
	0	100	1	144	2	153	3	141	4	136	5	164	6	103	7	119	8	115	9	160	10	142	11	164	12	132	13	144	14	192	15	169	16	106	17	109	18	157	19	186	
	0	181	1	156	2	112	3	182	4	165	5	139	6	125	7	120	8	130	9	107	10	175	11	155	12	156	13	172	14	152	15	181	16	125	17	158	18	176	19	114	
	0	104	1	186	2	140	3	135	4	189	5	114	6	143	7	173	8	123	9	139	10	120	11	191	12	137	13	176	14	195	15	125	16	150	17	119	18	121	19	153	
	0	183	1	148	2	135	3	144	4	128	5	182	6	138	7	145	8	188	9	142	10	111	11	197	12	153	13	163	14	174	15	143	16	108	17	195	18	125	19	112	
	0	189	1	185	2	147	3	139	4	168	5	148	6	182	7	147	8	176	9	121	10	154	11	129	12	137	13	106	14	144	15	117	16	121	17	145	18	168	19	142	
	0	111	1	139	2	151	3	154	4	162	5	174	6	168	7	109	8	121	9	127	10	169	11	129	12	184	13	182	14	179	15	102	16	170	17	124	18	156	19	148	
	0	192	1	187	2	118	3	146	4	187	5	153	6	173	7	147	8	178	9	126	10	104	11	120	12	196	13	199	14	180	15	100	16	158	17	136	18	106	19	100	
	0	172	1	106	2	160	3	132	4	115	5	131	6	136	7	188	8	107	9	113	10	142	11	100	12	150	13	101	14	159	15	190	16	181	17	105	18	178	19	113	
	0	193	1	152	2	171	3	155	4	139	5	133	6	163	7	164	8	186	9	136	10	180	11	142	12	126	13	100	14	109	15	146	16	175	17	172	18	170	19	188	
	0	167	1	109	2	102	3	104	4	125	5	168	6	166	7	130	8	107	9	150	10	180	11	135	12	163	13	199	14	180	15	166	16	190	17	169	18	147	19	137	
	0	161	1	162	2	181	3	161	4	174	5	185	6	189	7	133	8	111	9	188	10	109	11	128	12	106	13	178	14	115	15	191	16	138	17	175	18	119	19	125	
	0	101	1	176	2	106	3	161	4	147	5	185	6	165	7	186	8	182	9	171	10	116	11	123	12	125	13	184	14	191	15	194	16	135	17	185	18	179	19	167	
	0	177	1	135	2	144	3	110	4	109	5	154	6	150	7	197	8	152	9	107	10	123	11	193	12	171	13	111	14	109	15	196	16	174	17	163	18	177	19	119	
	0	100	1	163	2	163	3	150	4	195	5	143	6	109	7	197	8	111	9	104	10	183	11	192	12	199	13	138	14	137	15	139	16	194	17	154	18	130	19	194	
	0	148	1	188	2	131	3	192	4	114	5	123	6	108	7	199	8	100	9	196	10	199	11	105	12	142	13	129	14	180	15	171	16	190	17	134	18	122	19	137	
	0	174	1	166	2	142	3	106	4	165	5	117	6	158	7	178	8	139	9	175	10	144	11	127	12	150	13	121	14	198	15	167	16	157	17	128	18	160	19	102	
	0	104	1	133	2	125	3	151	4	138	5	113	6	149	7	149	8	152	9	182	10	187	11	112	12	166	13	124	14	159	15	139	16	128	17	183	18	141	19	185	
	0	171	1	147	2	182	3	107	4	182	5	147	6	107	7	157	8	144	9	194	10	132	11	153	12	103	13	141	14	141	15	147	16	167	17	155	18	197	19	164	
	0	162	1	154	2	192	3	192	4	180	5	152	6	199	7	178	8	144	9	152	10	176	11	126	12	150	13	108	14	191	15	131	16	183	17	181	18	194	19	168	
	0	191	1	129	2	128	3	197	4	149	5	102	6	145	7	131	8	114	9	167	10	181	11	144	12	139	13	168	14	166	15	130	16	149	17	187	18	177	19	159	
	0	161	1	105	2	164	3	182	4	180	5	141	6	188	7	137	8	150	9	183	10	186	11	146	12	198	13	142	14	157	15	157	16	190	17	128	18	187	19	132	
	0	173	1	189	2	115	3	166	4	113	5	136	6	127	7	170	8	124	9	169	10	126	11	155	12	130	13	142	14	174	15	125	16	134	17	101	18	104	19	191	
	0	146	1	162	2	193	3	140	4	117	5	151	6	106	7	150	8	161	9	132	10	180	11	141	12	181	13	157	14	158	15	169	16	129	17	131	18	144	19	191	
	0	105	1	171	2	160	3	105	4	124	5	178	6	180	7	178	8	122	9	178	10	124	11	116	12	172	13	150	14	161	15	190	16	129	17	109	18	195	19	198	
	0	198	1	101	2	112	3	188	4	147	5	180	6	195	7	161	8	142	9	136	10	172	11	130	12	104	13	175	14	166	15	125	16	114	17	162	18	179	19	167	
	0	126	1	107	2	115	3	197	4	108	5	158	6	172	7	168	8	132	9	180	10	153	11	123	12	131	13	148	14	131	15	135	16	122	17	132	18	185	19	183	
	0	174	1	156	2	149	3	119	4	133	5	150	6	133	7	100	8	113	9	109	10	187	11	138	12	169	13	131	14	157	15	176	16	186	17	183	18	120	19	193	
	0	136	1	125	2	176	3	196	4	142	5	161	6	193	7	155	8	102	9	114	10	101	11	186	12	174	13	111	14	122	15	154	16	100	17	121	18	159	19	181	
	0	181	1	116	2	147	3	168	4	103	5	140	6	199	7	127	8	149	9	152	10	118	11	198	12	120	13	198	14	179	15	106	16	103	17	119	18	161	19	116	
	0	183	1	178	2	146	3	110	4	137	5	120	6	178	7	195	8	130	9	130	10	116	11	140	12	186	13	102	14	133	15	148	16	140	17	161	18	164	19	126	
	0	170	1	146	2	146	3	119	4	192	5	105	6	166	7	144	8	199	9	166	10	145	11	133	12	193	13	165	14	184	15	155	16	120	17	136	18	171	19	173	
	0	126	1	146	2	159	3	141	4	135	5	160	6	112	7	116	8	141	9	110	10	105	11	135	12	148	13	109	14	164	15	132	16	112	17	152	18	177	19	154	
	0	198	1	156	2	163	3	156	4	125	5	197	6	120	7	190	8	183	9	110	10	183	11	197	12	171	13	130	14	128	15	181	16	117	17	149	18	195	19	186	
	0	148	1	143	2	133	3	104	4	164	5	163	6	132	7	177	8	129	9	176	10	145	11	148	12	176	13	138	14	117	15	151	16	153	17	151	18	149	19	178	
	0	153	1	114	2	148	3	163	4	123	5	120	6	124	7	123	8	147	9	194	10	103	11	103	12	135	13	151	14	104	15	160	16	162	17	111	18	182	19	113	
	0	106	1	118	2	142	3	142	4	144	5	130	6	133	7	127	8	187	9	192	10	136	11	175	12	184	13	198	14	196	15	107	16	174	17	146	18	122	19	147	
	0	186	1	167	2	173	3	191	4	193	5	168	6	195	7	188	8	133	9	179	10	153	11	173	12	186	13	157	14	130	15	197	16	111	17	128	18	104	19	155	
	0	182	1	106	2	116	3	154	4	185	5	179	6	164	7	160	8	134	9	102	10	174	11	138	12	110	13	195	14	119	15	109	16	186	17	121	18	157	19	186	
	0	142	1	187	2	139	3	193	4	187	5	148	6	172	7	188	8	169	9	195	10	115	11	181	12	110	13	119	14	198	15	150	16	187	17	191	18	140	19	164	
	0	176	1	158	2	149	3	150	4	154	5	138	6	194	7	163	8	138	9	142	10	127	11	164	12	153	13	120	14	166	15	189	16	124	17	193	18	145	19	184	
	0	153	1	152	2	112	3	139	4	155	5	109	6	112	7	115	8	176	9	170	10	156	11	121	12	117	13	169	14	103	15	185	16	155	17	189	18	158	19	135	
	0	149	1	167	2	124	3	126	4	177	5	182	6	124	7	160	8	181	9	170	10	115	11	184	12	120	13	178	14	152	15	150	16	122	17	158	18	177	19	117	
	0	184	1	124	2	124	3	100	4	156	5	166	6	174	7	179	8	117	9	152	10	135	11	154	12	136	13	104	14	188	15	170	16	143	17	188	18	199	19	147	
	0	147	1	177	2	158	3	188	4	110	5	134	6	199	7	118	8	197	9	132	10	150	11	149	12	133	13	155	14	163	15	152	16	101	17	183	18	148	19	130	
	0	132	1	178	2	129	3	179	4	193	5	141	6	108	7	158	8	191	9	183	10	120	11	110	12	152	13	141	14	157	15	172	16	174	17	132	18	100	19	115	
	0	146	1	173	2	157	3	146	4	121	5	174	6	183	7	167	8	140	9	171	10	117	11	192	12	167	13	160	14	148	15	144	16	110	17	106	18	100	19	177	
	0	104	1	186	2	115	3	161	4	134	5	109	6	128	7	128	8	189	9	118	10	165	11	176	12	104	13	199	14	106	15	108	16	192	17	195	18	199	19	175	
	0	165	1	113	2	148	3	161	4	158	5	157	6	107	7	199	8	170	9	140	10	106	11	180	12	159	13	177	14	160	15	112	16	176	17	135	18	167	19	125	
	0	178	1	191	2	161	3	166	4	103	5	176	6	108	7	116	8	184	9	142	10	198	11	157	12	197	13	187	14	133	15	119	16	119	17	181	18	160	19	165	
	0	173	1	105	2	168	3	165	4	144	5	142	6	103	7	138	8	146	9	130	10	123	11	178	12	174	13	181	14	119	15	113	16	195	17	155	18	167	19	177	
	0	151	1	180	2	149	3	109	4	134	5	172	6	125	7	196	8	164	9	130	10	157	11	194	12	151	13	158	14	106	15	134	16	182	17	166	18	180	19	104	
	0	112	1	170	2	180	3	144	4	145	5	104	6	117	7	109	8	148	9	151	10	148	11	199	12	177	13	197	14	113	15	194	16	126	17	152	18	147	19	195	
	0	141	1	157	2	124	3	138	4	133	5	167	6	123	7	138	8	150	9	160	10	151	11	146	12	182	13	111	14	185	15	177	16	199	17	165	18	149	19	133	
	0	115	1	194	2	182	3	130	4	163	5	176	6	176	7	157	8	172	9	155	10	160	11	124	12	124	13	161	14	127	15	160	16	173	17	140	18	171	19	170	
	0	180	1	137	2	183	3	128	4	153	5	113	6	118	7	199	8	111	9	172	10	140	11	199	12	198	13	199	14	189	15	179	16	145	17	113	18	119	19	127	
	0	176	1	105	2	143	3	132	4	115	5	104	6	143	7	129	8	121	9	190	10	131	11	161	12	159	13	112	14	154	15	194	16	155	17	168	18	176	19	182	
	0	178	1	176	2	198	3	153	4	155	5	114	6	138	7	189	8	103	9	177	10	182	11	133	12	146	13	158	14	172	15	134	16	122	17	146	18	140	19	141	
	0	152	1	111	2	118	3	147	4	132	5	194	6	138	7	155	8	126	9	191	10	134	11	164	12	151	13	198	14	151	15	159	16	189	17	126	18	188	19	108	
	0	124	1	104	2	113	3	158	4	142	5	134	6	180	7	166	8	134	9	108	10	194	11	168	12	138	13	168	14	148	15	100	16	178	17	182	18	180	19	116	
	0	125	1	172	2	116	3	103	4	175	5	141	6	171	7	107	8	184	9	169	10	192	11	112	12	137	13	141	14	188	15	157	16	161	17	193	18	102	19	116	
	0	163	1	105	2	165	3	105	4	147	5	162	6	122	7	189	8	151	9	118	10	105	11	189	12	164	13	122	14	119	15	178	16	178	17	197	18	150	19	159	
	0	185	1	174	2	157	3	110	4	186	5	185	6	142	7	153	8	182	9	119	10	107	11	177	12	145	13	158	14	125	15	170	16	155	17	159	18	168	19	193	
	0	193	1	106	2	191	3	189	4	199	5	142	6	163	7	125	8	107	9	124	10	140	11	149	12	194	13	193	14	108	15	161	16	162	17	107	18	133	19	163	
	0	144	1	180	2	114	3	136	4	163	5	123	6	186	7	173	8	103	9	189	10	116	11	188	12	156	13	119	14	107	15	130	16	179	17	190	18	170	19	165	
	0	171	1	127	2	108	3	139	4	100	5	186	6	144	7	138	8	106	9	172	10	147	11	195	12	133	13	156	14	147	15	193	16	118	17	151	18	167	19	175	
	0	125	1	114	2	136	3	118	4	113	5	113	6	189	7	142	8	146	9	171	10	110	11	177	12	174	13	161	14	112	15	133	16	100	17	173	18	169	19	175	
	0	193	1	151	2	118	3	116	4	197	5	183	6	167	7	101	8	122	9	162	10	190	11	119	12	147	13	172	14	176	15	100	16	160	17	115	18	145	19	190	
	0	158	1	157	2	119	3	105	4	152	5	123	6	170	7	177	8	149	9	198	10	160	11	126	12	148	13	177	14	176	15	115	16	138	17	129	18	149	19	187	
	0	102	1	157	2	193	3	107	4	172	5	109	6	131	7	125	8	153	9	185	10	107	11	130	12	114	13	148	14	100	15	166	16	104	17	148	18	124	19	169	
	0	119	1	157	2	148	3	110	4	139	5	189	6	186	7	105	8	109	9	134	10	138	11	103	12	159	13	136	14	121	15	185	16	192	17	179	18	189	19	122	
	0	167	1	168	2	134	3	185	4	174	5	168	6	177	7	183	8	138	9	106	10	172	11	138	12	130	13	194	14	193	15	164	16	106	17	128	18	153	19	139	
	0	199	1	110	2	189	3	161	4	144	5	106	6	103	7	138	8	172	9	172	10	115	11	181	12	155	13	164	14	136	15	188	16	170	17	125	18	147	19	180	
	0	196	1	113	2	123	3	144	4	143	5	105	6	184	7	186	8	164	9	105	10	191	11	172	12	135	13	186	14	106	15	174	16	151	17	196	18	137	19	142	
	0	114	1	166	2	124	3	148	4	144	5	184	6	191	7	179	8	191	9	184	10	137	11	193	12	192	13	130	14	109	15	151	16	104	17	167	18	165	19	170	
	0	198	1	145	2	121	3	123	4	137	5	148	6	146	7	113	8	105	9	117	10	168	11	160	12	156	13	120	14	113	15	194	16	187	17	145	18	189	19	126	
	0	151	1	139	2	132	3	147	4	146	5	120	6	146	7	106	8	187	9	162	10	187	11	104	12	175	13	132	14	138	15	183	16	133	17	169	18	120	19	198	
	0	189	1	173	2	184	3	173	4	132	5	117	6	165	7	144	8	140	9	174	10	100	11	149	12	104	13	107	14	194	15	104	16	112	17	124	18	190	19	102	
	0	159	1	143	2	154	3	146	4	144	5	181	6	184	7	129	8	103	9	146	10	181	11	158	12	149	13	162	14	189	15	130	16	184	17	119	18	160	19	116	
	0	155	1	160	2	197	3	103	4	121	5	113	6	138	7	163	8	168	9	106	10	125	11	151	12	196	13	138	14	130	15	118	16	173	17	188	18	154	19	189	
	0	123	1	117	2	144	3	188	4	146	5	141	6	142	7	136	8	115	9	113	10	159	11	164	12	131	13	178	14	180	15	198	16	178	17	195	18	178	19	145	
	0	186	1	129	2	183	3	129	4	146	5	179	6	188	7	171	8	194	9	170	10	123	11	146	12	170	13	187	14	137	15	104	16	191	17	177	18	157	19	174	
	0	118	1	107	2	101	3	192	4	112	5	193	6	161	7	196	8	147	9	163	10	170	11	172	12	132	13	182	14	124	15	184	16	161	17	155	18	132	19	178	
	0	162	1	103	2	185	3	114	4	195	5	145	6	149	7	122	8	161	9	148	10	121	11	103	12	131	13	144	14	179	15	154	16	164	17	100	18	164	19	153	
	0	152	1	163	2	190	3	139	4	172	5	184	6	179	7	179	8	142	9	156	10	197	11	190	12	109	13	150	14	110	15	131	16	121	17	121	18	148	19	155	
	0	164	1	194	2	145	3	198	4	115	5	106	6	160	7	152	8	153	9	132	10	113	11	103	12	181	13	108	14	127	15	170	16	174	17	179	18	146	19	183	
	0	155	1	155	2	131	3	123	4	117	5	128	6	188	7	198	8	178	9	101	10	196	11	102	12	180	13	180	14	111	15	196	16	123	17	112	18	192	19	193	
	0	172	1	113	2	100	3	160	4	107	5	111	6	113	7	118	8	171	9	108	10	123	11	196	12	102	13	141	14	162	15	117	16	180	17	180	18	113	19	111	
	0	118	1	171	2	151	3	163	4	140	5	181	6	145	7	117	8	126	9	134	10	164	11	118	12	148	13	174	14	141	15	141	16	117	17	119	18	195	19	114	
	0	155	1	179	2	127	3	134	4	122	5	172	6	131	7	100	8	131	9	171	10	170	11	153	12	151	13	177	14	193	15	166	16	157	17	186	18	176	19	164	
	0	192	1	160	2	199	3	169	4	106	5	163	6	155	7	138	8	199	9	167	10	125	11	186	12	190	13	163	14	154	15	144	16	139	17	178	18	114	19	109	
	0	181	1	188	2	163	3	141	4	158	5	102	6	137	7	152	8	118	9	195	10	172	11	151	12	117	13	146	14	190	15	136	16	110	17	185	18	184	19	115	
	0	145	1	141	2	131	3	194	4	195	5	137	6	124	7	124	8	137	9	109	10	166	11	191	12	199	13	140	14	140	15	191	16	172	17	173	18	199	19	160	
	0	184	1	115	2	185	3	128	4	101	5	144	6	124	7	103	8	167	9	104	10	186	11	159	12	147	13	179	14	186	15	143	16	179	17	148	18	161	19	120	
	0	104	1	111	2	151	3	155	4	161	5	122	6	153	7	187	8	172	9	188	10	176	11	159	12	119	13	102	14	191	15	168	16	193	17	158	18	161	19	100	
	0	106	1	195	2	174	3	148	4	125	5	115	6	190	7	128	8	154	9	181	10	133	11	192	12	173	13	142	14	154	15	140	16	190	17	159	18	129	19	141	
	0	158	1	193	2	167	3	187	4	158	5	154	6	102	7	198	8	175	9	160	10	190	11	133	12	111	13	118	14	172	15	180	16	188	17	136	18	126	19	189	
	0	171	1	148	2	144	3	154	4	151	5	144	6	102	7	149	8	123	9	110	10	126	11	160	12	102	13	114	14	140	15	110	16	106	17	100	18	190	19	156	
	0	145	1	122	2	126	3	153	4	193	5	174	6	113	7	115	8	179	9	141	10	190	11	147	12	191	13	172	14	150	15	108	16	186	17	123	18	143	19	113	
	0	112	1	136	2	175	3	109	4	152	5	130	6	120	7	199	8	135	9	198	10	110	11	136	12	178	13	120	14	118	15	189	16	109	17	135	18	163	19	191	
	0	149	1	180	2	198	3	173	4	105	5	149	6	190	7	139	8	182	9	153	10	182	11	169	12	140	13	144	14	187	15	124	16	181	17	129	18	123	19	199	
	0	104	1	168	2	176	3	151	4	198	5	174	6	121	7	199	8	115	9	156	10	134	11	166	12	180	13	112	14	104	15	119	16	174	17	112	18	170	19	139	
	0	151	1	197	2	150	3	163	4	100	5	143	6	195	7	129	8	123	9	135	10	111	11	169	12	178	13	121	14	182	15	197	16	149	17	109	18	188	19	181	
	0	174	1	174	2	128	3	130	4	124	5	161	6	153	7	161	8	182	9	160	10	120	11	172	12	189	13	167	14	120	15	134	16	164	17	169	18	184	19	100	
	0	180	1	151	2	163	3	145	4	133	5	162	6	186	7	174	8	128	9	187	10	125	11	126	12	103	13	136	14	104	15	120	16	127	17	151	18	103	19	116	
	0	169	1	142	2	162	3	154	4	177	5	138	6	167	7	199	8	167	9	169	10	168	11	180	12	151	13	179	14	136	15	159	16	132	17	110	18	170	19	117	
	0	197	1	185	2	163	3	155	4	154	5	187	6	138	7	199	8	162	9	174	10	165	11	167	12	158	13	110	14	190	15	148	16	129	17	144	18	199	19	188	
	0	102	1	175	2	180	3	146	4	116	5	106	6	152	7	136	8	116	9	138	10	143	11	131	12	138	13	131	14	103	15	187	16	154	17	170	18	165	19	110	
	0	154	1	129	2	124	3	102	4	118	5	175	6	109	7	127	8	175	9	152	10	181	11	123	12	108	13	169	14	176	15	126	16	111	17	152	18	155	19	174	
	0	149	1	105	2	149	3	184	4	110	5	122	6	120	7	158	8	176	9	130	10	191	11	108	12	182	13	122	14	127	15	141	16	184	17	186	18	151	19	171	
	0	134	1	142	2	161	3	195	4	171	5	180	6	116	7	104	8	120	9	165	10	139	11	164	12	134	13	180	14	156	15	192	16	109	17	116	18	135	19	148	
	0	107	1	111	2	154	3	166	4	126	5	120	6	138	7	185	8	141	9	154	10	192	11	103	12	182	13	170	14	157	15	189	16	180	17	194	18	104	19	103	
	0	136	1	197	2	142	3	103	4	184	5	131	6	136	7	146	8	179	9	170	10	102	11	114	12	113	13	172	14	107	15	168	16	134	17	103	18	198	19	133	
	0	177	1	156	2	136	3	185	4	111	5	167	6	103	7	100	8	190	9	191	10	111	11	136	12	126	13	144	14	148	15	137	16	155	17	137	18	197	19	152	
	0	137	1	121	2	176	3	199	4	139	5	101	6	130	7	181	8	134	9	195	10	147	11	174	12	163	13	179	14	162	15	135	16	166	17	179	18	183	19	156	
	0	135	1	174	2	115	3	183	4	157	5	118	6	184	7	133	8	150	9	186	10	111	11	108	12	181	13	127	14	174	15	175	16	164	17	147	18	187	19	147	
	0	174	1	133	2	135	3	158	4	168	5	143	6	144	7	158	8	185	9	157	10	128	11	133	12	152	13	152	14	194	15	152	16	159	17	175	18	162	19	107	
	0	170	1	179	2	161	3	126	4	165	5	110	6	119	7	126	8	178	9	118	10	154	11	112	12	107	13	155	14	164	15	199	16	132	17	130	18	109	19	166	