200 30 1
30
	0	199	1	137	2	195	3	134	4	105	5	163	6	102	7	195	8	127	9	153	10	101	11	136	12	108	13	193	14	151	15	107	16	160	17	194	18	105	19	194	20	187	21	134	22	186	23	198	24	183	25	178	26	147	27	149	28	184	29	166	
	0	192	1	175	2	124	3	153	4	171	5	133	6	164	7	158	8	101	9	169	10	120	11	161	12	175	13	118	14	135	15	103	16	198	17	147	18	196	19	180	20	167	21	138	22	173	23	171	24	123	25	127	26	141	27	173	28	134	29	116	
	0	185	1	188	2	155	3	111	4	175	5	183	6	148	7	102	8	195	9	131	10	108	11	108	12	175	13	124	14	196	15	146	16	191	17	162	18	138	19	183	20	198	21	183	22	153	23	145	24	177	25	109	26	121	27	126	28	102	29	194	
	0	146	1	114	2	137	3	192	4	177	5	176	6	106	7	112	8	111	9	193	10	162	11	190	12	195	13	178	14	152	15	122	16	195	17	120	18	152	19	139	20	111	21	197	22	136	23	170	24	154	25	135	26	143	27	183	28	153	29	142	
	0	112	1	123	2	178	3	193	4	103	5	153	6	186	7	161	8	107	9	170	10	159	11	164	12	172	13	176	14	194	15	181	16	115	17	192	18	125	19	129	20	101	21	168	22	137	23	118	24	141	25	144	26	122	27	105	28	103	29	106	
	0	104	1	101	2	106	3	101	4	110	5	160	6	100	7	147	8	158	9	187	10	161	11	146	12	109	13	157	14	106	15	141	16	121	17	157	18	177	19	116	20	193	21	196	22	151	23	185	24	175	25	138	26	133	27	171	28	114	29	146	
	0	184	1	177	2	116	3	113	4	156	5	149	6	127	7	152	8	167	9	155	10	144	11	190	12	172	13	136	14	112	15	151	16	195	17	176	18	135	19	172	20	108	21	180	22	115	23	165	24	113	25	146	26	103	27	169	28	188	29	118	
	0	129	1	142	2	102	3	169	4	166	5	196	6	170	7	113	8	144	9	148	10	130	11	177	12	154	13	157	14	144	15	125	16	172	17	175	18	160	19	173	20	158	21	164	22	178	23	122	24	172	25	152	26	192	27	181	28	164	29	166	
	0	163	1	125	2	104	3	102	4	107	5	185	6	186	7	106	8	104	9	159	10	162	11	112	12	107	13	108	14	155	15	101	16	150	17	119	18	162	19	152	20	145	21	142	22	172	23	142	24	146	25	123	26	179	27	134	28	144	29	121	
	0	117	1	199	2	168	3	160	4	182	5	185	6	153	7	174	8	195	9	145	10	174	11	141	12	148	13	144	14	122	15	165	16	126	17	183	18	132	19	155	20	101	21	114	22	169	23	156	24	126	25	122	26	100	27	100	28	169	29	114	
	0	120	1	128	2	136	3	138	4	109	5	143	6	131	7	199	8	101	9	136	10	187	11	151	12	145	13	197	14	134	15	100	16	125	17	151	18	148	19	160	20	196	21	118	22	138	23	145	24	125	25	145	26	125	27	120	28	148	29	180	
	0	181	1	116	2	174	3	126	4	143	5	139	6	197	7	141	8	112	9	192	10	110	11	194	12	125	13	145	14	100	15	141	16	193	17	177	18	178	19	194	20	130	21	123	22	157	23	114	24	132	25	177	26	189	27	197	28	175	29	112	
	0	138	1	194	2	112	3	101	4	167	5	132	6	179	7	100	8	156	9	112	10	168	11	121	12	177	13	120	14	196	15	143	16	103	17	127	18	184	19	118	20	193	21	184	22	162	23	119	24	155	25	125	26	183	27	187	28	128	29	163	
	0	113	1	153	2	195	3	144	4	177	5	171	6	142	7	186	8	128	9	195	10	142	11	195	12	124	13	165	14	170	15	159	16	118	17	121	18	186	19	149	20	176	21	120	22	119	23	190	24	189	25	115	26	126	27	117	28	192	29	130	
	0	131	1	100	2	139	3	100	4	190	5	168	6	180	7	196	8	117	9	123	10	190	11	150	12	187	13	154	14	171	15	112	16	148	17	167	18	109	19	114	20	177	21	133	22	132	23	126	24	168	25	107	26	183	27	176	28	155	29	112	
	0	183	1	187	2	118	3	171	4	140	5	137	6	158	7	120	8	150	9	168	10	128	11	199	12	117	13	138	14	148	15	185	16	189	17	187	18	136	19	191	20	163	21	104	22	160	23	142	24	132	25	164	26	152	27	109	28	136	29	158	
	0	128	1	128	2	122	3	136	4	132	5	109	6	110	7	127	8	169	9	171	10	182	11	185	12	145	13	119	14	125	15	174	16	187	17	148	18	167	19	117	20	178	21	127	22	178	23	133	24	156	25	187	26	157	27	178	28	158	29	160	
	0	120	1	128	2	159	3	131	4	163	5	147	6	118	7	166	8	104	9	108	10	190	11	172	12	184	13	125	14	186	15	107	16	142	17	121	18	182	19	136	20	117	21	122	22	153	23	149	24	147	25	178	26	168	27	150	28	154	29	132	
	0	143	1	145	2	102	3	196	4	175	5	155	6	158	7	104	8	120	9	193	10	109	11	190	12	186	13	101	14	197	15	120	16	160	17	122	18	163	19	190	20	116	21	115	22	105	23	142	24	102	25	126	26	154	27	186	28	171	29	166	
	0	164	1	135	2	150	3	147	4	180	5	112	6	172	7	178	8	166	9	129	10	165	11	138	12	191	13	194	14	135	15	169	16	169	17	184	18	154	19	185	20	110	21	114	22	133	23	130	24	177	25	118	26	149	27	124	28	179	29	126	
	0	127	1	147	2	134	3	130	4	105	5	103	6	176	7	145	8	186	9	175	10	175	11	108	12	194	13	166	14	136	15	156	16	175	17	156	18	178	19	163	20	149	21	199	22	181	23	117	24	197	25	117	26	109	27	117	28	149	29	171	
	0	149	1	103	2	192	3	144	4	192	5	182	6	173	7	157	8	104	9	122	10	173	11	121	12	166	13	160	14	183	15	120	16	105	17	171	18	104	19	106	20	194	21	160	22	141	23	157	24	162	25	190	26	185	27	104	28	104	29	187	
	0	147	1	170	2	122	3	115	4	140	5	135	6	107	7	121	8	165	9	180	10	182	11	185	12	106	13	170	14	142	15	158	16	191	17	145	18	115	19	137	20	164	21	154	22	165	23	183	24	161	25	162	26	135	27	179	28	163	29	172	
	0	102	1	116	2	123	3	130	4	149	5	114	6	152	7	195	8	102	9	101	10	139	11	152	12	179	13	124	14	195	15	189	16	155	17	180	18	151	19	129	20	164	21	100	22	150	23	174	24	194	25	141	26	134	27	147	28	137	29	126	
	0	133	1	171	2	188	3	137	4	180	5	130	6	109	7	146	8	157	9	108	10	170	11	170	12	104	13	154	14	107	15	116	16	110	17	118	18	142	19	188	20	175	21	155	22	117	23	109	24	179	25	129	26	157	27	137	28	175	29	127	
	0	172	1	160	2	162	3	174	4	197	5	165	6	171	7	115	8	100	9	105	10	122	11	150	12	170	13	118	14	123	15	122	16	146	17	157	18	182	19	125	20	106	21	169	22	106	23	136	24	177	25	103	26	125	27	115	28	199	29	127	
	0	110	1	119	2	112	3	117	4	186	5	102	6	197	7	169	8	179	9	173	10	188	11	124	12	175	13	117	14	147	15	131	16	161	17	151	18	104	19	179	20	151	21	101	22	160	23	108	24	125	25	143	26	194	27	172	28	161	29	164	
	0	163	1	119	2	153	3	103	4	129	5	128	6	185	7	177	8	137	9	131	10	182	11	183	12	106	13	199	14	160	15	173	16	132	17	112	18	198	19	190	20	177	21	169	22	102	23	196	24	123	25	172	26	183	27	189	28	131	29	134	
	0	124	1	160	2	114	3	138	4	100	5	117	6	187	7	162	8	111	9	160	10	156	11	185	12	161	13	157	14	119	15	146	16	177	17	150	18	185	19	169	20	106	21	106	22	193	23	132	24	189	25	181	26	116	27	169	28	162	29	125	
	0	164	1	150	2	181	3	103	4	143	5	131	6	185	7	188	8	122	9	119	10	149	11	100	12	163	13	194	14	115	15	196	16	137	17	168	18	102	19	100	20	111	21	123	22	128	23	148	24	176	25	144	26	162	27	124	28	122	29	147	
	0	104	1	111	2	188	3	116	4	112	5	105	6	102	7	138	8	137	9	114	10	193	11	195	12	158	13	167	14	185	15	163	16	194	17	144	18	145	19	174	20	100	21	127	22	193	23	177	24	100	25	147	26	189	27	101	28	159	29	125	
	0	181	1	183	2	149	3	117	4	161	5	159	6	165	7	187	8	180	9	156	10	119	11	135	12	118	13	182	14	141	15	179	16	175	17	127	18	147	19	100	20	186	21	120	22	106	23	143	24	147	25	195	26	176	27	140	28	170	29	159	
	0	110	1	172	2	170	3	168	4	130	5	101	6	141	7	189	8	164	9	131	10	120	11	164	12	101	13	181	14	115	15	195	16	180	17	114	18	104	19	142	20	106	21	132	22	102	23	162	24	104	25	165	26	162	27	114	28	102	29	194	
	0	189	1	125	2	130	3	105	4	196	5	162	6	155	7	107	8	169	9	196	10	126	11	166	12	155	13	198	14	132	15	121	16	146	17	140	18	178	19	198	20	132	21	184	22	162	23	105	24	124	25	119	26	142	27	143	28	190	29	156	
	0	183	1	162	2	127	3	188	4	179	5	148	6	183	7	105	8	124	9	136	10	101	11	193	12	101	13	104	14	144	15	174	16	180	17	117	18	117	19	195	20	132	21	133	22	100	23	114	24	179	25	147	26	135	27	101	28	112	29	178	
	0	137	1	160	2	162	3	163	4	109	5	136	6	146	7	106	8	144	9	174	10	172	11	119	12	133	13	175	14	131	15	117	16	136	17	133	18	128	19	177	20	109	21	104	22	184	23	173	24	183	25	151	26	171	27	189	28	125	29	194	
	0	130	1	154	2	149	3	131	4	188	5	174	6	145	7	137	8	193	9	117	10	199	11	188	12	196	13	169	14	113	15	160	16	147	17	170	18	173	19	110	20	197	21	192	22	190	23	165	24	112	25	109	26	158	27	195	28	188	29	144	
	0	168	1	167	2	101	3	176	4	150	5	163	6	189	7	135	8	152	9	134	10	162	11	190	12	162	13	151	14	155	15	150	16	113	17	194	18	149	19	137	20	130	21	181	22	146	23	147	24	100	25	124	26	170	27	100	28	192	29	170	
	0	187	1	107	2	138	3	139	4	155	5	174	6	167	7	106	8	140	9	137	10	174	11	172	12	152	13	177	14	132	15	168	16	118	17	153	18	177	19	194	20	109	21	123	22	124	23	155	24	192	25	197	26	107	27	146	28	140	29	116	
	0	197	1	133	2	107	3	139	4	101	5	148	6	126	7	197	8	120	9	127	10	182	11	132	12	122	13	131	14	107	15	190	16	178	17	118	18	169	19	158	20	132	21	100	22	144	23	177	24	145	25	119	26	123	27	135	28	147	29	167	
	0	133	1	164	2	150	3	115	4	165	5	171	6	146	7	148	8	165	9	198	10	198	11	111	12	195	13	133	14	134	15	127	16	119	17	106	18	182	19	161	20	111	21	198	22	184	23	180	24	152	25	141	26	125	27	133	28	183	29	112	
	0	139	1	163	2	134	3	192	4	178	5	104	6	181	7	168	8	149	9	160	10	132	11	127	12	124	13	144	14	162	15	132	16	173	17	103	18	148	19	151	20	196	21	121	22	145	23	137	24	152	25	173	26	191	27	116	28	131	29	133	
	0	175	1	193	2	165	3	185	4	165	5	116	6	166	7	173	8	151	9	129	10	158	11	140	12	176	13	186	14	199	15	161	16	192	17	132	18	174	19	105	20	111	21	198	22	178	23	179	24	127	25	186	26	163	27	188	28	100	29	159	
	0	119	1	192	2	112	3	137	4	191	5	131	6	139	7	171	8	121	9	157	10	158	11	103	12	169	13	103	14	195	15	149	16	154	17	142	18	132	19	198	20	131	21	167	22	174	23	128	24	119	25	194	26	113	27	118	28	186	29	165	
	0	163	1	120	2	198	3	117	4	141	5	193	6	107	7	191	8	125	9	103	10	111	11	164	12	190	13	166	14	194	15	166	16	187	17	126	18	137	19	108	20	188	21	197	22	102	23	118	24	175	25	195	26	136	27	146	28	114	29	104	
	0	149	1	112	2	188	3	193	4	143	5	120	6	179	7	129	8	143	9	185	10	150	11	171	12	125	13	170	14	133	15	188	16	132	17	154	18	170	19	195	20	117	21	194	22	138	23	122	24	180	25	158	26	141	27	120	28	199	29	156	
	0	122	1	120	2	113	3	168	4	155	5	193	6	134	7	181	8	198	9	176	10	104	11	127	12	174	13	179	14	130	15	196	16	169	17	172	18	105	19	112	20	162	21	182	22	109	23	168	24	102	25	112	26	125	27	106	28	152	29	148	
	0	192	1	167	2	119	3	172	4	144	5	143	6	137	7	191	8	152	9	113	10	185	11	158	12	154	13	171	14	157	15	199	16	171	17	173	18	159	19	124	20	155	21	139	22	106	23	121	24	130	25	194	26	149	27	140	28	114	29	115	
	0	176	1	101	2	190	3	199	4	155	5	185	6	114	7	175	8	197	9	145	10	168	11	187	12	161	13	124	14	189	15	182	16	123	17	103	18	115	19	193	20	134	21	109	22	184	23	178	24	122	25	190	26	167	27	137	28	123	29	117	
	0	149	1	153	2	170	3	169	4	133	5	196	6	130	7	158	8	113	9	184	10	138	11	165	12	123	13	156	14	114	15	130	16	133	17	152	18	141	19	175	20	122	21	189	22	159	23	182	24	114	25	164	26	111	27	180	28	180	29	148	
	0	148	1	140	2	130	3	152	4	196	5	102	6	165	7	115	8	178	9	193	10	148	11	120	12	110	13	137	14	188	15	182	16	131	17	119	18	106	19	133	20	142	21	163	22	137	23	196	24	158	25	199	26	150	27	158	28	151	29	166	
	0	166	1	199	2	139	3	168	4	199	5	140	6	144	7	122	8	108	9	155	10	161	11	182	12	131	13	110	14	144	15	184	16	160	17	123	18	109	19	152	20	172	21	117	22	101	23	147	24	135	25	170	26	118	27	161	28	148	29	104	
	0	144	1	130	2	152	3	115	4	177	5	106	6	179	7	164	8	141	9	140	10	159	11	156	12	115	13	178	14	177	15	117	16	193	17	122	18	194	19	106	20	176	21	184	22	115	23	127	24	176	25	127	26	197	27	155	28	196	29	180	
	0	196	1	193	2	113	3	195	4	115	5	171	6	157	7	141	8	145	9	169	10	139	11	147	12	180	13	119	14	158	15	104	16	188	17	190	18	127	19	174	20	166	21	132	22	148	23	187	24	134	25	164	26	122	27	152	28	142	29	120	
	0	168	1	187	2	194	3	155	4	118	5	169	6	162	7	171	8	161	9	150	10	159	11	111	12	118	13	169	14	198	15	191	16	140	17	165	18	166	19	164	20	104	21	158	22	137	23	100	24	192	25	183	26	123	27	112	28	144	29	120	
	0	135	1	104	2	113	3	159	4	146	5	132	6	179	7	199	8	197	9	171	10	111	11	161	12	195	13	110	14	194	15	125	16	158	17	140	18	165	19	153	20	164	21	173	22	106	23	189	24	126	25	166	26	164	27	153	28	116	29	138	
	0	124	1	152	2	194	3	159	4	100	5	131	6	116	7	157	8	100	9	127	10	153	11	136	12	183	13	133	14	107	15	165	16	156	17	122	18	171	19	182	20	159	21	119	22	126	23	131	24	163	25	171	26	146	27	186	28	125	29	176	
	0	170	1	128	2	171	3	100	4	146	5	129	6	120	7	188	8	123	9	149	10	122	11	156	12	150	13	153	14	166	15	190	16	189	17	138	18	158	19	130	20	181	21	190	22	100	23	135	24	173	25	155	26	122	27	132	28	100	29	161	
	0	115	1	133	2	109	3	184	4	106	5	121	6	112	7	107	8	191	9	137	10	117	11	118	12	195	13	178	14	118	15	158	16	124	17	169	18	166	19	111	20	178	21	108	22	133	23	175	24	192	25	146	26	143	27	165	28	168	29	152	
	0	140	1	105	2	194	3	195	4	173	5	127	6	160	7	181	8	183	9	124	10	183	11	107	12	136	13	186	14	169	15	149	16	159	17	195	18	144	19	182	20	178	21	153	22	147	23	168	24	179	25	189	26	156	27	104	28	100	29	177	
	0	187	1	151	2	135	3	145	4	185	5	168	6	142	7	112	8	173	9	153	10	152	11	137	12	120	13	126	14	146	15	110	16	127	17	197	18	113	19	113	20	112	21	176	22	145	23	167	24	181	25	118	26	157	27	196	28	176	29	120	
	0	142	1	162	2	124	3	197	4	188	5	178	6	189	7	128	8	100	9	185	10	101	11	110	12	129	13	132	14	127	15	136	16	117	17	142	18	181	19	198	20	111	21	159	22	149	23	136	24	191	25	151	26	196	27	154	28	169	29	173	
	0	196	1	127	2	172	3	158	4	144	5	138	6	188	7	146	8	106	9	132	10	111	11	124	12	105	13	174	14	189	15	131	16	176	17	184	18	174	19	170	20	188	21	104	22	145	23	114	24	190	25	149	26	172	27	119	28	173	29	139	
	0	111	1	171	2	119	3	164	4	197	5	107	6	178	7	110	8	142	9	152	10	123	11	171	12	183	13	194	14	119	15	122	16	129	17	165	18	119	19	140	20	137	21	145	22	162	23	195	24	112	25	156	26	121	27	184	28	131	29	164	
	0	194	1	175	2	198	3	111	4	122	5	132	6	167	7	125	8	182	9	101	10	102	11	124	12	153	13	198	14	195	15	159	16	105	17	183	18	104	19	151	20	163	21	148	22	138	23	116	24	148	25	103	26	179	27	135	28	147	29	188	
	0	110	1	109	2	145	3	101	4	118	5	191	6	176	7	150	8	128	9	198	10	172	11	143	12	165	13	147	14	156	15	129	16	161	17	151	18	162	19	151	20	103	21	184	22	149	23	105	24	173	25	119	26	115	27	152	28	170	29	170	
	0	191	1	122	2	175	3	108	4	121	5	193	6	116	7	129	8	107	9	155	10	118	11	136	12	124	13	184	14	162	15	139	16	143	17	103	18	119	19	189	20	142	21	128	22	137	23	180	24	112	25	123	26	138	27	134	28	186	29	187	
	0	138	1	102	2	102	3	145	4	104	5	191	6	122	7	104	8	187	9	160	10	180	11	198	12	163	13	132	14	159	15	112	16	146	17	183	18	171	19	197	20	183	21	118	22	113	23	101	24	130	25	191	26	142	27	169	28	192	29	164	
	0	149	1	122	2	187	3	166	4	156	5	114	6	143	7	147	8	140	9	184	10	188	11	121	12	182	13	164	14	148	15	162	16	123	17	164	18	192	19	108	20	183	21	122	22	191	23	138	24	183	25	129	26	155	27	114	28	176	29	184	
	0	105	1	159	2	116	3	154	4	187	5	186	6	160	7	136	8	169	9	108	10	163	11	142	12	182	13	142	14	155	15	161	16	121	17	198	18	126	19	102	20	104	21	136	22	168	23	190	24	160	25	153	26	116	27	182	28	199	29	176	
	0	109	1	179	2	143	3	165	4	140	5	163	6	108	7	126	8	107	9	100	10	174	11	166	12	116	13	158	14	101	15	133	16	196	17	127	18	186	19	148	20	115	21	103	22	187	23	158	24	118	25	111	26	138	27	163	28	105	29	126	
	0	182	1	117	2	115	3	123	4	172	5	187	6	143	7	146	8	166	9	167	10	129	11	150	12	102	13	156	14	138	15	116	16	118	17	118	18	100	19	149	20	155	21	131	22	142	23	127	24	180	25	150	26	173	27	198	28	153	29	131	
	0	105	1	163	2	165	3	189	4	135	5	195	6	114	7	148	8	107	9	133	10	152	11	136	12	185	13	181	14	113	15	156	16	144	17	140	18	196	19	155	20	177	21	157	22	188	23	168	24	143	25	159	26	140	27	196	28	196	29	166	
	0	121	1	134	2	100	3	180	4	192	5	109	6	152	7	128	8	166	9	138	10	119	11	137	12	186	13	161	14	188	15	141	16	151	17	196	18	196	19	166	20	176	21	122	22	144	23	175	24	112	25	143	26	147	27	105	28	102	29	117	
	0	148	1	136	2	102	3	196	4	102	5	129	6	130	7	172	8	107	9	121	10	112	11	199	12	167	13	187	14	181	15	146	16	130	17	147	18	172	19	164	20	182	21	151	22	145	23	134	24	164	25	108	26	173	27	155	28	192	29	122	
	0	186	1	148	2	180	3	183	4	147	5	149	6	163	7	189	8	103	9	134	10	104	11	199	12	112	13	140	14	171	15	193	16	196	17	148	18	142	19	115	20	151	21	198	22	176	23	121	24	167	25	120	26	147	27	120	28	189	29	186	
	0	128	1	179	2	117	3	170	4	181	5	177	6	122	7	176	8	131	9	150	10	163	11	140	12	174	13	185	14	182	15	157	16	131	17	193	18	196	19	182	20	101	21	140	22	138	23	116	24	147	25	113	26	115	27	183	28	198	29	154	
	0	178	1	142	2	178	3	150	4	166	5	149	6	155	7	186	8	150	9	190	10	175	11	123	12	103	13	169	14	155	15	160	16	142	17	165	18	135	19	185	20	152	21	180	22	163	23	195	24	127	25	163	26	196	27	152	28	160	29	119	
	0	180	1	151	2	118	3	120	4	138	5	181	6	182	7	123	8	130	9	175	10	178	11	143	12	185	13	180	14	167	15	141	16	152	17	147	18	160	19	154	20	124	21	199	22	192	23	187	24	123	25	199	26	104	27	175	28	142	29	164	
	0	167	1	124	2	126	3	150	4	106	5	107	6	116	7	122	8	100	9	152	10	109	11	179	12	187	13	159	14	163	15	113	16	130	17	124	18	100	19	143	20	172	21	186	22	157	23	129	24	105	25	190	26	158	27	181	28	139	29	156	
	0	193	1	143	2	135	3	166	4	112	5	148	6	110	7	149	8	188	9	179	10	105	11	198	12	112	13	175	14	101	15	158	16	116	17	190	18	168	19	171	20	157	21	152	22	181	23	134	24	110	25	181	26	182	27	197	28	171	29	160	
	0	109	1	189	2	165	3	135	4	196	5	170	6	121	7	128	8	162	9	196	10	179	11	151	12	108	13	151	14	105	15	191	16	149	17	107	18	112	19	107	20	154	21	129	22	159	23	125	24	197	25	145	26	199	27	121	28	108	29	108	
	0	148	1	141	2	118	3	196	4	126	5	178	6	179	7	191	8	198	9	111	10	106	11	161	12	104	13	157	14	173	15	198	16	146	17	118	18	177	19	107	20	176	21	144	22	155	23	102	24	192	25	110	26	146	27	169	28	196	29	135	
	0	166	1	116	2	186	3	171	4	194	5	135	6	156	7	134	8	159	9	198	10	155	11	108	12	130	13	136	14	142	15	171	16	121	17	163	18	100	19	188	20	165	21	150	22	194	23	181	24	183	25	147	26	190	27	148	28	181	29	184	
	0	169	1	198	2	112	3	160	4	108	5	151	6	141	7	158	8	156	9	185	10	121	11	133	12	199	13	164	14	146	15	145	16	127	17	192	18	123	19	139	20	114	21	162	22	143	23	172	24	180	25	158	26	159	27	127	28	193	29	131	
	0	107	1	199	2	175	3	145	4	131	5	112	6	140	7	160	8	111	9	139	10	148	11	105	12	180	13	146	14	195	15	198	16	174	17	191	18	166	19	119	20	127	21	125	22	193	23	116	24	102	25	124	26	113	27	131	28	142	29	142	
	0	127	1	110	2	138	3	126	4	105	5	158	6	154	7	109	8	119	9	151	10	184	11	108	12	114	13	188	14	196	15	145	16	103	17	175	18	149	19	187	20	160	21	158	22	126	23	117	24	161	25	173	26	162	27	140	28	176	29	196	
	0	193	1	156	2	150	3	170	4	159	5	180	6	198	7	104	8	158	9	170	10	125	11	139	12	159	13	139	14	125	15	188	16	158	17	172	18	106	19	135	20	153	21	145	22	171	23	192	24	152	25	100	26	105	27	134	28	142	29	170	
	0	148	1	153	2	183	3	182	4	170	5	182	6	190	7	195	8	116	9	187	10	186	11	163	12	133	13	117	14	174	15	162	16	105	17	135	18	105	19	153	20	105	21	141	22	104	23	193	24	189	25	129	26	155	27	156	28	106	29	162	
	0	132	1	199	2	186	3	170	4	176	5	187	6	177	7	147	8	102	9	193	10	159	11	150	12	134	13	156	14	196	15	181	16	167	17	133	18	199	19	196	20	106	21	115	22	116	23	109	24	135	25	131	26	140	27	112	28	186	29	151	
	0	164	1	162	2	150	3	114	4	131	5	108	6	137	7	151	8	197	9	164	10	113	11	123	12	161	13	103	14	175	15	162	16	149	17	198	18	167	19	194	20	161	21	127	22	108	23	135	24	114	25	132	26	122	27	190	28	194	29	159	
	0	186	1	101	2	150	3	105	4	133	5	173	6	144	7	189	8	193	9	134	10	106	11	118	12	158	13	113	14	127	15	129	16	189	17	112	18	185	19	112	20	199	21	123	22	149	23	155	24	168	25	191	26	100	27	186	28	193	29	143	
	0	166	1	157	2	133	3	168	4	157	5	160	6	186	7	134	8	167	9	126	10	169	11	101	12	129	13	172	14	148	15	130	16	150	17	124	18	122	19	150	20	108	21	197	22	133	23	189	24	106	25	162	26	105	27	161	28	153	29	102	
	0	108	1	118	2	165	3	106	4	174	5	190	6	117	7	114	8	123	9	142	10	162	11	144	12	188	13	119	14	134	15	159	16	157	17	155	18	109	19	136	20	128	21	129	22	113	23	110	24	174	25	180	26	120	27	103	28	191	29	172	
	0	163	1	156	2	199	3	143	4	137	5	146	6	170	7	174	8	185	9	152	10	133	11	164	12	180	13	153	14	187	15	141	16	165	17	130	18	199	19	120	20	152	21	113	22	171	23	132	24	190	25	137	26	146	27	108	28	195	29	102	
	0	163	1	137	2	140	3	114	4	190	5	173	6	167	7	189	8	156	9	177	10	134	11	122	12	156	13	154	14	149	15	138	16	157	17	173	18	133	19	114	20	127	21	161	22	115	23	107	24	102	25	163	26	136	27	166	28	193	29	116	
	0	187	1	107	2	124	3	103	4	156	5	165	6	181	7	189	8	152	9	195	10	113	11	121	12	152	13	163	14	103	15	130	16	162	17	180	18	178	19	189	20	127	21	123	22	169	23	182	24	126	25	186	26	161	27	186	28	130	29	188	
	0	146	1	121	2	152	3	126	4	158	5	174	6	120	7	111	8	103	9	115	10	147	11	188	12	192	13	124	14	106	15	123	16	148	17	113	18	101	19	141	20	159	21	104	22	187	23	168	24	105	25	122	26	189	27	106	28	109	29	102	
	0	182	1	164	2	167	3	119	4	175	5	191	6	146	7	114	8	132	9	112	10	150	11	123	12	188	13	132	14	105	15	170	16	181	17	127	18	134	19	179	20	192	21	103	22	195	23	159	24	164	25	121	26	199	27	154	28	197	29	187	
	0	169	1	130	2	101	3	133	4	119	5	102	6	135	7	182	8	136	9	160	10	116	11	127	12	160	13	193	14	171	15	127	16	181	17	197	18	112	19	195	20	120	21	184	22	138	23	192	24	142	25	125	26	171	27	103	28	107	29	186	
	0	197	1	161	2	141	3	198	4	162	5	112	6	141	7	109	8	108	9	119	10	162	11	111	12	183	13	141	14	139	15	176	16	180	17	130	18	163	19	123	20	136	21	106	22	104	23	143	24	163	25	134	26	161	27	190	28	127	29	150	
	0	117	1	114	2	165	3	153	4	114	5	114	6	150	7	172	8	114	9	182	10	138	11	166	12	130	13	147	14	182	15	186	16	197	17	113	18	148	19	199	20	192	21	143	22	105	23	164	24	100	25	181	26	171	27	127	28	124	29	142	
	0	153	1	105	2	113	3	110	4	137	5	193	6	112	7	199	8	141	9	154	10	195	11	151	12	149	13	103	14	144	15	160	16	172	17	112	18	195	19	124	20	125	21	191	22	131	23	162	24	167	25	162	26	125	27	102	28	126	29	145	
	0	138	1	134	2	149	3	145	4	146	5	105	6	153	7	126	8	197	9	172	10	194	11	178	12	110	13	173	14	193	15	146	16	147	17	107	18	182	19	178	20	173	21	149	22	145	23	162	24	153	25	198	26	145	27	192	28	179	29	162	
	0	125	1	118	2	139	3	169	4	167	5	145	6	154	7	196	8	105	9	180	10	123	11	169	12	126	13	174	14	124	15	167	16	111	17	115	18	151	19	147	20	148	21	174	22	143	23	127	24	131	25	100	26	152	27	117	28	192	29	105	
	0	178	1	157	2	186	3	144	4	151	5	135	6	186	7	149	8	195	9	155	10	102	11	196	12	174	13	123	14	101	15	117	16	105	17	187	18	149	19	118	20	149	21	136	22	178	23	188	24	101	25	139	26	143	27	162	28	199	29	151	
	0	151	1	174	2	190	3	146	4	119	5	166	6	103	7	124	8	123	9	103	10	183	11	109	12	178	13	152	14	173	15	197	16	110	17	177	18	129	19	139	20	197	21	107	22	148	23	155	24	107	25	113	26	159	27	197	28	141	29	198	
	0	163	1	182	2	180	3	194	4	171	5	170	6	175	7	140	8	135	9	129	10	181	11	184	12	184	13	184	14	179	15	129	16	112	17	103	18	102	19	178	20	108	21	144	22	138	23	195	24	181	25	143	26	120	27	149	28	152	29	117	
	0	174	1	186	2	142	3	168	4	184	5	198	6	197	7	121	8	166	9	165	10	133	11	129	12	109	13	139	14	127	15	146	16	144	17	136	18	148	19	126	20	125	21	173	22	125	23	198	24	120	25	168	26	151	27	132	28	120	29	195	
	0	106	1	127	2	172	3	148	4	120	5	144	6	110	7	153	8	104	9	179	10	176	11	155	12	184	13	152	14	179	15	182	16	104	17	184	18	105	19	139	20	144	21	152	22	142	23	170	24	102	25	168	26	136	27	151	28	114	29	170	
	0	164	1	191	2	131	3	182	4	193	5	113	6	196	7	187	8	112	9	120	10	135	11	195	12	133	13	125	14	133	15	187	16	186	17	177	18	191	19	174	20	126	21	119	22	105	23	195	24	122	25	132	26	150	27	140	28	168	29	153	
	0	123	1	146	2	180	3	187	4	133	5	175	6	100	7	138	8	174	9	135	10	167	11	103	12	160	13	194	14	122	15	159	16	170	17	165	18	159	19	169	20	124	21	119	22	188	23	197	24	106	25	155	26	121	27	128	28	112	29	160	
	0	150	1	136	2	157	3	159	4	135	5	172	6	146	7	150	8	101	9	101	10	115	11	110	12	162	13	196	14	137	15	168	16	162	17	109	18	135	19	138	20	102	21	109	22	134	23	121	24	133	25	123	26	131	27	158	28	102	29	145	
	0	197	1	105	2	100	3	161	4	189	5	137	6	150	7	132	8	183	9	167	10	124	11	172	12	186	13	139	14	182	15	146	16	187	17	141	18	184	19	159	20	122	21	182	22	135	23	190	24	127	25	122	26	123	27	115	28	105	29	162	
	0	174	1	128	2	150	3	174	4	160	5	133	6	122	7	153	8	177	9	107	10	104	11	162	12	189	13	197	14	195	15	183	16	175	17	183	18	151	19	177	20	102	21	176	22	122	23	134	24	121	25	100	26	190	27	151	28	101	29	152	
	0	163	1	130	2	160	3	152	4	101	5	101	6	145	7	110	8	160	9	186	10	135	11	188	12	117	13	162	14	137	15	150	16	107	17	113	18	160	19	179	20	163	21	147	22	152	23	146	24	112	25	129	26	104	27	106	28	138	29	107	
	0	155	1	137	2	134	3	159	4	138	5	130	6	135	7	168	8	176	9	150	10	104	11	132	12	189	13	112	14	122	15	152	16	135	17	118	18	146	19	157	20	171	21	143	22	172	23	172	24	164	25	104	26	186	27	151	28	158	29	168	
	0	128	1	120	2	173	3	120	4	113	5	135	6	198	7	173	8	196	9	168	10	163	11	127	12	125	13	103	14	103	15	186	16	103	17	128	18	154	19	184	20	182	21	167	22	181	23	155	24	158	25	188	26	103	27	131	28	120	29	189	
	0	121	1	135	2	181	3	112	4	152	5	103	6	180	7	100	8	140	9	110	10	140	11	105	12	108	13	167	14	184	15	140	16	185	17	119	18	180	19	177	20	120	21	118	22	109	23	136	24	181	25	174	26	152	27	199	28	118	29	101	
	0	181	1	198	2	129	3	171	4	147	5	180	6	170	7	140	8	168	9	138	10	137	11	172	12	126	13	134	14	117	15	192	16	148	17	158	18	190	19	135	20	164	21	129	22	120	23	143	24	199	25	115	26	165	27	113	28	120	29	112	
	0	104	1	159	2	137	3	190	4	184	5	151	6	147	7	184	8	133	9	110	10	188	11	163	12	165	13	128	14	132	15	169	16	192	17	184	18	122	19	145	20	178	21	136	22	165	23	174	24	107	25	158	26	151	27	128	28	189	29	139	
	0	113	1	153	2	129	3	141	4	149	5	157	6	172	7	152	8	157	9	108	10	148	11	129	12	189	13	153	14	168	15	157	16	129	17	140	18	172	19	162	20	180	21	102	22	138	23	157	24	133	25	177	26	199	27	157	28	117	29	123	
	0	191	1	113	2	166	3	160	4	101	5	103	6	152	7	176	8	173	9	121	10	109	11	127	12	183	13	144	14	114	15	159	16	149	17	192	18	176	19	100	20	145	21	105	22	197	23	144	24	154	25	100	26	154	27	198	28	126	29	143	
	0	170	1	113	2	149	3	170	4	105	5	117	6	132	7	129	8	194	9	158	10	165	11	155	12	195	13	182	14	126	15	105	16	179	17	166	18	177	19	117	20	171	21	125	22	128	23	187	24	190	25	127	26	130	27	177	28	182	29	196	
	0	162	1	132	2	149	3	145	4	191	5	154	6	188	7	110	8	138	9	175	10	192	11	115	12	109	13	141	14	126	15	129	16	149	17	131	18	161	19	100	20	175	21	139	22	164	23	142	24	159	25	111	26	161	27	195	28	125	29	197	
	0	170	1	109	2	129	3	108	4	151	5	159	6	179	7	167	8	165	9	117	10	136	11	190	12	153	13	195	14	112	15	196	16	148	17	144	18	189	19	186	20	120	21	107	22	124	23	150	24	100	25	128	26	104	27	113	28	198	29	101	
	0	148	1	172	2	154	3	151	4	162	5	127	6	151	7	196	8	191	9	131	10	174	11	184	12	149	13	144	14	174	15	151	16	180	17	159	18	128	19	186	20	124	21	182	22	142	23	194	24	104	25	132	26	147	27	183	28	129	29	100	
	0	116	1	100	2	191	3	145	4	106	5	195	6	154	7	101	8	153	9	175	10	119	11	186	12	152	13	121	14	125	15	158	16	130	17	190	18	162	19	151	20	177	21	188	22	128	23	103	24	157	25	194	26	199	27	174	28	169	29	155	
	0	140	1	170	2	127	3	164	4	185	5	137	6	118	7	176	8	127	9	198	10	138	11	100	12	133	13	161	14	187	15	148	16	132	17	153	18	174	19	133	20	110	21	119	22	144	23	146	24	172	25	125	26	117	27	190	28	132	29	114	
	0	134	1	144	2	180	3	118	4	188	5	161	6	155	7	199	8	194	9	120	10	150	11	170	12	141	13	100	14	155	15	159	16	119	17	159	18	138	19	107	20	193	21	170	22	199	23	156	24	166	25	120	26	176	27	116	28	161	29	198	
	0	115	1	128	2	106	3	189	4	106	5	144	6	170	7	128	8	185	9	160	10	122	11	145	12	124	13	145	14	155	15	145	16	189	17	181	18	107	19	112	20	111	21	173	22	199	23	139	24	118	25	114	26	169	27	162	28	140	29	172	
	0	157	1	186	2	198	3	135	4	141	5	143	6	112	7	148	8	126	9	136	10	122	11	147	12	153	13	136	14	172	15	187	16	143	17	181	18	180	19	155	20	129	21	120	22	100	23	196	24	177	25	103	26	130	27	172	28	134	29	195	
	0	121	1	169	2	142	3	143	4	103	5	112	6	103	7	146	8	136	9	102	10	158	11	106	12	115	13	120	14	117	15	161	16	178	17	184	18	105	19	112	20	108	21	104	22	144	23	103	24	147	25	110	26	138	27	143	28	113	29	158	
	0	161	1	156	2	113	3	175	4	115	5	112	6	171	7	126	8	179	9	198	10	108	11	170	12	105	13	168	14	131	15	141	16	192	17	139	18	122	19	108	20	110	21	188	22	121	23	128	24	199	25	185	26	118	27	185	28	170	29	114	
	0	133	1	145	2	198	3	161	4	154	5	174	6	128	7	105	8	113	9	166	10	179	11	163	12	102	13	128	14	157	15	132	16	147	17	180	18	100	19	156	20	152	21	175	22	145	23	147	24	158	25	172	26	196	27	169	28	172	29	163	
	0	162	1	148	2	126	3	117	4	180	5	158	6	131	7	126	8	174	9	158	10	134	11	147	12	125	13	180	14	101	15	192	16	102	17	177	18	179	19	121	20	127	21	174	22	173	23	113	24	155	25	160	26	104	27	100	28	197	29	192	
	0	197	1	158	2	142	3	133	4	181	5	117	6	161	7	135	8	132	9	180	10	117	11	188	12	198	13	122	14	182	15	158	16	130	17	130	18	108	19	168	20	191	21	157	22	154	23	110	24	147	25	158	26	107	27	172	28	138	29	155	
	0	139	1	158	2	129	3	105	4	136	5	186	6	182	7	141	8	120	9	187	10	137	11	130	12	179	13	174	14	140	15	147	16	175	17	177	18	159	19	162	20	120	21	151	22	134	23	127	24	113	25	151	26	140	27	155	28	121	29	109	
	0	110	1	190	2	102	3	111	4	153	5	155	6	138	7	198	8	185	9	199	10	156	11	151	12	183	13	101	14	171	15	193	16	137	17	121	18	134	19	165	20	101	21	148	22	154	23	101	24	161	25	196	26	164	27	167	28	159	29	158	
	0	146	1	125	2	110	3	124	4	119	5	131	6	171	7	182	8	152	9	129	10	101	11	192	12	167	13	159	14	168	15	177	16	166	17	135	18	121	19	124	20	100	21	137	22	117	23	132	24	192	25	167	26	179	27	184	28	135	29	132	
	0	128	1	112	2	105	3	123	4	174	5	114	6	139	7	117	8	105	9	177	10	145	11	167	12	102	13	102	14	151	15	179	16	142	17	195	18	138	19	126	20	187	21	181	22	101	23	114	24	130	25	191	26	101	27	114	28	129	29	118	
	0	190	1	191	2	191	3	102	4	199	5	148	6	175	7	115	8	153	9	106	10	178	11	111	12	121	13	105	14	150	15	137	16	197	17	106	18	172	19	197	20	118	21	165	22	120	23	167	24	172	25	196	26	156	27	107	28	174	29	163	
	0	151	1	150	2	108	3	180	4	173	5	118	6	115	7	111	8	105	9	144	10	104	11	150	12	166	13	138	14	157	15	154	16	179	17	157	18	117	19	133	20	146	21	177	22	135	23	181	24	144	25	148	26	115	27	127	28	155	29	109	
	0	165	1	173	2	164	3	157	4	195	5	142	6	156	7	145	8	161	9	104	10	187	11	192	12	104	13	165	14	189	15	153	16	120	17	142	18	118	19	144	20	183	21	156	22	120	23	161	24	120	25	165	26	138	27	149	28	197	29	199	
	0	147	1	169	2	182	3	129	4	158	5	175	6	149	7	151	8	158	9	136	10	138	11	123	12	123	13	184	14	116	15	114	16	112	17	148	18	171	19	158	20	106	21	193	22	175	23	171	24	182	25	166	26	190	27	137	28	155	29	132	
	0	177	1	195	2	137	3	164	4	175	5	166	6	122	7	143	8	108	9	121	10	198	11	117	12	102	13	137	14	146	15	131	16	158	17	166	18	141	19	134	20	169	21	109	22	196	23	174	24	197	25	118	26	160	27	149	28	144	29	173	
	0	123	1	181	2	101	3	152	4	103	5	152	6	155	7	152	8	199	9	121	10	158	11	137	12	100	13	166	14	147	15	121	16	187	17	150	18	188	19	101	20	190	21	193	22	170	23	131	24	172	25	143	26	125	27	188	28	163	29	124	
	0	194	1	105	2	109	3	187	4	191	5	134	6	119	7	127	8	175	9	107	10	191	11	167	12	120	13	163	14	116	15	165	16	139	17	175	18	140	19	104	20	120	21	123	22	170	23	152	24	103	25	124	26	173	27	125	28	190	29	146	
	0	150	1	133	2	117	3	170	4	190	5	179	6	112	7	121	8	160	9	155	10	113	11	131	12	154	13	142	14	154	15	170	16	174	17	152	18	186	19	124	20	166	21	170	22	196	23	132	24	117	25	187	26	147	27	133	28	100	29	111	
	0	154	1	120	2	197	3	183	4	172	5	151	6	138	7	168	8	100	9	184	10	106	11	165	12	113	13	113	14	122	15	125	16	168	17	151	18	135	19	129	20	119	21	194	22	124	23	136	24	117	25	195	26	131	27	162	28	111	29	137	
	0	189	1	166	2	140	3	198	4	128	5	173	6	192	7	105	8	104	9	103	10	108	11	160	12	137	13	126	14	161	15	108	16	121	17	189	18	182	19	199	20	182	21	150	22	194	23	155	24	199	25	149	26	163	27	189	28	116	29	129	
	0	122	1	164	2	183	3	186	4	123	5	131	6	143	7	153	8	160	9	179	10	161	11	187	12	197	13	109	14	154	15	184	16	164	17	185	18	148	19	169	20	116	21	107	22	178	23	166	24	156	25	163	26	115	27	174	28	170	29	134	
	0	173	1	112	2	197	3	199	4	159	5	158	6	188	7	116	8	178	9	117	10	144	11	129	12	168	13	149	14	114	15	127	16	159	17	153	18	107	19	199	20	190	21	111	22	186	23	166	24	149	25	160	26	188	27	112	28	179	29	134	
	0	114	1	190	2	184	3	127	4	118	5	161	6	181	7	135	8	179	9	133	10	102	11	179	12	105	13	163	14	170	15	148	16	178	17	150	18	110	19	116	20	148	21	189	22	176	23	123	24	147	25	158	26	174	27	186	28	106	29	132	
	0	168	1	161	2	174	3	160	4	179	5	110	6	188	7	126	8	104	9	148	10	116	11	130	12	177	13	126	14	198	15	193	16	119	17	105	18	153	19	197	20	130	21	132	22	143	23	194	24	106	25	126	26	177	27	105	28	118	29	187	
	0	187	1	187	2	146	3	148	4	184	5	149	6	161	7	142	8	128	9	186	10	185	11	197	12	115	13	199	14	193	15	170	16	112	17	112	18	159	19	176	20	130	21	109	22	139	23	139	24	131	25	135	26	151	27	115	28	142	29	109	
	0	107	1	119	2	123	3	191	4	132	5	135	6	143	7	181	8	126	9	125	10	172	11	142	12	100	13	176	14	116	15	139	16	137	17	154	18	170	19	119	20	101	21	120	22	187	23	142	24	189	25	128	26	136	27	178	28	108	29	111	
	0	136	1	198	2	119	3	129	4	176	5	114	6	187	7	153	8	102	9	116	10	110	11	172	12	108	13	165	14	152	15	106	16	119	17	159	18	185	19	180	20	117	21	187	22	114	23	129	24	122	25	184	26	136	27	166	28	103	29	174	
	0	108	1	154	2	133	3	134	4	140	5	163	6	101	7	195	8	103	9	123	10	106	11	186	12	146	13	131	14	135	15	167	16	126	17	142	18	180	19	103	20	162	21	135	22	159	23	114	24	137	25	184	26	109	27	134	28	105	29	163	
	0	199	1	100	2	177	3	143	4	162	5	143	6	192	7	172	8	119	9	158	10	115	11	192	12	168	13	174	14	120	15	126	16	153	17	192	18	130	19	101	20	150	21	187	22	182	23	171	24	159	25	174	26	179	27	197	28	102	29	166	
	0	126	1	118	2	116	3	146	4	113	5	198	6	151	7	178	8	150	9	176	10	164	11	140	12	116	13	169	14	198	15	101	16	198	17	138	18	107	19	193	20	139	21	186	22	151	23	102	24	131	25	152	26	114	27	155	28	124	29	183	
	0	114	1	138	2	149	3	159	4	139	5	158	6	148	7	156	8	140	9	143	10	191	11	107	12	132	13	104	14	142	15	170	16	105	17	187	18	167	19	193	20	140	21	141	22	170	23	175	24	117	25	126	26	180	27	110	28	190	29	183	
	0	180	1	194	2	161	3	147	4	105	5	177	6	139	7	115	8	195	9	109	10	121	11	122	12	117	13	109	14	133	15	118	16	108	17	149	18	165	19	196	20	175	21	108	22	188	23	181	24	163	25	136	26	190	27	145	28	177	29	145	
	0	107	1	148	2	134	3	195	4	103	5	184	6	186	7	194	8	109	9	110	10	126	11	172	12	126	13	142	14	101	15	182	16	126	17	146	18	171	19	189	20	126	21	144	22	130	23	124	24	168	25	155	26	185	27	110	28	176	29	139	
	0	186	1	153	2	164	3	105	4	151	5	178	6	172	7	111	8	104	9	165	10	116	11	178	12	165	13	178	14	123	15	101	16	192	17	162	18	136	19	117	20	191	21	176	22	128	23	170	24	140	25	159	26	132	27	125	28	165	29	108	
	0	148	1	154	2	191	3	146	4	117	5	182	6	174	7	110	8	140	9	158	10	148	11	130	12	141	13	123	14	183	15	170	16	179	17	189	18	101	19	165	20	157	21	170	22	159	23	194	24	154	25	115	26	126	27	139	28	166	29	118	
	0	174	1	155	2	182	3	128	4	152	5	184	6	159	7	168	8	180	9	172	10	118	11	102	12	168	13	153	14	195	15	133	16	113	17	129	18	112	19	158	20	108	21	103	22	149	23	193	24	140	25	144	26	122	27	139	28	106	29	110	
	0	120	1	119	2	138	3	171	4	110	5	107	6	130	7	123	8	133	9	102	10	173	11	123	12	168	13	183	14	114	15	138	16	158	17	161	18	195	19	146	20	176	21	102	22	141	23	164	24	146	25	119	26	125	27	186	28	114	29	122	
	0	114	1	178	2	178	3	135	4	114	5	195	6	172	7	145	8	160	9	107	10	163	11	132	12	180	13	108	14	156	15	132	16	145	17	157	18	111	19	122	20	104	21	102	22	160	23	175	24	168	25	184	26	191	27	115	28	196	29	103	
	0	132	1	191	2	153	3	109	4	131	5	150	6	145	7	187	8	140	9	190	10	142	11	136	12	162	13	151	14	110	15	162	16	152	17	178	18	109	19	194	20	185	21	120	22	157	23	164	24	121	25	162	26	126	27	108	28	101	29	137	
	0	195	1	143	2	178	3	135	4	151	5	133	6	131	7	168	8	113	9	125	10	182	11	128	12	128	13	171	14	110	15	174	16	195	17	122	18	170	19	102	20	178	21	145	22	145	23	151	24	157	25	189	26	101	27	159	28	193	29	150	
	0	130	1	137	2	122	3	132	4	161	5	146	6	129	7	100	8	147	9	186	10	175	11	198	12	149	13	113	14	146	15	110	16	105	17	161	18	134	19	112	20	123	21	133	22	149	23	142	24	193	25	168	26	105	27	124	28	177	29	146	
	0	127	1	151	2	158	3	116	4	178	5	155	6	182	7	144	8	109	9	128	10	146	11	199	12	114	13	168	14	107	15	158	16	184	17	178	18	190	19	188	20	192	21	123	22	159	23	154	24	124	25	141	26	128	27	174	28	109	29	190	
	0	193	1	198	2	123	3	127	4	108	5	181	6	131	7	178	8	131	9	136	10	193	11	124	12	189	13	143	14	116	15	131	16	126	17	195	18	143	19	107	20	194	21	176	22	157	23	171	24	134	25	179	26	129	27	163	28	188	29	177	
	0	156	1	107	2	161	3	185	4	185	5	123	6	128	7	116	8	189	9	121	10	193	11	100	12	167	13	123	14	191	15	130	16	134	17	130	18	143	19	120	20	189	21	186	22	159	23	163	24	112	25	109	26	128	27	134	28	131	29	110	
	0	125	1	142	2	128	3	170	4	184	5	117	6	193	7	145	8	118	9	194	10	175	11	119	12	131	13	102	14	141	15	171	16	152	17	153	18	175	19	122	20	115	21	192	22	116	23	125	24	136	25	164	26	150	27	141	28	189	29	141	
	0	182	1	199	2	111	3	180	4	146	5	111	6	144	7	195	8	152	9	106	10	175	11	194	12	150	13	109	14	155	15	103	16	106	17	171	18	105	19	183	20	193	21	114	22	176	23	160	24	131	25	153	26	186	27	160	28	163	29	118	
	0	181	1	124	2	170	3	142	4	163	5	195	6	141	7	103	8	164	9	110	10	160	11	159	12	107	13	132	14	189	15	174	16	100	17	134	18	126	19	150	20	169	21	100	22	101	23	187	24	127	25	176	26	162	27	159	28	184	29	157	
	0	126	1	120	2	163	3	137	4	143	5	164	6	169	7	119	8	103	9	114	10	127	11	195	12	107	13	122	14	133	15	132	16	185	17	131	18	142	19	117	20	114	21	186	22	137	23	117	24	118	25	177	26	196	27	144	28	181	29	149	
	0	175	1	150	2	108	3	120	4	149	5	110	6	137	7	159	8	100	9	101	10	173	11	139	12	195	13	179	14	112	15	105	16	129	17	111	18	106	19	132	20	188	21	198	22	108	23	166	24	164	25	169	26	105	27	170	28	147	29	120	
	0	121	1	161	2	154	3	107	4	193	5	154	6	117	7	156	8	137	9	136	10	160	11	192	12	106	13	143	14	154	15	168	16	187	17	126	18	144	19	104	20	107	21	180	22	199	23	138	24	166	25	198	26	186	27	104	28	106	29	105	
	0	155	1	183	2	112	3	181	4	133	5	125	6	140	7	137	8	157	9	159	10	174	11	168	12	109	13	120	14	111	15	177	16	181	17	178	18	160	19	183	20	169	21	159	22	130	23	143	24	120	25	109	26	195	27	106	28	140	29	102	
	0	164	1	156	2	118	3	158	4	180	5	127	6	165	7	187	8	166	9	114	10	195	11	123	12	172	13	193	14	116	15	170	16	132	17	158	18	120	19	151	20	123	21	110	22	168	23	176	24	124	25	118	26	149	27	182	28	151	29	130	
	0	117	1	180	2	100	3	199	4	166	5	113	6	180	7	181	8	141	9	109	10	183	11	108	12	120	13	100	14	127	15	153	16	137	17	113	18	156	19	165	20	195	21	137	22	165	23	189	24	174	25	144	26	176	27	180	28	135	29	115	
	0	170	1	162	2	166	3	177	4	174	5	123	6	125	7	104	8	128	9	137	10	130	11	119	12	198	13	176	14	144	15	161	16	187	17	178	18	123	19	117	20	100	21	155	22	170	23	169	24	144	25	191	26	195	27	146	28	108	29	151	
	0	198	1	130	2	176	3	118	4	130	5	129	6	133	7	184	8	133	9	154	10	104	11	158	12	119	13	194	14	144	15	141	16	147	17	127	18	100	19	150	20	166	21	130	22	120	23	143	24	105	25	135	26	174	27	135	28	157	29	103	
	0	120	1	196	2	170	3	116	4	166	5	126	6	133	7	181	8	122	9	185	10	140	11	172	12	189	13	171	14	132	15	117	16	172	17	164	18	165	19	130	20	183	21	163	22	115	23	181	24	127	25	110	26	112	27	111	28	190	29	175	
	0	162	1	177	2	174	3	137	4	163	5	181	6	170	7	190	8	100	9	124	10	169	11	146	12	176	13	154	14	189	15	158	16	134	17	184	18	192	19	152	20	106	21	117	22	199	23	111	24	177	25	105	26	150	27	111	28	182	29	132	
	0	116	1	190	2	190	3	134	4	104	5	102	6	177	7	160	8	150	9	186	10	122	11	174	12	169	13	133	14	102	15	128	16	198	17	110	18	188	19	120	20	101	21	154	22	134	23	110	24	100	25	140	26	184	27	194	28	109	29	167	
	0	101	1	123	2	137	3	119	4	164	5	197	6	175	7	178	8	159	9	182	10	109	11	138	12	168	13	131	14	123	15	139	16	122	17	134	18	183	19	139	20	151	21	144	22	186	23	138	24	148	25	143	26	194	27	156	28	161	29	161	
	0	195	1	110	2	103	3	176	4	103	5	188	6	140	7	111	8	166	9	166	10	123	11	187	12	191	13	110	14	177	15	184	16	143	17	134	18	180	19	139	20	160	21	136	22	134	23	120	24	193	25	155	26	138	27	169	28	157	29	106	
	0	103	1	185	2	101	3	159	4	182	5	123	6	140	7	136	8	187	9	167	10	106	11	125	12	199	13	111	14	100	15	135	16	154	17	176	18	184	19	194	20	180	21	196	22	105	23	159	24	194	25	168	26	175	27	193	28	150	29	171	
	0	141	1	161	2	195	3	174	4	115	5	102	6	180	7	120	8	154	9	139	10	144	11	105	12	179	13	168	14	153	15	162	16	161	17	107	18	150	19	135	20	143	21	158	22	113	23	137	24	150	25	111	26	133	27	129	28	175	29	173	
	0	121	1	115	2	162	3	135	4	148	5	104	6	164	7	156	8	190	9	166	10	131	11	117	12	128	13	105	14	128	15	170	16	107	17	167	18	180	19	127	20	181	21	113	22	112	23	187	24	189	25	154	26	100	27	180	28	186	29	166	
	0	159	1	159	2	120	3	103	4	181	5	139	6	131	7	168	8	113	9	185	10	140	11	190	12	182	13	106	14	158	15	156	16	194	17	104	18	194	19	171	20	171	21	187	22	104	23	183	24	118	25	105	26	170	27	110	28	197	29	146	
	0	174	1	111	2	144	3	126	4	145	5	104	6	181	7	129	8	106	9	165	10	178	11	184	12	122	13	124	14	187	15	109	16	178	17	132	18	188	19	189	20	186	21	186	22	121	23	120	24	158	25	188	26	122	27	134	28	170	29	111	
	0	175	1	177	2	135	3	148	4	149	5	110	6	109	7	146	8	178	9	193	10	136	11	191	12	130	13	197	14	180	15	179	16	135	17	152	18	113	19	136	20	108	21	178	22	199	23	152	24	162	25	196	26	131	27	165	28	140	29	193	
	0	107	1	131	2	165	3	157	4	165	5	138	6	108	7	136	8	112	9	145	10	120	11	122	12	114	13	134	14	118	15	181	16	166	17	133	18	104	19	178	20	106	21	121	22	124	23	110	24	173	25	109	26	154	27	160	28	180	29	116	
	0	167	1	136	2	110	3	111	4	183	5	106	6	195	7	188	8	166	9	184	10	194	11	128	12	187	13	182	14	127	15	191	16	193	17	152	18	172	19	148	20	104	21	191	22	142	23	193	24	132	25	138	26	132	27	160	28	106	29	153	
	0	180	1	147	2	100	3	119	4	144	5	166	6	149	7	160	8	145	9	151	10	106	11	153	12	138	13	196	14	168	15	108	16	152	17	113	18	132	19	193	20	133	21	109	22	142	23	148	24	112	25	151	26	162	27	126	28	164	29	166	