200 30 1
30
	0	122	1	148	2	178	3	165	4	144	5	142	6	113	7	142	8	166	9	148	10	140	11	167	12	163	13	128	14	170	15	130	16	195	17	193	18	116	19	157	20	130	21	113	22	137	23	169	24	122	25	161	26	182	27	160	28	171	29	149	
	0	147	1	174	2	163	3	160	4	158	5	132	6	147	7	109	8	196	9	188	10	199	11	176	12	186	13	117	14	174	15	150	16	145	17	134	18	147	19	187	20	134	21	177	22	152	23	178	24	114	25	130	26	128	27	112	28	181	29	159	
	0	176	1	167	2	182	3	138	4	182	5	178	6	187	7	101	8	102	9	146	10	167	11	111	12	178	13	199	14	139	15	133	16	170	17	185	18	189	19	102	20	141	21	114	22	164	23	156	24	128	25	124	26	144	27	137	28	109	29	185	
	0	141	1	145	2	100	3	179	4	184	5	171	6	129	7	167	8	178	9	168	10	117	11	133	12	182	13	153	14	135	15	193	16	162	17	199	18	167	19	102	20	114	21	100	22	195	23	185	24	101	25	142	26	198	27	154	28	108	29	193	
	0	127	1	114	2	109	3	136	4	194	5	168	6	125	7	136	8	194	9	161	10	142	11	155	12	135	13	143	14	105	15	100	16	154	17	195	18	144	19	160	20	144	21	151	22	112	23	117	24	184	25	163	26	185	27	132	28	182	29	133	
	0	143	1	104	2	189	3	100	4	173	5	127	6	107	7	178	8	169	9	194	10	148	11	117	12	164	13	136	14	173	15	184	16	124	17	156	18	112	19	111	20	160	21	115	22	134	23	144	24	146	25	125	26	164	27	194	28	105	29	181	
	0	179	1	168	2	135	3	120	4	175	5	100	6	110	7	167	8	110	9	138	10	151	11	197	12	179	13	171	14	147	15	194	16	186	17	167	18	118	19	115	20	183	21	175	22	146	23	100	24	180	25	197	26	198	27	176	28	139	29	141	
	0	140	1	109	2	133	3	112	4	153	5	123	6	145	7	112	8	175	9	163	10	197	11	108	12	105	13	160	14	167	15	164	16	147	17	122	18	115	19	176	20	169	21	111	22	137	23	133	24	143	25	191	26	103	27	156	28	111	29	141	
	0	190	1	116	2	199	3	181	4	158	5	176	6	113	7	101	8	103	9	126	10	153	11	171	12	154	13	159	14	114	15	192	16	105	17	182	18	181	19	183	20	168	21	129	22	115	23	169	24	129	25	150	26	122	27	149	28	119	29	192	
	0	136	1	174	2	199	3	167	4	141	5	128	6	172	7	169	8	110	9	104	10	109	11	184	12	183	13	159	14	109	15	116	16	177	17	122	18	199	19	154	20	156	21	121	22	124	23	179	24	105	25	189	26	135	27	191	28	112	29	125	
	0	191	1	127	2	131	3	145	4	176	5	170	6	142	7	198	8	188	9	187	10	110	11	190	12	108	13	136	14	121	15	115	16	120	17	190	18	179	19	147	20	115	21	129	22	101	23	140	24	120	25	108	26	188	27	143	28	195	29	155	
	0	144	1	159	2	165	3	161	4	146	5	134	6	196	7	168	8	167	9	199	10	113	11	157	12	140	13	168	14	115	15	120	16	104	17	192	18	193	19	153	20	177	21	158	22	120	23	145	24	199	25	120	26	184	27	112	28	102	29	123	
	0	181	1	105	2	103	3	152	4	198	5	159	6	194	7	123	8	123	9	107	10	155	11	168	12	184	13	123	14	195	15	158	16	162	17	190	18	199	19	101	20	180	21	147	22	161	23	178	24	198	25	188	26	122	27	150	28	119	29	182	
	0	120	1	184	2	138	3	151	4	184	5	110	6	173	7	121	8	179	9	198	10	161	11	138	12	175	13	184	14	109	15	130	16	197	17	168	18	101	19	104	20	123	21	179	22	166	23	113	24	160	25	166	26	125	27	192	28	179	29	169	
	0	146	1	127	2	162	3	183	4	149	5	107	6	111	7	127	8	136	9	170	10	109	11	109	12	126	13	157	14	146	15	147	16	171	17	194	18	108	19	169	20	120	21	172	22	187	23	129	24	187	25	194	26	130	27	147	28	170	29	119	
	0	102	1	106	2	161	3	134	4	187	5	188	6	105	7	119	8	185	9	139	10	199	11	162	12	188	13	177	14	155	15	104	16	180	17	122	18	123	19	146	20	166	21	159	22	151	23	109	24	111	25	159	26	179	27	120	28	187	29	161	
	0	195	1	143	2	161	3	111	4	127	5	176	6	145	7	158	8	128	9	174	10	157	11	108	12	148	13	122	14	132	15	181	16	134	17	111	18	190	19	136	20	173	21	126	22	197	23	112	24	119	25	198	26	108	27	153	28	145	29	139	
	0	123	1	119	2	134	3	106	4	198	5	142	6	153	7	165	8	103	9	195	10	177	11	147	12	143	13	140	14	165	15	166	16	109	17	116	18	109	19	103	20	196	21	185	22	160	23	136	24	174	25	105	26	115	27	165	28	101	29	195	
	0	198	1	132	2	169	3	199	4	130	5	138	6	105	7	191	8	191	9	132	10	192	11	145	12	157	13	172	14	132	15	163	16	115	17	109	18	102	19	193	20	175	21	150	22	184	23	149	24	133	25	177	26	153	27	153	28	150	29	149	
	0	151	1	126	2	189	3	102	4	131	5	139	6	139	7	133	8	173	9	152	10	120	11	169	12	122	13	181	14	178	15	176	16	112	17	115	18	181	19	152	20	157	21	121	22	132	23	121	24	144	25	129	26	108	27	175	28	126	29	165	
	0	162	1	194	2	169	3	141	4	184	5	122	6	179	7	112	8	193	9	146	10	162	11	159	12	121	13	161	14	119	15	115	16	102	17	127	18	149	19	178	20	144	21	190	22	196	23	156	24	188	25	196	26	152	27	172	28	184	29	182	
	0	132	1	146	2	179	3	143	4	191	5	177	6	140	7	140	8	175	9	117	10	196	11	104	12	173	13	147	14	114	15	183	16	120	17	178	18	195	19	125	20	141	21	107	22	132	23	184	24	125	25	101	26	116	27	111	28	155	29	174	
	0	194	1	197	2	129	3	126	4	143	5	146	6	138	7	104	8	104	9	103	10	121	11	140	12	165	13	181	14	173	15	165	16	138	17	184	18	118	19	128	20	115	21	129	22	160	23	138	24	108	25	169	26	134	27	178	28	118	29	179	
	0	121	1	187	2	198	3	189	4	112	5	149	6	195	7	154	8	129	9	184	10	162	11	131	12	170	13	131	14	138	15	132	16	170	17	195	18	154	19	128	20	179	21	143	22	109	23	105	24	177	25	172	26	121	27	178	28	164	29	125	
	0	176	1	146	2	119	3	184	4	167	5	121	6	104	7	121	8	116	9	111	10	193	11	145	12	191	13	121	14	162	15	199	16	165	17	157	18	101	19	119	20	190	21	134	22	132	23	116	24	198	25	132	26	180	27	124	28	106	29	150	
	0	163	1	135	2	181	3	153	4	148	5	180	6	126	7	138	8	187	9	172	10	121	11	109	12	125	13	169	14	122	15	133	16	141	17	136	18	193	19	148	20	109	21	164	22	153	23	127	24	132	25	102	26	100	27	134	28	114	29	178	
	0	149	1	142	2	151	3	176	4	185	5	105	6	152	7	168	8	162	9	148	10	151	11	179	12	130	13	140	14	194	15	110	16	180	17	166	18	135	19	194	20	182	21	140	22	199	23	119	24	188	25	110	26	177	27	127	28	124	29	143	
	0	126	1	194	2	120	3	138	4	180	5	183	6	184	7	132	8	180	9	122	10	113	11	166	12	101	13	162	14	119	15	172	16	103	17	155	18	193	19	185	20	192	21	144	22	121	23	151	24	118	25	127	26	190	27	188	28	126	29	109	
	0	139	1	115	2	169	3	117	4	167	5	160	6	194	7	141	8	126	9	163	10	131	11	136	12	108	13	164	14	166	15	125	16	168	17	117	18	124	19	112	20	185	21	145	22	192	23	147	24	120	25	132	26	115	27	144	28	189	29	180	
	0	191	1	185	2	188	3	134	4	122	5	126	6	116	7	123	8	153	9	146	10	156	11	195	12	106	13	101	14	134	15	115	16	164	17	175	18	177	19	127	20	174	21	178	22	183	23	147	24	155	25	199	26	121	27	199	28	189	29	178	
	0	115	1	134	2	199	3	139	4	123	5	116	6	165	7	121	8	132	9	145	10	132	11	146	12	165	13	106	14	124	15	122	16	177	17	111	18	136	19	145	20	123	21	166	22	184	23	140	24	163	25	198	26	180	27	144	28	102	29	180	
	0	196	1	190	2	140	3	120	4	180	5	110	6	148	7	162	8	163	9	171	10	158	11	198	12	105	13	113	14	148	15	190	16	126	17	150	18	170	19	111	20	169	21	187	22	153	23	182	24	166	25	174	26	155	27	179	28	137	29	146	
	0	129	1	195	2	113	3	123	4	173	5	168	6	108	7	184	8	199	9	194	10	123	11	199	12	192	13	164	14	102	15	102	16	119	17	177	18	103	19	173	20	113	21	115	22	145	23	121	24	155	25	144	26	197	27	145	28	173	29	165	
	0	124	1	192	2	189	3	144	4	103	5	153	6	142	7	118	8	188	9	199	10	141	11	105	12	142	13	101	14	199	15	132	16	125	17	191	18	197	19	161	20	195	21	127	22	165	23	188	24	179	25	194	26	125	27	178	28	113	29	167	
	0	190	1	141	2	142	3	119	4	166	5	127	6	182	7	112	8	163	9	127	10	184	11	132	12	168	13	135	14	179	15	177	16	111	17	104	18	176	19	138	20	155	21	128	22	103	23	141	24	102	25	182	26	178	27	168	28	191	29	169	
	0	196	1	199	2	109	3	126	4	124	5	187	6	113	7	145	8	199	9	181	10	175	11	102	12	136	13	166	14	114	15	108	16	139	17	116	18	163	19	148	20	168	21	187	22	191	23	184	24	166	25	178	26	190	27	160	28	108	29	197	
	0	109	1	113	2	164	3	130	4	131	5	165	6	192	7	192	8	100	9	100	10	154	11	107	12	175	13	160	14	140	15	171	16	134	17	109	18	148	19	117	20	128	21	131	22	149	23	156	24	191	25	148	26	109	27	194	28	179	29	199	
	0	155	1	190	2	112	3	195	4	101	5	102	6	128	7	130	8	111	9	189	10	121	11	181	12	141	13	190	14	174	15	177	16	100	17	113	18	160	19	148	20	121	21	148	22	109	23	130	24	183	25	135	26	105	27	115	28	151	29	101	
	0	166	1	110	2	101	3	118	4	150	5	189	6	198	7	141	8	167	9	124	10	173	11	191	12	171	13	144	14	123	15	195	16	121	17	180	18	144	19	101	20	180	21	134	22	155	23	174	24	159	25	124	26	154	27	141	28	111	29	171	
	0	140	1	144	2	126	3	154	4	164	5	199	6	173	7	112	8	171	9	150	10	125	11	119	12	125	13	122	14	182	15	121	16	185	17	185	18	188	19	101	20	171	21	187	22	175	23	192	24	112	25	154	26	198	27	130	28	106	29	190	
	0	152	1	103	2	141	3	126	4	156	5	126	6	133	7	179	8	144	9	149	10	105	11	174	12	106	13	120	14	133	15	114	16	130	17	173	18	113	19	172	20	102	21	197	22	155	23	163	24	151	25	160	26	192	27	140	28	142	29	155	
	0	114	1	154	2	197	3	103	4	105	5	119	6	100	7	171	8	168	9	191	10	123	11	150	12	115	13	179	14	117	15	131	16	192	17	182	18	103	19	190	20	107	21	148	22	136	23	176	24	179	25	116	26	162	27	199	28	122	29	184	
	0	114	1	184	2	156	3	148	4	140	5	155	6	193	7	152	8	118	9	188	10	105	11	123	12	111	13	145	14	130	15	192	16	179	17	139	18	105	19	180	20	138	21	169	22	173	23	134	24	158	25	105	26	174	27	123	28	195	29	146	
	0	166	1	135	2	139	3	116	4	142	5	150	6	162	7	130	8	124	9	128	10	105	11	146	12	168	13	138	14	142	15	144	16	113	17	161	18	151	19	153	20	178	21	150	22	165	23	187	24	138	25	193	26	128	27	185	28	157	29	156	
	0	170	1	103	2	125	3	152	4	172	5	108	6	194	7	102	8	140	9	182	10	130	11	151	12	105	13	109	14	185	15	125	16	102	17	169	18	180	19	191	20	143	21	160	22	177	23	109	24	178	25	158	26	199	27	185	28	113	29	135	
	0	148	1	179	2	175	3	180	4	170	5	115	6	126	7	108	8	122	9	100	10	161	11	138	12	148	13	105	14	148	15	155	16	123	17	145	18	137	19	170	20	112	21	117	22	177	23	189	24	191	25	117	26	160	27	191	28	102	29	123	
	0	149	1	199	2	100	3	151	4	118	5	132	6	169	7	140	8	117	9	191	10	155	11	142	12	133	13	198	14	145	15	191	16	160	17	159	18	164	19	151	20	185	21	129	22	184	23	179	24	161	25	183	26	132	27	113	28	183	29	127	
	0	147	1	162	2	106	3	171	4	155	5	174	6	192	7	134	8	127	9	196	10	120	11	141	12	169	13	142	14	104	15	190	16	106	17	140	18	190	19	123	20	150	21	166	22	109	23	136	24	165	25	185	26	152	27	143	28	161	29	142	
	0	159	1	112	2	177	3	110	4	166	5	120	6	109	7	146	8	120	9	168	10	143	11	178	12	188	13	147	14	128	15	189	16	190	17	118	18	182	19	156	20	193	21	128	22	179	23	177	24	185	25	109	26	186	27	152	28	170	29	168	
	0	164	1	184	2	173	3	124	4	184	5	107	6	105	7	177	8	172	9	163	10	165	11	140	12	174	13	183	14	129	15	113	16	152	17	175	18	136	19	166	20	109	21	108	22	110	23	109	24	113	25	131	26	118	27	191	28	195	29	163	
	0	159	1	119	2	113	3	151	4	167	5	121	6	112	7	130	8	177	9	180	10	111	11	123	12	173	13	148	14	103	15	185	16	102	17	106	18	113	19	164	20	149	21	198	22	108	23	191	24	133	25	170	26	141	27	121	28	186	29	177	
	0	173	1	186	2	102	3	135	4	174	5	167	6	151	7	197	8	179	9	170	10	160	11	133	12	194	13	117	14	171	15	195	16	131	17	170	18	168	19	175	20	163	21	180	22	172	23	126	24	166	25	177	26	105	27	184	28	199	29	191	
	0	127	1	141	2	175	3	106	4	188	5	121	6	178	7	151	8	116	9	163	10	118	11	119	12	142	13	165	14	136	15	196	16	152	17	197	18	157	19	169	20	155	21	183	22	126	23	198	24	171	25	110	26	124	27	154	28	191	29	151	
	0	191	1	152	2	156	3	162	4	146	5	190	6	164	7	128	8	164	9	132	10	122	11	122	12	171	13	106	14	197	15	199	16	179	17	161	18	114	19	145	20	105	21	195	22	135	23	178	24	173	25	191	26	109	27	119	28	157	29	151	
	0	115	1	106	2	133	3	170	4	153	5	132	6	157	7	138	8	160	9	173	10	138	11	118	12	101	13	132	14	193	15	174	16	167	17	108	18	117	19	171	20	143	21	145	22	120	23	191	24	115	25	130	26	130	27	179	28	139	29	143	
	0	122	1	135	2	196	3	154	4	141	5	143	6	166	7	138	8	120	9	182	10	134	11	140	12	122	13	157	14	117	15	116	16	193	17	155	18	148	19	164	20	179	21	144	22	189	23	168	24	149	25	165	26	187	27	132	28	187	29	141	
	0	187	1	167	2	133	3	158	4	191	5	174	6	127	7	132	8	163	9	142	10	124	11	123	12	102	13	108	14	158	15	136	16	195	17	197	18	150	19	193	20	146	21	174	22	185	23	110	24	194	25	142	26	129	27	193	28	144	29	151	
	0	169	1	135	2	194	3	167	4	149	5	180	6	167	7	115	8	110	9	196	10	145	11	179	12	177	13	108	14	177	15	197	16	124	17	133	18	173	19	189	20	112	21	117	22	115	23	134	24	124	25	114	26	165	27	139	28	183	29	128	
	0	150	1	116	2	152	3	115	4	165	5	100	6	115	7	130	8	166	9	116	10	176	11	161	12	118	13	193	14	153	15	153	16	143	17	152	18	165	19	106	20	157	21	103	22	172	23	106	24	127	25	177	26	142	27	120	28	183	29	103	
	0	171	1	140	2	185	3	170	4	120	5	110	6	103	7	104	8	198	9	191	10	178	11	102	12	147	13	129	14	176	15	164	16	182	17	194	18	155	19	169	20	145	21	124	22	198	23	131	24	178	25	148	26	123	27	119	28	115	29	160	
	0	130	1	130	2	118	3	136	4	180	5	159	6	197	7	111	8	168	9	180	10	159	11	144	12	131	13	125	14	121	15	157	16	142	17	108	18	136	19	196	20	107	21	195	22	196	23	158	24	176	25	125	26	156	27	167	28	139	29	195	
	0	133	1	193	2	139	3	192	4	123	5	165	6	148	7	167	8	103	9	116	10	172	11	161	12	112	13	167	14	162	15	163	16	184	17	117	18	164	19	113	20	114	21	194	22	172	23	127	24	198	25	190	26	115	27	145	28	136	29	164	
	0	119	1	138	2	147	3	105	4	107	5	157	6	119	7	189	8	185	9	127	10	130	11	171	12	188	13	137	14	140	15	190	16	135	17	123	18	177	19	133	20	179	21	107	22	172	23	165	24	185	25	192	26	159	27	142	28	152	29	186	
	0	190	1	186	2	114	3	103	4	152	5	166	6	141	7	145	8	153	9	143	10	170	11	178	12	158	13	133	14	142	15	133	16	132	17	176	18	146	19	195	20	180	21	164	22	121	23	166	24	115	25	111	26	116	27	115	28	166	29	127	
	0	109	1	150	2	153	3	118	4	141	5	123	6	174	7	128	8	113	9	148	10	197	11	163	12	108	13	137	14	182	15	122	16	144	17	186	18	135	19	190	20	138	21	171	22	125	23	183	24	155	25	190	26	158	27	126	28	110	29	115	
	0	101	1	112	2	112	3	148	4	177	5	138	6	199	7	177	8	135	9	137	10	103	11	178	12	128	13	110	14	183	15	104	16	180	17	198	18	177	19	118	20	126	21	191	22	132	23	160	24	108	25	170	26	154	27	135	28	177	29	133	
	0	114	1	149	2	110	3	163	4	144	5	196	6	159	7	168	8	194	9	170	10	189	11	135	12	147	13	123	14	145	15	190	16	134	17	118	18	138	19	176	20	121	21	131	22	188	23	131	24	131	25	158	26	109	27	117	28	149	29	198	
	0	109	1	101	2	101	3	132	4	147	5	138	6	177	7	103	8	198	9	159	10	159	11	145	12	126	13	107	14	162	15	135	16	161	17	154	18	190	19	176	20	122	21	113	22	172	23	180	24	173	25	114	26	197	27	128	28	175	29	111	
	0	124	1	117	2	142	3	161	4	159	5	105	6	178	7	126	8	123	9	195	10	191	11	188	12	145	13	195	14	187	15	101	16	190	17	131	18	103	19	107	20	150	21	133	22	158	23	193	24	102	25	156	26	114	27	113	28	127	29	183	
	0	152	1	150	2	179	3	177	4	174	5	105	6	107	7	175	8	140	9	175	10	190	11	177	12	141	13	193	14	150	15	112	16	116	17	165	18	129	19	173	20	123	21	123	22	111	23	157	24	151	25	172	26	187	27	137	28	162	29	199	
	0	168	1	174	2	126	3	100	4	155	5	170	6	143	7	177	8	138	9	147	10	137	11	165	12	107	13	193	14	112	15	160	16	123	17	174	18	165	19	119	20	106	21	106	22	122	23	161	24	165	25	134	26	177	27	170	28	176	29	109	
	0	137	1	168	2	142	3	122	4	179	5	150	6	102	7	169	8	129	9	114	10	132	11	101	12	161	13	135	14	117	15	107	16	149	17	105	18	107	19	140	20	178	21	150	22	101	23	130	24	171	25	181	26	144	27	173	28	136	29	190	
	0	124	1	118	2	100	3	152	4	186	5	186	6	193	7	135	8	174	9	152	10	135	11	159	12	140	13	136	14	120	15	135	16	127	17	147	18	187	19	102	20	196	21	172	22	147	23	167	24	166	25	182	26	111	27	127	28	151	29	105	
	0	112	1	165	2	155	3	111	4	131	5	164	6	163	7	139	8	165	9	117	10	122	11	144	12	125	13	136	14	103	15	176	16	190	17	191	18	191	19	117	20	127	21	113	22	191	23	150	24	123	25	118	26	146	27	144	28	197	29	192	
	0	175	1	135	2	121	3	199	4	117	5	172	6	185	7	119	8	146	9	148	10	175	11	134	12	150	13	114	14	164	15	105	16	145	17	134	18	163	19	147	20	181	21	166	22	112	23	101	24	131	25	151	26	120	27	178	28	183	29	169	
	0	117	1	155	2	143	3	186	4	122	5	168	6	194	7	124	8	110	9	157	10	163	11	118	12	123	13	103	14	122	15	168	16	147	17	151	18	121	19	130	20	190	21	125	22	147	23	124	24	106	25	115	26	198	27	127	28	168	29	129	
	0	179	1	134	2	108	3	105	4	112	5	104	6	177	7	115	8	158	9	177	10	186	11	175	12	157	13	120	14	109	15	156	16	194	17	120	18	123	19	133	20	168	21	195	22	189	23	191	24	130	25	108	26	126	27	194	28	157	29	185	
	0	141	1	137	2	101	3	149	4	193	5	144	6	198	7	193	8	153	9	145	10	194	11	126	12	118	13	128	14	182	15	155	16	181	17	156	18	138	19	108	20	139	21	103	22	154	23	198	24	166	25	106	26	191	27	135	28	183	29	146	
	0	183	1	190	2	165	3	139	4	181	5	104	6	121	7	106	8	133	9	178	10	177	11	102	12	104	13	199	14	158	15	176	16	143	17	138	18	179	19	113	20	135	21	170	22	143	23	134	24	126	25	130	26	167	27	142	28	161	29	195	
	0	170	1	191	2	153	3	133	4	129	5	174	6	111	7	173	8	119	9	171	10	172	11	122	12	114	13	138	14	142	15	160	16	137	17	199	18	179	19	170	20	151	21	177	22	120	23	128	24	140	25	169	26	157	27	100	28	162	29	159	
	0	148	1	166	2	162	3	189	4	195	5	175	6	189	7	160	8	191	9	146	10	160	11	189	12	179	13	194	14	156	15	157	16	171	17	169	18	175	19	126	20	184	21	179	22	160	23	125	24	193	25	136	26	173	27	136	28	190	29	135	
	0	172	1	160	2	168	3	194	4	111	5	185	6	128	7	187	8	109	9	183	10	166	11	130	12	131	13	150	14	156	15	142	16	100	17	138	18	195	19	182	20	137	21	104	22	130	23	112	24	116	25	184	26	182	27	124	28	135	29	175	
	0	195	1	168	2	189	3	115	4	173	5	141	6	158	7	158	8	177	9	138	10	105	11	172	12	111	13	116	14	172	15	121	16	141	17	137	18	156	19	154	20	127	21	111	22	126	23	153	24	135	25	129	26	145	27	140	28	123	29	162	
	0	149	1	139	2	197	3	182	4	173	5	142	6	179	7	101	8	130	9	185	10	186	11	115	12	133	13	195	14	165	15	174	16	168	17	118	18	123	19	163	20	152	21	149	22	185	23	132	24	130	25	114	26	153	27	103	28	188	29	191	
	0	136	1	129	2	115	3	143	4	191	5	194	6	104	7	121	8	163	9	120	10	168	11	124	12	126	13	103	14	169	15	172	16	162	17	115	18	154	19	194	20	117	21	153	22	170	23	167	24	103	25	101	26	142	27	158	28	144	29	130	
	0	182	1	174	2	122	3	180	4	198	5	155	6	167	7	163	8	154	9	122	10	167	11	192	12	127	13	113	14	178	15	133	16	185	17	174	18	153	19	166	20	134	21	180	22	144	23	171	24	189	25	195	26	132	27	114	28	185	29	153	
	0	142	1	177	2	121	3	153	4	168	5	189	6	105	7	128	8	122	9	138	10	163	11	147	12	189	13	163	14	107	15	168	16	110	17	194	18	116	19	146	20	123	21	137	22	145	23	120	24	132	25	100	26	117	27	119	28	111	29	167	
	0	184	1	155	2	161	3	165	4	158	5	159	6	197	7	183	8	185	9	165	10	140	11	154	12	142	13	154	14	156	15	195	16	177	17	159	18	105	19	178	20	188	21	104	22	170	23	179	24	115	25	171	26	164	27	117	28	149	29	157	
	0	131	1	136	2	158	3	141	4	105	5	177	6	129	7	166	8	147	9	190	10	145	11	138	12	188	13	192	14	125	15	129	16	196	17	154	18	196	19	152	20	108	21	164	22	107	23	100	24	160	25	184	26	126	27	147	28	117	29	133	
	0	199	1	186	2	141	3	177	4	123	5	106	6	108	7	186	8	117	9	152	10	142	11	105	12	137	13	131	14	163	15	100	16	198	17	148	18	150	19	159	20	161	21	194	22	127	23	152	24	182	25	122	26	183	27	103	28	113	29	122	
	0	131	1	113	2	101	3	149	4	178	5	167	6	180	7	126	8	180	9	183	10	188	11	190	12	128	13	150	14	186	15	101	16	132	17	169	18	178	19	101	20	108	21	182	22	175	23	138	24	165	25	135	26	169	27	113	28	177	29	178	
	0	185	1	184	2	153	3	168	4	152	5	132	6	191	7	104	8	192	9	177	10	125	11	173	12	125	13	104	14	126	15	140	16	168	17	187	18	168	19	139	20	122	21	174	22	116	23	142	24	155	25	118	26	151	27	169	28	108	29	122	
	0	161	1	192	2	144	3	143	4	152	5	163	6	165	7	137	8	146	9	101	10	160	11	112	12	192	13	195	14	127	15	121	16	129	17	127	18	169	19	161	20	143	21	192	22	172	23	164	24	189	25	129	26	116	27	176	28	136	29	169	
	0	175	1	173	2	144	3	105	4	141	5	145	6	128	7	161	8	146	9	125	10	185	11	147	12	183	13	150	14	117	15	134	16	104	17	106	18	164	19	131	20	123	21	172	22	172	23	169	24	157	25	111	26	191	27	170	28	126	29	131	
	0	122	1	123	2	106	3	114	4	168	5	137	6	197	7	129	8	152	9	131	10	176	11	195	12	123	13	144	14	162	15	168	16	156	17	113	18	194	19	139	20	119	21	192	22	174	23	167	24	149	25	152	26	161	27	191	28	134	29	189	
	0	110	1	104	2	175	3	177	4	173	5	132	6	154	7	152	8	143	9	100	10	149	11	133	12	183	13	153	14	152	15	173	16	196	17	112	18	120	19	145	20	174	21	128	22	166	23	166	24	189	25	186	26	127	27	197	28	136	29	187	
	0	138	1	146	2	199	3	166	4	171	5	120	6	172	7	164	8	183	9	178	10	152	11	148	12	155	13	182	14	106	15	137	16	117	17	195	18	169	19	168	20	198	21	102	22	188	23	109	24	161	25	101	26	176	27	141	28	129	29	131	
	0	117	1	168	2	159	3	181	4	157	5	117	6	111	7	162	8	118	9	102	10	182	11	127	12	159	13	131	14	133	15	174	16	139	17	108	18	100	19	108	20	186	21	179	22	174	23	167	24	120	25	181	26	128	27	149	28	152	29	161	
	0	157	1	171	2	106	3	154	4	126	5	178	6	181	7	133	8	135	9	107	10	185	11	158	12	159	13	167	14	112	15	137	16	156	17	194	18	193	19	198	20	119	21	110	22	186	23	138	24	131	25	108	26	190	27	145	28	180	29	150	
	0	140	1	197	2	104	3	132	4	106	5	181	6	106	7	137	8	131	9	183	10	147	11	110	12	187	13	176	14	122	15	174	16	156	17	176	18	139	19	150	20	139	21	191	22	165	23	155	24	153	25	124	26	162	27	162	28	198	29	149	
	0	172	1	164	2	140	3	193	4	169	5	171	6	188	7	148	8	115	9	118	10	197	11	170	12	138	13	136	14	198	15	183	16	159	17	197	18	106	19	162	20	191	21	121	22	127	23	102	24	142	25	117	26	132	27	117	28	110	29	193	
	0	172	1	153	2	132	3	172	4	125	5	129	6	113	7	119	8	109	9	125	10	117	11	141	12	185	13	138	14	125	15	101	16	188	17	116	18	107	19	158	20	163	21	102	22	136	23	183	24	119	25	160	26	122	27	110	28	111	29	157	
	0	112	1	144	2	132	3	109	4	196	5	176	6	103	7	178	8	128	9	153	10	194	11	142	12	160	13	110	14	195	15	123	16	131	17	167	18	174	19	115	20	108	21	146	22	142	23	181	24	130	25	165	26	124	27	161	28	145	29	144	
	0	121	1	169	2	128	3	168	4	153	5	100	6	192	7	161	8	164	9	167	10	177	11	137	12	133	13	124	14	160	15	141	16	154	17	138	18	193	19	177	20	196	21	148	22	136	23	113	24	168	25	113	26	156	27	123	28	174	29	109	
	0	116	1	153	2	150	3	148	4	166	5	168	6	197	7	191	8	100	9	111	10	130	11	172	12	133	13	121	14	199	15	126	16	166	17	162	18	158	19	166	20	147	21	161	22	106	23	114	24	142	25	119	26	175	27	188	28	115	29	180	
	0	169	1	120	2	105	3	159	4	126	5	194	6	153	7	152	8	134	9	190	10	153	11	199	12	153	13	174	14	156	15	116	16	112	17	158	18	124	19	121	20	176	21	159	22	197	23	127	24	192	25	162	26	166	27	157	28	170	29	170	
	0	194	1	109	2	145	3	145	4	126	5	149	6	178	7	127	8	146	9	190	10	186	11	184	12	109	13	199	14	160	15	160	16	125	17	196	18	188	19	146	20	172	21	118	22	179	23	110	24	114	25	152	26	194	27	144	28	184	29	133	
	0	150	1	197	2	135	3	117	4	126	5	181	6	118	7	187	8	186	9	140	10	184	11	151	12	127	13	171	14	134	15	156	16	195	17	130	18	177	19	109	20	179	21	155	22	133	23	182	24	164	25	194	26	119	27	140	28	119	29	188	
	0	157	1	149	2	193	3	155	4	127	5	169	6	148	7	196	8	133	9	100	10	168	11	172	12	144	13	198	14	174	15	113	16	123	17	115	18	163	19	129	20	184	21	152	22	152	23	193	24	187	25	143	26	194	27	139	28	187	29	162	
	0	113	1	198	2	175	3	123	4	191	5	119	6	189	7	188	8	103	9	114	10	183	11	154	12	139	13	191	14	174	15	173	16	115	17	111	18	160	19	142	20	163	21	171	22	181	23	197	24	105	25	107	26	103	27	182	28	121	29	165	
	0	199	1	150	2	146	3	129	4	192	5	192	6	111	7	130	8	147	9	103	10	178	11	106	12	168	13	180	14	168	15	190	16	133	17	196	18	158	19	169	20	109	21	190	22	132	23	166	24	157	25	131	26	165	27	131	28	183	29	184	
	0	142	1	149	2	195	3	114	4	132	5	186	6	119	7	197	8	109	9	154	10	186	11	158	12	187	13	125	14	193	15	146	16	161	17	124	18	114	19	128	20	167	21	198	22	191	23	124	24	173	25	178	26	120	27	175	28	191	29	127	
	0	181	1	155	2	124	3	198	4	198	5	119	6	153	7	153	8	100	9	168	10	194	11	117	12	101	13	107	14	172	15	167	16	189	17	108	18	114	19	185	20	121	21	156	22	189	23	112	24	184	25	150	26	194	27	117	28	189	29	188	
	0	148	1	160	2	167	3	172	4	124	5	116	6	181	7	151	8	162	9	138	10	195	11	139	12	125	13	158	14	177	15	173	16	182	17	176	18	139	19	174	20	177	21	157	22	126	23	133	24	150	25	141	26	126	27	114	28	128	29	145	
	0	121	1	143	2	129	3	133	4	135	5	172	6	117	7	172	8	192	9	166	10	163	11	101	12	148	13	196	14	146	15	178	16	154	17	130	18	182	19	152	20	109	21	155	22	137	23	109	24	132	25	123	26	145	27	174	28	184	29	191	
	0	170	1	145	2	175	3	127	4	116	5	104	6	148	7	165	8	175	9	105	10	186	11	139	12	136	13	109	14	172	15	117	16	154	17	104	18	139	19	118	20	174	21	130	22	175	23	145	24	111	25	124	26	115	27	185	28	189	29	134	
	0	162	1	104	2	153	3	102	4	165	5	173	6	174	7	147	8	119	9	177	10	111	11	143	12	164	13	163	14	109	15	107	16	194	17	113	18	193	19	136	20	146	21	178	22	163	23	103	24	155	25	111	26	129	27	102	28	185	29	143	
	0	139	1	195	2	156	3	131	4	164	5	114	6	161	7	140	8	187	9	167	10	186	11	122	12	108	13	102	14	166	15	113	16	138	17	123	18	193	19	115	20	101	21	174	22	124	23	142	24	137	25	103	26	194	27	130	28	143	29	164	
	0	148	1	130	2	152	3	139	4	119	5	130	6	123	7	199	8	183	9	113	10	179	11	196	12	179	13	182	14	171	15	191	16	116	17	142	18	147	19	136	20	195	21	153	22	136	23	167	24	128	25	137	26	171	27	150	28	113	29	144	
	0	192	1	125	2	108	3	106	4	162	5	147	6	125	7	175	8	147	9	137	10	116	11	103	12	133	13	189	14	128	15	159	16	163	17	165	18	185	19	134	20	107	21	192	22	131	23	130	24	122	25	150	26	172	27	120	28	123	29	183	
	0	127	1	182	2	112	3	165	4	127	5	166	6	118	7	179	8	120	9	189	10	171	11	110	12	148	13	135	14	187	15	176	16	147	17	175	18	125	19	116	20	189	21	171	22	176	23	117	24	142	25	193	26	106	27	199	28	160	29	166	
	0	180	1	180	2	112	3	188	4	120	5	120	6	199	7	131	8	168	9	187	10	147	11	144	12	116	13	124	14	175	15	196	16	172	17	175	18	183	19	117	20	163	21	125	22	121	23	132	24	196	25	180	26	130	27	160	28	132	29	122	
	0	134	1	112	2	157	3	199	4	184	5	138	6	107	7	175	8	196	9	196	10	160	11	134	12	102	13	167	14	189	15	186	16	148	17	163	18	147	19	143	20	124	21	196	22	128	23	147	24	157	25	187	26	193	27	161	28	145	29	166	
	0	109	1	176	2	112	3	185	4	104	5	164	6	155	7	108	8	165	9	173	10	140	11	142	12	190	13	117	14	145	15	100	16	162	17	153	18	176	19	172	20	154	21	128	22	139	23	186	24	105	25	106	26	141	27	132	28	197	29	111	
	0	185	1	135	2	156	3	112	4	162	5	101	6	139	7	169	8	129	9	118	10	103	11	174	12	132	13	144	14	173	15	168	16	116	17	182	18	116	19	139	20	110	21	154	22	183	23	149	24	198	25	158	26	156	27	174	28	164	29	132	
	0	189	1	128	2	180	3	179	4	146	5	142	6	178	7	190	8	128	9	168	10	111	11	193	12	164	13	190	14	103	15	183	16	155	17	155	18	156	19	113	20	155	21	150	22	167	23	193	24	107	25	151	26	155	27	144	28	181	29	160	
	0	163	1	119	2	121	3	102	4	177	5	190	6	166	7	103	8	158	9	126	10	161	11	151	12	108	13	151	14	121	15	110	16	131	17	134	18	187	19	153	20	103	21	101	22	105	23	121	24	195	25	135	26	174	27	154	28	100	29	151	
	0	139	1	135	2	146	3	128	4	177	5	158	6	165	7	148	8	184	9	174	10	166	11	173	12	123	13	144	14	184	15	133	16	121	17	145	18	137	19	114	20	116	21	175	22	127	23	106	24	128	25	181	26	194	27	197	28	116	29	110	
	0	111	1	105	2	190	3	159	4	160	5	140	6	153	7	191	8	114	9	101	10	137	11	191	12	132	13	148	14	190	15	103	16	183	17	192	18	181	19	140	20	129	21	190	22	119	23	165	24	187	25	144	26	100	27	125	28	191	29	169	
	0	161	1	139	2	195	3	149	4	175	5	108	6	190	7	186	8	105	9	115	10	177	11	153	12	156	13	183	14	134	15	114	16	142	17	118	18	177	19	166	20	152	21	125	22	138	23	147	24	105	25	155	26	139	27	143	28	136	29	157	
	0	110	1	143	2	185	3	160	4	169	5	147	6	149	7	147	8	164	9	139	10	161	11	100	12	139	13	144	14	126	15	184	16	180	17	196	18	114	19	171	20	142	21	124	22	146	23	150	24	101	25	189	26	164	27	181	28	111	29	123	
	0	112	1	145	2	137	3	122	4	144	5	182	6	127	7	127	8	185	9	139	10	181	11	146	12	112	13	103	14	199	15	182	16	198	17	180	18	151	19	118	20	108	21	111	22	179	23	159	24	144	25	154	26	177	27	171	28	181	29	126	
	0	184	1	112	2	129	3	150	4	142	5	191	6	142	7	173	8	103	9	165	10	113	11	169	12	174	13	147	14	116	15	184	16	105	17	107	18	148	19	131	20	167	21	119	22	147	23	170	24	118	25	161	26	101	27	170	28	120	29	169	
	0	164	1	103	2	116	3	138	4	182	5	155	6	198	7	141	8	158	9	121	10	167	11	197	12	124	13	151	14	146	15	164	16	175	17	170	18	157	19	115	20	125	21	111	22	160	23	135	24	142	25	196	26	113	27	184	28	185	29	117	
	0	132	1	116	2	157	3	116	4	109	5	173	6	171	7	128	8	140	9	153	10	134	11	102	12	125	13	135	14	124	15	143	16	146	17	135	18	179	19	175	20	155	21	122	22	176	23	102	24	189	25	159	26	195	27	140	28	103	29	162	
	0	165	1	163	2	121	3	176	4	131	5	181	6	146	7	181	8	125	9	189	10	101	11	102	12	168	13	135	14	188	15	103	16	141	17	196	18	114	19	136	20	178	21	109	22	156	23	160	24	158	25	183	26	159	27	127	28	168	29	199	
	0	148	1	133	2	141	3	148	4	192	5	196	6	176	7	114	8	119	9	127	10	196	11	195	12	153	13	173	14	193	15	129	16	101	17	145	18	147	19	163	20	126	21	120	22	105	23	157	24	166	25	101	26	146	27	183	28	113	29	122	
	0	190	1	165	2	156	3	164	4	107	5	117	6	189	7	192	8	147	9	114	10	196	11	149	12	178	13	193	14	195	15	122	16	198	17	132	18	146	19	129	20	115	21	146	22	189	23	154	24	196	25	186	26	139	27	138	28	108	29	176	
	0	153	1	105	2	125	3	178	4	120	5	110	6	109	7	197	8	124	9	158	10	167	11	134	12	198	13	132	14	154	15	144	16	156	17	164	18	169	19	104	20	100	21	175	22	149	23	148	24	108	25	155	26	199	27	174	28	110	29	193	
	0	185	1	136	2	173	3	123	4	182	5	194	6	146	7	121	8	163	9	108	10	104	11	107	12	194	13	194	14	103	15	136	16	161	17	138	18	112	19	115	20	199	21	116	22	172	23	163	24	199	25	110	26	134	27	103	28	130	29	111	
	0	135	1	151	2	132	3	150	4	197	5	129	6	186	7	148	8	156	9	176	10	176	11	174	12	145	13	141	14	138	15	170	16	185	17	198	18	181	19	173	20	102	21	156	22	160	23	165	24	181	25	118	26	160	27	113	28	100	29	161	
	0	133	1	138	2	122	3	101	4	182	5	171	6	142	7	190	8	144	9	185	10	117	11	110	12	196	13	128	14	193	15	116	16	192	17	129	18	171	19	168	20	145	21	140	22	191	23	138	24	123	25	143	26	183	27	194	28	181	29	158	
	0	174	1	137	2	163	3	199	4	160	5	105	6	198	7	134	8	176	9	159	10	159	11	137	12	141	13	105	14	136	15	153	16	110	17	104	18	160	19	160	20	165	21	132	22	130	23	128	24	183	25	167	26	126	27	154	28	170	29	108	
	0	124	1	156	2	107	3	180	4	194	5	165	6	187	7	148	8	100	9	123	10	194	11	179	12	147	13	112	14	124	15	104	16	187	17	109	18	101	19	167	20	154	21	123	22	123	23	116	24	155	25	100	26	177	27	180	28	160	29	118	
	0	142	1	140	2	145	3	112	4	101	5	118	6	184	7	106	8	125	9	139	10	157	11	198	12	122	13	143	14	167	15	137	16	111	17	167	18	182	19	193	20	169	21	152	22	190	23	194	24	181	25	157	26	117	27	176	28	142	29	119	
	0	104	1	170	2	120	3	195	4	190	5	197	6	165	7	146	8	127	9	104	10	181	11	140	12	173	13	156	14	153	15	154	16	181	17	117	18	120	19	189	20	100	21	128	22	131	23	101	24	148	25	161	26	107	27	104	28	195	29	196	
	0	166	1	168	2	116	3	163	4	150	5	175	6	158	7	191	8	198	9	156	10	157	11	176	12	123	13	177	14	142	15	120	16	174	17	137	18	179	19	180	20	181	21	160	22	101	23	198	24	119	25	154	26	124	27	187	28	146	29	131	
	0	169	1	124	2	168	3	186	4	174	5	197	6	162	7	134	8	182	9	186	10	150	11	102	12	191	13	190	14	131	15	148	16	126	17	114	18	127	19	183	20	107	21	154	22	157	23	123	24	122	25	111	26	176	27	144	28	169	29	173	
	0	137	1	156	2	184	3	105	4	169	5	186	6	147	7	156	8	135	9	126	10	164	11	178	12	173	13	165	14	173	15	141	16	109	17	183	18	113	19	147	20	117	21	165	22	127	23	175	24	180	25	106	26	186	27	188	28	143	29	138	
	0	197	1	155	2	176	3	134	4	199	5	138	6	185	7	139	8	115	9	187	10	193	11	128	12	116	13	120	14	145	15	100	16	143	17	114	18	186	19	184	20	118	21	197	22	191	23	183	24	156	25	170	26	102	27	125	28	190	29	112	
	0	140	1	145	2	135	3	193	4	103	5	128	6	159	7	172	8	151	9	162	10	115	11	167	12	156	13	129	14	192	15	147	16	168	17	144	18	193	19	106	20	161	21	133	22	169	23	114	24	166	25	120	26	138	27	192	28	103	29	164	
	0	101	1	123	2	142	3	177	4	106	5	186	6	178	7	124	8	183	9	162	10	164	11	154	12	144	13	116	14	109	15	119	16	199	17	180	18	115	19	148	20	163	21	190	22	101	23	177	24	127	25	194	26	138	27	141	28	161	29	157	
	0	120	1	199	2	160	3	194	4	146	5	197	6	183	7	143	8	141	9	116	10	131	11	140	12	155	13	156	14	125	15	114	16	178	17	112	18	174	19	146	20	197	21	102	22	181	23	157	24	184	25	107	26	139	27	143	28	182	29	141	
	0	145	1	189	2	107	3	158	4	173	5	144	6	136	7	162	8	194	9	172	10	157	11	142	12	148	13	166	14	137	15	155	16	193	17	193	18	145	19	171	20	119	21	120	22	107	23	122	24	106	25	105	26	181	27	161	28	121	29	171	
	0	139	1	192	2	165	3	123	4	162	5	165	6	107	7	125	8	127	9	123	10	187	11	121	12	132	13	181	14	165	15	112	16	118	17	124	18	180	19	188	20	197	21	151	22	178	23	149	24	197	25	157	26	164	27	184	28	145	29	178	
	0	102	1	146	2	129	3	195	4	139	5	168	6	148	7	153	8	195	9	173	10	124	11	116	12	150	13	106	14	136	15	197	16	191	17	155	18	198	19	183	20	181	21	180	22	110	23	106	24	122	25	178	26	142	27	102	28	117	29	156	
	0	186	1	138	2	166	3	142	4	119	5	166	6	194	7	164	8	169	9	152	10	119	11	193	12	111	13	191	14	135	15	162	16	188	17	169	18	113	19	198	20	180	21	131	22	174	23	177	24	188	25	103	26	147	27	121	28	135	29	194	
	0	143	1	169	2	106	3	172	4	159	5	173	6	114	7	184	8	105	9	167	10	153	11	163	12	167	13	140	14	123	15	149	16	154	17	150	18	184	19	195	20	132	21	134	22	129	23	164	24	153	25	139	26	187	27	113	28	166	29	189	
	0	195	1	157	2	100	3	177	4	159	5	130	6	168	7	130	8	194	9	182	10	181	11	161	12	185	13	146	14	130	15	122	16	189	17	185	18	111	19	194	20	117	21	122	22	110	23	101	24	164	25	135	26	180	27	161	28	164	29	166	
	0	162	1	143	2	180	3	190	4	137	5	114	6	131	7	143	8	134	9	165	10	122	11	191	12	195	13	157	14	131	15	105	16	192	17	199	18	189	19	132	20	105	21	150	22	161	23	138	24	154	25	133	26	122	27	152	28	141	29	125	
	0	141	1	153	2	135	3	125	4	164	5	193	6	102	7	157	8	153	9	119	10	163	11	103	12	119	13	124	14	165	15	124	16	189	17	117	18	122	19	160	20	178	21	121	22	198	23	177	24	154	25	163	26	145	27	146	28	159	29	190	
	0	125	1	121	2	188	3	106	4	114	5	149	6	199	7	139	8	147	9	166	10	154	11	106	12	155	13	171	14	185	15	117	16	144	17	146	18	118	19	128	20	191	21	180	22	133	23	182	24	160	25	129	26	163	27	145	28	189	29	162	
	0	147	1	129	2	116	3	146	4	156	5	144	6	118	7	130	8	162	9	180	10	168	11	185	12	128	13	128	14	132	15	169	16	151	17	164	18	100	19	115	20	186	21	187	22	147	23	128	24	158	25	107	26	105	27	144	28	132	29	132	
	0	126	1	183	2	133	3	186	4	190	5	103	6	157	7	133	8	176	9	173	10	133	11	163	12	197	13	125	14	136	15	133	16	197	17	109	18	130	19	104	20	165	21	103	22	161	23	195	24	163	25	186	26	176	27	117	28	115	29	174	
	0	153	1	124	2	179	3	148	4	134	5	121	6	183	7	146	8	159	9	144	10	135	11	189	12	184	13	117	14	194	15	192	16	111	17	181	18	119	19	188	20	178	21	103	22	111	23	121	24	107	25	186	26	151	27	176	28	112	29	135	
	0	175	1	197	2	142	3	109	4	168	5	141	6	193	7	137	8	119	9	157	10	103	11	145	12	104	13	122	14	134	15	197	16	118	17	192	18	136	19	116	20	176	21	133	22	134	23	137	24	141	25	194	26	141	27	134	28	141	29	105	
	0	177	1	114	2	121	3	111	4	183	5	199	6	194	7	123	8	171	9	167	10	105	11	185	12	183	13	156	14	158	15	180	16	104	17	124	18	107	19	121	20	163	21	114	22	160	23	188	24	195	25	127	26	141	27	146	28	177	29	145	
	0	171	1	106	2	185	3	110	4	185	5	186	6	149	7	114	8	148	9	117	10	160	11	198	12	187	13	166	14	189	15	149	16	145	17	140	18	166	19	141	20	199	21	185	22	180	23	135	24	177	25	158	26	188	27	113	28	153	29	177	
	0	133	1	149	2	113	3	102	4	121	5	182	6	155	7	172	8	187	9	130	10	102	11	135	12	115	13	167	14	167	15	139	16	164	17	136	18	198	19	173	20	171	21	101	22	195	23	162	24	115	25	159	26	186	27	154	28	163	29	182	
	0	179	1	166	2	144	3	116	4	182	5	113	6	152	7	170	8	143	9	177	10	149	11	151	12	109	13	194	14	165	15	117	16	191	17	113	18	132	19	157	20	100	21	103	22	156	23	111	24	116	25	185	26	101	27	195	28	116	29	144	
	0	138	1	198	2	125	3	110	4	110	5	140	6	158	7	147	8	124	9	152	10	101	11	119	12	139	13	158	14	181	15	109	16	106	17	121	18	189	19	169	20	185	21	184	22	160	23	114	24	188	25	192	26	112	27	118	28	116	29	133	
	0	177	1	112	2	169	3	183	4	136	5	189	6	168	7	107	8	118	9	173	10	110	11	185	12	156	13	152	14	117	15	141	16	140	17	104	18	149	19	147	20	190	21	104	22	140	23	197	24	116	25	115	26	176	27	167	28	152	29	121	
	0	150	1	166	2	145	3	107	4	117	5	126	6	101	7	123	8	156	9	143	10	145	11	126	12	193	13	123	14	194	15	161	16	115	17	185	18	101	19	135	20	111	21	106	22	198	23	137	24	147	25	160	26	147	27	133	28	176	29	153	
	0	180	1	177	2	134	3	130	4	139	5	156	6	146	7	121	8	138	9	191	10	128	11	123	12	100	13	106	14	155	15	114	16	153	17	110	18	106	19	198	20	109	21	179	22	124	23	150	24	121	25	182	26	144	27	134	28	171	29	176	
	0	123	1	138	2	192	3	176	4	144	5	106	6	139	7	127	8	108	9	184	10	104	11	155	12	170	13	178	14	146	15	101	16	197	17	129	18	174	19	155	20	132	21	169	22	162	23	194	24	111	25	188	26	131	27	197	28	186	29	169	
	0	152	1	169	2	139	3	101	4	171	5	120	6	128	7	156	8	125	9	197	10	166	11	166	12	182	13	145	14	180	15	162	16	171	17	104	18	158	19	169	20	170	21	183	22	103	23	168	24	163	25	187	26	105	27	148	28	116	29	188	
	0	121	1	150	2	130	3	155	4	173	5	178	6	123	7	166	8	159	9	169	10	118	11	177	12	157	13	136	14	186	15	194	16	193	17	158	18	196	19	198	20	120	21	105	22	171	23	179	24	182	25	164	26	117	27	195	28	118	29	121	
	0	172	1	147	2	113	3	181	4	178	5	138	6	132	7	166	8	139	9	137	10	191	11	194	12	194	13	167	14	188	15	181	16	159	17	133	18	197	19	193	20	164	21	107	22	120	23	146	24	166	25	115	26	105	27	142	28	139	29	104	
	0	101	1	199	2	134	3	104	4	194	5	191	6	180	7	174	8	130	9	173	10	114	11	162	12	158	13	153	14	132	15	111	16	112	17	186	18	121	19	144	20	133	21	109	22	192	23	140	24	145	25	184	26	119	27	171	28	136	29	188	
	0	106	1	153	2	135	3	191	4	132	5	137	6	116	7	154	8	103	9	148	10	172	11	102	12	166	13	134	14	131	15	144	16	112	17	150	18	113	19	143	20	127	21	161	22	151	23	129	24	151	25	160	26	116	27	173	28	118	29	159	
	0	156	1	172	2	193	3	126	4	168	5	125	6	112	7	175	8	180	9	123	10	187	11	167	12	165	13	198	14	181	15	199	16	102	17	181	18	187	19	171	20	102	21	115	22	118	23	189	24	125	25	121	26	137	27	151	28	129	29	188	
	0	110	1	122	2	123	3	196	4	176	5	152	6	107	7	136	8	168	9	194	10	125	11	183	12	128	13	183	14	122	15	112	16	176	17	117	18	187	19	134	20	180	21	142	22	121	23	198	24	119	25	128	26	118	27	125	28	187	29	109	
	0	179	1	159	2	161	3	173	4	143	5	150	6	176	7	122	8	117	9	109	10	130	11	150	12	175	13	156	14	163	15	133	16	183	17	125	18	135	19	162	20	102	21	173	22	199	23	199	24	111	25	181	26	148	27	185	28	130	29	125	
	0	192	1	127	2	127	3	190	4	153	5	188	6	147	7	168	8	192	9	116	10	150	11	167	12	127	13	167	14	126	15	136	16	120	17	144	18	123	19	100	20	158	21	168	22	152	23	184	24	153	25	135	26	147	27	155	28	126	29	126	
	0	193	1	125	2	141	3	192	4	165	5	162	6	120	7	199	8	163	9	108	10	145	11	158	12	149	13	143	14	115	15	160	16	162	17	125	18	114	19	172	20	191	21	198	22	189	23	180	24	111	25	114	26	174	27	157	28	179	29	178	
	0	129	1	149	2	115	3	121	4	161	5	108	6	176	7	147	8	196	9	121	10	183	11	165	12	114	13	129	14	171	15	152	16	198	17	110	18	115	19	189	20	141	21	109	22	119	23	158	24	100	25	114	26	101	27	126	28	156	29	182	
	0	135	1	163	2	193	3	139	4	125	5	137	6	152	7	104	8	173	9	176	10	119	11	127	12	140	13	118	14	115	15	192	16	191	17	119	18	144	19	181	20	130	21	130	22	102	23	160	24	138	25	149	26	119	27	142	28	101	29	186	
	0	113	1	180	2	145	3	156	4	178	5	120	6	177	7	145	8	163	9	175	10	152	11	173	12	151	13	193	14	188	15	173	16	193	17	139	18	183	19	179	20	129	21	164	22	190	23	122	24	144	25	196	26	141	27	190	28	141	29	115	
	0	135	1	105	2	177	3	101	4	155	5	125	6	128	7	107	8	149	9	109	10	101	11	161	12	168	13	172	14	133	15	147	16	161	17	165	18	191	19	159	20	104	21	181	22	181	23	153	24	159	25	155	26	191	27	117	28	104	29	178	
	0	100	1	146	2	124	3	118	4	119	5	116	6	182	7	165	8	174	9	133	10	156	11	153	12	191	13	102	14	126	15	106	16	189	17	149	18	162	19	106	20	134	21	107	22	141	23	157	24	151	25	166	26	105	27	147	28	196	29	160	
	0	170	1	193	2	174	3	175	4	198	5	175	6	139	7	138	8	161	9	101	10	154	11	158	12	146	13	117	14	180	15	147	16	190	17	197	18	127	19	154	20	135	21	123	22	149	23	199	24	192	25	150	26	137	27	160	28	156	29	177	
	0	182	1	152	2	128	3	170	4	145	5	110	6	111	7	199	8	142	9	194	10	109	11	140	12	126	13	106	14	123	15	126	16	117	17	119	18	103	19	101	20	111	21	171	22	180	23	166	24	197	25	123	26	146	27	152	28	125	29	146	
	0	112	1	120	2	150	3	109	4	154	5	133	6	183	7	195	8	137	9	122	10	147	11	132	12	198	13	159	14	120	15	145	16	104	17	134	18	145	19	194	20	146	21	149	22	184	23	108	24	189	25	106	26	184	27	112	28	130	29	156	
	0	192	1	126	2	173	3	110	4	123	5	195	6	155	7	151	8	105	9	141	10	174	11	188	12	143	13	156	14	155	15	169	16	170	17	126	18	131	19	170	20	112	21	144	22	143	23	114	24	152	25	149	26	183	27	115	28	141	29	189	
	0	186	1	170	2	187	3	118	4	188	5	194	6	126	7	199	8	176	9	160	10	111	11	153	12	141	13	181	14	165	15	147	16	141	17	191	18	113	19	142	20	150	21	126	22	155	23	170	24	193	25	156	26	117	27	121	28	108	29	173	
	0	129	1	114	2	107	3	181	4	136	5	167	6	116	7	188	8	125	9	144	10	101	11	199	12	101	13	111	14	118	15	160	16	121	17	191	18	139	19	168	20	165	21	169	22	120	23	103	24	185	25	123	26	125	27	193	28	125	29	158	
	0	138	1	172	2	114	3	163	4	124	5	101	6	120	7	153	8	141	9	156	10	123	11	114	12	165	13	172	14	123	15	142	16	138	17	187	18	140	19	119	20	107	21	141	22	186	23	179	24	141	25	103	26	102	27	112	28	163	29	168	
	0	122	1	190	2	152	3	188	4	120	5	169	6	183	7	159	8	103	9	108	10	131	11	133	12	101	13	101	14	173	15	160	16	181	17	160	18	167	19	149	20	161	21	188	22	123	23	157	24	100	25	112	26	133	27	131	28	127	29	183	
	0	110	1	119	2	109	3	174	4	146	5	197	6	154	7	163	8	177	9	103	10	181	11	195	12	166	13	101	14	178	15	130	16	176	17	131	18	111	19	179	20	195	21	126	22	113	23	120	24	131	25	149	26	163	27	195	28	161	29	196	
	0	135	1	150	2	159	3	110	4	163	5	161	6	124	7	163	8	192	9	110	10	189	11	164	12	141	13	119	14	195	15	123	16	155	17	196	18	151	19	132	20	132	21	152	22	105	23	159	24	123	25	102	26	153	27	173	28	131	29	125	