200 50 1
50
	0	193	1	170	2	170	3	162	4	116	5	196	6	193	7	128	8	134	9	133	10	171	11	121	12	167	13	133	14	149	15	127	16	199	17	190	18	172	19	174	20	117	21	115	22	105	23	175	24	178	25	131	26	130	27	138	28	170	29	151	30	134	31	164	32	127	33	150	34	170	35	162	36	135	37	166	38	164	39	113	40	171	41	169	42	149	43	191	44	130	45	168	46	180	47	196	48	154	49	173	
	0	122	1	166	2	144	3	128	4	157	5	131	6	139	7	150	8	185	9	132	10	111	11	129	12	117	13	164	14	149	15	152	16	171	17	139	18	118	19	167	20	135	21	153	22	110	23	149	24	190	25	199	26	114	27	122	28	132	29	119	30	169	31	180	32	103	33	153	34	124	35	117	36	103	37	171	38	101	39	154	40	128	41	187	42	107	43	156	44	199	45	196	46	197	47	160	48	166	49	121	
	0	160	1	115	2	158	3	154	4	131	5	171	6	130	7	117	8	182	9	148	10	141	11	182	12	147	13	130	14	136	15	192	16	170	17	196	18	100	19	171	20	138	21	196	22	124	23	130	24	193	25	117	26	148	27	189	28	105	29	110	30	194	31	121	32	118	33	153	34	148	35	193	36	186	37	188	38	111	39	133	40	127	41	161	42	115	43	143	44	172	45	133	46	141	47	149	48	149	49	166	
	0	154	1	126	2	132	3	130	4	173	5	185	6	122	7	144	8	124	9	135	10	167	11	199	12	111	13	166	14	196	15	197	16	135	17	114	18	139	19	101	20	127	21	100	22	129	23	182	24	142	25	107	26	136	27	112	28	121	29	114	30	186	31	158	32	118	33	181	34	166	35	149	36	105	37	180	38	190	39	132	40	155	41	118	42	115	43	177	44	194	45	144	46	154	47	148	48	142	49	160	
	0	135	1	172	2	114	3	161	4	188	5	106	6	114	7	169	8	199	9	195	10	128	11	195	12	165	13	186	14	180	15	180	16	124	17	178	18	183	19	112	20	136	21	145	22	161	23	154	24	199	25	197	26	111	27	171	28	111	29	170	30	136	31	133	32	121	33	111	34	167	35	121	36	107	37	110	38	190	39	103	40	117	41	189	42	182	43	102	44	161	45	198	46	112	47	123	48	155	49	107	
	0	140	1	144	2	169	3	148	4	165	5	158	6	144	7	179	8	193	9	192	10	171	11	138	12	195	13	171	14	108	15	184	16	158	17	166	18	158	19	165	20	180	21	167	22	171	23	128	24	156	25	181	26	183	27	139	28	122	29	185	30	181	31	174	32	122	33	152	34	113	35	181	36	197	37	119	38	171	39	136	40	108	41	182	42	188	43	149	44	141	45	107	46	102	47	184	48	164	49	142	
	0	135	1	184	2	146	3	158	4	195	5	103	6	138	7	143	8	195	9	156	10	126	11	160	12	140	13	149	14	173	15	145	16	127	17	171	18	167	19	113	20	175	21	114	22	140	23	197	24	196	25	162	26	159	27	101	28	191	29	180	30	112	31	189	32	180	33	143	34	193	35	180	36	199	37	106	38	143	39	177	40	140	41	178	42	159	43	102	44	154	45	134	46	123	47	154	48	160	49	179	
	0	164	1	164	2	176	3	103	4	131	5	126	6	184	7	190	8	161	9	148	10	169	11	191	12	122	13	161	14	174	15	165	16	134	17	109	18	122	19	173	20	167	21	105	22	156	23	133	24	111	25	132	26	193	27	171	28	183	29	179	30	124	31	120	32	100	33	187	34	134	35	113	36	150	37	168	38	143	39	168	40	139	41	105	42	125	43	104	44	179	45	140	46	188	47	194	48	115	49	172	
	0	144	1	120	2	122	3	149	4	120	5	120	6	100	7	170	8	112	9	154	10	102	11	156	12	126	13	199	14	123	15	143	16	173	17	138	18	155	19	191	20	106	21	137	22	189	23	153	24	156	25	161	26	146	27	193	28	187	29	179	30	193	31	178	32	146	33	147	34	133	35	169	36	167	37	111	38	184	39	163	40	171	41	149	42	174	43	146	44	107	45	151	46	105	47	172	48	181	49	188	
	0	173	1	107	2	197	3	100	4	131	5	181	6	141	7	112	8	100	9	196	10	119	11	192	12	160	13	119	14	190	15	134	16	148	17	143	18	159	19	167	20	137	21	188	22	155	23	174	24	151	25	124	26	122	27	137	28	178	29	182	30	159	31	169	32	165	33	117	34	135	35	134	36	129	37	188	38	112	39	127	40	120	41	158	42	179	43	104	44	119	45	147	46	122	47	185	48	122	49	121	
	0	148	1	152	2	172	3	109	4	154	5	140	6	119	7	198	8	121	9	172	10	146	11	169	12	158	13	135	14	162	15	176	16	101	17	178	18	110	19	120	20	105	21	113	22	103	23	138	24	176	25	155	26	124	27	141	28	153	29	132	30	111	31	182	32	184	33	161	34	149	35	154	36	102	37	135	38	129	39	145	40	185	41	181	42	193	43	196	44	149	45	168	46	140	47	188	48	147	49	141	
	0	112	1	179	2	132	3	106	4	104	5	184	6	130	7	187	8	138	9	110	10	126	11	187	12	136	13	103	14	145	15	139	16	100	17	103	18	126	19	102	20	110	21	192	22	101	23	152	24	182	25	104	26	150	27	143	28	124	29	178	30	168	31	166	32	149	33	151	34	174	35	125	36	131	37	157	38	100	39	189	40	132	41	114	42	112	43	198	44	168	45	182	46	155	47	129	48	145	49	175	
	0	198	1	171	2	140	3	195	4	143	5	120	6	187	7	173	8	121	9	135	10	153	11	105	12	189	13	174	14	147	15	172	16	193	17	116	18	169	19	171	20	159	21	100	22	160	23	177	24	104	25	150	26	159	27	181	28	143	29	188	30	100	31	107	32	154	33	153	34	123	35	102	36	156	37	141	38	162	39	123	40	168	41	174	42	104	43	145	44	137	45	113	46	192	47	156	48	119	49	142	
	0	177	1	128	2	155	3	189	4	192	5	123	6	191	7	177	8	130	9	115	10	133	11	155	12	189	13	119	14	166	15	196	16	138	17	158	18	135	19	192	20	109	21	165	22	172	23	167	24	164	25	102	26	190	27	190	28	117	29	105	30	155	31	107	32	136	33	116	34	143	35	155	36	142	37	103	38	154	39	168	40	172	41	121	42	161	43	123	44	179	45	103	46	175	47	148	48	161	49	106	
	0	146	1	169	2	122	3	137	4	126	5	145	6	114	7	165	8	114	9	106	10	134	11	196	12	109	13	155	14	173	15	193	16	180	17	111	18	112	19	198	20	131	21	183	22	122	23	154	24	186	25	163	26	156	27	166	28	183	29	165	30	177	31	114	32	158	33	115	34	178	35	193	36	189	37	110	38	156	39	137	40	165	41	112	42	159	43	137	44	181	45	130	46	180	47	105	48	186	49	120	
	0	115	1	156	2	192	3	163	4	195	5	182	6	149	7	116	8	162	9	158	10	104	11	103	12	133	13	123	14	130	15	186	16	109	17	134	18	149	19	145	20	197	21	122	22	101	23	136	24	180	25	152	26	151	27	104	28	102	29	163	30	152	31	192	32	131	33	153	34	136	35	194	36	144	37	109	38	174	39	109	40	147	41	181	42	169	43	190	44	197	45	191	46	172	47	104	48	175	49	171	
	0	122	1	114	2	103	3	196	4	135	5	131	6	181	7	192	8	156	9	141	10	182	11	168	12	127	13	155	14	164	15	193	16	180	17	173	18	128	19	172	20	104	21	179	22	121	23	187	24	102	25	122	26	166	27	177	28	177	29	186	30	104	31	106	32	132	33	133	34	126	35	104	36	162	37	125	38	193	39	122	40	159	41	117	42	120	43	110	44	107	45	154	46	165	47	139	48	166	49	181	
	0	151	1	146	2	100	3	134	4	117	5	126	6	136	7	119	8	107	9	170	10	152	11	130	12	199	13	181	14	143	15	106	16	170	17	157	18	120	19	157	20	110	21	174	22	127	23	164	24	181	25	135	26	187	27	164	28	192	29	128	30	199	31	192	32	118	33	159	34	101	35	185	36	199	37	160	38	153	39	125	40	173	41	152	42	186	43	120	44	158	45	137	46	120	47	173	48	136	49	128	
	0	182	1	168	2	127	3	140	4	106	5	190	6	189	7	107	8	180	9	194	10	116	11	104	12	112	13	116	14	148	15	107	16	165	17	132	18	155	19	183	20	139	21	136	22	183	23	162	24	131	25	167	26	196	27	166	28	190	29	122	30	127	31	103	32	180	33	157	34	195	35	128	36	116	37	107	38	139	39	172	40	190	41	148	42	108	43	198	44	104	45	191	46	173	47	199	48	169	49	136	
	0	165	1	169	2	112	3	160	4	182	5	136	6	114	7	148	8	104	9	147	10	185	11	169	12	116	13	164	14	101	15	177	16	155	17	149	18	179	19	151	20	171	21	144	22	152	23	165	24	134	25	184	26	171	27	143	28	186	29	190	30	132	31	133	32	101	33	118	34	114	35	165	36	177	37	198	38	128	39	171	40	140	41	141	42	189	43	150	44	106	45	126	46	178	47	111	48	176	49	128	
	0	116	1	198	2	158	3	166	4	139	5	186	6	136	7	160	8	185	9	134	10	159	11	189	12	152	13	102	14	110	15	172	16	156	17	155	18	180	19	149	20	189	21	178	22	118	23	112	24	142	25	173	26	154	27	182	28	198	29	156	30	128	31	189	32	160	33	117	34	187	35	191	36	114	37	142	38	147	39	123	40	138	41	106	42	134	43	106	44	118	45	195	46	142	47	189	48	110	49	135	
	0	148	1	124	2	164	3	144	4	127	5	160	6	136	7	142	8	139	9	118	10	102	11	140	12	112	13	168	14	138	15	186	16	182	17	173	18	118	19	161	20	115	21	113	22	131	23	162	24	134	25	199	26	173	27	170	28	135	29	186	30	197	31	199	32	116	33	111	34	142	35	139	36	195	37	133	38	148	39	141	40	197	41	108	42	106	43	178	44	124	45	148	46	138	47	182	48	144	49	190	
	0	143	1	117	2	117	3	149	4	110	5	141	6	112	7	179	8	127	9	112	10	155	11	139	12	131	13	164	14	140	15	159	16	159	17	107	18	190	19	194	20	148	21	130	22	153	23	136	24	158	25	182	26	120	27	123	28	132	29	141	30	196	31	142	32	193	33	119	34	134	35	137	36	173	37	153	38	114	39	163	40	101	41	100	42	156	43	148	44	122	45	178	46	169	47	155	48	110	49	101	
	0	196	1	125	2	182	3	118	4	142	5	152	6	121	7	161	8	175	9	131	10	180	11	140	12	155	13	135	14	183	15	162	16	129	17	167	18	199	19	125	20	168	21	121	22	170	23	175	24	131	25	168	26	101	27	158	28	139	29	175	30	128	31	177	32	113	33	176	34	105	35	167	36	173	37	174	38	199	39	199	40	187	41	168	42	150	43	189	44	136	45	135	46	126	47	119	48	165	49	184	
	0	172	1	172	2	104	3	187	4	152	5	112	6	133	7	192	8	180	9	122	10	185	11	100	12	193	13	114	14	193	15	163	16	137	17	114	18	101	19	125	20	130	21	191	22	115	23	128	24	115	25	162	26	199	27	105	28	149	29	133	30	126	31	155	32	112	33	104	34	197	35	173	36	176	37	160	38	188	39	112	40	143	41	104	42	131	43	184	44	108	45	164	46	171	47	156	48	131	49	155	
	0	146	1	114	2	160	3	169	4	130	5	109	6	110	7	133	8	173	9	170	10	161	11	110	12	107	13	194	14	143	15	152	16	116	17	101	18	125	19	162	20	145	21	180	22	182	23	178	24	157	25	157	26	166	27	109	28	189	29	105	30	113	31	127	32	125	33	140	34	162	35	118	36	153	37	161	38	174	39	139	40	173	41	156	42	142	43	154	44	126	45	191	46	142	47	168	48	147	49	141	
	0	176	1	116	2	131	3	136	4	105	5	102	6	172	7	131	8	115	9	178	10	181	11	175	12	173	13	128	14	173	15	107	16	163	17	130	18	129	19	134	20	161	21	113	22	148	23	117	24	172	25	114	26	161	27	159	28	112	29	168	30	130	31	160	32	133	33	146	34	136	35	151	36	181	37	118	38	192	39	176	40	126	41	165	42	145	43	154	44	185	45	183	46	199	47	171	48	128	49	152	
	0	108	1	128	2	159	3	181	4	113	5	180	6	162	7	161	8	126	9	170	10	172	11	136	12	155	13	171	14	151	15	125	16	127	17	130	18	169	19	144	20	187	21	158	22	112	23	142	24	199	25	134	26	187	27	197	28	198	29	152	30	157	31	189	32	167	33	105	34	194	35	101	36	173	37	122	38	152	39	180	40	147	41	111	42	104	43	104	44	197	45	108	46	163	47	108	48	131	49	133	
	0	137	1	194	2	124	3	160	4	137	5	180	6	172	7	151	8	126	9	132	10	126	11	171	12	105	13	132	14	174	15	123	16	151	17	136	18	175	19	130	20	108	21	103	22	149	23	196	24	192	25	172	26	185	27	153	28	185	29	116	30	190	31	192	32	105	33	198	34	104	35	183	36	184	37	188	38	148	39	100	40	111	41	102	42	120	43	111	44	117	45	186	46	141	47	199	48	171	49	185	
	0	151	1	180	2	152	3	189	4	140	5	123	6	154	7	148	8	117	9	162	10	124	11	173	12	194	13	166	14	125	15	178	16	145	17	153	18	122	19	161	20	131	21	174	22	144	23	125	24	119	25	101	26	149	27	194	28	196	29	105	30	105	31	114	32	138	33	100	34	125	35	158	36	176	37	193	38	119	39	100	40	177	41	121	42	185	43	198	44	196	45	188	46	197	47	128	48	123	49	172	
	0	122	1	140	2	109	3	157	4	163	5	195	6	108	7	107	8	108	9	197	10	167	11	125	12	105	13	154	14	199	15	115	16	194	17	123	18	173	19	154	20	196	21	120	22	168	23	196	24	100	25	168	26	169	27	186	28	174	29	123	30	197	31	184	32	162	33	177	34	102	35	152	36	138	37	118	38	142	39	127	40	195	41	134	42	185	43	146	44	179	45	132	46	106	47	116	48	152	49	164	
	0	162	1	161	2	100	3	124	4	170	5	146	6	120	7	102	8	183	9	160	10	183	11	103	12	143	13	159	14	191	15	122	16	153	17	121	18	143	19	104	20	141	21	165	22	150	23	150	24	168	25	125	26	175	27	178	28	140	29	151	30	179	31	160	32	101	33	135	34	195	35	164	36	107	37	100	38	198	39	136	40	171	41	126	42	199	43	195	44	177	45	159	46	152	47	114	48	156	49	138	
	0	149	1	192	2	130	3	123	4	160	5	177	6	114	7	174	8	166	9	119	10	185	11	156	12	170	13	160	14	189	15	104	16	161	17	184	18	133	19	140	20	158	21	184	22	181	23	171	24	192	25	129	26	140	27	139	28	131	29	183	30	117	31	124	32	112	33	157	34	141	35	127	36	110	37	118	38	169	39	181	40	130	41	139	42	103	43	108	44	130	45	163	46	173	47	100	48	138	49	188	
	0	133	1	192	2	147	3	147	4	196	5	172	6	118	7	160	8	108	9	144	10	169	11	165	12	158	13	142	14	149	15	125	16	160	17	148	18	108	19	125	20	107	21	141	22	141	23	121	24	157	25	110	26	119	27	138	28	118	29	127	30	166	31	101	32	145	33	183	34	122	35	148	36	106	37	125	38	123	39	152	40	128	41	100	42	185	43	177	44	161	45	162	46	106	47	155	48	137	49	183	
	0	145	1	159	2	193	3	132	4	178	5	139	6	140	7	142	8	168	9	196	10	117	11	176	12	170	13	133	14	100	15	102	16	119	17	108	18	142	19	142	20	156	21	177	22	168	23	185	24	169	25	107	26	151	27	142	28	117	29	179	30	144	31	118	32	182	33	108	34	155	35	148	36	109	37	196	38	134	39	165	40	106	41	110	42	160	43	136	44	157	45	149	46	163	47	116	48	121	49	126	
	0	107	1	198	2	102	3	103	4	157	5	158	6	150	7	106	8	113	9	139	10	100	11	120	12	136	13	103	14	119	15	127	16	181	17	162	18	102	19	144	20	102	21	178	22	141	23	191	24	196	25	195	26	159	27	185	28	113	29	109	30	133	31	120	32	187	33	167	34	144	35	166	36	126	37	108	38	107	39	155	40	141	41	181	42	197	43	156	44	125	45	157	46	195	47	193	48	131	49	129	
	0	193	1	135	2	117	3	161	4	116	5	192	6	157	7	101	8	132	9	130	10	123	11	117	12	123	13	118	14	132	15	179	16	126	17	122	18	147	19	110	20	122	21	177	22	104	23	100	24	100	25	162	26	100	27	189	28	119	29	189	30	177	31	191	32	143	33	169	34	130	35	111	36	116	37	189	38	167	39	173	40	164	41	178	42	115	43	189	44	126	45	109	46	187	47	139	48	184	49	183	
	0	161	1	164	2	184	3	124	4	109	5	103	6	111	7	158	8	148	9	150	10	178	11	171	12	146	13	118	14	199	15	182	16	162	17	182	18	188	19	137	20	174	21	185	22	163	23	123	24	132	25	184	26	195	27	144	28	148	29	166	30	162	31	189	32	171	33	134	34	108	35	122	36	142	37	199	38	119	39	136	40	193	41	140	42	190	43	113	44	160	45	131	46	136	47	198	48	152	49	124	
	0	134	1	136	2	153	3	131	4	178	5	123	6	111	7	198	8	121	9	148	10	140	11	174	12	180	13	156	14	166	15	109	16	127	17	112	18	166	19	140	20	125	21	172	22	172	23	163	24	108	25	192	26	118	27	190	28	176	29	193	30	164	31	193	32	148	33	195	34	102	35	132	36	199	37	183	38	103	39	143	40	125	41	173	42	192	43	197	44	159	45	116	46	105	47	176	48	161	49	133	
	0	176	1	150	2	151	3	186	4	185	5	176	6	143	7	119	8	111	9	110	10	163	11	151	12	155	13	171	14	182	15	190	16	187	17	103	18	168	19	184	20	125	21	184	22	123	23	130	24	143	25	188	26	194	27	185	28	189	29	123	30	109	31	178	32	190	33	104	34	199	35	194	36	122	37	130	38	129	39	163	40	160	41	157	42	163	43	161	44	108	45	108	46	161	47	128	48	190	49	178	
	0	100	1	164	2	159	3	136	4	135	5	196	6	112	7	170	8	165	9	159	10	189	11	130	12	164	13	102	14	174	15	132	16	132	17	184	18	178	19	173	20	103	21	171	22	117	23	157	24	157	25	169	26	160	27	199	28	121	29	197	30	157	31	187	32	187	33	197	34	144	35	132	36	108	37	154	38	135	39	173	40	124	41	158	42	169	43	162	44	114	45	199	46	106	47	104	48	127	49	148	
	0	182	1	185	2	192	3	121	4	183	5	195	6	170	7	112	8	170	9	104	10	146	11	186	12	105	13	103	14	177	15	138	16	149	17	122	18	155	19	116	20	135	21	191	22	119	23	131	24	150	25	138	26	143	27	129	28	180	29	157	30	122	31	190	32	128	33	119	34	190	35	169	36	160	37	183	38	149	39	162	40	159	41	164	42	131	43	127	44	119	45	174	46	143	47	102	48	113	49	124	
	0	151	1	171	2	186	3	153	4	198	5	168	6	191	7	155	8	130	9	181	10	105	11	170	12	106	13	138	14	159	15	182	16	166	17	104	18	101	19	100	20	198	21	104	22	193	23	114	24	141	25	107	26	149	27	175	28	199	29	103	30	133	31	133	32	177	33	163	34	194	35	167	36	102	37	178	38	188	39	147	40	111	41	150	42	173	43	145	44	100	45	173	46	100	47	174	48	151	49	165	
	0	153	1	107	2	141	3	168	4	115	5	198	6	159	7	119	8	124	9	172	10	191	11	196	12	196	13	198	14	145	15	151	16	113	17	197	18	137	19	161	20	110	21	128	22	128	23	137	24	188	25	196	26	111	27	125	28	110	29	108	30	103	31	193	32	154	33	100	34	150	35	147	36	174	37	153	38	102	39	110	40	144	41	175	42	154	43	120	44	158	45	197	46	167	47	104	48	161	49	138	
	0	189	1	142	2	133	3	141	4	123	5	102	6	178	7	128	8	115	9	187	10	118	11	147	12	111	13	124	14	151	15	163	16	109	17	174	18	136	19	170	20	150	21	189	22	148	23	113	24	120	25	141	26	100	27	180	28	134	29	157	30	139	31	179	32	157	33	127	34	128	35	131	36	192	37	176	38	122	39	125	40	180	41	127	42	131	43	163	44	162	45	121	46	199	47	132	48	175	49	179	
	0	197	1	149	2	143	3	167	4	162	5	157	6	177	7	198	8	133	9	123	10	167	11	127	12	111	13	144	14	133	15	146	16	195	17	173	18	140	19	183	20	110	21	198	22	118	23	182	24	185	25	176	26	173	27	117	28	164	29	190	30	131	31	103	32	148	33	194	34	120	35	109	36	157	37	157	38	174	39	195	40	154	41	124	42	125	43	126	44	137	45	129	46	165	47	169	48	134	49	131	
	0	175	1	145	2	196	3	177	4	162	5	158	6	157	7	155	8	156	9	123	10	156	11	130	12	100	13	155	14	109	15	194	16	102	17	182	18	156	19	119	20	193	21	108	22	178	23	197	24	197	25	132	26	173	27	126	28	146	29	173	30	190	31	161	32	105	33	155	34	122	35	132	36	130	37	144	38	118	39	143	40	110	41	155	42	133	43	116	44	192	45	157	46	125	47	120	48	148	49	143	
	0	152	1	112	2	112	3	132	4	165	5	117	6	147	7	124	8	115	9	174	10	139	11	123	12	163	13	111	14	189	15	159	16	110	17	112	18	188	19	145	20	169	21	112	22	105	23	179	24	165	25	180	26	151	27	151	28	123	29	100	30	115	31	184	32	154	33	164	34	174	35	137	36	156	37	197	38	190	39	192	40	110	41	170	42	195	43	102	44	191	45	154	46	136	47	109	48	105	49	160	
	0	195	1	127	2	189	3	127	4	182	5	168	6	129	7	133	8	195	9	179	10	159	11	147	12	139	13	184	14	108	15	122	16	155	17	114	18	170	19	143	20	123	21	152	22	128	23	194	24	192	25	101	26	165	27	157	28	150	29	108	30	104	31	126	32	139	33	164	34	131	35	195	36	100	37	192	38	165	39	177	40	113	41	131	42	114	43	167	44	107	45	127	46	155	47	160	48	195	49	187	
	0	124	1	157	2	194	3	161	4	167	5	138	6	169	7	186	8	106	9	157	10	122	11	149	12	169	13	176	14	176	15	130	16	133	17	176	18	193	19	151	20	105	21	102	22	198	23	174	24	160	25	106	26	128	27	122	28	199	29	160	30	170	31	124	32	165	33	163	34	162	35	131	36	101	37	105	38	130	39	135	40	176	41	165	42	185	43	111	44	125	45	195	46	187	47	167	48	170	49	178	
	0	185	1	153	2	125	3	105	4	125	5	179	6	163	7	120	8	130	9	109	10	112	11	179	12	125	13	141	14	173	15	163	16	104	17	165	18	108	19	180	20	148	21	126	22	155	23	161	24	103	25	139	26	168	27	183	28	190	29	149	30	171	31	106	32	102	33	124	34	160	35	189	36	134	37	196	38	189	39	155	40	133	41	119	42	110	43	140	44	194	45	166	46	133	47	103	48	112	49	128	
	0	109	1	187	2	193	3	146	4	178	5	193	6	111	7	109	8	129	9	140	10	143	11	138	12	130	13	103	14	198	15	187	16	196	17	176	18	109	19	180	20	114	21	149	22	188	23	149	24	105	25	117	26	107	27	199	28	109	29	138	30	137	31	139	32	136	33	142	34	143	35	182	36	133	37	197	38	122	39	115	40	158	41	109	42	125	43	176	44	135	45	145	46	137	47	148	48	124	49	164	
	0	138	1	142	2	149	3	162	4	175	5	142	6	188	7	136	8	147	9	181	10	151	11	165	12	120	13	106	14	173	15	189	16	137	17	160	18	184	19	122	20	107	21	176	22	118	23	147	24	172	25	161	26	133	27	177	28	177	29	151	30	171	31	182	32	194	33	128	34	186	35	176	36	156	37	178	38	185	39	122	40	166	41	162	42	165	43	158	44	177	45	183	46	128	47	163	48	195	49	147	
	0	160	1	147	2	147	3	138	4	196	5	150	6	140	7	176	8	116	9	146	10	148	11	165	12	194	13	154	14	187	15	109	16	134	17	189	18	149	19	155	20	178	21	119	22	160	23	159	24	191	25	131	26	163	27	195	28	161	29	125	30	149	31	155	32	125	33	169	34	170	35	101	36	126	37	162	38	117	39	140	40	153	41	140	42	118	43	162	44	154	45	155	46	179	47	145	48	176	49	168	
	0	110	1	102	2	129	3	187	4	126	5	192	6	108	7	127	8	135	9	129	10	160	11	187	12	127	13	108	14	166	15	114	16	196	17	142	18	118	19	146	20	172	21	167	22	175	23	111	24	132	25	193	26	145	27	118	28	145	29	124	30	193	31	105	32	133	33	134	34	148	35	197	36	142	37	141	38	148	39	107	40	125	41	106	42	172	43	169	44	150	45	110	46	163	47	160	48	120	49	173	
	0	121	1	132	2	187	3	144	4	114	5	156	6	170	7	150	8	156	9	100	10	117	11	158	12	188	13	125	14	192	15	105	16	116	17	142	18	186	19	131	20	180	21	158	22	168	23	129	24	163	25	155	26	184	27	185	28	113	29	167	30	119	31	177	32	119	33	110	34	152	35	167	36	103	37	186	38	164	39	182	40	143	41	126	42	187	43	119	44	165	45	139	46	127	47	195	48	153	49	134	
	0	121	1	196	2	119	3	100	4	165	5	123	6	155	7	124	8	199	9	156	10	199	11	133	12	172	13	187	14	176	15	124	16	110	17	151	18	125	19	149	20	113	21	181	22	178	23	171	24	107	25	131	26	197	27	171	28	107	29	133	30	147	31	137	32	163	33	173	34	125	35	117	36	107	37	139	38	145	39	133	40	150	41	157	42	161	43	124	44	164	45	154	46	156	47	120	48	141	49	198	
	0	161	1	101	2	106	3	186	4	121	5	102	6	122	7	186	8	159	9	117	10	140	11	170	12	182	13	166	14	124	15	163	16	159	17	178	18	116	19	103	20	114	21	122	22	101	23	119	24	116	25	143	26	119	27	142	28	143	29	100	30	190	31	127	32	106	33	163	34	163	35	118	36	139	37	142	38	163	39	132	40	172	41	118	42	110	43	143	44	102	45	199	46	140	47	168	48	113	49	190	
	0	106	1	127	2	156	3	174	4	116	5	103	6	164	7	134	8	184	9	177	10	149	11	122	12	119	13	166	14	173	15	142	16	151	17	100	18	130	19	184	20	129	21	181	22	111	23	189	24	152	25	108	26	147	27	182	28	164	29	134	30	137	31	137	32	117	33	180	34	156	35	195	36	152	37	147	38	155	39	166	40	176	41	192	42	145	43	196	44	133	45	131	46	161	47	183	48	147	49	129	
	0	132	1	148	2	170	3	189	4	108	5	186	6	179	7	144	8	128	9	192	10	194	11	115	12	125	13	103	14	102	15	146	16	134	17	139	18	175	19	172	20	155	21	138	22	163	23	170	24	157	25	158	26	197	27	130	28	178	29	124	30	114	31	148	32	187	33	145	34	162	35	100	36	144	37	150	38	171	39	135	40	111	41	124	42	180	43	181	44	157	45	129	46	153	47	104	48	174	49	183	
	0	167	1	102	2	144	3	198	4	149	5	160	6	175	7	126	8	194	9	123	10	161	11	107	12	173	13	182	14	129	15	180	16	179	17	170	18	170	19	180	20	127	21	174	22	130	23	156	24	157	25	134	26	120	27	106	28	178	29	106	30	100	31	115	32	155	33	165	34	177	35	151	36	113	37	177	38	165	39	186	40	128	41	106	42	105	43	123	44	148	45	102	46	195	47	126	48	114	49	107	
	0	159	1	128	2	176	3	133	4	138	5	150	6	101	7	120	8	190	9	151	10	104	11	161	12	167	13	182	14	195	15	193	16	186	17	136	18	143	19	103	20	117	21	151	22	163	23	155	24	146	25	105	26	135	27	105	28	110	29	164	30	196	31	127	32	154	33	138	34	157	35	123	36	180	37	179	38	173	39	149	40	188	41	166	42	100	43	173	44	185	45	165	46	155	47	138	48	136	49	125	
	0	121	1	154	2	176	3	185	4	148	5	130	6	101	7	135	8	117	9	198	10	120	11	173	12	196	13	191	14	151	15	191	16	104	17	113	18	118	19	147	20	123	21	103	22	185	23	145	24	157	25	185	26	140	27	188	28	180	29	137	30	170	31	134	32	153	33	115	34	170	35	144	36	141	37	144	38	198	39	167	40	147	41	170	42	134	43	164	44	142	45	197	46	107	47	150	48	190	49	178	
	0	125	1	121	2	193	3	173	4	142	5	187	6	156	7	126	8	186	9	179	10	136	11	188	12	157	13	100	14	163	15	161	16	123	17	195	18	164	19	111	20	180	21	185	22	172	23	165	24	135	25	160	26	118	27	162	28	189	29	159	30	154	31	122	32	121	33	118	34	129	35	110	36	110	37	177	38	185	39	163	40	117	41	154	42	145	43	144	44	135	45	173	46	161	47	121	48	143	49	131	
	0	104	1	136	2	199	3	171	4	177	5	182	6	113	7	146	8	172	9	163	10	162	11	111	12	102	13	123	14	194	15	159	16	189	17	120	18	193	19	173	20	128	21	165	22	178	23	196	24	194	25	198	26	163	27	180	28	189	29	175	30	186	31	152	32	109	33	183	34	123	35	151	36	166	37	181	38	123	39	142	40	152	41	190	42	109	43	133	44	163	45	150	46	151	47	189	48	104	49	166	
	0	188	1	149	2	184	3	111	4	153	5	119	6	183	7	180	8	155	9	194	10	191	11	142	12	104	13	194	14	103	15	156	16	137	17	116	18	171	19	127	20	148	21	103	22	163	23	192	24	130	25	117	26	168	27	110	28	150	29	131	30	143	31	120	32	174	33	165	34	189	35	158	36	194	37	125	38	120	39	136	40	111	41	125	42	157	43	143	44	185	45	105	46	118	47	140	48	157	49	107	
	0	147	1	124	2	198	3	147	4	192	5	122	6	198	7	175	8	126	9	105	10	190	11	152	12	132	13	161	14	132	15	107	16	173	17	113	18	121	19	138	20	113	21	120	22	171	23	132	24	185	25	113	26	192	27	124	28	147	29	157	30	194	31	123	32	186	33	143	34	171	35	100	36	154	37	166	38	113	39	108	40	129	41	135	42	194	43	115	44	172	45	143	46	185	47	141	48	158	49	117	
	0	158	1	192	2	198	3	189	4	140	5	187	6	135	7	188	8	119	9	176	10	152	11	192	12	124	13	164	14	138	15	197	16	181	17	123	18	123	19	190	20	137	21	127	22	149	23	145	24	160	25	189	26	120	27	137	28	133	29	178	30	109	31	118	32	157	33	185	34	196	35	172	36	166	37	127	38	132	39	189	40	156	41	153	42	187	43	130	44	163	45	130	46	165	47	193	48	110	49	116	
	0	107	1	144	2	120	3	124	4	169	5	178	6	142	7	146	8	199	9	151	10	185	11	127	12	177	13	115	14	194	15	194	16	150	17	176	18	128	19	139	20	120	21	180	22	128	23	143	24	199	25	145	26	188	27	197	28	128	29	108	30	135	31	138	32	124	33	166	34	150	35	159	36	150	37	127	38	149	39	173	40	189	41	185	42	180	43	146	44	115	45	148	46	112	47	159	48	112	49	120	
	0	162	1	195	2	119	3	172	4	135	5	145	6	124	7	183	8	127	9	170	10	174	11	109	12	112	13	114	14	175	15	171	16	106	17	129	18	191	19	116	20	185	21	104	22	150	23	195	24	135	25	113	26	179	27	198	28	129	29	168	30	194	31	158	32	180	33	179	34	116	35	114	36	165	37	137	38	122	39	174	40	187	41	104	42	112	43	121	44	189	45	152	46	161	47	138	48	172	49	157	
	0	173	1	116	2	146	3	141	4	162	5	109	6	173	7	184	8	116	9	133	10	135	11	164	12	112	13	124	14	159	15	100	16	184	17	153	18	166	19	181	20	153	21	136	22	144	23	100	24	114	25	187	26	134	27	112	28	141	29	157	30	165	31	136	32	184	33	123	34	112	35	181	36	154	37	187	38	142	39	193	40	103	41	120	42	183	43	165	44	118	45	180	46	143	47	189	48	167	49	158	
	0	182	1	137	2	186	3	175	4	147	5	161	6	155	7	160	8	134	9	158	10	151	11	190	12	120	13	108	14	183	15	163	16	147	17	167	18	136	19	197	20	171	21	182	22	136	23	135	24	141	25	137	26	109	27	125	28	183	29	102	30	144	31	105	32	101	33	139	34	116	35	113	36	147	37	142	38	132	39	159	40	127	41	129	42	103	43	119	44	137	45	167	46	115	47	117	48	139	49	181	
	0	110	1	127	2	179	3	110	4	182	5	179	6	194	7	144	8	172	9	102	10	131	11	108	12	116	13	161	14	171	15	153	16	139	17	168	18	120	19	154	20	161	21	185	22	120	23	110	24	141	25	199	26	137	27	100	28	140	29	131	30	107	31	137	32	191	33	109	34	123	35	110	36	170	37	156	38	168	39	148	40	162	41	181	42	179	43	162	44	122	45	102	46	127	47	104	48	111	49	110	
	0	107	1	198	2	149	3	169	4	164	5	181	6	194	7	138	8	132	9	196	10	117	11	189	12	145	13	156	14	163	15	143	16	122	17	168	18	128	19	185	20	135	21	179	22	161	23	173	24	109	25	120	26	171	27	117	28	179	29	100	30	196	31	170	32	183	33	112	34	113	35	120	36	128	37	150	38	104	39	100	40	196	41	194	42	119	43	154	44	175	45	118	46	178	47	174	48	145	49	186	
	0	155	1	199	2	173	3	115	4	189	5	194	6	198	7	154	8	103	9	145	10	165	11	113	12	114	13	124	14	165	15	159	16	113	17	110	18	101	19	197	20	141	21	116	22	112	23	134	24	178	25	159	26	143	27	195	28	153	29	156	30	174	31	199	32	148	33	165	34	113	35	121	36	160	37	180	38	192	39	153	40	178	41	103	42	175	43	139	44	110	45	179	46	184	47	164	48	172	49	106	
	0	101	1	161	2	124	3	196	4	109	5	188	6	125	7	187	8	127	9	118	10	174	11	198	12	176	13	148	14	159	15	188	16	167	17	120	18	171	19	119	20	154	21	156	22	183	23	199	24	171	25	157	26	178	27	189	28	156	29	193	30	131	31	180	32	169	33	139	34	161	35	115	36	185	37	101	38	173	39	151	40	136	41	124	42	103	43	132	44	140	45	160	46	159	47	147	48	154	49	187	
	0	183	1	194	2	113	3	187	4	163	5	124	6	142	7	136	8	128	9	117	10	114	11	140	12	129	13	150	14	181	15	163	16	128	17	161	18	160	19	123	20	118	21	182	22	166	23	189	24	135	25	147	26	181	27	147	28	181	29	155	30	132	31	153	32	107	33	119	34	132	35	130	36	141	37	195	38	100	39	180	40	123	41	131	42	130	43	140	44	116	45	197	46	169	47	153	48	197	49	134	
	0	168	1	125	2	147	3	157	4	153	5	177	6	106	7	125	8	172	9	161	10	172	11	108	12	135	13	135	14	171	15	153	16	139	17	138	18	134	19	163	20	113	21	176	22	183	23	191	24	150	25	114	26	141	27	103	28	117	29	148	30	153	31	170	32	191	33	172	34	165	35	128	36	133	37	199	38	164	39	171	40	179	41	103	42	170	43	197	44	176	45	153	46	119	47	148	48	191	49	138	
	0	130	1	137	2	181	3	170	4	152	5	124	6	140	7	165	8	135	9	168	10	184	11	109	12	175	13	177	14	157	15	154	16	176	17	146	18	142	19	169	20	126	21	162	22	165	23	144	24	140	25	126	26	151	27	186	28	143	29	132	30	160	31	127	32	100	33	108	34	139	35	156	36	131	37	104	38	180	39	121	40	104	41	151	42	188	43	192	44	138	45	163	46	105	47	162	48	139	49	191	
	0	136	1	169	2	106	3	164	4	119	5	116	6	193	7	128	8	144	9	120	10	199	11	130	12	128	13	103	14	121	15	136	16	165	17	187	18	174	19	182	20	145	21	178	22	125	23	141	24	155	25	117	26	132	27	156	28	155	29	124	30	111	31	148	32	178	33	183	34	122	35	147	36	140	37	195	38	107	39	147	40	155	41	129	42	108	43	196	44	137	45	148	46	145	47	127	48	106	49	111	
	0	107	1	154	2	179	3	129	4	106	5	189	6	111	7	128	8	173	9	172	10	184	11	145	12	187	13	181	14	130	15	165	16	136	17	161	18	145	19	106	20	179	21	110	22	172	23	142	24	141	25	163	26	115	27	190	28	108	29	103	30	121	31	163	32	149	33	128	34	127	35	165	36	178	37	152	38	110	39	112	40	147	41	180	42	124	43	139	44	121	45	193	46	178	47	134	48	118	49	188	
	0	197	1	180	2	137	3	117	4	159	5	107	6	134	7	195	8	121	9	163	10	113	11	120	12	124	13	137	14	104	15	164	16	164	17	134	18	186	19	105	20	113	21	118	22	167	23	154	24	157	25	141	26	170	27	168	28	176	29	113	30	128	31	130	32	132	33	186	34	120	35	185	36	188	37	179	38	147	39	136	40	183	41	101	42	128	43	127	44	105	45	119	46	128	47	114	48	199	49	188	
	0	129	1	185	2	168	3	126	4	126	5	187	6	137	7	176	8	109	9	119	10	134	11	175	12	148	13	165	14	183	15	146	16	137	17	178	18	198	19	107	20	136	21	142	22	118	23	139	24	171	25	175	26	113	27	146	28	189	29	151	30	139	31	196	32	112	33	184	34	163	35	112	36	127	37	131	38	152	39	190	40	192	41	126	42	197	43	159	44	115	45	188	46	185	47	134	48	179	49	127	
	0	195	1	104	2	193	3	198	4	181	5	177	6	156	7	165	8	140	9	181	10	124	11	177	12	120	13	133	14	159	15	161	16	102	17	159	18	130	19	150	20	160	21	130	22	188	23	180	24	105	25	175	26	158	27	174	28	175	29	173	30	111	31	165	32	161	33	159	34	127	35	146	36	129	37	120	38	171	39	132	40	178	41	102	42	164	43	185	44	175	45	171	46	162	47	144	48	101	49	141	
	0	139	1	105	2	140	3	168	4	169	5	170	6	158	7	173	8	184	9	117	10	144	11	196	12	173	13	155	14	133	15	127	16	168	17	191	18	153	19	171	20	186	21	105	22	199	23	175	24	132	25	107	26	167	27	135	28	164	29	166	30	152	31	176	32	178	33	146	34	177	35	196	36	166	37	183	38	180	39	166	40	172	41	192	42	164	43	105	44	160	45	134	46	124	47	115	48	126	49	194	
	0	149	1	198	2	171	3	168	4	119	5	121	6	106	7	187	8	177	9	124	10	170	11	191	12	107	13	100	14	175	15	134	16	149	17	159	18	135	19	176	20	143	21	122	22	117	23	110	24	164	25	118	26	110	27	153	28	104	29	154	30	156	31	117	32	198	33	169	34	102	35	100	36	114	37	176	38	174	39	158	40	180	41	158	42	135	43	158	44	173	45	139	46	187	47	130	48	184	49	100	
	0	142	1	176	2	134	3	189	4	124	5	181	6	111	7	135	8	160	9	185	10	102	11	113	12	134	13	165	14	179	15	145	16	133	17	146	18	115	19	111	20	146	21	158	22	152	23	113	24	140	25	171	26	156	27	123	28	113	29	156	30	149	31	100	32	189	33	100	34	119	35	146	36	106	37	160	38	197	39	194	40	185	41	161	42	194	43	135	44	144	45	183	46	184	47	145	48	194	49	181	
	0	144	1	115	2	187	3	176	4	102	5	190	6	145	7	135	8	126	9	106	10	168	11	126	12	152	13	189	14	125	15	156	16	120	17	159	18	192	19	175	20	115	21	137	22	183	23	106	24	168	25	182	26	119	27	105	28	198	29	169	30	169	31	161	32	183	33	109	34	102	35	197	36	137	37	104	38	169	39	138	40	156	41	181	42	198	43	146	44	186	45	129	46	165	47	159	48	139	49	126	
	0	120	1	130	2	137	3	111	4	198	5	124	6	175	7	152	8	141	9	185	10	193	11	154	12	144	13	108	14	194	15	111	16	150	17	179	18	102	19	147	20	157	21	159	22	139	23	159	24	183	25	186	26	150	27	196	28	154	29	173	30	114	31	151	32	156	33	173	34	198	35	101	36	100	37	137	38	121	39	190	40	164	41	197	42	156	43	119	44	116	45	175	46	119	47	145	48	163	49	171	
	0	196	1	124	2	129	3	195	4	141	5	183	6	149	7	168	8	128	9	104	10	112	11	131	12	166	13	112	14	191	15	164	16	130	17	165	18	183	19	148	20	165	21	136	22	111	23	143	24	135	25	156	26	164	27	156	28	163	29	149	30	145	31	178	32	139	33	150	34	192	35	149	36	179	37	144	38	165	39	142	40	173	41	155	42	135	43	128	44	155	45	131	46	113	47	139	48	178	49	181	
	0	188	1	127	2	134	3	162	4	130	5	162	6	110	7	109	8	150	9	135	10	134	11	153	12	108	13	146	14	180	15	137	16	167	17	138	18	165	19	107	20	148	21	155	22	149	23	172	24	198	25	125	26	117	27	174	28	163	29	138	30	153	31	149	32	186	33	182	34	189	35	139	36	157	37	101	38	138	39	195	40	123	41	100	42	148	43	138	44	156	45	165	46	118	47	141	48	106	49	125	
	0	151	1	128	2	153	3	154	4	142	5	191	6	189	7	146	8	132	9	166	10	155	11	173	12	191	13	199	14	194	15	119	16	199	17	109	18	181	19	106	20	155	21	113	22	139	23	125	24	137	25	108	26	114	27	129	28	138	29	183	30	120	31	159	32	128	33	127	34	164	35	177	36	130	37	117	38	190	39	186	40	160	41	162	42	199	43	148	44	141	45	129	46	180	47	103	48	174	49	166	
	0	132	1	192	2	136	3	195	4	101	5	161	6	197	7	170	8	168	9	116	10	175	11	194	12	126	13	183	14	122	15	147	16	185	17	131	18	157	19	161	20	171	21	150	22	109	23	181	24	113	25	139	26	150	27	126	28	175	29	192	30	147	31	167	32	164	33	102	34	129	35	154	36	134	37	174	38	119	39	106	40	192	41	133	42	157	43	130	44	128	45	122	46	107	47	149	48	168	49	163	
	0	122	1	159	2	156	3	197	4	175	5	126	6	107	7	126	8	139	9	163	10	116	11	158	12	182	13	179	14	156	15	158	16	119	17	109	18	177	19	172	20	157	21	142	22	121	23	159	24	193	25	164	26	117	27	120	28	157	29	153	30	106	31	199	32	129	33	112	34	187	35	148	36	161	37	194	38	152	39	109	40	171	41	154	42	187	43	120	44	163	45	160	46	164	47	167	48	157	49	168	
	0	195	1	116	2	133	3	147	4	187	5	136	6	154	7	139	8	126	9	104	10	142	11	135	12	189	13	142	14	187	15	114	16	114	17	114	18	125	19	153	20	169	21	104	22	110	23	109	24	155	25	187	26	174	27	100	28	144	29	145	30	163	31	135	32	180	33	161	34	193	35	148	36	195	37	191	38	133	39	107	40	139	41	118	42	124	43	130	44	143	45	156	46	147	47	103	48	133	49	100	
	0	193	1	158	2	196	3	116	4	173	5	163	6	145	7	138	8	190	9	160	10	112	11	196	12	106	13	179	14	112	15	189	16	143	17	167	18	123	19	183	20	181	21	180	22	195	23	171	24	141	25	116	26	195	27	113	28	114	29	183	30	102	31	185	32	154	33	103	34	143	35	123	36	164	37	153	38	108	39	186	40	133	41	191	42	149	43	144	44	101	45	111	46	198	47	177	48	112	49	174	
	0	141	1	126	2	119	3	159	4	123	5	103	6	138	7	123	8	185	9	157	10	143	11	140	12	147	13	170	14	144	15	102	16	104	17	170	18	169	19	110	20	190	21	166	22	170	23	163	24	161	25	180	26	137	27	187	28	195	29	159	30	129	31	158	32	132	33	159	34	194	35	179	36	159	37	161	38	151	39	168	40	125	41	196	42	142	43	176	44	156	45	114	46	179	47	136	48	121	49	149	
	0	126	1	154	2	185	3	155	4	188	5	142	6	118	7	162	8	169	9	136	10	142	11	155	12	160	13	167	14	136	15	194	16	138	17	136	18	178	19	105	20	164	21	166	22	123	23	153	24	132	25	170	26	115	27	166	28	187	29	109	30	105	31	193	32	143	33	165	34	177	35	168	36	160	37	193	38	171	39	173	40	185	41	169	42	180	43	148	44	166	45	125	46	173	47	115	48	140	49	166	
	0	177	1	133	2	136	3	163	4	112	5	162	6	160	7	123	8	114	9	157	10	104	11	112	12	100	13	164	14	155	15	192	16	103	17	190	18	171	19	152	20	108	21	193	22	158	23	146	24	137	25	111	26	110	27	151	28	195	29	154	30	155	31	134	32	127	33	194	34	161	35	197	36	171	37	195	38	195	39	186	40	105	41	176	42	154	43	138	44	111	45	104	46	178	47	186	48	115	49	189	
	0	159	1	143	2	153	3	118	4	196	5	127	6	141	7	187	8	146	9	170	10	194	11	175	12	191	13	191	14	114	15	115	16	170	17	181	18	159	19	154	20	104	21	191	22	153	23	111	24	145	25	100	26	168	27	167	28	193	29	191	30	125	31	196	32	109	33	165	34	171	35	104	36	137	37	113	38	163	39	185	40	105	41	118	42	143	43	170	44	133	45	106	46	139	47	105	48	174	49	115	
	0	122	1	144	2	111	3	102	4	146	5	173	6	100	7	163	8	173	9	131	10	139	11	183	12	120	13	183	14	149	15	199	16	140	17	196	18	115	19	179	20	119	21	104	22	198	23	191	24	125	25	179	26	121	27	137	28	189	29	199	30	183	31	170	32	112	33	101	34	165	35	103	36	176	37	130	38	113	39	146	40	153	41	178	42	133	43	143	44	185	45	159	46	111	47	169	48	134	49	188	
	0	182	1	141	2	171	3	125	4	199	5	133	6	156	7	154	8	133	9	186	10	194	11	158	12	111	13	104	14	195	15	157	16	101	17	191	18	130	19	131	20	174	21	183	22	168	23	170	24	185	25	154	26	199	27	148	28	194	29	119	30	104	31	125	32	169	33	183	34	165	35	171	36	162	37	179	38	100	39	119	40	195	41	124	42	147	43	193	44	143	45	187	46	108	47	108	48	180	49	133	
	0	133	1	192	2	177	3	108	4	174	5	121	6	114	7	149	8	148	9	193	10	188	11	152	12	122	13	123	14	116	15	198	16	145	17	179	18	132	19	134	20	161	21	162	22	103	23	188	24	188	25	106	26	139	27	124	28	168	29	174	30	181	31	118	32	173	33	156	34	148	35	179	36	183	37	125	38	134	39	178	40	165	41	155	42	152	43	126	44	140	45	190	46	120	47	197	48	185	49	112	
	0	198	1	194	2	187	3	111	4	132	5	100	6	172	7	193	8	175	9	134	10	110	11	152	12	156	13	108	14	161	15	188	16	160	17	160	18	176	19	196	20	161	21	123	22	169	23	121	24	153	25	131	26	155	27	107	28	164	29	128	30	195	31	167	32	114	33	171	34	143	35	114	36	142	37	111	38	175	39	175	40	199	41	115	42	194	43	120	44	194	45	157	46	190	47	175	48	109	49	189	
	0	123	1	140	2	135	3	135	4	146	5	116	6	109	7	156	8	173	9	168	10	113	11	176	12	112	13	164	14	141	15	192	16	187	17	147	18	130	19	158	20	123	21	127	22	155	23	177	24	192	25	183	26	190	27	169	28	151	29	118	30	175	31	140	32	106	33	196	34	101	35	163	36	173	37	159	38	134	39	180	40	196	41	178	42	178	43	112	44	195	45	158	46	195	47	178	48	181	49	114	
	0	187	1	158	2	198	3	150	4	131	5	157	6	120	7	122	8	137	9	162	10	133	11	188	12	114	13	114	14	180	15	163	16	123	17	169	18	133	19	147	20	157	21	181	22	111	23	166	24	119	25	112	26	129	27	165	28	116	29	117	30	140	31	192	32	178	33	108	34	137	35	188	36	119	37	155	38	190	39	115	40	114	41	150	42	156	43	154	44	158	45	179	46	161	47	151	48	183	49	171	
	0	135	1	171	2	130	3	141	4	134	5	182	6	157	7	153	8	101	9	150	10	139	11	137	12	128	13	199	14	138	15	119	16	199	17	124	18	102	19	147	20	171	21	187	22	153	23	100	24	192	25	143	26	114	27	107	28	145	29	103	30	104	31	177	32	155	33	100	34	105	35	185	36	173	37	139	38	107	39	157	40	165	41	157	42	138	43	166	44	138	45	124	46	123	47	168	48	181	49	147	
	0	118	1	120	2	177	3	135	4	139	5	121	6	128	7	160	8	120	9	177	10	148	11	111	12	159	13	149	14	145	15	117	16	158	17	165	18	140	19	174	20	197	21	166	22	163	23	129	24	127	25	183	26	112	27	127	28	114	29	166	30	183	31	168	32	165	33	139	34	186	35	197	36	152	37	187	38	152	39	104	40	183	41	139	42	123	43	123	44	186	45	157	46	160	47	103	48	137	49	112	
	0	175	1	101	2	152	3	128	4	139	5	122	6	188	7	189	8	160	9	141	10	162	11	161	12	137	13	127	14	164	15	128	16	121	17	175	18	186	19	180	20	154	21	180	22	102	23	167	24	161	25	127	26	189	27	156	28	156	29	145	30	194	31	107	32	135	33	198	34	148	35	189	36	115	37	130	38	191	39	128	40	152	41	152	42	168	43	153	44	150	45	153	46	160	47	143	48	147	49	103	
	0	167	1	163	2	172	3	104	4	106	5	185	6	117	7	166	8	159	9	115	10	107	11	120	12	144	13	111	14	127	15	111	16	140	17	167	18	137	19	122	20	193	21	144	22	118	23	134	24	123	25	130	26	126	27	138	28	111	29	147	30	146	31	103	32	139	33	133	34	171	35	178	36	115	37	147	38	157	39	158	40	140	41	112	42	175	43	164	44	173	45	193	46	119	47	122	48	120	49	137	
	0	117	1	157	2	151	3	148	4	177	5	149	6	107	7	193	8	179	9	145	10	142	11	142	12	171	13	197	14	149	15	101	16	118	17	185	18	194	19	159	20	101	21	174	22	120	23	137	24	176	25	116	26	155	27	156	28	195	29	162	30	144	31	120	32	124	33	124	34	183	35	117	36	110	37	119	38	129	39	169	40	115	41	167	42	113	43	182	44	111	45	155	46	161	47	103	48	178	49	159	
	0	161	1	182	2	163	3	118	4	124	5	194	6	188	7	152	8	172	9	187	10	119	11	190	12	129	13	150	14	170	15	182	16	118	17	139	18	171	19	198	20	188	21	139	22	198	23	108	24	115	25	164	26	173	27	144	28	156	29	139	30	167	31	181	32	144	33	164	34	100	35	150	36	196	37	129	38	141	39	185	40	146	41	185	42	175	43	188	44	167	45	161	46	151	47	136	48	180	49	146	
	0	141	1	180	2	169	3	198	4	114	5	138	6	138	7	147	8	197	9	115	10	173	11	186	12	168	13	186	14	141	15	157	16	121	17	166	18	171	19	108	20	120	21	159	22	130	23	171	24	136	25	187	26	129	27	125	28	182	29	137	30	112	31	118	32	169	33	143	34	111	35	121	36	181	37	160	38	189	39	177	40	187	41	106	42	168	43	139	44	114	45	126	46	179	47	161	48	129	49	183	
	0	145	1	158	2	192	3	153	4	148	5	125	6	128	7	186	8	131	9	108	10	144	11	179	12	196	13	130	14	158	15	181	16	171	17	175	18	167	19	140	20	155	21	120	22	167	23	112	24	138	25	142	26	121	27	114	28	122	29	103	30	132	31	175	32	179	33	112	34	142	35	144	36	104	37	162	38	117	39	103	40	170	41	164	42	104	43	178	44	143	45	159	46	124	47	145	48	188	49	165	
	0	142	1	110	2	122	3	133	4	142	5	169	6	199	7	179	8	100	9	122	10	185	11	148	12	146	13	199	14	148	15	168	16	141	17	171	18	130	19	160	20	182	21	149	22	141	23	116	24	124	25	195	26	192	27	113	28	131	29	182	30	158	31	105	32	176	33	147	34	116	35	143	36	110	37	180	38	170	39	111	40	112	41	141	42	150	43	132	44	115	45	143	46	128	47	164	48	159	49	147	
	0	118	1	153	2	131	3	188	4	168	5	165	6	173	7	122	8	189	9	124	10	123	11	122	12	113	13	198	14	165	15	147	16	162	17	132	18	117	19	139	20	187	21	133	22	101	23	168	24	119	25	146	26	115	27	107	28	136	29	195	30	126	31	191	32	132	33	190	34	189	35	148	36	120	37	117	38	186	39	186	40	196	41	123	42	129	43	180	44	199	45	161	46	147	47	133	48	169	49	102	
	0	198	1	137	2	194	3	149	4	178	5	166	6	145	7	128	8	127	9	100	10	195	11	114	12	130	13	100	14	143	15	146	16	122	17	136	18	184	19	174	20	177	21	115	22	110	23	112	24	188	25	179	26	157	27	192	28	175	29	133	30	123	31	110	32	137	33	182	34	188	35	152	36	120	37	192	38	129	39	108	40	146	41	176	42	106	43	160	44	173	45	141	46	117	47	115	48	100	49	106	
	0	177	1	143	2	139	3	154	4	195	5	185	6	123	7	137	8	125	9	133	10	108	11	112	12	117	13	196	14	194	15	154	16	177	17	105	18	143	19	162	20	101	21	163	22	159	23	180	24	148	25	137	26	188	27	179	28	116	29	187	30	146	31	157	32	166	33	153	34	171	35	155	36	167	37	127	38	160	39	113	40	114	41	147	42	184	43	182	44	135	45	112	46	161	47	157	48	139	49	112	
	0	158	1	122	2	178	3	177	4	116	5	152	6	134	7	157	8	190	9	129	10	190	11	123	12	104	13	153	14	175	15	139	16	158	17	113	18	122	19	133	20	122	21	163	22	169	23	167	24	128	25	122	26	160	27	193	28	131	29	167	30	113	31	178	32	122	33	163	34	143	35	109	36	161	37	161	38	139	39	189	40	189	41	144	42	197	43	111	44	158	45	146	46	101	47	161	48	164	49	137	
	0	136	1	193	2	130	3	127	4	161	5	160	6	188	7	177	8	158	9	101	10	195	11	176	12	120	13	169	14	127	15	135	16	102	17	168	18	196	19	117	20	195	21	124	22	158	23	184	24	166	25	151	26	120	27	112	28	172	29	159	30	149	31	102	32	121	33	197	34	174	35	113	36	103	37	182	38	103	39	154	40	124	41	134	42	104	43	128	44	178	45	135	46	168	47	158	48	114	49	186	
	0	178	1	110	2	159	3	178	4	197	5	152	6	173	7	154	8	174	9	179	10	146	11	146	12	164	13	189	14	156	15	154	16	148	17	153	18	194	19	133	20	194	21	110	22	149	23	120	24	108	25	159	26	143	27	132	28	102	29	197	30	103	31	159	32	144	33	174	34	122	35	151	36	181	37	180	38	170	39	193	40	169	41	192	42	121	43	153	44	121	45	121	46	171	47	139	48	158	49	131	
	0	198	1	150	2	152	3	192	4	119	5	197	6	114	7	177	8	193	9	186	10	145	11	156	12	192	13	143	14	149	15	139	16	172	17	184	18	115	19	129	20	177	21	128	22	180	23	153	24	189	25	104	26	134	27	163	28	140	29	110	30	122	31	199	32	104	33	112	34	139	35	145	36	156	37	175	38	167	39	130	40	147	41	191	42	108	43	102	44	171	45	141	46	153	47	183	48	190	49	132	
	0	114	1	175	2	178	3	135	4	134	5	195	6	129	7	192	8	189	9	130	10	113	11	169	12	119	13	197	14	147	15	175	16	180	17	136	18	113	19	191	20	145	21	183	22	158	23	170	24	108	25	155	26	114	27	127	28	112	29	144	30	140	31	104	32	195	33	117	34	120	35	153	36	126	37	154	38	157	39	135	40	123	41	171	42	176	43	137	44	114	45	193	46	135	47	175	48	186	49	166	
	0	158	1	113	2	134	3	138	4	108	5	124	6	184	7	177	8	118	9	186	10	174	11	128	12	148	13	146	14	194	15	188	16	133	17	144	18	109	19	190	20	178	21	179	22	111	23	145	24	154	25	102	26	189	27	179	28	185	29	101	30	151	31	110	32	103	33	193	34	125	35	184	36	129	37	159	38	189	39	181	40	119	41	153	42	176	43	125	44	177	45	156	46	195	47	111	48	140	49	110	
	0	192	1	184	2	167	3	144	4	186	5	117	6	111	7	116	8	149	9	147	10	149	11	148	12	184	13	121	14	180	15	179	16	170	17	121	18	108	19	193	20	115	21	137	22	121	23	123	24	136	25	166	26	188	27	181	28	133	29	166	30	132	31	176	32	188	33	130	34	121	35	152	36	168	37	167	38	119	39	146	40	183	41	157	42	153	43	124	44	172	45	155	46	161	47	106	48	177	49	150	
	0	133	1	177	2	166	3	129	4	180	5	139	6	164	7	190	8	151	9	150	10	157	11	175	12	102	13	193	14	179	15	141	16	191	17	157	18	192	19	110	20	146	21	106	22	150	23	194	24	196	25	114	26	172	27	103	28	118	29	175	30	110	31	125	32	168	33	172	34	161	35	140	36	124	37	126	38	103	39	123	40	189	41	193	42	174	43	103	44	194	45	139	46	183	47	162	48	121	49	158	
	0	131	1	162	2	184	3	194	4	162	5	108	6	135	7	165	8	140	9	113	10	187	11	182	12	121	13	151	14	175	15	121	16	173	17	179	18	193	19	144	20	197	21	172	22	115	23	152	24	197	25	121	26	133	27	144	28	191	29	131	30	188	31	152	32	177	33	104	34	181	35	158	36	111	37	160	38	100	39	101	40	172	41	150	42	171	43	146	44	195	45	121	46	199	47	128	48	109	49	198	
	0	111	1	125	2	198	3	125	4	172	5	155	6	118	7	162	8	189	9	125	10	147	11	173	12	171	13	142	14	157	15	104	16	145	17	180	18	137	19	190	20	139	21	106	22	155	23	102	24	132	25	101	26	130	27	149	28	118	29	149	30	178	31	167	32	177	33	140	34	119	35	193	36	193	37	192	38	100	39	189	40	135	41	182	42	195	43	169	44	146	45	156	46	164	47	105	48	187	49	170	
	0	117	1	135	2	122	3	173	4	117	5	172	6	192	7	161	8	116	9	105	10	199	11	169	12	136	13	153	14	137	15	158	16	106	17	114	18	121	19	185	20	140	21	172	22	122	23	102	24	100	25	161	26	158	27	146	28	133	29	132	30	125	31	145	32	169	33	169	34	172	35	193	36	140	37	125	38	164	39	119	40	164	41	135	42	119	43	143	44	183	45	174	46	181	47	123	48	153	49	107	
	0	164	1	157	2	142	3	199	4	196	5	195	6	188	7	155	8	195	9	140	10	106	11	180	12	133	13	161	14	135	15	169	16	110	17	190	18	118	19	160	20	145	21	114	22	175	23	145	24	137	25	195	26	134	27	178	28	118	29	167	30	167	31	104	32	147	33	129	34	110	35	183	36	136	37	115	38	193	39	173	40	112	41	119	42	109	43	117	44	132	45	122	46	150	47	172	48	194	49	105	
	0	132	1	102	2	177	3	124	4	107	5	149	6	137	7	110	8	177	9	110	10	117	11	154	12	196	13	141	14	190	15	159	16	111	17	168	18	189	19	115	20	174	21	173	22	109	23	151	24	170	25	181	26	170	27	111	28	158	29	112	30	180	31	125	32	121	33	146	34	185	35	139	36	197	37	153	38	128	39	130	40	190	41	174	42	140	43	167	44	148	45	122	46	147	47	113	48	169	49	141	
	0	129	1	102	2	163	3	186	4	194	5	194	6	150	7	153	8	131	9	130	10	115	11	175	12	115	13	166	14	118	15	181	16	181	17	156	18	114	19	143	20	198	21	118	22	103	23	197	24	188	25	151	26	167	27	115	28	172	29	119	30	146	31	170	32	198	33	126	34	108	35	179	36	152	37	126	38	153	39	188	40	195	41	113	42	182	43	147	44	155	45	192	46	139	47	138	48	136	49	143	
	0	125	1	157	2	185	3	199	4	197	5	191	6	177	7	118	8	166	9	132	10	193	11	195	12	176	13	108	14	125	15	137	16	198	17	122	18	115	19	118	20	103	21	196	22	174	23	168	24	157	25	154	26	168	27	144	28	163	29	182	30	128	31	140	32	138	33	170	34	112	35	182	36	191	37	169	38	194	39	152	40	107	41	161	42	101	43	147	44	139	45	139	46	143	47	160	48	155	49	166	
	0	166	1	198	2	155	3	153	4	156	5	177	6	154	7	142	8	163	9	101	10	147	11	196	12	148	13	130	14	161	15	198	16	120	17	168	18	158	19	151	20	173	21	176	22	136	23	166	24	108	25	198	26	125	27	158	28	170	29	147	30	137	31	118	32	105	33	106	34	126	35	164	36	153	37	106	38	164	39	137	40	144	41	151	42	167	43	169	44	139	45	130	46	142	47	128	48	175	49	117	
	0	146	1	124	2	197	3	180	4	164	5	159	6	186	7	109	8	148	9	110	10	135	11	197	12	151	13	144	14	117	15	143	16	104	17	176	18	132	19	113	20	151	21	114	22	154	23	103	24	134	25	156	26	147	27	168	28	170	29	122	30	172	31	115	32	110	33	145	34	133	35	182	36	167	37	113	38	193	39	126	40	144	41	138	42	174	43	144	44	113	45	103	46	157	47	104	48	172	49	170	
	0	199	1	192	2	107	3	176	4	133	5	196	6	157	7	146	8	194	9	120	10	199	11	127	12	164	13	152	14	163	15	157	16	187	17	183	18	117	19	134	20	190	21	179	22	123	23	131	24	126	25	110	26	135	27	171	28	125	29	154	30	115	31	162	32	136	33	163	34	132	35	157	36	122	37	162	38	168	39	119	40	169	41	190	42	103	43	163	44	138	45	191	46	169	47	185	48	133	49	142	
	0	183	1	175	2	163	3	187	4	151	5	180	6	189	7	168	8	157	9	192	10	162	11	156	12	100	13	147	14	121	15	160	16	155	17	132	18	180	19	173	20	138	21	190	22	141	23	153	24	189	25	146	26	155	27	104	28	135	29	136	30	125	31	133	32	175	33	168	34	123	35	131	36	192	37	138	38	130	39	158	40	196	41	109	42	143	43	113	44	136	45	129	46	148	47	153	48	146	49	185	
	0	143	1	146	2	124	3	103	4	188	5	130	6	185	7	103	8	114	9	156	10	170	11	167	12	133	13	138	14	147	15	186	16	155	17	130	18	175	19	184	20	112	21	131	22	138	23	144	24	185	25	144	26	135	27	141	28	118	29	179	30	131	31	111	32	156	33	192	34	193	35	116	36	107	37	173	38	111	39	136	40	199	41	130	42	194	43	113	44	146	45	174	46	194	47	179	48	102	49	172	
	0	120	1	143	2	113	3	104	4	169	5	184	6	191	7	194	8	180	9	195	10	143	11	154	12	169	13	168	14	131	15	107	16	131	17	162	18	169	19	154	20	199	21	128	22	163	23	126	24	182	25	107	26	164	27	188	28	108	29	188	30	196	31	181	32	143	33	110	34	159	35	157	36	180	37	181	38	137	39	141	40	145	41	122	42	199	43	182	44	156	45	139	46	190	47	127	48	124	49	143	
	0	180	1	148	2	166	3	151	4	109	5	156	6	191	7	112	8	111	9	154	10	189	11	146	12	182	13	198	14	115	15	182	16	123	17	178	18	163	19	111	20	172	21	104	22	151	23	195	24	118	25	158	26	176	27	168	28	191	29	149	30	124	31	159	32	127	33	116	34	163	35	117	36	130	37	181	38	184	39	177	40	118	41	130	42	197	43	179	44	180	45	170	46	161	47	135	48	174	49	183	
	0	178	1	170	2	152	3	167	4	181	5	149	6	171	7	179	8	186	9	115	10	166	11	136	12	112	13	137	14	110	15	146	16	145	17	118	18	117	19	116	20	119	21	178	22	143	23	109	24	125	25	116	26	128	27	157	28	105	29	175	30	170	31	127	32	182	33	126	34	131	35	119	36	145	37	113	38	128	39	165	40	156	41	152	42	158	43	141	44	108	45	106	46	148	47	174	48	126	49	175	
	0	174	1	133	2	106	3	162	4	157	5	103	6	151	7	158	8	153	9	187	10	138	11	169	12	184	13	119	14	149	15	163	16	143	17	163	18	140	19	110	20	176	21	168	22	124	23	155	24	123	25	134	26	192	27	149	28	194	29	192	30	125	31	106	32	186	33	165	34	165	35	189	36	111	37	148	38	165	39	167	40	180	41	133	42	125	43	107	44	119	45	143	46	121	47	150	48	140	49	195	
	0	109	1	161	2	198	3	131	4	113	5	180	6	122	7	197	8	139	9	119	10	129	11	107	12	171	13	188	14	116	15	115	16	113	17	124	18	179	19	155	20	134	21	153	22	179	23	182	24	193	25	190	26	141	27	147	28	153	29	157	30	117	31	132	32	157	33	157	34	120	35	132	36	179	37	131	38	130	39	129	40	194	41	175	42	115	43	156	44	190	45	153	46	189	47	171	48	198	49	127	
	0	123	1	125	2	174	3	119	4	133	5	135	6	175	7	153	8	101	9	199	10	173	11	137	12	194	13	177	14	108	15	135	16	172	17	181	18	154	19	164	20	136	21	131	22	164	23	182	24	177	25	163	26	104	27	185	28	104	29	169	30	192	31	133	32	196	33	114	34	130	35	144	36	199	37	194	38	195	39	176	40	190	41	194	42	193	43	110	44	140	45	182	46	161	47	170	48	163	49	155	
	0	111	1	135	2	167	3	121	4	170	5	180	6	103	7	100	8	156	9	124	10	145	11	118	12	114	13	155	14	198	15	106	16	148	17	134	18	152	19	193	20	133	21	193	22	182	23	141	24	142	25	157	26	106	27	191	28	161	29	127	30	161	31	133	32	156	33	180	34	183	35	150	36	132	37	172	38	113	39	102	40	158	41	187	42	117	43	161	44	101	45	156	46	186	47	153	48	102	49	159	
	0	105	1	131	2	104	3	177	4	143	5	192	6	198	7	176	8	133	9	189	10	140	11	174	12	194	13	113	14	163	15	144	16	117	17	119	18	138	19	126	20	191	21	178	22	158	23	116	24	175	25	118	26	188	27	185	28	185	29	102	30	186	31	157	32	165	33	137	34	117	35	158	36	143	37	106	38	127	39	132	40	184	41	122	42	189	43	102	44	118	45	141	46	147	47	189	48	136	49	133	
	0	151	1	103	2	149	3	172	4	120	5	156	6	120	7	198	8	168	9	161	10	194	11	142	12	194	13	175	14	192	15	177	16	179	17	168	18	172	19	153	20	143	21	141	22	159	23	177	24	113	25	119	26	137	27	158	28	176	29	152	30	176	31	165	32	172	33	131	34	106	35	168	36	100	37	180	38	115	39	196	40	193	41	113	42	104	43	161	44	157	45	129	46	143	47	121	48	191	49	166	
	0	179	1	195	2	160	3	136	4	111	5	187	6	128	7	186	8	151	9	132	10	182	11	133	12	166	13	106	14	172	15	125	16	180	17	170	18	111	19	198	20	193	21	164	22	199	23	192	24	103	25	195	26	131	27	138	28	105	29	185	30	197	31	189	32	152	33	133	34	174	35	147	36	103	37	194	38	177	39	179	40	195	41	126	42	149	43	125	44	174	45	173	46	160	47	105	48	106	49	193	
	0	131	1	100	2	192	3	166	4	185	5	163	6	142	7	191	8	193	9	156	10	183	11	107	12	156	13	101	14	155	15	103	16	171	17	156	18	132	19	181	20	185	21	113	22	127	23	130	24	153	25	186	26	131	27	197	28	180	29	140	30	171	31	142	32	178	33	136	34	147	35	159	36	168	37	181	38	155	39	182	40	185	41	194	42	156	43	117	44	189	45	137	46	188	47	192	48	136	49	185	
	0	176	1	168	2	108	3	161	4	137	5	110	6	183	7	145	8	197	9	126	10	187	11	150	12	132	13	117	14	155	15	152	16	171	17	146	18	135	19	111	20	116	21	164	22	117	23	156	24	108	25	126	26	172	27	117	28	131	29	170	30	186	31	168	32	114	33	132	34	189	35	198	36	163	37	127	38	154	39	159	40	137	41	172	42	102	43	134	44	125	45	182	46	110	47	118	48	190	49	119	
	0	111	1	109	2	163	3	169	4	152	5	126	6	156	7	115	8	128	9	110	10	175	11	179	12	132	13	199	14	116	15	172	16	121	17	160	18	123	19	184	20	114	21	190	22	142	23	143	24	109	25	117	26	179	27	113	28	184	29	152	30	144	31	166	32	148	33	186	34	154	35	117	36	126	37	196	38	175	39	194	40	118	41	147	42	178	43	140	44	130	45	176	46	162	47	116	48	179	49	101	
	0	110	1	171	2	191	3	192	4	172	5	180	6	115	7	154	8	108	9	189	10	155	11	184	12	172	13	176	14	157	15	142	16	150	17	195	18	195	19	162	20	102	21	113	22	146	23	193	24	102	25	164	26	124	27	169	28	128	29	180	30	101	31	162	32	160	33	102	34	173	35	167	36	172	37	150	38	161	39	166	40	176	41	171	42	133	43	180	44	154	45	196	46	175	47	126	48	123	49	132	
	0	195	1	156	2	196	3	136	4	100	5	180	6	149	7	189	8	102	9	112	10	100	11	193	12	164	13	170	14	157	15	158	16	136	17	181	18	137	19	166	20	135	21	128	22	125	23	151	24	149	25	195	26	115	27	147	28	174	29	110	30	129	31	132	32	195	33	194	34	181	35	125	36	195	37	179	38	149	39	113	40	112	41	164	42	103	43	130	44	199	45	123	46	193	47	103	48	157	49	148	
	0	180	1	123	2	156	3	129	4	170	5	184	6	135	7	176	8	174	9	135	10	194	11	157	12	184	13	159	14	173	15	160	16	178	17	130	18	139	19	147	20	111	21	105	22	139	23	196	24	163	25	139	26	192	27	149	28	144	29	108	30	119	31	130	32	152	33	169	34	149	35	112	36	131	37	132	38	115	39	121	40	184	41	178	42	182	43	183	44	127	45	196	46	123	47	106	48	143	49	194	
	0	130	1	159	2	191	3	173	4	125	5	174	6	183	7	149	8	176	9	181	10	101	11	123	12	157	13	141	14	125	15	184	16	174	17	114	18	151	19	101	20	169	21	169	22	140	23	167	24	150	25	178	26	104	27	181	28	172	29	100	30	118	31	114	32	190	33	115	34	189	35	141	36	180	37	113	38	152	39	167	40	139	41	178	42	190	43	126	44	193	45	127	46	168	47	136	48	178	49	183	
	0	132	1	124	2	173	3	195	4	198	5	151	6	132	7	159	8	182	9	180	10	104	11	166	12	165	13	152	14	107	15	133	16	189	17	140	18	159	19	177	20	161	21	129	22	120	23	177	24	161	25	138	26	159	27	103	28	180	29	118	30	182	31	158	32	136	33	117	34	152	35	197	36	107	37	165	38	118	39	149	40	132	41	193	42	183	43	192	44	156	45	190	46	114	47	158	48	175	49	119	
	0	146	1	198	2	106	3	179	4	152	5	134	6	192	7	151	8	161	9	104	10	186	11	185	12	138	13	119	14	160	15	155	16	109	17	130	18	178	19	109	20	136	21	169	22	199	23	190	24	130	25	179	26	114	27	191	28	147	29	125	30	123	31	110	32	198	33	139	34	116	35	194	36	122	37	140	38	161	39	144	40	188	41	116	42	129	43	194	44	185	45	107	46	184	47	116	48	132	49	130	
	0	159	1	183	2	164	3	114	4	136	5	165	6	143	7	189	8	159	9	120	10	122	11	123	12	192	13	109	14	137	15	190	16	178	17	153	18	107	19	151	20	117	21	194	22	105	23	190	24	158	25	135	26	120	27	106	28	169	29	170	30	157	31	145	32	123	33	132	34	176	35	197	36	169	37	152	38	140	39	107	40	180	41	144	42	186	43	119	44	136	45	171	46	125	47	178	48	181	49	188	
	0	127	1	168	2	189	3	125	4	191	5	102	6	144	7	158	8	199	9	139	10	108	11	178	12	164	13	199	14	198	15	182	16	132	17	117	18	195	19	133	20	180	21	146	22	152	23	103	24	120	25	127	26	141	27	165	28	125	29	143	30	128	31	135	32	186	33	139	34	123	35	113	36	102	37	151	38	123	39	106	40	181	41	146	42	164	43	171	44	141	45	108	46	186	47	192	48	105	49	156	
	0	146	1	168	2	155	3	100	4	103	5	189	6	180	7	195	8	113	9	139	10	129	11	117	12	120	13	175	14	123	15	155	16	128	17	114	18	106	19	107	20	168	21	128	22	103	23	121	24	156	25	199	26	125	27	144	28	170	29	143	30	135	31	138	32	178	33	127	34	185	35	162	36	110	37	135	38	181	39	140	40	182	41	165	42	189	43	100	44	127	45	151	46	150	47	185	48	183	49	171	
	0	119	1	117	2	134	3	167	4	156	5	101	6	132	7	116	8	194	9	139	10	187	11	101	12	130	13	128	14	147	15	160	16	142	17	133	18	100	19	108	20	132	21	185	22	193	23	115	24	177	25	124	26	108	27	152	28	109	29	192	30	118	31	174	32	166	33	193	34	149	35	111	36	194	37	152	38	151	39	179	40	114	41	129	42	123	43	121	44	153	45	137	46	148	47	160	48	159	49	179	
	0	178	1	172	2	108	3	111	4	194	5	184	6	177	7	181	8	180	9	160	10	198	11	185	12	136	13	144	14	153	15	147	16	170	17	120	18	163	19	158	20	151	21	132	22	120	23	170	24	146	25	143	26	193	27	122	28	151	29	143	30	119	31	114	32	159	33	151	34	111	35	150	36	169	37	198	38	102	39	159	40	186	41	165	42	182	43	111	44	176	45	144	46	102	47	103	48	164	49	127	
	0	171	1	163	2	150	3	102	4	148	5	106	6	122	7	128	8	118	9	127	10	122	11	117	12	149	13	144	14	184	15	162	16	134	17	141	18	154	19	154	20	115	21	135	22	155	23	147	24	168	25	131	26	176	27	101	28	160	29	173	30	136	31	163	32	187	33	105	34	130	35	191	36	175	37	181	38	182	39	198	40	175	41	187	42	175	43	137	44	135	45	155	46	184	47	136	48	164	49	144	
	0	181	1	115	2	107	3	175	4	169	5	108	6	113	7	128	8	134	9	146	10	159	11	173	12	121	13	144	14	155	15	107	16	157	17	117	18	179	19	155	20	131	21	176	22	125	23	179	24	148	25	172	26	112	27	173	28	127	29	134	30	123	31	161	32	109	33	164	34	144	35	148	36	119	37	154	38	157	39	111	40	123	41	128	42	107	43	151	44	160	45	198	46	175	47	183	48	160	49	153	
	0	170	1	193	2	115	3	191	4	155	5	146	6	198	7	182	8	173	9	144	10	118	11	130	12	156	13	181	14	184	15	172	16	110	17	186	18	118	19	156	20	163	21	143	22	124	23	199	24	180	25	175	26	152	27	190	28	158	29	153	30	151	31	126	32	111	33	129	34	190	35	169	36	143	37	168	38	138	39	151	40	132	41	198	42	128	43	198	44	122	45	186	46	128	47	140	48	159	49	121	
	0	153	1	102	2	160	3	169	4	107	5	103	6	139	7	130	8	197	9	187	10	133	11	162	12	126	13	110	14	125	15	104	16	151	17	101	18	138	19	179	20	166	21	167	22	135	23	141	24	126	25	169	26	107	27	160	28	127	29	140	30	188	31	106	32	137	33	145	34	188	35	169	36	101	37	103	38	150	39	194	40	152	41	145	42	163	43	157	44	185	45	107	46	159	47	163	48	130	49	179	
	0	107	1	172	2	175	3	173	4	117	5	164	6	139	7	124	8	148	9	134	10	111	11	124	12	166	13	163	14	113	15	140	16	118	17	142	18	150	19	120	20	195	21	116	22	172	23	161	24	153	25	191	26	172	27	106	28	190	29	128	30	196	31	132	32	136	33	134	34	128	35	162	36	173	37	187	38	123	39	129	40	100	41	113	42	181	43	143	44	100	45	129	46	105	47	127	48	119	49	104	
	0	158	1	134	2	105	3	112	4	138	5	142	6	183	7	104	8	182	9	167	10	179	11	196	12	128	13	162	14	194	15	178	16	163	17	190	18	129	19	129	20	159	21	150	22	129	23	188	24	197	25	186	26	142	27	177	28	114	29	138	30	119	31	132	32	172	33	109	34	156	35	174	36	153	37	112	38	128	39	143	40	193	41	166	42	175	43	152	44	170	45	191	46	172	47	139	48	179	49	181	
	0	109	1	108	2	142	3	155	4	112	5	116	6	107	7	121	8	188	9	153	10	155	11	122	12	109	13	186	14	110	15	145	16	145	17	103	18	121	19	179	20	161	21	132	22	159	23	186	24	148	25	106	26	143	27	107	28	155	29	103	30	128	31	102	32	159	33	155	34	177	35	142	36	188	37	140	38	163	39	112	40	182	41	187	42	169	43	126	44	122	45	125	46	158	47	181	48	194	49	129	
	0	159	1	132	2	162	3	181	4	134	5	168	6	152	7	144	8	106	9	148	10	143	11	138	12	169	13	138	14	177	15	114	16	143	17	117	18	178	19	137	20	157	21	179	22	141	23	185	24	139	25	106	26	126	27	146	28	142	29	186	30	169	31	137	32	130	33	194	34	151	35	139	36	156	37	104	38	138	39	108	40	148	41	128	42	100	43	185	44	111	45	177	46	189	47	129	48	168	49	187	
	0	126	1	191	2	157	3	101	4	119	5	105	6	149	7	195	8	148	9	184	10	188	11	160	12	173	13	168	14	171	15	121	16	155	17	184	18	150	19	118	20	110	21	192	22	120	23	123	24	193	25	123	26	163	27	187	28	129	29	128	30	189	31	113	32	103	33	197	34	155	35	191	36	118	37	125	38	160	39	132	40	173	41	120	42	173	43	143	44	173	45	156	46	169	47	106	48	194	49	120	
	0	168	1	133	2	197	3	110	4	139	5	191	6	111	7	173	8	123	9	132	10	132	11	118	12	149	13	165	14	186	15	103	16	114	17	129	18	153	19	171	20	199	21	169	22	164	23	197	24	170	25	118	26	187	27	127	28	156	29	108	30	178	31	142	32	174	33	195	34	125	35	132	36	199	37	174	38	193	39	147	40	136	41	199	42	102	43	137	44	145	45	145	46	107	47	126	48	136	49	167	
	0	128	1	113	2	135	3	190	4	163	5	148	6	165	7	114	8	147	9	103	10	105	11	107	12	133	13	171	14	168	15	182	16	156	17	140	18	195	19	179	20	108	21	148	22	102	23	133	24	176	25	132	26	104	27	121	28	101	29	142	30	119	31	124	32	187	33	153	34	167	35	136	36	156	37	144	38	195	39	131	40	147	41	130	42	163	43	131	44	111	45	154	46	162	47	134	48	193	49	164	
	0	196	1	126	2	104	3	128	4	153	5	174	6	140	7	175	8	174	9	103	10	101	11	162	12	144	13	129	14	143	15	138	16	143	17	110	18	115	19	198	20	172	21	185	22	101	23	118	24	111	25	193	26	198	27	136	28	104	29	173	30	100	31	127	32	153	33	140	34	176	35	132	36	185	37	102	38	196	39	195	40	172	41	161	42	131	43	142	44	144	45	138	46	198	47	159	48	196	49	188	
	0	133	1	117	2	159	3	180	4	171	5	137	6	112	7	176	8	120	9	193	10	134	11	169	12	121	13	156	14	135	15	160	16	129	17	148	18	138	19	100	20	190	21	190	22	161	23	162	24	170	25	124	26	153	27	155	28	190	29	194	30	157	31	199	32	150	33	142	34	174	35	183	36	147	37	193	38	175	39	112	40	105	41	136	42	143	43	108	44	132	45	193	46	104	47	182	48	167	49	139	
	0	163	1	141	2	176	3	173	4	138	5	155	6	139	7	177	8	192	9	168	10	138	11	162	12	135	13	174	14	182	15	120	16	136	17	135	18	160	19	156	20	114	21	198	22	167	23	185	24	185	25	176	26	197	27	185	28	183	29	131	30	189	31	170	32	122	33	185	34	105	35	136	36	134	37	138	38	110	39	127	40	136	41	140	42	146	43	179	44	129	45	105	46	108	47	160	48	148	49	164	
	0	190	1	153	2	164	3	181	4	172	5	149	6	158	7	109	8	173	9	128	10	193	11	197	12	148	13	160	14	149	15	164	16	142	17	191	18	198	19	101	20	166	21	102	22	107	23	188	24	122	25	189	26	199	27	176	28	145	29	146	30	172	31	186	32	114	33	128	34	198	35	173	36	128	37	147	38	115	39	189	40	103	41	110	42	193	43	130	44	164	45	162	46	154	47	198	48	157	49	190	
	0	164	1	119	2	148	3	105	4	108	5	196	6	150	7	175	8	134	9	148	10	128	11	189	12	182	13	157	14	134	15	124	16	114	17	162	18	125	19	161	20	132	21	142	22	159	23	142	24	184	25	178	26	120	27	175	28	179	29	142	30	156	31	178	32	179	33	109	34	160	35	141	36	139	37	152	38	123	39	167	40	157	41	180	42	186	43	173	44	175	45	152	46	168	47	159	48	196	49	189	
	0	125	1	144	2	157	3	133	4	193	5	194	6	181	7	127	8	189	9	156	10	161	11	165	12	121	13	105	14	108	15	194	16	149	17	186	18	179	19	199	20	179	21	160	22	193	23	192	24	183	25	195	26	107	27	164	28	155	29	140	30	163	31	149	32	112	33	166	34	174	35	110	36	105	37	165	38	132	39	111	40	103	41	184	42	196	43	115	44	186	45	192	46	130	47	182	48	140	49	170	
	0	130	1	155	2	116	3	190	4	169	5	121	6	171	7	111	8	154	9	177	10	107	11	123	12	143	13	194	14	107	15	147	16	131	17	153	18	147	19	107	20	154	21	105	22	113	23	172	24	140	25	148	26	106	27	196	28	134	29	197	30	157	31	176	32	110	33	174	34	181	35	125	36	182	37	110	38	189	39	152	40	152	41	186	42	172	43	196	44	173	45	160	46	170	47	146	48	152	49	129	
	0	184	1	188	2	130	3	134	4	176	5	132	6	129	7	164	8	169	9	119	10	106	11	128	12	147	13	166	14	160	15	148	16	106	17	145	18	190	19	143	20	177	21	159	22	125	23	121	24	158	25	174	26	192	27	144	28	169	29	168	30	101	31	176	32	178	33	112	34	117	35	129	36	184	37	119	38	191	39	154	40	172	41	134	42	197	43	126	44	135	45	136	46	100	47	195	48	175	49	106	
	0	180	1	180	2	165	3	103	4	197	5	100	6	109	7	167	8	132	9	169	10	107	11	148	12	133	13	156	14	111	15	167	16	158	17	142	18	132	19	161	20	105	21	191	22	145	23	102	24	144	25	175	26	180	27	115	28	102	29	137	30	157	31	192	32	149	33	162	34	123	35	193	36	111	37	140	38	182	39	186	40	138	41	176	42	101	43	143	44	150	45	157	46	150	47	193	48	113	49	109	
	0	121	1	191	2	177	3	139	4	182	5	145	6	130	7	159	8	123	9	127	10	118	11	160	12	162	13	183	14	116	15	176	16	164	17	184	18	101	19	101	20	140	21	147	22	106	23	163	24	162	25	136	26	138	27	141	28	107	29	159	30	147	31	118	32	198	33	173	34	194	35	118	36	114	37	169	38	176	39	199	40	128	41	195	42	100	43	114	44	128	45	176	46	114	47	146	48	195	49	193	
	0	197	1	182	2	154	3	118	4	110	5	188	6	188	7	184	8	115	9	130	10	111	11	131	12	119	13	138	14	129	15	138	16	147	17	159	18	193	19	188	20	145	21	138	22	163	23	159	24	104	25	111	26	150	27	173	28	129	29	184	30	109	31	131	32	177	33	108	34	199	35	135	36	109	37	190	38	104	39	146	40	107	41	121	42	148	43	142	44	106	45	180	46	115	47	150	48	149	49	147	
	0	131	1	100	2	113	3	109	4	127	5	104	6	134	7	189	8	132	9	123	10	196	11	159	12	142	13	151	14	139	15	160	16	164	17	186	18	116	19	186	20	177	21	155	22	183	23	174	24	188	25	192	26	103	27	137	28	199	29	194	30	109	31	182	32	184	33	120	34	105	35	122	36	121	37	174	38	141	39	186	40	186	41	114	42	188	43	122	44	101	45	136	46	144	47	191	48	134	49	104	
	0	133	1	103	2	161	3	154	4	131	5	113	6	154	7	169	8	166	9	163	10	135	11	138	12	185	13	132	14	192	15	155	16	152	17	159	18	116	19	164	20	187	21	187	22	104	23	134	24	100	25	117	26	143	27	131	28	100	29	112	30	182	31	171	32	164	33	193	34	109	35	188	36	163	37	177	38	145	39	182	40	192	41	160	42	188	43	169	44	178	45	164	46	120	47	147	48	150	49	139	
	0	145	1	151	2	166	3	168	4	115	5	136	6	137	7	185	8	132	9	104	10	139	11	138	12	182	13	108	14	103	15	128	16	100	17	121	18	195	19	168	20	168	21	177	22	176	23	160	24	170	25	148	26	188	27	160	28	159	29	190	30	120	31	115	32	168	33	134	34	184	35	113	36	182	37	158	38	194	39	105	40	119	41	146	42	181	43	152	44	180	45	143	46	124	47	108	48	111	49	124	
	0	143	1	148	2	164	3	111	4	163	5	169	6	156	7	198	8	187	9	150	10	165	11	182	12	138	13	117	14	157	15	178	16	179	17	197	18	176	19	109	20	139	21	177	22	157	23	101	24	134	25	107	26	135	27	180	28	119	29	190	30	186	31	121	32	130	33	194	34	114	35	157	36	172	37	173	38	158	39	160	40	154	41	199	42	166	43	102	44	119	45	171	46	183	47	126	48	176	49	169	
	0	143	1	150	2	189	3	154	4	126	5	194	6	134	7	110	8	123	9	152	10	135	11	149	12	189	13	169	14	134	15	137	16	159	17	173	18	128	19	167	20	162	21	117	22	143	23	158	24	106	25	154	26	147	27	161	28	139	29	135	30	127	31	161	32	139	33	199	34	187	35	146	36	193	37	189	38	121	39	179	40	104	41	165	42	132	43	198	44	179	45	124	46	129	47	183	48	117	49	193	
	0	101	1	124	2	162	3	154	4	157	5	157	6	165	7	158	8	186	9	105	10	124	11	104	12	164	13	197	14	166	15	178	16	178	17	187	18	187	19	117	20	166	21	104	22	115	23	128	24	135	25	192	26	117	27	161	28	173	29	134	30	134	31	187	32	106	33	138	34	131	35	130	36	123	37	166	38	100	39	193	40	193	41	153	42	147	43	178	44	175	45	177	46	181	47	185	48	129	49	181	
	0	116	1	183	2	163	3	135	4	106	5	182	6	183	7	143	8	162	9	189	10	184	11	115	12	169	13	100	14	164	15	143	16	188	17	138	18	183	19	154	20	117	21	137	22	160	23	124	24	148	25	173	26	151	27	168	28	145	29	102	30	100	31	178	32	127	33	102	34	182	35	149	36	119	37	101	38	193	39	123	40	187	41	139	42	175	43	109	44	190	45	149	46	182	47	162	48	174	49	166	
	0	155	1	173	2	174	3	121	4	110	5	167	6	178	7	152	8	134	9	103	10	145	11	191	12	160	13	172	14	129	15	127	16	144	17	121	18	153	19	150	20	132	21	168	22	132	23	171	24	166	25	162	26	170	27	197	28	169	29	136	30	109	31	153	32	128	33	158	34	106	35	117	36	131	37	132	38	170	39	147	40	139	41	102	42	169	43	162	44	152	45	158	46	106	47	117	48	157	49	114	
	0	124	1	170	2	125	3	171	4	132	5	195	6	109	7	184	8	147	9	195	10	147	11	132	12	129	13	163	14	130	15	195	16	137	17	153	18	144	19	185	20	156	21	107	22	101	23	149	24	141	25	133	26	109	27	145	28	185	29	121	30	153	31	103	32	160	33	159	34	130	35	139	36	188	37	156	38	140	39	152	40	183	41	161	42	139	43	170	44	125	45	173	46	173	47	126	48	104	49	197	
	0	120	1	158	2	111	3	172	4	113	5	135	6	165	7	174	8	114	9	155	10	143	11	190	12	108	13	101	14	138	15	195	16	126	17	177	18	152	19	109	20	139	21	158	22	117	23	137	24	142	25	190	26	105	27	103	28	173	29	124	30	121	31	173	32	143	33	181	34	164	35	129	36	100	37	161	38	125	39	172	40	111	41	130	42	183	43	117	44	110	45	120	46	112	47	128	48	130	49	132	
	0	151	1	124	2	126	3	162	4	153	5	177	6	195	7	197	8	199	9	140	10	142	11	169	12	118	13	161	14	154	15	148	16	135	17	106	18	164	19	107	20	154	21	146	22	157	23	190	24	182	25	121	26	147	27	127	28	184	29	100	30	136	31	188	32	150	33	137	34	112	35	191	36	115	37	196	38	167	39	122	40	101	41	129	42	168	43	180	44	106	45	157	46	144	47	174	48	175	49	180	
	0	162	1	109	2	190	3	182	4	131	5	177	6	116	7	123	8	159	9	152	10	153	11	154	12	116	13	137	14	181	15	161	16	183	17	198	18	123	19	130	20	145	21	121	22	195	23	141	24	154	25	166	26	169	27	173	28	178	29	120	30	181	31	131	32	182	33	159	34	119	35	155	36	134	37	113	38	121	39	138	40	157	41	133	42	119	43	185	44	145	45	171	46	103	47	163	48	181	49	159	
	0	149	1	154	2	149	3	110	4	123	5	196	6	154	7	103	8	135	9	114	10	183	11	132	12	141	13	110	14	184	15	196	16	152	17	133	18	141	19	157	20	144	21	179	22	191	23	151	24	122	25	135	26	111	27	115	28	161	29	156	30	196	31	174	32	182	33	162	34	136	35	154	36	135	37	104	38	158	39	159	40	124	41	118	42	199	43	128	44	122	45	106	46	128	47	141	48	181	49	175	
	0	152	1	198	2	114	3	174	4	199	5	129	6	106	7	107	8	163	9	184	10	155	11	112	12	122	13	119	14	113	15	181	16	181	17	164	18	127	19	114	20	136	21	134	22	124	23	194	24	199	25	199	26	105	27	166	28	185	29	166	30	123	31	135	32	180	33	142	34	154	35	134	36	103	37	189	38	160	39	104	40	168	41	131	42	100	43	190	44	136	45	109	46	110	47	147	48	116	49	196	
	0	169	1	165	2	166	3	191	4	144	5	166	6	123	7	186	8	114	9	139	10	137	11	143	12	144	13	188	14	156	15	195	16	181	17	103	18	141	19	193	20	199	21	164	22	166	23	146	24	117	25	186	26	162	27	133	28	145	29	152	30	166	31	199	32	115	33	175	34	193	35	167	36	147	37	159	38	129	39	132	40	124	41	132	42	195	43	147	44	178	45	146	46	161	47	132	48	123	49	142	
	0	186	1	150	2	134	3	174	4	146	5	139	6	193	7	145	8	172	9	175	10	150	11	172	12	115	13	172	14	153	15	188	16	101	17	114	18	196	19	199	20	175	21	173	22	192	23	130	24	162	25	176	26	104	27	145	28	170	29	198	30	124	31	199	32	198	33	132	34	195	35	146	36	199	37	141	38	146	39	139	40	194	41	155	42	193	43	143	44	122	45	175	46	149	47	121	48	170	49	124	