200 50 1
50
	0	105	1	186	2	146	3	170	4	168	5	136	6	189	7	140	8	134	9	145	10	107	11	161	12	191	13	145	14	141	15	139	16	111	17	138	18	172	19	158	20	157	21	103	22	173	23	119	24	114	25	159	26	110	27	134	28	102	29	111	30	142	31	128	32	195	33	110	34	186	35	194	36	131	37	150	38	160	39	105	40	127	41	105	42	181	43	191	44	166	45	164	46	192	47	112	48	138	49	133	
	0	126	1	186	2	148	3	172	4	129	5	183	6	155	7	118	8	165	9	108	10	151	11	101	12	137	13	152	14	141	15	128	16	159	17	103	18	178	19	155	20	147	21	141	22	114	23	185	24	198	25	199	26	170	27	170	28	100	29	127	30	125	31	156	32	135	33	169	34	192	35	153	36	151	37	151	38	193	39	178	40	120	41	163	42	159	43	140	44	159	45	172	46	129	47	100	48	170	49	185	
	0	100	1	123	2	190	3	170	4	159	5	115	6	138	7	173	8	138	9	184	10	113	11	186	12	143	13	166	14	100	15	136	16	162	17	176	18	140	19	123	20	142	21	132	22	100	23	154	24	197	25	185	26	100	27	105	28	121	29	114	30	106	31	193	32	170	33	177	34	160	35	153	36	122	37	156	38	171	39	193	40	167	41	105	42	131	43	195	44	164	45	193	46	189	47	153	48	153	49	134	
	0	170	1	146	2	160	3	162	4	141	5	109	6	182	7	120	8	124	9	195	10	167	11	143	12	183	13	106	14	136	15	137	16	171	17	146	18	151	19	145	20	183	21	124	22	157	23	162	24	102	25	123	26	144	27	192	28	141	29	178	30	146	31	178	32	194	33	141	34	174	35	101	36	133	37	184	38	198	39	160	40	131	41	162	42	175	43	141	44	174	45	100	46	126	47	136	48	102	49	184	
	0	199	1	196	2	190	3	157	4	160	5	190	6	158	7	161	8	183	9	111	10	108	11	119	12	157	13	162	14	112	15	148	16	192	17	194	18	175	19	132	20	192	21	169	22	145	23	174	24	195	25	133	26	111	27	199	28	151	29	190	30	100	31	129	32	149	33	159	34	179	35	157	36	103	37	126	38	122	39	103	40	105	41	141	42	190	43	110	44	113	45	102	46	148	47	147	48	155	49	131	
	0	160	1	140	2	165	3	184	4	113	5	178	6	132	7	147	8	169	9	184	10	135	11	154	12	103	13	107	14	120	15	152	16	198	17	102	18	110	19	125	20	140	21	151	22	179	23	136	24	116	25	137	26	107	27	135	28	174	29	161	30	161	31	166	32	118	33	188	34	145	35	149	36	165	37	171	38	159	39	116	40	180	41	190	42	176	43	181	44	165	45	163	46	150	47	156	48	172	49	154	
	0	195	1	116	2	138	3	118	4	103	5	123	6	102	7	191	8	111	9	176	10	158	11	112	12	140	13	117	14	157	15	117	16	187	17	159	18	191	19	161	20	151	21	194	22	124	23	157	24	124	25	162	26	175	27	149	28	139	29	196	30	196	31	145	32	152	33	155	34	113	35	156	36	131	37	158	38	167	39	153	40	144	41	146	42	195	43	198	44	190	45	106	46	139	47	158	48	196	49	175	
	0	128	1	176	2	176	3	195	4	103	5	182	6	160	7	110	8	181	9	164	10	161	11	171	12	194	13	145	14	134	15	181	16	138	17	105	18	110	19	165	20	183	21	117	22	100	23	189	24	127	25	120	26	173	27	123	28	135	29	139	30	124	31	136	32	164	33	115	34	174	35	129	36	134	37	152	38	147	39	192	40	183	41	161	42	165	43	180	44	171	45	124	46	164	47	174	48	151	49	192	
	0	168	1	128	2	122	3	157	4	188	5	100	6	140	7	198	8	116	9	178	10	130	11	152	12	138	13	147	14	199	15	195	16	121	17	122	18	187	19	143	20	158	21	157	22	105	23	181	24	184	25	197	26	138	27	169	28	179	29	191	30	117	31	142	32	198	33	183	34	181	35	149	36	199	37	115	38	136	39	103	40	127	41	185	42	182	43	186	44	115	45	115	46	133	47	136	48	133	49	180	
	0	133	1	151	2	137	3	184	4	127	5	149	6	105	7	128	8	196	9	144	10	179	11	192	12	172	13	191	14	150	15	178	16	120	17	171	18	175	19	139	20	157	21	112	22	111	23	130	24	175	25	116	26	174	27	101	28	146	29	102	30	115	31	137	32	149	33	133	34	195	35	106	36	145	37	128	38	140	39	179	40	172	41	122	42	183	43	108	44	179	45	107	46	134	47	101	48	118	49	197	
	0	124	1	104	2	164	3	117	4	154	5	172	6	155	7	182	8	105	9	192	10	166	11	173	12	190	13	151	14	158	15	136	16	133	17	194	18	142	19	152	20	189	21	165	22	131	23	106	24	148	25	167	26	180	27	169	28	157	29	104	30	187	31	150	32	176	33	145	34	185	35	142	36	166	37	123	38	109	39	113	40	193	41	161	42	133	43	168	44	189	45	180	46	104	47	120	48	191	49	109	
	0	140	1	135	2	144	3	150	4	132	5	160	6	118	7	119	8	154	9	150	10	122	11	183	12	124	13	179	14	117	15	175	16	148	17	143	18	114	19	114	20	174	21	164	22	117	23	124	24	182	25	156	26	154	27	151	28	148	29	142	30	140	31	174	32	109	33	103	34	150	35	169	36	155	37	133	38	104	39	145	40	112	41	106	42	192	43	154	44	108	45	130	46	151	47	181	48	193	49	191	
	0	194	1	199	2	120	3	143	4	163	5	112	6	191	7	177	8	197	9	163	10	101	11	125	12	141	13	114	14	107	15	100	16	145	17	196	18	181	19	107	20	103	21	188	22	116	23	129	24	176	25	190	26	119	27	137	28	107	29	188	30	176	31	199	32	186	33	185	34	107	35	178	36	164	37	101	38	138	39	183	40	100	41	150	42	180	43	177	44	145	45	113	46	128	47	132	48	175	49	150	
	0	189	1	124	2	159	3	109	4	128	5	187	6	199	7	137	8	130	9	115	10	149	11	123	12	197	13	135	14	186	15	192	16	146	17	118	18	171	19	172	20	177	21	137	22	152	23	199	24	140	25	110	26	170	27	126	28	189	29	161	30	171	31	123	32	164	33	140	34	155	35	163	36	174	37	151	38	110	39	176	40	164	41	117	42	109	43	103	44	115	45	115	46	183	47	160	48	129	49	134	
	0	142	1	141	2	178	3	113	4	166	5	137	6	102	7	153	8	150	9	186	10	106	11	104	12	105	13	115	14	101	15	101	16	196	17	103	18	196	19	198	20	139	21	183	22	110	23	150	24	186	25	135	26	184	27	150	28	195	29	169	30	125	31	146	32	158	33	103	34	118	35	121	36	161	37	194	38	132	39	113	40	133	41	100	42	179	43	129	44	157	45	150	46	192	47	169	48	126	49	152	
	0	171	1	140	2	168	3	135	4	115	5	102	6	169	7	180	8	194	9	162	10	136	11	115	12	189	13	175	14	114	15	186	16	105	17	190	18	197	19	109	20	133	21	182	22	149	23	176	24	152	25	100	26	167	27	112	28	106	29	147	30	136	31	156	32	115	33	149	34	136	35	182	36	132	37	173	38	170	39	109	40	163	41	105	42	109	43	102	44	177	45	131	46	180	47	108	48	199	49	191	
	0	146	1	166	2	187	3	144	4	103	5	119	6	141	7	132	8	156	9	149	10	182	11	152	12	151	13	103	14	148	15	149	16	176	17	161	18	104	19	176	20	180	21	123	22	197	23	155	24	130	25	170	26	194	27	101	28	137	29	114	30	156	31	106	32	108	33	189	34	186	35	180	36	154	37	141	38	137	39	122	40	195	41	141	42	192	43	114	44	163	45	126	46	157	47	147	48	122	49	169	
	0	135	1	130	2	196	3	178	4	145	5	166	6	156	7	159	8	195	9	178	10	156	11	198	12	131	13	181	14	151	15	106	16	102	17	157	18	140	19	133	20	114	21	122	22	187	23	156	24	153	25	195	26	195	27	160	28	164	29	196	30	139	31	120	32	158	33	135	34	109	35	145	36	119	37	168	38	169	39	161	40	141	41	124	42	110	43	168	44	146	45	145	46	164	47	109	48	176	49	188	
	0	146	1	164	2	175	3	156	4	134	5	154	6	105	7	199	8	156	9	154	10	184	11	188	12	104	13	132	14	100	15	135	16	161	17	120	18	179	19	111	20	119	21	136	22	187	23	130	24	115	25	135	26	168	27	190	28	130	29	110	30	179	31	163	32	152	33	145	34	151	35	148	36	192	37	191	38	199	39	192	40	126	41	116	42	192	43	170	44	132	45	139	46	173	47	163	48	181	49	184	
	0	145	1	193	2	176	3	144	4	190	5	156	6	186	7	148	8	160	9	179	10	109	11	133	12	124	13	152	14	109	15	101	16	195	17	193	18	191	19	151	20	191	21	124	22	140	23	125	24	198	25	112	26	155	27	179	28	118	29	118	30	124	31	161	32	109	33	162	34	150	35	121	36	141	37	138	38	124	39	115	40	188	41	181	42	133	43	134	44	182	45	130	46	194	47	175	48	152	49	132	
	0	136	1	150	2	106	3	154	4	195	5	134	6	108	7	128	8	113	9	150	10	143	11	129	12	140	13	150	14	166	15	188	16	148	17	167	18	112	19	197	20	133	21	150	22	186	23	188	24	126	25	129	26	150	27	122	28	166	29	192	30	156	31	125	32	116	33	109	34	103	35	179	36	154	37	158	38	191	39	163	40	186	41	114	42	190	43	110	44	198	45	143	46	134	47	177	48	166	49	155	
	0	144	1	128	2	144	3	128	4	199	5	160	6	176	7	194	8	127	9	126	10	106	11	184	12	184	13	124	14	198	15	142	16	150	17	165	18	182	19	189	20	159	21	173	22	143	23	110	24	110	25	135	26	197	27	166	28	195	29	122	30	121	31	179	32	136	33	143	34	182	35	143	36	175	37	173	38	192	39	117	40	189	41	152	42	146	43	198	44	192	45	196	46	122	47	134	48	176	49	134	
	0	119	1	185	2	129	3	121	4	166	5	141	6	164	7	163	8	131	9	100	10	135	11	151	12	195	13	124	14	176	15	195	16	195	17	135	18	186	19	198	20	144	21	186	22	125	23	136	24	182	25	102	26	120	27	199	28	148	29	105	30	100	31	150	32	145	33	115	34	146	35	133	36	121	37	109	38	126	39	187	40	173	41	188	42	156	43	188	44	198	45	182	46	177	47	151	48	166	49	133	
	0	196	1	149	2	158	3	106	4	114	5	172	6	193	7	129	8	199	9	107	10	144	11	188	12	163	13	111	14	123	15	114	16	109	17	143	18	127	19	101	20	176	21	169	22	130	23	163	24	115	25	136	26	181	27	194	28	107	29	139	30	136	31	193	32	149	33	184	34	189	35	123	36	181	37	182	38	175	39	123	40	155	41	132	42	110	43	177	44	176	45	199	46	142	47	111	48	193	49	116	
	0	132	1	124	2	124	3	119	4	124	5	120	6	165	7	116	8	100	9	122	10	161	11	120	12	173	13	162	14	177	15	195	16	137	17	122	18	125	19	173	20	186	21	107	22	111	23	104	24	179	25	106	26	123	27	165	28	129	29	189	30	126	31	159	32	196	33	152	34	149	35	193	36	120	37	196	38	148	39	120	40	115	41	168	42	151	43	196	44	196	45	148	46	115	47	164	48	107	49	175	
	0	178	1	166	2	116	3	121	4	166	5	133	6	170	7	177	8	129	9	154	10	165	11	114	12	111	13	110	14	159	15	104	16	152	17	137	18	149	19	158	20	109	21	172	22	162	23	106	24	117	25	133	26	182	27	101	28	181	29	121	30	149	31	123	32	153	33	196	34	150	35	126	36	149	37	157	38	182	39	139	40	133	41	180	42	178	43	126	44	110	45	199	46	138	47	148	48	119	49	169	
	0	124	1	140	2	195	3	116	4	117	5	162	6	152	7	191	8	143	9	150	10	161	11	183	12	109	13	140	14	149	15	123	16	167	17	118	18	189	19	138	20	153	21	105	22	184	23	113	24	180	25	186	26	109	27	159	28	148	29	140	30	122	31	176	32	101	33	186	34	192	35	147	36	101	37	174	38	132	39	168	40	134	41	165	42	177	43	178	44	189	45	103	46	115	47	139	48	144	49	176	
	0	144	1	168	2	175	3	113	4	165	5	124	6	174	7	149	8	114	9	106	10	104	11	124	12	103	13	119	14	123	15	113	16	183	17	170	18	141	19	128	20	115	21	190	22	180	23	114	24	199	25	146	26	179	27	141	28	118	29	172	30	125	31	113	32	167	33	117	34	114	35	101	36	185	37	102	38	176	39	164	40	163	41	199	42	148	43	128	44	117	45	104	46	119	47	140	48	143	49	169	
	0	153	1	190	2	176	3	108	4	181	5	144	6	132	7	111	8	102	9	172	10	102	11	183	12	137	13	144	14	186	15	131	16	159	17	192	18	159	19	174	20	156	21	147	22	121	23	140	24	104	25	160	26	197	27	157	28	141	29	132	30	134	31	128	32	125	33	102	34	100	35	135	36	188	37	108	38	112	39	120	40	171	41	134	42	120	43	159	44	113	45	134	46	101	47	143	48	187	49	117	
	0	119	1	184	2	152	3	169	4	156	5	151	6	110	7	168	8	121	9	114	10	152	11	181	12	138	13	182	14	109	15	186	16	169	17	173	18	102	19	181	20	115	21	150	22	116	23	197	24	103	25	165	26	181	27	102	28	140	29	109	30	105	31	198	32	174	33	152	34	161	35	186	36	168	37	125	38	179	39	188	40	125	41	149	42	137	43	150	44	128	45	160	46	173	47	108	48	143	49	124	
	0	106	1	196	2	185	3	189	4	175	5	183	6	156	7	127	8	140	9	145	10	167	11	177	12	105	13	102	14	135	15	119	16	174	17	123	18	181	19	178	20	188	21	148	22	144	23	156	24	180	25	128	26	125	27	170	28	170	29	187	30	141	31	164	32	114	33	133	34	166	35	124	36	146	37	150	38	170	39	127	40	107	41	134	42	117	43	174	44	199	45	164	46	198	47	164	48	180	49	144	
	0	118	1	109	2	144	3	132	4	110	5	138	6	120	7	182	8	115	9	160	10	195	11	183	12	123	13	115	14	191	15	190	16	153	17	121	18	159	19	136	20	185	21	181	22	170	23	166	24	196	25	165	26	171	27	194	28	140	29	151	30	187	31	140	32	197	33	163	34	123	35	124	36	127	37	148	38	158	39	112	40	131	41	170	42	171	43	171	44	117	45	167	46	112	47	182	48	164	49	138	
	0	109	1	176	2	118	3	123	4	128	5	105	6	154	7	154	8	150	9	131	10	169	11	108	12	186	13	196	14	161	15	104	16	145	17	192	18	153	19	112	20	154	21	176	22	133	23	139	24	140	25	145	26	100	27	179	28	127	29	131	30	157	31	152	32	156	33	177	34	117	35	139	36	114	37	158	38	121	39	137	40	150	41	139	42	195	43	180	44	110	45	175	46	113	47	188	48	166	49	120	
	0	101	1	184	2	159	3	191	4	156	5	120	6	102	7	164	8	108	9	176	10	117	11	153	12	178	13	106	14	145	15	113	16	108	17	184	18	152	19	105	20	127	21	153	22	101	23	161	24	153	25	106	26	115	27	178	28	114	29	163	30	166	31	105	32	165	33	135	34	110	35	124	36	154	37	157	38	175	39	156	40	120	41	132	42	109	43	109	44	165	45	174	46	122	47	123	48	109	49	167	
	0	177	1	167	2	121	3	188	4	170	5	151	6	136	7	186	8	160	9	128	10	165	11	136	12	134	13	189	14	152	15	122	16	199	17	112	18	106	19	138	20	156	21	141	22	120	23	109	24	181	25	115	26	163	27	102	28	153	29	191	30	184	31	154	32	118	33	156	34	187	35	176	36	133	37	172	38	146	39	121	40	118	41	138	42	100	43	144	44	169	45	105	46	183	47	164	48	189	49	198	
	0	135	1	190	2	198	3	107	4	117	5	166	6	174	7	118	8	161	9	199	10	156	11	164	12	156	13	159	14	119	15	135	16	197	17	102	18	138	19	112	20	194	21	122	22	129	23	123	24	124	25	139	26	167	27	181	28	169	29	165	30	193	31	116	32	119	33	107	34	184	35	186	36	158	37	172	38	155	39	171	40	129	41	125	42	149	43	172	44	125	45	185	46	183	47	161	48	167	49	157	
	0	185	1	175	2	177	3	165	4	128	5	180	6	165	7	117	8	176	9	166	10	183	11	161	12	155	13	134	14	180	15	175	16	178	17	154	18	143	19	154	20	166	21	149	22	188	23	120	24	176	25	170	26	148	27	101	28	167	29	121	30	149	31	147	32	115	33	149	34	194	35	111	36	128	37	141	38	155	39	113	40	144	41	194	42	127	43	121	44	174	45	113	46	159	47	171	48	160	49	171	
	0	181	1	192	2	184	3	128	4	169	5	123	6	171	7	178	8	152	9	138	10	126	11	151	12	182	13	182	14	183	15	174	16	190	17	154	18	176	19	149	20	182	21	149	22	123	23	127	24	148	25	148	26	175	27	196	28	168	29	166	30	150	31	193	32	155	33	102	34	184	35	130	36	158	37	195	38	123	39	164	40	181	41	112	42	118	43	181	44	116	45	191	46	104	47	110	48	148	49	112	
	0	198	1	164	2	137	3	135	4	178	5	155	6	115	7	114	8	109	9	172	10	180	11	150	12	112	13	136	14	170	15	101	16	139	17	120	18	146	19	124	20	161	21	104	22	164	23	155	24	116	25	116	26	110	27	178	28	100	29	141	30	108	31	177	32	188	33	131	34	154	35	184	36	183	37	155	38	179	39	127	40	177	41	189	42	192	43	153	44	183	45	100	46	161	47	132	48	129	49	185	
	0	180	1	138	2	107	3	150	4	113	5	188	6	175	7	171	8	135	9	114	10	155	11	131	12	175	13	103	14	118	15	190	16	111	17	183	18	104	19	192	20	189	21	124	22	147	23	122	24	187	25	156	26	162	27	145	28	149	29	107	30	141	31	146	32	102	33	192	34	195	35	166	36	114	37	146	38	145	39	199	40	120	41	157	42	143	43	181	44	152	45	176	46	169	47	180	48	182	49	110	
	0	188	1	168	2	179	3	168	4	127	5	192	6	156	7	182	8	197	9	191	10	185	11	162	12	180	13	150	14	130	15	128	16	136	17	168	18	126	19	137	20	159	21	199	22	101	23	141	24	177	25	117	26	180	27	107	28	145	29	153	30	125	31	115	32	147	33	101	34	168	35	164	36	116	37	150	38	127	39	185	40	188	41	150	42	193	43	190	44	170	45	171	46	166	47	192	48	139	49	196	
	0	122	1	173	2	108	3	181	4	135	5	147	6	142	7	184	8	182	9	104	10	134	11	134	12	145	13	111	14	169	15	158	16	181	17	158	18	155	19	148	20	147	21	111	22	151	23	147	24	182	25	162	26	155	27	165	28	160	29	129	30	142	31	138	32	108	33	171	34	134	35	101	36	104	37	143	38	169	39	190	40	183	41	164	42	103	43	115	44	191	45	166	46	139	47	190	48	181	49	188	
	0	131	1	195	2	130	3	165	4	134	5	112	6	171	7	107	8	154	9	193	10	189	11	102	12	110	13	166	14	175	15	118	16	170	17	184	18	121	19	196	20	170	21	176	22	173	23	118	24	121	25	119	26	101	27	151	28	163	29	179	30	173	31	101	32	149	33	179	34	154	35	103	36	146	37	178	38	140	39	159	40	167	41	198	42	153	43	117	44	168	45	193	46	160	47	174	48	143	49	121	
	0	117	1	131	2	101	3	104	4	187	5	122	6	187	7	151	8	168	9	100	10	199	11	168	12	176	13	162	14	177	15	123	16	117	17	113	18	193	19	185	20	118	21	112	22	116	23	161	24	180	25	168	26	155	27	101	28	114	29	140	30	127	31	181	32	182	33	132	34	198	35	127	36	102	37	161	38	126	39	194	40	180	41	167	42	126	43	112	44	194	45	153	46	115	47	188	48	109	49	194	
	0	177	1	186	2	121	3	109	4	111	5	134	6	146	7	120	8	143	9	107	10	134	11	135	12	155	13	108	14	199	15	147	16	125	17	110	18	180	19	138	20	186	21	169	22	140	23	101	24	140	25	165	26	188	27	192	28	102	29	177	30	123	31	107	32	149	33	127	34	124	35	179	36	180	37	172	38	110	39	185	40	128	41	131	42	119	43	167	44	186	45	193	46	179	47	148	48	147	49	191	
	0	189	1	189	2	111	3	171	4	162	5	165	6	169	7	178	8	129	9	151	10	195	11	151	12	143	13	128	14	169	15	114	16	115	17	145	18	196	19	155	20	162	21	134	22	130	23	138	24	169	25	168	26	173	27	177	28	120	29	130	30	131	31	143	32	116	33	142	34	112	35	129	36	133	37	177	38	126	39	147	40	186	41	156	42	153	43	190	44	125	45	129	46	133	47	105	48	154	49	199	
	0	199	1	169	2	180	3	125	4	154	5	134	6	105	7	187	8	152	9	147	10	188	11	126	12	112	13	135	14	109	15	170	16	158	17	142	18	160	19	191	20	185	21	164	22	130	23	109	24	101	25	112	26	193	27	198	28	102	29	153	30	174	31	157	32	109	33	111	34	158	35	188	36	174	37	188	38	166	39	179	40	162	41	175	42	129	43	160	44	132	45	121	46	161	47	164	48	188	49	131	
	0	152	1	192	2	136	3	108	4	153	5	165	6	155	7	112	8	139	9	154	10	139	11	167	12	183	13	191	14	125	15	147	16	194	17	100	18	180	19	105	20	141	21	100	22	193	23	107	24	113	25	152	26	143	27	151	28	115	29	144	30	151	31	176	32	106	33	152	34	114	35	117	36	148	37	129	38	110	39	128	40	182	41	142	42	163	43	150	44	151	45	126	46	168	47	133	48	137	49	112	
	0	187	1	175	2	177	3	175	4	126	5	172	6	153	7	129	8	199	9	151	10	131	11	183	12	111	13	160	14	132	15	138	16	159	17	118	18	114	19	135	20	123	21	188	22	132	23	118	24	152	25	141	26	185	27	109	28	174	29	192	30	156	31	106	32	159	33	180	34	119	35	147	36	192	37	120	38	145	39	177	40	145	41	119	42	110	43	183	44	107	45	163	46	159	47	168	48	155	49	155	
	0	120	1	125	2	122	3	193	4	159	5	122	6	113	7	174	8	190	9	181	10	150	11	117	12	113	13	104	14	156	15	114	16	121	17	132	18	117	19	103	20	105	21	150	22	158	23	154	24	124	25	106	26	120	27	146	28	155	29	192	30	138	31	180	32	193	33	199	34	118	35	123	36	133	37	185	38	198	39	171	40	188	41	177	42	117	43	111	44	113	45	171	46	183	47	175	48	150	49	126	
	0	193	1	161	2	113	3	133	4	173	5	183	6	111	7	144	8	126	9	193	10	180	11	111	12	145	13	177	14	169	15	103	16	172	17	125	18	148	19	140	20	152	21	134	22	191	23	189	24	147	25	115	26	152	27	115	28	114	29	161	30	151	31	194	32	138	33	176	34	140	35	141	36	114	37	144	38	181	39	163	40	173	41	191	42	162	43	116	44	126	45	158	46	161	47	111	48	180	49	176	
	0	125	1	139	2	141	3	194	4	150	5	133	6	163	7	129	8	185	9	168	10	183	11	190	12	110	13	159	14	126	15	199	16	176	17	136	18	173	19	144	20	138	21	189	22	108	23	121	24	105	25	129	26	199	27	143	28	185	29	118	30	173	31	143	32	112	33	194	34	163	35	106	36	185	37	157	38	194	39	147	40	114	41	129	42	173	43	176	44	183	45	161	46	113	47	192	48	148	49	124	
	0	122	1	130	2	141	3	102	4	135	5	194	6	160	7	140	8	111	9	109	10	123	11	149	12	152	13	150	14	137	15	177	16	101	17	148	18	172	19	134	20	191	21	164	22	178	23	183	24	196	25	173	26	105	27	125	28	125	29	127	30	135	31	178	32	194	33	108	34	102	35	120	36	116	37	174	38	193	39	122	40	110	41	170	42	133	43	122	44	157	45	191	46	132	47	123	48	103	49	103	
	0	120	1	195	2	103	3	170	4	116	5	138	6	112	7	136	8	140	9	114	10	136	11	129	12	182	13	130	14	179	15	181	16	178	17	109	18	197	19	115	20	150	21	183	22	152	23	187	24	187	25	123	26	103	27	111	28	149	29	169	30	141	31	179	32	113	33	169	34	142	35	141	36	186	37	166	38	133	39	140	40	145	41	196	42	182	43	102	44	102	45	143	46	103	47	117	48	128	49	128	
	0	130	1	138	2	181	3	183	4	174	5	188	6	164	7	143	8	127	9	189	10	144	11	127	12	119	13	168	14	166	15	134	16	140	17	106	18	150	19	190	20	136	21	123	22	115	23	183	24	100	25	149	26	125	27	166	28	121	29	184	30	177	31	185	32	185	33	118	34	160	35	109	36	170	37	145	38	128	39	115	40	117	41	162	42	160	43	189	44	150	45	174	46	171	47	144	48	132	49	193	
	0	133	1	116	2	127	3	176	4	178	5	156	6	190	7	194	8	144	9	136	10	177	11	154	12	152	13	141	14	136	15	193	16	104	17	146	18	110	19	147	20	104	21	122	22	136	23	177	24	135	25	143	26	172	27	189	28	109	29	115	30	151	31	189	32	123	33	194	34	196	35	171	36	135	37	190	38	176	39	186	40	199	41	102	42	143	43	183	44	105	45	179	46	143	47	107	48	149	49	178	
	0	169	1	120	2	131	3	108	4	145	5	175	6	135	7	140	8	155	9	184	10	127	11	125	12	116	13	147	14	152	15	148	16	170	17	175	18	105	19	161	20	125	21	153	22	122	23	167	24	183	25	103	26	133	27	111	28	179	29	173	30	123	31	161	32	155	33	109	34	177	35	153	36	111	37	199	38	173	39	141	40	174	41	161	42	149	43	188	44	176	45	122	46	144	47	132	48	177	49	114	
	0	141	1	189	2	170	3	138	4	149	5	166	6	122	7	138	8	107	9	197	10	176	11	150	12	118	13	182	14	144	15	159	16	179	17	198	18	116	19	195	20	178	21	110	22	137	23	147	24	100	25	139	26	139	27	150	28	103	29	128	30	142	31	111	32	126	33	131	34	147	35	190	36	159	37	158	38	155	39	144	40	172	41	174	42	114	43	119	44	170	45	159	46	112	47	136	48	185	49	198	
	0	154	1	115	2	164	3	178	4	128	5	171	6	168	7	126	8	116	9	101	10	145	11	102	12	127	13	122	14	141	15	198	16	171	17	136	18	182	19	148	20	109	21	117	22	151	23	117	24	156	25	192	26	135	27	158	28	128	29	174	30	125	31	157	32	165	33	196	34	160	35	175	36	156	37	171	38	163	39	142	40	108	41	136	42	113	43	192	44	165	45	163	46	125	47	123	48	131	49	105	
	0	164	1	196	2	198	3	169	4	148	5	126	6	163	7	136	8	108	9	152	10	130	11	143	12	193	13	107	14	190	15	114	16	154	17	111	18	103	19	188	20	135	21	194	22	199	23	186	24	141	25	198	26	177	27	170	28	154	29	104	30	190	31	144	32	123	33	173	34	178	35	128	36	196	37	106	38	191	39	143	40	119	41	152	42	132	43	197	44	105	45	161	46	173	47	116	48	130	49	183	
	0	151	1	190	2	176	3	158	4	125	5	172	6	187	7	110	8	118	9	103	10	157	11	167	12	181	13	158	14	157	15	124	16	135	17	110	18	110	19	100	20	183	21	194	22	194	23	184	24	109	25	162	26	196	27	158	28	154	29	146	30	176	31	183	32	195	33	125	34	173	35	139	36	133	37	157	38	125	39	126	40	100	41	138	42	145	43	111	44	124	45	122	46	131	47	130	48	142	49	103	
	0	119	1	124	2	100	3	125	4	198	5	122	6	105	7	112	8	126	9	187	10	116	11	133	12	191	13	130	14	139	15	169	16	174	17	156	18	191	19	151	20	165	21	139	22	111	23	147	24	198	25	157	26	183	27	113	28	130	29	168	30	140	31	183	32	186	33	162	34	125	35	179	36	160	37	191	38	117	39	181	40	164	41	146	42	156	43	169	44	161	45	157	46	123	47	150	48	176	49	185	
	0	197	1	118	2	108	3	121	4	104	5	170	6	145	7	191	8	133	9	194	10	132	11	173	12	132	13	143	14	155	15	111	16	120	17	137	18	162	19	159	20	111	21	183	22	165	23	101	24	173	25	117	26	164	27	112	28	188	29	145	30	130	31	170	32	145	33	111	34	106	35	108	36	113	37	176	38	158	39	159	40	147	41	186	42	102	43	196	44	158	45	189	46	103	47	126	48	106	49	162	
	0	113	1	189	2	121	3	129	4	142	5	151	6	128	7	146	8	122	9	127	10	120	11	176	12	145	13	100	14	167	15	109	16	179	17	171	18	164	19	199	20	148	21	149	22	164	23	133	24	155	25	172	26	182	27	122	28	101	29	167	30	194	31	166	32	193	33	118	34	105	35	154	36	126	37	149	38	113	39	195	40	173	41	186	42	137	43	140	44	167	45	157	46	165	47	161	48	171	49	191	
	0	172	1	148	2	107	3	127	4	137	5	166	6	141	7	174	8	112	9	175	10	130	11	115	12	142	13	119	14	134	15	155	16	165	17	132	18	177	19	101	20	148	21	121	22	134	23	128	24	150	25	150	26	191	27	168	28	137	29	151	30	182	31	168	32	137	33	167	34	167	35	135	36	114	37	101	38	195	39	134	40	180	41	174	42	125	43	117	44	103	45	194	46	103	47	121	48	144	49	114	
	0	168	1	157	2	180	3	123	4	185	5	191	6	155	7	184	8	139	9	182	10	119	11	114	12	192	13	122	14	107	15	156	16	109	17	192	18	195	19	183	20	156	21	147	22	199	23	124	24	110	25	101	26	156	27	190	28	198	29	179	30	151	31	136	32	130	33	117	34	133	35	198	36	194	37	125	38	176	39	156	40	151	41	117	42	161	43	127	44	189	45	109	46	122	47	132	48	165	49	199	
	0	127	1	168	2	118	3	143	4	140	5	162	6	150	7	199	8	138	9	117	10	182	11	116	12	128	13	165	14	180	15	195	16	137	17	173	18	177	19	182	20	125	21	116	22	175	23	160	24	149	25	145	26	112	27	196	28	103	29	165	30	186	31	195	32	122	33	111	34	135	35	184	36	178	37	130	38	177	39	152	40	137	41	159	42	114	43	191	44	116	45	123	46	137	47	153	48	198	49	177	
	0	130	1	196	2	154	3	189	4	148	5	135	6	199	7	152	8	107	9	116	10	108	11	120	12	164	13	136	14	122	15	125	16	105	17	143	18	171	19	178	20	141	21	135	22	101	23	177	24	156	25	137	26	188	27	117	28	189	29	122	30	137	31	182	32	197	33	137	34	180	35	156	36	134	37	107	38	132	39	193	40	140	41	145	42	175	43	178	44	159	45	154	46	105	47	153	48	166	49	160	
	0	135	1	116	2	172	3	132	4	161	5	198	6	102	7	122	8	155	9	171	10	193	11	111	12	181	13	123	14	126	15	138	16	122	17	140	18	144	19	115	20	148	21	184	22	136	23	123	24	199	25	149	26	164	27	137	28	132	29	168	30	179	31	106	32	120	33	114	34	154	35	119	36	154	37	123	38	125	39	105	40	113	41	173	42	116	43	198	44	195	45	164	46	104	47	159	48	124	49	156	
	0	122	1	163	2	155	3	156	4	171	5	133	6	196	7	123	8	147	9	126	10	162	11	177	12	104	13	194	14	139	15	143	16	186	17	133	18	179	19	168	20	165	21	164	22	114	23	195	24	135	25	157	26	111	27	170	28	165	29	188	30	170	31	178	32	172	33	187	34	152	35	106	36	185	37	109	38	178	39	110	40	131	41	136	42	148	43	153	44	173	45	196	46	173	47	166	48	152	49	165	
	0	189	1	112	2	134	3	113	4	102	5	101	6	197	7	168	8	184	9	185	10	151	11	148	12	124	13	188	14	127	15	120	16	152	17	109	18	154	19	197	20	133	21	128	22	188	23	148	24	130	25	171	26	162	27	104	28	193	29	181	30	193	31	144	32	172	33	139	34	100	35	101	36	190	37	119	38	154	39	161	40	171	41	112	42	127	43	101	44	158	45	116	46	167	47	153	48	155	49	178	
	0	166	1	157	2	134	3	111	4	179	5	129	6	127	7	140	8	190	9	102	10	167	11	186	12	140	13	184	14	163	15	183	16	187	17	135	18	164	19	153	20	119	21	150	22	124	23	147	24	161	25	145	26	117	27	157	28	103	29	166	30	132	31	165	32	141	33	111	34	148	35	133	36	199	37	166	38	156	39	107	40	199	41	113	42	119	43	167	44	117	45	115	46	155	47	161	48	175	49	193	
	0	106	1	159	2	111	3	194	4	190	5	135	6	158	7	136	8	156	9	174	10	175	11	136	12	144	13	185	14	127	15	129	16	179	17	188	18	140	19	182	20	125	21	181	22	184	23	134	24	173	25	163	26	141	27	192	28	184	29	135	30	147	31	157	32	103	33	105	34	167	35	194	36	154	37	144	38	184	39	120	40	126	41	185	42	183	43	138	44	166	45	138	46	183	47	116	48	107	49	150	
	0	135	1	110	2	109	3	117	4	148	5	185	6	166	7	142	8	100	9	196	10	157	11	169	12	185	13	192	14	175	15	107	16	110	17	184	18	124	19	137	20	187	21	171	22	137	23	121	24	141	25	188	26	119	27	161	28	123	29	188	30	104	31	174	32	175	33	100	34	117	35	136	36	196	37	182	38	128	39	196	40	164	41	178	42	119	43	142	44	123	45	198	46	142	47	146	48	189	49	142	
	0	155	1	115	2	133	3	195	4	197	5	138	6	142	7	186	8	183	9	117	10	109	11	149	12	110	13	188	14	117	15	147	16	177	17	134	18	121	19	101	20	137	21	172	22	188	23	174	24	106	25	171	26	195	27	139	28	109	29	196	30	190	31	195	32	176	33	185	34	177	35	157	36	148	37	100	38	116	39	173	40	126	41	123	42	183	43	151	44	178	45	127	46	112	47	188	48	108	49	186	
	0	125	1	137	2	192	3	156	4	101	5	116	6	121	7	199	8	195	9	118	10	126	11	102	12	108	13	108	14	195	15	172	16	175	17	104	18	179	19	187	20	134	21	164	22	175	23	107	24	131	25	101	26	178	27	145	28	116	29	121	30	167	31	144	32	157	33	127	34	165	35	183	36	121	37	193	38	129	39	127	40	168	41	164	42	147	43	108	44	184	45	104	46	111	47	147	48	166	49	111	
	0	171	1	102	2	165	3	191	4	135	5	164	6	194	7	180	8	172	9	185	10	178	11	152	12	137	13	178	14	125	15	163	16	160	17	125	18	120	19	123	20	198	21	198	22	174	23	121	24	131	25	147	26	117	27	171	28	113	29	139	30	152	31	185	32	187	33	107	34	176	35	162	36	165	37	127	38	112	39	172	40	151	41	111	42	162	43	100	44	184	45	153	46	117	47	157	48	161	49	190	
	0	100	1	113	2	163	3	173	4	141	5	149	6	106	7	161	8	184	9	153	10	132	11	188	12	187	13	195	14	123	15	177	16	135	17	186	18	198	19	155	20	149	21	168	22	187	23	115	24	182	25	194	26	153	27	103	28	149	29	108	30	141	31	146	32	143	33	148	34	105	35	116	36	113	37	127	38	132	39	199	40	175	41	175	42	158	43	101	44	180	45	181	46	119	47	116	48	107	49	118	
	0	154	1	173	2	137	3	146	4	152	5	176	6	144	7	125	8	191	9	108	10	188	11	165	12	179	13	161	14	153	15	106	16	180	17	162	18	118	19	113	20	170	21	146	22	113	23	108	24	136	25	174	26	143	27	178	28	187	29	168	30	152	31	107	32	120	33	124	34	107	35	108	36	199	37	192	38	144	39	125	40	148	41	131	42	132	43	100	44	138	45	123	46	113	47	194	48	115	49	107	
	0	172	1	109	2	194	3	112	4	159	5	152	6	137	7	112	8	156	9	196	10	183	11	102	12	160	13	179	14	157	15	192	16	117	17	139	18	162	19	166	20	101	21	130	22	121	23	197	24	119	25	165	26	120	27	120	28	115	29	132	30	123	31	120	32	134	33	139	34	118	35	183	36	124	37	131	38	167	39	195	40	143	41	157	42	148	43	196	44	109	45	172	46	129	47	179	48	114	49	191	
	0	167	1	122	2	123	3	141	4	158	5	153	6	155	7	120	8	121	9	100	10	184	11	141	12	171	13	173	14	170	15	181	16	112	17	193	18	149	19	142	20	179	21	170	22	132	23	166	24	197	25	179	26	139	27	190	28	112	29	183	30	129	31	183	32	161	33	120	34	199	35	181	36	110	37	192	38	150	39	188	40	135	41	192	42	180	43	127	44	161	45	109	46	162	47	194	48	142	49	140	
	0	101	1	116	2	181	3	181	4	159	5	171	6	190	7	183	8	141	9	171	10	117	11	160	12	132	13	161	14	152	15	144	16	168	17	110	18	166	19	193	20	149	21	134	22	111	23	150	24	129	25	137	26	126	27	120	28	172	29	173	30	132	31	114	32	148	33	142	34	168	35	157	36	140	37	103	38	179	39	148	40	103	41	177	42	152	43	179	44	137	45	147	46	120	47	102	48	183	49	164	
	0	141	1	121	2	104	3	122	4	102	5	127	6	157	7	140	8	141	9	159	10	102	11	183	12	100	13	161	14	127	15	186	16	181	17	162	18	134	19	159	20	148	21	102	22	134	23	147	24	195	25	191	26	193	27	134	28	141	29	139	30	115	31	124	32	184	33	172	34	139	35	192	36	191	37	107	38	152	39	146	40	184	41	162	42	109	43	183	44	103	45	164	46	197	47	198	48	163	49	139	
	0	191	1	132	2	181	3	122	4	193	5	161	6	148	7	173	8	168	9	113	10	172	11	113	12	144	13	145	14	187	15	189	16	114	17	115	18	150	19	114	20	144	21	194	22	172	23	112	24	173	25	127	26	106	27	110	28	107	29	197	30	115	31	117	32	165	33	107	34	159	35	126	36	173	37	124	38	159	39	104	40	110	41	174	42	104	43	193	44	171	45	163	46	138	47	152	48	177	49	129	
	0	163	1	141	2	108	3	120	4	101	5	106	6	154	7	181	8	136	9	133	10	120	11	188	12	181	13	123	14	185	15	115	16	156	17	111	18	177	19	119	20	138	21	189	22	159	23	111	24	184	25	111	26	147	27	183	28	192	29	174	30	128	31	188	32	118	33	194	34	105	35	160	36	154	37	167	38	168	39	106	40	156	41	124	42	116	43	121	44	184	45	138	46	184	47	163	48	158	49	106	
	0	137	1	166	2	115	3	164	4	187	5	149	6	190	7	135	8	169	9	116	10	154	11	175	12	147	13	192	14	175	15	118	16	109	17	123	18	111	19	112	20	151	21	138	22	133	23	134	24	104	25	134	26	118	27	129	28	128	29	110	30	164	31	125	32	194	33	113	34	154	35	124	36	146	37	160	38	194	39	158	40	108	41	118	42	191	43	122	44	105	45	103	46	147	47	134	48	172	49	192	
	0	186	1	156	2	174	3	117	4	104	5	133	6	199	7	175	8	104	9	165	10	114	11	121	12	170	13	189	14	107	15	125	16	169	17	170	18	167	19	119	20	154	21	186	22	152	23	173	24	132	25	127	26	184	27	163	28	117	29	196	30	157	31	116	32	105	33	128	34	171	35	194	36	154	37	168	38	181	39	106	40	169	41	141	42	114	43	115	44	108	45	139	46	188	47	145	48	178	49	197	
	0	196	1	199	2	115	3	116	4	106	5	166	6	153	7	123	8	118	9	114	10	164	11	126	12	196	13	113	14	169	15	120	16	100	17	127	18	148	19	183	20	191	21	113	22	143	23	126	24	136	25	158	26	131	27	181	28	150	29	181	30	177	31	161	32	167	33	173	34	130	35	109	36	141	37	124	38	165	39	102	40	156	41	165	42	162	43	110	44	130	45	113	46	113	47	159	48	127	49	182	
	0	140	1	118	2	129	3	167	4	178	5	188	6	127	7	168	8	121	9	161	10	129	11	146	12	188	13	156	14	122	15	195	16	190	17	171	18	142	19	171	20	185	21	175	22	199	23	163	24	103	25	130	26	182	27	132	28	186	29	145	30	178	31	107	32	136	33	137	34	190	35	149	36	172	37	197	38	157	39	194	40	196	41	129	42	144	43	115	44	172	45	135	46	199	47	193	48	131	49	131	
	0	180	1	120	2	173	3	191	4	149	5	163	6	145	7	192	8	132	9	100	10	132	11	175	12	138	13	152	14	195	15	136	16	130	17	141	18	123	19	120	20	189	21	100	22	183	23	127	24	107	25	104	26	196	27	116	28	131	29	137	30	177	31	146	32	111	33	126	34	156	35	185	36	179	37	144	38	117	39	198	40	105	41	159	42	143	43	124	44	107	45	131	46	189	47	123	48	150	49	165	
	0	156	1	119	2	110	3	158	4	146	5	118	6	130	7	165	8	178	9	179	10	178	11	161	12	100	13	186	14	104	15	105	16	195	17	178	18	129	19	183	20	120	21	183	22	165	23	100	24	122	25	169	26	133	27	178	28	179	29	170	30	141	31	145	32	198	33	170	34	133	35	163	36	121	37	145	38	134	39	139	40	159	41	140	42	176	43	182	44	128	45	193	46	198	47	101	48	114	49	113	
	0	163	1	124	2	117	3	102	4	170	5	199	6	153	7	170	8	136	9	162	10	119	11	105	12	191	13	107	14	194	15	171	16	143	17	109	18	165	19	170	20	187	21	181	22	155	23	117	24	117	25	156	26	190	27	141	28	194	29	195	30	164	31	195	32	104	33	199	34	176	35	173	36	146	37	125	38	146	39	130	40	136	41	110	42	131	43	172	44	181	45	173	46	120	47	107	48	146	49	118	
	0	156	1	160	2	176	3	199	4	105	5	137	6	169	7	126	8	148	9	108	10	119	11	102	12	182	13	147	14	182	15	191	16	109	17	115	18	161	19	181	20	167	21	190	22	181	23	181	24	173	25	111	26	158	27	126	28	135	29	124	30	143	31	191	32	168	33	174	34	133	35	162	36	150	37	114	38	123	39	178	40	180	41	177	42	121	43	186	44	116	45	198	46	107	47	121	48	156	49	103	
	0	110	1	119	2	116	3	177	4	131	5	150	6	123	7	142	8	175	9	111	10	136	11	166	12	194	13	123	14	180	15	130	16	107	17	165	18	161	19	132	20	157	21	170	22	197	23	179	24	145	25	104	26	173	27	120	28	157	29	101	30	162	31	123	32	169	33	132	34	187	35	140	36	129	37	158	38	140	39	129	40	151	41	138	42	183	43	192	44	107	45	124	46	164	47	155	48	181	49	172	
	0	119	1	148	2	197	3	175	4	187	5	136	6	134	7	111	8	130	9	148	10	186	11	115	12	153	13	114	14	199	15	178	16	150	17	154	18	145	19	137	20	161	21	176	22	174	23	193	24	151	25	127	26	102	27	104	28	176	29	113	30	135	31	115	32	100	33	189	34	169	35	104	36	127	37	119	38	117	39	143	40	139	41	154	42	112	43	138	44	119	45	196	46	119	47	135	48	153	49	160	
	0	141	1	190	2	116	3	104	4	117	5	103	6	193	7	194	8	130	9	180	10	104	11	128	12	126	13	163	14	148	15	141	16	171	17	135	18	103	19	171	20	117	21	120	22	131	23	103	24	109	25	108	26	163	27	173	28	134	29	175	30	126	31	101	32	174	33	183	34	175	35	179	36	164	37	129	38	172	39	126	40	105	41	127	42	121	43	168	44	177	45	107	46	154	47	101	48	164	49	170	
	0	109	1	106	2	195	3	179	4	159	5	115	6	174	7	147	8	189	9	149	10	123	11	124	12	199	13	110	14	116	15	166	16	124	17	110	18	157	19	198	20	158	21	146	22	118	23	163	24	109	25	144	26	113	27	159	28	139	29	151	30	177	31	102	32	132	33	191	34	162	35	115	36	195	37	189	38	127	39	132	40	193	41	112	42	190	43	148	44	180	45	110	46	147	47	196	48	121	49	129	
	0	110	1	106	2	153	3	199	4	196	5	178	6	130	7	110	8	149	9	172	10	130	11	135	12	152	13	115	14	140	15	134	16	194	17	156	18	134	19	169	20	160	21	166	22	187	23	145	24	180	25	170	26	107	27	186	28	183	29	169	30	169	31	133	32	187	33	177	34	173	35	144	36	180	37	193	38	159	39	173	40	161	41	113	42	128	43	188	44	198	45	185	46	153	47	151	48	144	49	154	
	0	169	1	105	2	116	3	159	4	192	5	114	6	188	7	107	8	142	9	177	10	124	11	144	12	124	13	124	14	151	15	184	16	159	17	134	18	107	19	164	20	180	21	153	22	178	23	170	24	197	25	103	26	158	27	115	28	103	29	174	30	163	31	198	32	187	33	178	34	141	35	185	36	195	37	103	38	155	39	198	40	189	41	112	42	182	43	154	44	183	45	108	46	170	47	122	48	143	49	177	
	0	179	1	167	2	189	3	122	4	196	5	107	6	181	7	123	8	186	9	134	10	134	11	195	12	175	13	107	14	166	15	119	16	102	17	169	18	139	19	190	20	196	21	143	22	185	23	139	24	177	25	188	26	188	27	127	28	157	29	159	30	197	31	124	32	177	33	125	34	143	35	124	36	165	37	101	38	135	39	181	40	137	41	162	42	147	43	158	44	101	45	134	46	127	47	165	48	118	49	151	
	0	178	1	144	2	159	3	194	4	170	5	153	6	124	7	155	8	133	9	175	10	107	11	167	12	184	13	187	14	101	15	171	16	148	17	184	18	151	19	131	20	187	21	172	22	174	23	199	24	125	25	127	26	153	27	141	28	101	29	159	30	179	31	114	32	100	33	181	34	189	35	103	36	108	37	134	38	181	39	186	40	161	41	174	42	161	43	199	44	145	45	143	46	123	47	105	48	170	49	184	
	0	118	1	145	2	183	3	153	4	147	5	125	6	116	7	158	8	149	9	122	10	134	11	138	12	159	13	104	14	123	15	193	16	193	17	159	18	138	19	119	20	122	21	115	22	120	23	146	24	137	25	138	26	191	27	108	28	166	29	119	30	132	31	193	32	181	33	175	34	189	35	147	36	114	37	175	38	180	39	103	40	131	41	152	42	163	43	173	44	171	45	151	46	128	47	156	48	184	49	193	
	0	105	1	132	2	105	3	192	4	134	5	197	6	130	7	185	8	116	9	145	10	164	11	140	12	150	13	123	14	192	15	146	16	177	17	111	18	192	19	142	20	105	21	198	22	139	23	156	24	196	25	194	26	135	27	152	28	180	29	150	30	161	31	134	32	153	33	156	34	148	35	119	36	151	37	185	38	114	39	142	40	129	41	155	42	196	43	130	44	104	45	198	46	132	47	169	48	189	49	108	
	0	122	1	122	2	139	3	199	4	112	5	112	6	132	7	149	8	159	9	134	10	158	11	104	12	124	13	164	14	113	15	164	16	136	17	184	18	172	19	116	20	177	21	159	22	157	23	193	24	121	25	151	26	179	27	199	28	196	29	124	30	119	31	111	32	134	33	163	34	175	35	106	36	102	37	159	38	115	39	191	40	199	41	187	42	174	43	156	44	134	45	121	46	174	47	131	48	101	49	161	
	0	103	1	156	2	167	3	183	4	166	5	176	6	177	7	192	8	109	9	140	10	133	11	148	12	116	13	136	14	189	15	148	16	123	17	175	18	174	19	190	20	163	21	151	22	131	23	181	24	136	25	195	26	186	27	181	28	111	29	170	30	191	31	196	32	142	33	136	34	157	35	191	36	141	37	191	38	126	39	112	40	188	41	170	42	166	43	188	44	179	45	114	46	183	47	178	48	173	49	158	
	0	159	1	110	2	126	3	158	4	195	5	193	6	120	7	106	8	145	9	102	10	153	11	184	12	146	13	186	14	132	15	167	16	115	17	185	18	193	19	127	20	165	21	133	22	127	23	190	24	139	25	128	26	101	27	157	28	104	29	149	30	192	31	108	32	138	33	124	34	137	35	160	36	123	37	183	38	118	39	151	40	138	41	110	42	152	43	158	44	166	45	167	46	109	47	151	48	103	49	159	
	0	187	1	191	2	190	3	117	4	186	5	146	6	181	7	169	8	157	9	154	10	111	11	117	12	172	13	199	14	142	15	179	16	171	17	176	18	102	19	167	20	159	21	115	22	169	23	164	24	124	25	151	26	142	27	155	28	157	29	143	30	196	31	169	32	131	33	148	34	125	35	137	36	197	37	167	38	147	39	137	40	113	41	197	42	130	43	170	44	158	45	192	46	187	47	108	48	117	49	191	
	0	102	1	192	2	145	3	127	4	171	5	141	6	180	7	184	8	176	9	197	10	156	11	123	12	199	13	197	14	181	15	193	16	138	17	169	18	164	19	142	20	173	21	154	22	151	23	157	24	107	25	119	26	168	27	103	28	102	29	162	30	195	31	152	32	177	33	163	34	110	35	133	36	148	37	155	38	112	39	136	40	119	41	139	42	199	43	159	44	154	45	161	46	124	47	107	48	149	49	196	
	0	103	1	101	2	120	3	120	4	123	5	134	6	116	7	117	8	168	9	189	10	150	11	193	12	133	13	103	14	132	15	168	16	109	17	167	18	190	19	104	20	182	21	176	22	178	23	171	24	193	25	123	26	189	27	136	28	172	29	137	30	150	31	175	32	115	33	118	34	120	35	109	36	139	37	198	38	159	39	144	40	152	41	140	42	124	43	189	44	198	45	101	46	120	47	147	48	167	49	171	
	0	147	1	191	2	128	3	160	4	170	5	161	6	129	7	174	8	107	9	191	10	127	11	156	12	132	13	163	14	179	15	111	16	172	17	147	18	157	19	166	20	141	21	196	22	158	23	102	24	135	25	198	26	194	27	194	28	131	29	179	30	150	31	103	32	163	33	129	34	187	35	194	36	131	37	183	38	197	39	118	40	124	41	124	42	111	43	116	44	173	45	161	46	159	47	106	48	172	49	181	
	0	125	1	169	2	195	3	172	4	177	5	145	6	151	7	101	8	103	9	125	10	194	11	150	12	171	13	141	14	105	15	121	16	178	17	153	18	114	19	139	20	149	21	194	22	188	23	173	24	116	25	152	26	167	27	116	28	159	29	106	30	164	31	188	32	176	33	196	34	143	35	149	36	194	37	163	38	101	39	189	40	119	41	191	42	153	43	130	44	103	45	187	46	133	47	167	48	190	49	179	
	0	101	1	106	2	115	3	190	4	148	5	166	6	128	7	100	8	140	9	143	10	191	11	166	12	121	13	130	14	158	15	182	16	186	17	199	18	143	19	166	20	172	21	127	22	130	23	128	24	159	25	152	26	157	27	164	28	156	29	111	30	139	31	137	32	108	33	128	34	196	35	182	36	104	37	141	38	157	39	125	40	134	41	141	42	159	43	184	44	127	45	145	46	127	47	176	48	152	49	114	
	0	105	1	120	2	117	3	170	4	162	5	158	6	130	7	187	8	113	9	163	10	157	11	190	12	180	13	130	14	197	15	173	16	113	17	106	18	123	19	144	20	196	21	179	22	146	23	107	24	136	25	143	26	109	27	181	28	138	29	105	30	160	31	198	32	157	33	107	34	119	35	177	36	149	37	116	38	133	39	173	40	131	41	126	42	116	43	195	44	198	45	142	46	131	47	141	48	161	49	147	
	0	101	1	190	2	140	3	141	4	124	5	169	6	112	7	158	8	119	9	160	10	180	11	163	12	140	13	138	14	102	15	149	16	199	17	123	18	111	19	120	20	187	21	132	22	115	23	128	24	178	25	182	26	133	27	146	28	190	29	171	30	160	31	111	32	179	33	188	34	182	35	100	36	160	37	118	38	157	39	143	40	114	41	116	42	112	43	190	44	131	45	139	46	140	47	149	48	136	49	197	
	0	174	1	138	2	134	3	165	4	186	5	169	6	131	7	131	8	192	9	102	10	177	11	176	12	118	13	175	14	136	15	184	16	169	17	139	18	162	19	132	20	166	21	181	22	177	23	120	24	156	25	139	26	124	27	169	28	131	29	178	30	146	31	125	32	112	33	195	34	132	35	159	36	122	37	180	38	146	39	115	40	116	41	161	42	186	43	160	44	195	45	163	46	180	47	188	48	131	49	139	
	0	162	1	121	2	147	3	132	4	140	5	105	6	165	7	134	8	137	9	188	10	151	11	118	12	101	13	146	14	181	15	171	16	114	17	132	18	129	19	167	20	123	21	169	22	145	23	108	24	111	25	106	26	155	27	191	28	128	29	143	30	178	31	111	32	144	33	134	34	193	35	192	36	156	37	177	38	190	39	198	40	140	41	187	42	129	43	112	44	115	45	133	46	119	47	193	48	173	49	102	
	0	174	1	149	2	114	3	117	4	114	5	114	6	113	7	176	8	147	9	108	10	187	11	170	12	154	13	120	14	127	15	122	16	118	17	116	18	176	19	174	20	129	21	179	22	150	23	148	24	132	25	135	26	169	27	168	28	191	29	169	30	199	31	110	32	101	33	198	34	132	35	140	36	152	37	176	38	185	39	136	40	150	41	128	42	158	43	108	44	189	45	177	46	145	47	127	48	164	49	126	
	0	149	1	147	2	191	3	126	4	183	5	169	6	187	7	133	8	117	9	157	10	104	11	168	12	121	13	164	14	154	15	122	16	137	17	113	18	195	19	166	20	121	21	139	22	123	23	140	24	148	25	133	26	176	27	159	28	104	29	119	30	198	31	117	32	154	33	157	34	155	35	159	36	131	37	119	38	196	39	113	40	162	41	195	42	112	43	182	44	175	45	196	46	181	47	137	48	175	49	140	
	0	158	1	122	2	178	3	161	4	104	5	196	6	178	7	105	8	106	9	129	10	126	11	103	12	136	13	177	14	199	15	195	16	174	17	177	18	194	19	149	20	186	21	111	22	117	23	123	24	184	25	146	26	132	27	113	28	115	29	147	30	137	31	134	32	170	33	143	34	147	35	181	36	149	37	157	38	151	39	113	40	197	41	104	42	161	43	195	44	110	45	150	46	197	47	197	48	144	49	161	
	0	120	1	133	2	102	3	167	4	145	5	196	6	184	7	181	8	110	9	157	10	199	11	156	12	164	13	105	14	175	15	115	16	126	17	148	18	152	19	141	20	103	21	144	22	102	23	136	24	110	25	195	26	104	27	132	28	152	29	103	30	193	31	182	32	125	33	161	34	190	35	117	36	123	37	126	38	195	39	154	40	140	41	142	42	172	43	140	44	126	45	119	46	140	47	170	48	186	49	166	
	0	138	1	182	2	119	3	190	4	129	5	100	6	141	7	138	8	194	9	151	10	190	11	110	12	152	13	149	14	112	15	130	16	172	17	145	18	194	19	101	20	158	21	154	22	169	23	184	24	140	25	147	26	199	27	172	28	170	29	109	30	143	31	175	32	180	33	130	34	194	35	195	36	129	37	116	38	130	39	149	40	153	41	168	42	189	43	101	44	153	45	181	46	111	47	167	48	154	49	111	
	0	138	1	114	2	156	3	124	4	115	5	133	6	198	7	109	8	109	9	154	10	109	11	148	12	132	13	147	14	197	15	199	16	196	17	124	18	119	19	113	20	137	21	164	22	104	23	181	24	157	25	176	26	190	27	163	28	176	29	162	30	134	31	167	32	136	33	132	34	119	35	145	36	156	37	187	38	195	39	138	40	147	41	155	42	164	43	186	44	127	45	185	46	193	47	135	48	110	49	128	
	0	138	1	111	2	118	3	107	4	190	5	195	6	153	7	184	8	113	9	166	10	105	11	177	12	191	13	181	14	187	15	119	16	116	17	188	18	129	19	143	20	145	21	183	22	114	23	158	24	180	25	111	26	170	27	175	28	188	29	164	30	180	31	188	32	163	33	125	34	164	35	193	36	158	37	190	38	157	39	167	40	147	41	159	42	160	43	113	44	170	45	125	46	143	47	195	48	174	49	182	
	0	110	1	161	2	194	3	150	4	116	5	160	6	192	7	113	8	146	9	150	10	118	11	108	12	184	13	198	14	110	15	180	16	177	17	136	18	181	19	198	20	158	21	179	22	127	23	149	24	166	25	110	26	153	27	167	28	189	29	161	30	183	31	110	32	191	33	153	34	113	35	116	36	185	37	179	38	181	39	125	40	103	41	165	42	188	43	141	44	165	45	128	46	119	47	167	48	172	49	110	
	0	160	1	196	2	191	3	116	4	126	5	125	6	167	7	108	8	173	9	199	10	165	11	144	12	168	13	153	14	164	15	155	16	118	17	133	18	128	19	173	20	135	21	145	22	133	23	155	24	104	25	114	26	140	27	169	28	153	29	162	30	160	31	192	32	136	33	198	34	189	35	104	36	172	37	167	38	183	39	174	40	175	41	157	42	165	43	112	44	160	45	171	46	129	47	166	48	197	49	190	
	0	129	1	113	2	186	3	173	4	160	5	183	6	140	7	106	8	155	9	126	10	169	11	147	12	182	13	157	14	131	15	161	16	111	17	125	18	140	19	162	20	106	21	110	22	190	23	130	24	180	25	134	26	136	27	187	28	170	29	123	30	174	31	197	32	128	33	148	34	197	35	128	36	196	37	122	38	131	39	151	40	189	41	125	42	154	43	135	44	198	45	135	46	191	47	150	48	141	49	182	
	0	115	1	126	2	184	3	166	4	186	5	144	6	135	7	169	8	192	9	153	10	103	11	186	12	185	13	191	14	135	15	189	16	169	17	127	18	145	19	144	20	189	21	152	22	135	23	128	24	125	25	161	26	177	27	132	28	195	29	151	30	112	31	152	32	121	33	112	34	137	35	122	36	135	37	112	38	148	39	173	40	144	41	114	42	135	43	162	44	123	45	125	46	163	47	128	48	161	49	110	
	0	123	1	181	2	198	3	153	4	188	5	111	6	158	7	154	8	161	9	161	10	163	11	109	12	191	13	186	14	153	15	188	16	125	17	168	18	173	19	150	20	187	21	190	22	119	23	162	24	116	25	197	26	170	27	193	28	194	29	189	30	150	31	111	32	185	33	120	34	143	35	113	36	161	37	140	38	120	39	141	40	171	41	198	42	139	43	149	44	114	45	144	46	140	47	121	48	139	49	194	
	0	109	1	147	2	162	3	101	4	169	5	180	6	120	7	141	8	176	9	177	10	167	11	145	12	148	13	177	14	125	15	178	16	158	17	182	18	149	19	129	20	192	21	136	22	170	23	134	24	152	25	137	26	158	27	130	28	125	29	132	30	189	31	173	32	165	33	157	34	112	35	153	36	164	37	137	38	148	39	103	40	132	41	155	42	103	43	123	44	175	45	142	46	189	47	111	48	101	49	163	
	0	144	1	125	2	126	3	147	4	104	5	103	6	128	7	171	8	127	9	104	10	190	11	144	12	185	13	197	14	155	15	101	16	102	17	102	18	170	19	168	20	101	21	106	22	103	23	189	24	189	25	131	26	194	27	190	28	126	29	199	30	171	31	108	32	171	33	197	34	162	35	123	36	120	37	107	38	173	39	141	40	108	41	195	42	173	43	117	44	192	45	122	46	122	47	100	48	154	49	105	
	0	156	1	146	2	101	3	144	4	127	5	129	6	153	7	122	8	173	9	126	10	121	11	126	12	128	13	189	14	130	15	175	16	123	17	180	18	113	19	175	20	190	21	109	22	113	23	103	24	138	25	121	26	186	27	111	28	134	29	188	30	168	31	129	32	185	33	146	34	133	35	195	36	101	37	185	38	176	39	130	40	186	41	138	42	124	43	115	44	172	45	178	46	179	47	169	48	161	49	197	
	0	121	1	166	2	131	3	118	4	130	5	138	6	158	7	129	8	151	9	126	10	151	11	127	12	155	13	102	14	182	15	165	16	193	17	164	18	182	19	127	20	198	21	134	22	139	23	117	24	148	25	135	26	163	27	127	28	152	29	131	30	146	31	158	32	134	33	102	34	148	35	135	36	164	37	106	38	173	39	124	40	147	41	181	42	110	43	155	44	115	45	172	46	127	47	162	48	104	49	111	
	0	137	1	105	2	177	3	147	4	109	5	159	6	149	7	138	8	154	9	116	10	181	11	127	12	192	13	160	14	101	15	185	16	142	17	150	18	123	19	182	20	171	21	160	22	134	23	192	24	165	25	174	26	180	27	140	28	147	29	110	30	132	31	188	32	114	33	122	34	184	35	146	36	143	37	141	38	174	39	128	40	119	41	173	42	133	43	135	44	183	45	103	46	151	47	168	48	187	49	110	
	0	154	1	170	2	143	3	193	4	124	5	169	6	106	7	130	8	103	9	117	10	163	11	168	12	120	13	166	14	129	15	106	16	184	17	124	18	162	19	167	20	149	21	124	22	196	23	122	24	132	25	174	26	193	27	174	28	170	29	199	30	161	31	190	32	197	33	118	34	118	35	168	36	133	37	138	38	172	39	133	40	104	41	103	42	147	43	133	44	147	45	122	46	162	47	124	48	139	49	105	
	0	190	1	184	2	121	3	180	4	112	5	119	6	170	7	177	8	188	9	190	10	179	11	101	12	115	13	104	14	137	15	103	16	120	17	164	18	104	19	137	20	111	21	102	22	118	23	191	24	178	25	136	26	115	27	124	28	162	29	198	30	168	31	115	32	130	33	189	34	193	35	114	36	131	37	149	38	113	39	138	40	136	41	178	42	138	43	164	44	137	45	131	46	173	47	120	48	144	49	106	
	0	143	1	116	2	167	3	120	4	149	5	180	6	157	7	126	8	178	9	160	10	167	11	155	12	172	13	112	14	167	15	133	16	135	17	143	18	141	19	106	20	102	21	159	22	155	23	103	24	126	25	182	26	191	27	191	28	165	29	118	30	163	31	186	32	156	33	127	34	112	35	121	36	182	37	186	38	136	39	107	40	181	41	122	42	159	43	179	44	162	45	147	46	169	47	177	48	109	49	118	
	0	103	1	159	2	175	3	107	4	191	5	192	6	117	7	176	8	181	9	100	10	134	11	160	12	108	13	195	14	125	15	160	16	131	17	108	18	144	19	189	20	126	21	154	22	177	23	149	24	129	25	114	26	195	27	164	28	163	29	192	30	137	31	185	32	139	33	180	34	175	35	131	36	160	37	118	38	170	39	114	40	124	41	197	42	119	43	129	44	168	45	161	46	120	47	117	48	174	49	169	
	0	159	1	194	2	156	3	139	4	152	5	146	6	165	7	195	8	142	9	160	10	162	11	167	12	121	13	170	14	195	15	154	16	139	17	150	18	175	19	152	20	116	21	199	22	174	23	172	24	173	25	144	26	123	27	169	28	142	29	143	30	115	31	123	32	140	33	168	34	185	35	124	36	183	37	181	38	119	39	108	40	187	41	190	42	106	43	153	44	166	45	106	46	130	47	171	48	190	49	176	
	0	160	1	187	2	129	3	168	4	169	5	160	6	107	7	130	8	192	9	151	10	127	11	182	12	197	13	180	14	143	15	195	16	115	17	174	18	149	19	114	20	135	21	144	22	107	23	194	24	174	25	163	26	112	27	188	28	176	29	188	30	164	31	177	32	111	33	110	34	155	35	105	36	116	37	133	38	133	39	121	40	161	41	138	42	107	43	146	44	160	45	151	46	102	47	167	48	124	49	191	
	0	140	1	132	2	110	3	111	4	149	5	148	6	195	7	128	8	195	9	106	10	149	11	126	12	134	13	166	14	159	15	134	16	163	17	170	18	155	19	111	20	160	21	164	22	183	23	179	24	134	25	162	26	120	27	132	28	171	29	169	30	188	31	163	32	147	33	132	34	155	35	125	36	182	37	105	38	128	39	129	40	134	41	162	42	197	43	123	44	172	45	190	46	105	47	131	48	138	49	183	
	0	118	1	114	2	132	3	191	4	161	5	153	6	135	7	183	8	138	9	155	10	146	11	172	12	128	13	165	14	154	15	114	16	157	17	162	18	193	19	148	20	111	21	154	22	103	23	169	24	181	25	104	26	152	27	129	28	129	29	171	30	134	31	123	32	106	33	150	34	111	35	175	36	137	37	165	38	104	39	161	40	160	41	100	42	162	43	113	44	180	45	158	46	188	47	106	48	142	49	199	
	0	158	1	185	2	150	3	186	4	109	5	131	6	167	7	174	8	149	9	107	10	158	11	165	12	196	13	199	14	117	15	179	16	167	17	119	18	120	19	186	20	128	21	104	22	124	23	167	24	191	25	174	26	172	27	129	28	134	29	108	30	113	31	194	32	114	33	117	34	193	35	145	36	115	37	108	38	161	39	143	40	120	41	121	42	105	43	167	44	171	45	119	46	189	47	162	48	112	49	199	
	0	189	1	113	2	114	3	135	4	137	5	164	6	138	7	117	8	143	9	115	10	129	11	119	12	107	13	172	14	192	15	139	16	153	17	184	18	139	19	199	20	118	21	133	22	139	23	154	24	133	25	126	26	193	27	183	28	149	29	141	30	125	31	136	32	165	33	181	34	144	35	140	36	199	37	171	38	194	39	153	40	130	41	123	42	167	43	184	44	182	45	157	46	169	47	103	48	102	49	171	
	0	151	1	177	2	174	3	135	4	165	5	179	6	179	7	193	8	109	9	183	10	117	11	113	12	138	13	109	14	156	15	155	16	124	17	113	18	126	19	148	20	140	21	171	22	116	23	154	24	181	25	119	26	168	27	137	28	112	29	137	30	164	31	133	32	196	33	190	34	158	35	192	36	111	37	198	38	199	39	136	40	130	41	114	42	181	43	122	44	108	45	174	46	173	47	158	48	111	49	183	
	0	143	1	175	2	163	3	193	4	106	5	100	6	191	7	156	8	196	9	184	10	109	11	114	12	130	13	191	14	186	15	146	16	132	17	150	18	184	19	161	20	173	21	113	22	174	23	161	24	114	25	141	26	190	27	103	28	197	29	127	30	197	31	113	32	180	33	140	34	123	35	158	36	144	37	196	38	125	39	122	40	134	41	175	42	185	43	121	44	137	45	192	46	166	47	133	48	114	49	143	
	0	197	1	123	2	156	3	181	4	127	5	176	6	166	7	188	8	117	9	137	10	176	11	178	12	166	13	105	14	167	15	168	16	117	17	175	18	110	19	162	20	199	21	182	22	162	23	136	24	139	25	142	26	148	27	197	28	125	29	174	30	162	31	149	32	189	33	177	34	105	35	146	36	103	37	142	38	199	39	128	40	160	41	198	42	185	43	178	44	198	45	137	46	143	47	169	48	104	49	185	
	0	131	1	139	2	133	3	172	4	108	5	116	6	152	7	178	8	152	9	165	10	102	11	198	12	158	13	179	14	172	15	137	16	111	17	128	18	164	19	181	20	147	21	145	22	151	23	177	24	189	25	131	26	197	27	110	28	132	29	160	30	184	31	121	32	156	33	163	34	126	35	140	36	108	37	124	38	127	39	136	40	125	41	133	42	148	43	113	44	197	45	137	46	183	47	197	48	179	49	102	
	0	151	1	131	2	176	3	164	4	107	5	135	6	144	7	126	8	187	9	120	10	142	11	189	12	130	13	106	14	124	15	177	16	104	17	122	18	135	19	178	20	129	21	164	22	151	23	136	24	191	25	199	26	127	27	158	28	113	29	173	30	137	31	153	32	124	33	141	34	194	35	191	36	175	37	166	38	105	39	135	40	159	41	138	42	161	43	129	44	126	45	117	46	136	47	157	48	134	49	149	
	0	199	1	100	2	136	3	138	4	109	5	155	6	198	7	123	8	193	9	184	10	147	11	119	12	196	13	105	14	139	15	123	16	139	17	152	18	112	19	185	20	181	21	193	22	195	23	134	24	141	25	186	26	195	27	121	28	152	29	148	30	163	31	118	32	130	33	148	34	107	35	159	36	112	37	177	38	187	39	110	40	173	41	142	42	168	43	117	44	157	45	189	46	168	47	112	48	168	49	189	
	0	184	1	112	2	192	3	177	4	137	5	182	6	123	7	121	8	161	9	126	10	123	11	178	12	128	13	133	14	163	15	152	16	107	17	194	18	119	19	131	20	152	21	176	22	141	23	124	24	136	25	198	26	156	27	145	28	135	29	158	30	194	31	128	32	126	33	152	34	117	35	134	36	195	37	123	38	150	39	139	40	185	41	176	42	138	43	126	44	121	45	102	46	154	47	138	48	182	49	175	
	0	111	1	105	2	111	3	149	4	152	5	126	6	176	7	191	8	196	9	130	10	151	11	199	12	196	13	191	14	148	15	160	16	161	17	196	18	191	19	168	20	174	21	182	22	122	23	191	24	173	25	121	26	103	27	113	28	180	29	160	30	120	31	106	32	108	33	178	34	142	35	113	36	110	37	184	38	187	39	126	40	138	41	195	42	118	43	132	44	178	45	164	46	186	47	192	48	139	49	145	
	0	194	1	135	2	199	3	100	4	172	5	196	6	155	7	102	8	100	9	129	10	175	11	104	12	184	13	168	14	121	15	178	16	142	17	103	18	155	19	106	20	118	21	101	22	174	23	197	24	170	25	120	26	156	27	141	28	104	29	164	30	149	31	118	32	188	33	150	34	117	35	127	36	100	37	166	38	165	39	138	40	152	41	179	42	133	43	120	44	102	45	124	46	115	47	174	48	147	49	164	
	0	191	1	112	2	152	3	104	4	144	5	184	6	101	7	125	8	166	9	104	10	148	11	137	12	100	13	118	14	189	15	122	16	128	17	129	18	141	19	102	20	163	21	136	22	165	23	139	24	197	25	171	26	119	27	135	28	110	29	166	30	101	31	196	32	131	33	134	34	117	35	141	36	143	37	171	38	161	39	145	40	124	41	128	42	179	43	138	44	143	45	139	46	185	47	171	48	117	49	148	
	0	176	1	155	2	108	3	141	4	182	5	128	6	131	7	184	8	154	9	175	10	170	11	133	12	184	13	183	14	161	15	192	16	114	17	186	18	135	19	131	20	155	21	125	22	111	23	132	24	131	25	143	26	196	27	133	28	128	29	100	30	191	31	146	32	196	33	161	34	145	35	128	36	127	37	196	38	115	39	169	40	132	41	146	42	190	43	175	44	123	45	100	46	119	47	158	48	151	49	130	
	0	150	1	183	2	107	3	173	4	193	5	150	6	147	7	185	8	104	9	133	10	165	11	119	12	189	13	113	14	189	15	156	16	126	17	186	18	131	19	109	20	169	21	145	22	148	23	163	24	158	25	194	26	180	27	153	28	196	29	184	30	154	31	138	32	166	33	143	34	165	35	185	36	176	37	145	38	120	39	199	40	195	41	170	42	190	43	182	44	157	45	199	46	116	47	144	48	166	49	195	
	0	100	1	192	2	121	3	147	4	178	5	163	6	160	7	143	8	106	9	156	10	168	11	162	12	137	13	176	14	199	15	121	16	181	17	148	18	135	19	101	20	181	21	125	22	116	23	181	24	161	25	118	26	135	27	195	28	144	29	178	30	130	31	194	32	132	33	121	34	184	35	157	36	119	37	145	38	106	39	157	40	188	41	125	42	111	43	116	44	148	45	190	46	190	47	182	48	131	49	131	
	0	150	1	146	2	134	3	131	4	140	5	194	6	180	7	103	8	101	9	188	10	190	11	197	12	138	13	199	14	176	15	107	16	169	17	186	18	158	19	101	20	124	21	141	22	159	23	122	24	138	25	115	26	118	27	195	28	103	29	153	30	163	31	170	32	150	33	163	34	144	35	154	36	114	37	100	38	173	39	120	40	100	41	140	42	161	43	118	44	125	45	103	46	148	47	196	48	196	49	102	
	0	139	1	147	2	120	3	154	4	136	5	113	6	111	7	105	8	143	9	128	10	166	11	187	12	184	13	185	14	153	15	186	16	110	17	197	18	103	19	179	20	117	21	178	22	177	23	154	24	150	25	167	26	148	27	118	28	165	29	142	30	113	31	165	32	155	33	168	34	164	35	141	36	133	37	176	38	188	39	191	40	168	41	152	42	150	43	195	44	112	45	179	46	193	47	166	48	105	49	148	
	0	187	1	180	2	193	3	157	4	155	5	182	6	144	7	150	8	115	9	175	10	152	11	170	12	180	13	127	14	138	15	158	16	140	17	117	18	111	19	161	20	144	21	122	22	148	23	179	24	144	25	159	26	181	27	149	28	129	29	135	30	140	31	171	32	110	33	123	34	123	35	113	36	178	37	179	38	119	39	146	40	101	41	146	42	180	43	195	44	149	45	116	46	158	47	164	48	121	49	196	
	0	138	1	172	2	163	3	108	4	163	5	197	6	184	7	119	8	165	9	143	10	173	11	145	12	156	13	147	14	171	15	151	16	116	17	114	18	158	19	135	20	164	21	116	22	183	23	173	24	148	25	135	26	137	27	136	28	146	29	135	30	123	31	166	32	186	33	147	34	125	35	178	36	170	37	163	38	141	39	112	40	138	41	157	42	125	43	148	44	131	45	199	46	170	47	153	48	179	49	131	
	0	195	1	153	2	130	3	135	4	172	5	177	6	116	7	128	8	130	9	123	10	115	11	129	12	154	13	176	14	151	15	132	16	194	17	101	18	100	19	140	20	156	21	149	22	121	23	163	24	129	25	188	26	108	27	120	28	109	29	144	30	138	31	158	32	162	33	121	34	109	35	151	36	114	37	132	38	119	39	195	40	130	41	153	42	143	43	161	44	149	45	101	46	140	47	188	48	171	49	183	
	0	138	1	116	2	108	3	131	4	198	5	132	6	113	7	109	8	168	9	120	10	174	11	105	12	176	13	100	14	193	15	103	16	198	17	108	18	127	19	194	20	155	21	168	22	180	23	134	24	130	25	119	26	197	27	130	28	107	29	175	30	175	31	146	32	151	33	111	34	131	35	130	36	181	37	190	38	114	39	115	40	134	41	193	42	142	43	183	44	132	45	176	46	166	47	151	48	132	49	151	
	0	159	1	119	2	178	3	138	4	100	5	150	6	182	7	176	8	142	9	123	10	138	11	169	12	101	13	140	14	160	15	162	16	174	17	157	18	142	19	110	20	187	21	183	22	199	23	147	24	156	25	159	26	120	27	197	28	152	29	173	30	160	31	195	32	147	33	121	34	122	35	191	36	175	37	145	38	154	39	194	40	179	41	147	42	183	43	169	44	123	45	115	46	100	47	148	48	152	49	160	
	0	141	1	103	2	147	3	143	4	181	5	136	6	189	7	168	8	190	9	146	10	187	11	121	12	129	13	164	14	179	15	131	16	137	17	161	18	167	19	167	20	103	21	112	22	193	23	191	24	196	25	116	26	192	27	185	28	171	29	154	30	143	31	109	32	125	33	128	34	108	35	116	36	131	37	198	38	161	39	191	40	139	41	156	42	155	43	187	44	124	45	170	46	171	47	187	48	160	49	157	
	0	146	1	185	2	195	3	103	4	123	5	138	6	166	7	162	8	141	9	112	10	130	11	150	12	176	13	137	14	116	15	108	16	122	17	102	18	194	19	104	20	103	21	191	22	100	23	183	24	136	25	167	26	164	27	138	28	182	29	173	30	135	31	122	32	159	33	121	34	134	35	157	36	115	37	172	38	174	39	107	40	100	41	114	42	124	43	182	44	114	45	142	46	176	47	168	48	191	49	177	
	0	121	1	118	2	180	3	185	4	119	5	107	6	119	7	102	8	185	9	123	10	105	11	154	12	162	13	110	14	133	15	172	16	135	17	105	18	126	19	119	20	106	21	187	22	103	23	161	24	130	25	177	26	171	27	104	28	111	29	132	30	136	31	166	32	109	33	101	34	188	35	153	36	177	37	195	38	174	39	142	40	112	41	137	42	147	43	137	44	129	45	195	46	155	47	115	48	134	49	155	
	0	191	1	132	2	119	3	161	4	101	5	184	6	103	7	188	8	196	9	166	10	199	11	124	12	114	13	139	14	113	15	188	16	194	17	118	18	142	19	100	20	155	21	140	22	144	23	161	24	181	25	107	26	132	27	198	28	158	29	128	30	168	31	128	32	100	33	182	34	164	35	118	36	177	37	167	38	103	39	181	40	168	41	129	42	157	43	195	44	112	45	149	46	189	47	115	48	171	49	192	
	0	170	1	154	2	101	3	140	4	126	5	162	6	183	7	156	8	102	9	143	10	139	11	196	12	116	13	190	14	194	15	194	16	143	17	182	18	177	19	169	20	191	21	142	22	109	23	148	24	193	25	110	26	174	27	117	28	150	29	198	30	139	31	180	32	184	33	109	34	164	35	186	36	153	37	152	38	144	39	111	40	121	41	142	42	103	43	160	44	194	45	107	46	112	47	191	48	139	49	121	
	0	161	1	120	2	166	3	135	4	132	5	176	6	123	7	141	8	120	9	109	10	147	11	186	12	149	13	186	14	102	15	117	16	141	17	151	18	197	19	147	20	129	21	100	22	179	23	194	24	104	25	162	26	171	27	127	28	115	29	119	30	124	31	174	32	191	33	143	34	109	35	182	36	128	37	172	38	143	39	172	40	186	41	199	42	181	43	158	44	170	45	145	46	190	47	153	48	134	49	169	
	0	115	1	116	2	138	3	165	4	134	5	176	6	156	7	196	8	130	9	184	10	103	11	130	12	193	13	114	14	157	15	146	16	107	17	185	18	150	19	105	20	165	21	127	22	113	23	117	24	171	25	170	26	134	27	102	28	170	29	138	30	113	31	105	32	190	33	198	34	131	35	159	36	156	37	192	38	142	39	188	40	156	41	108	42	164	43	129	44	119	45	153	46	145	47	109	48	164	49	175	
	0	194	1	175	2	105	3	157	4	151	5	165	6	161	7	135	8	152	9	168	10	196	11	104	12	153	13	148	14	195	15	181	16	159	17	140	18	130	19	106	20	178	21	192	22	124	23	163	24	113	25	131	26	147	27	151	28	137	29	128	30	125	31	109	32	167	33	173	34	119	35	127	36	174	37	189	38	196	39	144	40	125	41	120	42	193	43	199	44	129	45	160	46	137	47	166	48	182	49	116	
	0	140	1	101	2	173	3	150	4	199	5	123	6	167	7	117	8	139	9	140	10	124	11	198	12	157	13	125	14	150	15	163	16	118	17	193	18	141	19	163	20	163	21	181	22	100	23	173	24	114	25	138	26	187	27	119	28	140	29	100	30	126	31	114	32	154	33	163	34	165	35	192	36	147	37	126	38	109	39	135	40	184	41	103	42	106	43	169	44	165	45	129	46	103	47	154	48	176	49	155	
	0	132	1	129	2	171	3	178	4	183	5	112	6	197	7	154	8	107	9	123	10	193	11	119	12	161	13	155	14	156	15	130	16	148	17	136	18	159	19	135	20	136	21	148	22	186	23	101	24	184	25	132	26	156	27	157	28	169	29	138	30	131	31	108	32	183	33	181	34	123	35	108	36	192	37	184	38	151	39	179	40	163	41	122	42	135	43	187	44	111	45	122	46	118	47	182	48	133	49	168	
	0	132	1	170	2	196	3	100	4	173	5	122	6	132	7	119	8	178	9	167	10	113	11	170	12	136	13	181	14	179	15	186	16	107	17	126	18	167	19	142	20	140	21	137	22	173	23	198	24	111	25	177	26	102	27	112	28	116	29	153	30	120	31	191	32	109	33	116	34	108	35	140	36	153	37	114	38	120	39	199	40	180	41	149	42	111	43	174	44	120	45	110	46	118	47	187	48	116	49	136	
	0	185	1	125	2	155	3	164	4	123	5	129	6	180	7	108	8	176	9	181	10	198	11	101	12	161	13	144	14	187	15	108	16	173	17	144	18	150	19	148	20	182	21	186	22	177	23	170	24	174	25	180	26	185	27	191	28	162	29	174	30	113	31	171	32	198	33	166	34	114	35	131	36	159	37	145	38	115	39	116	40	109	41	144	42	191	43	124	44	116	45	153	46	124	47	102	48	175	49	139	
	0	135	1	125	2	136	3	133	4	198	5	151	6	131	7	133	8	148	9	140	10	122	11	118	12	171	13	142	14	110	15	192	16	112	17	111	18	136	19	164	20	170	21	190	22	131	23	101	24	101	25	196	26	157	27	117	28	167	29	119	30	109	31	122	32	154	33	193	34	177	35	144	36	178	37	134	38	134	39	143	40	100	41	172	42	178	43	103	44	121	45	193	46	160	47	108	48	100	49	140	
	0	190	1	145	2	148	3	133	4	100	5	121	6	162	7	165	8	125	9	120	10	181	11	161	12	100	13	128	14	157	15	156	16	130	17	171	18	190	19	185	20	166	21	158	22	163	23	132	24	182	25	117	26	187	27	132	28	153	29	170	30	168	31	114	32	122	33	184	34	166	35	137	36	144	37	195	38	131	39	153	40	123	41	158	42	149	43	170	44	124	45	142	46	190	47	174	48	161	49	178	
	0	128	1	123	2	108	3	177	4	156	5	196	6	138	7	115	8	190	9	128	10	136	11	137	12	194	13	145	14	190	15	196	16	186	17	110	18	197	19	165	20	120	21	198	22	155	23	122	24	172	25	162	26	184	27	127	28	111	29	126	30	136	31	102	32	115	33	189	34	164	35	117	36	175	37	136	38	135	39	123	40	165	41	168	42	178	43	173	44	199	45	192	46	140	47	103	48	184	49	169	
	0	185	1	160	2	181	3	149	4	181	5	142	6	189	7	159	8	101	9	172	10	145	11	121	12	177	13	109	14	120	15	102	16	109	17	198	18	119	19	139	20	187	21	108	22	121	23	176	24	147	25	115	26	187	27	152	28	107	29	140	30	147	31	169	32	140	33	110	34	182	35	170	36	189	37	101	38	192	39	167	40	187	41	172	42	100	43	127	44	138	45	156	46	154	47	142	48	180	49	170	
	0	186	1	151	2	132	3	150	4	149	5	117	6	139	7	199	8	166	9	141	10	139	11	115	12	191	13	154	14	147	15	111	16	127	17	181	18	135	19	155	20	122	21	197	22	137	23	124	24	172	25	144	26	110	27	164	28	106	29	181	30	129	31	104	32	162	33	174	34	145	35	133	36	178	37	134	38	101	39	104	40	116	41	162	42	132	43	140	44	125	45	160	46	110	47	178	48	124	49	105	
	0	120	1	160	2	162	3	142	4	184	5	148	6	109	7	144	8	145	9	175	10	194	11	180	12	159	13	134	14	180	15	176	16	198	17	141	18	178	19	143	20	165	21	191	22	193	23	173	24	122	25	186	26	124	27	124	28	169	29	196	30	193	31	124	32	166	33	176	34	189	35	173	36	120	37	143	38	179	39	106	40	184	41	178	42	173	43	138	44	123	45	144	46	136	47	179	48	199	49	194	
	0	120	1	156	2	165	3	131	4	169	5	152	6	157	7	135	8	192	9	129	10	167	11	156	12	121	13	160	14	139	15	175	16	146	17	158	18	164	19	189	20	173	21	127	22	121	23	122	24	108	25	107	26	140	27	135	28	194	29	125	30	165	31	124	32	161	33	142	34	115	35	109	36	111	37	144	38	118	39	150	40	158	41	148	42	141	43	191	44	166	45	189	46	110	47	149	48	165	49	173	
	0	169	1	163	2	137	3	163	4	186	5	193	6	186	7	171	8	127	9	171	10	122	11	104	12	122	13	131	14	108	15	140	16	136	17	176	18	157	19	169	20	172	21	179	22	146	23	191	24	190	25	144	26	150	27	185	28	179	29	111	30	159	31	126	32	150	33	137	34	170	35	102	36	178	37	137	38	108	39	123	40	160	41	191	42	120	43	138	44	112	45	108	46	102	47	106	48	175	49	173	
	0	113	1	106	2	122	3	138	4	110	5	196	6	184	7	148	8	195	9	110	10	183	11	175	12	111	13	170	14	181	15	126	16	151	17	171	18	141	19	128	20	141	21	106	22	131	23	179	24	168	25	139	26	194	27	129	28	165	29	104	30	133	31	163	32	157	33	188	34	191	35	139	36	181	37	118	38	144	39	118	40	111	41	121	42	192	43	110	44	142	45	136	46	131	47	158	48	161	49	171	
	0	199	1	160	2	141	3	117	4	199	5	188	6	106	7	125	8	124	9	183	10	192	11	179	12	186	13	167	14	115	15	172	16	196	17	174	18	116	19	154	20	153	21	119	22	175	23	166	24	132	25	176	26	123	27	109	28	143	29	102	30	189	31	150	32	100	33	160	34	185	35	122	36	193	37	102	38	109	39	130	40	182	41	134	42	192	43	138	44	153	45	120	46	144	47	123	48	174	49	152	
	0	129	1	143	2	153	3	146	4	103	5	185	6	166	7	193	8	158	9	107	10	199	11	190	12	117	13	192	14	148	15	123	16	132	17	171	18	140	19	136	20	135	21	163	22	156	23	114	24	120	25	153	26	175	27	191	28	184	29	132	30	178	31	107	32	168	33	169	34	173	35	124	36	119	37	149	38	197	39	178	40	116	41	172	42	160	43	141	44	126	45	160	46	148	47	155	48	186	49	127	
	0	157	1	159	2	198	3	104	4	147	5	148	6	117	7	117	8	132	9	196	10	115	11	170	12	182	13	184	14	143	15	116	16	132	17	125	18	119	19	128	20	164	21	161	22	188	23	152	24	162	25	180	26	132	27	152	28	107	29	190	30	196	31	171	32	108	33	134	34	144	35	161	36	166	37	114	38	138	39	137	40	155	41	198	42	133	43	152	44	112	45	167	46	120	47	168	48	123	49	196	
	0	175	1	120	2	124	3	103	4	147	5	145	6	132	7	166	8	199	9	194	10	169	11	190	12	190	13	125	14	193	15	174	16	135	17	109	18	152	19	197	20	183	21	169	22	169	23	193	24	146	25	135	26	127	27	132	28	155	29	190	30	186	31	169	32	194	33	162	34	134	35	117	36	104	37	153	38	158	39	100	40	166	41	119	42	178	43	174	44	163	45	191	46	139	47	134	48	140	49	121	
	0	151	1	102	2	185	3	190	4	182	5	178	6	118	7	162	8	183	9	120	10	191	11	145	12	153	13	129	14	114	15	177	16	147	17	161	18	112	19	159	20	170	21	153	22	175	23	174	24	122	25	162	26	103	27	149	28	123	29	167	30	131	31	181	32	187	33	115	34	171	35	118	36	129	37	161	38	189	39	155	40	192	41	157	42	104	43	102	44	123	45	136	46	185	47	131	48	169	49	157	
	0	185	1	156	2	190	3	170	4	141	5	157	6	189	7	158	8	154	9	189	10	148	11	188	12	184	13	137	14	162	15	110	16	194	17	111	18	171	19	157	20	106	21	132	22	167	23	160	24	155	25	152	26	129	27	197	28	177	29	114	30	146	31	183	32	114	33	126	34	139	35	146	36	135	37	130	38	180	39	109	40	129	41	157	42	103	43	186	44	155	45	141	46	149	47	197	48	109	49	181	
	0	132	1	159	2	163	3	107	4	110	5	142	6	155	7	167	8	122	9	177	10	136	11	115	12	177	13	116	14	164	15	119	16	160	17	134	18	159	19	134	20	165	21	181	22	144	23	144	24	184	25	193	26	183	27	132	28	109	29	162	30	132	31	102	32	191	33	162	34	158	35	181	36	143	37	181	38	165	39	103	40	143	41	135	42	187	43	101	44	138	45	129	46	118	47	150	48	198	49	162	
	0	119	1	161	2	142	3	121	4	182	5	147	6	174	7	112	8	130	9	195	10	101	11	179	12	120	13	176	14	125	15	167	16	164	17	189	18	117	19	118	20	112	21	104	22	124	23	183	24	130	25	138	26	186	27	169	28	181	29	128	30	141	31	125	32	120	33	118	34	114	35	189	36	155	37	188	38	110	39	147	40	103	41	126	42	157	43	110	44	128	45	170	46	150	47	101	48	161	49	126	
	0	172	1	146	2	113	3	103	4	120	5	115	6	173	7	116	8	115	9	199	10	147	11	104	12	129	13	127	14	126	15	135	16	193	17	177	18	140	19	129	20	104	21	135	22	105	23	109	24	173	25	141	26	125	27	101	28	109	29	121	30	133	31	123	32	144	33	191	34	198	35	159	36	124	37	180	38	136	39	128	40	175	41	165	42	191	43	118	44	125	45	105	46	113	47	122	48	128	49	193	
	0	188	1	126	2	187	3	136	4	181	5	107	6	149	7	138	8	102	9	171	10	163	11	194	12	184	13	125	14	134	15	131	16	134	17	117	18	156	19	113	20	155	21	154	22	109	23	121	24	130	25	154	26	137	27	163	28	185	29	196	30	177	31	125	32	187	33	105	34	124	35	129	36	168	37	125	38	145	39	108	40	135	41	118	42	127	43	165	44	102	45	196	46	152	47	144	48	154	49	132	
	0	139	1	188	2	186	3	166	4	109	5	149	6	151	7	177	8	119	9	156	10	170	11	105	12	134	13	141	14	106	15	132	16	183	17	162	18	116	19	167	20	130	21	166	22	197	23	198	24	114	25	177	26	151	27	191	28	172	29	120	30	148	31	172	32	102	33	121	34	192	35	179	36	103	37	176	38	195	39	110	40	117	41	157	42	192	43	164	44	150	45	153	46	188	47	118	48	147	49	148	
	0	102	1	121	2	122	3	118	4	151	5	101	6	168	7	199	8	123	9	192	10	101	11	186	12	100	13	189	14	121	15	181	16	143	17	110	18	103	19	122	20	149	21	129	22	183	23	149	24	118	25	150	26	173	27	161	28	182	29	100	30	173	31	191	32	110	33	199	34	151	35	135	36	106	37	133	38	153	39	118	40	101	41	169	42	115	43	133	44	177	45	111	46	175	47	163	48	189	49	119	
	0	181	1	166	2	105	3	186	4	167	5	192	6	142	7	183	8	171	9	186	10	167	11	116	12	177	13	178	14	168	15	144	16	100	17	157	18	177	19	149	20	184	21	147	22	191	23	163	24	102	25	131	26	135	27	119	28	153	29	188	30	152	31	122	32	114	33	138	34	168	35	166	36	187	37	156	38	114	39	199	40	132	41	154	42	111	43	108	44	182	45	170	46	180	47	153	48	153	49	183	
	0	168	1	170	2	178	3	186	4	103	5	173	6	190	7	135	8	115	9	168	10	171	11	104	12	182	13	183	14	101	15	121	16	185	17	116	18	191	19	178	20	196	21	194	22	132	23	186	24	143	25	167	26	149	27	158	28	185	29	198	30	103	31	147	32	184	33	106	34	114	35	150	36	163	37	181	38	116	39	176	40	100	41	115	42	188	43	178	44	140	45	125	46	194	47	135	48	184	49	112	
	0	173	1	153	2	178	3	147	4	144	5	150	6	179	7	154	8	158	9	151	10	165	11	175	12	112	13	160	14	160	15	143	16	149	17	151	18	185	19	129	20	127	21	140	22	122	23	138	24	189	25	134	26	158	27	181	28	125	29	132	30	118	31	191	32	139	33	139	34	193	35	143	36	171	37	183	38	137	39	104	40	116	41	156	42	199	43	107	44	182	45	158	46	117	47	156	48	123	49	150	
	0	190	1	134	2	182	3	146	4	186	5	155	6	113	7	121	8	136	9	195	10	158	11	116	12	167	13	172	14	197	15	140	16	141	17	150	18	192	19	199	20	147	21	133	22	132	23	122	24	182	25	120	26	140	27	173	28	190	29	118	30	168	31	119	32	166	33	148	34	191	35	154	36	123	37	181	38	138	39	195	40	114	41	123	42	169	43	135	44	158	45	151	46	113	47	109	48	138	49	152	