100 20 1
20
	0	1009	1	1033	2	1068	3	1037	4	1085	5	1008	6	1030	7	1017	8	1096	9	1007	10	1026	11	1074	12	1063	13	1088	14	1010	15	1077	16	1078	17	1005	18	1022	19	1026	
	0	1082	1	1024	2	1088	3	1047	4	1083	5	1021	6	1093	7	1099	8	1044	9	1054	10	1024	11	1040	12	1047	13	1039	14	1070	15	1091	16	1025	17	1018	18	1025	19	1055	
	0	1095	1	1078	2	1055	3	1059	4	1046	5	1001	6	1040	7	1096	8	1080	9	1073	10	1083	11	1037	12	1084	13	1051	14	1004	15	1031	16	1018	17	1095	18	1099	19	1003	
	0	1074	1	1030	2	1061	3	1037	4	1025	5	1074	6	1090	7	1069	8	1029	9	1019	10	1016	11	1072	12	1098	13	1093	14	1007	15	1097	16	1098	17	1006	18	1083	19	1077	
	0	1007	1	1048	2	1002	3	1099	4	1069	5	1017	6	1064	7	1096	8	1096	9	1013	10	1095	11	1032	12	1071	13	1070	14	1024	15	1021	16	1059	17	1023	18	1006	19	1036	
	0	1038	1	1078	2	1046	3	1049	4	1091	5	1011	6	1029	7	1076	8	1061	9	1018	10	1027	11	1080	12	1046	13	1040	14	1022	15	1055	16	1014	17	1050	18	1050	19	1081	
	0	1076	1	1017	2	1021	3	1053	4	1062	5	1013	6	1018	7	1037	8	1066	9	1012	10	1062	11	1070	12	1021	13	1061	14	1057	15	1092	16	1032	17	1048	18	1060	19	1023	
	0	1066	1	1085	2	1066	3	1041	4	1098	5	1035	6	1015	7	1018	8	1067	9	1075	10	1020	11	1021	12	1029	13	1031	14	1026	15	1000	16	1020	17	1057	18	1040	19	1014	
	0	1065	1	1096	2	1032	3	1088	4	1049	5	1075	6	1039	7	1060	8	1032	9	1069	10	1057	11	1073	12	1057	13	1027	14	1093	15	1004	16	1060	17	1067	18	1087	19	1027	
	0	1099	1	1034	2	1018	3	1052	4	1100	5	1037	6	1053	7	1002	8	1088	9	1011	10	1050	11	1040	12	1053	13	1010	14	1049	15	1055	16	1024	17	1050	18	1015	19	1084	
	0	1025	1	1087	2	1076	3	1081	4	1010	5	1020	6	1010	7	1022	8	1064	9	1003	10	1052	11	1031	12	1024	13	1087	14	1099	15	1075	16	1024	17	1018	18	1069	19	1063	
	0	1061	1	1038	2	1002	3	1064	4	1033	5	1060	6	1037	7	1086	8	1078	9	1059	10	1052	11	1037	12	1002	13	1009	14	1052	15	1068	16	1044	17	1074	18	1075	19	1038	
	0	1054	1	1032	2	1054	3	1081	4	1094	5	1018	6	1082	7	1068	8	1029	9	1045	10	1064	11	1038	12	1007	13	1094	14	1080	15	1041	16	1047	17	1064	18	1069	19	1100	
	0	1087	1	1078	2	1099	3	1050	4	1067	5	1058	6	1034	7	1003	8	1013	9	1016	10	1018	11	1073	12	1066	13	1033	14	1022	15	1001	16	1038	17	1066	18	1015	19	1034	
	0	1017	1	1053	2	1053	3	1044	4	1048	5	1054	6	1091	7	1034	8	1059	9	1074	10	1026	11	1100	12	1088	13	1071	14	1061	15	1009	16	1046	17	1074	18	1025	19	1046	
	0	1064	1	1004	2	1056	3	1016	4	1021	5	1071	6	1035	7	1081	8	1042	9	1056	10	1083	11	1039	12	1030	13	1067	14	1043	15	1013	16	1006	17	1038	18	1012	19	1049	
	0	1086	1	1088	2	1059	3	1007	4	1089	5	1038	6	1040	7	1089	8	1034	9	1081	10	1070	11	1068	12	1079	13	1006	14	1051	15	1066	16	1042	17	1015	18	1032	19	1038	
	0	1025	1	1083	2	1100	3	1040	4	1032	5	1018	6	1013	7	1027	8	1078	9	1087	10	1089	11	1046	12	1000	13	1055	14	1075	15	1085	16	1031	17	1008	18	1089	19	1077	
	0	1086	1	1089	2	1085	3	1067	4	1035	5	1021	6	1009	7	1037	8	1052	9	1017	10	1051	11	1004	12	1015	13	1080	14	1032	15	1066	16	1075	17	1040	18	1016	19	1054	
	0	1080	1	1070	2	1067	3	1070	4	1053	5	1098	6	1028	7	1047	8	1090	9	1019	10	1016	11	1027	12	1041	13	1081	14	1069	15	1053	16	1040	17	1056	18	1000	19	1042	
	0	1071	1	1039	2	1023	3	1087	4	1038	5	1088	6	1047	7	1081	8	1049	9	1023	10	1067	11	1035	12	1087	13	1077	14	1038	15	1086	16	1003	17	1038	18	1046	19	1027	
	0	1090	1	1098	2	1008	3	1050	4	1068	5	1097	6	1024	7	1038	8	1060	9	1043	10	1064	11	1056	12	1088	13	1042	14	1027	15	1075	16	1054	17	1083	18	1063	19	1042	
	0	1014	1	1016	2	1083	3	1047	4	1036	5	1084	6	1079	7	1087	8	1065	9	1052	10	1075	11	1004	12	1061	13	1076	14	1084	15	1014	16	1072	17	1046	18	1090	19	1090	
	0	1065	1	1025	2	1087	3	1073	4	1030	5	1034	6	1063	7	1003	8	1060	9	1070	10	1081	11	1005	12	1016	13	1021	14	1044	15	1034	16	1094	17	1022	18	1084	19	1055	
	0	1025	1	1061	2	1037	3	1041	4	1006	5	1083	6	1015	7	1027	8	1058	9	1046	10	1012	11	1049	12	1017	13	1040	14	1060	15	1026	16	1009	17	1070	18	1088	19	1051	
	0	1060	1	1006	2	1080	3	1084	4	1084	5	1092	6	1012	7	1096	8	1056	9	1029	10	1048	11	1000	12	1019	13	1047	14	1017	15	1028	16	1046	17	1003	18	1077	19	1069	
	0	1051	1	1054	2	1076	3	1000	4	1013	5	1033	6	1042	7	1025	8	1071	9	1078	10	1070	11	1062	12	1033	13	1059	14	1056	15	1098	16	1044	17	1045	18	1055	19	1068	
	0	1046	1	1007	2	1002	3	1060	4	1007	5	1009	6	1044	7	1065	8	1006	9	1076	10	1087	11	1052	12	1076	13	1067	14	1062	15	1087	16	1057	17	1012	18	1066	19	1015	
	0	1043	1	1036	2	1037	3	1077	4	1084	5	1039	6	1065	7	1041	8	1053	9	1058	10	1074	11	1066	12	1044	13	1052	14	1065	15	1093	16	1036	17	1041	18	1002	19	1041	
	0	1014	1	1030	2	1058	3	1053	4	1061	5	1068	6	1063	7	1074	8	1050	9	1031	10	1023	11	1009	12	1094	13	1053	14	1051	15	1081	16	1040	17	1031	18	1033	19	1004	
	0	1017	1	1081	2	1070	3	1084	4	1078	5	1064	6	1038	7	1050	8	1013	9	1085	10	1021	11	1042	12	1079	13	1095	14	1061	15	1098	16	1071	17	1015	18	1067	19	1015	
	0	1007	1	1008	2	1088	3	1059	4	1059	5	1055	6	1033	7	1059	8	1074	9	1054	10	1012	11	1049	12	1049	13	1078	14	1076	15	1089	16	1045	17	1096	18	1035	19	1039	
	0	1055	1	1034	2	1083	3	1066	4	1036	5	1007	6	1035	7	1073	8	1090	9	1083	10	1033	11	1048	12	1061	13	1013	14	1018	15	1096	16	1006	17	1042	18	1048	19	1043	
	0	1043	1	1071	2	1003	3	1097	4	1019	5	1014	6	1030	7	1042	8	1008	9	1079	10	1079	11	1020	12	1056	13	1096	14	1068	15	1073	16	1084	17	1000	18	1050	19	1082	
	0	1004	1	1030	2	1060	3	1054	4	1017	5	1051	6	1000	7	1025	8	1068	9	1061	10	1052	11	1028	12	1010	13	1088	14	1051	15	1019	16	1089	17	1062	18	1045	19	1083	
	0	1008	1	1090	2	1092	3	1000	4	1092	5	1044	6	1069	7	1050	8	1050	9	1088	10	1000	11	1069	12	1005	13	1038	14	1013	15	1034	16	1014	17	1049	18	1070	19	1079	
	0	1015	1	1035	2	1089	3	1011	4	1055	5	1083	6	1009	7	1072	8	1057	9	1092	10	1088	11	1063	12	1016	13	1030	14	1036	15	1034	16	1049	17	1015	18	1067	19	1073	
	0	1014	1	1020	2	1003	3	1036	4	1017	5	1096	6	1059	7	1001	8	1084	9	1011	10	1039	11	1025	12	1000	13	1024	14	1048	15	1070	16	1000	17	1000	18	1089	19	1077	
	0	1021	1	1056	2	1021	3	1082	4	1017	5	1073	6	1035	7	1016	8	1019	9	1065	10	1002	11	1046	12	1094	13	1091	14	1086	15	1095	16	1085	17	1088	18	1044	19	1091	
	0	1058	1	1071	2	1001	3	1005	4	1003	5	1033	6	1012	7	1063	8	1026	9	1006	10	1055	11	1004	12	1030	13	1016	14	1027	15	1017	16	1055	17	1058	18	1049	19	1009	
	0	1086	1	1051	2	1091	3	1041	4	1088	5	1026	6	1071	7	1034	8	1051	9	1013	10	1082	11	1057	12	1009	13	1046	14	1049	15	1021	16	1084	17	1043	18	1066	19	1068	
	0	1035	1	1002	2	1057	3	1068	4	1043	5	1098	6	1082	7	1072	8	1044	9	1029	10	1065	11	1006	12	1043	13	1095	14	1051	15	1052	16	1017	17	1036	18	1062	19	1031	
	0	1033	1	1020	2	1025	3	1055	4	1067	5	1023	6	1058	7	1026	8	1000	9	1011	10	1049	11	1082	12	1099	13	1047	14	1007	15	1070	16	1081	17	1087	18	1053	19	1024	
	0	1042	1	1077	2	1041	3	1090	4	1073	5	1054	6	1023	7	1040	8	1093	9	1014	10	1019	11	1077	12	1041	13	1013	14	1007	15	1071	16	1010	17	1089	18	1026	19	1058	
	0	1076	1	1079	2	1086	3	1015	4	1099	5	1028	6	1043	7	1042	8	1052	9	1026	10	1053	11	1065	12	1092	13	1025	14	1066	15	1058	16	1061	17	1050	18	1028	19	1072	
	0	1033	1	1028	2	1041	3	1012	4	1038	5	1046	6	1072	7	1005	8	1054	9	1004	10	1077	11	1010	12	1050	13	1043	14	1052	15	1020	16	1076	17	1007	18	1025	19	1066	
	0	1040	1	1085	2	1001	3	1030	4	1057	5	1094	6	1037	7	1083	8	1058	9	1006	10	1079	11	1006	12	1094	13	1001	14	1069	15	1039	16	1016	17	1083	18	1002	19	1079	
	0	1095	1	1040	2	1016	3	1018	4	1056	5	1057	6	1017	7	1082	8	1040	9	1050	10	1007	11	1085	12	1091	13	1054	14	1054	15	1092	16	1063	17	1000	18	1091	19	1003	
	0	1092	1	1069	2	1043	3	1043	4	1042	5	1038	6	1089	7	1087	8	1034	9	1041	10	1074	11	1078	12	1037	13	1027	14	1019	15	1075	16	1055	17	1074	18	1061	19	1071	
	0	1060	1	1066	2	1079	3	1064	4	1032	5	1060	6	1040	7	1080	8	1052	9	1077	10	1011	11	1047	12	1085	13	1077	14	1013	15	1021	16	1099	17	1051	18	1000	19	1073	
	0	1009	1	1050	2	1040	3	1033	4	1021	5	1044	6	1008	7	1003	8	1044	9	1095	10	1093	11	1067	12	1070	13	1067	14	1075	15	1010	16	1070	17	1027	18	1061	19	1054	
	0	1025	1	1086	2	1066	3	1024	4	1089	5	1044	6	1071	7	1013	8	1071	9	1100	10	1049	11	1031	12	1038	13	1010	14	1005	15	1004	16	1098	17	1012	18	1055	19	1084	
	0	1069	1	1061	2	1088	3	1072	4	1038	5	1094	6	1061	7	1010	8	1100	9	1066	10	1098	11	1018	12	1030	13	1054	14	1018	15	1080	16	1033	17	1097	18	1021	19	1035	
	0	1045	1	1054	2	1080	3	1031	4	1009	5	1072	6	1038	7	1058	8	1057	9	1019	10	1080	11	1041	12	1006	13	1014	14	1016	15	1023	16	1010	17	1034	18	1098	19	1015	
	0	1035	1	1008	2	1023	3	1072	4	1026	5	1077	6	1091	7	1051	8	1010	9	1079	10	1053	11	1083	12	1047	13	1079	14	1002	15	1026	16	1070	17	1087	18	1095	19	1054	
	0	1063	1	1004	2	1006	3	1028	4	1089	5	1037	6	1097	7	1072	8	1075	9	1082	10	1055	11	1092	12	1026	13	1031	14	1080	15	1013	16	1003	17	1033	18	1087	19	1021	
	0	1056	1	1059	2	1034	3	1054	4	1082	5	1039	6	1072	7	1097	8	1086	9	1001	10	1094	11	1062	12	1087	13	1059	14	1076	15	1018	16	1056	17	1020	18	1071	19	1091	
	0	1047	1	1073	2	1028	3	1082	4	1046	5	1096	6	1090	7	1047	8	1041	9	1004	10	1087	11	1044	12	1088	13	1032	14	1045	15	1032	16	1016	17	1058	18	1077	19	1055	
	0	1064	1	1040	2	1057	3	1052	4	1019	5	1041	6	1022	7	1009	8	1058	9	1094	10	1071	11	1080	12	1008	13	1073	14	1096	15	1057	16	1014	17	1044	18	1081	19	1037	
	0	1026	1	1079	2	1071	3	1025	4	1042	5	1085	6	1099	7	1015	8	1076	9	1034	10	1050	11	1084	12	1026	13	1016	14	1009	15	1077	16	1022	17	1046	18	1072	19	1000	
	0	1048	1	1065	2	1014	3	1001	4	1059	5	1042	6	1073	7	1053	8	1050	9	1016	10	1036	11	1065	12	1040	13	1020	14	1052	15	1081	16	1078	17	1098	18	1071	19	1013	
	0	1042	1	1044	2	1018	3	1026	4	1079	5	1030	6	1012	7	1067	8	1080	9	1088	10	1070	11	1005	12	1056	13	1099	14	1078	15	1013	16	1093	17	1044	18	1055	19	1064	
	0	1090	1	1007	2	1087	3	1039	4	1067	5	1089	6	1031	7	1049	8	1065	9	1071	10	1057	11	1055	12	1042	13	1064	14	1001	15	1048	16	1040	17	1009	18	1044	19	1051	
	0	1064	1	1067	2	1066	3	1048	4	1026	5	1072	6	1043	7	1001	8	1088	9	1072	10	1041	11	1020	12	1081	13	1063	14	1038	15	1007	16	1016	17	1023	18	1031	19	1019	
	0	1083	1	1094	2	1058	3	1097	4	1099	5	1046	6	1057	7	1056	8	1058	9	1064	10	1098	11	1086	12	1069	13	1059	14	1091	15	1028	16	1000	17	1028	18	1052	19	1002	
	0	1085	1	1050	2	1022	3	1051	4	1060	5	1006	6	1068	7	1080	8	1025	9	1052	10	1095	11	1037	12	1030	13	1066	14	1045	15	1038	16	1036	17	1025	18	1044	19	1046	
	0	1086	1	1038	2	1015	3	1077	4	1019	5	1045	6	1096	7	1025	8	1099	9	1053	10	1067	11	1034	12	1016	13	1052	14	1051	15	1076	16	1050	17	1074	18	1023	19	1068	
	0	1008	1	1092	2	1011	3	1032	4	1086	5	1093	6	1068	7	1077	8	1089	9	1030	10	1024	11	1079	12	1086	13	1062	14	1040	15	1014	16	1015	17	1070	18	1045	19	1013	
	0	1033	1	1035	2	1007	3	1047	4	1094	5	1058	6	1070	7	1003	8	1070	9	1078	10	1063	11	1087	12	1088	13	1039	14	1054	15	1095	16	1008	17	1041	18	1054	19	1039	
	0	1060	1	1100	2	1087	3	1020	4	1086	5	1091	6	1006	7	1064	8	1022	9	1037	10	1077	11	1024	12	1074	13	1021	14	1089	15	1048	16	1060	17	1041	18	1028	19	1093	
	0	1098	1	1048	2	1088	3	1018	4	1073	5	1057	6	1011	7	1026	8	1086	9	1065	10	1085	11	1072	12	1020	13	1009	14	1005	15	1076	16	1069	17	1005	18	1017	19	1003	
	0	1058	1	1071	2	1081	3	1031	4	1035	5	1030	6	1076	7	1011	8	1025	9	1075	10	1050	11	1002	12	1014	13	1033	14	1093	15	1067	16	1059	17	1082	18	1020	19	1022	
	0	1030	1	1018	2	1049	3	1021	4	1013	5	1053	6	1062	7	1082	8	1041	9	1017	10	1055	11	1016	12	1032	13	1014	14	1006	15	1031	16	1082	17	1016	18	1000	19	1031	
	0	1023	1	1013	2	1064	3	1020	4	1065	5	1013	6	1001	7	1005	8	1060	9	1094	10	1067	11	1054	12	1085	13	1052	14	1094	15	1006	16	1078	17	1089	18	1034	19	1033	
	0	1006	1	1081	2	1081	3	1100	4	1079	5	1019	6	1065	7	1017	8	1058	9	1065	10	1099	11	1097	12	1079	13	1063	14	1080	15	1047	16	1006	17	1041	18	1092	19	1019	
	0	1072	1	1076	2	1091	3	1011	4	1073	5	1085	6	1072	7	1072	8	1081	9	1024	10	1002	11	1039	12	1091	13	1023	14	1069	15	1024	16	1002	17	1013	18	1085	19	1001	
	0	1098	1	1068	2	1007	3	1034	4	1073	5	1082	6	1095	7	1044	8	1095	9	1054	10	1072	11	1036	12	1036	13	1035	14	1026	15	1088	16	1069	17	1032	18	1091	19	1002	
	0	1082	1	1035	2	1035	3	1029	4	1091	5	1081	6	1098	7	1084	8	1029	9	1096	10	1001	11	1039	12	1064	13	1000	14	1083	15	1013	16	1041	17	1084	18	1017	19	1018	
	0	1039	1	1098	2	1073	3	1028	4	1033	5	1012	6	1097	7	1054	8	1036	9	1007	10	1019	11	1060	12	1026	13	1072	14	1058	15	1002	16	1016	17	1045	18	1002	19	1055	
	0	1098	1	1100	2	1031	3	1066	4	1073	5	1010	6	1079	7	1018	8	1051	9	1026	10	1011	11	1008	12	1053	13	1100	14	1036	15	1089	16	1005	17	1086	18	1094	19	1043	
	0	1018	1	1009	2	1007	3	1042	4	1069	5	1006	6	1033	7	1099	8	1025	9	1026	10	1024	11	1080	12	1017	13	1090	14	1010	15	1007	16	1034	17	1006	18	1010	19	1012	
	0	1033	1	1071	2	1034	3	1015	4	1006	5	1032	6	1042	7	1056	8	1014	9	1099	10	1016	11	1022	12	1010	13	1097	14	1092	15	1092	16	1042	17	1022	18	1085	19	1096	
	0	1015	1	1020	2	1089	3	1100	4	1008	5	1030	6	1059	7	1030	8	1049	9	1026	10	1052	11	1002	12	1060	13	1036	14	1022	15	1023	16	1013	17	1097	18	1005	19	1012	
	0	1091	1	1017	2	1076	3	1007	4	1035	5	1062	6	1038	7	1037	8	1074	9	1071	10	1040	11	1075	12	1073	13	1091	14	1003	15	1004	16	1008	17	1041	18	1100	19	1062	
	0	1096	1	1008	2	1008	3	1001	4	1053	5	1082	6	1074	7	1007	8	1081	9	1056	10	1010	11	1058	12	1019	13	1071	14	1072	15	1001	16	1075	17	1038	18	1018	19	1014	
	0	1082	1	1031	2	1018	3	1074	4	1017	5	1057	6	1066	7	1040	8	1089	9	1041	10	1042	11	1066	12	1069	13	1007	14	1067	15	1088	16	1095	17	1052	18	1009	19	1096	
	0	1032	1	1054	2	1009	3	1028	4	1094	5	1062	6	1100	7	1012	8	1069	9	1044	10	1081	11	1017	12	1066	13	1016	14	1060	15	1008	16	1098	17	1002	18	1048	19	1091	
	0	1071	1	1067	2	1024	3	1002	4	1008	5	1008	6	1011	7	1060	8	1043	9	1088	10	1070	11	1049	12	1085	13	1053	14	1030	15	1089	16	1020	17	1062	18	1029	19	1049	
	0	1010	1	1044	2	1062	3	1060	4	1064	5	1040	6	1077	7	1088	8	1086	9	1049	10	1092	11	1019	12	1091	13	1021	14	1075	15	1056	16	1040	17	1021	18	1024	19	1091	
	0	1043	1	1028	2	1013	3	1028	4	1045	5	1063	6	1053	7	1041	8	1069	9	1100	10	1015	11	1008	12	1064	13	1059	14	1083	15	1077	16	1068	17	1028	18	1078	19	1086	
	0	1058	1	1017	2	1021	3	1061	4	1026	5	1090	6	1077	7	1080	8	1049	9	1014	10	1047	11	1043	12	1046	13	1050	14	1061	15	1051	16	1084	17	1080	18	1088	19	1001	
	0	1080	1	1073	2	1007	3	1073	4	1050	5	1060	6	1057	7	1096	8	1060	9	1097	10	1081	11	1016	12	1071	13	1060	14	1089	15	1025	16	1078	17	1052	18	1050	19	1002	
	0	1032	1	1054	2	1098	3	1086	4	1032	5	1090	6	1037	7	1066	8	1061	9	1054	10	1050	11	1025	12	1000	13	1061	14	1031	15	1060	16	1030	17	1005	18	1095	19	1014	
	0	1018	1	1008	2	1025	3	1100	4	1029	5	1008	6	1011	7	1062	8	1071	9	1079	10	1097	11	1055	12	1010	13	1010	14	1013	15	1039	16	1058	17	1084	18	1090	19	1080	
	0	1074	1	1068	2	1054	3	1039	4	1064	5	1084	6	1000	7	1083	8	1077	9	1000	10	1033	11	1017	12	1007	13	1091	14	1011	15	1086	16	1071	17	1061	18	1074	19	1002	
	0	1046	1	1099	2	1003	3	1092	4	1018	5	1053	6	1045	7	1084	8	1085	9	1011	10	1011	11	1074	12	1008	13	1007	14	1026	15	1052	16	1050	17	1031	18	1032	19	1033	
	0	1080	1	1031	2	1037	3	1065	4	1005	5	1035	6	1083	7	1016	8	1055	9	1085	10	1088	11	1056	12	1048	13	1100	14	1073	15	1003	16	1032	17	1070	18	1085	19	1065	
	0	1099	1	1091	2	1099	3	1040	4	1092	5	1013	6	1066	7	1010	8	1055	9	1040	10	1063	11	1012	12	1084	13	1016	14	1066	15	1087	16	1014	17	1091	18	1081	19	1010	
	0	1065	1	1093	2	1051	3	1060	4	1057	5	1065	6	1045	7	1016	8	1063	9	1066	10	1004	11	1065	12	1011	13	1090	14	1087	15	1071	16	1010	17	1023	18	1034	19	1091	
	0	1091	1	1042	2	1063	3	1008	4	1046	5	1040	6	1037	7	1051	8	1042	9	1073	10	1093	11	1071	12	1079	13	1033	14	1094	15	1039	16	1054	17	1072	18	1077	19	1054	