100 40 1
40
	0	1001	1	1029	2	1036	3	1027	4	1027	5	1092	6	1043	7	1026	8	1057	9	1066	10	1024	11	1008	12	1059	13	1053	14	1034	15	1079	16	1087	17	1064	18	1054	19	1008	20	1073	21	1044	22	1088	23	1055	24	1006	25	1089	26	1035	27	1058	28	1035	29	1036	30	1069	31	1065	32	1069	33	1016	34	1010	35	1016	36	1054	37	1078	38	1077	39	1011	
	0	1038	1	1065	2	1056	3	1076	4	1039	5	1061	6	1097	7	1085	8	1087	9	1018	10	1046	11	1032	12	1038	13	1022	14	1044	15	1084	16	1007	17	1039	18	1074	19	1073	20	1005	21	1051	22	1023	23	1067	24	1083	25	1062	26	1066	27	1000	28	1096	29	1056	30	1029	31	1065	32	1003	33	1061	34	1038	35	1085	36	1033	37	1058	38	1082	39	1071	
	0	1076	1	1029	2	1024	3	1020	4	1083	5	1070	6	1008	7	1094	8	1066	9	1001	10	1029	11	1038	12	1078	13	1066	14	1089	15	1091	16	1089	17	1071	18	1043	19	1073	20	1028	21	1093	22	1085	23	1055	24	1078	25	1072	26	1002	27	1056	28	1090	29	1028	30	1002	31	1085	32	1003	33	1020	34	1091	35	1035	36	1077	37	1095	38	1023	39	1049	
	0	1053	1	1004	2	1029	3	1037	4	1041	5	1032	6	1043	7	1071	8	1077	9	1080	10	1042	11	1017	12	1040	13	1043	14	1092	15	1087	16	1040	17	1027	18	1003	19	1019	20	1060	21	1003	22	1007	23	1084	24	1056	25	1086	26	1077	27	1007	28	1074	29	1053	30	1031	31	1019	32	1070	33	1014	34	1003	35	1063	36	1046	37	1079	38	1089	39	1029	
	0	1024	1	1077	2	1062	3	1023	4	1031	5	1060	6	1013	7	1024	8	1001	9	1034	10	1015	11	1020	12	1090	13	1084	14	1046	15	1076	16	1095	17	1050	18	1008	19	1007	20	1036	21	1083	22	1066	23	1011	24	1068	25	1080	26	1073	27	1005	28	1095	29	1069	30	1056	31	1019	32	1100	33	1086	34	1092	35	1039	36	1052	37	1011	38	1075	39	1070	
	0	1015	1	1097	2	1073	3	1065	4	1005	5	1008	6	1037	7	1048	8	1062	9	1033	10	1022	11	1053	12	1082	13	1087	14	1099	15	1042	16	1008	17	1010	18	1020	19	1074	20	1054	21	1076	22	1032	23	1064	24	1022	25	1056	26	1007	27	1066	28	1091	29	1095	30	1006	31	1051	32	1001	33	1045	34	1054	35	1030	36	1087	37	1013	38	1020	39	1090	
	0	1095	1	1062	2	1012	3	1066	4	1075	5	1055	6	1033	7	1008	8	1023	9	1051	10	1075	11	1066	12	1016	13	1058	14	1065	15	1096	16	1035	17	1077	18	1031	19	1086	20	1067	21	1065	22	1060	23	1016	24	1075	25	1037	26	1016	27	1012	28	1035	29	1035	30	1078	31	1100	32	1072	33	1048	34	1059	35	1089	36	1083	37	1017	38	1099	39	1035	
	0	1033	1	1010	2	1095	3	1080	4	1071	5	1048	6	1096	7	1028	8	1087	9	1024	10	1095	11	1068	12	1009	13	1095	14	1001	15	1016	16	1092	17	1011	18	1036	19	1075	20	1058	21	1035	22	1034	23	1025	24	1067	25	1074	26	1089	27	1061	28	1001	29	1015	30	1021	31	1057	32	1081	33	1068	34	1093	35	1004	36	1090	37	1079	38	1027	39	1096	
	0	1053	1	1075	2	1059	3	1041	4	1061	5	1075	6	1026	7	1092	8	1088	9	1047	10	1062	11	1098	12	1043	13	1074	14	1065	15	1025	16	1041	17	1019	18	1084	19	1030	20	1046	21	1085	22	1026	23	1099	24	1079	25	1006	26	1081	27	1013	28	1069	29	1027	30	1096	31	1019	32	1019	33	1018	34	1046	35	1013	36	1049	37	1019	38	1013	39	1004	
	0	1071	1	1097	2	1079	3	1057	4	1027	5	1062	6	1051	7	1081	8	1036	9	1032	10	1060	11	1024	12	1021	13	1053	14	1058	15	1000	16	1077	17	1026	18	1017	19	1044	20	1005	21	1020	22	1040	23	1048	24	1094	25	1066	26	1050	27	1052	28	1082	29	1039	30	1096	31	1024	32	1053	33	1006	34	1088	35	1021	36	1050	37	1077	38	1100	39	1078	
	0	1003	1	1030	2	1056	3	1091	4	1040	5	1078	6	1051	7	1011	8	1043	9	1016	10	1079	11	1044	12	1067	13	1100	14	1074	15	1025	16	1077	17	1027	18	1005	19	1049	20	1066	21	1090	22	1012	23	1047	24	1089	25	1041	26	1054	27	1026	28	1032	29	1081	30	1022	31	1004	32	1013	33	1052	34	1058	35	1032	36	1073	37	1008	38	1098	39	1078	
	0	1063	1	1071	2	1083	3	1038	4	1100	5	1076	6	1058	7	1026	8	1034	9	1080	10	1097	11	1081	12	1060	13	1023	14	1070	15	1066	16	1083	17	1052	18	1046	19	1039	20	1078	21	1032	22	1074	23	1010	24	1053	25	1074	26	1069	27	1032	28	1032	29	1017	30	1030	31	1050	32	1056	33	1034	34	1038	35	1057	36	1059	37	1078	38	1073	39	1090	
	0	1026	1	1044	2	1017	3	1084	4	1078	5	1077	6	1056	7	1091	8	1019	9	1060	10	1038	11	1044	12	1059	13	1006	14	1045	15	1052	16	1047	17	1039	18	1047	19	1096	20	1091	21	1014	22	1063	23	1012	24	1003	25	1090	26	1096	27	1058	28	1049	29	1093	30	1028	31	1088	32	1001	33	1084	34	1084	35	1091	36	1098	37	1033	38	1025	39	1036	
	0	1020	1	1080	2	1040	3	1068	4	1004	5	1078	6	1060	7	1070	8	1095	9	1090	10	1093	11	1064	12	1080	13	1039	14	1022	15	1093	16	1072	17	1038	18	1017	19	1011	20	1008	21	1064	22	1003	23	1090	24	1086	25	1042	26	1056	27	1051	28	1018	29	1053	30	1046	31	1031	32	1019	33	1087	34	1021	35	1038	36	1060	37	1042	38	1081	39	1016	
	0	1064	1	1074	2	1068	3	1082	4	1029	5	1040	6	1025	7	1034	8	1034	9	1098	10	1023	11	1069	12	1021	13	1016	14	1057	15	1032	16	1073	17	1041	18	1085	19	1014	20	1055	21	1043	22	1038	23	1033	24	1073	25	1033	26	1062	27	1016	28	1052	29	1024	30	1091	31	1082	32	1045	33	1025	34	1026	35	1041	36	1081	37	1021	38	1058	39	1046	
	0	1061	1	1052	2	1071	3	1002	4	1060	5	1003	6	1005	7	1047	8	1031	9	1077	10	1092	11	1093	12	1085	13	1099	14	1051	15	1059	16	1013	17	1040	18	1072	19	1050	20	1034	21	1011	22	1091	23	1034	24	1006	25	1053	26	1016	27	1047	28	1066	29	1047	30	1064	31	1017	32	1010	33	1087	34	1010	35	1098	36	1090	37	1019	38	1099	39	1029	
	0	1051	1	1022	2	1051	3	1054	4	1026	5	1082	6	1028	7	1029	8	1050	9	1095	10	1023	11	1082	12	1059	13	1022	14	1026	15	1030	16	1031	17	1026	18	1096	19	1018	20	1016	21	1049	22	1065	23	1038	24	1084	25	1008	26	1095	27	1008	28	1046	29	1063	30	1034	31	1029	32	1016	33	1047	34	1035	35	1100	36	1011	37	1069	38	1009	39	1012	
	0	1069	1	1030	2	1031	3	1072	4	1068	5	1043	6	1041	7	1036	8	1051	9	1019	10	1042	11	1080	12	1050	13	1023	14	1025	15	1088	16	1017	17	1023	18	1083	19	1067	20	1066	21	1066	22	1069	23	1092	24	1009	25	1049	26	1024	27	1001	28	1079	29	1010	30	1062	31	1066	32	1010	33	1087	34	1007	35	1034	36	1014	37	1064	38	1052	39	1089	
	0	1012	1	1076	2	1087	3	1028	4	1049	5	1097	6	1020	7	1029	8	1031	9	1025	10	1088	11	1029	12	1057	13	1073	14	1033	15	1073	16	1068	17	1044	18	1084	19	1053	20	1067	21	1016	22	1068	23	1073	24	1097	25	1005	26	1095	27	1041	28	1029	29	1082	30	1090	31	1098	32	1030	33	1061	34	1071	35	1049	36	1088	37	1083	38	1073	39	1009	
	0	1031	1	1012	2	1082	3	1006	4	1063	5	1090	6	1049	7	1015	8	1050	9	1089	10	1041	11	1055	12	1004	13	1060	14	1020	15	1068	16	1018	17	1012	18	1015	19	1055	20	1054	21	1039	22	1096	23	1019	24	1057	25	1007	26	1061	27	1082	28	1012	29	1039	30	1066	31	1087	32	1084	33	1015	34	1019	35	1055	36	1060	37	1051	38	1040	39	1032	
	0	1020	1	1100	2	1057	3	1078	4	1077	5	1041	6	1037	7	1032	8	1014	9	1002	10	1055	11	1001	12	1090	13	1023	14	1040	15	1079	16	1076	17	1085	18	1087	19	1060	20	1070	21	1019	22	1024	23	1039	24	1015	25	1017	26	1051	27	1036	28	1014	29	1009	30	1021	31	1043	32	1036	33	1077	34	1066	35	1091	36	1013	37	1096	38	1082	39	1013	
	0	1006	1	1044	2	1004	3	1040	4	1040	5	1014	6	1076	7	1088	8	1081	9	1059	10	1068	11	1071	12	1063	13	1020	14	1003	15	1076	16	1098	17	1087	18	1013	19	1054	20	1048	21	1095	22	1043	23	1093	24	1024	25	1084	26	1050	27	1033	28	1004	29	1068	30	1042	31	1009	32	1094	33	1085	34	1067	35	1041	36	1072	37	1009	38	1078	39	1019	
	0	1078	1	1067	2	1005	3	1059	4	1013	5	1057	6	1017	7	1004	8	1067	9	1070	10	1020	11	1000	12	1052	13	1089	14	1086	15	1084	16	1096	17	1067	18	1008	19	1093	20	1041	21	1100	22	1006	23	1075	24	1012	25	1043	26	1019	27	1026	28	1005	29	1044	30	1007	31	1041	32	1076	33	1099	34	1050	35	1014	36	1090	37	1075	38	1098	39	1058	
	0	1085	1	1029	2	1023	3	1053	4	1051	5	1060	6	1035	7	1099	8	1074	9	1067	10	1026	11	1017	12	1091	13	1007	14	1068	15	1099	16	1006	17	1072	18	1042	19	1073	20	1020	21	1082	22	1040	23	1067	24	1054	25	1080	26	1009	27	1069	28	1035	29	1083	30	1069	31	1068	32	1021	33	1074	34	1009	35	1063	36	1009	37	1099	38	1011	39	1092	
	0	1006	1	1001	2	1009	3	1041	4	1050	5	1017	6	1034	7	1067	8	1099	9	1035	10	1073	11	1037	12	1022	13	1067	14	1022	15	1079	16	1034	17	1035	18	1001	19	1010	20	1008	21	1054	22	1020	23	1095	24	1015	25	1034	26	1068	27	1013	28	1029	29	1031	30	1020	31	1014	32	1053	33	1039	34	1020	35	1006	36	1049	37	1050	38	1090	39	1033	
	0	1088	1	1095	2	1026	3	1089	4	1098	5	1021	6	1073	7	1055	8	1057	9	1052	10	1004	11	1011	12	1078	13	1052	14	1053	15	1085	16	1025	17	1033	18	1059	19	1092	20	1049	21	1035	22	1041	23	1072	24	1048	25	1011	26	1008	27	1065	28	1088	29	1063	30	1058	31	1069	32	1035	33	1078	34	1032	35	1067	36	1058	37	1093	38	1064	39	1077	
	0	1058	1	1022	2	1091	3	1034	4	1061	5	1027	6	1033	7	1061	8	1083	9	1033	10	1058	11	1098	12	1001	13	1082	14	1018	15	1010	16	1052	17	1052	18	1076	19	1080	20	1093	21	1015	22	1066	23	1022	24	1003	25	1044	26	1081	27	1054	28	1040	29	1020	30	1010	31	1075	32	1056	33	1054	34	1065	35	1090	36	1098	37	1003	38	1011	39	1094	
	0	1088	1	1073	2	1057	3	1004	4	1047	5	1094	6	1053	7	1043	8	1073	9	1071	10	1006	11	1006	12	1009	13	1047	14	1100	15	1029	16	1099	17	1084	18	1086	19	1004	20	1030	21	1021	22	1065	23	1009	24	1032	25	1055	26	1070	27	1003	28	1024	29	1025	30	1090	31	1069	32	1085	33	1026	34	1017	35	1089	36	1091	37	1035	38	1058	39	1100	
	0	1036	1	1089	2	1000	3	1005	4	1013	5	1057	6	1023	7	1097	8	1093	9	1037	10	1013	11	1019	12	1006	13	1047	14	1022	15	1076	16	1100	17	1000	18	1044	19	1067	20	1012	21	1078	22	1049	23	1057	24	1098	25	1078	26	1015	27	1039	28	1041	29	1066	30	1088	31	1022	32	1004	33	1079	34	1026	35	1027	36	1053	37	1093	38	1099	39	1032	
	0	1046	1	1011	2	1074	3	1036	4	1079	5	1014	6	1010	7	1025	8	1019	9	1090	10	1078	11	1099	12	1088	13	1058	14	1026	15	1027	16	1004	17	1081	18	1027	19	1075	20	1030	21	1006	22	1094	23	1008	24	1070	25	1058	26	1023	27	1014	28	1017	29	1067	30	1031	31	1089	32	1049	33	1055	34	1036	35	1088	36	1010	37	1024	38	1007	39	1021	
	0	1044	1	1024	2	1075	3	1059	4	1002	5	1020	6	1092	7	1091	8	1034	9	1038	10	1082	11	1044	12	1098	13	1074	14	1058	15	1073	16	1096	17	1030	18	1054	19	1057	20	1071	21	1089	22	1082	23	1087	24	1026	25	1067	26	1075	27	1020	28	1034	29	1027	30	1045	31	1080	32	1047	33	1088	34	1069	35	1074	36	1089	37	1005	38	1089	39	1087	
	0	1081	1	1005	2	1089	3	1055	4	1034	5	1038	6	1014	7	1064	8	1072	9	1008	10	1032	11	1040	12	1098	13	1060	14	1070	15	1007	16	1058	17	1057	18	1047	19	1019	20	1089	21	1045	22	1054	23	1070	24	1001	25	1063	26	1090	27	1034	28	1006	29	1013	30	1067	31	1099	32	1062	33	1003	34	1096	35	1067	36	1038	37	1010	38	1089	39	1045	
	0	1075	1	1051	2	1046	3	1079	4	1063	5	1084	6	1053	7	1080	8	1071	9	1008	10	1020	11	1001	12	1079	13	1099	14	1049	15	1069	16	1056	17	1058	18	1032	19	1094	20	1032	21	1059	22	1098	23	1081	24	1002	25	1096	26	1022	27	1073	28	1083	29	1071	30	1015	31	1050	32	1089	33	1080	34	1045	35	1007	36	1013	37	1098	38	1088	39	1027	
	0	1013	1	1032	2	1077	3	1044	4	1090	5	1038	6	1057	7	1047	8	1051	9	1008	10	1005	11	1022	12	1045	13	1031	14	1046	15	1049	16	1025	17	1038	18	1089	19	1002	20	1064	21	1053	22	1084	23	1066	24	1085	25	1049	26	1062	27	1064	28	1056	29	1058	30	1060	31	1044	32	1056	33	1075	34	1063	35	1010	36	1095	37	1065	38	1057	39	1041	
	0	1002	1	1013	2	1005	3	1099	4	1013	5	1019	6	1032	7	1084	8	1099	9	1063	10	1087	11	1036	12	1038	13	1022	14	1089	15	1080	16	1069	17	1097	18	1066	19	1019	20	1013	21	1055	22	1085	23	1007	24	1014	25	1003	26	1084	27	1015	28	1081	29	1100	30	1091	31	1046	32	1100	33	1051	34	1095	35	1059	36	1028	37	1054	38	1043	39	1090	
	0	1062	1	1100	2	1056	3	1055	4	1028	5	1033	6	1044	7	1065	8	1052	9	1000	10	1047	11	1042	12	1086	13	1068	14	1095	15	1065	16	1075	17	1099	18	1040	19	1056	20	1073	21	1070	22	1090	23	1046	24	1023	25	1062	26	1008	27	1086	28	1054	29	1097	30	1012	31	1074	32	1008	33	1095	34	1019	35	1038	36	1021	37	1072	38	1007	39	1059	
	0	1089	1	1068	2	1071	3	1070	4	1034	5	1057	6	1025	7	1043	8	1064	9	1023	10	1046	11	1043	12	1029	13	1044	14	1074	15	1083	16	1016	17	1078	18	1088	19	1086	20	1064	21	1007	22	1068	23	1046	24	1076	25	1007	26	1068	27	1003	28	1008	29	1056	30	1053	31	1049	32	1072	33	1085	34	1087	35	1087	36	1094	37	1062	38	1039	39	1063	
	0	1019	1	1047	2	1060	3	1073	4	1017	5	1023	6	1022	7	1001	8	1018	9	1051	10	1004	11	1063	12	1069	13	1057	14	1091	15	1073	16	1094	17	1033	18	1006	19	1091	20	1074	21	1098	22	1072	23	1049	24	1100	25	1002	26	1086	27	1039	28	1072	29	1036	30	1000	31	1098	32	1045	33	1063	34	1083	35	1059	36	1056	37	1044	38	1098	39	1007	
	0	1041	1	1031	2	1098	3	1038	4	1051	5	1024	6	1044	7	1083	8	1075	9	1039	10	1035	11	1021	12	1034	13	1055	14	1078	15	1046	16	1024	17	1051	18	1072	19	1094	20	1056	21	1052	22	1059	23	1082	24	1068	25	1064	26	1050	27	1071	28	1033	29	1066	30	1065	31	1087	32	1039	33	1039	34	1021	35	1010	36	1028	37	1065	38	1065	39	1025	
	0	1097	1	1054	2	1043	3	1029	4	1051	5	1039	6	1041	7	1049	8	1045	9	1021	10	1016	11	1027	12	1031	13	1014	14	1022	15	1062	16	1007	17	1091	18	1056	19	1004	20	1064	21	1041	22	1038	23	1082	24	1065	25	1025	26	1061	27	1068	28	1065	29	1068	30	1047	31	1020	32	1022	33	1013	34	1026	35	1084	36	1005	37	1096	38	1001	39	1063	
	0	1016	1	1076	2	1031	3	1060	4	1003	5	1074	6	1060	7	1027	8	1015	9	1090	10	1062	11	1060	12	1048	13	1077	14	1081	15	1096	16	1015	17	1023	18	1063	19	1014	20	1003	21	1020	22	1040	23	1088	24	1090	25	1057	26	1087	27	1032	28	1002	29	1086	30	1063	31	1070	32	1095	33	1091	34	1081	35	1032	36	1044	37	1045	38	1008	39	1082	
	0	1092	1	1048	2	1009	3	1078	4	1047	5	1032	6	1034	7	1011	8	1026	9	1088	10	1024	11	1043	12	1075	13	1049	14	1004	15	1008	16	1059	17	1006	18	1023	19	1043	20	1005	21	1050	22	1081	23	1039	24	1011	25	1072	26	1055	27	1075	28	1097	29	1003	30	1032	31	1033	32	1013	33	1044	34	1027	35	1018	36	1085	37	1017	38	1014	39	1082	
	0	1060	1	1062	2	1011	3	1088	4	1008	5	1018	6	1096	7	1057	8	1063	9	1033	10	1001	11	1003	12	1010	13	1086	14	1056	15	1036	16	1036	17	1018	18	1051	19	1067	20	1041	21	1076	22	1022	23	1027	24	1066	25	1039	26	1023	27	1003	28	1066	29	1092	30	1051	31	1097	32	1008	33	1093	34	1098	35	1090	36	1009	37	1094	38	1021	39	1001	
	0	1068	1	1049	2	1087	3	1083	4	1070	5	1084	6	1023	7	1031	8	1017	9	1002	10	1006	11	1047	12	1093	13	1044	14	1021	15	1053	16	1049	17	1077	18	1052	19	1035	20	1096	21	1096	22	1099	23	1056	24	1088	25	1083	26	1057	27	1013	28	1002	29	1066	30	1037	31	1080	32	1051	33	1039	34	1021	35	1014	36	1027	37	1058	38	1020	39	1076	
	0	1062	1	1034	2	1007	3	1054	4	1083	5	1079	6	1009	7	1069	8	1031	9	1096	10	1065	11	1066	12	1007	13	1016	14	1070	15	1085	16	1017	17	1084	18	1087	19	1074	20	1020	21	1076	22	1055	23	1076	24	1020	25	1059	26	1059	27	1010	28	1044	29	1039	30	1099	31	1011	32	1038	33	1071	34	1026	35	1015	36	1043	37	1055	38	1027	39	1071	
	0	1002	1	1058	2	1095	3	1024	4	1058	5	1022	6	1097	7	1087	8	1057	9	1027	10	1015	11	1081	12	1080	13	1025	14	1005	15	1062	16	1034	17	1074	18	1050	19	1068	20	1060	21	1082	22	1038	23	1073	24	1015	25	1007	26	1095	27	1027	28	1013	29	1026	30	1054	31	1003	32	1047	33	1080	34	1032	35	1092	36	1040	37	1028	38	1077	39	1008	
	0	1059	1	1096	2	1003	3	1025	4	1072	5	1037	6	1095	7	1087	8	1087	9	1059	10	1051	11	1064	12	1077	13	1011	14	1059	15	1100	16	1048	17	1084	18	1066	19	1025	20	1075	21	1083	22	1056	23	1017	24	1008	25	1079	26	1067	27	1090	28	1087	29	1061	30	1090	31	1080	32	1080	33	1039	34	1039	35	1086	36	1083	37	1016	38	1079	39	1093	
	0	1056	1	1078	2	1045	3	1053	4	1055	5	1020	6	1069	7	1004	8	1087	9	1042	10	1022	11	1041	12	1046	13	1037	14	1029	15	1074	16	1081	17	1029	18	1018	19	1033	20	1030	21	1064	22	1029	23	1086	24	1075	25	1056	26	1045	27	1075	28	1015	29	1006	30	1026	31	1042	32	1060	33	1088	34	1026	35	1048	36	1057	37	1020	38	1076	39	1084	
	0	1083	1	1060	2	1005	3	1020	4	1002	5	1085	6	1003	7	1027	8	1062	9	1065	10	1065	11	1019	12	1016	13	1063	14	1074	15	1025	16	1083	17	1089	18	1092	19	1010	20	1049	21	1010	22	1070	23	1007	24	1070	25	1090	26	1026	27	1100	28	1073	29	1034	30	1001	31	1082	32	1083	33	1040	34	1049	35	1020	36	1098	37	1040	38	1009	39	1048	
	0	1021	1	1019	2	1070	3	1009	4	1043	5	1068	6	1097	7	1070	8	1098	9	1056	10	1054	11	1089	12	1099	13	1001	14	1084	15	1038	16	1030	17	1071	18	1071	19	1065	20	1056	21	1061	22	1073	23	1067	24	1069	25	1005	26	1072	27	1005	28	1064	29	1001	30	1086	31	1001	32	1068	33	1021	34	1092	35	1099	36	1026	37	1073	38	1027	39	1066	
	0	1094	1	1087	2	1069	3	1011	4	1009	5	1077	6	1043	7	1095	8	1041	9	1095	10	1079	11	1077	12	1084	13	1085	14	1027	15	1067	16	1073	17	1087	18	1018	19	1092	20	1090	21	1099	22	1066	23	1056	24	1074	25	1018	26	1072	27	1062	28	1043	29	1096	30	1079	31	1007	32	1070	33	1007	34	1078	35	1026	36	1023	37	1057	38	1073	39	1018	
	0	1045	1	1081	2	1058	3	1097	4	1018	5	1060	6	1009	7	1003	8	1073	9	1012	10	1073	11	1020	12	1044	13	1032	14	1046	15	1021	16	1026	17	1097	18	1033	19	1024	20	1078	21	1011	22	1060	23	1057	24	1054	25	1018	26	1025	27	1013	28	1076	29	1064	30	1024	31	1006	32	1041	33	1067	34	1046	35	1067	36	1062	37	1065	38	1078	39	1096	
	0	1034	1	1094	2	1067	3	1046	4	1070	5	1061	6	1098	7	1049	8	1027	9	1029	10	1089	11	1049	12	1079	13	1057	14	1092	15	1002	16	1019	17	1059	18	1087	19	1088	20	1100	21	1051	22	1001	23	1057	24	1072	25	1024	26	1041	27	1020	28	1015	29	1047	30	1003	31	1027	32	1032	33	1046	34	1028	35	1019	36	1030	37	1092	38	1032	39	1056	
	0	1065	1	1047	2	1097	3	1037	4	1053	5	1064	6	1063	7	1053	8	1060	9	1038	10	1081	11	1045	12	1094	13	1069	14	1007	15	1052	16	1071	17	1029	18	1050	19	1049	20	1028	21	1086	22	1015	23	1016	24	1087	25	1069	26	1048	27	1055	28	1092	29	1033	30	1007	31	1054	32	1099	33	1038	34	1096	35	1056	36	1064	37	1036	38	1006	39	1019	
	0	1056	1	1039	2	1044	3	1026	4	1062	5	1020	6	1019	7	1072	8	1080	9	1084	10	1097	11	1004	12	1090	13	1059	14	1094	15	1010	16	1000	17	1028	18	1062	19	1096	20	1088	21	1001	22	1050	23	1028	24	1045	25	1048	26	1008	27	1010	28	1073	29	1047	30	1039	31	1051	32	1088	33	1096	34	1058	35	1057	36	1019	37	1024	38	1078	39	1054	
	0	1034	1	1087	2	1070	3	1050	4	1100	5	1091	6	1089	7	1024	8	1024	9	1072	10	1049	11	1084	12	1022	13	1014	14	1055	15	1089	16	1080	17	1034	18	1039	19	1035	20	1017	21	1016	22	1085	23	1070	24	1070	25	1018	26	1006	27	1008	28	1002	29	1026	30	1036	31	1052	32	1045	33	1094	34	1003	35	1045	36	1059	37	1064	38	1081	39	1003	
	0	1090	1	1040	2	1044	3	1074	4	1025	5	1001	6	1100	7	1040	8	1073	9	1044	10	1033	11	1038	12	1096	13	1044	14	1038	15	1023	16	1015	17	1044	18	1013	19	1000	20	1047	21	1021	22	1066	23	1063	24	1047	25	1099	26	1070	27	1087	28	1043	29	1057	30	1004	31	1087	32	1061	33	1041	34	1100	35	1019	36	1005	37	1016	38	1012	39	1058	
	0	1073	1	1002	2	1022	3	1065	4	1024	5	1088	6	1003	7	1064	8	1042	9	1075	10	1016	11	1080	12	1067	13	1092	14	1075	15	1026	16	1018	17	1061	18	1098	19	1078	20	1078	21	1042	22	1038	23	1010	24	1062	25	1025	26	1065	27	1024	28	1028	29	1049	30	1037	31	1084	32	1092	33	1076	34	1051	35	1076	36	1038	37	1028	38	1041	39	1051	
	0	1073	1	1078	2	1053	3	1063	4	1037	5	1017	6	1094	7	1029	8	1061	9	1024	10	1035	11	1092	12	1011	13	1064	14	1000	15	1027	16	1048	17	1027	18	1042	19	1007	20	1053	21	1049	22	1066	23	1021	24	1044	25	1040	26	1040	27	1011	28	1091	29	1051	30	1099	31	1013	32	1023	33	1035	34	1047	35	1005	36	1044	37	1050	38	1073	39	1007	
	0	1017	1	1022	2	1041	3	1091	4	1088	5	1064	6	1074	7	1049	8	1030	9	1073	10	1100	11	1068	12	1004	13	1018	14	1097	15	1056	16	1043	17	1077	18	1100	19	1007	20	1032	21	1044	22	1038	23	1002	24	1041	25	1061	26	1079	27	1035	28	1068	29	1006	30	1041	31	1063	32	1051	33	1092	34	1053	35	1044	36	1014	37	1042	38	1001	39	1030	
	0	1004	1	1039	2	1056	3	1028	4	1090	5	1099	6	1059	7	1076	8	1085	9	1022	10	1051	11	1034	12	1093	13	1045	14	1015	15	1031	16	1033	17	1025	18	1014	19	1052	20	1042	21	1000	22	1017	23	1003	24	1036	25	1055	26	1058	27	1065	28	1064	29	1025	30	1052	31	1074	32	1095	33	1003	34	1061	35	1007	36	1063	37	1051	38	1035	39	1017	
	0	1038	1	1056	2	1032	3	1072	4	1066	5	1044	6	1032	7	1049	8	1084	9	1052	10	1094	11	1058	12	1039	13	1040	14	1076	15	1064	16	1097	17	1078	18	1024	19	1049	20	1067	21	1089	22	1041	23	1081	24	1013	25	1028	26	1074	27	1044	28	1027	29	1052	30	1007	31	1004	32	1043	33	1037	34	1003	35	1028	36	1011	37	1097	38	1032	39	1090	
	0	1052	1	1062	2	1039	3	1017	4	1096	5	1008	6	1002	7	1054	8	1096	9	1012	10	1048	11	1064	12	1049	13	1002	14	1074	15	1054	16	1061	17	1073	18	1013	19	1048	20	1016	21	1007	22	1008	23	1020	24	1042	25	1008	26	1008	27	1081	28	1015	29	1026	30	1036	31	1098	32	1002	33	1078	34	1092	35	1075	36	1074	37	1020	38	1004	39	1092	
	0	1048	1	1067	2	1097	3	1007	4	1050	5	1005	6	1100	7	1050	8	1041	9	1078	10	1095	11	1068	12	1027	13	1095	14	1095	15	1040	16	1068	17	1001	18	1044	19	1090	20	1068	21	1003	22	1092	23	1028	24	1005	25	1049	26	1071	27	1020	28	1091	29	1035	30	1075	31	1054	32	1035	33	1053	34	1084	35	1018	36	1052	37	1038	38	1085	39	1011	
	0	1023	1	1071	2	1080	3	1050	4	1077	5	1059	6	1061	7	1057	8	1026	9	1083	10	1072	11	1090	12	1005	13	1019	14	1092	15	1019	16	1014	17	1005	18	1085	19	1029	20	1078	21	1068	22	1049	23	1048	24	1090	25	1021	26	1094	27	1085	28	1068	29	1061	30	1010	31	1016	32	1013	33	1014	34	1015	35	1021	36	1026	37	1091	38	1069	39	1002	
	0	1029	1	1082	2	1038	3	1099	4	1002	5	1064	6	1078	7	1037	8	1005	9	1061	10	1006	11	1055	12	1054	13	1062	14	1009	15	1007	16	1074	17	1091	18	1027	19	1009	20	1096	21	1014	22	1040	23	1014	24	1006	25	1043	26	1039	27	1095	28	1067	29	1028	30	1087	31	1100	32	1098	33	1002	34	1052	35	1006	36	1093	37	1099	38	1080	39	1068	
	0	1059	1	1042	2	1004	3	1098	4	1087	5	1029	6	1020	7	1066	8	1095	9	1080	10	1100	11	1070	12	1033	13	1080	14	1053	15	1072	16	1085	17	1075	18	1090	19	1056	20	1017	21	1021	22	1053	23	1076	24	1073	25	1096	26	1092	27	1066	28	1100	29	1007	30	1030	31	1046	32	1082	33	1046	34	1028	35	1093	36	1066	37	1074	38	1041	39	1099	
	0	1022	1	1077	2	1089	3	1036	4	1066	5	1023	6	1054	7	1037	8	1027	9	1006	10	1009	11	1086	12	1003	13	1002	14	1038	15	1033	16	1008	17	1059	18	1100	19	1043	20	1076	21	1096	22	1028	23	1091	24	1092	25	1048	26	1083	27	1041	28	1041	29	1000	30	1007	31	1068	32	1067	33	1080	34	1039	35	1051	36	1006	37	1017	38	1068	39	1022	
	0	1000	1	1031	2	1082	3	1092	4	1049	5	1091	6	1030	7	1092	8	1062	9	1072	10	1050	11	1009	12	1049	13	1014	14	1004	15	1085	16	1079	17	1100	18	1035	19	1055	20	1097	21	1025	22	1086	23	1034	24	1030	25	1100	26	1055	27	1004	28	1045	29	1025	30	1087	31	1000	32	1088	33	1089	34	1067	35	1072	36	1032	37	1045	38	1098	39	1081	
	0	1100	1	1079	2	1067	3	1070	4	1031	5	1093	6	1002	7	1061	8	1038	9	1057	10	1003	11	1053	12	1022	13	1012	14	1066	15	1081	16	1014	17	1008	18	1006	19	1029	20	1090	21	1040	22	1035	23	1082	24	1012	25	1014	26	1073	27	1092	28	1000	29	1009	30	1000	31	1000	32	1010	33	1078	34	1078	35	1048	36	1082	37	1092	38	1032	39	1030	
	0	1001	1	1052	2	1004	3	1065	4	1067	5	1042	6	1058	7	1062	8	1079	9	1046	10	1028	11	1056	12	1073	13	1095	14	1015	15	1044	16	1088	17	1056	18	1050	19	1093	20	1050	21	1004	22	1043	23	1082	24	1058	25	1062	26	1024	27	1023	28	1066	29	1079	30	1064	31	1079	32	1077	33	1006	34	1028	35	1058	36	1040	37	1007	38	1062	39	1003	
	0	1009	1	1009	2	1031	3	1076	4	1056	5	1045	6	1010	7	1049	8	1095	9	1052	10	1031	11	1082	12	1061	13	1084	14	1014	15	1030	16	1079	17	1096	18	1036	19	1019	20	1024	21	1076	22	1038	23	1014	24	1025	25	1084	26	1002	27	1034	28	1005	29	1009	30	1044	31	1059	32	1009	33	1093	34	1045	35	1071	36	1068	37	1099	38	1030	39	1093	
	0	1098	1	1076	2	1021	3	1018	4	1028	5	1003	6	1033	7	1073	8	1080	9	1042	10	1065	11	1041	12	1044	13	1070	14	1044	15	1015	16	1039	17	1007	18	1008	19	1082	20	1019	21	1074	22	1077	23	1010	24	1073	25	1084	26	1098	27	1064	28	1031	29	1054	30	1083	31	1026	32	1040	33	1043	34	1070	35	1010	36	1016	37	1018	38	1018	39	1003	
	0	1022	1	1063	2	1014	3	1100	4	1009	5	1096	6	1080	7	1054	8	1064	9	1070	10	1028	11	1036	12	1092	13	1083	14	1065	15	1041	16	1071	17	1077	18	1027	19	1075	20	1003	21	1034	22	1022	23	1005	24	1056	25	1024	26	1024	27	1083	28	1051	29	1062	30	1090	31	1080	32	1041	33	1034	34	1097	35	1053	36	1020	37	1011	38	1016	39	1028	
	0	1077	1	1024	2	1081	3	1062	4	1002	5	1074	6	1062	7	1036	8	1091	9	1006	10	1013	11	1047	12	1098	13	1091	14	1059	15	1008	16	1092	17	1045	18	1031	19	1084	20	1087	21	1017	22	1000	23	1090	24	1038	25	1034	26	1021	27	1036	28	1017	29	1086	30	1080	31	1004	32	1059	33	1044	34	1079	35	1039	36	1027	37	1100	38	1036	39	1097	
	0	1026	1	1068	2	1019	3	1065	4	1081	5	1047	6	1035	7	1090	8	1100	9	1097	10	1094	11	1033	12	1022	13	1008	14	1066	15	1045	16	1082	17	1047	18	1001	19	1067	20	1013	21	1075	22	1027	23	1029	24	1012	25	1025	26	1040	27	1003	28	1058	29	1023	30	1099	31	1020	32	1014	33	1050	34	1025	35	1064	36	1027	37	1087	38	1077	39	1052	
	0	1060	1	1098	2	1030	3	1005	4	1058	5	1077	6	1088	7	1037	8	1093	9	1004	10	1071	11	1013	12	1069	13	1039	14	1018	15	1049	16	1034	17	1093	18	1036	19	1099	20	1032	21	1002	22	1080	23	1046	24	1089	25	1066	26	1052	27	1031	28	1048	29	1086	30	1034	31	1007	32	1033	33	1070	34	1099	35	1053	36	1093	37	1017	38	1079	39	1080	
	0	1091	1	1014	2	1010	3	1073	4	1096	5	1088	6	1080	7	1010	8	1019	9	1085	10	1048	11	1007	12	1062	13	1076	14	1070	15	1016	16	1021	17	1089	18	1032	19	1039	20	1073	21	1043	22	1002	23	1049	24	1001	25	1097	26	1055	27	1002	28	1037	29	1065	30	1008	31	1100	32	1024	33	1022	34	1020	35	1040	36	1084	37	1068	38	1018	39	1029	
	0	1033	1	1036	2	1090	3	1002	4	1029	5	1036	6	1000	7	1026	8	1041	9	1053	10	1035	11	1064	12	1033	13	1041	14	1069	15	1071	16	1046	17	1061	18	1005	19	1025	20	1003	21	1037	22	1094	23	1065	24	1071	25	1058	26	1075	27	1052	28	1079	29	1074	30	1046	31	1065	32	1095	33	1013	34	1052	35	1071	36	1054	37	1050	38	1000	39	1023	
	0	1038	1	1029	2	1081	3	1006	4	1015	5	1018	6	1095	7	1075	8	1018	9	1099	10	1028	11	1010	12	1066	13	1066	14	1070	15	1095	16	1018	17	1058	18	1008	19	1029	20	1025	21	1035	22	1079	23	1081	24	1054	25	1037	26	1071	27	1054	28	1027	29	1053	30	1016	31	1034	32	1021	33	1066	34	1002	35	1060	36	1076	37	1017	38	1034	39	1025	
	0	1072	1	1070	2	1027	3	1039	4	1039	5	1044	6	1075	7	1053	8	1046	9	1033	10	1099	11	1094	12	1089	13	1032	14	1006	15	1030	16	1053	17	1042	18	1051	19	1039	20	1080	21	1027	22	1014	23	1002	24	1085	25	1069	26	1003	27	1024	28	1076	29	1009	30	1086	31	1053	32	1090	33	1043	34	1085	35	1081	36	1029	37	1040	38	1044	39	1010	
	0	1056	1	1006	2	1075	3	1004	4	1074	5	1009	6	1082	7	1093	8	1077	9	1002	10	1087	11	1061	12	1055	13	1058	14	1047	15	1026	16	1030	17	1075	18	1021	19	1051	20	1036	21	1089	22	1012	23	1037	24	1079	25	1058	26	1010	27	1038	28	1094	29	1085	30	1021	31	1061	32	1072	33	1008	34	1021	35	1017	36	1031	37	1067	38	1076	39	1020	
	0	1052	1	1074	2	1060	3	1019	4	1083	5	1069	6	1092	7	1030	8	1007	9	1011	10	1023	11	1015	12	1004	13	1087	14	1060	15	1014	16	1019	17	1011	18	1025	19	1088	20	1050	21	1024	22	1090	23	1011	24	1050	25	1037	26	1080	27	1058	28	1019	29	1071	30	1049	31	1084	32	1044	33	1036	34	1013	35	1037	36	1057	37	1037	38	1032	39	1045	
	0	1096	1	1070	2	1084	3	1017	4	1093	5	1081	6	1047	7	1090	8	1053	9	1044	10	1073	11	1005	12	1091	13	1052	14	1030	15	1051	16	1062	17	1068	18	1036	19	1014	20	1022	21	1009	22	1025	23	1060	24	1097	25	1081	26	1027	27	1014	28	1006	29	1091	30	1007	31	1096	32	1012	33	1039	34	1012	35	1032	36	1046	37	1092	38	1054	39	1011	
	0	1085	1	1029	2	1073	3	1049	4	1046	5	1005	6	1087	7	1100	8	1029	9	1043	10	1080	11	1080	12	1090	13	1080	14	1020	15	1041	16	1004	17	1064	18	1074	19	1043	20	1083	21	1081	22	1002	23	1074	24	1065	25	1052	26	1006	27	1038	28	1084	29	1014	30	1043	31	1083	32	1002	33	1023	34	1027	35	1066	36	1080	37	1006	38	1084	39	1002	
	0	1081	1	1066	2	1086	3	1048	4	1001	5	1035	6	1094	7	1029	8	1021	9	1073	10	1079	11	1056	12	1034	13	1068	14	1039	15	1040	16	1052	17	1017	18	1048	19	1014	20	1087	21	1061	22	1018	23	1065	24	1069	25	1009	26	1005	27	1048	28	1046	29	1067	30	1082	31	1100	32	1001	33	1079	34	1059	35	1029	36	1089	37	1077	38	1032	39	1092	
	0	1013	1	1066	2	1016	3	1000	4	1063	5	1060	6	1011	7	1040	8	1053	9	1009	10	1068	11	1058	12	1034	13	1076	14	1051	15	1021	16	1093	17	1087	18	1013	19	1055	20	1070	21	1002	22	1028	23	1013	24	1084	25	1048	26	1069	27	1012	28	1041	29	1070	30	1090	31	1012	32	1008	33	1080	34	1024	35	1053	36	1037	37	1022	38	1090	39	1074	
	0	1064	1	1008	2	1014	3	1068	4	1092	5	1068	6	1069	7	1058	8	1054	9	1039	10	1075	11	1078	12	1025	13	1018	14	1033	15	1006	16	1087	17	1091	18	1088	19	1082	20	1074	21	1031	22	1050	23	1054	24	1056	25	1084	26	1044	27	1055	28	1016	29	1039	30	1027	31	1021	32	1083	33	1088	34	1055	35	1082	36	1077	37	1037	38	1019	39	1060	
	0	1097	1	1024	2	1069	3	1006	4	1037	5	1063	6	1016	7	1093	8	1033	9	1057	10	1050	11	1051	12	1050	13	1051	14	1023	15	1098	16	1051	17	1067	18	1049	19	1078	20	1071	21	1015	22	1044	23	1089	24	1047	25	1029	26	1050	27	1077	28	1006	29	1062	30	1028	31	1065	32	1011	33	1002	34	1042	35	1006	36	1075	37	1022	38	1076	39	1020	
	0	1091	1	1071	2	1007	3	1050	4	1053	5	1017	6	1092	7	1085	8	1000	9	1074	10	1004	11	1067	12	1009	13	1067	14	1079	15	1036	16	1087	17	1051	18	1060	19	1095	20	1023	21	1076	22	1030	23	1072	24	1051	25	1024	26	1006	27	1062	28	1015	29	1085	30	1099	31	1072	32	1085	33	1038	34	1013	35	1096	36	1029	37	1093	38	1058	39	1039	
	0	1060	1	1071	2	1070	3	1095	4	1068	5	1015	6	1013	7	1032	8	1091	9	1021	10	1063	11	1030	12	1078	13	1000	14	1096	15	1036	16	1041	17	1022	18	1018	19	1003	20	1053	21	1042	22	1017	23	1039	24	1061	25	1074	26	1003	27	1045	28	1036	29	1085	30	1076	31	1090	32	1038	33	1027	34	1076	35	1065	36	1010	37	1036	38	1033	39	1061	
	0	1027	1	1067	2	1065	3	1073	4	1079	5	1081	6	1097	7	1016	8	1088	9	1028	10	1042	11	1085	12	1083	13	1066	14	1014	15	1081	16	1050	17	1063	18	1032	19	1038	20	1026	21	1023	22	1054	23	1075	24	1073	25	1029	26	1043	27	1028	28	1054	29	1008	30	1031	31	1006	32	1086	33	1017	34	1092	35	1015	36	1039	37	1066	38	1038	39	1069	
	0	1008	1	1030	2	1056	3	1062	4	1034	5	1050	6	1080	7	1051	8	1042	9	1049	10	1041	11	1054	12	1015	13	1022	14	1100	15	1051	16	1015	17	1043	18	1071	19	1015	20	1037	21	1095	22	1052	23	1009	24	1086	25	1088	26	1099	27	1084	28	1023	29	1058	30	1088	31	1023	32	1070	33	1081	34	1018	35	1016	36	1005	37	1062	38	1003	39	1016	
	0	1074	1	1010	2	1026	3	1087	4	1041	5	1034	6	1077	7	1005	8	1046	9	1036	10	1002	11	1047	12	1088	13	1015	14	1093	15	1019	16	1050	17	1063	18	1043	19	1099	20	1085	21	1049	22	1045	23	1078	24	1007	25	1023	26	1100	27	1073	28	1084	29	1094	30	1055	31	1040	32	1049	33	1042	34	1054	35	1042	36	1074	37	1073	38	1035	39	1018	
	0	1063	1	1093	2	1001	3	1094	4	1025	5	1086	6	1028	7	1096	8	1059	9	1016	10	1100	11	1087	12	1011	13	1052	14	1006	15	1004	16	1084	17	1030	18	1082	19	1003	20	1003	21	1092	22	1010	23	1026	24	1041	25	1049	26	1021	27	1049	28	1027	29	1073	30	1087	31	1025	32	1044	33	1015	34	1090	35	1046	36	1064	37	1050	38	1061	39	1000	
	0	1085	1	1033	2	1066	3	1066	4	1028	5	1086	6	1001	7	1082	8	1008	9	1022	10	1025	11	1058	12	1018	13	1085	14	1025	15	1025	16	1068	17	1017	18	1030	19	1088	20	1011	21	1011	22	1021	23	1092	24	1043	25	1050	26	1075	27	1037	28	1091	29	1011	30	1088	31	1066	32	1005	33	1002	34	1089	35	1010	36	1067	37	1062	38	1029	39	1027	
	0	1049	1	1035	2	1060	3	1078	4	1048	5	1048	6	1016	7	1033	8	1005	9	1032	10	1061	11	1044	12	1053	13	1035	14	1031	15	1023	16	1021	17	1033	18	1003	19	1010	20	1034	21	1060	22	1088	23	1004	24	1012	25	1043	26	1073	27	1054	28	1033	29	1051	30	1026	31	1027	32	1074	33	1008	34	1048	35	1069	36	1033	37	1083	38	1031	39	1090	
	0	1085	1	1034	2	1016	3	1068	4	1033	5	1051	6	1082	7	1058	8	1058	9	1001	10	1069	11	1032	12	1085	13	1023	14	1037	15	1078	16	1024	17	1099	18	1086	19	1039	20	1039	21	1087	22	1073	23	1076	24	1060	25	1044	26	1083	27	1029	28	1043	29	1021	30	1023	31	1001	32	1015	33	1060	34	1076	35	1067	36	1017	37	1048	38	1053	39	1095	
	0	1089	1	1020	2	1080	3	1087	4	1094	5	1093	6	1009	7	1045	8	1092	9	1074	10	1099	11	1009	12	1028	13	1016	14	1062	15	1094	16	1057	17	1029	18	1009	19	1032	20	1080	21	1074	22	1017	23	1099	24	1034	25	1020	26	1059	27	1036	28	1000	29	1097	30	1097	31	1026	32	1053	33	1062	34	1045	35	1086	36	1038	37	1099	38	1062	39	1012	
	0	1011	1	1032	2	1097	3	1076	4	1009	5	1022	6	1045	7	1072	8	1018	9	1053	10	1083	11	1033	12	1072	13	1088	14	1005	15	1009	16	1053	17	1029	18	1078	19	1049	20	1024	21	1003	22	1094	23	1055	24	1012	25	1061	26	1062	27	1060	28	1020	29	1026	30	1014	31	1082	32	1032	33	1068	34	1001	35	1032	36	1076	37	1061	38	1030	39	1091	