100 50 1
50
	0	1030	1	1010	2	1076	3	1063	4	1032	5	1017	6	1015	7	1069	8	1015	9	1008	10	1089	11	1032	12	1032	13	1051	14	1080	15	1055	16	1005	17	1085	18	1072	19	1037	20	1044	21	1078	22	1010	23	1093	24	1088	25	1045	26	1084	27	1080	28	1006	29	1081	30	1073	31	1051	32	1021	33	1020	34	1028	35	1010	36	1054	37	1098	38	1003	39	1025	40	1076	41	1081	42	1028	43	1001	44	1028	45	1010	46	1030	47	1049	48	1031	49	1021	
	0	1057	1	1081	2	1035	3	1058	4	1031	5	1020	6	1038	7	1022	8	1053	9	1012	10	1090	11	1040	12	1007	13	1038	14	1044	15	1043	16	1048	17	1067	18	1008	19	1043	20	1023	21	1042	22	1006	23	1020	24	1027	25	1053	26	1010	27	1051	28	1100	29	1044	30	1009	31	1002	32	1029	33	1061	34	1036	35	1099	36	1050	37	1078	38	1016	39	1085	40	1019	41	1039	42	1016	43	1080	44	1037	45	1074	46	1086	47	1063	48	1090	49	1078	
	0	1086	1	1074	2	1076	3	1046	4	1035	5	1012	6	1059	7	1068	8	1040	9	1002	10	1054	11	1056	12	1034	13	1089	14	1008	15	1025	16	1042	17	1034	18	1082	19	1071	20	1063	21	1050	22	1055	23	1008	24	1000	25	1041	26	1048	27	1080	28	1045	29	1010	30	1078	31	1045	32	1079	33	1086	34	1005	35	1063	36	1070	37	1004	38	1032	39	1041	40	1073	41	1068	42	1039	43	1018	44	1026	45	1061	46	1089	47	1064	48	1028	49	1073	
	0	1021	1	1009	2	1034	3	1032	4	1047	5	1010	6	1012	7	1031	8	1062	9	1071	10	1097	11	1022	12	1047	13	1018	14	1056	15	1089	16	1011	17	1083	18	1045	19	1038	20	1048	21	1048	22	1019	23	1033	24	1078	25	1082	26	1010	27	1054	28	1071	29	1068	30	1002	31	1015	32	1060	33	1045	34	1070	35	1008	36	1087	37	1069	38	1065	39	1078	40	1071	41	1028	42	1068	43	1093	44	1063	45	1002	46	1095	47	1024	48	1034	49	1004	
	0	1095	1	1077	2	1013	3	1063	4	1066	5	1011	6	1042	7	1012	8	1018	9	1048	10	1008	11	1082	12	1091	13	1086	14	1074	15	1004	16	1044	17	1000	18	1031	19	1060	20	1001	21	1002	22	1003	23	1069	24	1034	25	1090	26	1058	27	1028	28	1073	29	1086	30	1100	31	1049	32	1051	33	1087	34	1092	35	1066	36	1013	37	1026	38	1100	39	1010	40	1039	41	1015	42	1023	43	1059	44	1028	45	1078	46	1014	47	1099	48	1062	49	1024	
	0	1069	1	1087	2	1078	3	1063	4	1058	5	1093	6	1052	7	1039	8	1089	9	1072	10	1059	11	1077	12	1024	13	1033	14	1067	15	1056	16	1033	17	1060	18	1010	19	1062	20	1035	21	1027	22	1059	23	1098	24	1066	25	1002	26	1008	27	1044	28	1000	29	1072	30	1080	31	1037	32	1054	33	1086	34	1010	35	1045	36	1067	37	1013	38	1041	39	1007	40	1095	41	1068	42	1054	43	1066	44	1025	45	1006	46	1061	47	1068	48	1052	49	1047	
	0	1069	1	1072	2	1060	3	1093	4	1060	5	1027	6	1010	7	1053	8	1084	9	1035	10	1063	11	1006	12	1034	13	1093	14	1075	15	1021	16	1062	17	1053	18	1006	19	1098	20	1015	21	1083	22	1026	23	1046	24	1040	25	1031	26	1087	27	1012	28	1027	29	1097	30	1078	31	1083	32	1082	33	1030	34	1039	35	1051	36	1099	37	1086	38	1000	39	1058	40	1019	41	1079	42	1005	43	1051	44	1027	45	1027	46	1033	47	1011	48	1040	49	1019	
	0	1095	1	1007	2	1088	3	1080	4	1066	5	1049	6	1074	7	1055	8	1020	9	1019	10	1027	11	1044	12	1054	13	1091	14	1009	15	1050	16	1024	17	1075	18	1042	19	1009	20	1053	21	1085	22	1028	23	1082	24	1092	25	1034	26	1089	27	1020	28	1013	29	1005	30	1017	31	1050	32	1061	33	1098	34	1021	35	1060	36	1018	37	1017	38	1052	39	1037	40	1038	41	1001	42	1018	43	1061	44	1016	45	1049	46	1085	47	1026	48	1071	49	1073	
	0	1029	1	1021	2	1088	3	1051	4	1064	5	1035	6	1094	7	1062	8	1064	9	1050	10	1070	11	1033	12	1065	13	1009	14	1088	15	1018	16	1033	17	1027	18	1069	19	1082	20	1000	21	1074	22	1067	23	1064	24	1026	25	1095	26	1076	27	1079	28	1007	29	1057	30	1081	31	1027	32	1041	33	1018	34	1045	35	1033	36	1090	37	1038	38	1009	39	1041	40	1006	41	1028	42	1001	43	1067	44	1024	45	1026	46	1083	47	1057	48	1100	49	1081	
	0	1098	1	1062	2	1021	3	1043	4	1078	5	1047	6	1089	7	1005	8	1058	9	1098	10	1058	11	1089	12	1043	13	1012	14	1075	15	1087	16	1096	17	1095	18	1047	19	1029	20	1063	21	1086	22	1067	23	1061	24	1045	25	1023	26	1075	27	1058	28	1015	29	1064	30	1014	31	1040	32	1001	33	1036	34	1100	35	1094	36	1036	37	1003	38	1019	39	1070	40	1036	41	1040	42	1014	43	1074	44	1028	45	1086	46	1017	47	1032	48	1077	49	1015	
	0	1025	1	1040	2	1063	3	1075	4	1052	5	1082	6	1060	7	1048	8	1000	9	1076	10	1030	11	1093	12	1060	13	1061	14	1083	15	1052	16	1079	17	1073	18	1016	19	1067	20	1025	21	1078	22	1030	23	1024	24	1100	25	1080	26	1013	27	1086	28	1100	29	1045	30	1010	31	1086	32	1032	33	1086	34	1078	35	1071	36	1077	37	1096	38	1053	39	1033	40	1022	41	1060	42	1082	43	1031	44	1053	45	1023	46	1027	47	1007	48	1017	49	1021	
	0	1080	1	1080	2	1090	3	1069	4	1065	5	1035	6	1051	7	1011	8	1094	9	1065	10	1009	11	1072	12	1020	13	1098	14	1074	15	1036	16	1077	17	1017	18	1025	19	1008	20	1074	21	1056	22	1023	23	1022	24	1019	25	1033	26	1070	27	1078	28	1054	29	1067	30	1015	31	1048	32	1024	33	1055	34	1074	35	1043	36	1086	37	1057	38	1080	39	1028	40	1098	41	1017	42	1050	43	1099	44	1005	45	1032	46	1023	47	1075	48	1041	49	1029	
	0	1041	1	1042	2	1047	3	1083	4	1079	5	1024	6	1088	7	1052	8	1058	9	1031	10	1000	11	1030	12	1064	13	1035	14	1012	15	1031	16	1016	17	1051	18	1074	19	1002	20	1084	21	1097	22	1009	23	1084	24	1068	25	1037	26	1067	27	1044	28	1038	29	1028	30	1087	31	1035	32	1049	33	1007	34	1036	35	1095	36	1041	37	1053	38	1082	39	1004	40	1081	41	1085	42	1031	43	1053	44	1090	45	1015	46	1052	47	1083	48	1085	49	1066	
	0	1091	1	1075	2	1021	3	1074	4	1042	5	1060	6	1048	7	1015	8	1023	9	1076	10	1037	11	1008	12	1019	13	1098	14	1040	15	1023	16	1053	17	1074	18	1002	19	1083	20	1014	21	1002	22	1056	23	1092	24	1054	25	1027	26	1088	27	1091	28	1055	29	1007	30	1023	31	1057	32	1045	33	1033	34	1066	35	1029	36	1009	37	1058	38	1049	39	1082	40	1094	41	1075	42	1019	43	1012	44	1098	45	1005	46	1003	47	1092	48	1091	49	1022	
	0	1075	1	1008	2	1075	3	1014	4	1022	5	1051	6	1026	7	1081	8	1061	9	1020	10	1000	11	1055	12	1056	13	1021	14	1022	15	1096	16	1098	17	1096	18	1049	19	1090	20	1011	21	1038	22	1059	23	1034	24	1008	25	1052	26	1098	27	1004	28	1043	29	1020	30	1006	31	1099	32	1043	33	1092	34	1066	35	1062	36	1040	37	1097	38	1072	39	1004	40	1003	41	1076	42	1032	43	1072	44	1082	45	1074	46	1048	47	1000	48	1066	49	1024	
	0	1053	1	1047	2	1098	3	1029	4	1089	5	1066	6	1013	7	1011	8	1093	9	1051	10	1034	11	1076	12	1095	13	1047	14	1046	15	1005	16	1093	17	1085	18	1014	19	1024	20	1014	21	1094	22	1022	23	1011	24	1010	25	1091	26	1061	27	1033	28	1005	29	1084	30	1062	31	1071	32	1000	33	1035	34	1004	35	1054	36	1019	37	1075	38	1008	39	1006	40	1088	41	1023	42	1080	43	1073	44	1009	45	1035	46	1092	47	1034	48	1073	49	1097	
	0	1050	1	1040	2	1094	3	1085	4	1049	5	1091	6	1002	7	1063	8	1096	9	1006	10	1017	11	1043	12	1058	13	1084	14	1079	15	1062	16	1086	17	1097	18	1064	19	1024	20	1032	21	1029	22	1079	23	1017	24	1000	25	1033	26	1008	27	1095	28	1065	29	1005	30	1059	31	1084	32	1074	33	1021	34	1063	35	1012	36	1045	37	1035	38	1062	39	1036	40	1035	41	1025	42	1090	43	1051	44	1093	45	1055	46	1067	47	1062	48	1069	49	1024	
	0	1034	1	1073	2	1067	3	1071	4	1067	5	1027	6	1021	7	1082	8	1016	9	1009	10	1037	11	1036	12	1051	13	1098	14	1039	15	1025	16	1003	17	1053	18	1001	19	1092	20	1008	21	1047	22	1030	23	1087	24	1083	25	1086	26	1063	27	1085	28	1041	29	1096	30	1086	31	1098	32	1033	33	1067	34	1081	35	1061	36	1086	37	1018	38	1030	39	1074	40	1043	41	1084	42	1005	43	1052	44	1052	45	1013	46	1046	47	1079	48	1087	49	1098	
	0	1029	1	1023	2	1042	3	1091	4	1095	5	1078	6	1075	7	1015	8	1008	9	1057	10	1044	11	1088	12	1028	13	1075	14	1024	15	1003	16	1076	17	1009	18	1035	19	1080	20	1097	21	1099	22	1048	23	1075	24	1098	25	1015	26	1051	27	1055	28	1034	29	1054	30	1016	31	1037	32	1047	33	1091	34	1080	35	1064	36	1078	37	1004	38	1061	39	1070	40	1026	41	1039	42	1011	43	1046	44	1056	45	1044	46	1040	47	1087	48	1098	49	1006	
	0	1049	1	1072	2	1028	3	1011	4	1068	5	1018	6	1076	7	1063	8	1083	9	1089	10	1029	11	1053	12	1095	13	1078	14	1064	15	1042	16	1025	17	1067	18	1071	19	1002	20	1000	21	1053	22	1031	23	1068	24	1053	25	1045	26	1099	27	1070	28	1030	29	1015	30	1025	31	1095	32	1072	33	1017	34	1092	35	1042	36	1089	37	1083	38	1029	39	1018	40	1039	41	1009	42	1059	43	1047	44	1089	45	1041	46	1048	47	1044	48	1072	49	1030	
	0	1067	1	1058	2	1042	3	1055	4	1046	5	1001	6	1037	7	1030	8	1063	9	1005	10	1017	11	1073	12	1013	13	1093	14	1002	15	1057	16	1036	17	1028	18	1009	19	1007	20	1014	21	1080	22	1036	23	1072	24	1056	25	1090	26	1097	27	1090	28	1064	29	1052	30	1065	31	1075	32	1044	33	1040	34	1025	35	1002	36	1013	37	1018	38	1055	39	1012	40	1046	41	1087	42	1064	43	1038	44	1091	45	1058	46	1012	47	1085	48	1079	49	1068	
	0	1051	1	1018	2	1074	3	1050	4	1096	5	1039	6	1073	7	1089	8	1049	9	1005	10	1097	11	1005	12	1026	13	1065	14	1016	15	1039	16	1096	17	1072	18	1093	19	1069	20	1055	21	1023	22	1052	23	1091	24	1070	25	1069	26	1039	27	1002	28	1007	29	1069	30	1062	31	1023	32	1001	33	1044	34	1073	35	1009	36	1071	37	1009	38	1099	39	1011	40	1034	41	1058	42	1045	43	1047	44	1050	45	1093	46	1097	47	1059	48	1095	49	1040	
	0	1021	1	1065	2	1031	3	1063	4	1014	5	1010	6	1057	7	1009	8	1091	9	1052	10	1082	11	1033	12	1005	13	1041	14	1092	15	1056	16	1014	17	1029	18	1074	19	1067	20	1075	21	1058	22	1096	23	1060	24	1029	25	1097	26	1084	27	1015	28	1059	29	1004	30	1001	31	1002	32	1056	33	1044	34	1069	35	1095	36	1050	37	1056	38	1047	39	1003	40	1014	41	1051	42	1093	43	1054	44	1095	45	1063	46	1009	47	1037	48	1032	49	1026	
	0	1034	1	1009	2	1067	3	1097	4	1030	5	1086	6	1074	7	1071	8	1017	9	1068	10	1026	11	1100	12	1074	13	1064	14	1012	15	1089	16	1090	17	1013	18	1094	19	1085	20	1060	21	1096	22	1052	23	1047	24	1057	25	1044	26	1070	27	1086	28	1055	29	1041	30	1077	31	1031	32	1055	33	1095	34	1000	35	1028	36	1076	37	1099	38	1035	39	1040	40	1026	41	1095	42	1045	43	1067	44	1013	45	1086	46	1053	47	1056	48	1047	49	1024	
	0	1092	1	1006	2	1008	3	1034	4	1006	5	1092	6	1038	7	1089	8	1011	9	1079	10	1026	11	1079	12	1067	13	1094	14	1049	15	1065	16	1065	17	1058	18	1042	19	1015	20	1069	21	1024	22	1089	23	1076	24	1088	25	1090	26	1000	27	1016	28	1037	29	1066	30	1056	31	1090	32	1008	33	1064	34	1074	35	1004	36	1016	37	1014	38	1019	39	1006	40	1027	41	1074	42	1044	43	1064	44	1067	45	1099	46	1091	47	1061	48	1036	49	1083	
	0	1100	1	1081	2	1050	3	1088	4	1050	5	1090	6	1081	7	1089	8	1040	9	1077	10	1021	11	1034	12	1045	13	1089	14	1033	15	1052	16	1050	17	1096	18	1045	19	1049	20	1097	21	1028	22	1009	23	1064	24	1079	25	1091	26	1075	27	1054	28	1086	29	1049	30	1007	31	1066	32	1099	33	1007	34	1025	35	1044	36	1002	37	1097	38	1021	39	1006	40	1028	41	1024	42	1025	43	1023	44	1031	45	1019	46	1024	47	1009	48	1000	49	1089	
	0	1062	1	1036	2	1033	3	1058	4	1015	5	1060	6	1013	7	1024	8	1023	9	1098	10	1000	11	1093	12	1067	13	1056	14	1002	15	1028	16	1017	17	1065	18	1082	19	1089	20	1020	21	1097	22	1017	23	1041	24	1074	25	1080	26	1027	27	1100	28	1029	29	1091	30	1049	31	1021	32	1035	33	1040	34	1028	35	1098	36	1097	37	1061	38	1044	39	1006	40	1099	41	1098	42	1057	43	1083	44	1024	45	1013	46	1061	47	1047	48	1000	49	1091	
	0	1033	1	1064	2	1040	3	1039	4	1069	5	1034	6	1043	7	1019	8	1034	9	1086	10	1028	11	1061	12	1088	13	1005	14	1053	15	1007	16	1080	17	1014	18	1008	19	1084	20	1052	21	1091	22	1070	23	1077	24	1002	25	1077	26	1010	27	1071	28	1077	29	1039	30	1061	31	1013	32	1039	33	1067	34	1016	35	1048	36	1078	37	1028	38	1015	39	1027	40	1034	41	1065	42	1068	43	1020	44	1009	45	1051	46	1079	47	1018	48	1000	49	1000	
	0	1008	1	1071	2	1070	3	1072	4	1000	5	1066	6	1041	7	1054	8	1027	9	1022	10	1081	11	1075	12	1092	13	1071	14	1041	15	1023	16	1048	17	1072	18	1050	19	1036	20	1068	21	1049	22	1004	23	1075	24	1082	25	1048	26	1034	27	1009	28	1016	29	1029	30	1020	31	1090	32	1065	33	1059	34	1065	35	1076	36	1083	37	1011	38	1033	39	1062	40	1043	41	1036	42	1088	43	1033	44	1001	45	1027	46	1030	47	1066	48	1066	49	1063	
	0	1010	1	1016	2	1044	3	1025	4	1022	5	1052	6	1026	7	1034	8	1023	9	1028	10	1036	11	1018	12	1014	13	1052	14	1017	15	1091	16	1009	17	1040	18	1001	19	1078	20	1031	21	1065	22	1031	23	1020	24	1010	25	1006	26	1070	27	1085	28	1069	29	1026	30	1074	31	1060	32	1040	33	1084	34	1053	35	1013	36	1035	37	1037	38	1015	39	1075	40	1049	41	1024	42	1006	43	1058	44	1014	45	1081	46	1094	47	1023	48	1003	49	1087	
	0	1100	1	1042	2	1049	3	1055	4	1055	5	1092	6	1011	7	1088	8	1045	9	1005	10	1097	11	1060	12	1038	13	1015	14	1040	15	1069	16	1084	17	1055	18	1084	19	1099	20	1092	21	1014	22	1029	23	1095	24	1095	25	1081	26	1014	27	1036	28	1095	29	1007	30	1054	31	1058	32	1006	33	1045	34	1002	35	1069	36	1069	37	1005	38	1013	39	1087	40	1044	41	1060	42	1016	43	1050	44	1005	45	1032	46	1024	47	1099	48	1088	49	1004	
	0	1056	1	1089	2	1004	3	1089	4	1073	5	1052	6	1064	7	1016	8	1028	9	1034	10	1084	11	1076	12	1031	13	1013	14	1032	15	1071	16	1073	17	1029	18	1093	19	1023	20	1011	21	1029	22	1010	23	1001	24	1097	25	1058	26	1010	27	1078	28	1072	29	1093	30	1037	31	1093	32	1097	33	1016	34	1029	35	1014	36	1064	37	1068	38	1085	39	1013	40	1000	41	1096	42	1070	43	1019	44	1058	45	1010	46	1091	47	1082	48	1017	49	1097	
	0	1000	1	1067	2	1055	3	1088	4	1005	5	1014	6	1017	7	1027	8	1077	9	1079	10	1042	11	1010	12	1051	13	1056	14	1045	15	1089	16	1010	17	1011	18	1055	19	1066	20	1099	21	1032	22	1043	23	1081	24	1060	25	1082	26	1004	27	1025	28	1090	29	1015	30	1009	31	1073	32	1026	33	1094	34	1089	35	1087	36	1044	37	1069	38	1096	39	1082	40	1077	41	1057	42	1055	43	1019	44	1067	45	1006	46	1100	47	1061	48	1026	49	1002	
	0	1066	1	1023	2	1030	3	1100	4	1023	5	1005	6	1046	7	1043	8	1016	9	1054	10	1014	11	1005	12	1008	13	1017	14	1074	15	1002	16	1029	17	1079	18	1044	19	1045	20	1026	21	1090	22	1013	23	1076	24	1020	25	1010	26	1013	27	1052	28	1070	29	1092	30	1006	31	1088	32	1022	33	1064	34	1029	35	1057	36	1044	37	1088	38	1023	39	1055	40	1018	41	1085	42	1013	43	1057	44	1005	45	1052	46	1081	47	1008	48	1006	49	1031	
	0	1055	1	1025	2	1004	3	1085	4	1097	5	1064	6	1012	7	1004	8	1064	9	1009	10	1026	11	1017	12	1039	13	1057	14	1075	15	1019	16	1014	17	1007	18	1040	19	1004	20	1009	21	1023	22	1043	23	1050	24	1085	25	1058	26	1095	27	1078	28	1018	29	1053	30	1002	31	1079	32	1050	33	1000	34	1056	35	1087	36	1076	37	1055	38	1022	39	1037	40	1048	41	1088	42	1010	43	1046	44	1032	45	1073	46	1078	47	1049	48	1020	49	1023	
	0	1074	1	1008	2	1026	3	1015	4	1042	5	1053	6	1048	7	1039	8	1053	9	1039	10	1051	11	1032	12	1028	13	1051	14	1049	15	1038	16	1051	17	1050	18	1097	19	1062	20	1086	21	1064	22	1019	23	1002	24	1096	25	1085	26	1021	27	1098	28	1059	29	1096	30	1012	31	1019	32	1000	33	1027	34	1025	35	1020	36	1060	37	1009	38	1061	39	1064	40	1085	41	1077	42	1058	43	1040	44	1055	45	1039	46	1034	47	1060	48	1100	49	1036	
	0	1018	1	1040	2	1096	3	1088	4	1048	5	1062	6	1018	7	1051	8	1010	9	1094	10	1015	11	1033	12	1069	13	1087	14	1013	15	1019	16	1098	17	1089	18	1012	19	1057	20	1060	21	1006	22	1063	23	1092	24	1049	25	1029	26	1089	27	1037	28	1053	29	1017	30	1097	31	1055	32	1090	33	1050	34	1014	35	1026	36	1068	37	1077	38	1026	39	1013	40	1022	41	1063	42	1093	43	1050	44	1006	45	1020	46	1050	47	1050	48	1099	49	1000	
	0	1098	1	1013	2	1031	3	1065	4	1080	5	1061	6	1049	7	1049	8	1072	9	1083	10	1057	11	1053	12	1099	13	1063	14	1047	15	1007	16	1045	17	1014	18	1013	19	1090	20	1025	21	1016	22	1047	23	1053	24	1067	25	1028	26	1025	27	1090	28	1013	29	1017	30	1063	31	1042	32	1018	33	1045	34	1054	35	1051	36	1089	37	1033	38	1037	39	1068	40	1085	41	1042	42	1025	43	1013	44	1032	45	1057	46	1003	47	1035	48	1066	49	1076	
	0	1009	1	1009	2	1013	3	1004	4	1028	5	1087	6	1000	7	1017	8	1040	9	1081	10	1027	11	1070	12	1055	13	1013	14	1100	15	1007	16	1029	17	1091	18	1056	19	1011	20	1084	21	1046	22	1007	23	1033	24	1094	25	1019	26	1008	27	1065	28	1034	29	1035	30	1091	31	1020	32	1060	33	1046	34	1046	35	1066	36	1095	37	1011	38	1074	39	1007	40	1031	41	1028	42	1026	43	1074	44	1055	45	1042	46	1080	47	1068	48	1050	49	1029	
	0	1009	1	1047	2	1022	3	1084	4	1059	5	1051	6	1096	7	1022	8	1045	9	1002	10	1081	11	1095	12	1095	13	1062	14	1011	15	1014	16	1092	17	1066	18	1050	19	1035	20	1055	21	1034	22	1046	23	1091	24	1093	25	1004	26	1080	27	1062	28	1035	29	1067	30	1066	31	1050	32	1051	33	1090	34	1075	35	1055	36	1056	37	1004	38	1012	39	1084	40	1013	41	1042	42	1020	43	1080	44	1060	45	1008	46	1088	47	1063	48	1077	49	1043	
	0	1043	1	1000	2	1046	3	1077	4	1087	5	1100	6	1089	7	1052	8	1024	9	1001	10	1081	11	1056	12	1077	13	1099	14	1079	15	1008	16	1044	17	1094	18	1045	19	1019	20	1066	21	1007	22	1055	23	1035	24	1053	25	1064	26	1061	27	1060	28	1070	29	1086	30	1064	31	1092	32	1040	33	1060	34	1032	35	1027	36	1015	37	1097	38	1003	39	1019	40	1089	41	1029	42	1097	43	1083	44	1096	45	1015	46	1100	47	1009	48	1004	49	1082	
	0	1097	1	1051	2	1095	3	1061	4	1051	5	1072	6	1050	7	1044	8	1064	9	1025	10	1038	11	1049	12	1013	13	1038	14	1062	15	1062	16	1081	17	1049	18	1077	19	1010	20	1032	21	1074	22	1022	23	1052	24	1066	25	1046	26	1000	27	1081	28	1019	29	1061	30	1014	31	1038	32	1100	33	1066	34	1097	35	1085	36	1005	37	1055	38	1030	39	1019	40	1069	41	1094	42	1068	43	1001	44	1080	45	1039	46	1036	47	1014	48	1098	49	1003	
	0	1080	1	1051	2	1094	3	1079	4	1081	5	1098	6	1083	7	1036	8	1065	9	1030	10	1063	11	1067	12	1034	13	1004	14	1087	15	1001	16	1058	17	1017	18	1069	19	1021	20	1022	21	1067	22	1034	23	1058	24	1014	25	1042	26	1063	27	1007	28	1041	29	1075	30	1010	31	1073	32	1053	33	1081	34	1023	35	1088	36	1066	37	1082	38	1091	39	1008	40	1003	41	1051	42	1023	43	1029	44	1060	45	1057	46	1062	47	1025	48	1054	49	1025	
	0	1017	1	1036	2	1021	3	1010	4	1003	5	1081	6	1089	7	1020	8	1048	9	1023	10	1063	11	1100	12	1009	13	1083	14	1062	15	1031	16	1034	17	1086	18	1089	19	1097	20	1091	21	1007	22	1027	23	1078	24	1056	25	1057	26	1066	27	1094	28	1053	29	1064	30	1097	31	1093	32	1037	33	1042	34	1073	35	1046	36	1022	37	1096	38	1054	39	1081	40	1049	41	1013	42	1018	43	1079	44	1039	45	1085	46	1040	47	1002	48	1086	49	1089	
	0	1008	1	1085	2	1097	3	1028	4	1058	5	1079	6	1098	7	1019	8	1072	9	1009	10	1074	11	1020	12	1019	13	1028	14	1095	15	1041	16	1042	17	1032	18	1053	19	1072	20	1083	21	1061	22	1065	23	1007	24	1018	25	1029	26	1089	27	1038	28	1074	29	1007	30	1024	31	1056	32	1022	33	1068	34	1011	35	1029	36	1009	37	1002	38	1058	39	1023	40	1035	41	1047	42	1071	43	1040	44	1084	45	1006	46	1018	47	1066	48	1081	49	1075	
	0	1015	1	1050	2	1097	3	1036	4	1005	5	1066	6	1066	7	1081	8	1100	9	1022	10	1039	11	1093	12	1024	13	1099	14	1079	15	1051	16	1018	17	1011	18	1027	19	1075	20	1076	21	1073	22	1005	23	1031	24	1018	25	1038	26	1016	27	1074	28	1093	29	1023	30	1083	31	1005	32	1059	33	1047	34	1069	35	1053	36	1073	37	1052	38	1028	39	1050	40	1036	41	1015	42	1018	43	1010	44	1008	45	1003	46	1097	47	1064	48	1001	49	1047	
	0	1005	1	1033	2	1084	3	1065	4	1053	5	1087	6	1100	7	1046	8	1067	9	1069	10	1067	11	1085	12	1031	13	1048	14	1088	15	1092	16	1012	17	1002	18	1100	19	1044	20	1075	21	1000	22	1009	23	1096	24	1083	25	1033	26	1066	27	1073	28	1010	29	1067	30	1006	31	1050	32	1053	33	1078	34	1090	35	1022	36	1078	37	1005	38	1025	39	1015	40	1069	41	1073	42	1010	43	1089	44	1036	45	1061	46	1060	47	1068	48	1023	49	1032	
	0	1013	1	1054	2	1022	3	1032	4	1092	5	1085	6	1072	7	1017	8	1048	9	1064	10	1094	11	1099	12	1001	13	1091	14	1001	15	1019	16	1085	17	1058	18	1056	19	1086	20	1018	21	1012	22	1083	23	1003	24	1013	25	1056	26	1069	27	1085	28	1000	29	1088	30	1017	31	1010	32	1003	33	1087	34	1053	35	1059	36	1019	37	1011	38	1052	39	1076	40	1030	41	1097	42	1030	43	1085	44	1013	45	1014	46	1039	47	1015	48	1091	49	1065	
	0	1079	1	1003	2	1095	3	1095	4	1048	5	1076	6	1073	7	1082	8	1080	9	1043	10	1090	11	1063	12	1019	13	1076	14	1097	15	1011	16	1031	17	1005	18	1063	19	1082	20	1031	21	1069	22	1018	23	1068	24	1076	25	1059	26	1089	27	1080	28	1046	29	1035	30	1068	31	1083	32	1026	33	1045	34	1077	35	1020	36	1039	37	1003	38	1082	39	1073	40	1050	41	1013	42	1032	43	1058	44	1048	45	1070	46	1042	47	1032	48	1094	49	1069	
	0	1041	1	1068	2	1018	3	1067	4	1090	5	1003	6	1097	7	1078	8	1073	9	1030	10	1025	11	1081	12	1003	13	1025	14	1094	15	1076	16	1012	17	1068	18	1079	19	1071	20	1077	21	1031	22	1057	23	1075	24	1034	25	1059	26	1009	27	1017	28	1073	29	1011	30	1013	31	1027	32	1034	33	1007	34	1017	35	1036	36	1070	37	1043	38	1093	39	1077	40	1011	41	1085	42	1027	43	1036	44	1013	45	1036	46	1023	47	1035	48	1011	49	1090	
	0	1079	1	1076	2	1090	3	1017	4	1076	5	1012	6	1032	7	1096	8	1066	9	1097	10	1077	11	1055	12	1092	13	1081	14	1049	15	1092	16	1079	17	1096	18	1056	19	1097	20	1075	21	1025	22	1032	23	1093	24	1051	25	1038	26	1004	27	1085	28	1092	29	1037	30	1032	31	1008	32	1037	33	1077	34	1020	35	1020	36	1035	37	1045	38	1019	39	1016	40	1010	41	1055	42	1015	43	1049	44	1037	45	1041	46	1050	47	1019	48	1004	49	1092	
	0	1039	1	1040	2	1017	3	1019	4	1090	5	1046	6	1095	7	1044	8	1077	9	1063	10	1062	11	1027	12	1049	13	1088	14	1006	15	1079	16	1014	17	1045	18	1094	19	1016	20	1001	21	1042	22	1045	23	1076	24	1070	25	1061	26	1060	27	1019	28	1066	29	1014	30	1007	31	1079	32	1094	33	1013	34	1000	35	1081	36	1049	37	1091	38	1082	39	1086	40	1020	41	1066	42	1034	43	1079	44	1002	45	1001	46	1006	47	1057	48	1097	49	1078	
	0	1012	1	1053	2	1014	3	1014	4	1068	5	1061	6	1048	7	1096	8	1058	9	1094	10	1003	11	1011	12	1077	13	1059	14	1089	15	1017	16	1099	17	1013	18	1005	19	1086	20	1048	21	1055	22	1053	23	1028	24	1053	25	1082	26	1069	27	1044	28	1045	29	1085	30	1079	31	1059	32	1084	33	1003	34	1031	35	1052	36	1095	37	1037	38	1053	39	1039	40	1097	41	1079	42	1004	43	1099	44	1012	45	1086	46	1016	47	1093	48	1025	49	1078	
	0	1041	1	1069	2	1055	3	1009	4	1089	5	1003	6	1080	7	1001	8	1067	9	1023	10	1023	11	1029	12	1080	13	1038	14	1055	15	1052	16	1069	17	1031	18	1097	19	1001	20	1008	21	1100	22	1088	23	1041	24	1071	25	1096	26	1067	27	1029	28	1042	29	1084	30	1016	31	1052	32	1048	33	1006	34	1013	35	1041	36	1003	37	1029	38	1100	39	1031	40	1063	41	1040	42	1041	43	1028	44	1032	45	1008	46	1038	47	1047	48	1093	49	1052	
	0	1031	1	1031	2	1073	3	1069	4	1018	5	1080	6	1039	7	1093	8	1041	9	1038	10	1086	11	1096	12	1005	13	1013	14	1063	15	1041	16	1021	17	1064	18	1010	19	1045	20	1042	21	1078	22	1042	23	1093	24	1053	25	1094	26	1030	27	1013	28	1016	29	1006	30	1002	31	1017	32	1056	33	1095	34	1088	35	1042	36	1011	37	1052	38	1015	39	1059	40	1100	41	1100	42	1007	43	1099	44	1014	45	1069	46	1024	47	1026	48	1049	49	1038	
	0	1098	1	1048	2	1021	3	1082	4	1044	5	1069	6	1000	7	1094	8	1057	9	1010	10	1004	11	1062	12	1064	13	1064	14	1045	15	1028	16	1081	17	1095	18	1081	19	1075	20	1001	21	1075	22	1009	23	1059	24	1065	25	1020	26	1095	27	1038	28	1011	29	1064	30	1044	31	1075	32	1095	33	1013	34	1044	35	1033	36	1098	37	1030	38	1085	39	1065	40	1065	41	1066	42	1003	43	1020	44	1054	45	1088	46	1011	47	1051	48	1055	49	1018	
	0	1079	1	1028	2	1042	3	1031	4	1019	5	1004	6	1053	7	1065	8	1009	9	1062	10	1083	11	1092	12	1005	13	1070	14	1021	15	1017	16	1038	17	1018	18	1053	19	1048	20	1019	21	1042	22	1061	23	1039	24	1045	25	1067	26	1041	27	1039	28	1065	29	1074	30	1054	31	1081	32	1089	33	1062	34	1032	35	1026	36	1002	37	1082	38	1026	39	1040	40	1014	41	1021	42	1015	43	1036	44	1090	45	1069	46	1088	47	1087	48	1026	49	1064	
	0	1087	1	1028	2	1057	3	1080	4	1081	5	1003	6	1030	7	1044	8	1093	9	1016	10	1088	11	1013	12	1034	13	1010	14	1044	15	1090	16	1013	17	1093	18	1042	19	1070	20	1087	21	1084	22	1073	23	1083	24	1046	25	1023	26	1009	27	1050	28	1008	29	1020	30	1006	31	1087	32	1057	33	1095	34	1029	35	1049	36	1034	37	1091	38	1093	39	1080	40	1075	41	1098	42	1069	43	1003	44	1043	45	1002	46	1036	47	1005	48	1025	49	1089	
	0	1080	1	1055	2	1054	3	1000	4	1034	5	1090	6	1022	7	1086	8	1006	9	1032	10	1072	11	1073	12	1086	13	1030	14	1043	15	1093	16	1066	17	1043	18	1072	19	1065	20	1079	21	1017	22	1083	23	1041	24	1087	25	1011	26	1051	27	1053	28	1032	29	1086	30	1022	31	1053	32	1002	33	1029	34	1088	35	1059	36	1051	37	1046	38	1016	39	1055	40	1010	41	1052	42	1027	43	1008	44	1053	45	1079	46	1035	47	1084	48	1014	49	1084	
	0	1061	1	1091	2	1034	3	1035	4	1030	5	1086	6	1063	7	1015	8	1076	9	1017	10	1033	11	1027	12	1033	13	1023	14	1025	15	1029	16	1075	17	1005	18	1056	19	1081	20	1078	21	1091	22	1037	23	1017	24	1017	25	1013	26	1002	27	1090	28	1099	29	1059	30	1048	31	1028	32	1074	33	1066	34	1033	35	1098	36	1040	37	1079	38	1054	39	1088	40	1065	41	1089	42	1063	43	1023	44	1027	45	1052	46	1022	47	1092	48	1060	49	1000	
	0	1076	1	1000	2	1021	3	1092	4	1049	5	1035	6	1065	7	1050	8	1098	9	1071	10	1062	11	1011	12	1041	13	1025	14	1094	15	1045	16	1012	17	1028	18	1048	19	1024	20	1016	21	1072	22	1081	23	1072	24	1031	25	1018	26	1059	27	1086	28	1008	29	1049	30	1075	31	1070	32	1079	33	1028	34	1090	35	1046	36	1012	37	1051	38	1017	39	1004	40	1089	41	1045	42	1086	43	1060	44	1033	45	1030	46	1062	47	1100	48	1087	49	1015	
	0	1088	1	1044	2	1013	3	1002	4	1092	5	1047	6	1036	7	1095	8	1009	9	1079	10	1076	11	1045	12	1082	13	1018	14	1089	15	1057	16	1077	17	1029	18	1054	19	1027	20	1029	21	1000	22	1100	23	1089	24	1043	25	1069	26	1087	27	1065	28	1011	29	1027	30	1060	31	1077	32	1050	33	1057	34	1021	35	1051	36	1012	37	1093	38	1031	39	1009	40	1013	41	1031	42	1080	43	1024	44	1043	45	1086	46	1096	47	1064	48	1027	49	1036	
	0	1011	1	1099	2	1036	3	1049	4	1002	5	1025	6	1049	7	1050	8	1041	9	1016	10	1009	11	1070	12	1098	13	1086	14	1058	15	1012	16	1085	17	1042	18	1018	19	1092	20	1040	21	1060	22	1084	23	1062	24	1010	25	1039	26	1012	27	1070	28	1072	29	1071	30	1039	31	1000	32	1091	33	1066	34	1081	35	1028	36	1033	37	1096	38	1046	39	1089	40	1093	41	1068	42	1080	43	1082	44	1018	45	1054	46	1046	47	1076	48	1037	49	1000	
	0	1030	1	1075	2	1059	3	1067	4	1019	5	1043	6	1017	7	1099	8	1077	9	1089	10	1015	11	1024	12	1001	13	1051	14	1042	15	1079	16	1089	17	1065	18	1085	19	1083	20	1062	21	1093	22	1097	23	1071	24	1042	25	1038	26	1011	27	1051	28	1028	29	1097	30	1031	31	1040	32	1050	33	1042	34	1085	35	1022	36	1010	37	1070	38	1020	39	1037	40	1026	41	1074	42	1063	43	1095	44	1062	45	1044	46	1010	47	1069	48	1057	49	1009	
	0	1085	1	1042	2	1091	3	1034	4	1039	5	1025	6	1060	7	1026	8	1052	9	1070	10	1064	11	1022	12	1041	13	1006	14	1099	15	1088	16	1091	17	1081	18	1092	19	1020	20	1035	21	1047	22	1040	23	1080	24	1038	25	1065	26	1011	27	1074	28	1013	29	1018	30	1069	31	1052	32	1015	33	1025	34	1084	35	1070	36	1095	37	1057	38	1041	39	1076	40	1100	41	1006	42	1081	43	1083	44	1034	45	1068	46	1070	47	1003	48	1094	49	1025	
	0	1027	1	1085	2	1056	3	1085	4	1032	5	1044	6	1095	7	1038	8	1092	9	1029	10	1084	11	1053	12	1016	13	1033	14	1043	15	1071	16	1094	17	1062	18	1047	19	1071	20	1081	21	1008	22	1057	23	1011	24	1002	25	1065	26	1091	27	1026	28	1085	29	1084	30	1042	31	1006	32	1054	33	1022	34	1052	35	1022	36	1050	37	1039	38	1028	39	1019	40	1013	41	1084	42	1005	43	1018	44	1087	45	1050	46	1070	47	1095	48	1098	49	1047	
	0	1038	1	1041	2	1050	3	1093	4	1095	5	1023	6	1086	7	1100	8	1052	9	1076	10	1099	11	1079	12	1054	13	1084	14	1004	15	1020	16	1085	17	1043	18	1093	19	1011	20	1059	21	1070	22	1074	23	1078	24	1094	25	1093	26	1015	27	1009	28	1047	29	1046	30	1040	31	1066	32	1041	33	1044	34	1003	35	1085	36	1021	37	1013	38	1043	39	1043	40	1085	41	1081	42	1043	43	1051	44	1050	45	1077	46	1000	47	1007	48	1046	49	1064	
	0	1090	1	1098	2	1006	3	1030	4	1080	5	1059	6	1021	7	1050	8	1074	9	1023	10	1025	11	1052	12	1084	13	1074	14	1060	15	1013	16	1095	17	1004	18	1020	19	1099	20	1038	21	1032	22	1077	23	1031	24	1013	25	1008	26	1061	27	1026	28	1062	29	1076	30	1077	31	1010	32	1060	33	1046	34	1002	35	1002	36	1037	37	1078	38	1093	39	1055	40	1065	41	1065	42	1023	43	1045	44	1051	45	1051	46	1097	47	1057	48	1007	49	1000	
	0	1080	1	1050	2	1091	3	1036	4	1046	5	1098	6	1098	7	1007	8	1005	9	1021	10	1004	11	1024	12	1042	13	1072	14	1006	15	1068	16	1004	17	1054	18	1051	19	1060	20	1071	21	1044	22	1007	23	1099	24	1068	25	1005	26	1074	27	1061	28	1034	29	1022	30	1002	31	1085	32	1071	33	1055	34	1030	35	1010	36	1083	37	1045	38	1019	39	1071	40	1010	41	1006	42	1008	43	1041	44	1086	45	1069	46	1046	47	1032	48	1005	49	1035	
	0	1013	1	1081	2	1009	3	1003	4	1063	5	1030	6	1090	7	1008	8	1066	9	1065	10	1021	11	1014	12	1072	13	1085	14	1099	15	1051	16	1064	17	1055	18	1100	19	1023	20	1078	21	1071	22	1090	23	1026	24	1020	25	1005	26	1046	27	1063	28	1079	29	1096	30	1011	31	1016	32	1082	33	1054	34	1046	35	1070	36	1062	37	1004	38	1086	39	1041	40	1071	41	1028	42	1083	43	1079	44	1013	45	1073	46	1060	47	1042	48	1043	49	1004	
	0	1028	1	1055	2	1015	3	1066	4	1036	5	1074	6	1075	7	1032	8	1016	9	1021	10	1004	11	1035	12	1022	13	1055	14	1038	15	1099	16	1091	17	1023	18	1099	19	1086	20	1007	21	1074	22	1062	23	1049	24	1088	25	1090	26	1046	27	1007	28	1077	29	1047	30	1022	31	1090	32	1004	33	1053	34	1009	35	1064	36	1086	37	1016	38	1080	39	1006	40	1055	41	1053	42	1030	43	1082	44	1075	45	1094	46	1039	47	1012	48	1050	49	1074	
	0	1054	1	1092	2	1016	3	1007	4	1025	5	1005	6	1044	7	1011	8	1010	9	1083	10	1046	11	1052	12	1056	13	1062	14	1019	15	1009	16	1020	17	1038	18	1048	19	1025	20	1075	21	1082	22	1090	23	1095	24	1024	25	1029	26	1051	27	1037	28	1085	29	1092	30	1019	31	1004	32	1097	33	1066	34	1062	35	1077	36	1089	37	1061	38	1093	39	1097	40	1010	41	1099	42	1080	43	1069	44	1041	45	1091	46	1046	47	1051	48	1041	49	1042	
	0	1070	1	1015	2	1042	3	1046	4	1037	5	1073	6	1042	7	1079	8	1096	9	1022	10	1068	11	1051	12	1092	13	1008	14	1008	15	1085	16	1029	17	1059	18	1069	19	1092	20	1087	21	1017	22	1045	23	1062	24	1072	25	1075	26	1032	27	1025	28	1033	29	1028	30	1092	31	1009	32	1082	33	1022	34	1011	35	1085	36	1099	37	1021	38	1057	39	1014	40	1054	41	1096	42	1021	43	1007	44	1047	45	1084	46	1050	47	1056	48	1041	49	1008	
	0	1099	1	1039	2	1042	3	1049	4	1036	5	1018	6	1092	7	1037	8	1048	9	1063	10	1088	11	1036	12	1020	13	1079	14	1037	15	1051	16	1011	17	1069	18	1090	19	1030	20	1024	21	1025	22	1085	23	1026	24	1004	25	1013	26	1062	27	1053	28	1088	29	1092	30	1061	31	1024	32	1006	33	1042	34	1034	35	1036	36	1025	37	1077	38	1069	39	1031	40	1042	41	1080	42	1100	43	1037	44	1058	45	1079	46	1096	47	1037	48	1060	49	1081	
	0	1046	1	1092	2	1025	3	1023	4	1040	5	1090	6	1056	7	1092	8	1026	9	1079	10	1035	11	1077	12	1095	13	1058	14	1038	15	1004	16	1001	17	1085	18	1027	19	1026	20	1098	21	1054	22	1058	23	1032	24	1046	25	1085	26	1096	27	1073	28	1039	29	1073	30	1100	31	1064	32	1078	33	1006	34	1040	35	1069	36	1071	37	1014	38	1022	39	1057	40	1045	41	1028	42	1074	43	1001	44	1007	45	1001	46	1069	47	1006	48	1031	49	1046	
	0	1019	1	1025	2	1075	3	1035	4	1062	5	1025	6	1032	7	1016	8	1061	9	1083	10	1065	11	1084	12	1097	13	1011	14	1022	15	1057	16	1073	17	1096	18	1043	19	1002	20	1081	21	1073	22	1088	23	1078	24	1099	25	1033	26	1059	27	1026	28	1059	29	1015	30	1019	31	1043	32	1025	33	1070	34	1022	35	1003	36	1054	37	1055	38	1028	39	1069	40	1081	41	1023	42	1004	43	1098	44	1094	45	1010	46	1067	47	1073	48	1063	49	1044	
	0	1040	1	1089	2	1070	3	1058	4	1084	5	1064	6	1078	7	1079	8	1075	9	1005	10	1056	11	1005	12	1008	13	1096	14	1060	15	1007	16	1036	17	1018	18	1053	19	1039	20	1031	21	1012	22	1041	23	1072	24	1096	25	1005	26	1056	27	1054	28	1067	29	1028	30	1085	31	1096	32	1016	33	1027	34	1028	35	1025	36	1033	37	1096	38	1028	39	1020	40	1006	41	1049	42	1022	43	1082	44	1030	45	1064	46	1076	47	1065	48	1095	49	1025	
	0	1002	1	1099	2	1051	3	1036	4	1073	5	1050	6	1078	7	1045	8	1072	9	1051	10	1014	11	1035	12	1012	13	1079	14	1063	15	1090	16	1094	17	1079	18	1033	19	1065	20	1046	21	1012	22	1096	23	1052	24	1067	25	1014	26	1005	27	1078	28	1034	29	1086	30	1059	31	1043	32	1006	33	1096	34	1006	35	1075	36	1057	37	1050	38	1001	39	1066	40	1012	41	1097	42	1052	43	1031	44	1057	45	1039	46	1060	47	1092	48	1073	49	1071	
	0	1084	1	1076	2	1050	3	1014	4	1054	5	1094	6	1100	7	1037	8	1069	9	1089	10	1046	11	1077	12	1100	13	1005	14	1026	15	1075	16	1030	17	1000	18	1066	19	1019	20	1066	21	1001	22	1014	23	1081	24	1018	25	1001	26	1002	27	1025	28	1046	29	1094	30	1058	31	1087	32	1012	33	1100	34	1082	35	1055	36	1058	37	1053	38	1031	39	1058	40	1088	41	1043	42	1068	43	1006	44	1072	45	1039	46	1040	47	1047	48	1048	49	1083	
	0	1090	1	1077	2	1072	3	1049	4	1021	5	1050	6	1029	7	1088	8	1096	9	1096	10	1068	11	1034	12	1033	13	1020	14	1034	15	1028	16	1083	17	1097	18	1020	19	1000	20	1023	21	1038	22	1013	23	1009	24	1039	25	1078	26	1098	27	1026	28	1062	29	1065	30	1022	31	1011	32	1023	33	1014	34	1030	35	1044	36	1044	37	1042	38	1096	39	1005	40	1057	41	1046	42	1014	43	1002	44	1025	45	1077	46	1011	47	1009	48	1030	49	1096	
	0	1037	1	1080	2	1022	3	1012	4	1082	5	1098	6	1035	7	1043	8	1092	9	1070	10	1025	11	1066	12	1078	13	1028	14	1012	15	1089	16	1061	17	1098	18	1052	19	1047	20	1004	21	1016	22	1076	23	1025	24	1036	25	1008	26	1053	27	1000	28	1077	29	1087	30	1086	31	1034	32	1022	33	1060	34	1004	35	1015	36	1055	37	1087	38	1067	39	1076	40	1091	41	1044	42	1087	43	1067	44	1024	45	1017	46	1033	47	1008	48	1041	49	1080	
	0	1016	1	1065	2	1077	3	1098	4	1069	5	1099	6	1045	7	1027	8	1053	9	1036	10	1087	11	1083	12	1060	13	1045	14	1080	15	1082	16	1071	17	1078	18	1009	19	1026	20	1025	21	1068	22	1099	23	1084	24	1037	25	1000	26	1066	27	1067	28	1080	29	1043	30	1075	31	1070	32	1080	33	1065	34	1024	35	1039	36	1020	37	1074	38	1030	39	1077	40	1098	41	1039	42	1006	43	1093	44	1100	45	1079	46	1024	47	1041	48	1099	49	1062	
	0	1095	1	1043	2	1009	3	1029	4	1059	5	1021	6	1093	7	1012	8	1031	9	1027	10	1034	11	1024	12	1056	13	1055	14	1010	15	1071	16	1002	17	1046	18	1079	19	1036	20	1096	21	1028	22	1025	23	1019	24	1023	25	1051	26	1025	27	1023	28	1048	29	1097	30	1028	31	1037	32	1009	33	1077	34	1033	35	1043	36	1058	37	1099	38	1027	39	1035	40	1063	41	1012	42	1042	43	1100	44	1043	45	1089	46	1062	47	1045	48	1008	49	1061	
	0	1042	1	1052	2	1074	3	1027	4	1073	5	1077	6	1100	7	1072	8	1044	9	1070	10	1069	11	1016	12	1011	13	1065	14	1019	15	1001	16	1041	17	1054	18	1044	19	1089	20	1092	21	1058	22	1092	23	1087	24	1096	25	1020	26	1061	27	1012	28	1036	29	1037	30	1070	31	1015	32	1038	33	1041	34	1026	35	1044	36	1002	37	1062	38	1012	39	1073	40	1096	41	1100	42	1021	43	1051	44	1063	45	1009	46	1083	47	1035	48	1013	49	1013	
	0	1009	1	1000	2	1061	3	1001	4	1039	5	1036	6	1025	7	1009	8	1088	9	1018	10	1088	11	1064	12	1016	13	1055	14	1076	15	1086	16	1064	17	1093	18	1044	19	1067	20	1098	21	1064	22	1001	23	1015	24	1055	25	1076	26	1079	27	1039	28	1088	29	1068	30	1006	31	1091	32	1099	33	1092	34	1014	35	1053	36	1009	37	1089	38	1011	39	1065	40	1063	41	1085	42	1039	43	1084	44	1006	45	1016	46	1008	47	1079	48	1043	49	1055	
	0	1064	1	1036	2	1059	3	1019	4	1006	5	1094	6	1058	7	1057	8	1043	9	1021	10	1036	11	1019	12	1085	13	1012	14	1038	15	1049	16	1072	17	1017	18	1096	19	1018	20	1091	21	1043	22	1082	23	1094	24	1068	25	1003	26	1029	27	1037	28	1031	29	1008	30	1016	31	1077	32	1075	33	1009	34	1005	35	1088	36	1037	37	1011	38	1081	39	1029	40	1084	41	1088	42	1096	43	1074	44	1092	45	1059	46	1059	47	1069	48	1094	49	1016	
	0	1053	1	1002	2	1077	3	1043	4	1012	5	1037	6	1030	7	1016	8	1074	9	1063	10	1081	11	1045	12	1034	13	1025	14	1081	15	1089	16	1084	17	1009	18	1039	19	1034	20	1013	21	1092	22	1045	23	1050	24	1077	25	1045	26	1035	27	1000	28	1012	29	1091	30	1079	31	1013	32	1056	33	1024	34	1029	35	1038	36	1032	37	1017	38	1066	39	1004	40	1069	41	1021	42	1047	43	1063	44	1092	45	1056	46	1091	47	1030	48	1087	49	1084	
	0	1070	1	1073	2	1002	3	1078	4	1098	5	1008	6	1000	7	1053	8	1057	9	1010	10	1075	11	1090	12	1014	13	1015	14	1008	15	1099	16	1094	17	1079	18	1050	19	1035	20	1070	21	1067	22	1021	23	1048	24	1016	25	1005	26	1066	27	1048	28	1038	29	1036	30	1043	31	1003	32	1014	33	1005	34	1018	35	1082	36	1089	37	1043	38	1068	39	1000	40	1077	41	1028	42	1077	43	1077	44	1064	45	1028	46	1055	47	1075	48	1046	49	1038	
	0	1021	1	1003	2	1042	3	1086	4	1093	5	1052	6	1094	7	1011	8	1026	9	1032	10	1033	11	1062	12	1053	13	1031	14	1001	15	1100	16	1034	17	1097	18	1039	19	1069	20	1010	21	1063	22	1021	23	1032	24	1097	25	1040	26	1045	27	1100	28	1032	29	1063	30	1026	31	1060	32	1010	33	1047	34	1012	35	1084	36	1073	37	1042	38	1018	39	1090	40	1072	41	1008	42	1023	43	1062	44	1045	45	1095	46	1060	47	1029	48	1081	49	1032	
	0	1097	1	1038	2	1045	3	1096	4	1031	5	1054	6	1068	7	1001	8	1003	9	1080	10	1056	11	1039	12	1065	13	1024	14	1043	15	1026	16	1098	17	1051	18	1033	19	1044	20	1038	21	1050	22	1043	23	1074	24	1013	25	1049	26	1072	27	1008	28	1072	29	1031	30	1016	31	1018	32	1099	33	1040	34	1056	35	1043	36	1012	37	1047	38	1059	39	1011	40	1042	41	1026	42	1025	43	1038	44	1100	45	1008	46	1050	47	1091	48	1079	49	1026	
	0	1066	1	1057	2	1095	3	1051	4	1092	5	1008	6	1070	7	1027	8	1059	9	1054	10	1027	11	1023	12	1044	13	1090	14	1047	15	1045	16	1090	17	1019	18	1006	19	1024	20	1061	21	1030	22	1058	23	1075	24	1084	25	1023	26	1061	27	1036	28	1057	29	1079	30	1071	31	1022	32	1040	33	1094	34	1038	35	1074	36	1093	37	1052	38	1046	39	1071	40	1002	41	1054	42	1043	43	1058	44	1037	45	1043	46	1083	47	1085	48	1031	49	1092	
	0	1034	1	1042	2	1050	3	1009	4	1095	5	1045	6	1004	7	1018	8	1031	9	1054	10	1038	11	1017	12	1015	13	1070	14	1017	15	1062	16	1035	17	1042	18	1046	19	1083	20	1091	21	1043	22	1077	23	1068	24	1062	25	1069	26	1011	27	1095	28	1013	29	1074	30	1088	31	1004	32	1095	33	1040	34	1065	35	1023	36	1094	37	1041	38	1093	39	1009	40	1022	41	1059	42	1043	43	1036	44	1062	45	1099	46	1040	47	1036	48	1052	49	1071	
	0	1023	1	1073	2	1049	3	1062	4	1060	5	1017	6	1035	7	1094	8	1047	9	1030	10	1056	11	1100	12	1049	13	1035	14	1065	15	1077	16	1078	17	1084	18	1043	19	1003	20	1023	21	1042	22	1082	23	1026	24	1066	25	1081	26	1047	27	1080	28	1051	29	1059	30	1036	31	1092	32	1099	33	1072	34	1007	35	1004	36	1074	37	1068	38	1016	39	1052	40	1085	41	1056	42	1067	43	1096	44	1026	45	1037	46	1099	47	1091	48	1024	49	1049	
	0	1086	1	1009	2	1085	3	1096	4	1095	5	1055	6	1008	7	1039	8	1084	9	1001	10	1056	11	1073	12	1016	13	1008	14	1067	15	1062	16	1035	17	1060	18	1068	19	1002	20	1023	21	1034	22	1034	23	1055	24	1038	25	1030	26	1063	27	1059	28	1080	29	1063	30	1023	31	1062	32	1051	33	1020	34	1094	35	1076	36	1071	37	1041	38	1055	39	1033	40	1023	41	1073	42	1045	43	1086	44	1059	45	1030	46	1073	47	1052	48	1001	49	1016	
	0	1022	1	1019	2	1031	3	1044	4	1035	5	1091	6	1068	7	1032	8	1068	9	1004	10	1051	11	1100	12	1027	13	1018	14	1055	15	1029	16	1090	17	1057	18	1061	19	1037	20	1085	21	1097	22	1066	23	1057	24	1090	25	1086	26	1042	27	1070	28	1059	29	1038	30	1058	31	1005	32	1031	33	1062	34	1098	35	1018	36	1019	37	1095	38	1053	39	1060	40	1041	41	1026	42	1095	43	1059	44	1088	45	1059	46	1027	47	1072	48	1059	49	1048	
	0	1006	1	1044	2	1083	3	1010	4	1057	5	1004	6	1039	7	1075	8	1094	9	1048	10	1100	11	1065	12	1091	13	1003	14	1064	15	1031	16	1062	17	1068	18	1032	19	1043	20	1053	21	1064	22	1029	23	1091	24	1019	25	1011	26	1022	27	1056	28	1025	29	1042	30	1073	31	1028	32	1002	33	1051	34	1059	35	1093	36	1055	37	1086	38	1055	39	1038	40	1071	41	1098	42	1009	43	1091	44	1049	45	1068	46	1078	47	1031	48	1005	49	1067	
	0	1083	1	1065	2	1015	3	1071	4	1038	5	1020	6	1072	7	1066	8	1067	9	1094	10	1087	11	1012	12	1028	13	1052	14	1059	15	1010	16	1005	17	1016	18	1044	19	1047	20	1005	21	1072	22	1046	23	1042	24	1017	25	1026	26	1065	27	1089	28	1044	29	1066	30	1017	31	1021	32	1094	33	1081	34	1007	35	1094	36	1074	37	1032	38	1078	39	1054	40	1019	41	1047	42	1072	43	1044	44	1096	45	1051	46	1092	47	1060	48	1020	49	1075	
	0	1041	1	1071	2	1009	3	1010	4	1093	5	1078	6	1037	7	1067	8	1021	9	1037	10	1019	11	1071	12	1060	13	1058	14	1008	15	1047	16	1034	17	1090	18	1049	19	1088	20	1085	21	1007	22	1046	23	1015	24	1061	25	1049	26	1037	27	1068	28	1035	29	1044	30	1038	31	1019	32	1093	33	1096	34	1068	35	1045	36	1049	37	1088	38	1039	39	1071	40	1048	41	1052	42	1001	43	1029	44	1065	45	1060	46	1098	47	1026	48	1037	49	1014	
	0	1004	1	1073	2	1062	3	1037	4	1042	5	1089	6	1031	7	1003	8	1037	9	1038	10	1078	11	1019	12	1067	13	1002	14	1068	15	1033	16	1074	17	1017	18	1083	19	1063	20	1093	21	1029	22	1090	23	1063	24	1100	25	1083	26	1071	27	1021	28	1026	29	1053	30	1076	31	1061	32	1037	33	1027	34	1070	35	1035	36	1089	37	1002	38	1068	39	1043	40	1030	41	1012	42	1100	43	1058	44	1023	45	1056	46	1098	47	1091	48	1020	49	1088	
	0	1029	1	1066	2	1000	3	1016	4	1013	5	1029	6	1015	7	1065	8	1087	9	1044	10	1051	11	1037	12	1024	13	1021	14	1043	15	1099	16	1053	17	1073	18	1023	19	1061	20	1034	21	1013	22	1009	23	1041	24	1090	25	1036	26	1045	27	1023	28	1046	29	1009	30	1010	31	1094	32	1035	33	1048	34	1008	35	1032	36	1082	37	1092	38	1009	39	1002	40	1098	41	1060	42	1010	43	1098	44	1051	45	1075	46	1068	47	1081	48	1040	49	1096	