100 50 1
50
	0	1028	1	1085	2	1057	3	1023	4	1034	5	1046	6	1069	7	1069	8	1084	9	1016	10	1039	11	1088	12	1010	13	1001	14	1052	15	1051	16	1017	17	1087	18	1096	19	1081	20	1020	21	1088	22	1032	23	1095	24	1025	25	1067	26	1098	27	1099	28	1016	29	1100	30	1043	31	1020	32	1073	33	1040	34	1006	35	1009	36	1085	37	1017	38	1066	39	1080	40	1096	41	1100	42	1093	43	1030	44	1013	45	1015	46	1008	47	1095	48	1046	49	1093	
	0	1033	1	1054	2	1081	3	1093	4	1091	5	1045	6	1000	7	1070	8	1051	9	1010	10	1030	11	1022	12	1063	13	1000	14	1042	15	1097	16	1062	17	1083	18	1052	19	1051	20	1083	21	1033	22	1075	23	1092	24	1048	25	1063	26	1090	27	1030	28	1040	29	1088	30	1077	31	1023	32	1088	33	1001	34	1033	35	1094	36	1018	37	1068	38	1009	39	1037	40	1092	41	1092	42	1084	43	1037	44	1062	45	1084	46	1086	47	1057	48	1085	49	1094	
	0	1052	1	1091	2	1016	3	1003	4	1033	5	1039	6	1017	7	1069	8	1029	9	1020	10	1083	11	1073	12	1098	13	1095	14	1000	15	1020	16	1024	17	1070	18	1056	19	1044	20	1080	21	1088	22	1046	23	1065	24	1010	25	1046	26	1058	27	1076	28	1100	29	1079	30	1067	31	1038	32	1086	33	1022	34	1066	35	1056	36	1076	37	1089	38	1073	39	1028	40	1030	41	1062	42	1078	43	1056	44	1003	45	1015	46	1047	47	1030	48	1021	49	1035	
	0	1048	1	1013	2	1039	3	1065	4	1081	5	1051	6	1042	7	1049	8	1100	9	1091	10	1006	11	1023	12	1036	13	1005	14	1001	15	1084	16	1083	17	1069	18	1041	19	1052	20	1044	21	1058	22	1054	23	1087	24	1005	25	1014	26	1070	27	1010	28	1000	29	1078	30	1038	31	1006	32	1070	33	1075	34	1070	35	1049	36	1090	37	1089	38	1033	39	1035	40	1100	41	1097	42	1057	43	1010	44	1082	45	1063	46	1037	47	1082	48	1017	49	1013	
	0	1050	1	1092	2	1092	3	1022	4	1016	5	1054	6	1053	7	1060	8	1022	9	1022	10	1017	11	1011	12	1082	13	1019	14	1036	15	1057	16	1001	17	1001	18	1001	19	1022	20	1041	21	1058	22	1100	23	1016	24	1090	25	1071	26	1085	27	1020	28	1038	29	1041	30	1030	31	1040	32	1059	33	1084	34	1057	35	1012	36	1021	37	1073	38	1066	39	1059	40	1020	41	1020	42	1047	43	1038	44	1042	45	1085	46	1100	47	1057	48	1006	49	1007	
	0	1027	1	1040	2	1085	3	1076	4	1037	5	1038	6	1004	7	1031	8	1041	9	1055	10	1053	11	1098	12	1073	13	1075	14	1058	15	1019	16	1066	17	1091	18	1067	19	1041	20	1070	21	1077	22	1001	23	1013	24	1098	25	1039	26	1051	27	1006	28	1041	29	1054	30	1014	31	1002	32	1045	33	1084	34	1052	35	1010	36	1084	37	1051	38	1078	39	1058	40	1062	41	1052	42	1009	43	1025	44	1084	45	1065	46	1049	47	1092	48	1100	49	1008	
	0	1027	1	1069	2	1002	3	1013	4	1036	5	1035	6	1026	7	1047	8	1005	9	1055	10	1078	11	1057	12	1016	13	1081	14	1092	15	1008	16	1017	17	1036	18	1007	19	1087	20	1051	21	1005	22	1059	23	1010	24	1087	25	1038	26	1066	27	1003	28	1017	29	1055	30	1083	31	1055	32	1095	33	1086	34	1025	35	1068	36	1019	37	1004	38	1085	39	1057	40	1026	41	1083	42	1029	43	1054	44	1009	45	1061	46	1007	47	1005	48	1050	49	1094	
	0	1082	1	1050	2	1046	3	1064	4	1008	5	1096	6	1020	7	1093	8	1046	9	1059	10	1092	11	1058	12	1013	13	1069	14	1014	15	1026	16	1008	17	1083	18	1031	19	1028	20	1061	21	1098	22	1061	23	1054	24	1004	25	1001	26	1000	27	1033	28	1083	29	1053	30	1024	31	1094	32	1054	33	1062	34	1011	35	1030	36	1062	37	1054	38	1063	39	1031	40	1006	41	1095	42	1008	43	1097	44	1011	45	1036	46	1005	47	1079	48	1018	49	1060	
	0	1066	1	1004	2	1038	3	1073	4	1036	5	1085	6	1007	7	1052	8	1017	9	1063	10	1030	11	1026	12	1022	13	1083	14	1082	15	1092	16	1092	17	1055	18	1084	19	1009	20	1004	21	1061	22	1008	23	1054	24	1051	25	1040	26	1097	27	1097	28	1073	29	1071	30	1064	31	1057	32	1040	33	1040	34	1050	35	1028	36	1074	37	1036	38	1071	39	1044	40	1042	41	1077	42	1042	43	1065	44	1010	45	1030	46	1043	47	1028	48	1001	49	1044	
	0	1058	1	1093	2	1057	3	1040	4	1084	5	1032	6	1024	7	1099	8	1030	9	1043	10	1007	11	1047	12	1035	13	1047	14	1025	15	1033	16	1052	17	1078	18	1076	19	1047	20	1004	21	1040	22	1031	23	1071	24	1005	25	1001	26	1100	27	1012	28	1072	29	1044	30	1054	31	1067	32	1016	33	1048	34	1024	35	1032	36	1083	37	1096	38	1050	39	1072	40	1084	41	1073	42	1041	43	1090	44	1096	45	1065	46	1034	47	1037	48	1092	49	1078	
	0	1040	1	1014	2	1004	3	1058	4	1071	5	1001	6	1019	7	1051	8	1021	9	1083	10	1036	11	1000	12	1089	13	1057	14	1016	15	1002	16	1047	17	1068	18	1028	19	1035	20	1024	21	1008	22	1034	23	1080	24	1098	25	1034	26	1079	27	1050	28	1059	29	1090	30	1063	31	1076	32	1029	33	1086	34	1016	35	1012	36	1038	37	1030	38	1100	39	1061	40	1080	41	1006	42	1043	43	1008	44	1092	45	1049	46	1098	47	1022	48	1091	49	1076	
	0	1093	1	1045	2	1026	3	1071	4	1090	5	1046	6	1057	7	1092	8	1028	9	1041	10	1030	11	1092	12	1093	13	1042	14	1041	15	1005	16	1014	17	1022	18	1020	19	1090	20	1023	21	1047	22	1061	23	1018	24	1051	25	1002	26	1090	27	1009	28	1094	29	1027	30	1005	31	1052	32	1038	33	1068	34	1096	35	1054	36	1040	37	1075	38	1050	39	1090	40	1078	41	1002	42	1006	43	1048	44	1003	45	1084	46	1022	47	1026	48	1045	49	1025	
	0	1073	1	1100	2	1009	3	1069	4	1010	5	1067	6	1047	7	1065	8	1020	9	1067	10	1014	11	1087	12	1010	13	1035	14	1094	15	1093	16	1019	17	1041	18	1008	19	1077	20	1005	21	1005	22	1018	23	1097	24	1061	25	1027	26	1050	27	1073	28	1048	29	1017	30	1051	31	1094	32	1010	33	1001	34	1007	35	1017	36	1071	37	1031	38	1055	39	1062	40	1081	41	1081	42	1025	43	1081	44	1070	45	1086	46	1087	47	1034	48	1098	49	1036	
	0	1052	1	1045	2	1022	3	1002	4	1055	5	1029	6	1052	7	1046	8	1067	9	1085	10	1030	11	1034	12	1056	13	1089	14	1061	15	1080	16	1073	17	1007	18	1060	19	1082	20	1052	21	1037	22	1100	23	1062	24	1028	25	1077	26	1030	27	1064	28	1079	29	1008	30	1011	31	1010	32	1074	33	1011	34	1059	35	1099	36	1062	37	1002	38	1092	39	1013	40	1080	41	1053	42	1004	43	1019	44	1099	45	1081	46	1058	47	1004	48	1005	49	1087	
	0	1066	1	1042	2	1010	3	1082	4	1008	5	1002	6	1070	7	1067	8	1017	9	1094	10	1062	11	1042	12	1002	13	1062	14	1045	15	1048	16	1056	17	1037	18	1092	19	1044	20	1044	21	1027	22	1005	23	1073	24	1042	25	1031	26	1031	27	1012	28	1024	29	1056	30	1030	31	1047	32	1020	33	1003	34	1048	35	1020	36	1030	37	1068	38	1053	39	1086	40	1095	41	1044	42	1049	43	1007	44	1062	45	1011	46	1039	47	1074	48	1037	49	1021	
	0	1013	1	1008	2	1079	3	1030	4	1075	5	1047	6	1044	7	1038	8	1058	9	1097	10	1071	11	1005	12	1035	13	1022	14	1027	15	1073	16	1078	17	1016	18	1014	19	1018	20	1047	21	1096	22	1052	23	1003	24	1100	25	1049	26	1023	27	1018	28	1012	29	1018	30	1039	31	1022	32	1045	33	1051	34	1007	35	1051	36	1014	37	1088	38	1087	39	1039	40	1015	41	1012	42	1008	43	1010	44	1027	45	1081	46	1095	47	1039	48	1052	49	1059	
	0	1019	1	1027	2	1025	3	1016	4	1007	5	1006	6	1036	7	1080	8	1070	9	1032	10	1090	11	1095	12	1064	13	1042	14	1038	15	1049	16	1010	17	1011	18	1086	19	1021	20	1018	21	1083	22	1018	23	1047	24	1044	25	1035	26	1014	27	1014	28	1092	29	1098	30	1018	31	1099	32	1001	33	1040	34	1072	35	1054	36	1094	37	1045	38	1065	39	1066	40	1074	41	1097	42	1070	43	1038	44	1053	45	1030	46	1030	47	1022	48	1082	49	1015	
	0	1010	1	1016	2	1047	3	1049	4	1050	5	1004	6	1068	7	1017	8	1062	9	1013	10	1079	11	1007	12	1031	13	1063	14	1024	15	1019	16	1057	17	1006	18	1076	19	1040	20	1087	21	1078	22	1021	23	1021	24	1004	25	1015	26	1014	27	1007	28	1018	29	1038	30	1100	31	1026	32	1029	33	1085	34	1004	35	1023	36	1089	37	1009	38	1039	39	1094	40	1015	41	1077	42	1059	43	1069	44	1079	45	1028	46	1004	47	1031	48	1071	49	1005	
	0	1022	1	1030	2	1040	3	1064	4	1007	5	1076	6	1054	7	1031	8	1049	9	1020	10	1058	11	1013	12	1048	13	1014	14	1036	15	1039	16	1073	17	1076	18	1002	19	1065	20	1046	21	1036	22	1097	23	1042	24	1038	25	1088	26	1059	27	1068	28	1079	29	1091	30	1028	31	1100	32	1017	33	1052	34	1006	35	1061	36	1037	37	1083	38	1021	39	1001	40	1019	41	1031	42	1088	43	1098	44	1054	45	1006	46	1054	47	1088	48	1047	49	1061	
	0	1090	1	1095	2	1057	3	1086	4	1100	5	1043	6	1066	7	1013	8	1007	9	1017	10	1042	11	1077	12	1069	13	1008	14	1044	15	1002	16	1019	17	1091	18	1000	19	1032	20	1036	21	1075	22	1086	23	1037	24	1056	25	1030	26	1056	27	1016	28	1019	29	1083	30	1075	31	1018	32	1084	33	1038	34	1045	35	1025	36	1025	37	1065	38	1068	39	1052	40	1051	41	1062	42	1040	43	1007	44	1092	45	1016	46	1091	47	1097	48	1025	49	1096	
	0	1033	1	1032	2	1044	3	1100	4	1060	5	1033	6	1054	7	1001	8	1016	9	1007	10	1067	11	1014	12	1016	13	1065	14	1000	15	1041	16	1008	17	1084	18	1016	19	1018	20	1077	21	1015	22	1026	23	1096	24	1065	25	1051	26	1021	27	1070	28	1017	29	1039	30	1049	31	1091	32	1038	33	1076	34	1076	35	1083	36	1083	37	1096	38	1064	39	1058	40	1097	41	1035	42	1062	43	1017	44	1054	45	1026	46	1059	47	1048	48	1022	49	1017	
	0	1068	1	1014	2	1023	3	1097	4	1040	5	1040	6	1072	7	1031	8	1073	9	1082	10	1018	11	1024	12	1022	13	1056	14	1057	15	1011	16	1026	17	1061	18	1024	19	1045	20	1048	21	1049	22	1079	23	1059	24	1075	25	1096	26	1062	27	1088	28	1033	29	1037	30	1034	31	1013	32	1029	33	1024	34	1003	35	1026	36	1060	37	1005	38	1067	39	1037	40	1047	41	1010	42	1008	43	1048	44	1040	45	1079	46	1079	47	1070	48	1052	49	1098	
	0	1009	1	1001	2	1010	3	1010	4	1045	5	1092	6	1050	7	1022	8	1015	9	1010	10	1019	11	1090	12	1007	13	1014	14	1023	15	1077	16	1029	17	1033	18	1035	19	1039	20	1079	21	1055	22	1031	23	1008	24	1037	25	1086	26	1046	27	1039	28	1096	29	1089	30	1034	31	1090	32	1058	33	1006	34	1069	35	1064	36	1080	37	1035	38	1032	39	1023	40	1029	41	1084	42	1098	43	1060	44	1055	45	1095	46	1025	47	1034	48	1087	49	1094	
	0	1095	1	1055	2	1010	3	1078	4	1052	5	1037	6	1065	7	1049	8	1052	9	1005	10	1027	11	1024	12	1032	13	1059	14	1025	15	1055	16	1044	17	1044	18	1020	19	1035	20	1022	21	1006	22	1009	23	1062	24	1074	25	1054	26	1015	27	1085	28	1014	29	1077	30	1089	31	1066	32	1002	33	1043	34	1066	35	1097	36	1079	37	1039	38	1030	39	1036	40	1019	41	1044	42	1025	43	1030	44	1038	45	1042	46	1093	47	1012	48	1045	49	1050	
	0	1066	1	1062	2	1072	3	1008	4	1026	5	1045	6	1091	7	1008	8	1082	9	1019	10	1094	11	1034	12	1061	13	1094	14	1090	15	1065	16	1022	17	1077	18	1073	19	1058	20	1017	21	1062	22	1067	23	1011	24	1081	25	1097	26	1086	27	1045	28	1080	29	1050	30	1072	31	1089	32	1006	33	1020	34	1033	35	1019	36	1067	37	1074	38	1037	39	1075	40	1083	41	1005	42	1017	43	1084	44	1051	45	1060	46	1044	47	1070	48	1091	49	1014	
	0	1020	1	1053	2	1001	3	1089	4	1044	5	1011	6	1045	7	1080	8	1062	9	1032	10	1017	11	1062	12	1094	13	1040	14	1038	15	1070	16	1060	17	1048	18	1052	19	1035	20	1078	21	1002	22	1043	23	1071	24	1049	25	1042	26	1017	27	1076	28	1049	29	1043	30	1003	31	1071	32	1016	33	1034	34	1009	35	1100	36	1009	37	1084	38	1019	39	1063	40	1002	41	1088	42	1074	43	1064	44	1036	45	1081	46	1068	47	1015	48	1006	49	1087	
	0	1088	1	1052	2	1036	3	1034	4	1030	5	1005	6	1062	7	1045	8	1099	9	1010	10	1035	11	1095	12	1074	13	1058	14	1057	15	1019	16	1088	17	1034	18	1090	19	1082	20	1064	21	1011	22	1095	23	1009	24	1000	25	1089	26	1073	27	1068	28	1100	29	1010	30	1080	31	1066	32	1088	33	1042	34	1001	35	1060	36	1015	37	1082	38	1066	39	1089	40	1059	41	1039	42	1023	43	1041	44	1071	45	1076	46	1092	47	1049	48	1079	49	1038	
	0	1048	1	1087	2	1033	3	1013	4	1027	5	1003	6	1008	7	1006	8	1068	9	1044	10	1050	11	1026	12	1012	13	1078	14	1060	15	1044	16	1020	17	1022	18	1085	19	1066	20	1048	21	1038	22	1029	23	1024	24	1080	25	1054	26	1070	27	1028	28	1010	29	1019	30	1047	31	1045	32	1078	33	1081	34	1063	35	1032	36	1019	37	1014	38	1027	39	1095	40	1019	41	1033	42	1013	43	1000	44	1038	45	1094	46	1071	47	1093	48	1046	49	1077	
	0	1034	1	1044	2	1047	3	1082	4	1042	5	1004	6	1059	7	1079	8	1056	9	1012	10	1062	11	1010	12	1004	13	1099	14	1096	15	1072	16	1098	17	1065	18	1090	19	1022	20	1061	21	1059	22	1018	23	1068	24	1013	25	1054	26	1071	27	1085	28	1100	29	1074	30	1081	31	1000	32	1017	33	1074	34	1089	35	1026	36	1033	37	1070	38	1064	39	1079	40	1028	41	1077	42	1040	43	1059	44	1028	45	1044	46	1093	47	1001	48	1060	49	1046	
	0	1007	1	1043	2	1018	3	1100	4	1082	5	1026	6	1005	7	1087	8	1032	9	1034	10	1037	11	1060	12	1026	13	1096	14	1069	15	1046	16	1038	17	1037	18	1012	19	1065	20	1052	21	1021	22	1062	23	1069	24	1062	25	1003	26	1073	27	1060	28	1090	29	1026	30	1019	31	1070	32	1090	33	1065	34	1088	35	1037	36	1024	37	1011	38	1047	39	1073	40	1080	41	1077	42	1083	43	1088	44	1075	45	1006	46	1020	47	1041	48	1012	49	1024	
	0	1021	1	1081	2	1034	3	1054	4	1074	5	1056	6	1089	7	1064	8	1037	9	1060	10	1014	11	1041	12	1052	13	1076	14	1035	15	1014	16	1080	17	1082	18	1047	19	1039	20	1038	21	1004	22	1075	23	1018	24	1045	25	1091	26	1037	27	1096	28	1092	29	1066	30	1026	31	1032	32	1036	33	1043	34	1083	35	1053	36	1041	37	1004	38	1033	39	1069	40	1037	41	1031	42	1083	43	1059	44	1025	45	1090	46	1013	47	1028	48	1079	49	1020	
	0	1059	1	1095	2	1093	3	1033	4	1100	5	1063	6	1006	7	1031	8	1037	9	1100	10	1069	11	1043	12	1022	13	1005	14	1017	15	1018	16	1029	17	1070	18	1023	19	1029	20	1012	21	1079	22	1023	23	1012	24	1075	25	1090	26	1004	27	1074	28	1091	29	1023	30	1067	31	1088	32	1088	33	1074	34	1026	35	1027	36	1003	37	1093	38	1099	39	1095	40	1058	41	1047	42	1098	43	1023	44	1054	45	1078	46	1014	47	1027	48	1013	49	1073	
	0	1007	1	1004	2	1021	3	1083	4	1072	5	1078	6	1069	7	1008	8	1024	9	1049	10	1071	11	1008	12	1048	13	1060	14	1048	15	1019	16	1037	17	1059	18	1035	19	1058	20	1036	21	1051	22	1078	23	1020	24	1100	25	1082	26	1085	27	1084	28	1040	29	1027	30	1009	31	1062	32	1086	33	1039	34	1046	35	1080	36	1028	37	1018	38	1081	39	1058	40	1005	41	1100	42	1076	43	1088	44	1093	45	1020	46	1038	47	1077	48	1099	49	1076	
	0	1031	1	1020	2	1060	3	1098	4	1055	5	1016	6	1025	7	1063	8	1012	9	1064	10	1034	11	1044	12	1047	13	1044	14	1064	15	1059	16	1000	17	1012	18	1082	19	1074	20	1025	21	1007	22	1084	23	1020	24	1086	25	1004	26	1037	27	1090	28	1066	29	1013	30	1015	31	1001	32	1035	33	1069	34	1013	35	1056	36	1081	37	1047	38	1034	39	1083	40	1072	41	1067	42	1041	43	1079	44	1073	45	1011	46	1056	47	1003	48	1079	49	1025	
	0	1061	1	1056	2	1015	3	1083	4	1039	5	1009	6	1097	7	1019	8	1003	9	1093	10	1026	11	1022	12	1094	13	1017	14	1001	15	1089	16	1019	17	1004	18	1003	19	1039	20	1023	21	1084	22	1003	23	1077	24	1099	25	1082	26	1071	27	1081	28	1025	29	1040	30	1017	31	1078	32	1001	33	1053	34	1019	35	1042	36	1038	37	1036	38	1056	39	1092	40	1051	41	1022	42	1075	43	1061	44	1100	45	1048	46	1023	47	1075	48	1058	49	1067	
	0	1056	1	1043	2	1038	3	1003	4	1027	5	1097	6	1041	7	1013	8	1032	9	1004	10	1032	11	1028	12	1074	13	1016	14	1025	15	1095	16	1080	17	1067	18	1087	19	1052	20	1079	21	1055	22	1072	23	1074	24	1064	25	1066	26	1041	27	1089	28	1054	29	1026	30	1055	31	1004	32	1099	33	1008	34	1027	35	1071	36	1012	37	1095	38	1057	39	1004	40	1033	41	1012	42	1035	43	1095	44	1029	45	1097	46	1060	47	1071	48	1038	49	1029	
	0	1083	1	1019	2	1065	3	1071	4	1052	5	1008	6	1034	7	1005	8	1071	9	1067	10	1083	11	1093	12	1024	13	1094	14	1048	15	1063	16	1058	17	1011	18	1096	19	1079	20	1084	21	1099	22	1083	23	1049	24	1065	25	1059	26	1027	27	1031	28	1043	29	1003	30	1045	31	1039	32	1090	33	1041	34	1045	35	1076	36	1018	37	1091	38	1065	39	1081	40	1037	41	1050	42	1068	43	1024	44	1059	45	1019	46	1034	47	1062	48	1005	49	1015	
	0	1092	1	1058	2	1059	3	1030	4	1033	5	1050	6	1041	7	1005	8	1004	9	1093	10	1027	11	1072	12	1009	13	1032	14	1034	15	1011	16	1084	17	1066	18	1075	19	1016	20	1054	21	1094	22	1031	23	1027	24	1066	25	1013	26	1016	27	1036	28	1074	29	1011	30	1000	31	1082	32	1010	33	1073	34	1050	35	1054	36	1063	37	1013	38	1084	39	1076	40	1065	41	1037	42	1038	43	1099	44	1006	45	1076	46	1030	47	1033	48	1014	49	1087	
	0	1096	1	1019	2	1051	3	1025	4	1013	5	1056	6	1073	7	1008	8	1043	9	1058	10	1068	11	1057	12	1016	13	1024	14	1080	15	1076	16	1097	17	1033	18	1088	19	1073	20	1085	21	1000	22	1007	23	1088	24	1097	25	1077	26	1016	27	1018	28	1001	29	1023	30	1033	31	1018	32	1005	33	1036	34	1094	35	1090	36	1064	37	1093	38	1070	39	1015	40	1099	41	1012	42	1084	43	1041	44	1018	45	1054	46	1033	47	1011	48	1037	49	1062	
	0	1075	1	1032	2	1069	3	1057	4	1096	5	1002	6	1004	7	1039	8	1092	9	1010	10	1046	11	1020	12	1092	13	1094	14	1020	15	1009	16	1087	17	1095	18	1024	19	1091	20	1012	21	1006	22	1083	23	1052	24	1003	25	1072	26	1082	27	1057	28	1038	29	1019	30	1077	31	1031	32	1000	33	1074	34	1033	35	1063	36	1048	37	1032	38	1049	39	1057	40	1063	41	1054	42	1072	43	1011	44	1075	45	1033	46	1043	47	1018	48	1027	49	1077	
	0	1053	1	1000	2	1091	3	1082	4	1063	5	1006	6	1046	7	1021	8	1075	9	1048	10	1024	11	1068	12	1050	13	1039	14	1022	15	1060	16	1063	17	1031	18	1013	19	1067	20	1008	21	1019	22	1094	23	1039	24	1056	25	1056	26	1088	27	1025	28	1043	29	1089	30	1001	31	1076	32	1037	33	1025	34	1068	35	1074	36	1006	37	1084	38	1052	39	1066	40	1080	41	1054	42	1015	43	1008	44	1080	45	1074	46	1009	47	1100	48	1093	49	1027	
	0	1051	1	1077	2	1047	3	1042	4	1013	5	1053	6	1060	7	1075	8	1087	9	1095	10	1034	11	1022	12	1061	13	1052	14	1030	15	1096	16	1016	17	1000	18	1081	19	1013	20	1092	21	1089	22	1039	23	1073	24	1069	25	1061	26	1100	27	1034	28	1016	29	1055	30	1049	31	1019	32	1038	33	1066	34	1007	35	1051	36	1032	37	1045	38	1065	39	1095	40	1058	41	1026	42	1099	43	1005	44	1007	45	1013	46	1035	47	1001	48	1076	49	1071	
	0	1019	1	1078	2	1059	3	1063	4	1043	5	1024	6	1040	7	1090	8	1012	9	1011	10	1080	11	1074	12	1074	13	1001	14	1087	15	1055	16	1022	17	1077	18	1037	19	1017	20	1008	21	1021	22	1001	23	1063	24	1047	25	1072	26	1048	27	1043	28	1081	29	1092	30	1034	31	1095	32	1026	33	1010	34	1085	35	1033	36	1010	37	1053	38	1031	39	1073	40	1008	41	1013	42	1032	43	1024	44	1021	45	1039	46	1007	47	1016	48	1032	49	1004	
	0	1099	1	1055	2	1037	3	1006	4	1070	5	1035	6	1086	7	1016	8	1005	9	1080	10	1052	11	1041	12	1000	13	1047	14	1049	15	1018	16	1045	17	1063	18	1039	19	1017	20	1098	21	1001	22	1087	23	1003	24	1028	25	1060	26	1002	27	1085	28	1096	29	1071	30	1050	31	1081	32	1094	33	1036	34	1026	35	1045	36	1071	37	1065	38	1088	39	1056	40	1089	41	1055	42	1038	43	1031	44	1067	45	1043	46	1083	47	1011	48	1049	49	1061	
	0	1092	1	1027	2	1065	3	1000	4	1029	5	1009	6	1098	7	1054	8	1046	9	1026	10	1025	11	1095	12	1028	13	1075	14	1039	15	1052	16	1080	17	1066	18	1096	19	1058	20	1042	21	1077	22	1019	23	1061	24	1034	25	1074	26	1065	27	1030	28	1082	29	1047	30	1058	31	1038	32	1009	33	1002	34	1075	35	1010	36	1022	37	1007	38	1036	39	1066	40	1099	41	1033	42	1099	43	1028	44	1084	45	1023	46	1004	47	1043	48	1001	49	1041	
	0	1017	1	1048	2	1000	3	1064	4	1061	5	1068	6	1003	7	1095	8	1071	9	1059	10	1071	11	1054	12	1019	13	1038	14	1029	15	1023	16	1044	17	1098	18	1031	19	1021	20	1066	21	1035	22	1044	23	1029	24	1004	25	1033	26	1083	27	1005	28	1048	29	1007	30	1077	31	1042	32	1030	33	1026	34	1039	35	1015	36	1056	37	1074	38	1086	39	1004	40	1079	41	1061	42	1091	43	1034	44	1024	45	1033	46	1035	47	1055	48	1084	49	1021	
	0	1009	1	1025	2	1056	3	1053	4	1097	5	1034	6	1069	7	1042	8	1086	9	1026	10	1047	11	1097	12	1093	13	1035	14	1047	15	1088	16	1021	17	1040	18	1042	19	1070	20	1063	21	1001	22	1019	23	1092	24	1080	25	1043	26	1056	27	1098	28	1006	29	1069	30	1028	31	1033	32	1070	33	1017	34	1054	35	1015	36	1006	37	1075	38	1072	39	1090	40	1051	41	1070	42	1032	43	1046	44	1076	45	1017	46	1060	47	1026	48	1068	49	1072	
	0	1047	1	1072	2	1047	3	1052	4	1082	5	1100	6	1059	7	1027	8	1054	9	1076	10	1100	11	1012	12	1095	13	1060	14	1059	15	1049	16	1075	17	1064	18	1050	19	1020	20	1032	21	1045	22	1041	23	1027	24	1043	25	1026	26	1089	27	1045	28	1056	29	1021	30	1000	31	1035	32	1052	33	1004	34	1054	35	1009	36	1048	37	1094	38	1047	39	1053	40	1008	41	1032	42	1030	43	1059	44	1081	45	1091	46	1091	47	1050	48	1066	49	1037	
	0	1059	1	1014	2	1056	3	1022	4	1036	5	1017	6	1090	7	1031	8	1015	9	1085	10	1002	11	1004	12	1024	13	1024	14	1068	15	1008	16	1062	17	1002	18	1091	19	1007	20	1055	21	1072	22	1071	23	1024	24	1028	25	1020	26	1006	27	1010	28	1048	29	1031	30	1070	31	1077	32	1031	33	1054	34	1018	35	1018	36	1070	37	1032	38	1071	39	1092	40	1016	41	1031	42	1022	43	1041	44	1012	45	1040	46	1090	47	1083	48	1030	49	1070	
	0	1026	1	1067	2	1068	3	1049	4	1084	5	1091	6	1078	7	1039	8	1043	9	1044	10	1010	11	1005	12	1082	13	1009	14	1091	15	1076	16	1007	17	1072	18	1060	19	1100	20	1057	21	1079	22	1060	23	1083	24	1031	25	1009	26	1075	27	1071	28	1059	29	1030	30	1066	31	1066	32	1093	33	1011	34	1007	35	1081	36	1074	37	1067	38	1006	39	1100	40	1095	41	1006	42	1089	43	1069	44	1089	45	1018	46	1053	47	1068	48	1042	49	1012	
	0	1028	1	1065	2	1006	3	1078	4	1089	5	1040	6	1099	7	1012	8	1018	9	1059	10	1098	11	1053	12	1050	13	1069	14	1049	15	1050	16	1092	17	1081	18	1025	19	1049	20	1031	21	1062	22	1073	23	1065	24	1046	25	1074	26	1061	27	1095	28	1075	29	1019	30	1008	31	1063	32	1062	33	1099	34	1005	35	1020	36	1039	37	1081	38	1018	39	1023	40	1059	41	1082	42	1025	43	1051	44	1008	45	1072	46	1004	47	1058	48	1097	49	1096	
	0	1013	1	1014	2	1005	3	1010	4	1074	5	1048	6	1025	7	1095	8	1022	9	1035	10	1049	11	1095	12	1043	13	1099	14	1073	15	1027	16	1016	17	1009	18	1092	19	1038	20	1019	21	1010	22	1029	23	1025	24	1046	25	1061	26	1020	27	1068	28	1095	29	1049	30	1085	31	1049	32	1060	33	1058	34	1039	35	1057	36	1068	37	1089	38	1071	39	1080	40	1016	41	1028	42	1077	43	1081	44	1039	45	1096	46	1089	47	1076	48	1038	49	1041	
	0	1071	1	1029	2	1054	3	1080	4	1003	5	1027	6	1082	7	1035	8	1058	9	1021	10	1023	11	1070	12	1043	13	1079	14	1003	15	1054	16	1042	17	1034	18	1081	19	1088	20	1083	21	1079	22	1039	23	1019	24	1051	25	1023	26	1084	27	1037	28	1070	29	1005	30	1015	31	1024	32	1047	33	1067	34	1006	35	1030	36	1020	37	1053	38	1080	39	1000	40	1070	41	1099	42	1028	43	1001	44	1044	45	1047	46	1002	47	1066	48	1074	49	1031	
	0	1021	1	1007	2	1033	3	1036	4	1040	5	1094	6	1024	7	1006	8	1037	9	1033	10	1010	11	1009	12	1099	13	1025	14	1016	15	1064	16	1036	17	1077	18	1045	19	1043	20	1029	21	1053	22	1034	23	1022	24	1065	25	1047	26	1021	27	1028	28	1049	29	1018	30	1026	31	1058	32	1068	33	1026	34	1050	35	1036	36	1100	37	1070	38	1015	39	1080	40	1100	41	1077	42	1081	43	1051	44	1077	45	1074	46	1056	47	1069	48	1069	49	1003	
	0	1076	1	1080	2	1089	3	1094	4	1078	5	1082	6	1049	7	1030	8	1071	9	1052	10	1047	11	1011	12	1070	13	1023	14	1067	15	1047	16	1096	17	1055	18	1053	19	1020	20	1036	21	1078	22	1084	23	1007	24	1020	25	1068	26	1058	27	1003	28	1053	29	1065	30	1069	31	1086	32	1025	33	1081	34	1087	35	1042	36	1004	37	1063	38	1096	39	1073	40	1062	41	1080	42	1003	43	1064	44	1004	45	1003	46	1064	47	1007	48	1011	49	1082	
	0	1076	1	1031	2	1051	3	1035	4	1083	5	1044	6	1061	7	1024	8	1037	9	1080	10	1040	11	1055	12	1018	13	1020	14	1059	15	1060	16	1001	17	1021	18	1026	19	1044	20	1007	21	1091	22	1040	23	1008	24	1087	25	1004	26	1000	27	1022	28	1074	29	1010	30	1029	31	1023	32	1013	33	1013	34	1003	35	1036	36	1043	37	1026	38	1075	39	1092	40	1071	41	1059	42	1077	43	1017	44	1042	45	1011	46	1095	47	1053	48	1082	49	1020	
	0	1064	1	1033	2	1059	3	1065	4	1080	5	1005	6	1054	7	1054	8	1023	9	1026	10	1080	11	1043	12	1042	13	1012	14	1025	15	1000	16	1030	17	1065	18	1090	19	1024	20	1019	21	1071	22	1097	23	1048	24	1001	25	1078	26	1083	27	1004	28	1061	29	1021	30	1075	31	1024	32	1084	33	1083	34	1100	35	1035	36	1089	37	1039	38	1092	39	1026	40	1036	41	1039	42	1013	43	1006	44	1077	45	1061	46	1023	47	1097	48	1074	49	1085	
	0	1068	1	1095	2	1040	3	1051	4	1008	5	1085	6	1063	7	1055	8	1042	9	1045	10	1099	11	1035	12	1069	13	1094	14	1010	15	1040	16	1055	17	1030	18	1065	19	1072	20	1023	21	1015	22	1056	23	1037	24	1027	25	1083	26	1030	27	1051	28	1084	29	1027	30	1064	31	1080	32	1100	33	1100	34	1036	35	1010	36	1000	37	1081	38	1051	39	1054	40	1014	41	1013	42	1066	43	1085	44	1037	45	1048	46	1071	47	1001	48	1076	49	1018	
	0	1036	1	1046	2	1082	3	1067	4	1029	5	1043	6	1045	7	1079	8	1066	9	1045	10	1085	11	1062	12	1047	13	1032	14	1021	15	1072	16	1013	17	1081	18	1072	19	1003	20	1048	21	1100	22	1084	23	1084	24	1022	25	1028	26	1001	27	1087	28	1082	29	1085	30	1050	31	1037	32	1090	33	1081	34	1037	35	1046	36	1083	37	1075	38	1037	39	1089	40	1051	41	1050	42	1089	43	1095	44	1030	45	1032	46	1005	47	1048	48	1075	49	1060	
	0	1025	1	1070	2	1013	3	1085	4	1080	5	1030	6	1013	7	1035	8	1058	9	1024	10	1063	11	1024	12	1074	13	1073	14	1052	15	1005	16	1012	17	1043	18	1064	19	1010	20	1086	21	1084	22	1081	23	1089	24	1017	25	1029	26	1038	27	1080	28	1062	29	1076	30	1058	31	1016	32	1003	33	1016	34	1078	35	1024	36	1000	37	1027	38	1031	39	1039	40	1031	41	1096	42	1076	43	1061	44	1041	45	1049	46	1084	47	1017	48	1015	49	1017	
	0	1031	1	1077	2	1028	3	1062	4	1041	5	1077	6	1097	7	1067	8	1039	9	1094	10	1060	11	1096	12	1015	13	1012	14	1046	15	1023	16	1076	17	1062	18	1086	19	1016	20	1042	21	1083	22	1046	23	1072	24	1005	25	1046	26	1089	27	1099	28	1099	29	1080	30	1002	31	1011	32	1090	33	1015	34	1023	35	1063	36	1030	37	1045	38	1038	39	1079	40	1032	41	1076	42	1056	43	1056	44	1004	45	1084	46	1085	47	1072	48	1100	49	1008	
	0	1032	1	1047	2	1032	3	1066	4	1001	5	1078	6	1005	7	1081	8	1044	9	1016	10	1061	11	1004	12	1085	13	1065	14	1012	15	1011	16	1074	17	1063	18	1052	19	1002	20	1018	21	1031	22	1001	23	1017	24	1015	25	1071	26	1086	27	1005	28	1100	29	1018	30	1009	31	1072	32	1022	33	1049	34	1009	35	1026	36	1034	37	1058	38	1029	39	1067	40	1015	41	1092	42	1046	43	1037	44	1039	45	1074	46	1082	47	1032	48	1066	49	1045	
	0	1001	1	1037	2	1026	3	1027	4	1058	5	1026	6	1007	7	1050	8	1003	9	1048	10	1099	11	1055	12	1067	13	1018	14	1095	15	1072	16	1098	17	1060	18	1031	19	1015	20	1072	21	1024	22	1082	23	1056	24	1004	25	1067	26	1088	27	1075	28	1075	29	1095	30	1093	31	1017	32	1080	33	1040	34	1050	35	1057	36	1081	37	1030	38	1021	39	1069	40	1005	41	1085	42	1040	43	1069	44	1099	45	1087	46	1066	47	1028	48	1046	49	1097	
	0	1057	1	1016	2	1053	3	1024	4	1035	5	1010	6	1028	7	1009	8	1019	9	1045	10	1100	11	1071	12	1035	13	1000	14	1012	15	1080	16	1053	17	1074	18	1058	19	1064	20	1023	21	1006	22	1007	23	1024	24	1006	25	1017	26	1080	27	1076	28	1085	29	1035	30	1076	31	1090	32	1049	33	1086	34	1062	35	1014	36	1052	37	1032	38	1051	39	1038	40	1080	41	1061	42	1020	43	1099	44	1093	45	1094	46	1100	47	1049	48	1032	49	1047	
	0	1016	1	1041	2	1008	3	1090	4	1069	5	1091	6	1086	7	1059	8	1082	9	1047	10	1046	11	1098	12	1064	13	1030	14	1024	15	1025	16	1049	17	1042	18	1081	19	1063	20	1051	21	1093	22	1071	23	1070	24	1093	25	1028	26	1072	27	1024	28	1018	29	1024	30	1064	31	1033	32	1084	33	1004	34	1089	35	1054	36	1045	37	1003	38	1035	39	1079	40	1001	41	1027	42	1068	43	1013	44	1100	45	1062	46	1066	47	1085	48	1046	49	1084	
	0	1063	1	1048	2	1023	3	1003	4	1018	5	1028	6	1049	7	1061	8	1017	9	1059	10	1075	11	1059	12	1027	13	1025	14	1083	15	1089	16	1006	17	1022	18	1081	19	1100	20	1057	21	1039	22	1063	23	1005	24	1094	25	1097	26	1021	27	1037	28	1047	29	1006	30	1031	31	1083	32	1067	33	1017	34	1086	35	1027	36	1078	37	1073	38	1074	39	1077	40	1075	41	1076	42	1006	43	1098	44	1089	45	1027	46	1080	47	1039	48	1088	49	1012	
	0	1017	1	1086	2	1064	3	1070	4	1059	5	1026	6	1096	7	1019	8	1045	9	1029	10	1000	11	1072	12	1091	13	1063	14	1091	15	1079	16	1093	17	1096	18	1048	19	1001	20	1019	21	1040	22	1000	23	1031	24	1052	25	1051	26	1024	27	1032	28	1006	29	1000	30	1084	31	1062	32	1042	33	1069	34	1038	35	1003	36	1003	37	1031	38	1061	39	1036	40	1086	41	1088	42	1026	43	1092	44	1061	45	1011	46	1076	47	1038	48	1036	49	1010	
	0	1020	1	1093	2	1013	3	1033	4	1058	5	1078	6	1090	7	1096	8	1077	9	1032	10	1063	11	1070	12	1060	13	1011	14	1052	15	1089	16	1095	17	1058	18	1029	19	1051	20	1084	21	1029	22	1059	23	1058	24	1088	25	1009	26	1033	27	1070	28	1092	29	1081	30	1070	31	1086	32	1003	33	1047	34	1010	35	1038	36	1034	37	1059	38	1006	39	1001	40	1041	41	1093	42	1069	43	1015	44	1002	45	1011	46	1081	47	1056	48	1100	49	1098	
	0	1016	1	1097	2	1015	3	1067	4	1016	5	1096	6	1063	7	1069	8	1096	9	1098	10	1033	11	1019	12	1013	13	1031	14	1013	15	1087	16	1062	17	1065	18	1040	19	1006	20	1023	21	1011	22	1025	23	1026	24	1056	25	1052	26	1068	27	1012	28	1022	29	1093	30	1027	31	1068	32	1002	33	1040	34	1075	35	1056	36	1030	37	1060	38	1027	39	1031	40	1019	41	1079	42	1048	43	1070	44	1046	45	1025	46	1076	47	1075	48	1069	49	1078	
	0	1072	1	1091	2	1064	3	1019	4	1075	5	1035	6	1041	7	1033	8	1020	9	1018	10	1048	11	1012	12	1042	13	1052	14	1072	15	1065	16	1048	17	1002	18	1071	19	1026	20	1028	21	1097	22	1075	23	1064	24	1084	25	1031	26	1083	27	1092	28	1098	29	1014	30	1089	31	1034	32	1014	33	1071	34	1042	35	1073	36	1029	37	1051	38	1082	39	1050	40	1046	41	1087	42	1081	43	1038	44	1042	45	1060	46	1012	47	1092	48	1064	49	1062	
	0	1036	1	1044	2	1014	3	1064	4	1024	5	1023	6	1063	7	1054	8	1000	9	1026	10	1072	11	1011	12	1049	13	1039	14	1042	15	1034	16	1094	17	1031	18	1019	19	1039	20	1003	21	1088	22	1024	23	1095	24	1032	25	1092	26	1073	27	1041	28	1047	29	1097	30	1015	31	1040	32	1044	33	1056	34	1063	35	1037	36	1081	37	1069	38	1011	39	1007	40	1093	41	1067	42	1096	43	1084	44	1091	45	1094	46	1061	47	1093	48	1026	49	1086	
	0	1091	1	1071	2	1084	3	1023	4	1073	5	1048	6	1096	7	1085	8	1028	9	1067	10	1013	11	1083	12	1018	13	1080	14	1003	15	1090	16	1096	17	1037	18	1039	19	1054	20	1017	21	1055	22	1027	23	1050	24	1091	25	1092	26	1048	27	1089	28	1013	29	1011	30	1043	31	1037	32	1070	33	1068	34	1032	35	1043	36	1045	37	1060	38	1043	39	1054	40	1063	41	1063	42	1012	43	1022	44	1060	45	1031	46	1090	47	1036	48	1025	49	1019	
	0	1081	1	1008	2	1000	3	1075	4	1071	5	1073	6	1023	7	1091	8	1055	9	1086	10	1030	11	1030	12	1026	13	1029	14	1055	15	1061	16	1069	17	1004	18	1009	19	1010	20	1002	21	1026	22	1081	23	1019	24	1001	25	1018	26	1015	27	1074	28	1094	29	1018	30	1019	31	1032	32	1011	33	1020	34	1057	35	1030	36	1089	37	1004	38	1003	39	1074	40	1027	41	1094	42	1042	43	1002	44	1053	45	1015	46	1018	47	1005	48	1099	49	1017	
	0	1014	1	1090	2	1004	3	1062	4	1006	5	1080	6	1095	7	1098	8	1047	9	1055	10	1006	11	1002	12	1005	13	1055	14	1002	15	1047	16	1075	17	1052	18	1070	19	1008	20	1052	21	1054	22	1072	23	1011	24	1002	25	1007	26	1077	27	1041	28	1035	29	1076	30	1009	31	1069	32	1059	33	1045	34	1053	35	1065	36	1077	37	1004	38	1002	39	1033	40	1011	41	1051	42	1086	43	1059	44	1046	45	1038	46	1044	47	1048	48	1027	49	1040	
	0	1063	1	1017	2	1078	3	1055	4	1031	5	1076	6	1100	7	1078	8	1005	9	1093	10	1081	11	1073	12	1040	13	1031	14	1093	15	1037	16	1025	17	1034	18	1065	19	1020	20	1053	21	1053	22	1055	23	1039	24	1014	25	1017	26	1065	27	1086	28	1093	29	1004	30	1068	31	1071	32	1076	33	1009	34	1014	35	1030	36	1056	37	1084	38	1060	39	1095	40	1041	41	1000	42	1067	43	1054	44	1038	45	1022	46	1015	47	1056	48	1057	49	1046	
	0	1028	1	1005	2	1046	3	1057	4	1033	5	1030	6	1081	7	1058	8	1043	9	1080	10	1025	11	1035	12	1075	13	1090	14	1080	15	1079	16	1043	17	1031	18	1023	19	1005	20	1032	21	1033	22	1091	23	1003	24	1039	25	1005	26	1082	27	1009	28	1009	29	1027	30	1070	31	1087	32	1036	33	1066	34	1088	35	1008	36	1001	37	1011	38	1086	39	1000	40	1094	41	1080	42	1038	43	1065	44	1021	45	1053	46	1044	47	1036	48	1078	49	1032	
	0	1007	1	1012	2	1026	3	1081	4	1002	5	1033	6	1014	7	1039	8	1033	9	1096	10	1073	11	1008	12	1075	13	1011	14	1006	15	1041	16	1100	17	1039	18	1060	19	1043	20	1031	21	1030	22	1046	23	1063	24	1006	25	1015	26	1039	27	1044	28	1049	29	1072	30	1097	31	1065	32	1093	33	1033	34	1003	35	1068	36	1035	37	1002	38	1016	39	1028	40	1084	41	1087	42	1043	43	1070	44	1087	45	1077	46	1090	47	1004	48	1033	49	1001	
	0	1022	1	1078	2	1007	3	1054	4	1001	5	1000	6	1084	7	1020	8	1035	9	1046	10	1020	11	1050	12	1099	13	1063	14	1047	15	1081	16	1090	17	1073	18	1060	19	1002	20	1043	21	1001	22	1029	23	1080	24	1096	25	1033	26	1012	27	1018	28	1005	29	1060	30	1031	31	1057	32	1030	33	1020	34	1096	35	1061	36	1074	37	1050	38	1046	39	1034	40	1100	41	1085	42	1016	43	1095	44	1016	45	1063	46	1003	47	1013	48	1075	49	1036	
	0	1091	1	1043	2	1075	3	1016	4	1012	5	1055	6	1040	7	1000	8	1091	9	1058	10	1015	11	1033	12	1020	13	1017	14	1039	15	1087	16	1031	17	1009	18	1061	19	1051	20	1097	21	1061	22	1044	23	1092	24	1027	25	1012	26	1085	27	1019	28	1031	29	1004	30	1026	31	1054	32	1044	33	1001	34	1007	35	1045	36	1053	37	1065	38	1009	39	1035	40	1065	41	1083	42	1058	43	1026	44	1091	45	1056	46	1016	47	1069	48	1019	49	1094	
	0	1003	1	1024	2	1046	3	1100	4	1017	5	1047	6	1073	7	1072	8	1059	9	1055	10	1083	11	1075	12	1061	13	1044	14	1040	15	1078	16	1001	17	1016	18	1078	19	1086	20	1050	21	1005	22	1042	23	1037	24	1008	25	1029	26	1079	27	1037	28	1057	29	1090	30	1013	31	1031	32	1009	33	1054	34	1100	35	1031	36	1026	37	1003	38	1070	39	1049	40	1062	41	1009	42	1068	43	1095	44	1037	45	1061	46	1020	47	1066	48	1043	49	1003	
	0	1049	1	1002	2	1084	3	1075	4	1024	5	1006	6	1079	7	1000	8	1056	9	1048	10	1038	11	1046	12	1072	13	1059	14	1000	15	1042	16	1006	17	1039	18	1067	19	1055	20	1029	21	1065	22	1013	23	1030	24	1062	25	1026	26	1064	27	1048	28	1041	29	1086	30	1061	31	1092	32	1050	33	1063	34	1094	35	1087	36	1081	37	1086	38	1070	39	1035	40	1023	41	1017	42	1054	43	1058	44	1053	45	1056	46	1083	47	1093	48	1091	49	1009	
	0	1026	1	1055	2	1069	3	1028	4	1021	5	1100	6	1050	7	1067	8	1059	9	1031	10	1057	11	1076	12	1067	13	1037	14	1035	15	1087	16	1012	17	1002	18	1075	19	1072	20	1029	21	1071	22	1028	23	1066	24	1022	25	1056	26	1079	27	1043	28	1082	29	1088	30	1079	31	1098	32	1059	33	1047	34	1007	35	1030	36	1086	37	1026	38	1003	39	1021	40	1039	41	1070	42	1010	43	1082	44	1063	45	1028	46	1078	47	1051	48	1043	49	1100	
	0	1051	1	1009	2	1003	3	1045	4	1072	5	1051	6	1087	7	1093	8	1081	9	1074	10	1098	11	1093	12	1060	13	1044	14	1008	15	1043	16	1086	17	1011	18	1100	19	1053	20	1052	21	1056	22	1049	23	1062	24	1080	25	1089	26	1020	27	1013	28	1009	29	1033	30	1078	31	1085	32	1052	33	1058	34	1047	35	1022	36	1035	37	1073	38	1072	39	1003	40	1007	41	1098	42	1025	43	1006	44	1002	45	1019	46	1059	47	1053	48	1096	49	1048	
	0	1069	1	1085	2	1064	3	1042	4	1020	5	1013	6	1056	7	1034	8	1060	9	1027	10	1028	11	1018	12	1081	13	1068	14	1092	15	1011	16	1074	17	1010	18	1076	19	1068	20	1037	21	1090	22	1012	23	1051	24	1064	25	1086	26	1086	27	1016	28	1006	29	1020	30	1073	31	1082	32	1083	33	1098	34	1050	35	1044	36	1044	37	1036	38	1057	39	1024	40	1060	41	1050	42	1024	43	1012	44	1043	45	1022	46	1024	47	1011	48	1059	49	1049	
	0	1037	1	1075	2	1000	3	1075	4	1014	5	1027	6	1017	7	1042	8	1015	9	1052	10	1025	11	1078	12	1097	13	1029	14	1012	15	1020	16	1008	17	1040	18	1066	19	1030	20	1008	21	1061	22	1007	23	1031	24	1083	25	1013	26	1091	27	1040	28	1041	29	1042	30	1049	31	1075	32	1061	33	1081	34	1002	35	1032	36	1090	37	1030	38	1092	39	1048	40	1037	41	1029	42	1053	43	1081	44	1083	45	1073	46	1098	47	1043	48	1066	49	1083	
	0	1066	1	1004	2	1006	3	1013	4	1075	5	1082	6	1005	7	1014	8	1006	9	1029	10	1060	11	1017	12	1092	13	1070	14	1045	15	1077	16	1093	17	1041	18	1083	19	1046	20	1014	21	1054	22	1100	23	1087	24	1041	25	1058	26	1061	27	1060	28	1078	29	1032	30	1085	31	1048	32	1063	33	1080	34	1067	35	1090	36	1006	37	1065	38	1065	39	1011	40	1070	41	1084	42	1041	43	1050	44	1072	45	1092	46	1073	47	1095	48	1017	49	1013	
	0	1080	1	1099	2	1015	3	1004	4	1063	5	1048	6	1014	7	1006	8	1065	9	1088	10	1031	11	1094	12	1038	13	1010	14	1027	15	1026	16	1056	17	1032	18	1096	19	1050	20	1082	21	1064	22	1007	23	1062	24	1030	25	1018	26	1038	27	1100	28	1020	29	1077	30	1054	31	1091	32	1057	33	1088	34	1035	35	1070	36	1075	37	1011	38	1040	39	1029	40	1051	41	1062	42	1083	43	1086	44	1020	45	1065	46	1062	47	1019	48	1024	49	1004	
	0	1043	1	1007	2	1013	3	1038	4	1034	5	1064	6	1031	7	1012	8	1060	9	1049	10	1068	11	1076	12	1031	13	1071	14	1038	15	1046	16	1052	17	1052	18	1063	19	1079	20	1038	21	1069	22	1059	23	1040	24	1046	25	1059	26	1017	27	1029	28	1022	29	1032	30	1005	31	1068	32	1099	33	1024	34	1086	35	1030	36	1030	37	1020	38	1031	39	1037	40	1051	41	1006	42	1096	43	1008	44	1082	45	1011	46	1090	47	1008	48	1079	49	1090	
	0	1003	1	1062	2	1091	3	1068	4	1096	5	1085	6	1046	7	1040	8	1084	9	1015	10	1000	11	1011	12	1016	13	1059	14	1090	15	1027	16	1100	17	1100	18	1016	19	1016	20	1032	21	1070	22	1023	23	1069	24	1040	25	1010	26	1083	27	1059	28	1055	29	1007	30	1042	31	1015	32	1067	33	1090	34	1002	35	1028	36	1009	37	1024	38	1042	39	1081	40	1050	41	1065	42	1016	43	1018	44	1041	45	1041	46	1098	47	1003	48	1062	49	1063	
	0	1061	1	1060	2	1096	3	1010	4	1095	5	1069	6	1069	7	1047	8	1001	9	1046	10	1029	11	1077	12	1096	13	1049	14	1091	15	1029	16	1096	17	1002	18	1069	19	1013	20	1087	21	1051	22	1064	23	1025	24	1045	25	1061	26	1003	27	1074	28	1089	29	1025	30	1049	31	1057	32	1052	33	1046	34	1024	35	1075	36	1078	37	1079	38	1029	39	1089	40	1093	41	1071	42	1070	43	1043	44	1089	45	1093	46	1096	47	1003	48	1014	49	1015	
	0	1044	1	1041	2	1025	3	1056	4	1028	5	1094	6	1082	7	1022	8	1008	9	1048	10	1061	11	1024	12	1093	13	1022	14	1005	15	1072	16	1033	17	1025	18	1014	19	1083	20	1003	21	1009	22	1096	23	1022	24	1053	25	1033	26	1024	27	1014	28	1076	29	1095	30	1066	31	1082	32	1024	33	1016	34	1040	35	1074	36	1079	37	1092	38	1003	39	1010	40	1007	41	1067	42	1072	43	1057	44	1003	45	1070	46	1097	47	1046	48	1015	49	1005	
	0	1052	1	1065	2	1034	3	1081	4	1087	5	1061	6	1030	7	1000	8	1053	9	1019	10	1080	11	1041	12	1075	13	1050	14	1035	15	1013	16	1021	17	1014	18	1022	19	1056	20	1077	21	1071	22	1043	23	1035	24	1024	25	1012	26	1050	27	1025	28	1035	29	1049	30	1064	31	1044	32	1009	33	1038	34	1002	35	1069	36	1076	37	1087	38	1065	39	1097	40	1080	41	1056	42	1049	43	1020	44	1073	45	1026	46	1095	47	1036	48	1050	49	1059	
	0	1042	1	1011	2	1089	3	1058	4	1036	5	1028	6	1028	7	1034	8	1069	9	1093	10	1061	11	1084	12	1065	13	1069	14	1014	15	1057	16	1069	17	1039	18	1006	19	1016	20	1028	21	1002	22	1008	23	1032	24	1005	25	1093	26	1065	27	1005	28	1097	29	1065	30	1054	31	1061	32	1043	33	1100	34	1097	35	1004	36	1063	37	1027	38	1021	39	1003	40	1040	41	1095	42	1083	43	1082	44	1037	45	1052	46	1058	47	1039	48	1099	49	1009	
	0	1072	1	1024	2	1086	3	1032	4	1036	5	1030	6	1063	7	1065	8	1068	9	1054	10	1076	11	1012	12	1100	13	1030	14	1020	15	1031	16	1069	17	1071	18	1037	19	1003	20	1036	21	1019	22	1053	23	1064	24	1075	25	1069	26	1075	27	1099	28	1030	29	1068	30	1056	31	1053	32	1046	33	1058	34	1042	35	1065	36	1015	37	1051	38	1023	39	1013	40	1023	41	1006	42	1095	43	1023	44	1018	45	1071	46	1066	47	1011	48	1100	49	1039	
	0	1083	1	1013	2	1083	3	1050	4	1072	5	1055	6	1007	7	1042	8	1081	9	1100	10	1099	11	1033	12	1007	13	1028	14	1087	15	1007	16	1066	17	1082	18	1069	19	1003	20	1064	21	1026	22	1051	23	1078	24	1075	25	1064	26	1082	27	1036	28	1012	29	1065	30	1057	31	1050	32	1011	33	1024	34	1055	35	1046	36	1065	37	1090	38	1045	39	1052	40	1061	41	1068	42	1039	43	1094	44	1004	45	1006	46	1085	47	1066	48	1050	49	1068	
	0	1031	1	1062	2	1040	3	1078	4	1013	5	1084	6	1093	7	1009	8	1069	9	1011	10	1035	11	1037	12	1044	13	1080	14	1057	15	1032	16	1082	17	1056	18	1052	19	1100	20	1041	21	1091	22	1075	23	1099	24	1074	25	1080	26	1035	27	1062	28	1061	29	1032	30	1087	31	1048	32	1020	33	1045	34	1049	35	1076	36	1077	37	1048	38	1045	39	1061	40	1020	41	1042	42	1063	43	1022	44	1046	45	1064	46	1081	47	1068	48	1000	49	1036	
	0	1002	1	1077	2	1100	3	1049	4	1090	5	1011	6	1027	7	1004	8	1052	9	1048	10	1004	11	1034	12	1099	13	1023	14	1032	15	1015	16	1006	17	1022	18	1023	19	1053	20	1051	21	1058	22	1012	23	1090	24	1076	25	1000	26	1031	27	1027	28	1005	29	1069	30	1014	31	1000	32	1069	33	1038	34	1067	35	1017	36	1048	37	1053	38	1096	39	1094	40	1013	41	1012	42	1088	43	1012	44	1095	45	1040	46	1026	47	1042	48	1018	49	1010	
	0	1035	1	1037	2	1085	3	1021	4	1020	5	1065	6	1056	7	1042	8	1074	9	1097	10	1047	11	1038	12	1058	13	1031	14	1005	15	1006	16	1025	17	1087	18	1074	19	1052	20	1024	21	1056	22	1091	23	1060	24	1069	25	1040	26	1089	27	1096	28	1040	29	1019	30	1067	31	1023	32	1015	33	1047	34	1015	35	1025	36	1043	37	1058	38	1015	39	1079	40	1092	41	1011	42	1043	43	1025	44	1032	45	1056	46	1002	47	1041	48	1018	49	1096	
	0	1066	1	1067	2	1073	3	1070	4	1061	5	1059	6	1089	7	1075	8	1056	9	1074	10	1062	11	1004	12	1052	13	1046	14	1013	15	1058	16	1017	17	1033	18	1073	19	1050	20	1043	21	1012	22	1045	23	1060	24	1050	25	1078	26	1036	27	1026	28	1057	29	1082	30	1069	31	1076	32	1054	33	1005	34	1090	35	1005	36	1095	37	1056	38	1031	39	1050	40	1034	41	1085	42	1029	43	1059	44	1060	45	1017	46	1070	47	1019	48	1004	49	1095	
	0	1091	1	1010	2	1039	3	1063	4	1010	5	1077	6	1096	7	1069	8	1003	9	1094	10	1031	11	1075	12	1074	13	1006	14	1015	15	1025	16	1098	17	1072	18	1099	19	1100	20	1045	21	1064	22	1065	23	1035	24	1086	25	1032	26	1073	27	1049	28	1090	29	1039	30	1048	31	1003	32	1087	33	1052	34	1091	35	1044	36	1049	37	1064	38	1041	39	1067	40	1001	41	1021	42	1018	43	1013	44	1054	45	1042	46	1046	47	1059	48	1062	49	1068	