100 50 1
50
	0	1060	1	1085	2	1035	3	1003	4	1036	5	1082	6	1001	7	1079	8	1040	9	1042	10	1035	11	1068	12	1028	13	1031	14	1018	15	1068	16	1013	17	1069	18	1067	19	1088	20	1004	21	1002	22	1079	23	1063	24	1099	25	1047	26	1019	27	1084	28	1000	29	1007	30	1039	31	1001	32	1057	33	1005	34	1069	35	1040	36	1091	37	1063	38	1069	39	1050	40	1027	41	1077	42	1001	43	1100	44	1066	45	1056	46	1085	47	1002	48	1094	49	1088	
	0	1093	1	1055	2	1021	3	1060	4	1058	5	1065	6	1039	7	1059	8	1035	9	1053	10	1066	11	1081	12	1001	13	1048	14	1040	15	1039	16	1084	17	1052	18	1079	19	1021	20	1092	21	1062	22	1076	23	1076	24	1028	25	1045	26	1009	27	1030	28	1076	29	1073	30	1043	31	1090	32	1008	33	1026	34	1060	35	1031	36	1022	37	1039	38	1075	39	1014	40	1002	41	1089	42	1053	43	1001	44	1060	45	1012	46	1017	47	1060	48	1008	49	1066	
	0	1042	1	1073	2	1027	3	1045	4	1096	5	1094	6	1058	7	1013	8	1034	9	1060	10	1009	11	1044	12	1069	13	1084	14	1100	15	1055	16	1026	17	1039	18	1067	19	1020	20	1088	21	1026	22	1055	23	1024	24	1016	25	1078	26	1076	27	1025	28	1092	29	1072	30	1092	31	1014	32	1009	33	1026	34	1091	35	1079	36	1028	37	1030	38	1053	39	1075	40	1094	41	1073	42	1065	43	1050	44	1087	45	1049	46	1009	47	1053	48	1089	49	1063	
	0	1050	1	1097	2	1093	3	1085	4	1024	5	1085	6	1082	7	1067	8	1030	9	1025	10	1058	11	1001	12	1008	13	1094	14	1034	15	1088	16	1003	17	1022	18	1092	19	1063	20	1050	21	1031	22	1013	23	1030	24	1050	25	1090	26	1034	27	1036	28	1004	29	1051	30	1032	31	1024	32	1077	33	1014	34	1071	35	1096	36	1063	37	1045	38	1068	39	1097	40	1024	41	1034	42	1082	43	1016	44	1014	45	1040	46	1096	47	1012	48	1044	49	1063	
	0	1086	1	1074	2	1043	3	1034	4	1010	5	1071	6	1003	7	1096	8	1005	9	1056	10	1053	11	1015	12	1043	13	1052	14	1019	15	1046	16	1088	17	1091	18	1073	19	1016	20	1008	21	1040	22	1013	23	1061	24	1092	25	1041	26	1016	27	1098	28	1091	29	1055	30	1027	31	1091	32	1060	33	1066	34	1065	35	1022	36	1033	37	1094	38	1078	39	1050	40	1001	41	1097	42	1077	43	1038	44	1067	45	1095	46	1009	47	1031	48	1057	49	1047	
	0	1037	1	1019	2	1031	3	1088	4	1071	5	1079	6	1015	7	1075	8	1061	9	1006	10	1056	11	1067	12	1075	13	1009	14	1067	15	1046	16	1052	17	1009	18	1062	19	1075	20	1093	21	1038	22	1004	23	1030	24	1040	25	1012	26	1057	27	1076	28	1063	29	1059	30	1093	31	1066	32	1054	33	1026	34	1076	35	1009	36	1055	37	1060	38	1026	39	1007	40	1062	41	1083	42	1078	43	1079	44	1024	45	1005	46	1075	47	1100	48	1055	49	1023	
	0	1090	1	1077	2	1008	3	1072	4	1042	5	1072	6	1051	7	1016	8	1077	9	1000	10	1091	11	1040	12	1040	13	1062	14	1007	15	1052	16	1078	17	1043	18	1086	19	1011	20	1009	21	1000	22	1026	23	1052	24	1074	25	1082	26	1033	27	1043	28	1044	29	1020	30	1056	31	1063	32	1073	33	1032	34	1026	35	1061	36	1067	37	1034	38	1034	39	1054	40	1017	41	1001	42	1026	43	1035	44	1093	45	1049	46	1077	47	1016	48	1034	49	1038	
	0	1039	1	1087	2	1065	3	1092	4	1078	5	1005	6	1086	7	1054	8	1034	9	1060	10	1087	11	1012	12	1002	13	1045	14	1088	15	1063	16	1014	17	1028	18	1025	19	1002	20	1073	21	1065	22	1070	23	1073	24	1013	25	1068	26	1021	27	1067	28	1041	29	1087	30	1057	31	1068	32	1021	33	1048	34	1060	35	1049	36	1044	37	1013	38	1080	39	1042	40	1044	41	1051	42	1026	43	1012	44	1015	45	1024	46	1064	47	1056	48	1029	49	1082	
	0	1084	1	1064	2	1001	3	1089	4	1081	5	1010	6	1088	7	1023	8	1097	9	1005	10	1066	11	1061	12	1073	13	1081	14	1006	15	1037	16	1099	17	1067	18	1018	19	1088	20	1032	21	1072	22	1012	23	1092	24	1038	25	1003	26	1043	27	1081	28	1016	29	1051	30	1057	31	1086	32	1071	33	1098	34	1026	35	1074	36	1057	37	1001	38	1061	39	1036	40	1081	41	1070	42	1045	43	1063	44	1030	45	1072	46	1012	47	1082	48	1062	49	1017	
	0	1071	1	1045	2	1048	3	1000	4	1014	5	1042	6	1094	7	1032	8	1063	9	1009	10	1022	11	1088	12	1088	13	1014	14	1078	15	1054	16	1067	17	1006	18	1067	19	1022	20	1053	21	1032	22	1048	23	1010	24	1060	25	1044	26	1031	27	1049	28	1034	29	1057	30	1030	31	1010	32	1039	33	1044	34	1098	35	1006	36	1037	37	1025	38	1056	39	1077	40	1019	41	1071	42	1042	43	1026	44	1009	45	1074	46	1005	47	1055	48	1093	49	1005	
	0	1044	1	1059	2	1087	3	1087	4	1014	5	1055	6	1064	7	1068	8	1066	9	1051	10	1025	11	1023	12	1091	13	1007	14	1049	15	1030	16	1026	17	1016	18	1061	19	1028	20	1032	21	1013	22	1084	23	1026	24	1096	25	1026	26	1000	27	1036	28	1012	29	1021	30	1007	31	1083	32	1022	33	1065	34	1094	35	1039	36	1019	37	1053	38	1009	39	1095	40	1044	41	1075	42	1100	43	1061	44	1013	45	1080	46	1027	47	1082	48	1078	49	1034	
	0	1001	1	1064	2	1022	3	1084	4	1018	5	1054	6	1035	7	1001	8	1006	9	1070	10	1033	11	1082	12	1068	13	1037	14	1018	15	1064	16	1090	17	1063	18	1089	19	1037	20	1074	21	1087	22	1089	23	1100	24	1083	25	1064	26	1046	27	1050	28	1016	29	1060	30	1054	31	1015	32	1096	33	1099	34	1087	35	1007	36	1054	37	1081	38	1069	39	1037	40	1057	41	1034	42	1100	43	1088	44	1088	45	1071	46	1100	47	1078	48	1053	49	1017	
	0	1024	1	1007	2	1026	3	1078	4	1031	5	1003	6	1011	7	1043	8	1090	9	1083	10	1061	11	1012	12	1031	13	1037	14	1027	15	1007	16	1082	17	1037	18	1076	19	1080	20	1077	21	1007	22	1054	23	1019	24	1003	25	1099	26	1000	27	1078	28	1066	29	1054	30	1046	31	1026	32	1025	33	1001	34	1058	35	1034	36	1030	37	1007	38	1023	39	1090	40	1079	41	1085	42	1050	43	1059	44	1038	45	1046	46	1009	47	1052	48	1040	49	1032	
	0	1098	1	1030	2	1048	3	1029	4	1044	5	1088	6	1060	7	1007	8	1040	9	1090	10	1098	11	1009	12	1038	13	1098	14	1041	15	1016	16	1026	17	1040	18	1034	19	1070	20	1058	21	1074	22	1085	23	1033	24	1098	25	1038	26	1089	27	1040	28	1008	29	1000	30	1091	31	1031	32	1031	33	1051	34	1037	35	1013	36	1026	37	1000	38	1039	39	1011	40	1058	41	1026	42	1070	43	1029	44	1001	45	1049	46	1036	47	1081	48	1085	49	1048	
	0	1027	1	1052	2	1046	3	1071	4	1084	5	1000	6	1086	7	1042	8	1021	9	1092	10	1077	11	1022	12	1090	13	1050	14	1015	15	1003	16	1055	17	1018	18	1072	19	1002	20	1010	21	1010	22	1017	23	1002	24	1033	25	1096	26	1075	27	1004	28	1005	29	1014	30	1069	31	1018	32	1084	33	1100	34	1084	35	1027	36	1023	37	1010	38	1011	39	1042	40	1048	41	1068	42	1045	43	1068	44	1019	45	1039	46	1045	47	1019	48	1032	49	1071	
	0	1057	1	1034	2	1049	3	1064	4	1019	5	1036	6	1007	7	1048	8	1046	9	1082	10	1033	11	1043	12	1068	13	1013	14	1016	15	1053	16	1018	17	1023	18	1080	19	1099	20	1056	21	1098	22	1011	23	1036	24	1046	25	1090	26	1006	27	1003	28	1090	29	1010	30	1058	31	1018	32	1096	33	1034	34	1081	35	1036	36	1016	37	1021	38	1094	39	1006	40	1083	41	1038	42	1046	43	1027	44	1047	45	1069	46	1088	47	1080	48	1027	49	1098	
	0	1011	1	1027	2	1032	3	1059	4	1028	5	1023	6	1069	7	1009	8	1003	9	1052	10	1008	11	1068	12	1019	13	1018	14	1025	15	1093	16	1005	17	1026	18	1054	19	1026	20	1007	21	1051	22	1095	23	1031	24	1007	25	1082	26	1059	27	1068	28	1023	29	1075	30	1072	31	1044	32	1083	33	1048	34	1052	35	1058	36	1096	37	1097	38	1004	39	1028	40	1093	41	1036	42	1027	43	1040	44	1086	45	1088	46	1026	47	1077	48	1012	49	1066	
	0	1025	1	1032	2	1024	3	1078	4	1012	5	1034	6	1033	7	1076	8	1039	9	1029	10	1050	11	1005	12	1078	13	1004	14	1034	15	1041	16	1002	17	1052	18	1023	19	1100	20	1029	21	1019	22	1075	23	1089	24	1042	25	1100	26	1035	27	1002	28	1026	29	1030	30	1012	31	1031	32	1032	33	1058	34	1023	35	1003	36	1084	37	1040	38	1019	39	1025	40	1093	41	1075	42	1038	43	1031	44	1024	45	1029	46	1003	47	1073	48	1046	49	1062	
	0	1023	1	1007	2	1047	3	1099	4	1097	5	1015	6	1018	7	1090	8	1038	9	1072	10	1001	11	1077	12	1094	13	1012	14	1021	15	1022	16	1033	17	1077	18	1004	19	1084	20	1027	21	1031	22	1023	23	1064	24	1071	25	1031	26	1026	27	1100	28	1085	29	1039	30	1027	31	1094	32	1000	33	1078	34	1030	35	1100	36	1091	37	1025	38	1020	39	1000	40	1040	41	1005	42	1072	43	1006	44	1061	45	1045	46	1090	47	1069	48	1076	49	1008	
	0	1090	1	1020	2	1039	3	1042	4	1096	5	1016	6	1017	7	1009	8	1095	9	1022	10	1006	11	1015	12	1004	13	1016	14	1032	15	1038	16	1055	17	1076	18	1048	19	1039	20	1027	21	1012	22	1087	23	1065	24	1082	25	1094	26	1073	27	1093	28	1002	29	1052	30	1092	31	1079	32	1046	33	1018	34	1013	35	1032	36	1007	37	1036	38	1056	39	1006	40	1047	41	1051	42	1018	43	1096	44	1053	45	1032	46	1038	47	1018	48	1035	49	1061	
	0	1045	1	1046	2	1057	3	1042	4	1048	5	1085	6	1050	7	1100	8	1049	9	1090	10	1048	11	1094	12	1011	13	1062	14	1087	15	1013	16	1007	17	1033	18	1052	19	1013	20	1049	21	1088	22	1042	23	1081	24	1090	25	1007	26	1061	27	1069	28	1086	29	1019	30	1055	31	1097	32	1094	33	1034	34	1002	35	1059	36	1032	37	1034	38	1002	39	1001	40	1049	41	1003	42	1038	43	1062	44	1058	45	1086	46	1046	47	1044	48	1097	49	1088	
	0	1028	1	1042	2	1029	3	1073	4	1027	5	1032	6	1094	7	1082	8	1033	9	1088	10	1011	11	1010	12	1025	13	1051	14	1023	15	1097	16	1079	17	1100	18	1079	19	1040	20	1038	21	1013	22	1022	23	1060	24	1071	25	1053	26	1057	27	1017	28	1010	29	1041	30	1031	31	1051	32	1086	33	1070	34	1000	35	1076	36	1099	37	1045	38	1057	39	1059	40	1014	41	1089	42	1049	43	1014	44	1078	45	1035	46	1047	47	1056	48	1013	49	1084	
	0	1091	1	1039	2	1086	3	1001	4	1031	5	1084	6	1084	7	1068	8	1033	9	1087	10	1003	11	1074	12	1023	13	1015	14	1033	15	1001	16	1022	17	1052	18	1027	19	1061	20	1042	21	1029	22	1056	23	1100	24	1038	25	1080	26	1015	27	1078	28	1056	29	1053	30	1090	31	1033	32	1071	33	1011	34	1048	35	1045	36	1005	37	1066	38	1098	39	1055	40	1067	41	1059	42	1097	43	1046	44	1032	45	1049	46	1053	47	1039	48	1034	49	1018	
	0	1086	1	1052	2	1085	3	1034	4	1045	5	1058	6	1004	7	1070	8	1000	9	1067	10	1039	11	1098	12	1050	13	1029	14	1068	15	1064	16	1047	17	1038	18	1008	19	1063	20	1081	21	1014	22	1026	23	1054	24	1070	25	1050	26	1057	27	1026	28	1057	29	1071	30	1077	31	1056	32	1036	33	1067	34	1065	35	1031	36	1060	37	1075	38	1057	39	1051	40	1096	41	1050	42	1060	43	1048	44	1067	45	1060	46	1057	47	1030	48	1054	49	1036	
	0	1066	1	1100	2	1045	3	1000	4	1058	5	1044	6	1100	7	1032	8	1053	9	1044	10	1004	11	1059	12	1041	13	1048	14	1000	15	1022	16	1042	17	1032	18	1000	19	1030	20	1019	21	1057	22	1085	23	1095	24	1057	25	1040	26	1006	27	1016	28	1097	29	1055	30	1052	31	1066	32	1004	33	1049	34	1020	35	1054	36	1095	37	1097	38	1100	39	1023	40	1052	41	1079	42	1027	43	1018	44	1048	45	1030	46	1012	47	1050	48	1013	49	1024	
	0	1045	1	1016	2	1086	3	1047	4	1069	5	1049	6	1006	7	1064	8	1010	9	1012	10	1023	11	1063	12	1020	13	1024	14	1059	15	1056	16	1033	17	1003	18	1076	19	1033	20	1079	21	1016	22	1056	23	1050	24	1057	25	1096	26	1034	27	1010	28	1020	29	1091	30	1043	31	1010	32	1000	33	1044	34	1071	35	1082	36	1044	37	1027	38	1039	39	1081	40	1061	41	1016	42	1022	43	1008	44	1009	45	1074	46	1084	47	1023	48	1062	49	1085	
	0	1065	1	1032	2	1065	3	1026	4	1079	5	1013	6	1055	7	1090	8	1056	9	1044	10	1016	11	1032	12	1073	13	1029	14	1004	15	1025	16	1050	17	1062	18	1035	19	1058	20	1083	21	1080	22	1080	23	1069	24	1032	25	1013	26	1084	27	1083	28	1004	29	1020	30	1097	31	1075	32	1074	33	1080	34	1002	35	1085	36	1048	37	1062	38	1079	39	1094	40	1005	41	1066	42	1032	43	1006	44	1083	45	1048	46	1030	47	1096	48	1066	49	1041	
	0	1026	1	1026	2	1099	3	1095	4	1082	5	1054	6	1027	7	1019	8	1079	9	1006	10	1065	11	1011	12	1010	13	1041	14	1017	15	1026	16	1054	17	1070	18	1077	19	1057	20	1020	21	1097	22	1007	23	1083	24	1040	25	1062	26	1025	27	1022	28	1021	29	1010	30	1090	31	1041	32	1054	33	1013	34	1073	35	1007	36	1065	37	1090	38	1071	39	1053	40	1094	41	1048	42	1023	43	1044	44	1063	45	1066	46	1070	47	1074	48	1045	49	1036	
	0	1098	1	1068	2	1007	3	1044	4	1066	5	1059	6	1088	7	1086	8	1005	9	1053	10	1099	11	1071	12	1050	13	1012	14	1032	15	1032	16	1037	17	1086	18	1021	19	1031	20	1071	21	1086	22	1006	23	1078	24	1076	25	1063	26	1022	27	1090	28	1028	29	1083	30	1002	31	1096	32	1070	33	1076	34	1052	35	1098	36	1061	37	1058	38	1027	39	1083	40	1013	41	1099	42	1051	43	1070	44	1041	45	1082	46	1040	47	1018	48	1006	49	1052	
	0	1079	1	1098	2	1052	3	1100	4	1012	5	1082	6	1092	7	1073	8	1015	9	1099	10	1006	11	1053	12	1014	13	1047	14	1042	15	1017	16	1021	17	1045	18	1018	19	1011	20	1088	21	1025	22	1025	23	1006	24	1015	25	1030	26	1077	27	1031	28	1079	29	1024	30	1050	31	1097	32	1004	33	1046	34	1055	35	1045	36	1094	37	1067	38	1012	39	1001	40	1097	41	1032	42	1033	43	1095	44	1043	45	1028	46	1100	47	1061	48	1093	49	1044	
	0	1036	1	1013	2	1008	3	1029	4	1093	5	1017	6	1027	7	1059	8	1025	9	1086	10	1076	11	1042	12	1018	13	1075	14	1070	15	1000	16	1016	17	1072	18	1074	19	1050	20	1028	21	1008	22	1016	23	1093	24	1053	25	1095	26	1063	27	1029	28	1018	29	1051	30	1068	31	1088	32	1084	33	1072	34	1082	35	1073	36	1074	37	1026	38	1034	39	1063	40	1004	41	1096	42	1073	43	1075	44	1091	45	1042	46	1041	47	1065	48	1052	49	1093	
	0	1009	1	1084	2	1083	3	1028	4	1099	5	1049	6	1090	7	1088	8	1017	9	1077	10	1020	11	1065	12	1062	13	1004	14	1027	15	1088	16	1047	17	1070	18	1042	19	1085	20	1004	21	1049	22	1010	23	1043	24	1060	25	1055	26	1018	27	1001	28	1034	29	1051	30	1082	31	1014	32	1063	33	1026	34	1031	35	1092	36	1026	37	1010	38	1090	39	1009	40	1064	41	1054	42	1022	43	1020	44	1026	45	1002	46	1053	47	1057	48	1072	49	1021	
	0	1043	1	1021	2	1011	3	1087	4	1006	5	1026	6	1056	7	1011	8	1058	9	1099	10	1028	11	1096	12	1022	13	1032	14	1007	15	1050	16	1013	17	1017	18	1034	19	1091	20	1089	21	1093	22	1012	23	1066	24	1056	25	1005	26	1075	27	1026	28	1025	29	1068	30	1089	31	1020	32	1098	33	1050	34	1074	35	1047	36	1059	37	1044	38	1032	39	1073	40	1066	41	1058	42	1079	43	1092	44	1026	45	1033	46	1059	47	1060	48	1087	49	1077	
	0	1041	1	1005	2	1089	3	1051	4	1076	5	1024	6	1022	7	1095	8	1082	9	1023	10	1069	11	1088	12	1032	13	1034	14	1013	15	1009	16	1065	17	1014	18	1021	19	1023	20	1056	21	1027	22	1044	23	1096	24	1015	25	1074	26	1053	27	1017	28	1095	29	1014	30	1009	31	1034	32	1055	33	1034	34	1032	35	1098	36	1021	37	1092	38	1040	39	1050	40	1049	41	1016	42	1021	43	1072	44	1087	45	1076	46	1083	47	1038	48	1022	49	1002	
	0	1028	1	1076	2	1077	3	1045	4	1019	5	1042	6	1083	7	1090	8	1057	9	1077	10	1036	11	1032	12	1016	13	1028	14	1092	15	1081	16	1082	17	1023	18	1097	19	1040	20	1070	21	1072	22	1072	23	1090	24	1020	25	1076	26	1055	27	1020	28	1013	29	1051	30	1018	31	1010	32	1055	33	1005	34	1093	35	1100	36	1007	37	1017	38	1058	39	1017	40	1032	41	1012	42	1059	43	1020	44	1010	45	1053	46	1020	47	1094	48	1100	49	1072	
	0	1027	1	1035	2	1057	3	1004	4	1079	5	1014	6	1008	7	1013	8	1007	9	1070	10	1058	11	1067	12	1071	13	1015	14	1040	15	1076	16	1029	17	1049	18	1004	19	1003	20	1012	21	1005	22	1080	23	1083	24	1054	25	1002	26	1006	27	1019	28	1002	29	1054	30	1027	31	1045	32	1083	33	1065	34	1029	35	1099	36	1009	37	1024	38	1049	39	1015	40	1057	41	1073	42	1032	43	1020	44	1076	45	1038	46	1034	47	1021	48	1068	49	1041	
	0	1002	1	1008	2	1026	3	1033	4	1035	5	1054	6	1059	7	1062	8	1071	9	1054	10	1049	11	1059	12	1071	13	1006	14	1052	15	1000	16	1001	17	1082	18	1024	19	1092	20	1035	21	1006	22	1036	23	1088	24	1034	25	1054	26	1079	27	1020	28	1003	29	1023	30	1092	31	1090	32	1100	33	1095	34	1031	35	1079	36	1012	37	1046	38	1005	39	1016	40	1072	41	1075	42	1005	43	1035	44	1056	45	1072	46	1020	47	1036	48	1004	49	1095	
	0	1083	1	1053	2	1093	3	1018	4	1012	5	1100	6	1093	7	1023	8	1080	9	1064	10	1068	11	1037	12	1096	13	1038	14	1033	15	1098	16	1016	17	1053	18	1011	19	1093	20	1067	21	1077	22	1096	23	1027	24	1097	25	1054	26	1078	27	1082	28	1020	29	1081	30	1031	31	1001	32	1099	33	1042	34	1056	35	1080	36	1100	37	1014	38	1040	39	1020	40	1100	41	1083	42	1059	43	1039	44	1062	45	1087	46	1099	47	1042	48	1030	49	1073	
	0	1037	1	1012	2	1059	3	1070	4	1031	5	1082	6	1016	7	1070	8	1027	9	1077	10	1056	11	1045	12	1020	13	1063	14	1025	15	1100	16	1100	17	1084	18	1039	19	1043	20	1018	21	1012	22	1042	23	1024	24	1081	25	1096	26	1073	27	1084	28	1004	29	1083	30	1005	31	1058	32	1092	33	1074	34	1038	35	1084	36	1036	37	1018	38	1095	39	1029	40	1079	41	1029	42	1092	43	1074	44	1011	45	1050	46	1012	47	1027	48	1039	49	1093	
	0	1085	1	1062	2	1014	3	1089	4	1033	5	1065	6	1052	7	1055	8	1001	9	1014	10	1076	11	1009	12	1021	13	1048	14	1070	15	1033	16	1091	17	1066	18	1027	19	1026	20	1065	21	1006	22	1056	23	1019	24	1090	25	1004	26	1095	27	1025	28	1064	29	1084	30	1097	31	1057	32	1014	33	1094	34	1088	35	1064	36	1047	37	1077	38	1090	39	1092	40	1024	41	1005	42	1056	43	1074	44	1079	45	1028	46	1093	47	1099	48	1077	49	1088	
	0	1015	1	1080	2	1044	3	1036	4	1055	5	1016	6	1009	7	1005	8	1024	9	1027	10	1006	11	1022	12	1096	13	1039	14	1052	15	1100	16	1062	17	1062	18	1071	19	1000	20	1067	21	1038	22	1037	23	1078	24	1062	25	1086	26	1089	27	1058	28	1022	29	1005	30	1077	31	1059	32	1045	33	1080	34	1084	35	1016	36	1015	37	1016	38	1020	39	1008	40	1008	41	1086	42	1082	43	1008	44	1021	45	1047	46	1047	47	1026	48	1049	49	1004	
	0	1065	1	1021	2	1092	3	1076	4	1061	5	1076	6	1031	7	1094	8	1037	9	1056	10	1037	11	1012	12	1052	13	1040	14	1000	15	1039	16	1100	17	1032	18	1008	19	1019	20	1047	21	1025	22	1021	23	1017	24	1084	25	1076	26	1041	27	1078	28	1099	29	1033	30	1095	31	1000	32	1026	33	1087	34	1080	35	1007	36	1020	37	1072	38	1066	39	1100	40	1027	41	1071	42	1060	43	1077	44	1075	45	1002	46	1021	47	1082	48	1063	49	1051	
	0	1053	1	1057	2	1055	3	1015	4	1026	5	1045	6	1068	7	1100	8	1001	9	1000	10	1006	11	1065	12	1029	13	1065	14	1010	15	1031	16	1087	17	1018	18	1038	19	1023	20	1095	21	1033	22	1003	23	1039	24	1078	25	1090	26	1011	27	1059	28	1082	29	1029	30	1084	31	1010	32	1072	33	1028	34	1010	35	1077	36	1084	37	1062	38	1022	39	1070	40	1006	41	1019	42	1023	43	1082	44	1003	45	1030	46	1063	47	1036	48	1039	49	1071	
	0	1012	1	1099	2	1029	3	1088	4	1012	5	1016	6	1082	7	1042	8	1033	9	1005	10	1080	11	1087	12	1051	13	1042	14	1040	15	1020	16	1073	17	1057	18	1013	19	1020	20	1010	21	1015	22	1006	23	1003	24	1081	25	1100	26	1029	27	1035	28	1034	29	1093	30	1085	31	1028	32	1067	33	1027	34	1014	35	1078	36	1053	37	1012	38	1034	39	1072	40	1020	41	1068	42	1095	43	1042	44	1025	45	1019	46	1086	47	1038	48	1031	49	1016	
	0	1065	1	1041	2	1022	3	1033	4	1080	5	1037	6	1007	7	1046	8	1080	9	1031	10	1046	11	1084	12	1008	13	1029	14	1057	15	1015	16	1100	17	1065	18	1057	19	1090	20	1020	21	1091	22	1056	23	1093	24	1084	25	1061	26	1094	27	1041	28	1038	29	1048	30	1046	31	1043	32	1011	33	1006	34	1057	35	1033	36	1079	37	1003	38	1090	39	1035	40	1050	41	1000	42	1035	43	1052	44	1007	45	1028	46	1016	47	1082	48	1035	49	1006	
	0	1030	1	1099	2	1095	3	1033	4	1018	5	1039	6	1045	7	1038	8	1080	9	1075	10	1000	11	1035	12	1055	13	1027	14	1059	15	1065	16	1008	17	1017	18	1073	19	1045	20	1025	21	1096	22	1077	23	1024	24	1016	25	1094	26	1027	27	1034	28	1051	29	1071	30	1066	31	1004	32	1025	33	1015	34	1010	35	1088	36	1094	37	1053	38	1058	39	1038	40	1048	41	1004	42	1099	43	1073	44	1027	45	1084	46	1068	47	1075	48	1089	49	1077	
	0	1062	1	1100	2	1022	3	1099	4	1001	5	1001	6	1030	7	1037	8	1052	9	1099	10	1049	11	1006	12	1041	13	1068	14	1033	15	1046	16	1012	17	1004	18	1014	19	1079	20	1055	21	1057	22	1057	23	1098	24	1098	25	1072	26	1049	27	1026	28	1099	29	1006	30	1055	31	1026	32	1010	33	1085	34	1015	35	1092	36	1011	37	1013	38	1028	39	1048	40	1068	41	1032	42	1000	43	1065	44	1054	45	1091	46	1014	47	1067	48	1010	49	1073	
	0	1094	1	1078	2	1031	3	1042	4	1011	5	1048	6	1047	7	1076	8	1085	9	1041	10	1098	11	1093	12	1003	13	1088	14	1090	15	1078	16	1071	17	1028	18	1053	19	1099	20	1090	21	1090	22	1037	23	1066	24	1069	25	1053	26	1009	27	1033	28	1047	29	1000	30	1018	31	1053	32	1088	33	1021	34	1099	35	1039	36	1030	37	1006	38	1040	39	1002	40	1074	41	1060	42	1042	43	1037	44	1072	45	1007	46	1078	47	1087	48	1037	49	1093	
	0	1072	1	1056	2	1071	3	1000	4	1051	5	1077	6	1004	7	1071	8	1074	9	1055	10	1014	11	1017	12	1042	13	1059	14	1007	15	1027	16	1033	17	1021	18	1049	19	1018	20	1029	21	1067	22	1068	23	1008	24	1028	25	1068	26	1035	27	1063	28	1061	29	1014	30	1016	31	1032	32	1052	33	1079	34	1019	35	1036	36	1019	37	1093	38	1040	39	1010	40	1028	41	1018	42	1007	43	1093	44	1099	45	1092	46	1003	47	1032	48	1068	49	1017	
	0	1002	1	1044	2	1049	3	1077	4	1008	5	1057	6	1081	7	1051	8	1084	9	1032	10	1031	11	1081	12	1089	13	1085	14	1076	15	1089	16	1022	17	1055	18	1050	19	1060	20	1067	21	1045	22	1033	23	1039	24	1002	25	1005	26	1007	27	1050	28	1093	29	1049	30	1021	31	1087	32	1002	33	1095	34	1014	35	1020	36	1068	37	1007	38	1008	39	1084	40	1057	41	1052	42	1045	43	1002	44	1012	45	1001	46	1023	47	1032	48	1047	49	1074	
	0	1057	1	1090	2	1089	3	1055	4	1098	5	1088	6	1055	7	1095	8	1063	9	1039	10	1098	11	1015	12	1057	13	1028	14	1005	15	1049	16	1070	17	1054	18	1039	19	1082	20	1012	21	1046	22	1095	23	1006	24	1092	25	1068	26	1020	27	1077	28	1025	29	1013	30	1059	31	1063	32	1057	33	1036	34	1060	35	1066	36	1100	37	1086	38	1062	39	1002	40	1005	41	1047	42	1097	43	1067	44	1029	45	1035	46	1007	47	1012	48	1094	49	1079	
	0	1061	1	1051	2	1043	3	1028	4	1012	5	1039	6	1075	7	1067	8	1089	9	1043	10	1082	11	1084	12	1023	13	1015	14	1071	15	1085	16	1099	17	1003	18	1098	19	1096	20	1014	21	1059	22	1001	23	1017	24	1005	25	1037	26	1044	27	1050	28	1086	29	1064	30	1093	31	1087	32	1038	33	1033	34	1072	35	1063	36	1087	37	1031	38	1074	39	1049	40	1033	41	1020	42	1013	43	1074	44	1088	45	1020	46	1071	47	1039	48	1017	49	1057	
	0	1036	1	1013	2	1052	3	1032	4	1064	5	1059	6	1050	7	1013	8	1079	9	1100	10	1080	11	1010	12	1066	13	1035	14	1018	15	1058	16	1047	17	1048	18	1007	19	1025	20	1031	21	1073	22	1014	23	1084	24	1069	25	1013	26	1018	27	1035	28	1066	29	1019	30	1033	31	1054	32	1074	33	1040	34	1000	35	1051	36	1039	37	1025	38	1000	39	1082	40	1060	41	1030	42	1013	43	1063	44	1074	45	1082	46	1025	47	1011	48	1008	49	1021	
	0	1068	1	1062	2	1031	3	1080	4	1072	5	1078	6	1098	7	1024	8	1008	9	1082	10	1043	11	1056	12	1020	13	1081	14	1008	15	1029	16	1013	17	1018	18	1080	19	1055	20	1065	21	1032	22	1080	23	1056	24	1020	25	1012	26	1046	27	1017	28	1037	29	1033	30	1100	31	1089	32	1089	33	1058	34	1057	35	1029	36	1058	37	1014	38	1021	39	1006	40	1014	41	1025	42	1071	43	1032	44	1083	45	1017	46	1051	47	1048	48	1008	49	1077	
	0	1007	1	1051	2	1036	3	1090	4	1087	5	1008	6	1053	7	1005	8	1010	9	1063	10	1037	11	1073	12	1045	13	1072	14	1084	15	1058	16	1029	17	1052	18	1078	19	1092	20	1024	21	1057	22	1096	23	1078	24	1056	25	1057	26	1070	27	1044	28	1035	29	1050	30	1056	31	1090	32	1028	33	1090	34	1073	35	1099	36	1016	37	1026	38	1050	39	1050	40	1008	41	1093	42	1032	43	1097	44	1076	45	1004	46	1087	47	1100	48	1025	49	1008	
	0	1063	1	1080	2	1091	3	1056	4	1015	5	1024	6	1041	7	1010	8	1003	9	1072	10	1042	11	1087	12	1007	13	1069	14	1013	15	1067	16	1037	17	1000	18	1079	19	1058	20	1061	21	1015	22	1000	23	1023	24	1077	25	1077	26	1034	27	1017	28	1021	29	1053	30	1014	31	1027	32	1068	33	1012	34	1082	35	1084	36	1076	37	1007	38	1046	39	1093	40	1091	41	1071	42	1056	43	1033	44	1043	45	1038	46	1057	47	1077	48	1050	49	1070	
	0	1038	1	1099	2	1030	3	1031	4	1012	5	1031	6	1012	7	1046	8	1059	9	1012	10	1007	11	1041	12	1069	13	1071	14	1089	15	1040	16	1029	17	1100	18	1052	19	1028	20	1054	21	1085	22	1010	23	1087	24	1075	25	1028	26	1017	27	1057	28	1067	29	1055	30	1022	31	1040	32	1040	33	1029	34	1001	35	1085	36	1011	37	1033	38	1024	39	1024	40	1063	41	1048	42	1067	43	1025	44	1001	45	1035	46	1062	47	1081	48	1043	49	1054	
	0	1094	1	1040	2	1069	3	1037	4	1087	5	1097	6	1016	7	1083	8	1034	9	1050	10	1006	11	1062	12	1095	13	1056	14	1098	15	1079	16	1048	17	1081	18	1057	19	1029	20	1027	21	1011	22	1018	23	1051	24	1031	25	1049	26	1064	27	1032	28	1010	29	1006	30	1025	31	1070	32	1083	33	1065	34	1058	35	1000	36	1068	37	1086	38	1014	39	1010	40	1012	41	1005	42	1096	43	1055	44	1015	45	1011	46	1030	47	1040	48	1059	49	1033	
	0	1085	1	1010	2	1004	3	1023	4	1033	5	1076	6	1059	7	1080	8	1021	9	1099	10	1083	11	1031	12	1037	13	1048	14	1039	15	1061	16	1069	17	1031	18	1026	19	1089	20	1065	21	1024	22	1017	23	1008	24	1027	25	1078	26	1073	27	1019	28	1018	29	1037	30	1020	31	1020	32	1092	33	1057	34	1096	35	1057	36	1034	37	1021	38	1017	39	1068	40	1076	41	1037	42	1070	43	1093	44	1072	45	1045	46	1077	47	1054	48	1018	49	1030	
	0	1000	1	1090	2	1013	3	1088	4	1083	5	1073	6	1088	7	1067	8	1052	9	1000	10	1025	11	1032	12	1077	13	1068	14	1020	15	1076	16	1051	17	1038	18	1079	19	1093	20	1033	21	1006	22	1066	23	1006	24	1041	25	1001	26	1077	27	1076	28	1035	29	1016	30	1065	31	1085	32	1018	33	1091	34	1051	35	1001	36	1033	37	1040	38	1014	39	1071	40	1085	41	1031	42	1087	43	1100	44	1063	45	1000	46	1088	47	1059	48	1096	49	1055	
	0	1002	1	1092	2	1050	3	1047	4	1060	5	1014	6	1028	7	1061	8	1020	9	1055	10	1033	11	1071	12	1085	13	1090	14	1068	15	1100	16	1047	17	1075	18	1092	19	1024	20	1028	21	1091	22	1034	23	1082	24	1008	25	1049	26	1082	27	1088	28	1070	29	1077	30	1058	31	1012	32	1031	33	1051	34	1089	35	1079	36	1081	37	1056	38	1038	39	1082	40	1073	41	1095	42	1038	43	1084	44	1002	45	1063	46	1012	47	1091	48	1033	49	1099	
	0	1061	1	1073	2	1006	3	1003	4	1087	5	1083	6	1000	7	1045	8	1081	9	1022	10	1001	11	1094	12	1080	13	1077	14	1098	15	1093	16	1003	17	1028	18	1061	19	1027	20	1068	21	1028	22	1096	23	1078	24	1048	25	1017	26	1083	27	1005	28	1023	29	1083	30	1013	31	1009	32	1086	33	1048	34	1024	35	1006	36	1024	37	1010	38	1080	39	1042	40	1076	41	1094	42	1066	43	1093	44	1054	45	1100	46	1083	47	1070	48	1051	49	1025	
	0	1095	1	1014	2	1045	3	1070	4	1049	5	1018	6	1017	7	1063	8	1084	9	1069	10	1090	11	1054	12	1036	13	1050	14	1091	15	1059	16	1040	17	1100	18	1040	19	1065	20	1014	21	1053	22	1012	23	1059	24	1063	25	1081	26	1048	27	1074	28	1000	29	1100	30	1024	31	1055	32	1060	33	1051	34	1022	35	1025	36	1005	37	1064	38	1012	39	1037	40	1070	41	1014	42	1006	43	1012	44	1053	45	1085	46	1065	47	1048	48	1018	49	1066	
	0	1089	1	1076	2	1030	3	1030	4	1072	5	1013	6	1036	7	1071	8	1011	9	1063	10	1007	11	1072	12	1090	13	1014	14	1064	15	1004	16	1017	17	1079	18	1045	19	1087	20	1069	21	1028	22	1015	23	1023	24	1015	25	1003	26	1037	27	1018	28	1024	29	1057	30	1060	31	1062	32	1057	33	1093	34	1003	35	1081	36	1076	37	1091	38	1048	39	1086	40	1048	41	1027	42	1082	43	1085	44	1090	45	1078	46	1024	47	1073	48	1003	49	1089	
	0	1000	1	1083	2	1037	3	1039	4	1008	5	1076	6	1052	7	1068	8	1063	9	1097	10	1048	11	1010	12	1070	13	1024	14	1066	15	1042	16	1036	17	1057	18	1008	19	1024	20	1009	21	1022	22	1034	23	1066	24	1038	25	1032	26	1060	27	1074	28	1081	29	1022	30	1090	31	1002	32	1007	33	1094	34	1009	35	1040	36	1008	37	1060	38	1012	39	1072	40	1006	41	1018	42	1000	43	1064	44	1097	45	1031	46	1061	47	1032	48	1091	49	1024	
	0	1066	1	1010	2	1023	3	1092	4	1030	5	1045	6	1072	7	1011	8	1037	9	1077	10	1039	11	1079	12	1010	13	1002	14	1036	15	1098	16	1063	17	1058	18	1035	19	1094	20	1063	21	1058	22	1071	23	1019	24	1092	25	1048	26	1085	27	1076	28	1030	29	1023	30	1011	31	1098	32	1034	33	1064	34	1054	35	1070	36	1047	37	1083	38	1071	39	1071	40	1009	41	1095	42	1006	43	1005	44	1046	45	1043	46	1076	47	1034	48	1081	49	1042	
	0	1048	1	1014	2	1064	3	1064	4	1009	5	1007	6	1047	7	1020	8	1091	9	1028	10	1013	11	1048	12	1028	13	1085	14	1010	15	1078	16	1038	17	1096	18	1030	19	1053	20	1063	21	1000	22	1002	23	1086	24	1037	25	1047	26	1074	27	1072	28	1049	29	1093	30	1032	31	1065	32	1090	33	1078	34	1075	35	1067	36	1064	37	1040	38	1067	39	1046	40	1078	41	1078	42	1010	43	1002	44	1058	45	1037	46	1100	47	1069	48	1097	49	1090	
	0	1006	1	1005	2	1026	3	1017	4	1034	5	1066	6	1027	7	1062	8	1092	9	1059	10	1027	11	1056	12	1086	13	1062	14	1049	15	1013	16	1037	17	1057	18	1001	19	1070	20	1050	21	1056	22	1016	23	1023	24	1100	25	1009	26	1044	27	1010	28	1087	29	1035	30	1012	31	1032	32	1075	33	1016	34	1067	35	1018	36	1005	37	1071	38	1053	39	1014	40	1011	41	1085	42	1066	43	1098	44	1056	45	1044	46	1064	47	1076	48	1074	49	1002	
	0	1009	1	1053	2	1036	3	1095	4	1088	5	1061	6	1037	7	1059	8	1067	9	1093	10	1002	11	1099	12	1011	13	1051	14	1068	15	1042	16	1000	17	1014	18	1099	19	1094	20	1068	21	1025	22	1011	23	1072	24	1080	25	1020	26	1014	27	1021	28	1001	29	1008	30	1067	31	1086	32	1009	33	1081	34	1092	35	1011	36	1064	37	1098	38	1098	39	1022	40	1033	41	1076	42	1026	43	1086	44	1081	45	1054	46	1083	47	1047	48	1096	49	1084	
	0	1068	1	1095	2	1031	3	1081	4	1096	5	1067	6	1070	7	1006	8	1099	9	1020	10	1047	11	1063	12	1080	13	1088	14	1073	15	1008	16	1076	17	1083	18	1021	19	1041	20	1081	21	1038	22	1085	23	1070	24	1088	25	1098	26	1053	27	1007	28	1050	29	1033	30	1083	31	1007	32	1082	33	1056	34	1070	35	1001	36	1020	37	1072	38	1054	39	1100	40	1059	41	1086	42	1043	43	1047	44	1100	45	1051	46	1046	47	1009	48	1044	49	1036	
	0	1040	1	1024	2	1047	3	1014	4	1061	5	1049	6	1086	7	1022	8	1098	9	1033	10	1049	11	1039	12	1070	13	1003	14	1050	15	1081	16	1067	17	1068	18	1089	19	1026	20	1054	21	1077	22	1094	23	1047	24	1061	25	1015	26	1083	27	1088	28	1085	29	1022	30	1002	31	1079	32	1087	33	1051	34	1008	35	1058	36	1026	37	1046	38	1010	39	1100	40	1034	41	1078	42	1084	43	1007	44	1052	45	1093	46	1007	47	1002	48	1052	49	1006	
	0	1042	1	1004	2	1053	3	1062	4	1062	5	1029	6	1027	7	1095	8	1093	9	1028	10	1069	11	1035	12	1043	13	1055	14	1067	15	1089	16	1008	17	1059	18	1070	19	1081	20	1068	21	1056	22	1033	23	1100	24	1069	25	1061	26	1053	27	1073	28	1015	29	1068	30	1093	31	1001	32	1091	33	1059	34	1003	35	1030	36	1015	37	1060	38	1085	39	1084	40	1071	41	1094	42	1043	43	1012	44	1015	45	1078	46	1052	47	1057	48	1075	49	1069	
	0	1000	1	1099	2	1055	3	1001	4	1005	5	1063	6	1091	7	1079	8	1008	9	1093	10	1078	11	1027	12	1038	13	1063	14	1076	15	1090	16	1045	17	1015	18	1011	19	1096	20	1072	21	1051	22	1072	23	1094	24	1086	25	1067	26	1010	27	1022	28	1071	29	1014	30	1045	31	1072	32	1028	33	1018	34	1000	35	1060	36	1096	37	1022	38	1069	39	1007	40	1073	41	1025	42	1056	43	1082	44	1008	45	1022	46	1000	47	1045	48	1004	49	1045	
	0	1006	1	1042	2	1040	3	1085	4	1022	5	1027	6	1065	7	1086	8	1100	9	1063	10	1062	11	1048	12	1035	13	1005	14	1035	15	1042	16	1015	17	1059	18	1080	19	1006	20	1089	21	1014	22	1029	23	1085	24	1020	25	1052	26	1002	27	1053	28	1024	29	1062	30	1100	31	1075	32	1003	33	1018	34	1016	35	1059	36	1052	37	1007	38	1094	39	1046	40	1073	41	1035	42	1030	43	1063	44	1027	45	1014	46	1060	47	1088	48	1083	49	1052	
	0	1003	1	1028	2	1011	3	1006	4	1071	5	1040	6	1037	7	1079	8	1083	9	1051	10	1002	11	1067	12	1073	13	1063	14	1071	15	1093	16	1041	17	1093	18	1048	19	1009	20	1033	21	1064	22	1094	23	1038	24	1016	25	1003	26	1046	27	1095	28	1013	29	1079	30	1061	31	1039	32	1071	33	1094	34	1014	35	1056	36	1041	37	1098	38	1032	39	1045	40	1044	41	1000	42	1077	43	1040	44	1044	45	1058	46	1025	47	1059	48	1054	49	1033	
	0	1042	1	1063	2	1030	3	1005	4	1098	5	1071	6	1007	7	1017	8	1037	9	1051	10	1072	11	1022	12	1048	13	1052	14	1063	15	1005	16	1048	17	1025	18	1013	19	1087	20	1042	21	1100	22	1028	23	1079	24	1017	25	1024	26	1077	27	1038	28	1051	29	1048	30	1086	31	1016	32	1064	33	1083	34	1073	35	1018	36	1004	37	1038	38	1004	39	1066	40	1061	41	1064	42	1063	43	1045	44	1002	45	1067	46	1094	47	1065	48	1015	49	1067	
	0	1063	1	1053	2	1052	3	1062	4	1021	5	1005	6	1052	7	1083	8	1051	9	1033	10	1069	11	1082	12	1098	13	1025	14	1049	15	1021	16	1040	17	1098	18	1070	19	1018	20	1086	21	1028	22	1089	23	1094	24	1070	25	1086	26	1021	27	1015	28	1096	29	1034	30	1071	31	1057	32	1052	33	1011	34	1027	35	1063	36	1029	37	1057	38	1006	39	1040	40	1055	41	1026	42	1099	43	1063	44	1091	45	1100	46	1056	47	1058	48	1010	49	1041	
	0	1023	1	1008	2	1092	3	1018	4	1051	5	1061	6	1095	7	1047	8	1042	9	1062	10	1054	11	1063	12	1052	13	1002	14	1030	15	1011	16	1017	17	1008	18	1039	19	1008	20	1070	21	1074	22	1051	23	1002	24	1056	25	1075	26	1036	27	1065	28	1000	29	1040	30	1062	31	1003	32	1038	33	1030	34	1090	35	1047	36	1014	37	1007	38	1100	39	1027	40	1001	41	1041	42	1022	43	1077	44	1050	45	1045	46	1019	47	1062	48	1091	49	1069	
	0	1056	1	1099	2	1003	3	1052	4	1022	5	1081	6	1042	7	1049	8	1039	9	1019	10	1032	11	1028	12	1098	13	1038	14	1029	15	1072	16	1009	17	1045	18	1085	19	1013	20	1013	21	1092	22	1051	23	1031	24	1100	25	1099	26	1079	27	1010	28	1083	29	1035	30	1050	31	1031	32	1031	33	1082	34	1041	35	1027	36	1032	37	1064	38	1007	39	1074	40	1017	41	1005	42	1096	43	1027	44	1090	45	1007	46	1078	47	1037	48	1059	49	1091	
	0	1070	1	1047	2	1049	3	1085	4	1034	5	1018	6	1078	7	1058	8	1032	9	1087	10	1042	11	1097	12	1075	13	1074	14	1018	15	1084	16	1034	17	1070	18	1030	19	1096	20	1004	21	1075	22	1092	23	1004	24	1036	25	1094	26	1060	27	1079	28	1084	29	1021	30	1064	31	1032	32	1032	33	1100	34	1013	35	1075	36	1009	37	1096	38	1062	39	1076	40	1060	41	1014	42	1044	43	1080	44	1036	45	1002	46	1070	47	1036	48	1052	49	1060	
	0	1034	1	1042	2	1020	3	1033	4	1083	5	1056	6	1050	7	1084	8	1073	9	1024	10	1050	11	1056	12	1030	13	1087	14	1069	15	1077	16	1072	17	1020	18	1012	19	1025	20	1083	21	1067	22	1100	23	1071	24	1048	25	1055	26	1081	27	1048	28	1058	29	1049	30	1099	31	1055	32	1062	33	1047	34	1021	35	1082	36	1022	37	1052	38	1020	39	1091	40	1099	41	1038	42	1020	43	1033	44	1033	45	1064	46	1056	47	1054	48	1064	49	1057	
	0	1097	1	1029	2	1021	3	1047	4	1063	5	1033	6	1091	7	1042	8	1057	9	1055	10	1028	11	1063	12	1044	13	1011	14	1037	15	1074	16	1016	17	1031	18	1071	19	1038	20	1026	21	1010	22	1057	23	1023	24	1021	25	1080	26	1091	27	1027	28	1073	29	1016	30	1073	31	1079	32	1036	33	1083	34	1033	35	1095	36	1015	37	1004	38	1069	39	1053	40	1065	41	1098	42	1052	43	1073	44	1078	45	1054	46	1046	47	1058	48	1072	49	1075	
	0	1047	1	1088	2	1039	3	1039	4	1059	5	1032	6	1022	7	1084	8	1096	9	1053	10	1035	11	1061	12	1021	13	1004	14	1015	15	1032	16	1034	17	1052	18	1069	19	1015	20	1011	21	1070	22	1088	23	1054	24	1073	25	1064	26	1080	27	1029	28	1035	29	1082	30	1003	31	1096	32	1035	33	1070	34	1027	35	1098	36	1040	37	1042	38	1067	39	1004	40	1005	41	1097	42	1006	43	1086	44	1081	45	1036	46	1019	47	1045	48	1098	49	1016	
	0	1034	1	1060	2	1026	3	1099	4	1023	5	1042	6	1093	7	1084	8	1066	9	1035	10	1059	11	1020	12	1019	13	1018	14	1002	15	1004	16	1074	17	1084	18	1049	19	1045	20	1025	21	1007	22	1082	23	1048	24	1046	25	1074	26	1037	27	1080	28	1033	29	1060	30	1012	31	1057	32	1002	33	1037	34	1033	35	1020	36	1012	37	1047	38	1010	39	1067	40	1069	41	1078	42	1073	43	1013	44	1075	45	1090	46	1093	47	1073	48	1081	49	1018	
	0	1094	1	1053	2	1009	3	1006	4	1061	5	1069	6	1002	7	1098	8	1049	9	1043	10	1076	11	1066	12	1051	13	1041	14	1097	15	1024	16	1017	17	1077	18	1079	19	1012	20	1036	21	1024	22	1086	23	1034	24	1064	25	1010	26	1056	27	1040	28	1096	29	1078	30	1043	31	1058	32	1019	33	1008	34	1051	35	1032	36	1078	37	1011	38	1091	39	1055	40	1085	41	1069	42	1019	43	1077	44	1033	45	1043	46	1033	47	1026	48	1094	49	1061	
	0	1034	1	1051	2	1096	3	1080	4	1054	5	1038	6	1075	7	1067	8	1089	9	1052	10	1099	11	1035	12	1013	13	1067	14	1069	15	1035	16	1006	17	1015	18	1006	19	1060	20	1064	21	1018	22	1017	23	1054	24	1073	25	1005	26	1091	27	1055	28	1054	29	1026	30	1056	31	1012	32	1086	33	1020	34	1037	35	1016	36	1009	37	1075	38	1059	39	1058	40	1023	41	1020	42	1038	43	1042	44	1040	45	1011	46	1073	47	1014	48	1022	49	1021	
	0	1000	1	1083	2	1037	3	1052	4	1079	5	1090	6	1076	7	1067	8	1040	9	1027	10	1093	11	1073	12	1013	13	1076	14	1082	15	1057	16	1098	17	1058	18	1091	19	1067	20	1095	21	1039	22	1012	23	1004	24	1043	25	1076	26	1087	27	1066	28	1066	29	1089	30	1034	31	1006	32	1015	33	1039	34	1021	35	1046	36	1092	37	1025	38	1032	39	1016	40	1087	41	1042	42	1052	43	1036	44	1069	45	1034	46	1026	47	1036	48	1075	49	1004	
	0	1064	1	1067	2	1032	3	1051	4	1083	5	1035	6	1003	7	1001	8	1100	9	1023	10	1091	11	1018	12	1015	13	1087	14	1019	15	1035	16	1062	17	1050	18	1094	19	1061	20	1053	21	1074	22	1065	23	1039	24	1083	25	1004	26	1024	27	1044	28	1098	29	1094	30	1055	31	1099	32	1040	33	1010	34	1029	35	1077	36	1056	37	1073	38	1004	39	1086	40	1054	41	1094	42	1028	43	1017	44	1032	45	1029	46	1004	47	1097	48	1054	49	1019	
	0	1019	1	1091	2	1003	3	1028	4	1012	5	1015	6	1035	7	1045	8	1058	9	1098	10	1067	11	1037	12	1043	13	1003	14	1091	15	1005	16	1063	17	1084	18	1077	19	1030	20	1014	21	1016	22	1014	23	1042	24	1090	25	1026	26	1089	27	1057	28	1005	29	1092	30	1003	31	1098	32	1096	33	1071	34	1063	35	1057	36	1047	37	1018	38	1047	39	1011	40	1026	41	1004	42	1093	43	1022	44	1058	45	1064	46	1037	47	1051	48	1052	49	1004	
	0	1033	1	1006	2	1034	3	1011	4	1077	5	1003	6	1025	7	1069	8	1067	9	1047	10	1086	11	1072	12	1093	13	1014	14	1060	15	1010	16	1080	17	1023	18	1083	19	1095	20	1078	21	1009	22	1011	23	1057	24	1075	25	1080	26	1058	27	1028	28	1004	29	1092	30	1058	31	1042	32	1087	33	1021	34	1051	35	1096	36	1052	37	1052	38	1070	39	1049	40	1090	41	1033	42	1076	43	1064	44	1094	45	1012	46	1006	47	1091	48	1017	49	1088	
	0	1073	1	1047	2	1067	3	1009	4	1057	5	1079	6	1058	7	1015	8	1025	9	1062	10	1007	11	1069	12	1005	13	1089	14	1046	15	1093	16	1063	17	1079	18	1037	19	1003	20	1098	21	1096	22	1023	23	1011	24	1067	25	1040	26	1020	27	1099	28	1039	29	1098	30	1056	31	1001	32	1097	33	1044	34	1011	35	1087	36	1012	37	1003	38	1090	39	1055	40	1095	41	1054	42	1074	43	1043	44	1004	45	1080	46	1043	47	1083	48	1023	49	1007	
	0	1092	1	1068	2	1085	3	1012	4	1098	5	1010	6	1063	7	1050	8	1091	9	1018	10	1095	11	1091	12	1053	13	1052	14	1008	15	1031	16	1041	17	1011	18	1070	19	1088	20	1030	21	1096	22	1064	23	1082	24	1004	25	1039	26	1092	27	1022	28	1059	29	1087	30	1025	31	1090	32	1035	33	1022	34	1053	35	1077	36	1058	37	1095	38	1017	39	1088	40	1066	41	1052	42	1069	43	1014	44	1023	45	1074	46	1096	47	1037	48	1001	49	1060	
	0	1008	1	1030	2	1053	3	1041	4	1084	5	1067	6	1060	7	1002	8	1085	9	1076	10	1034	11	1056	12	1026	13	1015	14	1051	15	1011	16	1075	17	1019	18	1078	19	1081	20	1002	21	1024	22	1096	23	1074	24	1017	25	1045	26	1052	27	1027	28	1060	29	1042	30	1038	31	1042	32	1061	33	1092	34	1089	35	1036	36	1032	37	1092	38	1087	39	1077	40	1011	41	1069	42	1100	43	1004	44	1023	45	1000	46	1047	47	1044	48	1035	49	1034	
	0	1070	1	1039	2	1055	3	1081	4	1015	5	1099	6	1055	7	1087	8	1051	9	1073	10	1018	11	1077	12	1059	13	1057	14	1097	15	1082	16	1001	17	1021	18	1065	19	1040	20	1079	21	1094	22	1019	23	1058	24	1037	25	1065	26	1096	27	1074	28	1080	29	1089	30	1087	31	1084	32	1084	33	1041	34	1089	35	1056	36	1002	37	1089	38	1095	39	1059	40	1021	41	1008	42	1088	43	1054	44	1027	45	1093	46	1086	47	1087	48	1005	49	1087	
	0	1051	1	1094	2	1070	3	1014	4	1001	5	1064	6	1086	7	1046	8	1036	9	1001	10	1046	11	1088	12	1031	13	1032	14	1004	15	1039	16	1092	17	1066	18	1025	19	1012	20	1062	21	1044	22	1027	23	1002	24	1083	25	1049	26	1035	27	1023	28	1011	29	1030	30	1012	31	1014	32	1058	33	1063	34	1094	35	1016	36	1095	37	1024	38	1033	39	1071	40	1048	41	1083	42	1068	43	1053	44	1020	45	1006	46	1048	47	1012	48	1081	49	1078	
	0	1060	1	1037	2	1003	3	1055	4	1098	5	1062	6	1047	7	1069	8	1006	9	1082	10	1074	11	1034	12	1021	13	1050	14	1044	15	1100	16	1083	17	1035	18	1064	19	1005	20	1045	21	1036	22	1063	23	1080	24	1041	25	1059	26	1055	27	1048	28	1008	29	1014	30	1042	31	1013	32	1085	33	1000	34	1042	35	1091	36	1022	37	1096	38	1018	39	1087	40	1012	41	1096	42	1096	43	1018	44	1042	45	1034	46	1040	47	1007	48	1094	49	1087	
	0	1090	1	1076	2	1027	3	1067	4	1088	5	1028	6	1085	7	1000	8	1037	9	1060	10	1077	11	1094	12	1070	13	1052	14	1045	15	1022	16	1099	17	1056	18	1034	19	1005	20	1025	21	1036	22	1021	23	1034	24	1030	25	1003	26	1018	27	1060	28	1006	29	1075	30	1075	31	1067	32	1082	33	1013	34	1020	35	1056	36	1048	37	1008	38	1012	39	1013	40	1049	41	1020	42	1049	43	1005	44	1083	45	1068	46	1074	47	1055	48	1050	49	1060	
	0	1083	1	1080	2	1098	3	1040	4	1054	5	1022	6	1100	7	1080	8	1060	9	1083	10	1005	11	1071	12	1065	13	1044	14	1021	15	1048	16	1087	17	1092	18	1025	19	1027	20	1044	21	1083	22	1089	23	1047	24	1025	25	1071	26	1074	27	1096	28	1039	29	1043	30	1094	31	1051	32	1063	33	1045	34	1029	35	1027	36	1046	37	1054	38	1066	39	1015	40	1043	41	1076	42	1092	43	1062	44	1088	45	1059	46	1032	47	1065	48	1007	49	1077	
	0	1011	1	1000	2	1037	3	1056	4	1069	5	1100	6	1052	7	1059	8	1042	9	1012	10	1048	11	1025	12	1050	13	1098	14	1077	15	1020	16	1091	17	1027	18	1010	19	1016	20	1006	21	1097	22	1005	23	1087	24	1080	25	1091	26	1058	27	1080	28	1051	29	1005	30	1000	31	1001	32	1039	33	1048	34	1057	35	1046	36	1003	37	1032	38	1035	39	1049	40	1053	41	1028	42	1047	43	1040	44	1098	45	1029	46	1070	47	1033	48	1035	49	1004	
	0	1047	1	1050	2	1049	3	1041	4	1026	5	1010	6	1028	7	1007	8	1044	9	1033	10	1021	11	1036	12	1080	13	1038	14	1023	15	1080	16	1003	17	1094	18	1047	19	1018	20	1040	21	1080	22	1014	23	1035	24	1044	25	1013	26	1020	27	1038	28	1005	29	1032	30	1076	31	1052	32	1049	33	1035	34	1048	35	1043	36	1063	37	1072	38	1003	39	1073	40	1006	41	1092	42	1086	43	1049	44	1071	45	1064	46	1044	47	1035	48	1077	49	1065	