100 30 1
30
	0	119	1	114	2	117	3	105	4	106	5	112	6	102	7	118	8	108	9	118	10	110	11	117	12	119	13	103	14	101	15	109	16	103	17	111	18	103	19	117	20	120	21	120	22	111	23	114	24	105	25	102	26	120	27	113	28	116	29	104	
	0	110	1	104	2	113	3	115	4	111	5	117	6	106	7	110	8	118	9	112	10	113	11	108	12	102	13	109	14	108	15	117	16	120	17	118	18	103	19	100	20	110	21	103	22	110	23	106	24	110	25	110	26	120	27	101	28	102	29	115	
	0	113	1	114	2	102	3	109	4	112	5	117	6	117	7	118	8	115	9	110	10	102	11	115	12	102	13	103	14	111	15	102	16	119	17	117	18	106	19	107	20	115	21	105	22	104	23	114	24	102	25	109	26	116	27	103	28	115	29	120	
	0	119	1	113	2	103	3	106	4	104	5	111	6	102	7	115	8	117	9	120	10	105	11	111	12	110	13	120	14	116	15	116	16	111	17	104	18	108	19	110	20	104	21	101	22	103	23	113	24	105	25	104	26	116	27	103	28	111	29	110	
	0	108	1	107	2	106	3	104	4	115	5	116	6	120	7	109	8	101	9	111	10	103	11	103	12	103	13	106	14	116	15	117	16	116	17	101	18	115	19	112	20	105	21	113	22	112	23	103	24	105	25	105	26	109	27	105	28	116	29	110	
	0	113	1	115	2	105	3	107	4	120	5	100	6	105	7	104	8	120	9	109	10	112	11	112	12	106	13	118	14	102	15	120	16	101	17	100	18	106	19	115	20	110	21	117	22	110	23	113	24	106	25	115	26	106	27	105	28	105	29	105	
	0	100	1	111	2	108	3	106	4	103	5	111	6	100	7	111	8	106	9	119	10	120	11	108	12	115	13	116	14	102	15	111	16	113	17	111	18	108	19	114	20	111	21	110	22	104	23	110	24	102	25	113	26	108	27	117	28	103	29	111	
	0	103	1	115	2	109	3	112	4	116	5	114	6	113	7	119	8	119	9	103	10	117	11	108	12	114	13	117	14	101	15	109	16	120	17	110	18	119	19	102	20	112	21	115	22	116	23	109	24	101	25	106	26	104	27	102	28	106	29	120	
	0	113	1	100	2	101	3	102	4	103	5	112	6	113	7	103	8	107	9	112	10	114	11	120	12	119	13	100	14	103	15	105	16	114	17	111	18	111	19	109	20	117	21	101	22	116	23	106	24	117	25	105	26	118	27	107	28	120	29	115	
	0	110	1	120	2	109	3	102	4	116	5	114	6	112	7	120	8	105	9	116	10	116	11	113	12	111	13	107	14	104	15	106	16	109	17	110	18	116	19	103	20	111	21	117	22	110	23	117	24	115	25	113	26	112	27	108	28	106	29	118	
	0	115	1	120	2	118	3	109	4	101	5	105	6	101	7	109	8	120	9	112	10	103	11	118	12	108	13	115	14	106	15	103	16	101	17	112	18	116	19	115	20	114	21	117	22	111	23	116	24	103	25	115	26	104	27	104	28	113	29	102	
	0	115	1	101	2	115	3	120	4	107	5	117	6	103	7	115	8	108	9	112	10	110	11	110	12	114	13	107	14	118	15	117	16	100	17	106	18	101	19	112	20	108	21	117	22	103	23	119	24	103	25	103	26	110	27	107	28	113	29	119	
	0	109	1	104	2	112	3	101	4	120	5	103	6	111	7	110	8	100	9	106	10	119	11	113	12	104	13	107	14	105	15	117	16	115	17	101	18	103	19	105	20	105	21	108	22	106	23	113	24	100	25	109	26	100	27	114	28	114	29	118	
	0	113	1	116	2	107	3	119	4	103	5	117	6	116	7	116	8	115	9	102	10	116	11	102	12	100	13	114	14	112	15	104	16	113	17	114	18	110	19	101	20	106	21	103	22	114	23	115	24	103	25	116	26	102	27	120	28	100	29	106	
	0	100	1	112	2	108	3	114	4	106	5	106	6	102	7	112	8	108	9	120	10	116	11	113	12	108	13	118	14	120	15	116	16	120	17	117	18	100	19	115	20	118	21	109	22	101	23	105	24	104	25	119	26	110	27	117	28	117	29	101	
	0	101	1	120	2	106	3	108	4	104	5	109	6	111	7	119	8	119	9	102	10	100	11	101	12	114	13	100	14	117	15	120	16	105	17	102	18	116	19	103	20	120	21	100	22	103	23	120	24	105	25	101	26	100	27	103	28	102	29	109	
	0	114	1	109	2	113	3	109	4	108	5	117	6	105	7	105	8	110	9	118	10	110	11	101	12	101	13	105	14	107	15	109	16	111	17	104	18	109	19	119	20	118	21	101	22	118	23	110	24	105	25	101	26	117	27	113	28	102	29	102	
	0	113	1	108	2	104	3	105	4	117	5	108	6	118	7	114	8	115	9	105	10	120	11	100	12	105	13	105	14	114	15	119	16	110	17	110	18	114	19	102	20	105	21	120	22	104	23	113	24	107	25	118	26	116	27	115	28	103	29	118	
	0	113	1	116	2	117	3	107	4	119	5	120	6	119	7	107	8	103	9	106	10	120	11	105	12	110	13	101	14	112	15	108	16	105	17	114	18	110	19	117	20	117	21	100	22	108	23	111	24	109	25	110	26	112	27	106	28	104	29	111	
	0	114	1	108	2	107	3	120	4	103	5	112	6	109	7	109	8	111	9	115	10	104	11	119	12	108	13	119	14	117	15	107	16	107	17	114	18	115	19	102	20	112	21	112	22	116	23	118	24	116	25	106	26	104	27	112	28	109	29	119	
	0	115	1	114	2	105	3	119	4	116	5	105	6	103	7	114	8	118	9	102	10	114	11	120	12	118	13	116	14	114	15	116	16	110	17	107	18	119	19	111	20	114	21	116	22	119	23	109	24	113	25	106	26	120	27	102	28	113	29	102	
	0	108	1	107	2	114	3	109	4	120	5	106	6	105	7	100	8	106	9	106	10	110	11	114	12	107	13	119	14	105	15	114	16	120	17	119	18	109	19	100	20	116	21	108	22	108	23	110	24	117	25	104	26	103	27	103	28	112	29	102	
	0	105	1	110	2	109	3	108	4	105	5	112	6	111	7	105	8	116	9	104	10	113	11	119	12	118	13	119	14	120	15	110	16	114	17	119	18	117	19	120	20	119	21	100	22	104	23	106	24	109	25	114	26	103	27	102	28	104	29	119	
	0	118	1	115	2	100	3	104	4	118	5	118	6	110	7	102	8	111	9	116	10	113	11	102	12	115	13	111	14	105	15	114	16	105	17	108	18	102	19	116	20	108	21	104	22	102	23	102	24	107	25	108	26	113	27	103	28	114	29	108	
	0	114	1	106	2	105	3	117	4	107	5	113	6	105	7	107	8	105	9	110	10	113	11	112	12	109	13	102	14	102	15	118	16	120	17	108	18	116	19	106	20	110	21	116	22	114	23	112	24	118	25	112	26	119	27	110	28	113	29	116	
	0	115	1	104	2	101	3	109	4	116	5	107	6	101	7	116	8	114	9	103	10	119	11	107	12	116	13	116	14	106	15	101	16	111	17	104	18	101	19	120	20	109	21	100	22	119	23	115	24	113	25	113	26	114	27	112	28	116	29	117	
	0	113	1	100	2	119	3	116	4	101	5	116	6	104	7	119	8	104	9	110	10	103	11	108	12	112	13	117	14	116	15	115	16	112	17	119	18	110	19	104	20	101	21	105	22	105	23	120	24	114	25	119	26	102	27	109	28	114	29	115	
	0	102	1	103	2	117	3	107	4	104	5	100	6	109	7	102	8	106	9	101	10	101	11	116	12	120	13	103	14	120	15	110	16	115	17	116	18	104	19	120	20	118	21	116	22	119	23	112	24	107	25	117	26	103	27	113	28	109	29	103	
	0	116	1	111	2	106	3	112	4	113	5	111	6	120	7	106	8	101	9	103	10	119	11	103	12	111	13	116	14	116	15	107	16	109	17	110	18	110	19	115	20	102	21	104	22	107	23	115	24	101	25	107	26	120	27	106	28	117	29	108	
	0	111	1	106	2	114	3	114	4	108	5	112	6	106	7	113	8	114	9	117	10	115	11	107	12	112	13	110	14	117	15	113	16	102	17	113	18	118	19	114	20	104	21	107	22	101	23	106	24	108	25	108	26	117	27	106	28	115	29	111	
	0	120	1	105	2	115	3	113	4	118	5	116	6	120	7	117	8	118	9	105	10	111	11	102	12	117	13	115	14	101	15	111	16	107	17	104	18	119	19	102	20	108	21	115	22	113	23	108	24	116	25	117	26	106	27	119	28	112	29	119	
	0	101	1	118	2	114	3	105	4	107	5	119	6	107	7	113	8	119	9	115	10	111	11	102	12	112	13	102	14	120	15	103	16	115	17	102	18	103	19	113	20	107	21	104	22	110	23	108	24	115	25	103	26	111	27	102	28	111	29	108	
	0	111	1	104	2	107	3	101	4	111	5	113	6	104	7	118	8	100	9	101	10	119	11	117	12	111	13	110	14	116	15	100	16	104	17	114	18	120	19	115	20	107	21	109	22	111	23	116	24	104	25	108	26	100	27	105	28	105	29	119	
	0	107	1	118	2	116	3	100	4	119	5	110	6	116	7	113	8	120	9	120	10	106	11	112	12	100	13	117	14	120	15	113	16	103	17	102	18	113	19	120	20	118	21	110	22	100	23	112	24	104	25	113	26	114	27	104	28	112	29	119	
	0	102	1	112	2	115	3	114	4	117	5	100	6	117	7	101	8	117	9	108	10	110	11	114	12	115	13	107	14	110	15	120	16	103	17	101	18	116	19	117	20	119	21	112	22	101	23	115	24	105	25	115	26	107	27	100	28	117	29	113	
	0	103	1	100	2	120	3	110	4	114	5	105	6	117	7	112	8	101	9	112	10	108	11	120	12	107	13	108	14	112	15	114	16	101	17	101	18	119	19	119	20	108	21	112	22	110	23	102	24	106	25	114	26	107	27	117	28	108	29	110	
	0	118	1	110	2	108	3	117	4	104	5	106	6	104	7	113	8	112	9	120	10	108	11	106	12	102	13	118	14	109	15	113	16	109	17	120	18	117	19	114	20	105	21	100	22	101	23	113	24	116	25	110	26	103	27	101	28	116	29	105	
	0	102	1	101	2	114	3	100	4	108	5	114	6	116	7	115	8	115	9	120	10	118	11	113	12	110	13	120	14	114	15	105	16	119	17	118	18	102	19	115	20	100	21	106	22	104	23	113	24	114	25	107	26	116	27	101	28	115	29	106	
	0	103	1	101	2	107	3	117	4	105	5	113	6	109	7	119	8	120	9	119	10	106	11	110	12	108	13	113	14	108	15	114	16	119	17	110	18	109	19	100	20	102	21	105	22	101	23	102	24	109	25	115	26	100	27	104	28	117	29	112	
	0	120	1	118	2	100	3	107	4	102	5	101	6	108	7	117	8	120	9	117	10	101	11	110	12	102	13	120	14	104	15	116	16	120	17	111	18	114	19	106	20	104	21	110	22	109	23	106	24	108	25	110	26	100	27	111	28	105	29	104	
	0	102	1	100	2	106	3	111	4	114	5	111	6	115	7	113	8	108	9	104	10	114	11	115	12	103	13	114	14	105	15	120	16	105	17	118	18	119	19	120	20	115	21	120	22	108	23	102	24	115	25	114	26	105	27	105	28	107	29	114	
	0	107	1	120	2	115	3	103	4	111	5	104	6	107	7	107	8	106	9	100	10	117	11	119	12	119	13	101	14	115	15	108	16	115	17	108	18	110	19	114	20	113	21	112	22	103	23	114	24	116	25	113	26	109	27	109	28	113	29	112	
	0	108	1	119	2	100	3	112	4	108	5	105	6	117	7	112	8	107	9	109	10	102	11	111	12	110	13	101	14	113	15	107	16	116	17	110	18	110	19	103	20	120	21	103	22	119	23	120	24	114	25	119	26	110	27	112	28	109	29	120	
	0	112	1	112	2	102	3	115	4	112	5	119	6	118	7	106	8	106	9	113	10	106	11	107	12	117	13	100	14	100	15	107	16	101	17	118	18	113	19	113	20	112	21	104	22	108	23	107	24	113	25	118	26	114	27	112	28	110	29	110	
	0	105	1	116	2	120	3	117	4	110	5	117	6	111	7	110	8	100	9	112	10	119	11	111	12	112	13	113	14	116	15	100	16	101	17	100	18	102	19	101	20	119	21	108	22	110	23	111	24	102	25	119	26	114	27	118	28	120	29	118	
	0	112	1	119	2	111	3	103	4	115	5	105	6	113	7	119	8	103	9	100	10	116	11	118	12	105	13	112	14	113	15	119	16	114	17	112	18	116	19	100	20	118	21	109	22	101	23	115	24	110	25	103	26	102	27	103	28	104	29	111	
	0	114	1	105	2	120	3	114	4	112	5	105	6	105	7	115	8	119	9	119	10	104	11	114	12	108	13	105	14	103	15	107	16	101	17	115	18	102	19	114	20	100	21	118	22	109	23	107	24	117	25	120	26	104	27	104	28	102	29	103	
	0	119	1	113	2	111	3	114	4	117	5	108	6	109	7	118	8	109	9	112	10	104	11	114	12	106	13	112	14	103	15	104	16	104	17	108	18	104	19	111	20	106	21	108	22	112	23	109	24	104	25	105	26	102	27	107	28	101	29	108	
	0	114	1	103	2	103	3	116	4	107	5	112	6	114	7	106	8	110	9	102	10	114	11	114	12	115	13	107	14	104	15	104	16	113	17	107	18	104	19	115	20	105	21	115	22	103	23	103	24	108	25	114	26	101	27	110	28	106	29	100	
	0	113	1	118	2	117	3	118	4	117	5	116	6	118	7	114	8	113	9	115	10	111	11	102	12	103	13	102	14	103	15	104	16	108	17	118	18	102	19	102	20	113	21	109	22	115	23	108	24	115	25	102	26	110	27	116	28	107	29	118	
	0	100	1	112	2	108	3	112	4	107	5	109	6	115	7	103	8	109	9	115	10	103	11	108	12	113	13	116	14	103	15	100	16	102	17	108	18	104	19	102	20	116	21	115	22	100	23	108	24	104	25	108	26	114	27	117	28	110	29	100	
	0	116	1	116	2	111	3	119	4	105	5	104	6	109	7	107	8	107	9	116	10	118	11	105	12	109	13	115	14	101	15	100	16	104	17	114	18	105	19	111	20	117	21	108	22	112	23	111	24	111	25	102	26	107	27	103	28	116	29	117	
	0	102	1	111	2	105	3	119	4	115	5	105	6	113	7	114	8	109	9	100	10	106	11	108	12	118	13	109	14	111	15	111	16	106	17	114	18	111	19	110	20	118	21	108	22	100	23	103	24	109	25	118	26	101	27	100	28	112	29	110	
	0	105	1	102	2	111	3	109	4	105	5	117	6	114	7	111	8	117	9	114	10	112	11	120	12	115	13	104	14	107	15	118	16	108	17	113	18	109	19	110	20	109	21	103	22	103	23	108	24	111	25	110	26	106	27	112	28	105	29	114	
	0	113	1	115	2	101	3	117	4	118	5	103	6	107	7	112	8	118	9	108	10	110	11	116	12	119	13	103	14	116	15	100	16	102	17	119	18	107	19	119	20	107	21	106	22	117	23	107	24	120	25	120	26	103	27	118	28	101	29	104	
	0	106	1	113	2	115	3	118	4	102	5	113	6	101	7	110	8	120	9	103	10	109	11	111	12	114	13	111	14	115	15	103	16	100	17	101	18	115	19	116	20	116	21	101	22	100	23	115	24	113	25	101	26	100	27	120	28	102	29	101	
	0	109	1	120	2	112	3	102	4	113	5	107	6	116	7	103	8	117	9	114	10	109	11	111	12	111	13	105	14	107	15	114	16	100	17	120	18	102	19	114	20	105	21	102	22	119	23	115	24	107	25	119	26	108	27	100	28	105	29	110	
	0	115	1	113	2	119	3	107	4	109	5	115	6	119	7	115	8	101	9	104	10	118	11	102	12	105	13	120	14	116	15	113	16	114	17	109	18	112	19	108	20	118	21	115	22	113	23	114	24	114	25	116	26	113	27	120	28	120	29	119	
	0	101	1	109	2	111	3	106	4	106	5	107	6	109	7	120	8	115	9	100	10	117	11	111	12	108	13	119	14	110	15	108	16	114	17	102	18	110	19	110	20	114	21	115	22	110	23	110	24	111	25	110	26	100	27	119	28	110	29	112	
	0	105	1	100	2	105	3	102	4	100	5	104	6	118	7	113	8	100	9	100	10	120	11	110	12	111	13	116	14	110	15	119	16	107	17	104	18	107	19	104	20	103	21	100	22	107	23	106	24	109	25	109	26	101	27	113	28	104	29	108	
	0	110	1	120	2	111	3	118	4	120	5	106	6	112	7	101	8	101	9	118	10	103	11	110	12	110	13	118	14	107	15	117	16	119	17	105	18	104	19	100	20	103	21	113	22	107	23	110	24	108	25	105	26	103	27	114	28	112	29	108	
	0	114	1	117	2	118	3	101	4	100	5	104	6	120	7	100	8	104	9	113	10	111	11	118	12	116	13	101	14	116	15	114	16	112	17	116	18	106	19	109	20	118	21	113	22	111	23	117	24	104	25	104	26	107	27	107	28	116	29	105	
	0	112	1	118	2	105	3	108	4	108	5	116	6	117	7	108	8	106	9	103	10	119	11	118	12	110	13	102	14	116	15	107	16	100	17	115	18	120	19	107	20	109	21	119	22	108	23	110	24	108	25	114	26	106	27	114	28	109	29	101	
	0	112	1	117	2	112	3	112	4	107	5	106	6	103	7	109	8	113	9	112	10	112	11	119	12	116	13	112	14	105	15	116	16	107	17	115	18	111	19	117	20	111	21	103	22	102	23	106	24	103	25	112	26	114	27	107	28	114	29	105	
	0	120	1	118	2	111	3	106	4	111	5	119	6	118	7	113	8	112	9	111	10	120	11	114	12	108	13	115	14	103	15	103	16	117	17	115	18	113	19	106	20	106	21	119	22	106	23	110	24	108	25	120	26	109	27	118	28	116	29	109	
	0	109	1	110	2	103	3	101	4	103	5	108	6	105	7	100	8	110	9	119	10	104	11	109	12	100	13	103	14	105	15	100	16	120	17	113	18	115	19	117	20	103	21	118	22	105	23	117	24	107	25	119	26	118	27	119	28	107	29	103	
	0	120	1	119	2	100	3	100	4	104	5	104	6	101	7	102	8	111	9	112	10	117	11	103	12	113	13	116	14	113	15	120	16	108	17	119	18	110	19	107	20	108	21	110	22	110	23	100	24	118	25	119	26	104	27	106	28	101	29	101	
	0	102	1	100	2	120	3	119	4	105	5	111	6	119	7	119	8	116	9	102	10	103	11	107	12	114	13	117	14	108	15	106	16	114	17	106	18	118	19	106	20	106	21	113	22	118	23	107	24	115	25	112	26	115	27	120	28	113	29	109	
	0	106	1	100	2	110	3	108	4	101	5	100	6	114	7	118	8	110	9	113	10	117	11	111	12	104	13	114	14	120	15	105	16	107	17	110	18	119	19	115	20	105	21	115	22	119	23	118	24	103	25	105	26	112	27	111	28	100	29	119	
	0	102	1	120	2	108	3	119	4	114	5	119	6	105	7	109	8	111	9	107	10	120	11	119	12	103	13	113	14	101	15	103	16	102	17	113	18	106	19	100	20	114	21	103	22	101	23	115	24	111	25	107	26	114	27	115	28	110	29	112	
	0	114	1	116	2	116	3	118	4	102	5	112	6	110	7	120	8	113	9	117	10	116	11	119	12	100	13	119	14	110	15	105	16	100	17	100	18	102	19	100	20	102	21	106	22	110	23	112	24	116	25	107	26	105	27	116	28	118	29	104	
	0	100	1	110	2	106	3	118	4	112	5	100	6	117	7	116	8	108	9	103	10	119	11	117	12	102	13	111	14	119	15	108	16	101	17	113	18	106	19	120	20	119	21	114	22	108	23	105	24	101	25	101	26	103	27	100	28	103	29	112	
	0	102	1	109	2	109	3	104	4	107	5	104	6	118	7	115	8	119	9	117	10	105	11	106	12	119	13	119	14	113	15	119	16	102	17	101	18	104	19	114	20	105	21	117	22	112	23	104	24	110	25	108	26	105	27	101	28	108	29	101	
	0	110	1	106	2	107	3	106	4	100	5	107	6	107	7	113	8	116	9	101	10	113	11	101	12	119	13	116	14	119	15	112	16	118	17	108	18	114	19	113	20	105	21	116	22	118	23	111	24	117	25	107	26	102	27	104	28	118	29	103	
	0	103	1	114	2	100	3	112	4	108	5	119	6	120	7	106	8	119	9	111	10	107	11	103	12	107	13	114	14	101	15	110	16	111	17	120	18	108	19	114	20	119	21	102	22	111	23	109	24	118	25	108	26	106	27	117	28	103	29	107	
	0	116	1	111	2	116	3	100	4	110	5	103	6	115	7	120	8	101	9	109	10	113	11	102	12	102	13	113	14	116	15	120	16	107	17	102	18	113	19	117	20	108	21	118	22	112	23	113	24	110	25	105	26	111	27	105	28	103	29	106	
	0	100	1	107	2	113	3	115	4	107	5	116	6	111	7	113	8	117	9	104	10	101	11	118	12	113	13	120	14	112	15	104	16	105	17	110	18	104	19	115	20	107	21	105	22	108	23	115	24	106	25	111	26	102	27	107	28	113	29	112	
	0	111	1	108	2	102	3	104	4	116	5	117	6	102	7	119	8	108	9	101	10	110	11	112	12	106	13	114	14	108	15	112	16	115	17	113	18	115	19	106	20	118	21	107	22	104	23	100	24	117	25	109	26	114	27	116	28	100	29	108	
	0	116	1	101	2	119	3	110	4	119	5	119	6	106	7	117	8	118	9	116	10	109	11	106	12	112	13	102	14	108	15	105	16	109	17	118	18	110	19	115	20	111	21	100	22	108	23	110	24	109	25	104	26	102	27	117	28	113	29	118	
	0	109	1	110	2	111	3	101	4	116	5	104	6	109	7	117	8	108	9	114	10	112	11	103	12	114	13	108	14	102	15	116	16	111	17	103	18	104	19	118	20	118	21	101	22	116	23	104	24	118	25	108	26	119	27	118	28	110	29	112	
	0	110	1	108	2	109	3	102	4	115	5	119	6	111	7	108	8	110	9	113	10	111	11	111	12	103	13	118	14	111	15	113	16	101	17	113	18	119	19	104	20	106	21	110	22	101	23	104	24	103	25	108	26	116	27	112	28	110	29	110	
	0	101	1	120	2	110	3	114	4	104	5	101	6	109	7	114	8	103	9	112	10	107	11	117	12	100	13	102	14	103	15	106	16	109	17	111	18	114	19	103	20	114	21	115	22	101	23	105	24	100	25	119	26	119	27	111	28	111	29	119	
	0	106	1	103	2	102	3	105	4	103	5	115	6	109	7	100	8	101	9	102	10	108	11	107	12	120	13	107	14	100	15	112	16	112	17	106	18	104	19	106	20	113	21	109	22	103	23	116	24	108	25	103	26	119	27	108	28	101	29	104	
	0	115	1	106	2	111	3	115	4	104	5	107	6	101	7	115	8	110	9	111	10	120	11	112	12	103	13	120	14	109	15	118	16	105	17	112	18	101	19	100	20	112	21	102	22	115	23	115	24	115	25	111	26	118	27	120	28	113	29	106	
	0	113	1	101	2	117	3	108	4	107	5	114	6	106	7	109	8	104	9	105	10	101	11	106	12	106	13	120	14	116	15	113	16	112	17	115	18	112	19	112	20	109	21	114	22	112	23	117	24	112	25	107	26	107	27	120	28	109	29	119	
	0	108	1	120	2	104	3	102	4	117	5	114	6	118	7	102	8	113	9	111	10	106	11	109	12	104	13	115	14	115	15	102	16	114	17	116	18	116	19	120	20	105	21	110	22	120	23	100	24	110	25	117	26	107	27	106	28	115	29	116	
	0	106	1	101	2	100	3	116	4	104	5	114	6	105	7	111	8	111	9	103	10	106	11	115	12	111	13	118	14	109	15	115	16	111	17	109	18	114	19	116	20	120	21	108	22	114	23	119	24	117	25	118	26	109	27	118	28	108	29	109	
	0	116	1	112	2	114	3	116	4	114	5	113	6	101	7	116	8	113	9	114	10	103	11	104	12	100	13	110	14	108	15	117	16	112	17	115	18	119	19	100	20	119	21	120	22	117	23	117	24	120	25	118	26	118	27	119	28	114	29	100	
	0	118	1	102	2	113	3	114	4	114	5	101	6	109	7	106	8	119	9	108	10	118	11	119	12	114	13	120	14	102	15	113	16	110	17	105	18	113	19	117	20	107	21	114	22	105	23	116	24	120	25	102	26	120	27	119	28	116	29	112	
	0	116	1	110	2	106	3	120	4	109	5	105	6	104	7	102	8	111	9	109	10	120	11	112	12	120	13	103	14	112	15	102	16	107	17	118	18	103	19	104	20	107	21	119	22	100	23	100	24	117	25	100	26	120	27	107	28	114	29	106	
	0	105	1	117	2	110	3	111	4	120	5	107	6	100	7	119	8	116	9	114	10	111	11	115	12	120	13	117	14	117	15	104	16	106	17	118	18	101	19	100	20	109	21	115	22	115	23	120	24	110	25	110	26	119	27	119	28	100	29	117	
	0	106	1	101	2	118	3	112	4	115	5	106	6	111	7	110	8	101	9	120	10	105	11	107	12	103	13	119	14	117	15	109	16	110	17	114	18	108	19	116	20	119	21	101	22	104	23	107	24	101	25	105	26	111	27	119	28	103	29	113	
	0	111	1	111	2	118	3	107	4	104	5	105	6	111	7	117	8	103	9	111	10	112	11	108	12	108	13	101	14	111	15	113	16	100	17	100	18	111	19	116	20	114	21	108	22	118	23	110	24	105	25	116	26	103	27	112	28	114	29	118	
	0	117	1	115	2	117	3	110	4	109	5	120	6	108	7	112	8	116	9	114	10	106	11	101	12	102	13	102	14	105	15	102	16	109	17	106	18	105	19	103	20	111	21	112	22	117	23	119	24	100	25	118	26	113	27	105	28	117	29	110	
	0	103	1	101	2	116	3	109	4	112	5	106	6	120	7	105	8	102	9	102	10	106	11	104	12	108	13	119	14	102	15	111	16	107	17	105	18	104	19	108	20	104	21	118	22	102	23	114	24	107	25	103	26	119	27	110	28	120	29	105	
	0	119	1	119	2	113	3	116	4	114	5	110	6	116	7	104	8	108	9	117	10	108	11	100	12	101	13	100	14	116	15	103	16	103	17	120	18	120	19	117	20	120	21	103	22	102	23	101	24	115	25	102	26	100	27	118	28	103	29	109	
	0	100	1	108	2	106	3	112	4	114	5	114	6	105	7	100	8	105	9	107	10	111	11	101	12	119	13	103	14	119	15	104	16	106	17	111	18	114	19	103	20	108	21	100	22	111	23	119	24	104	25	111	26	119	27	120	28	118	29	101	
	0	118	1	100	2	107	3	106	4	114	5	100	6	117	7	105	8	115	9	116	10	108	11	100	12	113	13	105	14	105	15	115	16	108	17	100	18	120	19	116	20	119	21	101	22	101	23	119	24	107	25	116	26	119	27	120	28	119	29	107	
	0	109	1	113	2	115	3	113	4	120	5	111	6	100	7	111	8	105	9	116	10	105	11	107	12	107	13	110	14	104	15	102	16	101	17	106	18	114	19	120	20	107	21	119	22	115	23	110	24	105	25	108	26	111	27	107	28	107	29	103	
	0	107	1	101	2	113	3	120	4	114	5	113	6	109	7	118	8	113	9	114	10	119	11	111	12	120	13	108	14	105	15	110	16	110	17	110	18	114	19	117	20	118	21	113	22	114	23	116	24	108	25	109	26	116	27	113	28	120	29	109	