100 40 1
40
	0	118	1	117	2	101	3	117	4	118	5	105	6	100	7	102	8	103	9	117	10	103	11	120	12	119	13	111	14	120	15	116	16	105	17	109	18	114	19	119	20	102	21	114	22	120	23	118	24	114	25	115	26	105	27	115	28	119	29	105	30	119	31	103	32	100	33	115	34	101	35	106	36	113	37	115	38	100	39	101	
	0	111	1	120	2	113	3	104	4	114	5	111	6	104	7	114	8	113	9	104	10	105	11	109	12	117	13	102	14	106	15	107	16	103	17	114	18	115	19	105	20	117	21	108	22	116	23	108	24	106	25	116	26	110	27	101	28	104	29	117	30	114	31	112	32	115	33	105	34	105	35	113	36	113	37	117	38	118	39	101	
	0	103	1	118	2	106	3	103	4	103	5	107	6	120	7	108	8	109	9	110	10	104	11	116	12	111	13	108	14	118	15	105	16	112	17	113	18	108	19	103	20	102	21	113	22	111	23	113	24	111	25	102	26	114	27	118	28	108	29	114	30	111	31	118	32	112	33	116	34	111	35	117	36	112	37	108	38	111	39	109	
	0	120	1	101	2	120	3	105	4	101	5	105	6	100	7	117	8	112	9	109	10	110	11	113	12	110	13	113	14	102	15	111	16	114	17	114	18	100	19	106	20	104	21	114	22	106	23	102	24	103	25	119	26	108	27	114	28	109	29	116	30	109	31	117	32	120	33	119	34	102	35	106	36	118	37	109	38	103	39	115	
	0	120	1	112	2	101	3	101	4	119	5	120	6	100	7	117	8	119	9	101	10	106	11	115	12	115	13	104	14	103	15	104	16	107	17	107	18	103	19	111	20	112	21	114	22	120	23	108	24	112	25	105	26	119	27	119	28	114	29	108	30	110	31	110	32	102	33	109	34	117	35	101	36	116	37	116	38	110	39	111	
	0	107	1	104	2	117	3	101	4	118	5	114	6	106	7	114	8	109	9	114	10	111	11	106	12	119	13	107	14	108	15	120	16	104	17	116	18	115	19	104	20	100	21	118	22	116	23	114	24	100	25	106	26	110	27	113	28	116	29	104	30	101	31	119	32	118	33	103	34	109	35	117	36	113	37	104	38	100	39	108	
	0	116	1	105	2	118	3	118	4	110	5	118	6	107	7	107	8	107	9	100	10	113	11	114	12	120	13	116	14	108	15	110	16	103	17	106	18	111	19	103	20	109	21	113	22	113	23	115	24	119	25	118	26	116	27	107	28	102	29	112	30	107	31	108	32	106	33	101	34	100	35	110	36	104	37	106	38	104	39	101	
	0	104	1	113	2	111	3	105	4	107	5	112	6	101	7	111	8	106	9	102	10	117	11	113	12	116	13	118	14	107	15	108	16	109	17	108	18	115	19	112	20	109	21	119	22	100	23	103	24	100	25	116	26	118	27	109	28	102	29	107	30	119	31	116	32	101	33	109	34	115	35	117	36	102	37	107	38	120	39	103	
	0	105	1	112	2	109	3	118	4	118	5	101	6	110	7	118	8	118	9	117	10	102	11	105	12	105	13	115	14	107	15	103	16	106	17	117	18	117	19	110	20	110	21	112	22	117	23	104	24	115	25	114	26	105	27	113	28	119	29	103	30	100	31	118	32	102	33	100	34	117	35	117	36	104	37	108	38	114	39	116	
	0	108	1	109	2	112	3	104	4	101	5	106	6	109	7	114	8	120	9	103	10	118	11	105	12	118	13	117	14	108	15	109	16	105	17	105	18	109	19	100	20	102	21	112	22	120	23	111	24	114	25	112	26	116	27	112	28	120	29	107	30	120	31	106	32	112	33	104	34	109	35	119	36	113	37	118	38	115	39	115	
	0	114	1	118	2	119	3	104	4	100	5	117	6	103	7	107	8	107	9	103	10	114	11	102	12	113	13	110	14	110	15	102	16	107	17	112	18	120	19	104	20	105	21	106	22	104	23	100	24	103	25	105	26	107	27	116	28	109	29	101	30	105	31	104	32	104	33	112	34	102	35	120	36	101	37	104	38	103	39	116	
	0	119	1	108	2	105	3	114	4	111	5	113	6	100	7	117	8	119	9	112	10	107	11	114	12	117	13	109	14	118	15	114	16	107	17	113	18	115	19	114	20	108	21	119	22	100	23	104	24	104	25	102	26	118	27	110	28	112	29	103	30	110	31	104	32	100	33	114	34	105	35	103	36	109	37	100	38	120	39	112	
	0	101	1	113	2	109	3	106	4	119	5	106	6	116	7	116	8	119	9	106	10	119	11	111	12	108	13	119	14	120	15	104	16	114	17	101	18	114	19	116	20	102	21	110	22	102	23	109	24	113	25	113	26	111	27	117	28	102	29	104	30	109	31	111	32	116	33	114	34	107	35	116	36	115	37	109	38	102	39	103	
	0	112	1	102	2	104	3	101	4	119	5	107	6	106	7	103	8	118	9	103	10	120	11	103	12	104	13	100	14	114	15	120	16	119	17	103	18	103	19	102	20	104	21	120	22	119	23	105	24	109	25	105	26	110	27	100	28	100	29	100	30	103	31	115	32	102	33	116	34	105	35	114	36	110	37	100	38	105	39	114	
	0	100	1	107	2	116	3	114	4	106	5	117	6	101	7	119	8	101	9	113	10	105	11	120	12	118	13	119	14	101	15	106	16	116	17	118	18	119	19	100	20	119	21	117	22	108	23	109	24	111	25	107	26	112	27	106	28	106	29	116	30	109	31	116	32	114	33	112	34	113	35	100	36	105	37	116	38	118	39	118	
	0	112	1	116	2	105	3	101	4	119	5	119	6	109	7	114	8	108	9	115	10	110	11	111	12	108	13	111	14	107	15	100	16	111	17	117	18	106	19	120	20	112	21	101	22	109	23	120	24	107	25	110	26	109	27	118	28	114	29	108	30	114	31	106	32	106	33	108	34	109	35	107	36	117	37	100	38	119	39	103	
	0	115	1	113	2	108	3	113	4	115	5	109	6	111	7	105	8	101	9	113	10	109	11	111	12	119	13	108	14	118	15	113	16	107	17	103	18	120	19	100	20	103	21	106	22	108	23	101	24	112	25	118	26	104	27	108	28	111	29	103	30	105	31	115	32	113	33	107	34	115	35	107	36	116	37	101	38	111	39	120	
	0	106	1	115	2	118	3	104	4	100	5	107	6	114	7	115	8	108	9	113	10	104	11	105	12	112	13	107	14	102	15	107	16	113	17	110	18	117	19	115	20	109	21	119	22	115	23	118	24	115	25	110	26	102	27	106	28	111	29	116	30	108	31	118	32	107	33	104	34	117	35	111	36	115	37	114	38	113	39	116	
	0	100	1	108	2	103	3	102	4	111	5	115	6	115	7	117	8	102	9	114	10	108	11	105	12	114	13	114	14	101	15	109	16	113	17	101	18	116	19	102	20	108	21	103	22	115	23	108	24	110	25	109	26	114	27	105	28	118	29	104	30	101	31	107	32	104	33	101	34	120	35	109	36	111	37	111	38	102	39	119	
	0	109	1	104	2	108	3	117	4	102	5	106	6	101	7	109	8	119	9	110	10	101	11	102	12	101	13	117	14	110	15	114	16	100	17	111	18	118	19	113	20	108	21	106	22	102	23	113	24	119	25	118	26	112	27	110	28	100	29	108	30	106	31	111	32	106	33	103	34	116	35	117	36	109	37	108	38	119	39	102	
	0	117	1	118	2	106	3	112	4	100	5	115	6	118	7	106	8	100	9	101	10	119	11	105	12	100	13	108	14	117	15	116	16	108	17	110	18	102	19	110	20	111	21	117	22	103	23	114	24	103	25	118	26	100	27	112	28	109	29	118	30	117	31	116	32	112	33	119	34	120	35	108	36	101	37	116	38	115	39	107	
	0	105	1	100	2	116	3	116	4	119	5	108	6	111	7	119	8	107	9	119	10	120	11	114	12	111	13	114	14	105	15	117	16	113	17	103	18	114	19	119	20	118	21	106	22	114	23	113	24	102	25	103	26	106	27	115	28	113	29	103	30	120	31	109	32	103	33	117	34	108	35	106	36	119	37	102	38	110	39	104	
	0	101	1	119	2	116	3	109	4	106	5	115	6	104	7	100	8	102	9	107	10	120	11	115	12	120	13	115	14	117	15	109	16	112	17	107	18	101	19	118	20	103	21	101	22	110	23	109	24	113	25	112	26	117	27	119	28	100	29	106	30	119	31	117	32	105	33	105	34	116	35	113	36	115	37	116	38	110	39	116	
	0	117	1	112	2	109	3	115	4	120	5	120	6	116	7	102	8	116	9	120	10	107	11	111	12	107	13	101	14	109	15	119	16	101	17	111	18	113	19	110	20	119	21	101	22	103	23	104	24	114	25	116	26	103	27	115	28	113	29	108	30	109	31	118	32	114	33	119	34	113	35	117	36	113	37	112	38	114	39	120	
	0	111	1	109	2	111	3	103	4	117	5	105	6	113	7	103	8	115	9	112	10	110	11	109	12	117	13	115	14	120	15	118	16	114	17	120	18	107	19	111	20	108	21	118	22	109	23	109	24	103	25	106	26	113	27	105	28	108	29	105	30	108	31	119	32	104	33	113	34	107	35	119	36	103	37	119	38	109	39	107	
	0	104	1	106	2	120	3	119	4	120	5	107	6	112	7	115	8	104	9	104	10	101	11	110	12	106	13	108	14	100	15	100	16	116	17	100	18	100	19	117	20	100	21	108	22	113	23	118	24	115	25	109	26	109	27	112	28	111	29	104	30	109	31	105	32	119	33	120	34	107	35	114	36	104	37	112	38	112	39	120	
	0	102	1	112	2	120	3	104	4	120	5	106	6	106	7	100	8	115	9	120	10	112	11	114	12	118	13	118	14	118	15	119	16	116	17	117	18	101	19	114	20	115	21	113	22	115	23	114	24	106	25	115	26	104	27	116	28	105	29	100	30	111	31	107	32	101	33	120	34	102	35	116	36	107	37	105	38	100	39	111	
	0	102	1	116	2	108	3	110	4	119	5	105	6	107	7	113	8	112	9	101	10	112	11	113	12	120	13	113	14	114	15	111	16	110	17	112	18	109	19	104	20	112	21	100	22	114	23	120	24	112	25	109	26	113	27	119	28	101	29	102	30	118	31	109	32	103	33	104	34	111	35	111	36	102	37	117	38	116	39	111	
	0	107	1	100	2	107	3	112	4	111	5	114	6	116	7	100	8	101	9	116	10	109	11	120	12	118	13	112	14	116	15	114	16	119	17	109	18	115	19	117	20	108	21	108	22	120	23	120	24	105	25	108	26	119	27	107	28	101	29	117	30	100	31	101	32	120	33	111	34	114	35	102	36	118	37	112	38	116	39	104	
	0	100	1	100	2	110	3	118	4	118	5	115	6	107	7	104	8	100	9	111	10	114	11	112	12	116	13	110	14	120	15	105	16	109	17	101	18	119	19	120	20	102	21	107	22	112	23	101	24	111	25	108	26	102	27	103	28	104	29	106	30	115	31	111	32	100	33	107	34	105	35	110	36	102	37	104	38	104	39	114	
	0	100	1	117	2	120	3	111	4	117	5	102	6	100	7	102	8	100	9	104	10	100	11	108	12	103	13	115	14	101	15	105	16	117	17	105	18	107	19	105	20	107	21	103	22	120	23	100	24	108	25	100	26	114	27	120	28	119	29	106	30	119	31	108	32	106	33	108	34	108	35	118	36	107	37	120	38	116	39	106	
	0	112	1	100	2	100	3	118	4	106	5	120	6	110	7	102	8	114	9	105	10	102	11	116	12	114	13	108	14	100	15	107	16	109	17	118	18	107	19	104	20	105	21	105	22	108	23	110	24	113	25	108	26	116	27	114	28	117	29	111	30	105	31	101	32	119	33	119	34	105	35	109	36	110	37	112	38	119	39	110	
	0	118	1	100	2	101	3	120	4	115	5	109	6	116	7	108	8	113	9	113	10	104	11	115	12	119	13	118	14	106	15	105	16	112	17	101	18	103	19	103	20	106	21	106	22	100	23	102	24	103	25	102	26	120	27	109	28	106	29	109	30	108	31	119	32	115	33	102	34	120	35	105	36	102	37	113	38	107	39	102	
	0	111	1	105	2	107	3	109	4	111	5	119	6	108	7	120	8	113	9	101	10	113	11	108	12	115	13	109	14	119	15	117	16	112	17	103	18	113	19	117	20	102	21	108	22	106	23	115	24	119	25	105	26	106	27	118	28	118	29	104	30	109	31	105	32	110	33	103	34	103	35	105	36	116	37	113	38	116	39	110	
	0	116	1	110	2	113	3	113	4	101	5	101	6	112	7	119	8	118	9	104	10	105	11	104	12	103	13	120	14	109	15	111	16	118	17	117	18	104	19	108	20	102	21	114	22	107	23	111	24	112	25	115	26	103	27	111	28	115	29	104	30	102	31	116	32	105	33	107	34	100	35	105	36	104	37	106	38	119	39	117	
	0	108	1	109	2	114	3	118	4	114	5	100	6	103	7	109	8	107	9	103	10	111	11	120	12	120	13	117	14	109	15	114	16	108	17	111	18	107	19	101	20	103	21	120	22	100	23	108	24	101	25	102	26	100	27	108	28	112	29	115	30	113	31	101	32	116	33	106	34	104	35	104	36	110	37	100	38	103	39	110	
	0	102	1	102	2	103	3	106	4	111	5	120	6	100	7	113	8	114	9	119	10	102	11	100	12	119	13	107	14	110	15	112	16	117	17	104	18	116	19	113	20	112	21	102	22	114	23	106	24	110	25	115	26	106	27	106	28	118	29	103	30	111	31	114	32	120	33	108	34	104	35	101	36	115	37	100	38	114	39	113	
	0	107	1	102	2	112	3	114	4	109	5	113	6	119	7	102	8	104	9	114	10	108	11	111	12	107	13	110	14	108	15	116	16	105	17	107	18	118	19	110	20	105	21	104	22	114	23	119	24	115	25	110	26	111	27	114	28	106	29	118	30	102	31	116	32	120	33	107	34	110	35	103	36	112	37	118	38	115	39	115	
	0	102	1	108	2	115	3	104	4	112	5	109	6	105	7	103	8	112	9	109	10	102	11	116	12	108	13	117	14	120	15	111	16	102	17	116	18	117	19	118	20	115	21	117	22	111	23	104	24	111	25	109	26	106	27	117	28	112	29	111	30	113	31	101	32	111	33	106	34	119	35	103	36	109	37	113	38	100	39	116	
	0	117	1	120	2	100	3	104	4	116	5	103	6	108	7	102	8	101	9	114	10	108	11	118	12	118	13	116	14	105	15	115	16	114	17	101	18	107	19	115	20	115	21	102	22	105	23	112	24	101	25	116	26	105	27	103	28	103	29	107	30	109	31	107	32	103	33	117	34	111	35	110	36	101	37	111	38	107	39	116	
	0	105	1	105	2	101	3	107	4	101	5	118	6	120	7	109	8	101	9	111	10	110	11	108	12	108	13	112	14	110	15	107	16	110	17	120	18	115	19	110	20	110	21	105	22	109	23	118	24	111	25	103	26	116	27	120	28	115	29	108	30	102	31	109	32	103	33	109	34	115	35	109	36	101	37	102	38	118	39	108	
	0	110	1	109	2	117	3	100	4	104	5	101	6	101	7	112	8	119	9	113	10	103	11	107	12	105	13	102	14	102	15	109	16	116	17	106	18	109	19	108	20	106	21	115	22	105	23	101	24	101	25	117	26	112	27	112	28	112	29	100	30	100	31	107	32	120	33	100	34	107	35	119	36	103	37	107	38	118	39	113	
	0	111	1	114	2	118	3	116	4	104	5	109	6	107	7	118	8	112	9	117	10	111	11	119	12	113	13	102	14	102	15	104	16	104	17	105	18	107	19	103	20	108	21	110	22	106	23	110	24	111	25	109	26	112	27	105	28	105	29	103	30	119	31	120	32	102	33	113	34	106	35	120	36	102	37	106	38	101	39	108	
	0	119	1	110	2	106	3	106	4	110	5	115	6	108	7	107	8	102	9	112	10	101	11	104	12	104	13	105	14	118	15	112	16	100	17	106	18	103	19	119	20	103	21	101	22	104	23	108	24	114	25	101	26	119	27	114	28	119	29	106	30	115	31	101	32	112	33	114	34	102	35	105	36	120	37	102	38	118	39	117	
	0	103	1	108	2	111	3	114	4	106	5	111	6	101	7	119	8	119	9	105	10	114	11	101	12	110	13	114	14	112	15	108	16	107	17	104	18	102	19	110	20	112	21	118	22	106	23	102	24	100	25	120	26	117	27	112	28	102	29	111	30	105	31	113	32	117	33	112	34	116	35	116	36	111	37	105	38	102	39	105	
	0	105	1	111	2	104	3	108	4	106	5	111	6	119	7	118	8	111	9	104	10	107	11	105	12	104	13	113	14	103	15	115	16	107	17	115	18	117	19	103	20	112	21	117	22	120	23	117	24	111	25	117	26	103	27	105	28	101	29	105	30	118	31	102	32	110	33	118	34	103	35	106	36	102	37	104	38	120	39	115	
	0	111	1	104	2	105	3	109	4	104	5	112	6	102	7	114	8	101	9	101	10	108	11	108	12	105	13	114	14	102	15	106	16	107	17	118	18	113	19	111	20	108	21	111	22	116	23	109	24	120	25	102	26	104	27	101	28	106	29	107	30	105	31	114	32	111	33	118	34	103	35	111	36	100	37	107	38	115	39	104	
	0	102	1	105	2	106	3	113	4	105	5	114	6	117	7	116	8	118	9	113	10	105	11	114	12	108	13	116	14	104	15	103	16	116	17	118	18	100	19	103	20	105	21	110	22	105	23	110	24	115	25	109	26	109	27	100	28	109	29	117	30	102	31	110	32	120	33	104	34	101	35	113	36	118	37	108	38	117	39	119	
	0	103	1	110	2	102	3	119	4	108	5	100	6	112	7	109	8	108	9	106	10	110	11	117	12	115	13	111	14	105	15	103	16	104	17	114	18	109	19	109	20	104	21	110	22	103	23	103	24	108	25	116	26	108	27	115	28	105	29	110	30	110	31	108	32	103	33	110	34	107	35	116	36	119	37	110	38	108	39	113	
	0	104	1	105	2	108	3	105	4	111	5	119	6	118	7	106	8	102	9	106	10	119	11	104	12	116	13	106	14	116	15	103	16	115	17	109	18	111	19	100	20	115	21	111	22	118	23	116	24	110	25	104	26	119	27	110	28	117	29	102	30	107	31	107	32	115	33	104	34	117	35	103	36	115	37	101	38	119	39	110	
	0	110	1	113	2	107	3	103	4	104	5	115	6	116	7	108	8	120	9	103	10	117	11	101	12	114	13	107	14	115	15	113	16	100	17	113	18	105	19	109	20	101	21	108	22	116	23	114	24	102	25	106	26	101	27	104	28	115	29	116	30	107	31	111	32	100	33	110	34	104	35	112	36	105	37	106	38	118	39	114	
	0	114	1	109	2	118	3	101	4	102	5	108	6	116	7	111	8	108	9	117	10	117	11	113	12	113	13	116	14	108	15	113	16	115	17	119	18	116	19	110	20	109	21	107	22	117	23	101	24	119	25	107	26	110	27	109	28	106	29	101	30	108	31	115	32	101	33	111	34	110	35	120	36	110	37	115	38	105	39	109	
	0	111	1	113	2	116	3	115	4	116	5	113	6	102	7	106	8	117	9	115	10	105	11	101	12	112	13	100	14	112	15	104	16	120	17	102	18	117	19	114	20	106	21	108	22	101	23	101	24	115	25	101	26	107	27	113	28	108	29	113	30	119	31	116	32	106	33	115	34	104	35	101	36	111	37	110	38	113	39	108	
	0	111	1	110	2	100	3	108	4	119	5	110	6	103	7	115	8	115	9	107	10	106	11	116	12	119	13	109	14	118	15	106	16	105	17	106	18	111	19	113	20	117	21	108	22	102	23	115	24	112	25	112	26	105	27	109	28	116	29	101	30	117	31	119	32	109	33	100	34	107	35	103	36	117	37	111	38	102	39	116	
	0	112	1	117	2	111	3	111	4	101	5	108	6	100	7	104	8	116	9	104	10	119	11	118	12	110	13	116	14	113	15	109	16	114	17	105	18	111	19	112	20	105	21	101	22	105	23	111	24	105	25	107	26	115	27	105	28	114	29	102	30	114	31	113	32	108	33	109	34	102	35	108	36	108	37	110	38	112	39	106	
	0	104	1	109	2	119	3	112	4	120	5	111	6	106	7	104	8	120	9	107	10	120	11	106	12	113	13	116	14	103	15	117	16	107	17	103	18	111	19	112	20	109	21	105	22	103	23	108	24	112	25	104	26	118	27	119	28	112	29	108	30	108	31	118	32	112	33	112	34	107	35	108	36	116	37	119	38	102	39	116	
	0	111	1	110	2	119	3	100	4	109	5	115	6	117	7	104	8	111	9	106	10	115	11	112	12	109	13	111	14	117	15	107	16	105	17	105	18	100	19	101	20	104	21	104	22	109	23	117	24	104	25	120	26	118	27	112	28	104	29	120	30	107	31	104	32	104	33	107	34	101	35	101	36	105	37	116	38	110	39	100	
	0	117	1	113	2	109	3	118	4	116	5	104	6	114	7	105	8	112	9	102	10	113	11	108	12	106	13	112	14	100	15	118	16	108	17	108	18	114	19	116	20	110	21	105	22	116	23	115	24	116	25	120	26	108	27	107	28	117	29	105	30	111	31	104	32	103	33	120	34	117	35	104	36	113	37	110	38	106	39	107	
	0	115	1	103	2	102	3	118	4	115	5	118	6	119	7	110	8	114	9	113	10	100	11	108	12	105	13	115	14	111	15	108	16	100	17	114	18	105	19	102	20	116	21	109	22	112	23	109	24	107	25	101	26	106	27	114	28	111	29	102	30	101	31	115	32	112	33	115	34	112	35	101	36	115	37	106	38	117	39	109	
	0	105	1	106	2	106	3	104	4	111	5	118	6	103	7	109	8	117	9	101	10	117	11	100	12	120	13	107	14	114	15	112	16	120	17	104	18	110	19	116	20	111	21	112	22	103	23	102	24	109	25	119	26	112	27	108	28	102	29	120	30	112	31	119	32	112	33	106	34	111	35	110	36	120	37	106	38	108	39	120	
	0	105	1	101	2	115	3	113	4	110	5	101	6	112	7	112	8	111	9	112	10	100	11	105	12	113	13	106	14	112	15	115	16	107	17	117	18	109	19	112	20	118	21	117	22	107	23	118	24	113	25	120	26	103	27	115	28	102	29	117	30	100	31	105	32	107	33	117	34	109	35	103	36	105	37	112	38	109	39	120	
	0	118	1	102	2	107	3	107	4	110	5	117	6	100	7	113	8	105	9	119	10	118	11	107	12	106	13	119	14	102	15	112	16	119	17	111	18	106	19	116	20	116	21	120	22	111	23	119	24	120	25	107	26	111	27	109	28	110	29	106	30	118	31	102	32	106	33	100	34	109	35	110	36	105	37	106	38	110	39	116	
	0	117	1	104	2	120	3	108	4	115	5	104	6	113	7	111	8	113	9	101	10	110	11	103	12	102	13	115	14	102	15	115	16	106	17	109	18	120	19	119	20	113	21	109	22	119	23	101	24	102	25	110	26	104	27	107	28	110	29	116	30	108	31	114	32	104	33	113	34	103	35	110	36	106	37	114	38	107	39	109	
	0	110	1	105	2	102	3	107	4	118	5	111	6	114	7	115	8	114	9	112	10	100	11	103	12	118	13	100	14	110	15	109	16	113	17	115	18	116	19	115	20	107	21	114	22	104	23	108	24	115	25	118	26	102	27	113	28	100	29	112	30	106	31	113	32	107	33	119	34	102	35	103	36	105	37	106	38	119	39	115	
	0	120	1	103	2	111	3	103	4	119	5	112	6	119	7	101	8	118	9	114	10	106	11	107	12	113	13	110	14	109	15	113	16	115	17	111	18	106	19	117	20	110	21	111	22	102	23	108	24	120	25	117	26	102	27	112	28	117	29	101	30	108	31	107	32	107	33	105	34	100	35	114	36	102	37	113	38	104	39	119	
	0	100	1	108	2	106	3	109	4	109	5	116	6	105	7	100	8	101	9	116	10	103	11	113	12	115	13	115	14	112	15	109	16	112	17	105	18	115	19	104	20	102	21	116	22	101	23	115	24	109	25	108	26	118	27	105	28	101	29	109	30	108	31	109	32	102	33	101	34	117	35	102	36	119	37	116	38	120	39	115	
	0	117	1	103	2	107	3	107	4	101	5	116	6	117	7	106	8	116	9	101	10	120	11	105	12	120	13	114	14	111	15	114	16	108	17	111	18	120	19	110	20	102	21	112	22	103	23	120	24	100	25	102	26	107	27	120	28	113	29	106	30	103	31	113	32	115	33	107	34	105	35	119	36	102	37	103	38	120	39	118	
	0	104	1	116	2	115	3	111	4	107	5	100	6	110	7	111	8	111	9	120	10	105	11	112	12	114	13	118	14	103	15	112	16	104	17	108	18	108	19	103	20	104	21	115	22	104	23	113	24	113	25	116	26	117	27	110	28	101	29	119	30	108	31	108	32	111	33	110	34	112	35	115	36	106	37	102	38	112	39	101	
	0	103	1	108	2	110	3	115	4	119	5	104	6	108	7	101	8	117	9	105	10	114	11	118	12	114	13	103	14	113	15	112	16	107	17	103	18	117	19	119	20	100	21	100	22	117	23	117	24	102	25	111	26	109	27	103	28	114	29	114	30	118	31	100	32	119	33	104	34	116	35	115	36	117	37	107	38	119	39	104	
	0	102	1	103	2	110	3	106	4	109	5	103	6	103	7	115	8	105	9	114	10	107	11	116	12	114	13	104	14	115	15	120	16	102	17	119	18	105	19	113	20	118	21	105	22	107	23	102	24	113	25	116	26	107	27	113	28	117	29	119	30	102	31	109	32	120	33	120	34	106	35	113	36	119	37	106	38	114	39	103	
	0	115	1	107	2	112	3	101	4	120	5	120	6	109	7	105	8	106	9	103	10	120	11	120	12	106	13	119	14	106	15	110	16	114	17	115	18	114	19	110	20	107	21	110	22	103	23	105	24	113	25	111	26	119	27	114	28	108	29	103	30	117	31	102	32	103	33	109	34	115	35	111	36	118	37	112	38	112	39	101	
	0	117	1	104	2	112	3	119	4	100	5	111	6	106	7	101	8	112	9	100	10	100	11	100	12	100	13	101	14	118	15	116	16	110	17	116	18	109	19	109	20	115	21	109	22	105	23	113	24	110	25	108	26	116	27	104	28	110	29	107	30	113	31	107	32	116	33	114	34	116	35	116	36	120	37	104	38	113	39	107	
	0	108	1	112	2	110	3	104	4	115	5	120	6	113	7	107	8	116	9	110	10	110	11	108	12	120	13	114	14	101	15	106	16	110	17	102	18	118	19	103	20	105	21	118	22	108	23	103	24	112	25	102	26	115	27	114	28	113	29	110	30	101	31	100	32	101	33	101	34	113	35	118	36	120	37	104	38	109	39	115	
	0	118	1	117	2	100	3	117	4	108	5	111	6	111	7	112	8	104	9	108	10	106	11	116	12	106	13	112	14	107	15	120	16	109	17	115	18	101	19	100	20	114	21	115	22	103	23	114	24	118	25	100	26	117	27	116	28	107	29	106	30	110	31	110	32	101	33	107	34	119	35	116	36	117	37	116	38	115	39	109	
	0	102	1	106	2	105	3	117	4	112	5	114	6	110	7	119	8	107	9	114	10	118	11	103	12	120	13	113	14	118	15	119	16	105	17	104	18	119	19	109	20	106	21	119	22	102	23	104	24	107	25	103	26	104	27	103	28	119	29	117	30	104	31	119	32	107	33	105	34	120	35	110	36	107	37	114	38	109	39	102	
	0	102	1	111	2	112	3	103	4	113	5	100	6	100	7	119	8	119	9	107	10	107	11	102	12	104	13	109	14	102	15	111	16	115	17	104	18	103	19	114	20	100	21	106	22	100	23	120	24	100	25	119	26	115	27	101	28	102	29	108	30	107	31	111	32	112	33	100	34	100	35	110	36	111	37	111	38	104	39	119	
	0	102	1	119	2	109	3	103	4	108	5	105	6	113	7	103	8	109	9	111	10	113	11	106	12	120	13	109	14	113	15	106	16	120	17	108	18	108	19	118	20	102	21	118	22	101	23	108	24	100	25	111	26	110	27	107	28	109	29	115	30	107	31	111	32	109	33	108	34	111	35	104	36	115	37	119	38	112	39	100	
	0	105	1	111	2	117	3	103	4	106	5	106	6	103	7	102	8	108	9	106	10	110	11	110	12	109	13	107	14	102	15	118	16	104	17	107	18	105	19	120	20	100	21	108	22	100	23	108	24	109	25	113	26	120	27	107	28	106	29	102	30	110	31	120	32	113	33	103	34	112	35	103	36	100	37	104	38	120	39	109	
	0	109	1	105	2	110	3	113	4	103	5	113	6	100	7	100	8	109	9	115	10	101	11	116	12	102	13	102	14	117	15	107	16	103	17	116	18	107	19	104	20	118	21	110	22	106	23	113	24	105	25	113	26	115	27	110	28	113	29	113	30	114	31	110	32	101	33	117	34	111	35	119	36	110	37	113	38	120	39	112	
	0	107	1	105	2	103	3	113	4	103	5	102	6	106	7	109	8	105	9	102	10	118	11	116	12	119	13	103	14	109	15	102	16	100	17	120	18	120	19	112	20	117	21	106	22	105	23	118	24	112	25	101	26	105	27	120	28	107	29	107	30	109	31	119	32	118	33	107	34	106	35	110	36	113	37	118	38	106	39	109	
	0	107	1	111	2	116	3	101	4	102	5	119	6	119	7	117	8	101	9	120	10	109	11	101	12	119	13	105	14	101	15	120	16	116	17	114	18	107	19	111	20	106	21	104	22	110	23	107	24	112	25	104	26	117	27	104	28	109	29	119	30	118	31	109	32	104	33	116	34	100	35	120	36	116	37	100	38	105	39	113	
	0	109	1	119	2	104	3	115	4	117	5	102	6	101	7	118	8	104	9	101	10	107	11	119	12	109	13	115	14	120	15	112	16	111	17	115	18	115	19	100	20	108	21	100	22	108	23	110	24	120	25	114	26	113	27	116	28	115	29	116	30	108	31	113	32	103	33	101	34	107	35	119	36	104	37	116	38	119	39	100	
	0	116	1	113	2	116	3	119	4	104	5	120	6	119	7	117	8	104	9	103	10	116	11	111	12	107	13	118	14	105	15	103	16	110	17	114	18	112	19	108	20	106	21	102	22	117	23	115	24	107	25	111	26	111	27	119	28	119	29	116	30	120	31	100	32	115	33	115	34	118	35	112	36	100	37	105	38	115	39	112	
	0	101	1	106	2	116	3	104	4	102	5	117	6	119	7	110	8	108	9	102	10	109	11	116	12	116	13	106	14	112	15	104	16	120	17	104	18	120	19	101	20	113	21	101	22	108	23	109	24	100	25	108	26	107	27	100	28	113	29	114	30	115	31	103	32	106	33	106	34	115	35	115	36	120	37	111	38	110	39	102	
	0	100	1	114	2	117	3	107	4	106	5	102	6	105	7	120	8	106	9	108	10	103	11	118	12	109	13	105	14	108	15	116	16	116	17	110	18	118	19	105	20	109	21	110	22	120	23	105	24	105	25	104	26	105	27	113	28	101	29	119	30	114	31	112	32	104	33	115	34	117	35	104	36	100	37	101	38	120	39	119	
	0	114	1	117	2	104	3	107	4	107	5	115	6	117	7	110	8	111	9	115	10	109	11	108	12	106	13	116	14	114	15	101	16	115	17	117	18	102	19	108	20	117	21	106	22	100	23	100	24	117	25	101	26	119	27	104	28	102	29	105	30	102	31	109	32	112	33	102	34	110	35	101	36	111	37	111	38	108	39	118	
	0	103	1	100	2	119	3	106	4	115	5	115	6	106	7	116	8	104	9	120	10	103	11	115	12	108	13	105	14	116	15	100	16	120	17	113	18	103	19	114	20	103	21	101	22	104	23	101	24	108	25	108	26	100	27	115	28	114	29	108	30	105	31	115	32	110	33	114	34	120	35	119	36	110	37	103	38	114	39	110	
	0	117	1	110	2	113	3	102	4	106	5	120	6	106	7	104	8	118	9	105	10	110	11	117	12	116	13	105	14	104	15	116	16	113	17	107	18	106	19	107	20	106	21	120	22	119	23	118	24	118	25	115	26	119	27	100	28	100	29	101	30	115	31	116	32	106	33	102	34	110	35	115	36	100	37	112	38	110	39	112	
	0	108	1	112	2	118	3	119	4	104	5	106	6	116	7	110	8	119	9	119	10	119	11	100	12	103	13	110	14	110	15	115	16	109	17	113	18	112	19	113	20	120	21	119	22	117	23	113	24	101	25	105	26	108	27	109	28	117	29	108	30	116	31	112	32	117	33	108	34	117	35	101	36	119	37	114	38	117	39	117	
	0	107	1	111	2	105	3	112	4	107	5	114	6	103	7	103	8	108	9	119	10	100	11	120	12	106	13	105	14	120	15	114	16	101	17	109	18	105	19	120	20	115	21	101	22	103	23	110	24	118	25	104	26	106	27	115	28	113	29	109	30	115	31	109	32	103	33	117	34	106	35	103	36	104	37	109	38	115	39	118	
	0	111	1	112	2	102	3	116	4	105	5	113	6	111	7	106	8	106	9	108	10	109	11	106	12	100	13	105	14	115	15	111	16	101	17	104	18	101	19	100	20	102	21	113	22	103	23	109	24	105	25	118	26	115	27	112	28	112	29	109	30	113	31	117	32	100	33	113	34	110	35	111	36	108	37	113	38	113	39	104	
	0	114	1	112	2	108	3	106	4	114	5	101	6	119	7	110	8	115	9	103	10	117	11	101	12	112	13	120	14	108	15	117	16	101	17	102	18	103	19	106	20	114	21	111	22	105	23	107	24	100	25	105	26	105	27	115	28	115	29	109	30	111	31	111	32	107	33	108	34	114	35	103	36	100	37	111	38	115	39	117	
	0	119	1	115	2	113	3	120	4	109	5	103	6	110	7	112	8	109	9	107	10	101	11	102	12	105	13	102	14	104	15	113	16	113	17	110	18	107	19	101	20	102	21	103	22	117	23	112	24	113	25	111	26	109	27	103	28	100	29	110	30	117	31	100	32	112	33	111	34	120	35	114	36	104	37	115	38	116	39	120	
	0	101	1	114	2	120	3	113	4	106	5	114	6	105	7	118	8	117	9	100	10	107	11	107	12	115	13	120	14	115	15	115	16	112	17	110	18	114	19	109	20	111	21	115	22	100	23	103	24	107	25	117	26	107	27	102	28	119	29	112	30	106	31	102	32	108	33	105	34	102	35	108	36	120	37	118	38	110	39	115	
	0	118	1	117	2	104	3	104	4	110	5	107	6	119	7	102	8	103	9	113	10	102	11	101	12	113	13	110	14	115	15	103	16	111	17	109	18	103	19	118	20	100	21	118	22	116	23	114	24	117	25	106	26	100	27	109	28	106	29	105	30	101	31	106	32	119	33	118	34	112	35	100	36	105	37	119	38	100	39	112	
	0	109	1	118	2	100	3	111	4	111	5	116	6	120	7	112	8	111	9	118	10	119	11	115	12	119	13	112	14	115	15	107	16	116	17	107	18	105	19	112	20	111	21	110	22	103	23	115	24	100	25	111	26	109	27	106	28	106	29	117	30	108	31	114	32	101	33	109	34	110	35	103	36	112	37	105	38	118	39	102	
	0	116	1	112	2	117	3	118	4	115	5	115	6	104	7	114	8	109	9	115	10	101	11	115	12	117	13	116	14	116	15	111	16	102	17	112	18	115	19	108	20	102	21	118	22	120	23	107	24	114	25	109	26	119	27	105	28	111	29	106	30	116	31	116	32	116	33	103	34	102	35	120	36	118	37	114	38	112	39	111	
	0	103	1	102	2	107	3	115	4	114	5	111	6	112	7	114	8	120	9	116	10	111	11	113	12	113	13	100	14	117	15	118	16	103	17	101	18	108	19	102	20	120	21	109	22	101	23	115	24	103	25	108	26	120	27	118	28	116	29	104	30	115	31	116	32	120	33	102	34	107	35	104	36	106	37	103	38	108	39	119	
	0	112	1	105	2	117	3	117	4	119	5	119	6	101	7	109	8	103	9	109	10	112	11	100	12	100	13	112	14	110	15	120	16	110	17	109	18	119	19	117	20	107	21	101	22	120	23	106	24	114	25	114	26	113	27	102	28	111	29	113	30	115	31	108	32	105	33	101	34	119	35	117	36	114	37	100	38	104	39	116	
	0	116	1	115	2	120	3	111	4	108	5	117	6	118	7	105	8	115	9	117	10	105	11	113	12	118	13	100	14	118	15	108	16	119	17	120	18	116	19	106	20	108	21	118	22	112	23	111	24	103	25	120	26	111	27	106	28	115	29	102	30	107	31	114	32	109	33	108	34	120	35	100	36	116	37	107	38	101	39	107	