200 10 1
10
	0	101	1	106	2	109	3	100	4	120	5	100	6	112	7	101	8	106	9	111	
	0	116	1	104	2	101	3	113	4	100	5	108	6	110	7	119	8	103	9	104	
	0	114	1	105	2	101	3	109	4	107	5	112	6	120	7	118	8	118	9	102	
	0	103	1	118	2	118	3	100	4	100	5	112	6	100	7	119	8	105	9	120	
	0	111	1	104	2	106	3	111	4	110	5	107	6	100	7	113	8	120	9	107	
	0	100	1	113	2	107	3	118	4	107	5	111	6	115	7	119	8	112	9	109	
	0	100	1	109	2	107	3	111	4	102	5	107	6	101	7	106	8	119	9	119	
	0	113	1	108	2	111	3	101	4	112	5	119	6	105	7	114	8	115	9	111	
	0	106	1	120	2	104	3	114	4	109	5	100	6	109	7	100	8	111	9	119	
	0	115	1	101	2	107	3	110	4	113	5	109	6	109	7	118	8	118	9	104	
	0	108	1	116	2	104	3	105	4	112	5	107	6	113	7	102	8	117	9	112	
	0	108	1	101	2	106	3	106	4	106	5	104	6	103	7	107	8	102	9	111	
	0	100	1	112	2	118	3	119	4	120	5	115	6	105	7	101	8	110	9	102	
	0	105	1	115	2	117	3	115	4	111	5	110	6	120	7	112	8	114	9	106	
	0	107	1	112	2	116	3	116	4	111	5	100	6	110	7	104	8	100	9	113	
	0	107	1	113	2	102	3	110	4	116	5	111	6	106	7	120	8	107	9	116	
	0	112	1	100	2	114	3	114	4	100	5	107	6	118	7	117	8	112	9	100	
	0	103	1	106	2	104	3	114	4	104	5	111	6	108	7	100	8	101	9	115	
	0	113	1	114	2	102	3	105	4	117	5	116	6	101	7	106	8	110	9	111	
	0	114	1	119	2	105	3	114	4	100	5	119	6	105	7	116	8	117	9	114	
	0	107	1	100	2	113	3	112	4	120	5	106	6	112	7	110	8	105	9	113	
	0	113	1	110	2	120	3	100	4	106	5	118	6	104	7	120	8	101	9	103	
	0	114	1	108	2	105	3	114	4	102	5	119	6	104	7	115	8	117	9	109	
	0	110	1	109	2	109	3	111	4	100	5	119	6	116	7	102	8	116	9	110	
	0	114	1	108	2	106	3	112	4	118	5	102	6	109	7	117	8	108	9	116	
	0	116	1	101	2	103	3	104	4	116	5	117	6	115	7	111	8	115	9	116	
	0	100	1	114	2	100	3	110	4	120	5	100	6	111	7	103	8	103	9	120	
	0	110	1	113	2	116	3	118	4	120	5	102	6	107	7	111	8	110	9	109	
	0	112	1	115	2	101	3	113	4	116	5	116	6	101	7	119	8	111	9	118	
	0	113	1	104	2	109	3	115	4	107	5	105	6	104	7	113	8	119	9	109	
	0	107	1	106	2	116	3	105	4	109	5	114	6	107	7	108	8	119	9	107	
	0	105	1	112	2	107	3	114	4	111	5	109	6	113	7	120	8	101	9	113	
	0	106	1	100	2	103	3	105	4	119	5	115	6	118	7	105	8	104	9	115	
	0	115	1	101	2	111	3	119	4	120	5	115	6	109	7	101	8	115	9	102	
	0	108	1	106	2	112	3	119	4	117	5	114	6	120	7	108	8	108	9	101	
	0	115	1	112	2	117	3	105	4	118	5	118	6	108	7	103	8	120	9	105	
	0	109	1	116	2	112	3	104	4	106	5	110	6	103	7	105	8	107	9	118	
	0	101	1	103	2	119	3	103	4	118	5	116	6	108	7	119	8	116	9	105	
	0	108	1	110	2	103	3	100	4	104	5	103	6	114	7	115	8	104	9	107	
	0	117	1	118	2	109	3	100	4	106	5	112	6	117	7	110	8	100	9	120	
	0	107	1	120	2	102	3	116	4	103	5	111	6	100	7	115	8	114	9	118	
	0	108	1	120	2	113	3	111	4	110	5	115	6	102	7	116	8	113	9	115	
	0	110	1	106	2	100	3	118	4	116	5	113	6	109	7	101	8	116	9	116	
	0	113	1	113	2	119	3	117	4	117	5	115	6	106	7	118	8	102	9	104	
	0	101	1	101	2	105	3	118	4	106	5	108	6	107	7	112	8	116	9	100	
	0	107	1	112	2	104	3	119	4	106	5	110	6	112	7	104	8	100	9	104	
	0	113	1	114	2	100	3	101	4	106	5	103	6	117	7	114	8	114	9	111	
	0	116	1	107	2	113	3	117	4	105	5	101	6	119	7	115	8	112	9	104	
	0	104	1	119	2	120	3	110	4	120	5	102	6	103	7	107	8	100	9	112	
	0	108	1	114	2	105	3	101	4	104	5	100	6	103	7	110	8	101	9	102	
	0	119	1	115	2	116	3	104	4	102	5	118	6	107	7	107	8	111	9	112	
	0	115	1	108	2	114	3	111	4	110	5	111	6	100	7	112	8	119	9	115	
	0	107	1	104	2	110	3	104	4	115	5	105	6	109	7	104	8	103	9	104	
	0	104	1	100	2	108	3	116	4	107	5	105	6	103	7	120	8	113	9	120	
	0	112	1	103	2	105	3	110	4	103	5	109	6	115	7	118	8	103	9	117	
	0	116	1	117	2	110	3	113	4	116	5	102	6	112	7	116	8	104	9	104	
	0	107	1	104	2	117	3	110	4	110	5	106	6	104	7	117	8	117	9	115	
	0	106	1	103	2	113	3	116	4	108	5	114	6	110	7	108	8	108	9	117	
	0	119	1	107	2	104	3	120	4	112	5	107	6	109	7	120	8	112	9	106	
	0	102	1	119	2	116	3	105	4	117	5	106	6	102	7	105	8	110	9	109	
	0	110	1	110	2	114	3	115	4	100	5	116	6	101	7	114	8	117	9	114	
	0	101	1	105	2	105	3	110	4	110	5	102	6	104	7	109	8	113	9	101	
	0	102	1	119	2	117	3	120	4	116	5	101	6	114	7	101	8	112	9	117	
	0	118	1	113	2	112	3	109	4	105	5	116	6	114	7	116	8	109	9	119	
	0	114	1	100	2	113	3	112	4	116	5	106	6	108	7	110	8	103	9	115	
	0	117	1	116	2	101	3	102	4	117	5	110	6	117	7	102	8	102	9	110	
	0	112	1	118	2	109	3	105	4	106	5	109	6	103	7	118	8	111	9	103	
	0	112	1	103	2	116	3	108	4	112	5	100	6	110	7	113	8	102	9	119	
	0	118	1	106	2	118	3	110	4	109	5	120	6	112	7	110	8	117	9	116	
	0	100	1	115	2	116	3	118	4	107	5	118	6	104	7	102	8	100	9	119	
	0	119	1	104	2	103	3	110	4	112	5	112	6	112	7	112	8	108	9	101	
	0	101	1	116	2	103	3	110	4	112	5	107	6	110	7	109	8	112	9	106	
	0	108	1	120	2	104	3	117	4	118	5	102	6	100	7	119	8	106	9	116	
	0	113	1	110	2	101	3	112	4	100	5	110	6	109	7	108	8	102	9	119	
	0	107	1	107	2	109	3	113	4	112	5	118	6	108	7	104	8	103	9	115	
	0	109	1	114	2	110	3	110	4	118	5	102	6	102	7	111	8	106	9	101	
	0	107	1	104	2	118	3	103	4	100	5	119	6	110	7	117	8	102	9	117	
	0	108	1	119	2	119	3	120	4	109	5	103	6	102	7	117	8	103	9	101	
	0	119	1	107	2	105	3	112	4	110	5	101	6	119	7	110	8	102	9	115	
	0	111	1	100	2	119	3	105	4	107	5	119	6	107	7	101	8	101	9	112	
	0	104	1	115	2	105	3	115	4	102	5	110	6	118	7	119	8	103	9	101	
	0	110	1	108	2	112	3	103	4	102	5	102	6	109	7	112	8	120	9	107	
	0	119	1	100	2	113	3	103	4	101	5	112	6	116	7	114	8	120	9	119	
	0	106	1	111	2	106	3	101	4	100	5	119	6	111	7	113	8	101	9	112	
	0	104	1	119	2	119	3	115	4	115	5	103	6	113	7	106	8	111	9	114	
	0	117	1	117	2	110	3	105	4	112	5	117	6	107	7	113	8	109	9	119	
	0	113	1	103	2	107	3	116	4	115	5	105	6	105	7	112	8	102	9	118	
	0	108	1	100	2	118	3	119	4	107	5	106	6	108	7	113	8	101	9	110	
	0	113	1	100	2	112	3	110	4	111	5	120	6	102	7	106	8	114	9	100	
	0	100	1	103	2	114	3	114	4	120	5	109	6	101	7	109	8	115	9	110	
	0	104	1	111	2	100	3	106	4	115	5	111	6	105	7	111	8	100	9	112	
	0	110	1	109	2	101	3	104	4	113	5	101	6	103	7	104	8	120	9	100	
	0	104	1	111	2	115	3	115	4	108	5	111	6	118	7	114	8	109	9	118	
	0	119	1	106	2	118	3	111	4	114	5	106	6	112	7	120	8	106	9	116	
	0	112	1	107	2	114	3	117	4	108	5	120	6	118	7	101	8	117	9	120	
	0	109	1	100	2	108	3	108	4	107	5	102	6	114	7	102	8	114	9	120	
	0	118	1	110	2	101	3	101	4	115	5	114	6	112	7	118	8	105	9	113	
	0	117	1	119	2	110	3	111	4	106	5	118	6	107	7	110	8	100	9	104	
	0	105	1	119	2	113	3	102	4	118	5	107	6	118	7	110	8	114	9	107	
	0	112	1	104	2	108	3	116	4	106	5	118	6	117	7	100	8	116	9	105	
	0	118	1	102	2	103	3	103	4	106	5	112	6	116	7	112	8	113	9	107	
	0	103	1	104	2	105	3	117	4	114	5	107	6	104	7	101	8	120	9	115	
	0	113	1	111	2	113	3	116	4	120	5	104	6	102	7	103	8	102	9	105	
	0	101	1	115	2	103	3	101	4	104	5	103	6	106	7	102	8	109	9	119	
	0	111	1	100	2	104	3	105	4	111	5	105	6	106	7	118	8	120	9	119	
	0	106	1	103	2	114	3	114	4	108	5	119	6	119	7	108	8	104	9	104	
	0	101	1	111	2	103	3	104	4	103	5	112	6	113	7	116	8	106	9	110	
	0	108	1	118	2	115	3	110	4	117	5	118	6	100	7	106	8	105	9	103	
	0	113	1	118	2	103	3	115	4	102	5	105	6	114	7	105	8	115	9	101	
	0	117	1	103	2	111	3	102	4	113	5	103	6	113	7	108	8	117	9	116	
	0	105	1	100	2	112	3	105	4	117	5	114	6	107	7	108	8	105	9	106	
	0	114	1	115	2	108	3	110	4	105	5	110	6	110	7	113	8	109	9	110	
	0	100	1	120	2	113	3	103	4	108	5	119	6	115	7	117	8	105	9	109	
	0	102	1	106	2	120	3	101	4	103	5	102	6	102	7	119	8	113	9	108	
	0	107	1	105	2	112	3	105	4	103	5	119	6	103	7	110	8	119	9	104	
	0	101	1	109	2	116	3	101	4	103	5	103	6	119	7	113	8	107	9	119	
	0	118	1	100	2	110	3	118	4	115	5	120	6	110	7	115	8	116	9	107	
	0	102	1	115	2	117	3	116	4	102	5	116	6	118	7	115	8	115	9	112	
	0	110	1	100	2	120	3	100	4	118	5	107	6	119	7	103	8	118	9	113	
	0	109	1	116	2	110	3	104	4	107	5	120	6	101	7	117	8	113	9	108	
	0	118	1	106	2	118	3	118	4	120	5	100	6	107	7	104	8	110	9	103	
	0	116	1	105	2	107	3	106	4	112	5	103	6	100	7	109	8	114	9	102	
	0	118	1	103	2	107	3	103	4	101	5	112	6	108	7	108	8	120	9	100	
	0	101	1	106	2	107	3	108	4	117	5	117	6	117	7	103	8	108	9	105	
	0	110	1	102	2	115	3	110	4	112	5	109	6	119	7	107	8	118	9	116	
	0	114	1	110	2	118	3	119	4	107	5	115	6	101	7	102	8	103	9	110	
	0	105	1	105	2	120	3	114	4	111	5	120	6	109	7	120	8	110	9	105	
	0	105	1	110	2	101	3	104	4	110	5	114	6	105	7	111	8	113	9	100	
	0	104	1	120	2	104	3	102	4	103	5	104	6	112	7	120	8	117	9	116	
	0	102	1	102	2	109	3	108	4	120	5	108	6	111	7	111	8	100	9	103	
	0	104	1	117	2	120	3	111	4	109	5	110	6	120	7	105	8	114	9	118	
	0	116	1	111	2	119	3	109	4	114	5	107	6	118	7	116	8	118	9	117	
	0	101	1	116	2	107	3	107	4	103	5	117	6	120	7	103	8	113	9	106	
	0	103	1	119	2	112	3	116	4	107	5	118	6	110	7	110	8	116	9	107	
	0	114	1	100	2	106	3	116	4	119	5	109	6	109	7	116	8	101	9	114	
	0	102	1	115	2	119	3	116	4	115	5	118	6	115	7	116	8	120	9	107	
	0	102	1	114	2	112	3	119	4	115	5	110	6	109	7	103	8	113	9	105	
	0	113	1	111	2	106	3	120	4	103	5	101	6	103	7	101	8	118	9	105	
	0	102	1	100	2	103	3	109	4	116	5	105	6	119	7	119	8	100	9	119	
	0	102	1	104	2	105	3	116	4	113	5	102	6	109	7	110	8	103	9	101	
	0	116	1	103	2	118	3	109	4	120	5	103	6	106	7	103	8	108	9	102	
	0	117	1	104	2	100	3	106	4	117	5	104	6	116	7	103	8	107	9	101	
	0	114	1	113	2	112	3	118	4	106	5	117	6	116	7	106	8	120	9	116	
	0	112	1	100	2	115	3	106	4	113	5	107	6	109	7	106	8	109	9	120	
	0	105	1	102	2	111	3	108	4	112	5	108	6	102	7	101	8	100	9	118	
	0	108	1	114	2	106	3	120	4	119	5	119	6	114	7	104	8	118	9	104	
	0	113	1	113	2	115	3	118	4	107	5	101	6	107	7	117	8	103	9	114	
	0	107	1	100	2	112	3	106	4	100	5	102	6	109	7	102	8	111	9	115	
	0	104	1	103	2	116	3	113	4	103	5	104	6	106	7	113	8	113	9	114	
	0	119	1	106	2	113	3	106	4	105	5	117	6	104	7	112	8	117	9	120	
	0	109	1	120	2	107	3	119	4	113	5	120	6	113	7	116	8	115	9	113	
	0	117	1	109	2	100	3	103	4	105	5	101	6	118	7	116	8	109	9	103	
	0	115	1	102	2	113	3	118	4	108	5	104	6	113	7	118	8	111	9	107	
	0	111	1	102	2	107	3	118	4	113	5	114	6	108	7	114	8	116	9	108	
	0	101	1	104	2	103	3	120	4	106	5	103	6	115	7	120	8	110	9	110	
	0	119	1	112	2	108	3	119	4	106	5	102	6	105	7	116	8	104	9	120	
	0	112	1	103	2	107	3	106	4	104	5	116	6	102	7	115	8	110	9	119	
	0	105	1	107	2	111	3	105	4	115	5	100	6	119	7	114	8	113	9	116	
	0	102	1	103	2	112	3	117	4	102	5	117	6	115	7	102	8	102	9	104	
	0	112	1	106	2	117	3	103	4	107	5	111	6	115	7	117	8	115	9	113	
	0	111	1	120	2	117	3	119	4	110	5	117	6	109	7	109	8	101	9	116	
	0	108	1	106	2	118	3	116	4	107	5	109	6	120	7	112	8	104	9	120	
	0	118	1	105	2	104	3	115	4	111	5	100	6	109	7	102	8	110	9	111	
	0	119	1	106	2	115	3	114	4	113	5	101	6	101	7	104	8	120	9	105	
	0	100	1	119	2	118	3	101	4	109	5	102	6	102	7	120	8	100	9	118	
	0	100	1	103	2	101	3	109	4	120	5	110	6	116	7	109	8	113	9	104	
	0	104	1	120	2	116	3	103	4	105	5	100	6	118	7	116	8	119	9	118	
	0	118	1	117	2	111	3	113	4	118	5	119	6	103	7	119	8	117	9	106	
	0	116	1	105	2	115	3	106	4	113	5	107	6	107	7	110	8	107	9	118	
	0	114	1	114	2	110	3	115	4	117	5	113	6	108	7	110	8	115	9	112	
	0	103	1	103	2	110	3	107	4	115	5	105	6	115	7	106	8	106	9	109	
	0	109	1	105	2	115	3	108	4	110	5	119	6	100	7	115	8	104	9	118	
	0	114	1	100	2	101	3	116	4	111	5	119	6	105	7	111	8	107	9	110	
	0	102	1	118	2	114	3	112	4	107	5	103	6	106	7	116	8	117	9	112	
	0	117	1	109	2	103	3	103	4	110	5	108	6	118	7	114	8	104	9	106	
	0	109	1	117	2	111	3	120	4	118	5	101	6	103	7	109	8	120	9	106	
	0	110	1	108	2	101	3	112	4	120	5	101	6	109	7	114	8	120	9	118	
	0	113	1	103	2	116	3	119	4	100	5	118	6	100	7	114	8	117	9	103	
	0	101	1	105	2	100	3	119	4	118	5	116	6	107	7	114	8	114	9	103	
	0	106	1	108	2	100	3	108	4	112	5	110	6	117	7	103	8	103	9	104	
	0	106	1	101	2	115	3	105	4	107	5	107	6	113	7	120	8	118	9	118	
	0	101	1	101	2	114	3	107	4	116	5	120	6	115	7	108	8	115	9	112	
	0	109	1	104	2	112	3	115	4	106	5	100	6	111	7	106	8	119	9	105	
	0	105	1	107	2	106	3	110	4	109	5	109	6	109	7	100	8	106	9	106	
	0	111	1	109	2	115	3	102	4	103	5	104	6	108	7	102	8	105	9	103	
	0	105	1	104	2	119	3	106	4	114	5	113	6	105	7	111	8	111	9	101	
	0	112	1	105	2	103	3	111	4	117	5	120	6	104	7	114	8	117	9	112	
	0	103	1	112	2	104	3	106	4	107	5	116	6	105	7	109	8	118	9	109	
	0	105	1	120	2	116	3	102	4	116	5	102	6	114	7	119	8	106	9	110	
	0	107	1	113	2	103	3	102	4	119	5	117	6	105	7	108	8	113	9	108	
	0	100	1	101	2	103	3	114	4	104	5	103	6	103	7	109	8	106	9	100	
	0	112	1	108	2	113	3	102	4	119	5	108	6	114	7	120	8	100	9	109	
	0	110	1	113	2	114	3	100	4	100	5	100	6	108	7	119	8	119	9	106	
	0	101	1	115	2	102	3	108	4	107	5	103	6	118	7	101	8	107	9	111	
	0	108	1	105	2	109	3	110	4	107	5	104	6	107	7	100	8	115	9	120	
	0	103	1	119	2	111	3	101	4	105	5	110	6	117	7	109	8	112	9	105	
	0	107	1	110	2	105	3	116	4	106	5	115	6	114	7	118	8	107	9	101	
	0	108	1	116	2	108	3	117	4	112	5	101	6	100	7	116	8	107	9	113	
	0	106	1	106	2	111	3	109	4	119	5	108	6	116	7	100	8	113	9	104	
	0	110	1	100	2	114	3	120	4	101	5	100	6	119	7	104	8	118	9	104	