200 20 1
20
	0	100	1	110	2	100	3	111	4	110	5	104	6	100	7	107	8	104	9	102	10	103	11	107	12	108	13	111	14	106	15	105	16	116	17	108	18	118	19	119	
	0	116	1	109	2	109	3	114	4	107	5	103	6	106	7	110	8	120	9	102	10	120	11	118	12	110	13	108	14	117	15	119	16	113	17	101	18	119	19	106	
	0	111	1	100	2	108	3	102	4	108	5	107	6	105	7	117	8	112	9	117	10	119	11	101	12	101	13	112	14	100	15	110	16	113	17	101	18	120	19	103	
	0	100	1	109	2	101	3	101	4	103	5	101	6	120	7	116	8	108	9	110	10	106	11	109	12	106	13	117	14	120	15	101	16	117	17	119	18	106	19	113	
	0	108	1	101	2	112	3	111	4	106	5	108	6	102	7	111	8	112	9	105	10	102	11	107	12	100	13	109	14	103	15	115	16	105	17	103	18	108	19	103	
	0	110	1	110	2	106	3	101	4	112	5	117	6	115	7	111	8	104	9	118	10	104	11	106	12	109	13	109	14	113	15	113	16	113	17	113	18	113	19	114	
	0	107	1	110	2	100	3	112	4	106	5	118	6	118	7	114	8	103	9	114	10	119	11	117	12	109	13	110	14	115	15	113	16	103	17	109	18	102	19	103	
	0	116	1	104	2	118	3	115	4	110	5	105	6	103	7	117	8	104	9	106	10	110	11	113	12	114	13	104	14	108	15	100	16	115	17	106	18	107	19	114	
	0	110	1	117	2	102	3	103	4	117	5	104	6	115	7	101	8	117	9	117	10	105	11	102	12	119	13	101	14	103	15	117	16	101	17	101	18	100	19	110	
	0	104	1	120	2	105	3	113	4	108	5	103	6	100	7	105	8	108	9	116	10	105	11	100	12	106	13	106	14	114	15	120	16	120	17	114	18	114	19	117	
	0	116	1	120	2	119	3	104	4	104	5	101	6	114	7	118	8	113	9	111	10	111	11	116	12	100	13	107	14	108	15	108	16	101	17	100	18	100	19	109	
	0	112	1	117	2	101	3	101	4	102	5	120	6	116	7	117	8	103	9	108	10	102	11	108	12	110	13	112	14	103	15	105	16	104	17	100	18	109	19	118	
	0	113	1	110	2	108	3	107	4	118	5	109	6	106	7	102	8	110	9	107	10	109	11	110	12	112	13	115	14	110	15	111	16	118	17	107	18	119	19	108	
	0	115	1	101	2	120	3	119	4	101	5	110	6	104	7	118	8	103	9	115	10	101	11	109	12	118	13	112	14	115	15	118	16	113	17	116	18	111	19	111	
	0	118	1	114	2	116	3	102	4	119	5	115	6	115	7	110	8	115	9	107	10	109	11	119	12	108	13	118	14	100	15	114	16	101	17	118	18	118	19	107	
	0	117	1	110	2	104	3	118	4	119	5	115	6	117	7	118	8	111	9	111	10	115	11	116	12	110	13	113	14	109	15	109	16	103	17	115	18	105	19	114	
	0	109	1	111	2	107	3	118	4	111	5	103	6	108	7	111	8	106	9	116	10	105	11	114	12	112	13	118	14	114	15	101	16	102	17	119	18	114	19	106	
	0	112	1	109	2	112	3	115	4	102	5	120	6	104	7	104	8	117	9	107	10	119	11	116	12	110	13	116	14	101	15	110	16	114	17	117	18	106	19	102	
	0	104	1	110	2	116	3	105	4	107	5	114	6	109	7	115	8	108	9	118	10	109	11	101	12	106	13	120	14	110	15	103	16	107	17	101	18	111	19	113	
	0	109	1	119	2	109	3	114	4	108	5	110	6	106	7	106	8	113	9	109	10	104	11	103	12	113	13	103	14	113	15	118	16	109	17	103	18	118	19	104	
	0	101	1	100	2	116	3	106	4	113	5	108	6	120	7	102	8	112	9	106	10	106	11	101	12	110	13	109	14	112	15	108	16	108	17	106	18	109	19	104	
	0	104	1	102	2	105	3	118	4	101	5	120	6	103	7	106	8	106	9	110	10	117	11	109	12	100	13	110	14	109	15	117	16	112	17	114	18	113	19	100	
	0	104	1	119	2	112	3	103	4	120	5	103	6	105	7	100	8	120	9	112	10	118	11	109	12	104	13	116	14	103	15	108	16	100	17	120	18	106	19	109	
	0	110	1	102	2	118	3	111	4	100	5	105	6	108	7	113	8	115	9	110	10	108	11	120	12	109	13	117	14	101	15	104	16	114	17	102	18	111	19	103	
	0	110	1	114	2	117	3	102	4	112	5	101	6	115	7	110	8	115	9	114	10	115	11	103	12	106	13	100	14	112	15	101	16	103	17	106	18	109	19	102	
	0	105	1	113	2	113	3	106	4	117	5	111	6	113	7	120	8	111	9	120	10	104	11	108	12	103	13	102	14	111	15	117	16	108	17	108	18	101	19	104	
	0	114	1	104	2	108	3	120	4	113	5	107	6	113	7	110	8	110	9	102	10	107	11	108	12	109	13	102	14	110	15	101	16	104	17	114	18	119	19	116	
	0	114	1	107	2	116	3	102	4	117	5	105	6	115	7	117	8	115	9	118	10	110	11	112	12	101	13	103	14	113	15	103	16	106	17	113	18	109	19	107	
	0	101	1	114	2	107	3	106	4	120	5	101	6	117	7	107	8	103	9	114	10	118	11	111	12	107	13	115	14	103	15	114	16	107	17	102	18	107	19	120	
	0	106	1	111	2	119	3	108	4	110	5	106	6	106	7	104	8	114	9	118	10	116	11	120	12	101	13	112	14	120	15	105	16	107	17	100	18	116	19	102	
	0	116	1	113	2	103	3	112	4	111	5	112	6	108	7	118	8	109	9	108	10	110	11	103	12	106	13	120	14	114	15	105	16	117	17	118	18	110	19	112	
	0	101	1	102	2	106	3	109	4	107	5	110	6	118	7	110	8	102	9	103	10	114	11	108	12	114	13	103	14	120	15	115	16	111	17	109	18	118	19	104	
	0	108	1	107	2	101	3	116	4	103	5	113	6	112	7	115	8	105	9	113	10	118	11	110	12	113	13	101	14	111	15	105	16	113	17	109	18	114	19	108	
	0	107	1	116	2	108	3	108	4	115	5	110	6	102	7	118	8	106	9	115	10	111	11	115	12	118	13	112	14	118	15	118	16	117	17	107	18	109	19	117	
	0	117	1	110	2	102	3	112	4	105	5	104	6	107	7	113	8	102	9	105	10	104	11	118	12	110	13	100	14	109	15	115	16	115	17	109	18	117	19	107	
	0	113	1	109	2	105	3	116	4	108	5	103	6	106	7	109	8	105	9	111	10	115	11	101	12	115	13	108	14	100	15	101	16	102	17	113	18	118	19	120	
	0	102	1	112	2	115	3	116	4	108	5	112	6	100	7	119	8	112	9	111	10	109	11	115	12	112	13	117	14	106	15	119	16	118	17	117	18	112	19	110	
	0	110	1	119	2	101	3	101	4	117	5	109	6	103	7	102	8	115	9	113	10	104	11	120	12	119	13	106	14	120	15	100	16	117	17	113	18	115	19	116	
	0	100	1	114	2	120	3	115	4	105	5	100	6	100	7	113	8	110	9	101	10	118	11	114	12	100	13	115	14	104	15	105	16	105	17	115	18	113	19	112	
	0	105	1	113	2	119	3	110	4	103	5	105	6	104	7	114	8	111	9	119	10	118	11	115	12	115	13	109	14	111	15	103	16	100	17	106	18	119	19	117	
	0	115	1	109	2	106	3	107	4	116	5	100	6	104	7	118	8	113	9	120	10	118	11	119	12	119	13	104	14	102	15	106	16	101	17	111	18	107	19	119	
	0	115	1	116	2	115	3	111	4	103	5	105	6	116	7	115	8	101	9	113	10	109	11	120	12	120	13	111	14	117	15	108	16	104	17	101	18	114	19	109	
	0	100	1	102	2	118	3	104	4	118	5	105	6	110	7	101	8	114	9	112	10	101	11	118	12	100	13	104	14	109	15	106	16	118	17	107	18	101	19	116	
	0	102	1	100	2	110	3	114	4	101	5	119	6	106	7	100	8	117	9	115	10	104	11	104	12	101	13	106	14	116	15	105	16	118	17	110	18	107	19	108	
	0	116	1	120	2	118	3	100	4	101	5	101	6	108	7	119	8	119	9	115	10	117	11	100	12	114	13	105	14	113	15	111	16	111	17	101	18	111	19	120	
	0	105	1	109	2	120	3	114	4	120	5	105	6	105	7	106	8	101	9	107	10	114	11	114	12	116	13	117	14	117	15	103	16	116	17	107	18	110	19	118	
	0	100	1	113	2	100	3	110	4	111	5	108	6	101	7	114	8	114	9	106	10	107	11	117	12	106	13	103	14	109	15	117	16	105	17	117	18	108	19	112	
	0	115	1	112	2	115	3	110	4	109	5	109	6	112	7	114	8	103	9	114	10	102	11	108	12	110	13	111	14	120	15	117	16	106	17	106	18	109	19	100	
	0	101	1	111	2	112	3	109	4	109	5	118	6	112	7	112	8	115	9	108	10	117	11	114	12	116	13	116	14	100	15	109	16	107	17	113	18	108	19	119	
	0	101	1	100	2	117	3	110	4	111	5	106	6	105	7	106	8	114	9	120	10	116	11	109	12	111	13	103	14	111	15	111	16	104	17	106	18	101	19	108	
	0	102	1	117	2	103	3	110	4	118	5	116	6	101	7	106	8	106	9	120	10	102	11	102	12	100	13	105	14	103	15	101	16	111	17	110	18	115	19	103	
	0	110	1	113	2	117	3	102	4	110	5	108	6	100	7	118	8	104	9	119	10	105	11	105	12	106	13	112	14	102	15	118	16	106	17	116	18	120	19	100	
	0	101	1	107	2	114	3	101	4	115	5	105	6	102	7	120	8	119	9	115	10	111	11	104	12	114	13	104	14	109	15	101	16	102	17	107	18	115	19	107	
	0	102	1	111	2	100	3	120	4	105	5	115	6	111	7	108	8	102	9	102	10	113	11	103	12	105	13	115	14	108	15	109	16	102	17	104	18	104	19	109	
	0	117	1	110	2	116	3	110	4	102	5	100	6	103	7	117	8	113	9	108	10	120	11	105	12	104	13	116	14	111	15	107	16	114	17	105	18	107	19	113	
	0	117	1	117	2	111	3	101	4	116	5	116	6	109	7	119	8	113	9	103	10	120	11	112	12	100	13	117	14	109	15	112	16	106	17	116	18	119	19	105	
	0	107	1	110	2	119	3	119	4	105	5	119	6	113	7	108	8	107	9	105	10	114	11	112	12	106	13	116	14	104	15	107	16	110	17	118	18	117	19	100	
	0	108	1	103	2	113	3	115	4	120	5	114	6	111	7	103	8	104	9	118	10	108	11	117	12	101	13	100	14	102	15	103	16	116	17	119	18	115	19	120	
	0	104	1	102	2	120	3	113	4	119	5	115	6	106	7	113	8	112	9	116	10	116	11	111	12	108	13	103	14	109	15	113	16	101	17	100	18	103	19	106	
	0	111	1	102	2	120	3	110	4	115	5	119	6	110	7	100	8	103	9	104	10	107	11	118	12	103	13	111	14	104	15	103	16	102	17	101	18	108	19	111	
	0	114	1	103	2	102	3	117	4	113	5	103	6	118	7	118	8	105	9	101	10	104	11	120	12	109	13	113	14	100	15	109	16	114	17	117	18	107	19	102	
	0	103	1	100	2	115	3	116	4	111	5	117	6	102	7	100	8	118	9	110	10	115	11	100	12	102	13	108	14	108	15	114	16	109	17	110	18	111	19	103	
	0	107	1	104	2	120	3	105	4	100	5	102	6	102	7	107	8	115	9	100	10	100	11	114	12	116	13	115	14	109	15	112	16	104	17	111	18	113	19	112	
	0	115	1	112	2	112	3	111	4	114	5	115	6	115	7	116	8	108	9	112	10	109	11	115	12	106	13	113	14	107	15	112	16	107	17	114	18	118	19	106	
	0	110	1	117	2	107	3	116	4	106	5	111	6	111	7	109	8	108	9	104	10	120	11	114	12	112	13	108	14	105	15	114	16	118	17	106	18	110	19	113	
	0	115	1	105	2	105	3	106	4	109	5	116	6	115	7	106	8	112	9	109	10	112	11	112	12	102	13	108	14	109	15	109	16	118	17	117	18	118	19	102	
	0	104	1	103	2	108	3	107	4	116	5	117	6	113	7	119	8	119	9	120	10	120	11	101	12	109	13	102	14	110	15	117	16	101	17	111	18	115	19	106	
	0	117	1	113	2	120	3	112	4	103	5	107	6	117	7	108	8	101	9	101	10	117	11	111	12	107	13	110	14	110	15	100	16	115	17	119	18	101	19	103	
	0	105	1	104	2	111	3	119	4	103	5	117	6	107	7	111	8	114	9	118	10	105	11	119	12	103	13	102	14	115	15	106	16	103	17	105	18	111	19	110	
	0	105	1	114	2	101	3	101	4	103	5	113	6	113	7	110	8	115	9	120	10	106	11	102	12	118	13	120	14	101	15	105	16	114	17	107	18	107	19	117	
	0	105	1	113	2	102	3	103	4	102	5	109	6	108	7	119	8	117	9	119	10	106	11	108	12	110	13	106	14	115	15	105	16	108	17	112	18	113	19	112	
	0	109	1	119	2	114	3	107	4	100	5	100	6	106	7	114	8	119	9	114	10	108	11	120	12	120	13	103	14	107	15	120	16	113	17	105	18	108	19	109	
	0	119	1	107	2	115	3	116	4	104	5	101	6	110	7	109	8	118	9	108	10	107	11	105	12	108	13	116	14	105	15	111	16	112	17	110	18	105	19	118	
	0	117	1	106	2	119	3	106	4	120	5	104	6	120	7	117	8	109	9	108	10	116	11	111	12	113	13	107	14	110	15	109	16	105	17	113	18	114	19	112	
	0	112	1	114	2	115	3	111	4	113	5	102	6	116	7	103	8	106	9	108	10	111	11	119	12	118	13	102	14	104	15	100	16	103	17	119	18	109	19	104	
	0	120	1	107	2	104	3	102	4	111	5	108	6	101	7	109	8	120	9	101	10	108	11	114	12	110	13	101	14	119	15	118	16	113	17	114	18	111	19	102	
	0	105	1	118	2	107	3	115	4	101	5	113	6	117	7	120	8	110	9	101	10	105	11	114	12	102	13	105	14	117	15	115	16	114	17	113	18	103	19	110	
	0	113	1	106	2	115	3	105	4	109	5	104	6	108	7	120	8	100	9	120	10	106	11	112	12	102	13	116	14	100	15	100	16	112	17	112	18	109	19	100	
	0	102	1	102	2	115	3	117	4	119	5	116	6	115	7	118	8	109	9	102	10	111	11	107	12	113	13	108	14	119	15	105	16	114	17	103	18	102	19	120	
	0	104	1	113	2	105	3	101	4	105	5	113	6	102	7	100	8	114	9	102	10	110	11	100	12	104	13	100	14	118	15	115	16	116	17	109	18	115	19	112	
	0	112	1	114	2	120	3	107	4	113	5	119	6	102	7	114	8	103	9	103	10	116	11	116	12	119	13	113	14	110	15	115	16	104	17	100	18	115	19	101	
	0	120	1	100	2	112	3	104	4	116	5	102	6	116	7	104	8	117	9	118	10	119	11	107	12	114	13	112	14	110	15	114	16	116	17	108	18	106	19	105	
	0	120	1	111	2	104	3	108	4	113	5	116	6	110	7	108	8	109	9	114	10	107	11	116	12	120	13	106	14	104	15	110	16	105	17	113	18	103	19	120	
	0	101	1	100	2	105	3	116	4	119	5	117	6	116	7	110	8	101	9	110	10	119	11	112	12	109	13	119	14	111	15	104	16	107	17	115	18	106	19	114	
	0	113	1	116	2	103	3	115	4	100	5	111	6	116	7	118	8	117	9	106	10	111	11	104	12	112	13	109	14	114	15	101	16	106	17	107	18	114	19	101	
	0	101	1	114	2	101	3	107	4	108	5	110	6	114	7	115	8	117	9	115	10	113	11	103	12	114	13	108	14	107	15	104	16	111	17	116	18	111	19	120	
	0	103	1	106	2	118	3	114	4	111	5	103	6	112	7	116	8	104	9	105	10	116	11	109	12	113	13	114	14	103	15	115	16	115	17	119	18	101	19	117	
	0	102	1	120	2	104	3	112	4	117	5	104	6	118	7	110	8	113	9	105	10	118	11	112	12	104	13	113	14	100	15	100	16	118	17	107	18	111	19	109	
	0	109	1	118	2	100	3	105	4	115	5	118	6	114	7	104	8	111	9	109	10	111	11	100	12	116	13	105	14	105	15	114	16	103	17	116	18	108	19	119	
	0	111	1	110	2	118	3	113	4	114	5	112	6	106	7	110	8	116	9	113	10	112	11	111	12	119	13	102	14	119	15	119	16	115	17	112	18	115	19	119	
	0	114	1	102	2	115	3	104	4	117	5	105	6	103	7	116	8	100	9	102	10	116	11	110	12	113	13	102	14	116	15	109	16	116	17	115	18	103	19	114	
	0	109	1	109	2	109	3	114	4	110	5	102	6	103	7	111	8	114	9	101	10	100	11	109	12	103	13	105	14	118	15	103	16	107	17	120	18	102	19	112	
	0	107	1	110	2	113	3	108	4	100	5	103	6	102	7	101	8	119	9	109	10	102	11	101	12	116	13	114	14	112	15	115	16	106	17	114	18	112	19	102	
	0	104	1	110	2	113	3	109	4	112	5	119	6	119	7	105	8	117	9	113	10	110	11	105	12	117	13	119	14	110	15	100	16	103	17	100	18	101	19	119	
	0	100	1	101	2	117	3	116	4	107	5	105	6	102	7	102	8	119	9	114	10	108	11	120	12	114	13	105	14	112	15	119	16	108	17	104	18	109	19	116	
	0	110	1	100	2	101	3	102	4	111	5	117	6	113	7	102	8	112	9	104	10	111	11	103	12	102	13	113	14	118	15	108	16	118	17	107	18	118	19	104	
	0	113	1	102	2	109	3	117	4	110	5	112	6	113	7	111	8	105	9	110	10	103	11	106	12	102	13	107	14	100	15	102	16	115	17	118	18	104	19	119	
	0	117	1	100	2	106	3	107	4	118	5	117	6	113	7	109	8	118	9	105	10	120	11	118	12	120	13	100	14	113	15	103	16	107	17	105	18	112	19	106	
	0	114	1	108	2	109	3	102	4	106	5	102	6	111	7	108	8	116	9	117	10	106	11	119	12	110	13	111	14	118	15	101	16	115	17	113	18	118	19	118	
	0	116	1	109	2	104	3	107	4	104	5	105	6	105	7	109	8	114	9	119	10	110	11	105	12	117	13	117	14	102	15	100	16	114	17	113	18	106	19	107	
	0	117	1	114	2	103	3	110	4	104	5	116	6	102	7	119	8	103	9	119	10	108	11	100	12	104	13	100	14	100	15	102	16	119	17	112	18	110	19	112	
	0	115	1	110	2	114	3	115	4	114	5	101	6	112	7	116	8	103	9	110	10	113	11	118	12	113	13	118	14	115	15	115	16	114	17	105	18	114	19	102	
	0	119	1	110	2	104	3	115	4	103	5	115	6	112	7	101	8	103	9	102	10	102	11	114	12	114	13	120	14	118	15	120	16	110	17	115	18	101	19	106	
	0	103	1	102	2	119	3	120	4	104	5	110	6	103	7	114	8	117	9	106	10	118	11	118	12	109	13	104	14	113	15	116	16	115	17	105	18	108	19	118	
	0	102	1	106	2	106	3	114	4	114	5	116	6	112	7	100	8	117	9	112	10	119	11	107	12	111	13	119	14	110	15	120	16	105	17	115	18	102	19	120	
	0	104	1	120	2	104	3	114	4	102	5	111	6	100	7	100	8	104	9	118	10	109	11	103	12	116	13	107	14	110	15	120	16	120	17	116	18	108	19	114	
	0	106	1	106	2	114	3	119	4	104	5	106	6	118	7	112	8	114	9	111	10	101	11	100	12	112	13	109	14	102	15	114	16	112	17	105	18	113	19	112	
	0	103	1	105	2	105	3	110	4	105	5	104	6	109	7	101	8	119	9	106	10	115	11	112	12	118	13	111	14	116	15	108	16	113	17	103	18	120	19	120	
	0	113	1	115	2	104	3	120	4	113	5	113	6	112	7	107	8	107	9	119	10	109	11	109	12	101	13	100	14	111	15	117	16	112	17	106	18	120	19	112	
	0	106	1	109	2	112	3	107	4	106	5	117	6	105	7	117	8	100	9	117	10	115	11	100	12	102	13	107	14	118	15	114	16	109	17	105	18	115	19	106	
	0	106	1	111	2	106	3	120	4	107	5	102	6	100	7	114	8	103	9	106	10	110	11	120	12	117	13	120	14	111	15	117	16	115	17	114	18	104	19	108	
	0	102	1	111	2	104	3	112	4	101	5	120	6	114	7	104	8	106	9	107	10	100	11	106	12	114	13	119	14	115	15	112	16	103	17	104	18	107	19	108	
	0	113	1	104	2	119	3	102	4	119	5	102	6	118	7	103	8	109	9	101	10	105	11	113	12	119	13	113	14	111	15	111	16	110	17	100	18	109	19	117	
	0	119	1	109	2	104	3	102	4	105	5	110	6	118	7	109	8	112	9	104	10	110	11	100	12	107	13	108	14	111	15	115	16	103	17	100	18	105	19	112	
	0	117	1	108	2	100	3	103	4	102	5	107	6	104	7	120	8	114	9	105	10	110	11	116	12	118	13	104	14	117	15	115	16	112	17	100	18	106	19	115	
	0	120	1	104	2	113	3	104	4	116	5	116	6	112	7	119	8	114	9	114	10	115	11	113	12	110	13	109	14	116	15	112	16	120	17	112	18	100	19	111	
	0	109	1	116	2	112	3	105	4	118	5	106	6	109	7	105	8	105	9	103	10	108	11	112	12	113	13	110	14	107	15	112	16	112	17	108	18	115	19	105	
	0	118	1	111	2	118	3	117	4	120	5	106	6	103	7	116	8	111	9	110	10	118	11	103	12	117	13	101	14	118	15	111	16	107	17	114	18	114	19	109	
	0	108	1	106	2	100	3	119	4	108	5	117	6	104	7	111	8	106	9	113	10	100	11	103	12	101	13	116	14	107	15	101	16	104	17	117	18	118	19	114	
	0	100	1	110	2	100	3	120	4	108	5	117	6	101	7	118	8	115	9	109	10	115	11	116	12	104	13	119	14	118	15	114	16	110	17	103	18	103	19	108	
	0	114	1	109	2	104	3	110	4	106	5	103	6	109	7	119	8	118	9	108	10	110	11	118	12	108	13	116	14	110	15	112	16	119	17	101	18	105	19	107	
	0	102	1	100	2	111	3	101	4	114	5	120	6	105	7	105	8	119	9	104	10	102	11	117	12	120	13	114	14	112	15	114	16	119	17	102	18	118	19	118	
	0	118	1	104	2	106	3	107	4	120	5	113	6	117	7	110	8	112	9	109	10	120	11	109	12	100	13	105	14	104	15	113	16	113	17	116	18	103	19	112	
	0	114	1	109	2	105	3	104	4	116	5	108	6	107	7	113	8	106	9	106	10	109	11	110	12	118	13	107	14	118	15	108	16	100	17	120	18	100	19	116	
	0	106	1	112	2	100	3	118	4	110	5	107	6	120	7	108	8	117	9	117	10	113	11	102	12	108	13	111	14	109	15	120	16	120	17	112	18	102	19	100	
	0	109	1	120	2	110	3	112	4	118	5	105	6	114	7	108	8	113	9	119	10	119	11	114	12	108	13	110	14	107	15	115	16	120	17	116	18	106	19	101	
	0	109	1	117	2	117	3	105	4	113	5	115	6	106	7	103	8	104	9	111	10	113	11	119	12	116	13	103	14	120	15	100	16	118	17	110	18	107	19	106	
	0	111	1	115	2	114	3	113	4	106	5	104	6	120	7	100	8	113	9	115	10	103	11	105	12	108	13	118	14	112	15	104	16	115	17	106	18	119	19	120	
	0	103	1	112	2	100	3	113	4	105	5	107	6	104	7	117	8	115	9	105	10	105	11	109	12	113	13	114	14	103	15	115	16	120	17	107	18	113	19	119	
	0	104	1	107	2	107	3	116	4	111	5	100	6	101	7	114	8	119	9	119	10	105	11	115	12	101	13	108	14	102	15	120	16	100	17	117	18	100	19	115	
	0	101	1	107	2	105	3	106	4	109	5	117	6	117	7	110	8	107	9	118	10	118	11	112	12	117	13	101	14	103	15	108	16	104	17	117	18	100	19	112	
	0	112	1	111	2	111	3	112	4	119	5	104	6	105	7	110	8	100	9	105	10	100	11	109	12	110	13	104	14	103	15	120	16	109	17	120	18	103	19	107	
	0	116	1	100	2	109	3	101	4	112	5	100	6	106	7	118	8	113	9	110	10	107	11	111	12	120	13	120	14	109	15	120	16	114	17	107	18	105	19	116	
	0	120	1	102	2	111	3	100	4	116	5	101	6	113	7	101	8	100	9	102	10	115	11	101	12	113	13	104	14	114	15	115	16	116	17	119	18	114	19	100	
	0	106	1	106	2	120	3	112	4	114	5	119	6	113	7	119	8	118	9	112	10	103	11	113	12	106	13	103	14	114	15	102	16	100	17	102	18	118	19	114	
	0	114	1	100	2	100	3	105	4	107	5	107	6	104	7	113	8	104	9	114	10	117	11	101	12	111	13	106	14	118	15	105	16	100	17	102	18	111	19	107	
	0	109	1	109	2	101	3	120	4	108	5	120	6	118	7	103	8	119	9	112	10	109	11	108	12	106	13	118	14	100	15	107	16	113	17	115	18	108	19	109	
	0	112	1	107	2	116	3	110	4	100	5	109	6	118	7	116	8	120	9	118	10	119	11	118	12	117	13	100	14	119	15	103	16	102	17	100	18	101	19	113	
	0	100	1	105	2	120	3	112	4	119	5	105	6	107	7	107	8	105	9	111	10	100	11	107	12	117	13	110	14	102	15	101	16	107	17	111	18	106	19	104	
	0	103	1	109	2	110	3	117	4	104	5	101	6	108	7	113	8	114	9	107	10	120	11	114	12	116	13	107	14	109	15	107	16	109	17	107	18	109	19	108	
	0	108	1	103	2	111	3	100	4	104	5	103	6	104	7	108	8	110	9	106	10	112	11	105	12	116	13	106	14	100	15	120	16	116	17	108	18	105	19	112	
	0	102	1	100	2	113	3	113	4	104	5	113	6	120	7	109	8	110	9	115	10	104	11	109	12	112	13	114	14	110	15	109	16	116	17	104	18	112	19	110	
	0	115	1	107	2	116	3	119	4	115	5	118	6	108	7	115	8	100	9	108	10	118	11	118	12	111	13	101	14	113	15	103	16	104	17	109	18	117	19	107	
	0	105	1	108	2	115	3	101	4	103	5	111	6	118	7	107	8	113	9	112	10	110	11	105	12	100	13	107	14	114	15	109	16	116	17	106	18	120	19	116	
	0	106	1	117	2	113	3	109	4	110	5	105	6	103	7	116	8	108	9	105	10	113	11	107	12	119	13	115	14	106	15	113	16	115	17	108	18	100	19	113	
	0	120	1	118	2	108	3	104	4	116	5	102	6	117	7	113	8	119	9	116	10	120	11	110	12	113	13	110	14	120	15	110	16	113	17	104	18	115	19	120	
	0	106	1	102	2	109	3	105	4	116	5	108	6	120	7	117	8	120	9	117	10	103	11	101	12	114	13	101	14	102	15	110	16	115	17	113	18	103	19	113	
	0	107	1	101	2	110	3	120	4	102	5	114	6	119	7	118	8	114	9	114	10	117	11	103	12	110	13	102	14	116	15	103	16	110	17	114	18	119	19	119	
	0	108	1	120	2	101	3	118	4	109	5	105	6	102	7	106	8	111	9	102	10	118	11	105	12	102	13	108	14	116	15	102	16	104	17	100	18	106	19	103	
	0	104	1	118	2	111	3	104	4	102	5	104	6	109	7	113	8	114	9	116	10	111	11	104	12	112	13	105	14	114	15	115	16	117	17	117	18	108	19	109	
	0	113	1	115	2	101	3	101	4	112	5	118	6	101	7	116	8	104	9	112	10	101	11	115	12	111	13	119	14	106	15	108	16	118	17	108	18	101	19	101	
	0	120	1	114	2	107	3	111	4	117	5	102	6	100	7	101	8	100	9	107	10	100	11	112	12	120	13	100	14	115	15	116	16	118	17	105	18	112	19	100	
	0	119	1	110	2	118	3	118	4	116	5	113	6	116	7	114	8	116	9	107	10	104	11	117	12	120	13	101	14	111	15	113	16	118	17	102	18	120	19	104	
	0	101	1	118	2	118	3	104	4	105	5	112	6	116	7	120	8	107	9	101	10	118	11	120	12	108	13	107	14	109	15	102	16	106	17	101	18	112	19	101	
	0	111	1	109	2	106	3	108	4	111	5	100	6	112	7	105	8	117	9	112	10	112	11	117	12	109	13	117	14	113	15	102	16	103	17	105	18	116	19	108	
	0	120	1	101	2	117	3	118	4	110	5	110	6	110	7	115	8	100	9	100	10	101	11	114	12	116	13	118	14	104	15	101	16	120	17	104	18	101	19	105	
	0	110	1	108	2	107	3	104	4	120	5	118	6	107	7	110	8	102	9	108	10	105	11	100	12	118	13	114	14	102	15	116	16	107	17	119	18	111	19	106	
	0	117	1	106	2	100	3	100	4	117	5	108	6	119	7	100	8	118	9	117	10	100	11	107	12	114	13	113	14	114	15	100	16	102	17	118	18	117	19	106	
	0	109	1	119	2	118	3	100	4	103	5	112	6	111	7	119	8	117	9	101	10	116	11	100	12	114	13	100	14	105	15	116	16	116	17	105	18	102	19	110	
	0	120	1	112	2	102	3	115	4	118	5	101	6	118	7	102	8	105	9	104	10	103	11	114	12	119	13	119	14	118	15	104	16	120	17	103	18	118	19	104	
	0	107	1	107	2	106	3	102	4	109	5	100	6	106	7	107	8	119	9	116	10	114	11	105	12	110	13	105	14	115	15	115	16	109	17	119	18	106	19	118	
	0	110	1	105	2	114	3	120	4	115	5	119	6	113	7	101	8	105	9	102	10	120	11	116	12	113	13	109	14	113	15	114	16	107	17	100	18	104	19	118	
	0	105	1	114	2	108	3	113	4	102	5	103	6	114	7	115	8	105	9	101	10	110	11	118	12	113	13	111	14	113	15	114	16	104	17	120	18	113	19	102	
	0	105	1	109	2	101	3	105	4	110	5	113	6	115	7	102	8	107	9	103	10	115	11	103	12	118	13	114	14	117	15	116	16	102	17	107	18	105	19	104	
	0	105	1	100	2	105	3	105	4	104	5	118	6	100	7	114	8	106	9	110	10	100	11	106	12	116	13	120	14	101	15	108	16	101	17	102	18	114	19	120	
	0	105	1	118	2	114	3	102	4	112	5	108	6	102	7	101	8	118	9	101	10	108	11	118	12	113	13	107	14	106	15	115	16	102	17	110	18	109	19	114	
	0	113	1	106	2	101	3	107	4	113	5	108	6	116	7	107	8	120	9	101	10	112	11	106	12	105	13	112	14	120	15	114	16	102	17	113	18	115	19	116	
	0	109	1	103	2	112	3	112	4	101	5	101	6	108	7	117	8	103	9	116	10	117	11	114	12	113	13	104	14	102	15	112	16	117	17	118	18	120	19	110	
	0	104	1	120	2	103	3	116	4	102	5	113	6	100	7	103	8	101	9	120	10	109	11	102	12	103	13	113	14	109	15	100	16	117	17	101	18	112	19	104	
	0	113	1	113	2	108	3	105	4	111	5	108	6	117	7	103	8	111	9	109	10	105	11	109	12	106	13	117	14	114	15	105	16	101	17	109	18	114	19	102	
	0	109	1	116	2	106	3	108	4	107	5	111	6	119	7	114	8	118	9	114	10	100	11	114	12	105	13	104	14	112	15	103	16	100	17	118	18	119	19	112	
	0	108	1	116	2	110	3	102	4	119	5	110	6	110	7	118	8	119	9	102	10	116	11	101	12	114	13	116	14	114	15	102	16	118	17	101	18	114	19	111	
	0	111	1	113	2	101	3	112	4	108	5	103	6	110	7	105	8	103	9	102	10	105	11	116	12	101	13	107	14	117	15	109	16	102	17	117	18	112	19	108	
	0	106	1	104	2	110	3	112	4	111	5	112	6	108	7	104	8	111	9	111	10	119	11	113	12	119	13	111	14	110	15	109	16	107	17	100	18	110	19	116	
	0	115	1	108	2	108	3	110	4	111	5	108	6	108	7	112	8	100	9	106	10	110	11	116	12	117	13	115	14	116	15	103	16	110	17	111	18	114	19	116	
	0	109	1	104	2	116	3	102	4	119	5	120	6	104	7	104	8	120	9	104	10	111	11	111	12	100	13	112	14	111	15	110	16	107	17	115	18	120	19	100	
	0	104	1	101	2	118	3	117	4	112	5	104	6	118	7	104	8	105	9	117	10	110	11	101	12	107	13	112	14	106	15	100	16	113	17	110	18	109	19	107	
	0	108	1	112	2	104	3	118	4	111	5	105	6	107	7	116	8	100	9	109	10	111	11	103	12	110	13	112	14	111	15	100	16	100	17	110	18	111	19	114	
	0	108	1	108	2	118	3	120	4	108	5	103	6	119	7	110	8	102	9	100	10	112	11	120	12	116	13	112	14	114	15	106	16	118	17	120	18	106	19	107	
	0	107	1	110	2	111	3	113	4	120	5	109	6	100	7	120	8	112	9	119	10	100	11	104	12	100	13	120	14	118	15	106	16	115	17	114	18	102	19	115	
	0	107	1	106	2	102	3	115	4	107	5	106	6	120	7	119	8	117	9	101	10	119	11	104	12	111	13	102	14	107	15	107	16	109	17	104	18	100	19	107	
	0	108	1	119	2	100	3	120	4	109	5	115	6	110	7	119	8	103	9	103	10	104	11	112	12	120	13	112	14	110	15	101	16	115	17	115	18	101	19	107	
	0	106	1	103	2	118	3	106	4	105	5	113	6	114	7	105	8	113	9	112	10	112	11	113	12	103	13	104	14	108	15	101	16	112	17	117	18	108	19	111	
	0	102	1	102	2	106	3	115	4	119	5	109	6	101	7	102	8	120	9	107	10	116	11	107	12	106	13	119	14	114	15	102	16	107	17	107	18	116	19	104	
	0	106	1	108	2	110	3	107	4	111	5	111	6	116	7	104	8	110	9	101	10	101	11	116	12	109	13	105	14	111	15	119	16	115	17	118	18	110	19	102	
	0	108	1	114	2	108	3	115	4	120	5	114	6	107	7	101	8	106	9	118	10	102	11	114	12	114	13	119	14	106	15	118	16	105	17	110	18	118	19	110	
	0	105	1	103	2	114	3	106	4	101	5	109	6	120	7	110	8	118	9	118	10	103	11	108	12	118	13	110	14	108	15	120	16	117	17	104	18	111	19	113	
	0	108	1	106	2	110	3	117	4	101	5	104	6	102	7	102	8	108	9	109	10	104	11	104	12	100	13	118	14	103	15	100	16	115	17	120	18	104	19	108	
	0	113	1	119	2	116	3	114	4	120	5	115	6	116	7	120	8	105	9	103	10	113	11	110	12	113	13	106	14	115	15	100	16	109	17	113	18	117	19	114	
	0	108	1	109	2	112	3	119	4	101	5	115	6	115	7	100	8	103	9	118	10	105	11	110	12	110	13	101	14	110	15	120	16	112	17	109	18	119	19	102	
	0	120	1	110	2	108	3	103	4	110	5	114	6	116	7	102	8	117	9	105	10	112	11	104	12	106	13	116	14	114	15	104	16	120	17	117	18	105	19	104	
	0	105	1	107	2	112	3	102	4	108	5	104	6	111	7	109	8	111	9	115	10	118	11	112	12	110	13	112	14	108	15	106	16	106	17	114	18	104	19	117	
	0	101	1	113	2	117	3	117	4	103	5	117	6	106	7	106	8	106	9	104	10	106	11	101	12	107	13	110	14	100	15	109	16	102	17	113	18	103	19	112	
	0	103	1	113	2	118	3	110	4	115	5	105	6	103	7	103	8	111	9	103	10	112	11	101	12	118	13	115	14	120	15	113	16	112	17	106	18	118	19	109	
	0	100	1	120	2	100	3	113	4	108	5	102	6	101	7	120	8	107	9	109	10	116	11	111	12	114	13	119	14	120	15	107	16	108	17	112	18	117	19	103	
	0	111	1	113	2	113	3	102	4	104	5	105	6	106	7	103	8	114	9	103	10	116	11	102	12	111	13	112	14	112	15	115	16	115	17	107	18	100	19	103	
	0	112	1	108	2	106	3	117	4	114	5	108	6	117	7	113	8	103	9	120	10	106	11	100	12	100	13	108	14	102	15	106	16	115	17	113	18	107	19	117	
	0	110	1	100	2	101	3	113	4	119	5	117	6	112	7	100	8	100	9	104	10	107	11	113	12	111	13	101	14	116	15	116	16	117	17	114	18	114	19	100	
	0	113	1	113	2	114	3	108	4	104	5	108	6	116	7	106	8	102	9	118	10	104	11	119	12	113	13	116	14	110	15	120	16	120	17	105	18	108	19	110	
	0	107	1	104	2	119	3	117	4	100	5	116	6	100	7	113	8	109	9	114	10	117	11	105	12	102	13	118	14	102	15	117	16	118	17	100	18	109	19	100	