200 40 1
40
	0	100	1	119	2	119	3	113	4	110	5	120	6	109	7	118	8	101	9	113	10	104	11	111	12	115	13	119	14	110	15	109	16	105	17	114	18	104	19	117	20	119	21	105	22	105	23	102	24	114	25	107	26	100	27	108	28	104	29	107	30	104	31	115	32	110	33	118	34	103	35	115	36	112	37	109	38	117	39	100	
	0	109	1	108	2	100	3	111	4	114	5	103	6	117	7	115	8	112	9	112	10	114	11	112	12	102	13	102	14	110	15	110	16	119	17	119	18	120	19	108	20	102	21	103	22	111	23	111	24	119	25	113	26	113	27	111	28	109	29	106	30	107	31	105	32	110	33	116	34	101	35	115	36	104	37	103	38	109	39	109	
	0	117	1	116	2	101	3	118	4	104	5	116	6	118	7	106	8	109	9	104	10	120	11	114	12	101	13	110	14	107	15	115	16	109	17	109	18	112	19	108	20	107	21	108	22	109	23	109	24	107	25	113	26	120	27	113	28	110	29	111	30	107	31	109	32	119	33	113	34	107	35	110	36	100	37	103	38	101	39	112	
	0	107	1	100	2	119	3	108	4	118	5	108	6	115	7	114	8	109	9	107	10	117	11	108	12	110	13	110	14	107	15	110	16	107	17	119	18	117	19	115	20	105	21	118	22	114	23	111	24	105	25	105	26	116	27	118	28	118	29	103	30	111	31	113	32	120	33	112	34	105	35	116	36	116	37	118	38	109	39	116	
	0	114	1	111	2	106	3	119	4	111	5	101	6	111	7	102	8	118	9	120	10	103	11	119	12	120	13	100	14	120	15	110	16	118	17	104	18	101	19	109	20	109	21	104	22	120	23	104	24	110	25	105	26	116	27	110	28	114	29	112	30	107	31	104	32	117	33	112	34	101	35	109	36	115	37	117	38	115	39	115	
	0	102	1	115	2	117	3	106	4	104	5	116	6	114	7	102	8	104	9	110	10	119	11	115	12	109	13	109	14	100	15	102	16	110	17	119	18	116	19	114	20	118	21	115	22	101	23	108	24	103	25	116	26	114	27	103	28	107	29	107	30	104	31	109	32	113	33	111	34	116	35	102	36	101	37	102	38	119	39	114	
	0	115	1	115	2	108	3	120	4	102	5	120	6	118	7	112	8	112	9	107	10	101	11	115	12	101	13	102	14	111	15	110	16	110	17	117	18	102	19	113	20	101	21	119	22	114	23	116	24	103	25	110	26	118	27	114	28	108	29	109	30	108	31	114	32	115	33	105	34	117	35	109	36	113	37	109	38	111	39	100	
	0	116	1	115	2	110	3	108	4	102	5	120	6	100	7	104	8	111	9	116	10	109	11	107	12	117	13	120	14	106	15	116	16	118	17	104	18	105	19	120	20	100	21	113	22	118	23	106	24	109	25	106	26	102	27	105	28	104	29	112	30	118	31	118	32	106	33	104	34	118	35	102	36	115	37	105	38	113	39	101	
	0	103	1	119	2	107	3	110	4	118	5	119	6	106	7	110	8	113	9	111	10	103	11	108	12	105	13	110	14	108	15	117	16	119	17	120	18	120	19	108	20	116	21	114	22	115	23	108	24	103	25	100	26	116	27	107	28	102	29	104	30	117	31	100	32	100	33	108	34	117	35	114	36	114	37	111	38	116	39	117	
	0	117	1	109	2	118	3	113	4	114	5	100	6	111	7	106	8	108	9	117	10	118	11	110	12	107	13	107	14	105	15	105	16	119	17	110	18	110	19	116	20	109	21	109	22	108	23	105	24	107	25	101	26	116	27	116	28	109	29	100	30	119	31	101	32	101	33	112	34	107	35	105	36	100	37	100	38	113	39	101	
	0	112	1	119	2	105	3	107	4	109	5	118	6	109	7	101	8	107	9	115	10	110	11	100	12	106	13	104	14	100	15	108	16	117	17	109	18	106	19	110	20	103	21	115	22	104	23	106	24	106	25	103	26	102	27	113	28	118	29	106	30	110	31	117	32	117	33	116	34	100	35	102	36	120	37	118	38	106	39	116	
	0	106	1	115	2	102	3	120	4	120	5	113	6	110	7	111	8	107	9	116	10	114	11	119	12	115	13	114	14	112	15	111	16	103	17	107	18	106	19	105	20	115	21	110	22	105	23	102	24	102	25	110	26	114	27	120	28	112	29	111	30	113	31	118	32	102	33	109	34	118	35	109	36	116	37	107	38	107	39	103	
	0	103	1	115	2	108	3	114	4	117	5	110	6	117	7	103	8	118	9	106	10	110	11	100	12	112	13	115	14	112	15	120	16	106	17	118	18	101	19	120	20	117	21	118	22	113	23	105	24	119	25	114	26	111	27	120	28	109	29	109	30	108	31	113	32	104	33	102	34	102	35	106	36	117	37	118	38	110	39	112	
	0	115	1	106	2	103	3	109	4	118	5	118	6	111	7	113	8	102	9	101	10	104	11	120	12	110	13	117	14	101	15	120	16	108	17	117	18	104	19	119	20	107	21	115	22	108	23	109	24	100	25	107	26	106	27	109	28	103	29	111	30	110	31	115	32	103	33	108	34	103	35	110	36	107	37	117	38	107	39	109	
	0	120	1	108	2	103	3	103	4	106	5	105	6	119	7	108	8	107	9	115	10	100	11	108	12	114	13	111	14	117	15	110	16	111	17	103	18	114	19	108	20	112	21	111	22	115	23	109	24	104	25	105	26	108	27	120	28	107	29	102	30	106	31	104	32	105	33	113	34	118	35	102	36	115	37	101	38	110	39	115	
	0	117	1	116	2	115	3	112	4	106	5	101	6	102	7	101	8	114	9	115	10	115	11	111	12	118	13	106	14	111	15	113	16	108	17	116	18	117	19	109	20	119	21	114	22	108	23	109	24	113	25	104	26	111	27	116	28	116	29	114	30	116	31	100	32	108	33	117	34	103	35	115	36	118	37	102	38	119	39	109	
	0	107	1	111	2	113	3	114	4	102	5	115	6	107	7	108	8	120	9	103	10	114	11	105	12	115	13	100	14	104	15	111	16	113	17	116	18	113	19	102	20	119	21	110	22	106	23	102	24	112	25	117	26	115	27	100	28	119	29	107	30	104	31	102	32	115	33	106	34	119	35	114	36	105	37	102	38	108	39	113	
	0	105	1	106	2	102	3	110	4	113	5	102	6	111	7	108	8	112	9	111	10	119	11	111	12	116	13	104	14	114	15	101	16	106	17	103	18	119	19	117	20	103	21	112	22	109	23	108	24	114	25	115	26	118	27	104	28	109	29	100	30	108	31	119	32	109	33	106	34	119	35	119	36	119	37	105	38	102	39	100	
	0	103	1	106	2	103	3	119	4	100	5	101	6	108	7	112	8	113	9	110	10	100	11	109	12	109	13	115	14	111	15	119	16	101	17	119	18	103	19	120	20	109	21	116	22	113	23	104	24	114	25	118	26	116	27	118	28	113	29	120	30	108	31	108	32	108	33	117	34	107	35	100	36	100	37	108	38	114	39	107	
	0	106	1	100	2	116	3	107	4	106	5	107	6	120	7	114	8	117	9	115	10	118	11	113	12	105	13	108	14	117	15	106	16	113	17	112	18	102	19	100	20	107	21	104	22	118	23	103	24	114	25	109	26	118	27	111	28	118	29	119	30	105	31	110	32	105	33	120	34	117	35	108	36	111	37	119	38	104	39	120	
	0	100	1	118	2	110	3	110	4	118	5	105	6	104	7	114	8	109	9	104	10	120	11	109	12	111	13	106	14	113	15	105	16	111	17	116	18	109	19	119	20	117	21	114	22	119	23	107	24	111	25	108	26	120	27	110	28	108	29	105	30	109	31	110	32	104	33	107	34	103	35	107	36	116	37	113	38	112	39	110	
	0	106	1	114	2	108	3	118	4	106	5	106	6	119	7	107	8	104	9	107	10	109	11	109	12	111	13	101	14	114	15	105	16	112	17	115	18	118	19	115	20	107	21	120	22	101	23	112	24	109	25	108	26	114	27	116	28	105	29	105	30	111	31	111	32	117	33	119	34	106	35	100	36	120	37	117	38	107	39	116	
	0	107	1	108	2	109	3	110	4	103	5	105	6	118	7	115	8	108	9	102	10	106	11	107	12	110	13	105	14	113	15	110	16	116	17	115	18	114	19	118	20	108	21	105	22	116	23	116	24	120	25	116	26	102	27	103	28	103	29	105	30	105	31	113	32	119	33	118	34	115	35	107	36	118	37	103	38	112	39	106	
	0	105	1	112	2	100	3	112	4	118	5	106	6	113	7	120	8	102	9	114	10	120	11	100	12	108	13	112	14	104	15	105	16	111	17	114	18	106	19	105	20	107	21	118	22	107	23	107	24	104	25	109	26	113	27	117	28	120	29	101	30	116	31	109	32	118	33	104	34	110	35	104	36	102	37	101	38	107	39	115	
	0	105	1	117	2	106	3	117	4	111	5	114	6	100	7	112	8	117	9	114	10	110	11	101	12	105	13	107	14	119	15	120	16	117	17	120	18	103	19	109	20	100	21	109	22	100	23	109	24	107	25	101	26	105	27	106	28	115	29	117	30	102	31	113	32	104	33	103	34	102	35	111	36	120	37	120	38	115	39	117	
	0	105	1	109	2	104	3	117	4	107	5	114	6	118	7	113	8	111	9	119	10	107	11	104	12	103	13	110	14	111	15	103	16	120	17	119	18	100	19	110	20	101	21	113	22	119	23	113	24	119	25	100	26	113	27	104	28	102	29	110	30	108	31	107	32	113	33	113	34	118	35	106	36	107	37	120	38	106	39	105	
	0	116	1	114	2	103	3	107	4	111	5	115	6	118	7	101	8	116	9	120	10	106	11	100	12	112	13	104	14	116	15	101	16	103	17	113	18	107	19	112	20	110	21	106	22	105	23	100	24	103	25	117	26	112	27	115	28	105	29	117	30	100	31	102	32	109	33	115	34	116	35	102	36	104	37	109	38	116	39	118	
	0	103	1	106	2	112	3	119	4	117	5	119	6	118	7	108	8	111	9	119	10	104	11	114	12	113	13	106	14	114	15	109	16	118	17	115	18	112	19	102	20	115	21	113	22	100	23	100	24	113	25	117	26	119	27	104	28	106	29	118	30	119	31	119	32	102	33	109	34	114	35	113	36	107	37	100	38	107	39	112	
	0	105	1	110	2	101	3	106	4	101	5	109	6	108	7	102	8	106	9	104	10	114	11	109	12	104	13	107	14	105	15	102	16	100	17	104	18	119	19	101	20	116	21	106	22	106	23	105	24	116	25	104	26	110	27	103	28	112	29	109	30	109	31	116	32	117	33	120	34	109	35	112	36	114	37	106	38	109	39	108	
	0	109	1	118	2	120	3	105	4	113	5	110	6	111	7	113	8	112	9	103	10	101	11	120	12	115	13	114	14	113	15	114	16	104	17	109	18	111	19	103	20	111	21	101	22	107	23	101	24	119	25	102	26	104	27	110	28	101	29	114	30	114	31	119	32	108	33	117	34	119	35	109	36	107	37	118	38	102	39	103	
	0	104	1	117	2	100	3	114	4	111	5	116	6	114	7	102	8	113	9	118	10	120	11	109	12	107	13	119	14	105	15	100	16	119	17	110	18	109	19	108	20	120	21	120	22	114	23	110	24	116	25	106	26	105	27	105	28	109	29	112	30	118	31	103	32	111	33	111	34	117	35	100	36	103	37	107	38	101	39	103	
	0	118	1	106	2	104	3	117	4	102	5	107	6	101	7	103	8	114	9	117	10	117	11	120	12	106	13	105	14	116	15	103	16	109	17	108	18	117	19	108	20	120	21	103	22	110	23	106	24	120	25	115	26	120	27	114	28	118	29	100	30	114	31	110	32	120	33	119	34	113	35	110	36	103	37	119	38	113	39	119	
	0	116	1	115	2	111	3	111	4	112	5	108	6	114	7	117	8	101	9	104	10	109	11	108	12	111	13	109	14	107	15	104	16	119	17	117	18	117	19	115	20	105	21	111	22	113	23	101	24	110	25	119	26	108	27	119	28	105	29	117	30	106	31	105	32	113	33	102	34	109	35	100	36	106	37	100	38	117	39	100	
	0	111	1	104	2	119	3	101	4	107	5	119	6	101	7	101	8	117	9	102	10	110	11	101	12	109	13	105	14	116	15	112	16	107	17	115	18	106	19	102	20	105	21	103	22	109	23	114	24	104	25	112	26	117	27	119	28	101	29	114	30	110	31	112	32	113	33	104	34	114	35	103	36	120	37	116	38	118	39	109	
	0	108	1	107	2	120	3	101	4	119	5	106	6	103	7	107	8	117	9	116	10	103	11	101	12	102	13	110	14	105	15	119	16	100	17	102	18	104	19	114	20	117	21	116	22	107	23	111	24	113	25	114	26	103	27	116	28	103	29	108	30	108	31	100	32	107	33	103	34	107	35	104	36	101	37	118	38	105	39	113	
	0	119	1	114	2	112	3	110	4	100	5	116	6	109	7	117	8	110	9	117	10	108	11	100	12	106	13	109	14	105	15	114	16	120	17	114	18	115	19	112	20	103	21	108	22	110	23	115	24	115	25	102	26	111	27	101	28	103	29	116	30	111	31	112	32	110	33	118	34	120	35	109	36	104	37	116	38	111	39	119	
	0	119	1	111	2	100	3	110	4	100	5	102	6	104	7	107	8	119	9	115	10	115	11	105	12	112	13	110	14	118	15	113	16	114	17	111	18	108	19	111	20	107	21	107	22	113	23	118	24	116	25	108	26	119	27	113	28	108	29	105	30	100	31	120	32	119	33	119	34	107	35	120	36	119	37	110	38	116	39	107	
	0	114	1	106	2	102	3	102	4	110	5	109	6	118	7	119	8	103	9	112	10	119	11	115	12	117	13	119	14	117	15	118	16	116	17	100	18	112	19	103	20	115	21	105	22	107	23	113	24	117	25	118	26	108	27	115	28	120	29	113	30	119	31	106	32	104	33	111	34	119	35	115	36	118	37	101	38	103	39	116	
	0	100	1	110	2	114	3	108	4	104	5	104	6	110	7	106	8	109	9	104	10	106	11	103	12	115	13	109	14	113	15	102	16	113	17	119	18	100	19	116	20	120	21	101	22	106	23	102	24	103	25	114	26	105	27	119	28	118	29	107	30	112	31	105	32	116	33	106	34	104	35	120	36	102	37	120	38	117	39	119	
	0	107	1	110	2	118	3	113	4	114	5	112	6	102	7	107	8	102	9	120	10	119	11	117	12	113	13	120	14	115	15	112	16	119	17	100	18	108	19	110	20	103	21	119	22	103	23	113	24	102	25	105	26	114	27	101	28	117	29	116	30	112	31	118	32	102	33	105	34	112	35	112	36	104	37	101	38	105	39	111	
	0	106	1	114	2	111	3	119	4	110	5	100	6	107	7	115	8	118	9	110	10	104	11	112	12	102	13	112	14	112	15	116	16	113	17	119	18	117	19	118	20	117	21	104	22	107	23	115	24	114	25	104	26	111	27	112	28	119	29	104	30	113	31	120	32	118	33	114	34	106	35	115	36	111	37	114	38	103	39	117	
	0	120	1	106	2	111	3	108	4	105	5	111	6	114	7	111	8	113	9	119	10	111	11	102	12	106	13	110	14	109	15	102	16	109	17	113	18	105	19	120	20	114	21	107	22	104	23	100	24	115	25	108	26	105	27	115	28	101	29	107	30	104	31	113	32	106	33	108	34	117	35	105	36	112	37	119	38	113	39	115	
	0	114	1	100	2	120	3	117	4	120	5	119	6	116	7	120	8	103	9	120	10	112	11	104	12	114	13	102	14	104	15	100	16	110	17	112	18	118	19	100	20	100	21	112	22	100	23	100	24	101	25	107	26	113	27	108	28	107	29	114	30	117	31	110	32	117	33	114	34	101	35	115	36	105	37	106	38	118	39	103	
	0	112	1	120	2	117	3	100	4	103	5	110	6	113	7	117	8	112	9	104	10	115	11	110	12	103	13	105	14	101	15	100	16	111	17	108	18	110	19	101	20	110	21	102	22	117	23	102	24	111	25	113	26	109	27	102	28	103	29	110	30	102	31	118	32	103	33	101	34	116	35	117	36	120	37	107	38	108	39	119	
	0	120	1	119	2	100	3	104	4	105	5	113	6	120	7	113	8	111	9	114	10	120	11	117	12	100	13	105	14	101	15	114	16	116	17	111	18	120	19	105	20	113	21	100	22	108	23	116	24	100	25	109	26	113	27	112	28	113	29	111	30	120	31	106	32	106	33	102	34	110	35	116	36	102	37	115	38	104	39	108	
	0	115	1	115	2	108	3	116	4	113	5	108	6	100	7	110	8	111	9	114	10	116	11	114	12	104	13	115	14	112	15	100	16	103	17	113	18	104	19	100	20	118	21	118	22	117	23	120	24	119	25	116	26	118	27	105	28	102	29	117	30	101	31	117	32	113	33	117	34	107	35	101	36	108	37	104	38	114	39	118	
	0	103	1	118	2	102	3	120	4	106	5	102	6	105	7	119	8	107	9	107	10	106	11	114	12	109	13	119	14	106	15	119	16	105	17	109	18	110	19	111	20	113	21	106	22	115	23	110	24	119	25	104	26	100	27	110	28	117	29	120	30	101	31	115	32	110	33	106	34	102	35	111	36	103	37	100	38	119	39	107	
	0	109	1	110	2	116	3	108	4	118	5	108	6	120	7	112	8	120	9	109	10	102	11	103	12	100	13	112	14	100	15	118	16	103	17	111	18	115	19	115	20	117	21	113	22	107	23	109	24	109	25	101	26	106	27	103	28	116	29	108	30	120	31	103	32	109	33	118	34	113	35	113	36	103	37	118	38	116	39	115	
	0	120	1	102	2	114	3	105	4	100	5	105	6	114	7	101	8	110	9	111	10	116	11	102	12	109	13	102	14	114	15	103	16	116	17	115	18	118	19	109	20	103	21	107	22	100	23	118	24	108	25	105	26	118	27	115	28	110	29	112	30	119	31	117	32	106	33	110	34	104	35	106	36	111	37	111	38	112	39	120	
	0	119	1	102	2	102	3	111	4	112	5	108	6	104	7	110	8	112	9	103	10	120	11	110	12	100	13	115	14	110	15	104	16	106	17	100	18	112	19	120	20	102	21	104	22	117	23	100	24	114	25	100	26	112	27	107	28	102	29	101	30	119	31	114	32	101	33	100	34	107	35	108	36	116	37	108	38	103	39	115	
	0	118	1	112	2	102	3	110	4	120	5	118	6	113	7	105	8	111	9	105	10	111	11	108	12	107	13	106	14	105	15	117	16	111	17	103	18	107	19	117	20	112	21	115	22	103	23	120	24	113	25	107	26	102	27	106	28	113	29	105	30	105	31	112	32	109	33	105	34	115	35	112	36	103	37	114	38	113	39	120	
	0	116	1	101	2	110	3	107	4	119	5	101	6	100	7	118	8	116	9	102	10	110	11	102	12	116	13	100	14	114	15	107	16	112	17	119	18	102	19	109	20	119	21	108	22	114	23	108	24	118	25	100	26	120	27	107	28	117	29	107	30	110	31	106	32	120	33	118	34	101	35	100	36	103	37	105	38	103	39	100	
	0	120	1	106	2	105	3	102	4	120	5	114	6	104	7	102	8	119	9	119	10	101	11	101	12	113	13	117	14	120	15	102	16	103	17	104	18	106	19	114	20	116	21	113	22	116	23	106	24	117	25	118	26	103	27	101	28	110	29	104	30	115	31	100	32	112	33	117	34	111	35	119	36	109	37	114	38	110	39	112	
	0	114	1	117	2	111	3	112	4	115	5	120	6	103	7	100	8	112	9	101	10	117	11	105	12	111	13	106	14	103	15	103	16	103	17	100	18	120	19	116	20	103	21	100	22	107	23	109	24	109	25	119	26	116	27	111	28	103	29	104	30	120	31	107	32	108	33	101	34	100	35	110	36	105	37	102	38	108	39	108	
	0	100	1	103	2	118	3	100	4	107	5	104	6	106	7	107	8	106	9	100	10	120	11	105	12	102	13	118	14	106	15	115	16	114	17	111	18	116	19	117	20	111	21	120	22	103	23	101	24	116	25	110	26	102	27	120	28	118	29	101	30	116	31	107	32	101	33	103	34	100	35	108	36	118	37	107	38	120	39	101	
	0	111	1	110	2	117	3	109	4	107	5	116	6	100	7	100	8	119	9	101	10	118	11	102	12	108	13	119	14	105	15	114	16	111	17	117	18	104	19	113	20	109	21	112	22	102	23	106	24	102	25	104	26	115	27	118	28	106	29	103	30	115	31	116	32	112	33	102	34	102	35	113	36	115	37	106	38	101	39	111	
	0	107	1	107	2	118	3	101	4	107	5	113	6	112	7	104	8	118	9	120	10	104	11	108	12	101	13	110	14	106	15	115	16	108	17	112	18	102	19	113	20	107	21	118	22	113	23	103	24	106	25	107	26	100	27	118	28	109	29	102	30	115	31	106	32	101	33	104	34	110	35	119	36	106	37	118	38	114	39	108	
	0	105	1	120	2	107	3	104	4	117	5	116	6	100	7	119	8	101	9	120	10	101	11	118	12	119	13	107	14	113	15	107	16	120	17	103	18	120	19	117	20	103	21	111	22	111	23	114	24	108	25	100	26	117	27	120	28	108	29	106	30	103	31	103	32	102	33	101	34	115	35	112	36	111	37	107	38	103	39	112	
	0	108	1	102	2	105	3	112	4	109	5	100	6	102	7	103	8	118	9	120	10	115	11	120	12	113	13	103	14	117	15	110	16	112	17	108	18	116	19	117	20	116	21	110	22	105	23	101	24	102	25	110	26	106	27	120	28	110	29	117	30	113	31	107	32	100	33	119	34	115	35	101	36	104	37	117	38	117	39	111	
	0	106	1	114	2	109	3	104	4	113	5	112	6	102	7	109	8	107	9	117	10	101	11	111	12	100	13	100	14	111	15	119	16	113	17	102	18	100	19	115	20	117	21	118	22	102	23	119	24	110	25	102	26	115	27	118	28	114	29	120	30	100	31	108	32	114	33	101	34	113	35	107	36	103	37	108	38	115	39	114	
	0	113	1	113	2	115	3	109	4	119	5	108	6	108	7	114	8	108	9	118	10	100	11	111	12	119	13	112	14	101	15	103	16	112	17	113	18	114	19	117	20	107	21	108	22	110	23	107	24	116	25	102	26	116	27	102	28	118	29	112	30	114	31	107	32	102	33	119	34	107	35	106	36	104	37	110	38	101	39	107	
	0	116	1	112	2	109	3	111	4	119	5	102	6	101	7	109	8	102	9	116	10	103	11	101	12	106	13	116	14	117	15	112	16	101	17	103	18	119	19	100	20	120	21	101	22	105	23	109	24	104	25	113	26	100	27	117	28	109	29	111	30	116	31	110	32	100	33	107	34	107	35	107	36	119	37	120	38	118	39	115	
	0	106	1	109	2	115	3	115	4	112	5	101	6	113	7	109	8	110	9	120	10	111	11	107	12	105	13	100	14	102	15	108	16	119	17	113	18	103	19	109	20	115	21	113	22	102	23	114	24	104	25	111	26	100	27	100	28	100	29	112	30	104	31	116	32	115	33	116	34	119	35	119	36	109	37	103	38	104	39	111	
	0	107	1	114	2	117	3	107	4	119	5	113	6	102	7	106	8	118	9	111	10	116	11	118	12	102	13	115	14	116	15	104	16	111	17	109	18	103	19	113	20	113	21	120	22	104	23	104	24	110	25	117	26	102	27	110	28	116	29	109	30	108	31	115	32	109	33	110	34	108	35	114	36	119	37	111	38	116	39	114	
	0	114	1	105	2	104	3	110	4	105	5	120	6	118	7	114	8	106	9	113	10	114	11	109	12	104	13	108	14	102	15	103	16	110	17	110	18	103	19	103	20	113	21	100	22	111	23	109	24	103	25	102	26	116	27	112	28	117	29	108	30	117	31	111	32	118	33	100	34	107	35	101	36	103	37	116	38	110	39	118	
	0	113	1	105	2	118	3	108	4	106	5	106	6	100	7	120	8	116	9	109	10	106	11	111	12	104	13	104	14	103	15	117	16	103	17	117	18	100	19	116	20	120	21	106	22	107	23	118	24	119	25	103	26	100	27	101	28	102	29	104	30	113	31	104	32	108	33	109	34	114	35	102	36	105	37	119	38	104	39	109	
	0	101	1	117	2	117	3	115	4	111	5	107	6	102	7	118	8	115	9	100	10	100	11	115	12	111	13	108	14	108	15	104	16	114	17	106	18	116	19	109	20	108	21	106	22	105	23	106	24	108	25	104	26	113	27	112	28	104	29	105	30	108	31	112	32	111	33	102	34	108	35	102	36	106	37	108	38	120	39	106	
	0	104	1	102	2	108	3	100	4	111	5	103	6	119	7	103	8	108	9	109	10	112	11	103	12	119	13	113	14	107	15	105	16	106	17	105	18	110	19	110	20	103	21	117	22	106	23	104	24	103	25	111	26	118	27	119	28	120	29	109	30	117	31	104	32	110	33	116	34	118	35	109	36	113	37	103	38	107	39	101	
	0	113	1	106	2	111	3	100	4	107	5	118	6	112	7	110	8	106	9	119	10	102	11	104	12	101	13	103	14	114	15	106	16	103	17	101	18	104	19	115	20	105	21	100	22	119	23	106	24	113	25	115	26	104	27	108	28	117	29	115	30	103	31	111	32	120	33	109	34	106	35	107	36	107	37	113	38	103	39	103	
	0	104	1	117	2	110	3	112	4	118	5	104	6	115	7	110	8	107	9	119	10	117	11	107	12	118	13	102	14	102	15	113	16	105	17	100	18	118	19	111	20	111	21	114	22	108	23	101	24	117	25	105	26	120	27	119	28	103	29	118	30	115	31	104	32	104	33	119	34	107	35	116	36	102	37	106	38	105	39	102	
	0	118	1	102	2	110	3	110	4	115	5	105	6	106	7	116	8	104	9	107	10	101	11	105	12	112	13	100	14	105	15	111	16	118	17	115	18	111	19	104	20	102	21	104	22	117	23	103	24	106	25	111	26	108	27	109	28	119	29	115	30	107	31	103	32	117	33	112	34	117	35	118	36	104	37	103	38	113	39	107	
	0	104	1	102	2	104	3	114	4	100	5	105	6	106	7	107	8	105	9	106	10	103	11	102	12	112	13	100	14	112	15	117	16	113	17	101	18	107	19	119	20	113	21	120	22	115	23	100	24	102	25	104	26	115	27	108	28	111	29	106	30	112	31	115	32	115	33	116	34	112	35	105	36	117	37	110	38	119	39	119	
	0	115	1	111	2	101	3	102	4	105	5	103	6	104	7	109	8	101	9	118	10	120	11	113	12	108	13	113	14	108	15	107	16	105	17	109	18	118	19	100	20	116	21	117	22	114	23	114	24	103	25	103	26	109	27	109	28	112	29	107	30	111	31	111	32	102	33	113	34	103	35	120	36	105	37	100	38	108	39	103	
	0	103	1	114	2	120	3	116	4	103	5	110	6	117	7	107	8	117	9	119	10	117	11	110	12	108	13	101	14	114	15	107	16	101	17	108	18	115	19	102	20	103	21	105	22	113	23	101	24	106	25	102	26	110	27	114	28	118	29	101	30	120	31	113	32	103	33	104	34	115	35	104	36	120	37	112	38	103	39	102	
	0	105	1	110	2	114	3	113	4	109	5	119	6	105	7	110	8	112	9	112	10	101	11	103	12	118	13	110	14	105	15	117	16	106	17	112	18	120	19	100	20	120	21	116	22	109	23	117	24	112	25	106	26	107	27	106	28	111	29	111	30	113	31	116	32	103	33	118	34	120	35	109	36	116	37	111	38	118	39	107	
	0	113	1	106	2	112	3	106	4	106	5	120	6	113	7	112	8	115	9	119	10	101	11	100	12	118	13	105	14	114	15	118	16	109	17	102	18	113	19	115	20	112	21	115	22	111	23	115	24	103	25	111	26	105	27	109	28	100	29	119	30	114	31	118	32	105	33	110	34	113	35	120	36	101	37	102	38	105	39	111	
	0	107	1	113	2	101	3	106	4	106	5	104	6	100	7	105	8	113	9	119	10	120	11	100	12	105	13	118	14	103	15	118	16	120	17	101	18	117	19	115	20	106	21	108	22	106	23	108	24	116	25	118	26	112	27	106	28	105	29	101	30	118	31	103	32	118	33	115	34	115	35	112	36	105	37	109	38	117	39	109	
	0	112	1	110	2	106	3	115	4	119	5	116	6	105	7	100	8	103	9	105	10	117	11	114	12	101	13	105	14	119	15	113	16	112	17	100	18	110	19	108	20	101	21	108	22	109	23	107	24	100	25	106	26	117	27	108	28	114	29	117	30	117	31	107	32	107	33	103	34	100	35	111	36	119	37	110	38	102	39	117	
	0	100	1	108	2	111	3	120	4	111	5	118	6	115	7	118	8	109	9	117	10	109	11	104	12	114	13	116	14	106	15	100	16	115	17	109	18	109	19	117	20	115	21	111	22	117	23	111	24	110	25	114	26	105	27	107	28	119	29	115	30	108	31	106	32	107	33	112	34	115	35	104	36	116	37	112	38	118	39	110	
	0	117	1	108	2	115	3	112	4	101	5	104	6	113	7	112	8	105	9	114	10	105	11	111	12	117	13	105	14	115	15	102	16	120	17	120	18	109	19	106	20	106	21	102	22	104	23	103	24	115	25	113	26	104	27	103	28	100	29	102	30	117	31	113	32	103	33	101	34	114	35	103	36	117	37	111	38	112	39	107	
	0	111	1	120	2	113	3	100	4	110	5	111	6	116	7	118	8	119	9	116	10	101	11	106	12	112	13	103	14	118	15	111	16	101	17	106	18	110	19	118	20	111	21	111	22	118	23	102	24	104	25	101	26	119	27	110	28	106	29	115	30	100	31	120	32	119	33	116	34	119	35	109	36	103	37	108	38	103	39	101	
	0	115	1	102	2	109	3	104	4	113	5	115	6	101	7	116	8	111	9	119	10	114	11	103	12	107	13	109	14	105	15	101	16	118	17	100	18	105	19	103	20	111	21	116	22	114	23	103	24	107	25	105	26	114	27	114	28	114	29	100	30	101	31	103	32	114	33	109	34	103	35	109	36	117	37	103	38	119	39	112	
	0	109	1	118	2	105	3	109	4	116	5	116	6	101	7	109	8	100	9	114	10	118	11	119	12	109	13	118	14	119	15	109	16	104	17	102	18	115	19	102	20	114	21	115	22	120	23	116	24	112	25	102	26	105	27	119	28	101	29	115	30	108	31	103	32	113	33	117	34	104	35	102	36	109	37	103	38	115	39	119	
	0	120	1	118	2	115	3	101	4	105	5	105	6	103	7	116	8	114	9	113	10	102	11	116	12	116	13	115	14	113	15	101	16	114	17	106	18	117	19	109	20	115	21	119	22	103	23	106	24	113	25	105	26	110	27	108	28	106	29	115	30	114	31	104	32	120	33	103	34	113	35	103	36	104	37	105	38	113	39	117	
	0	111	1	107	2	110	3	106	4	101	5	106	6	116	7	111	8	104	9	119	10	120	11	103	12	112	13	110	14	117	15	106	16	119	17	114	18	118	19	103	20	118	21	108	22	106	23	107	24	108	25	109	26	113	27	107	28	111	29	116	30	100	31	107	32	102	33	120	34	119	35	109	36	113	37	105	38	109	39	110	
	0	106	1	101	2	118	3	113	4	113	5	113	6	114	7	109	8	115	9	103	10	100	11	109	12	117	13	112	14	107	15	107	16	101	17	119	18	107	19	102	20	115	21	102	22	107	23	103	24	113	25	102	26	102	27	111	28	101	29	107	30	107	31	119	32	111	33	108	34	118	35	113	36	112	37	111	38	119	39	117	
	0	102	1	115	2	113	3	110	4	100	5	104	6	108	7	116	8	117	9	102	10	107	11	114	12	100	13	104	14	105	15	116	16	110	17	108	18	105	19	118	20	111	21	116	22	104	23	119	24	120	25	114	26	105	27	116	28	113	29	106	30	116	31	108	32	101	33	103	34	113	35	106	36	100	37	116	38	112	39	117	
	0	106	1	102	2	117	3	104	4	112	5	107	6	116	7	116	8	111	9	112	10	118	11	106	12	116	13	100	14	112	15	120	16	119	17	115	18	115	19	103	20	120	21	116	22	107	23	103	24	113	25	114	26	112	27	105	28	101	29	108	30	118	31	113	32	114	33	105	34	100	35	112	36	103	37	105	38	106	39	115	
	0	110	1	112	2	103	3	102	4	120	5	109	6	116	7	103	8	102	9	108	10	109	11	106	12	105	13	116	14	120	15	114	16	101	17	119	18	108	19	119	20	119	21	105	22	104	23	115	24	118	25	113	26	119	27	109	28	116	29	114	30	107	31	100	32	106	33	104	34	113	35	112	36	105	37	119	38	108	39	103	
	0	102	1	109	2	101	3	103	4	109	5	113	6	117	7	104	8	111	9	112	10	115	11	101	12	107	13	105	14	106	15	112	16	103	17	115	18	108	19	107	20	103	21	100	22	112	23	118	24	117	25	110	26	114	27	109	28	111	29	105	30	111	31	118	32	113	33	118	34	111	35	113	36	119	37	100	38	100	39	103	
	0	107	1	102	2	103	3	103	4	102	5	103	6	116	7	119	8	120	9	113	10	115	11	113	12	111	13	114	14	107	15	112	16	105	17	116	18	105	19	104	20	105	21	106	22	102	23	113	24	111	25	106	26	102	27	120	28	117	29	106	30	103	31	100	32	118	33	101	34	118	35	119	36	116	37	101	38	118	39	100	
	0	109	1	110	2	114	3	105	4	113	5	116	6	102	7	101	8	112	9	112	10	118	11	105	12	118	13	116	14	103	15	105	16	101	17	110	18	112	19	112	20	109	21	111	22	112	23	119	24	118	25	106	26	115	27	113	28	107	29	109	30	109	31	110	32	115	33	111	34	116	35	111	36	107	37	106	38	110	39	107	
	0	116	1	106	2	116	3	108	4	102	5	108	6	106	7	100	8	100	9	106	10	104	11	104	12	106	13	103	14	101	15	101	16	120	17	108	18	100	19	105	20	113	21	105	22	111	23	109	24	117	25	116	26	117	27	107	28	109	29	105	30	103	31	106	32	112	33	105	34	117	35	111	36	120	37	105	38	116	39	107	
	0	103	1	110	2	102	3	103	4	114	5	101	6	112	7	112	8	105	9	103	10	116	11	120	12	101	13	107	14	106	15	117	16	115	17	101	18	102	19	111	20	108	21	120	22	100	23	110	24	100	25	114	26	119	27	104	28	115	29	100	30	113	31	113	32	104	33	104	34	104	35	107	36	111	37	118	38	113	39	104	
	0	105	1	107	2	116	3	113	4	100	5	105	6	115	7	101	8	106	9	113	10	120	11	117	12	112	13	119	14	112	15	112	16	104	17	111	18	116	19	120	20	119	21	116	22	117	23	106	24	115	25	119	26	100	27	101	28	112	29	100	30	114	31	108	32	114	33	105	34	113	35	105	36	112	37	107	38	110	39	115	
	0	103	1	112	2	108	3	107	4	104	5	112	6	103	7	102	8	106	9	112	10	118	11	118	12	106	13	117	14	116	15	109	16	100	17	107	18	104	19	111	20	105	21	113	22	118	23	116	24	109	25	110	26	120	27	103	28	119	29	104	30	105	31	118	32	117	33	106	34	113	35	113	36	119	37	111	38	111	39	112	
	0	113	1	108	2	118	3	105	4	107	5	100	6	103	7	110	8	109	9	100	10	103	11	101	12	110	13	113	14	115	15	108	16	120	17	100	18	102	19	105	20	118	21	115	22	120	23	108	24	111	25	111	26	112	27	116	28	115	29	117	30	107	31	102	32	116	33	101	34	120	35	103	36	119	37	106	38	112	39	100	
	0	112	1	101	2	103	3	105	4	104	5	108	6	118	7	113	8	101	9	107	10	102	11	120	12	113	13	106	14	117	15	104	16	115	17	119	18	120	19	112	20	117	21	119	22	120	23	106	24	116	25	100	26	110	27	100	28	103	29	100	30	117	31	102	32	117	33	101	34	113	35	109	36	116	37	102	38	100	39	107	
	0	114	1	103	2	110	3	101	4	117	5	102	6	111	7	100	8	113	9	102	10	108	11	111	12	116	13	117	14	113	15	106	16	106	17	101	18	101	19	109	20	118	21	105	22	113	23	114	24	103	25	105	26	100	27	112	28	111	29	103	30	101	31	110	32	105	33	103	34	117	35	114	36	114	37	106	38	100	39	108	
	0	102	1	108	2	114	3	113	4	110	5	112	6	110	7	105	8	117	9	115	10	103	11	103	12	101	13	115	14	112	15	102	16	107	17	117	18	107	19	105	20	120	21	109	22	100	23	108	24	106	25	104	26	112	27	111	28	115	29	110	30	106	31	116	32	119	33	116	34	114	35	116	36	119	37	102	38	120	39	114	
	0	111	1	112	2	107	3	102	4	101	5	101	6	105	7	114	8	112	9	115	10	115	11	107	12	100	13	102	14	104	15	119	16	116	17	110	18	102	19	102	20	104	21	117	22	106	23	118	24	117	25	117	26	103	27	108	28	104	29	108	30	103	31	119	32	111	33	120	34	116	35	107	36	103	37	111	38	104	39	118	
	0	107	1	116	2	107	3	100	4	104	5	111	6	114	7	115	8	117	9	110	10	113	11	107	12	116	13	109	14	106	15	116	16	107	17	111	18	108	19	106	20	117	21	108	22	107	23	103	24	102	25	119	26	101	27	118	28	116	29	106	30	116	31	114	32	110	33	108	34	120	35	101	36	109	37	105	38	112	39	104	
	0	118	1	112	2	110	3	110	4	104	5	119	6	107	7	108	8	119	9	110	10	115	11	114	12	100	13	116	14	105	15	101	16	113	17	119	18	101	19	108	20	104	21	103	22	104	23	100	24	113	25	114	26	103	27	112	28	107	29	115	30	111	31	114	32	113	33	115	34	114	35	113	36	105	37	107	38	107	39	104	
	0	114	1	115	2	108	3	119	4	115	5	114	6	106	7	107	8	113	9	113	10	114	11	116	12	120	13	118	14	119	15	113	16	112	17	101	18	114	19	113	20	117	21	118	22	109	23	113	24	108	25	107	26	120	27	116	28	110	29	107	30	116	31	107	32	116	33	116	34	109	35	102	36	119	37	117	38	109	39	114	
	0	119	1	107	2	106	3	110	4	117	5	104	6	100	7	102	8	108	9	106	10	119	11	120	12	119	13	117	14	119	15	107	16	120	17	106	18	104	19	112	20	107	21	114	22	106	23	104	24	120	25	112	26	111	27	104	28	103	29	115	30	103	31	108	32	100	33	102	34	118	35	120	36	118	37	107	38	117	39	102	
	0	107	1	108	2	116	3	114	4	110	5	115	6	120	7	115	8	117	9	107	10	105	11	119	12	101	13	105	14	119	15	116	16	102	17	113	18	111	19	106	20	108	21	117	22	111	23	112	24	104	25	107	26	119	27	114	28	110	29	109	30	119	31	120	32	120	33	111	34	101	35	105	36	112	37	116	38	109	39	105	
	0	114	1	115	2	113	3	105	4	111	5	111	6	100	7	119	8	103	9	109	10	120	11	111	12	116	13	109	14	108	15	101	16	103	17	109	18	104	19	112	20	110	21	101	22	113	23	111	24	100	25	116	26	100	27	105	28	109	29	108	30	107	31	113	32	100	33	101	34	102	35	110	36	111	37	104	38	109	39	106	
	0	103	1	113	2	119	3	114	4	102	5	113	6	102	7	116	8	102	9	107	10	115	11	104	12	107	13	119	14	119	15	106	16	108	17	120	18	104	19	118	20	104	21	114	22	106	23	117	24	107	25	109	26	104	27	115	28	120	29	119	30	110	31	111	32	114	33	110	34	110	35	113	36	101	37	120	38	119	39	104	
	0	116	1	100	2	103	3	116	4	120	5	104	6	106	7	111	8	110	9	107	10	120	11	119	12	119	13	102	14	110	15	117	16	109	17	101	18	104	19	106	20	114	21	102	22	112	23	104	24	115	25	112	26	102	27	100	28	100	29	109	30	118	31	101	32	113	33	104	34	117	35	116	36	117	37	109	38	102	39	100	
	0	118	1	118	2	107	3	117	4	100	5	110	6	100	7	107	8	112	9	101	10	102	11	118	12	113	13	119	14	110	15	101	16	113	17	107	18	112	19	108	20	111	21	111	22	104	23	101	24	113	25	107	26	117	27	100	28	120	29	109	30	101	31	110	32	116	33	108	34	119	35	108	36	102	37	120	38	107	39	101	
	0	100	1	113	2	113	3	116	4	108	5	120	6	101	7	120	8	105	9	104	10	117	11	110	12	104	13	107	14	113	15	102	16	110	17	104	18	112	19	118	20	104	21	102	22	109	23	111	24	113	25	112	26	118	27	101	28	115	29	111	30	113	31	120	32	119	33	112	34	107	35	119	36	109	37	109	38	105	39	113	
	0	109	1	108	2	105	3	113	4	113	5	107	6	120	7	114	8	109	9	108	10	107	11	105	12	117	13	118	14	101	15	100	16	100	17	119	18	106	19	107	20	100	21	113	22	101	23	116	24	106	25	106	26	111	27	120	28	109	29	105	30	100	31	115	32	113	33	101	34	119	35	117	36	105	37	102	38	103	39	108	
	0	110	1	120	2	119	3	112	4	120	5	100	6	107	7	117	8	109	9	103	10	103	11	100	12	100	13	105	14	101	15	103	16	112	17	120	18	104	19	103	20	120	21	103	22	105	23	110	24	116	25	110	26	116	27	114	28	106	29	107	30	102	31	103	32	105	33	101	34	101	35	109	36	104	37	119	38	119	39	109	
	0	114	1	104	2	110	3	104	4	104	5	108	6	108	7	106	8	100	9	115	10	120	11	106	12	113	13	104	14	118	15	104	16	100	17	108	18	117	19	104	20	103	21	116	22	114	23	100	24	117	25	100	26	101	27	103	28	119	29	100	30	112	31	103	32	106	33	105	34	101	35	114	36	104	37	116	38	114	39	119	
	0	103	1	109	2	118	3	105	4	110	5	117	6	114	7	106	8	104	9	106	10	113	11	111	12	104	13	106	14	105	15	120	16	104	17	118	18	107	19	112	20	118	21	111	22	103	23	113	24	118	25	110	26	117	27	104	28	105	29	112	30	110	31	104	32	111	33	120	34	106	35	109	36	107	37	112	38	114	39	106	
	0	105	1	115	2	109	3	107	4	102	5	117	6	110	7	116	8	114	9	108	10	115	11	103	12	117	13	101	14	109	15	115	16	120	17	111	18	107	19	112	20	119	21	118	22	101	23	110	24	107	25	104	26	116	27	102	28	103	29	101	30	111	31	108	32	109	33	117	34	105	35	104	36	107	37	105	38	102	39	110	
	0	106	1	117	2	120	3	101	4	113	5	101	6	100	7	103	8	114	9	107	10	118	11	111	12	104	13	110	14	106	15	120	16	112	17	103	18	119	19	101	20	109	21	109	22	104	23	117	24	117	25	113	26	109	27	110	28	108	29	109	30	104	31	102	32	103	33	104	34	103	35	107	36	103	37	102	38	104	39	114	
	0	114	1	107	2	104	3	109	4	100	5	101	6	111	7	109	8	117	9	118	10	118	11	120	12	109	13	112	14	115	15	112	16	113	17	105	18	100	19	113	20	103	21	115	22	109	23	102	24	107	25	116	26	106	27	108	28	106	29	115	30	118	31	104	32	114	33	109	34	101	35	117	36	109	37	104	38	114	39	120	
	0	108	1	106	2	104	3	117	4	112	5	108	6	103	7	112	8	118	9	114	10	100	11	100	12	100	13	114	14	116	15	120	16	102	17	116	18	100	19	103	20	115	21	113	22	119	23	113	24	114	25	110	26	113	27	102	28	115	29	111	30	115	31	114	32	115	33	120	34	101	35	110	36	113	37	114	38	113	39	116	
	0	109	1	103	2	103	3	110	4	109	5	116	6	117	7	120	8	116	9	110	10	118	11	103	12	102	13	100	14	104	15	114	16	111	17	100	18	108	19	115	20	108	21	118	22	117	23	104	24	109	25	106	26	115	27	116	28	107	29	106	30	101	31	109	32	107	33	102	34	107	35	111	36	112	37	106	38	113	39	112	
	0	116	1	105	2	113	3	118	4	116	5	105	6	111	7	120	8	100	9	117	10	116	11	115	12	100	13	108	14	120	15	116	16	108	17	110	18	114	19	118	20	107	21	104	22	103	23	114	24	105	25	114	26	101	27	118	28	116	29	103	30	112	31	116	32	111	33	109	34	104	35	103	36	120	37	108	38	104	39	103	
	0	113	1	105	2	117	3	110	4	108	5	104	6	103	7	114	8	113	9	105	10	100	11	117	12	111	13	105	14	111	15	117	16	107	17	109	18	109	19	106	20	106	21	107	22	119	23	113	24	109	25	102	26	115	27	116	28	104	29	111	30	117	31	117	32	101	33	115	34	101	35	101	36	117	37	105	38	113	39	120	
	0	110	1	106	2	119	3	102	4	116	5	107	6	107	7	110	8	111	9	105	10	115	11	104	12	102	13	101	14	105	15	112	16	113	17	118	18	112	19	102	20	120	21	118	22	113	23	106	24	107	25	100	26	112	27	118	28	107	29	109	30	115	31	109	32	104	33	111	34	113	35	116	36	109	37	113	38	110	39	103	
	0	113	1	112	2	104	3	117	4	111	5	111	6	119	7	105	8	102	9	115	10	114	11	107	12	111	13	109	14	109	15	115	16	119	17	101	18	111	19	118	20	118	21	109	22	116	23	103	24	107	25	110	26	104	27	110	28	108	29	118	30	114	31	112	32	109	33	114	34	113	35	113	36	106	37	102	38	120	39	119	
	0	117	1	108	2	117	3	113	4	106	5	107	6	112	7	102	8	117	9	116	10	109	11	104	12	112	13	116	14	100	15	104	16	118	17	111	18	102	19	120	20	117	21	117	22	120	23	101	24	105	25	107	26	117	27	111	28	109	29	107	30	117	31	109	32	107	33	107	34	110	35	106	36	103	37	118	38	116	39	114	
	0	112	1	109	2	109	3	111	4	119	5	102	6	106	7	108	8	113	9	106	10	112	11	106	12	108	13	103	14	108	15	116	16	116	17	113	18	117	19	105	20	112	21	119	22	113	23	108	24	106	25	120	26	103	27	112	28	108	29	114	30	100	31	119	32	114	33	110	34	114	35	120	36	107	37	107	38	116	39	105	
	0	110	1	106	2	102	3	107	4	103	5	104	6	114	7	102	8	107	9	104	10	112	11	100	12	113	13	100	14	107	15	119	16	113	17	103	18	120	19	100	20	101	21	112	22	104	23	106	24	104	25	109	26	100	27	120	28	112	29	116	30	113	31	101	32	110	33	110	34	118	35	112	36	118	37	116	38	102	39	115	
	0	104	1	112	2	112	3	107	4	109	5	113	6	110	7	112	8	120	9	119	10	115	11	107	12	105	13	107	14	114	15	109	16	118	17	105	18	106	19	104	20	101	21	117	22	111	23	113	24	102	25	100	26	103	27	118	28	100	29	104	30	115	31	103	32	110	33	106	34	118	35	114	36	112	37	117	38	101	39	104	
	0	108	1	108	2	108	3	117	4	108	5	120	6	114	7	115	8	111	9	110	10	104	11	117	12	114	13	101	14	102	15	106	16	120	17	103	18	115	19	104	20	110	21	101	22	118	23	117	24	111	25	119	26	117	27	117	28	111	29	118	30	120	31	115	32	102	33	112	34	117	35	104	36	110	37	120	38	103	39	119	
	0	104	1	120	2	115	3	108	4	113	5	110	6	107	7	114	8	111	9	111	10	119	11	117	12	103	13	100	14	102	15	112	16	102	17	120	18	116	19	104	20	119	21	103	22	108	23	115	24	114	25	118	26	120	27	112	28	119	29	114	30	105	31	103	32	102	33	106	34	117	35	114	36	113	37	116	38	101	39	120	
	0	118	1	112	2	106	3	117	4	118	5	120	6	112	7	114	8	120	9	100	10	105	11	101	12	104	13	112	14	105	15	104	16	115	17	106	18	104	19	104	20	106	21	102	22	118	23	102	24	119	25	120	26	107	27	119	28	110	29	105	30	107	31	100	32	105	33	108	34	119	35	103	36	116	37	119	38	107	39	114	
	0	115	1	111	2	113	3	104	4	105	5	112	6	108	7	120	8	111	9	110	10	106	11	114	12	118	13	114	14	115	15	111	16	109	17	117	18	118	19	112	20	106	21	113	22	100	23	110	24	108	25	110	26	105	27	104	28	105	29	116	30	114	31	114	32	112	33	117	34	113	35	114	36	119	37	114	38	118	39	111	
	0	117	1	111	2	103	3	101	4	101	5	109	6	111	7	120	8	120	9	109	10	104	11	115	12	100	13	105	14	115	15	114	16	109	17	112	18	111	19	118	20	110	21	110	22	105	23	106	24	117	25	107	26	103	27	105	28	100	29	116	30	101	31	115	32	119	33	114	34	105	35	115	36	108	37	103	38	113	39	118	
	0	111	1	107	2	112	3	115	4	101	5	101	6	107	7	120	8	119	9	119	10	110	11	108	12	109	13	105	14	103	15	119	16	116	17	107	18	108	19	109	20	115	21	112	22	110	23	117	24	111	25	105	26	103	27	101	28	105	29	117	30	110	31	108	32	108	33	115	34	101	35	105	36	119	37	119	38	103	39	112	
	0	105	1	102	2	109	3	103	4	118	5	107	6	104	7	101	8	111	9	105	10	102	11	101	12	120	13	100	14	112	15	119	16	117	17	110	18	120	19	118	20	115	21	115	22	108	23	104	24	102	25	120	26	112	27	120	28	115	29	117	30	101	31	120	32	112	33	107	34	109	35	103	36	116	37	106	38	102	39	113	
	0	120	1	112	2	118	3	111	4	111	5	101	6	112	7	107	8	101	9	120	10	114	11	107	12	106	13	118	14	113	15	110	16	106	17	115	18	112	19	104	20	107	21	104	22	114	23	115	24	105	25	114	26	119	27	116	28	106	29	113	30	108	31	118	32	106	33	108	34	112	35	111	36	107	37	106	38	101	39	114	
	0	112	1	100	2	117	3	120	4	113	5	120	6	108	7	107	8	118	9	109	10	114	11	110	12	120	13	109	14	103	15	113	16	111	17	102	18	112	19	114	20	105	21	110	22	118	23	105	24	104	25	110	26	111	27	120	28	107	29	105	30	114	31	110	32	118	33	100	34	104	35	100	36	107	37	120	38	104	39	105	
	0	110	1	113	2	116	3	111	4	100	5	118	6	102	7	102	8	119	9	119	10	102	11	109	12	113	13	119	14	117	15	109	16	110	17	105	18	117	19	111	20	115	21	115	22	116	23	101	24	109	25	115	26	117	27	117	28	120	29	112	30	112	31	118	32	115	33	108	34	118	35	118	36	108	37	103	38	109	39	118	
	0	120	1	113	2	110	3	111	4	106	5	100	6	100	7	108	8	118	9	120	10	106	11	118	12	101	13	110	14	111	15	110	16	105	17	117	18	104	19	106	20	103	21	106	22	106	23	105	24	114	25	111	26	112	27	114	28	115	29	117	30	120	31	108	32	107	33	114	34	107	35	106	36	118	37	104	38	102	39	110	
	0	116	1	101	2	114	3	115	4	102	5	116	6	119	7	103	8	100	9	111	10	101	11	106	12	103	13	120	14	117	15	105	16	104	17	108	18	105	19	109	20	118	21	113	22	102	23	113	24	106	25	100	26	119	27	109	28	117	29	116	30	117	31	101	32	105	33	113	34	103	35	106	36	110	37	115	38	112	39	115	
	0	110	1	102	2	105	3	105	4	120	5	116	6	119	7	113	8	106	9	119	10	101	11	105	12	113	13	102	14	102	15	117	16	105	17	112	18	118	19	116	20	113	21	120	22	108	23	101	24	117	25	117	26	106	27	111	28	116	29	109	30	103	31	102	32	117	33	106	34	108	35	112	36	105	37	118	38	120	39	114	
	0	115	1	108	2	103	3	118	4	105	5	103	6	106	7	119	8	116	9	100	10	105	11	112	12	119	13	118	14	108	15	104	16	113	17	110	18	108	19	106	20	120	21	112	22	100	23	115	24	100	25	102	26	107	27	113	28	101	29	106	30	108	31	112	32	105	33	116	34	115	35	119	36	107	37	103	38	109	39	113	
	0	118	1	118	2	110	3	105	4	111	5	101	6	110	7	105	8	102	9	120	10	113	11	113	12	114	13	116	14	108	15	108	16	118	17	102	18	113	19	113	20	114	21	112	22	110	23	118	24	114	25	109	26	105	27	110	28	109	29	113	30	106	31	110	32	105	33	115	34	120	35	113	36	106	37	114	38	115	39	105	
	0	103	1	113	2	110	3	106	4	109	5	108	6	111	7	118	8	109	9	110	10	117	11	106	12	119	13	109	14	110	15	109	16	114	17	107	18	104	19	114	20	101	21	110	22	109	23	102	24	110	25	111	26	100	27	107	28	118	29	106	30	103	31	113	32	106	33	106	34	101	35	111	36	106	37	101	38	117	39	116	
	0	102	1	109	2	110	3	113	4	110	5	111	6	112	7	108	8	106	9	103	10	113	11	116	12	112	13	112	14	103	15	103	16	117	17	112	18	119	19	117	20	118	21	112	22	101	23	119	24	113	25	115	26	108	27	118	28	107	29	102	30	107	31	115	32	115	33	101	34	112	35	111	36	120	37	104	38	118	39	104	
	0	114	1	106	2	108	3	117	4	108	5	107	6	119	7	115	8	109	9	109	10	106	11	106	12	111	13	120	14	115	15	103	16	110	17	107	18	102	19	105	20	104	21	113	22	101	23	114	24	102	25	110	26	100	27	100	28	116	29	117	30	114	31	106	32	104	33	119	34	102	35	104	36	114	37	117	38	105	39	119	
	0	115	1	120	2	101	3	120	4	111	5	120	6	103	7	112	8	115	9	118	10	119	11	102	12	113	13	106	14	106	15	102	16	107	17	113	18	119	19	110	20	100	21	120	22	100	23	118	24	109	25	107	26	114	27	106	28	119	29	109	30	100	31	118	32	104	33	109	34	119	35	120	36	106	37	105	38	100	39	104	
	0	116	1	112	2	117	3	108	4	113	5	104	6	102	7	116	8	107	9	113	10	117	11	103	12	100	13	115	14	109	15	101	16	106	17	116	18	100	19	109	20	102	21	101	22	100	23	120	24	115	25	104	26	108	27	109	28	114	29	114	30	107	31	110	32	106	33	105	34	111	35	105	36	101	37	112	38	117	39	114	
	0	106	1	106	2	108	3	117	4	116	5	100	6	116	7	100	8	102	9	101	10	100	11	114	12	100	13	114	14	105	15	108	16	106	17	108	18	102	19	111	20	104	21	108	22	113	23	113	24	113	25	101	26	110	27	106	28	108	29	105	30	113	31	112	32	119	33	115	34	102	35	117	36	100	37	115	38	117	39	102	
	0	114	1	110	2	101	3	103	4	105	5	106	6	114	7	118	8	108	9	113	10	113	11	115	12	118	13	115	14	113	15	119	16	112	17	104	18	117	19	111	20	102	21	104	22	109	23	109	24	109	25	114	26	116	27	119	28	105	29	119	30	107	31	110	32	109	33	102	34	107	35	103	36	113	37	100	38	117	39	110	
	0	105	1	106	2	106	3	112	4	109	5	112	6	113	7	105	8	104	9	102	10	102	11	115	12	101	13	106	14	115	15	108	16	118	17	115	18	115	19	101	20	103	21	115	22	109	23	114	24	102	25	103	26	110	27	111	28	117	29	101	30	105	31	120	32	105	33	118	34	118	35	114	36	107	37	118	38	110	39	118	
	0	120	1	102	2	111	3	109	4	113	5	119	6	114	7	111	8	118	9	100	10	102	11	109	12	108	13	104	14	120	15	114	16	100	17	100	18	112	19	100	20	105	21	119	22	101	23	109	24	115	25	103	26	103	27	109	28	113	29	120	30	113	31	104	32	102	33	103	34	106	35	104	36	101	37	119	38	108	39	104	
	0	102	1	120	2	116	3	116	4	102	5	116	6	111	7	116	8	107	9	119	10	117	11	110	12	107	13	112	14	104	15	105	16	103	17	103	18	103	19	107	20	118	21	111	22	103	23	105	24	118	25	109	26	100	27	110	28	119	29	102	30	104	31	104	32	107	33	113	34	115	35	114	36	111	37	120	38	108	39	109	
	0	118	1	120	2	106	3	112	4	107	5	111	6	118	7	119	8	106	9	111	10	120	11	112	12	107	13	108	14	107	15	112	16	110	17	110	18	108	19	116	20	119	21	109	22	100	23	101	24	105	25	101	26	114	27	110	28	111	29	103	30	108	31	120	32	107	33	109	34	100	35	116	36	119	37	108	38	113	39	111	
	0	102	1	114	2	119	3	113	4	117	5	105	6	109	7	114	8	101	9	118	10	115	11	115	12	117	13	101	14	119	15	118	16	119	17	119	18	113	19	103	20	110	21	102	22	102	23	103	24	104	25	113	26	105	27	107	28	120	29	102	30	115	31	106	32	116	33	102	34	101	35	120	36	116	37	109	38	117	39	112	
	0	107	1	120	2	112	3	108	4	104	5	100	6	117	7	104	8	102	9	113	10	119	11	102	12	107	13	107	14	119	15	113	16	114	17	112	18	109	19	104	20	110	21	111	22	103	23	112	24	105	25	104	26	113	27	108	28	120	29	110	30	106	31	120	32	113	33	113	34	106	35	105	36	120	37	118	38	114	39	108	
	0	101	1	114	2	112	3	118	4	118	5	110	6	117	7	117	8	118	9	106	10	102	11	120	12	111	13	116	14	111	15	104	16	111	17	104	18	116	19	105	20	112	21	107	22	103	23	118	24	111	25	117	26	100	27	103	28	101	29	120	30	102	31	111	32	104	33	116	34	120	35	110	36	113	37	120	38	120	39	115	
	0	108	1	104	2	112	3	103	4	115	5	118	6	100	7	105	8	103	9	100	10	113	11	115	12	107	13	103	14	113	15	107	16	108	17	113	18	102	19	104	20	106	21	119	22	106	23	111	24	108	25	102	26	114	27	104	28	100	29	117	30	101	31	118	32	114	33	115	34	110	35	116	36	101	37	108	38	113	39	119	
	0	106	1	113	2	105	3	100	4	106	5	120	6	118	7	109	8	110	9	116	10	113	11	106	12	118	13	113	14	115	15	117	16	119	17	105	18	101	19	105	20	102	21	112	22	100	23	111	24	101	25	115	26	111	27	103	28	116	29	104	30	113	31	101	32	118	33	106	34	102	35	116	36	110	37	113	38	104	39	103	
	0	119	1	108	2	109	3	120	4	113	5	100	6	120	7	103	8	119	9	108	10	105	11	107	12	103	13	114	14	103	15	111	16	108	17	119	18	102	19	109	20	106	21	104	22	105	23	108	24	112	25	113	26	114	27	111	28	107	29	114	30	108	31	111	32	102	33	103	34	116	35	107	36	113	37	116	38	116	39	115	
	0	100	1	104	2	104	3	102	4	107	5	105	6	111	7	106	8	111	9	112	10	103	11	112	12	117	13	103	14	115	15	103	16	113	17	117	18	102	19	100	20	105	21	100	22	118	23	115	24	120	25	115	26	100	27	109	28	115	29	111	30	108	31	102	32	119	33	109	34	112	35	102	36	100	37	116	38	119	39	112	
	0	116	1	120	2	106	3	110	4	116	5	111	6	112	7	103	8	118	9	106	10	106	11	111	12	112	13	107	14	101	15	106	16	101	17	101	18	119	19	116	20	103	21	104	22	103	23	114	24	113	25	110	26	120	27	104	28	102	29	114	30	116	31	105	32	105	33	106	34	120	35	101	36	114	37	115	38	109	39	105	
	0	109	1	117	2	105	3	100	4	112	5	120	6	114	7	112	8	120	9	112	10	104	11	111	12	119	13	108	14	109	15	118	16	110	17	112	18	113	19	105	20	102	21	118	22	112	23	116	24	114	25	107	26	119	27	107	28	109	29	114	30	120	31	111	32	112	33	113	34	114	35	115	36	102	37	100	38	116	39	102	
	0	100	1	104	2	113	3	109	4	102	5	114	6	117	7	108	8	109	9	106	10	104	11	106	12	102	13	112	14	109	15	104	16	114	17	110	18	107	19	119	20	114	21	108	22	100	23	101	24	103	25	116	26	116	27	118	28	113	29	112	30	112	31	116	32	102	33	103	34	109	35	106	36	109	37	105	38	103	39	104	
	0	119	1	106	2	101	3	107	4	115	5	113	6	101	7	101	8	117	9	103	10	112	11	102	12	102	13	115	14	104	15	118	16	117	17	104	18	116	19	108	20	112	21	106	22	119	23	102	24	108	25	111	26	102	27	103	28	100	29	104	30	119	31	108	32	100	33	112	34	100	35	110	36	105	37	102	38	107	39	111	
	0	116	1	107	2	100	3	107	4	109	5	117	6	116	7	105	8	107	9	105	10	107	11	101	12	100	13	116	14	112	15	100	16	117	17	106	18	108	19	120	20	113	21	101	22	107	23	111	24	113	25	118	26	114	27	106	28	100	29	103	30	101	31	100	32	106	33	114	34	103	35	103	36	114	37	113	38	106	39	114	
	0	119	1	115	2	108	3	105	4	111	5	114	6	100	7	107	8	110	9	120	10	120	11	101	12	118	13	114	14	100	15	116	16	119	17	101	18	100	19	108	20	113	21	117	22	104	23	116	24	114	25	113	26	113	27	115	28	120	29	114	30	104	31	116	32	108	33	115	34	102	35	114	36	101	37	102	38	111	39	109	
	0	104	1	116	2	113	3	106	4	117	5	113	6	109	7	109	8	112	9	107	10	111	11	118	12	107	13	111	14	117	15	100	16	105	17	117	18	110	19	106	20	117	21	100	22	111	23	105	24	118	25	118	26	115	27	102	28	117	29	103	30	110	31	115	32	104	33	102	34	103	35	108	36	112	37	118	38	107	39	117	
	0	113	1	110	2	105	3	100	4	111	5	113	6	105	7	111	8	119	9	107	10	101	11	108	12	104	13	107	14	117	15	107	16	118	17	109	18	107	19	103	20	103	21	110	22	113	23	107	24	104	25	102	26	109	27	108	28	120	29	105	30	105	31	113	32	102	33	115	34	106	35	114	36	108	37	107	38	119	39	108	
	0	100	1	103	2	105	3	106	4	104	5	119	6	108	7	107	8	110	9	112	10	106	11	120	12	100	13	111	14	107	15	114	16	118	17	113	18	110	19	113	20	117	21	106	22	103	23	105	24	108	25	107	26	101	27	106	28	120	29	104	30	107	31	104	32	116	33	100	34	102	35	116	36	119	37	102	38	119	39	120	
	0	109	1	102	2	112	3	117	4	104	5	116	6	117	7	120	8	117	9	101	10	119	11	101	12	114	13	103	14	105	15	111	16	101	17	106	18	115	19	120	20	100	21	106	22	115	23	105	24	107	25	100	26	113	27	114	28	100	29	108	30	103	31	113	32	111	33	114	34	112	35	110	36	105	37	116	38	118	39	104	
	0	111	1	117	2	113	3	107	4	109	5	119	6	111	7	110	8	117	9	100	10	107	11	101	12	119	13	119	14	114	15	116	16	105	17	107	18	114	19	114	20	115	21	108	22	116	23	113	24	104	25	106	26	111	27	111	28	108	29	112	30	106	31	118	32	100	33	117	34	113	35	109	36	108	37	101	38	110	39	113	
	0	119	1	114	2	109	3	104	4	118	5	113	6	107	7	114	8	101	9	119	10	116	11	110	12	114	13	110	14	117	15	104	16	106	17	114	18	120	19	108	20	112	21	114	22	120	23	119	24	115	25	116	26	119	27	111	28	111	29	110	30	106	31	109	32	103	33	106	34	114	35	108	36	109	37	102	38	115	39	112	
	0	119	1	115	2	111	3	116	4	100	5	103	6	108	7	101	8	106	9	105	10	118	11	118	12	107	13	112	14	116	15	116	16	105	17	101	18	107	19	114	20	116	21	117	22	105	23	119	24	104	25	106	26	115	27	120	28	112	29	118	30	107	31	117	32	114	33	104	34	101	35	111	36	109	37	106	38	103	39	105	
	0	106	1	100	2	115	3	106	4	111	5	101	6	118	7	112	8	101	9	101	10	113	11	102	12	107	13	105	14	111	15	115	16	115	17	119	18	117	19	116	20	112	21	103	22	101	23	106	24	116	25	111	26	110	27	104	28	102	29	114	30	111	31	101	32	111	33	117	34	101	35	109	36	102	37	115	38	117	39	106	
	0	108	1	120	2	101	3	111	4	119	5	111	6	108	7	117	8	102	9	109	10	113	11	102	12	102	13	101	14	115	15	112	16	113	17	118	18	101	19	109	20	114	21	101	22	109	23	119	24	111	25	100	26	108	27	117	28	118	29	108	30	119	31	114	32	112	33	102	34	100	35	108	36	116	37	118	38	120	39	101	
	0	101	1	106	2	108	3	102	4	113	5	117	6	115	7	107	8	112	9	116	10	104	11	108	12	105	13	114	14	118	15	109	16	119	17	110	18	109	19	112	20	100	21	112	22	101	23	107	24	102	25	119	26	116	27	120	28	104	29	113	30	111	31	104	32	116	33	101	34	101	35	115	36	119	37	118	38	100	39	108	
	0	106	1	113	2	100	3	100	4	101	5	104	6	119	7	118	8	116	9	105	10	102	11	104	12	107	13	118	14	120	15	111	16	111	17	111	18	113	19	116	20	108	21	112	22	101	23	114	24	113	25	107	26	111	27	105	28	107	29	116	30	118	31	102	32	107	33	113	34	106	35	103	36	107	37	120	38	106	39	116	
	0	108	1	114	2	101	3	118	4	111	5	103	6	101	7	102	8	113	9	105	10	106	11	108	12	101	13	105	14	104	15	102	16	111	17	100	18	108	19	109	20	118	21	111	22	119	23	102	24	102	25	118	26	100	27	100	28	118	29	114	30	113	31	100	32	111	33	104	34	103	35	118	36	106	37	107	38	109	39	118	
	0	105	1	110	2	102	3	100	4	103	5	102	6	119	7	111	8	118	9	110	10	119	11	117	12	106	13	112	14	101	15	108	16	115	17	108	18	101	19	107	20	111	21	103	22	110	23	111	24	116	25	102	26	112	27	114	28	114	29	105	30	103	31	109	32	110	33	110	34	106	35	119	36	119	37	101	38	108	39	112	
	0	100	1	103	2	108	3	109	4	112	5	115	6	106	7	106	8	108	9	104	10	101	11	112	12	105	13	108	14	104	15	112	16	104	17	110	18	111	19	116	20	119	21	107	22	103	23	103	24	119	25	120	26	107	27	120	28	109	29	103	30	101	31	117	32	116	33	116	34	117	35	115	36	102	37	104	38	120	39	104	
	0	112	1	118	2	114	3	119	4	110	5	116	6	113	7	101	8	110	9	107	10	106	11	112	12	104	13	114	14	108	15	116	16	104	17	117	18	115	19	109	20	103	21	107	22	120	23	108	24	120	25	105	26	117	27	110	28	120	29	100	30	107	31	104	32	117	33	120	34	109	35	105	36	106	37	120	38	103	39	102	
	0	114	1	103	2	112	3	100	4	113	5	113	6	100	7	104	8	101	9	109	10	117	11	117	12	106	13	101	14	106	15	118	16	100	17	118	18	110	19	102	20	106	21	104	22	115	23	119	24	110	25	100	26	104	27	114	28	104	29	120	30	104	31	110	32	110	33	102	34	113	35	107	36	105	37	111	38	101	39	109	
	0	116	1	120	2	100	3	101	4	119	5	118	6	110	7	107	8	115	9	116	10	109	11	108	12	100	13	113	14	120	15	117	16	114	17	105	18	120	19	102	20	115	21	114	22	120	23	101	24	113	25	115	26	119	27	105	28	109	29	114	30	108	31	111	32	113	33	109	34	103	35	100	36	102	37	105	38	120	39	112	
	0	111	1	107	2	111	3	115	4	107	5	106	6	112	7	117	8	113	9	120	10	106	11	105	12	106	13	119	14	102	15	114	16	115	17	119	18	113	19	119	20	100	21	120	22	100	23	113	24	111	25	109	26	119	27	108	28	102	29	107	30	102	31	111	32	102	33	112	34	113	35	113	36	118	37	113	38	107	39	114	
	0	101	1	117	2	117	3	114	4	116	5	115	6	114	7	116	8	109	9	120	10	109	11	102	12	104	13	105	14	119	15	105	16	116	17	106	18	100	19	100	20	109	21	110	22	108	23	101	24	114	25	120	26	110	27	103	28	105	29	105	30	104	31	108	32	111	33	120	34	108	35	118	36	111	37	107	38	110	39	110	
	0	104	1	112	2	108	3	113	4	109	5	119	6	107	7	104	8	112	9	120	10	103	11	115	12	102	13	116	14	110	15	116	16	111	17	112	18	107	19	115	20	115	21	100	22	108	23	105	24	115	25	118	26	107	27	115	28	108	29	117	30	109	31	118	32	120	33	109	34	100	35	120	36	113	37	107	38	107	39	110	
	0	118	1	116	2	103	3	118	4	108	5	108	6	118	7	103	8	120	9	102	10	116	11	110	12	112	13	110	14	103	15	106	16	102	17	116	18	109	19	108	20	111	21	105	22	116	23	104	24	103	25	112	26	105	27	105	28	118	29	114	30	107	31	114	32	101	33	107	34	107	35	105	36	114	37	101	38	106	39	118	
	0	103	1	110	2	108	3	107	4	103	5	108	6	115	7	115	8	102	9	104	10	101	11	108	12	120	13	101	14	106	15	108	16	119	17	118	18	120	19	120	20	112	21	100	22	113	23	115	24	111	25	103	26	113	27	113	28	112	29	101	30	114	31	103	32	112	33	120	34	104	35	107	36	119	37	104	38	120	39	117	
	0	116	1	119	2	109	3	104	4	100	5	116	6	109	7	100	8	108	9	118	10	111	11	119	12	107	13	116	14	120	15	112	16	117	17	115	18	116	19	107	20	104	21	102	22	109	23	100	24	102	25	108	26	120	27	110	28	110	29	114	30	113	31	104	32	111	33	117	34	106	35	110	36	105	37	119	38	119	39	115	
	0	110	1	105	2	116	3	103	4	102	5	118	6	101	7	103	8	104	9	109	10	102	11	114	12	112	13	104	14	109	15	107	16	101	17	116	18	118	19	114	20	114	21	100	22	110	23	116	24	106	25	107	26	112	27	113	28	113	29	112	30	108	31	114	32	113	33	120	34	111	35	108	36	114	37	114	38	107	39	118	
	0	120	1	102	2	110	3	118	4	120	5	108	6	106	7	103	8	106	9	116	10	115	11	107	12	101	13	112	14	110	15	112	16	102	17	103	18	111	19	111	20	114	21	108	22	101	23	113	24	111	25	120	26	117	27	120	28	101	29	101	30	107	31	105	32	112	33	104	34	101	35	117	36	111	37	118	38	114	39	109	
	0	106	1	100	2	110	3	109	4	101	5	113	6	114	7	111	8	108	9	118	10	115	11	114	12	100	13	106	14	101	15	118	16	111	17	113	18	106	19	119	20	110	21	117	22	107	23	112	24	106	25	101	26	118	27	107	28	114	29	116	30	104	31	102	32	119	33	115	34	107	35	113	36	120	37	118	38	109	39	116	
	0	119	1	111	2	113	3	111	4	109	5	105	6	113	7	110	8	110	9	112	10	119	11	120	12	114	13	105	14	101	15	101	16	120	17	119	18	106	19	116	20	118	21	101	22	102	23	115	24	114	25	110	26	113	27	117	28	110	29	117	30	103	31	105	32	113	33	112	34	108	35	100	36	118	37	103	38	105	39	113	
	0	120	1	118	2	115	3	110	4	109	5	106	6	105	7	106	8	115	9	102	10	111	11	105	12	118	13	118	14	116	15	111	16	103	17	103	18	105	19	111	20	111	21	114	22	111	23	109	24	117	25	108	26	108	27	118	28	106	29	118	30	120	31	104	32	104	33	105	34	120	35	103	36	111	37	112	38	105	39	111	
	0	111	1	102	2	109	3	120	4	116	5	103	6	100	7	117	8	105	9	102	10	119	11	115	12	103	13	107	14	103	15	105	16	108	17	115	18	112	19	110	20	117	21	105	22	110	23	113	24	112	25	108	26	109	27	114	28	115	29	116	30	101	31	104	32	103	33	100	34	103	35	107	36	120	37	110	38	119	39	109	
	0	110	1	108	2	111	3	101	4	115	5	116	6	103	7	113	8	118	9	103	10	120	11	115	12	104	13	108	14	101	15	105	16	106	17	110	18	116	19	107	20	100	21	107	22	100	23	103	24	109	25	116	26	115	27	116	28	100	29	118	30	113	31	102	32	106	33	116	34	118	35	119	36	118	37	108	38	120	39	109	
	0	105	1	108	2	112	3	113	4	118	5	107	6	105	7	105	8	106	9	116	10	110	11	104	12	107	13	107	14	117	15	110	16	103	17	102	18	110	19	119	20	108	21	106	22	111	23	107	24	100	25	110	26	113	27	118	28	108	29	114	30	119	31	118	32	119	33	120	34	119	35	114	36	120	37	114	38	107	39	118	
	0	115	1	118	2	112	3	103	4	120	5	111	6	105	7	106	8	105	9	118	10	104	11	100	12	119	13	117	14	101	15	113	16	101	17	112	18	117	19	115	20	107	21	112	22	103	23	104	24	106	25	114	26	110	27	100	28	111	29	102	30	114	31	110	32	106	33	103	34	107	35	103	36	112	37	110	38	103	39	103	
	0	109	1	113	2	101	3	117	4	119	5	111	6	108	7	118	8	101	9	109	10	105	11	113	12	108	13	119	14	111	15	103	16	104	17	116	18	104	19	110	20	110	21	119	22	109	23	102	24	102	25	101	26	111	27	115	28	115	29	116	30	103	31	106	32	120	33	119	34	116	35	115	36	118	37	113	38	108	39	108	