200 40 1
40
	0	100	1	101	2	109	3	102	4	120	5	102	6	119	7	102	8	119	9	105	10	115	11	113	12	100	13	118	14	117	15	107	16	110	17	104	18	118	19	114	20	120	21	106	22	112	23	106	24	115	25	118	26	106	27	101	28	105	29	108	30	101	31	114	32	101	33	106	34	119	35	102	36	103	37	113	38	109	39	106	
	0	108	1	105	2	105	3	101	4	111	5	102	6	104	7	118	8	105	9	100	10	111	11	101	12	116	13	116	14	106	15	110	16	118	17	102	18	106	19	103	20	103	21	102	22	104	23	100	24	100	25	106	26	110	27	120	28	118	29	119	30	120	31	105	32	104	33	110	34	110	35	117	36	117	37	109	38	101	39	112	
	0	118	1	117	2	108	3	116	4	119	5	106	6	110	7	116	8	109	9	114	10	110	11	117	12	116	13	110	14	119	15	120	16	104	17	116	18	101	19	110	20	110	21	120	22	110	23	108	24	106	25	120	26	100	27	100	28	119	29	116	30	104	31	113	32	100	33	117	34	117	35	116	36	109	37	106	38	111	39	112	
	0	115	1	116	2	104	3	100	4	105	5	112	6	108	7	107	8	101	9	101	10	109	11	111	12	103	13	104	14	114	15	114	16	112	17	117	18	106	19	113	20	117	21	107	22	117	23	109	24	101	25	109	26	108	27	113	28	102	29	116	30	117	31	112	32	112	33	107	34	117	35	104	36	105	37	103	38	110	39	113	
	0	113	1	104	2	114	3	109	4	108	5	118	6	109	7	108	8	103	9	117	10	106	11	116	12	117	13	105	14	118	15	115	16	112	17	104	18	120	19	105	20	101	21	107	22	105	23	115	24	102	25	114	26	116	27	110	28	111	29	114	30	116	31	107	32	117	33	101	34	116	35	109	36	106	37	118	38	113	39	119	
	0	110	1	115	2	101	3	120	4	110	5	112	6	113	7	111	8	111	9	107	10	116	11	120	12	109	13	115	14	103	15	114	16	108	17	119	18	116	19	100	20	119	21	104	22	117	23	117	24	102	25	116	26	102	27	106	28	113	29	105	30	118	31	107	32	113	33	111	34	120	35	108	36	109	37	101	38	113	39	119	
	0	115	1	118	2	113	3	116	4	103	5	105	6	116	7	115	8	115	9	120	10	118	11	104	12	109	13	114	14	106	15	103	16	114	17	114	18	107	19	106	20	117	21	107	22	110	23	101	24	106	25	117	26	110	27	109	28	111	29	107	30	119	31	111	32	116	33	102	34	115	35	105	36	101	37	113	38	111	39	105	
	0	100	1	115	2	107	3	119	4	104	5	120	6	115	7	117	8	114	9	104	10	102	11	102	12	115	13	101	14	119	15	101	16	116	17	112	18	103	19	119	20	109	21	120	22	107	23	120	24	120	25	108	26	113	27	118	28	116	29	117	30	104	31	100	32	106	33	106	34	115	35	103	36	106	37	101	38	116	39	120	
	0	107	1	110	2	112	3	103	4	107	5	106	6	118	7	117	8	114	9	113	10	113	11	118	12	107	13	106	14	103	15	104	16	113	17	118	18	118	19	111	20	100	21	118	22	118	23	103	24	108	25	105	26	103	27	102	28	112	29	109	30	101	31	103	32	111	33	118	34	101	35	105	36	100	37	103	38	105	39	115	
	0	111	1	102	2	102	3	117	4	114	5	105	6	114	7	115	8	110	9	116	10	104	11	107	12	114	13	104	14	117	15	112	16	119	17	116	18	104	19	102	20	109	21	117	22	115	23	118	24	110	25	111	26	107	27	106	28	117	29	101	30	107	31	108	32	106	33	114	34	117	35	108	36	114	37	117	38	109	39	103	
	0	105	1	119	2	120	3	119	4	118	5	114	6	109	7	106	8	108	9	102	10	109	11	103	12	100	13	103	14	103	15	102	16	101	17	119	18	103	19	117	20	117	21	112	22	110	23	105	24	115	25	109	26	118	27	117	28	109	29	101	30	111	31	114	32	118	33	106	34	112	35	101	36	106	37	113	38	114	39	111	
	0	110	1	113	2	110	3	106	4	110	5	107	6	107	7	100	8	112	9	108	10	105	11	117	12	112	13	110	14	108	15	110	16	111	17	101	18	111	19	109	20	111	21	120	22	101	23	111	24	118	25	111	26	104	27	120	28	112	29	113	30	108	31	111	32	118	33	110	34	113	35	113	36	112	37	114	38	109	39	103	
	0	106	1	109	2	104	3	105	4	108	5	106	6	107	7	105	8	113	9	109	10	118	11	109	12	114	13	113	14	100	15	120	16	105	17	113	18	108	19	119	20	102	21	113	22	109	23	108	24	116	25	106	26	116	27	113	28	108	29	118	30	119	31	114	32	115	33	117	34	102	35	111	36	105	37	115	38	114	39	102	
	0	100	1	105	2	119	3	105	4	117	5	100	6	114	7	120	8	110	9	119	10	108	11	110	12	110	13	106	14	105	15	117	16	112	17	110	18	109	19	114	20	110	21	120	22	118	23	100	24	113	25	102	26	107	27	109	28	114	29	113	30	103	31	109	32	114	33	120	34	120	35	112	36	102	37	113	38	109	39	113	
	0	115	1	117	2	111	3	119	4	115	5	120	6	112	7	118	8	113	9	115	10	113	11	115	12	109	13	109	14	113	15	113	16	109	17	117	18	114	19	110	20	119	21	116	22	112	23	117	24	103	25	107	26	104	27	101	28	110	29	117	30	100	31	106	32	108	33	100	34	118	35	104	36	100	37	118	38	117	39	107	
	0	101	1	120	2	105	3	108	4	118	5	115	6	106	7	106	8	105	9	110	10	106	11	108	12	116	13	119	14	114	15	117	16	103	17	105	18	113	19	100	20	119	21	119	22	119	23	120	24	105	25	112	26	116	27	105	28	107	29	120	30	109	31	117	32	111	33	110	34	117	35	113	36	112	37	117	38	108	39	116	
	0	119	1	117	2	104	3	117	4	111	5	100	6	110	7	112	8	100	9	100	10	116	11	119	12	107	13	100	14	120	15	105	16	110	17	101	18	107	19	101	20	115	21	107	22	102	23	104	24	101	25	115	26	115	27	120	28	117	29	120	30	104	31	115	32	120	33	111	34	107	35	112	36	113	37	116	38	116	39	112	
	0	103	1	107	2	106	3	111	4	110	5	106	6	103	7	112	8	117	9	103	10	105	11	115	12	111	13	106	14	117	15	118	16	114	17	109	18	114	19	104	20	117	21	116	22	112	23	115	24	109	25	107	26	111	27	100	28	105	29	107	30	102	31	105	32	120	33	101	34	106	35	116	36	112	37	110	38	109	39	115	
	0	119	1	120	2	115	3	117	4	112	5	110	6	107	7	115	8	120	9	106	10	116	11	115	12	100	13	100	14	118	15	106	16	111	17	106	18	114	19	112	20	113	21	106	22	104	23	112	24	101	25	108	26	112	27	117	28	103	29	117	30	102	31	115	32	118	33	112	34	110	35	116	36	118	37	109	38	105	39	100	
	0	119	1	107	2	117	3	116	4	110	5	110	6	107	7	109	8	105	9	100	10	106	11	107	12	106	13	104	14	109	15	107	16	117	17	107	18	111	19	112	20	117	21	109	22	110	23	102	24	108	25	114	26	100	27	118	28	107	29	101	30	111	31	101	32	102	33	102	34	101	35	114	36	101	37	102	38	100	39	105	
	0	110	1	111	2	110	3	103	4	114	5	117	6	108	7	116	8	118	9	103	10	104	11	119	12	100	13	108	14	110	15	108	16	100	17	116	18	116	19	111	20	114	21	110	22	118	23	116	24	114	25	100	26	100	27	112	28	111	29	100	30	109	31	118	32	119	33	114	34	119	35	116	36	108	37	102	38	107	39	110	
	0	101	1	115	2	108	3	106	4	108	5	107	6	117	7	101	8	106	9	104	10	115	11	109	12	100	13	118	14	112	15	116	16	101	17	108	18	111	19	109	20	118	21	116	22	105	23	111	24	117	25	100	26	114	27	105	28	100	29	101	30	108	31	116	32	103	33	105	34	116	35	102	36	112	37	115	38	114	39	115	
	0	111	1	106	2	116	3	120	4	117	5	108	6	104	7	106	8	112	9	118	10	101	11	103	12	111	13	118	14	107	15	111	16	106	17	106	18	111	19	106	20	110	21	102	22	114	23	102	24	105	25	111	26	101	27	118	28	101	29	101	30	108	31	117	32	112	33	109	34	116	35	110	36	111	37	109	38	103	39	100	
	0	100	1	115	2	107	3	106	4	120	5	104	6	116	7	119	8	106	9	101	10	109	11	112	12	116	13	107	14	119	15	113	16	103	17	114	18	107	19	102	20	111	21	101	22	109	23	101	24	104	25	101	26	108	27	110	28	107	29	117	30	106	31	116	32	100	33	106	34	101	35	118	36	118	37	106	38	103	39	117	
	0	108	1	117	2	118	3	105	4	104	5	100	6	101	7	107	8	105	9	110	10	109	11	116	12	108	13	115	14	112	15	112	16	116	17	101	18	112	19	102	20	118	21	110	22	105	23	116	24	103	25	101	26	114	27	103	28	116	29	108	30	105	31	119	32	106	33	110	34	106	35	103	36	108	37	106	38	120	39	100	
	0	113	1	106	2	103	3	104	4	118	5	117	6	104	7	110	8	103	9	112	10	105	11	101	12	101	13	116	14	120	15	115	16	107	17	110	18	117	19	118	20	120	21	116	22	103	23	102	24	110	25	103	26	112	27	120	28	105	29	104	30	111	31	119	32	113	33	102	34	115	35	120	36	106	37	112	38	118	39	106	
	0	105	1	101	2	114	3	104	4	114	5	116	6	113	7	102	8	114	9	115	10	112	11	104	12	113	13	112	14	118	15	107	16	106	17	113	18	117	19	116	20	112	21	107	22	103	23	113	24	106	25	119	26	111	27	108	28	102	29	110	30	106	31	105	32	119	33	119	34	108	35	115	36	105	37	104	38	118	39	104	
	0	104	1	118	2	103	3	115	4	120	5	113	6	108	7	119	8	108	9	106	10	106	11	117	12	107	13	119	14	109	15	112	16	120	17	111	18	101	19	102	20	107	21	108	22	117	23	118	24	111	25	120	26	101	27	116	28	113	29	116	30	103	31	119	32	116	33	117	34	117	35	116	36	102	37	106	38	118	39	108	
	0	113	1	103	2	106	3	100	4	120	5	110	6	107	7	113	8	107	9	101	10	106	11	112	12	110	13	100	14	107	15	106	16	109	17	102	18	103	19	113	20	116	21	101	22	106	23	114	24	111	25	100	26	119	27	116	28	119	29	101	30	117	31	100	32	103	33	118	34	109	35	113	36	112	37	113	38	118	39	110	
	0	115	1	119	2	110	3	103	4	116	5	104	6	108	7	112	8	109	9	111	10	114	11	115	12	105	13	102	14	100	15	114	16	107	17	112	18	117	19	119	20	113	21	102	22	106	23	110	24	115	25	113	26	115	27	108	28	110	29	104	30	111	31	101	32	104	33	102	34	115	35	114	36	109	37	103	38	117	39	103	
	0	120	1	115	2	106	3	114	4	103	5	118	6	101	7	117	8	105	9	117	10	107	11	102	12	108	13	102	14	113	15	107	16	115	17	119	18	101	19	109	20	104	21	114	22	119	23	105	24	106	25	110	26	119	27	119	28	110	29	100	30	108	31	117	32	107	33	112	34	107	35	117	36	115	37	113	38	103	39	102	
	0	114	1	105	2	106	3	113	4	114	5	103	6	106	7	102	8	108	9	102	10	104	11	102	12	103	13	102	14	119	15	103	16	111	17	116	18	105	19	109	20	108	21	111	22	101	23	102	24	103	25	111	26	104	27	111	28	117	29	108	30	119	31	116	32	103	33	110	34	111	35	109	36	106	37	119	38	119	39	105	
	0	104	1	113	2	113	3	105	4	114	5	116	6	114	7	105	8	114	9	112	10	107	11	100	12	117	13	108	14	112	15	109	16	106	17	109	18	107	19	105	20	119	21	117	22	120	23	116	24	111	25	103	26	106	27	100	28	102	29	109	30	103	31	107	32	116	33	102	34	103	35	103	36	107	37	102	38	116	39	105	
	0	113	1	113	2	102	3	102	4	119	5	118	6	116	7	118	8	101	9	115	10	107	11	105	12	105	13	115	14	118	15	110	16	120	17	119	18	106	19	102	20	111	21	115	22	101	23	111	24	108	25	111	26	103	27	110	28	102	29	102	30	101	31	109	32	119	33	120	34	110	35	107	36	100	37	120	38	119	39	104	
	0	110	1	117	2	101	3	100	4	106	5	112	6	102	7	118	8	119	9	107	10	115	11	110	12	102	13	114	14	118	15	106	16	101	17	107	18	117	19	101	20	119	21	108	22	106	23	102	24	120	25	102	26	117	27	104	28	117	29	110	30	113	31	120	32	119	33	106	34	115	35	108	36	109	37	116	38	110	39	107	
	0	105	1	102	2	114	3	105	4	102	5	102	6	112	7	111	8	101	9	116	10	119	11	105	12	115	13	110	14	104	15	116	16	113	17	101	18	120	19	101	20	118	21	113	22	113	23	103	24	108	25	105	26	102	27	110	28	103	29	113	30	108	31	112	32	114	33	114	34	117	35	119	36	109	37	114	38	111	39	107	
	0	111	1	115	2	105	3	117	4	116	5	115	6	111	7	116	8	117	9	106	10	115	11	116	12	111	13	105	14	103	15	106	16	109	17	116	18	119	19	103	20	112	21	101	22	116	23	107	24	109	25	110	26	112	27	112	28	113	29	100	30	110	31	111	32	102	33	100	34	118	35	103	36	114	37	101	38	118	39	101	
	0	100	1	114	2	100	3	101	4	100	5	110	6	108	7	108	8	118	9	105	10	110	11	108	12	102	13	114	14	115	15	100	16	116	17	108	18	103	19	111	20	106	21	114	22	103	23	114	24	116	25	107	26	116	27	109	28	103	29	102	30	111	31	108	32	113	33	108	34	109	35	110	36	112	37	119	38	104	39	116	
	0	112	1	104	2	105	3	108	4	119	5	112	6	113	7	109	8	105	9	118	10	120	11	114	12	109	13	116	14	116	15	104	16	120	17	117	18	109	19	119	20	112	21	104	22	119	23	111	24	105	25	116	26	120	27	116	28	107	29	120	30	102	31	106	32	109	33	102	34	118	35	119	36	110	37	115	38	100	39	100	
	0	117	1	108	2	106	3	104	4	109	5	113	6	116	7	109	8	102	9	104	10	103	11	114	12	114	13	103	14	116	15	116	16	117	17	111	18	117	19	115	20	104	21	111	22	118	23	119	24	106	25	119	26	102	27	119	28	109	29	115	30	109	31	111	32	109	33	101	34	103	35	115	36	102	37	113	38	102	39	107	
	0	108	1	109	2	115	3	106	4	116	5	101	6	103	7	100	8	119	9	117	10	111	11	102	12	104	13	108	14	112	15	100	16	117	17	110	18	108	19	100	20	120	21	119	22	116	23	105	24	120	25	107	26	100	27	113	28	106	29	110	30	114	31	118	32	120	33	113	34	100	35	110	36	108	37	117	38	109	39	116	
	0	120	1	118	2	117	3	116	4	110	5	105	6	100	7	102	8	102	9	116	10	117	11	116	12	105	13	108	14	117	15	103	16	118	17	116	18	115	19	112	20	110	21	109	22	113	23	116	24	105	25	107	26	104	27	110	28	103	29	100	30	104	31	109	32	103	33	115	34	109	35	110	36	115	37	114	38	103	39	120	
	0	112	1	110	2	107	3	104	4	108	5	101	6	107	7	108	8	114	9	109	10	108	11	116	12	117	13	120	14	102	15	108	16	109	17	110	18	120	19	109	20	118	21	105	22	111	23	120	24	114	25	113	26	113	27	118	28	117	29	100	30	120	31	109	32	115	33	115	34	120	35	120	36	117	37	106	38	103	39	104	
	0	102	1	104	2	114	3	101	4	102	5	114	6	100	7	102	8	108	9	119	10	107	11	100	12	101	13	106	14	119	15	111	16	117	17	112	18	116	19	107	20	115	21	112	22	115	23	112	24	117	25	110	26	108	27	120	28	113	29	108	30	110	31	114	32	116	33	116	34	118	35	119	36	115	37	104	38	119	39	104	
	0	101	1	109	2	119	3	100	4	118	5	108	6	103	7	102	8	105	9	108	10	100	11	113	12	120	13	113	14	105	15	111	16	120	17	114	18	112	19	120	20	105	21	102	22	104	23	109	24	116	25	104	26	109	27	105	28	116	29	101	30	104	31	110	32	105	33	118	34	118	35	107	36	101	37	102	38	115	39	103	
	0	103	1	117	2	109	3	116	4	101	5	107	6	110	7	105	8	111	9	118	10	109	11	103	12	102	13	111	14	113	15	109	16	101	17	100	18	116	19	101	20	119	21	101	22	115	23	118	24	103	25	119	26	109	27	109	28	117	29	114	30	118	31	116	32	109	33	113	34	117	35	115	36	107	37	102	38	109	39	102	
	0	119	1	120	2	101	3	102	4	102	5	100	6	100	7	117	8	120	9	112	10	104	11	110	12	107	13	107	14	105	15	101	16	105	17	111	18	110	19	111	20	106	21	112	22	105	23	111	24	115	25	106	26	116	27	104	28	116	29	120	30	109	31	107	32	103	33	118	34	104	35	117	36	100	37	111	38	103	39	118	
	0	105	1	113	2	118	3	102	4	108	5	110	6	107	7	117	8	115	9	112	10	104	11	111	12	110	13	114	14	113	15	119	16	105	17	108	18	112	19	103	20	107	21	111	22	104	23	117	24	115	25	114	26	117	27	116	28	102	29	113	30	118	31	118	32	120	33	107	34	111	35	112	36	108	37	106	38	110	39	111	
	0	101	1	109	2	110	3	104	4	113	5	118	6	118	7	115	8	118	9	118	10	119	11	113	12	108	13	100	14	104	15	103	16	112	17	112	18	114	19	118	20	113	21	101	22	117	23	112	24	118	25	117	26	104	27	104	28	112	29	115	30	116	31	115	32	116	33	108	34	111	35	119	36	119	37	106	38	111	39	101	
	0	104	1	103	2	107	3	119	4	113	5	117	6	100	7	101	8	101	9	118	10	117	11	114	12	103	13	106	14	117	15	103	16	118	17	117	18	103	19	101	20	113	21	108	22	109	23	120	24	100	25	117	26	102	27	117	28	106	29	117	30	120	31	118	32	101	33	117	34	109	35	107	36	110	37	116	38	111	39	117	
	0	120	1	108	2	107	3	106	4	105	5	102	6	111	7	109	8	118	9	113	10	119	11	116	12	119	13	104	14	103	15	110	16	104	17	101	18	116	19	114	20	112	21	118	22	116	23	104	24	117	25	112	26	106	27	101	28	104	29	110	30	118	31	107	32	101	33	111	34	106	35	108	36	103	37	113	38	108	39	109	
	0	102	1	103	2	107	3	109	4	114	5	120	6	104	7	120	8	109	9	120	10	119	11	110	12	112	13	119	14	119	15	108	16	103	17	117	18	107	19	118	20	107	21	102	22	114	23	112	24	115	25	106	26	117	27	120	28	110	29	104	30	116	31	100	32	114	33	118	34	113	35	103	36	108	37	100	38	103	39	100	
	0	106	1	113	2	111	3	110	4	112	5	103	6	112	7	106	8	111	9	116	10	110	11	100	12	103	13	106	14	109	15	107	16	115	17	105	18	104	19	107	20	116	21	115	22	100	23	114	24	120	25	114	26	108	27	112	28	118	29	112	30	115	31	101	32	101	33	111	34	119	35	100	36	109	37	101	38	100	39	105	
	0	110	1	104	2	100	3	112	4	101	5	113	6	110	7	111	8	112	9	108	10	103	11	105	12	100	13	113	14	101	15	106	16	105	17	106	18	102	19	109	20	106	21	105	22	110	23	103	24	102	25	110	26	118	27	105	28	118	29	103	30	105	31	117	32	117	33	116	34	100	35	113	36	105	37	108	38	115	39	112	
	0	116	1	103	2	110	3	114	4	110	5	115	6	117	7	117	8	107	9	116	10	120	11	109	12	113	13	117	14	100	15	105	16	103	17	109	18	104	19	102	20	115	21	108	22	104	23	106	24	111	25	103	26	111	27	116	28	110	29	104	30	110	31	106	32	102	33	118	34	104	35	104	36	106	37	111	38	107	39	115	
	0	103	1	104	2	106	3	101	4	105	5	109	6	113	7	112	8	109	9	101	10	114	11	114	12	105	13	116	14	112	15	119	16	103	17	118	18	114	19	106	20	113	21	100	22	100	23	103	24	102	25	102	26	117	27	118	28	112	29	105	30	109	31	110	32	106	33	109	34	105	35	115	36	104	37	108	38	102	39	111	
	0	108	1	103	2	112	3	110	4	103	5	116	6	117	7	115	8	118	9	114	10	103	11	101	12	110	13	118	14	112	15	116	16	117	17	115	18	118	19	116	20	101	21	105	22	112	23	103	24	120	25	103	26	116	27	116	28	116	29	119	30	101	31	108	32	104	33	107	34	117	35	109	36	118	37	103	38	113	39	111	
	0	119	1	102	2	119	3	105	4	120	5	117	6	113	7	104	8	109	9	113	10	100	11	112	12	109	13	117	14	101	15	109	16	105	17	109	18	104	19	117	20	105	21	119	22	100	23	100	24	112	25	114	26	119	27	103	28	118	29	104	30	113	31	100	32	111	33	118	34	112	35	103	36	113	37	114	38	111	39	104	
	0	105	1	117	2	101	3	114	4	115	5	112	6	113	7	101	8	108	9	108	10	120	11	105	12	111	13	105	14	111	15	108	16	108	17	113	18	113	19	117	20	117	21	104	22	119	23	110	24	118	25	110	26	110	27	105	28	100	29	118	30	117	31	101	32	101	33	106	34	109	35	115	36	117	37	108	38	112	39	120	
	0	109	1	117	2	117	3	117	4	117	5	117	6	119	7	114	8	107	9	116	10	116	11	111	12	112	13	100	14	116	15	109	16	114	17	120	18	119	19	113	20	111	21	112	22	114	23	102	24	104	25	108	26	108	27	112	28	116	29	109	30	117	31	106	32	110	33	101	34	118	35	118	36	117	37	105	38	107	39	113	
	0	116	1	104	2	100	3	117	4	117	5	113	6	105	7	108	8	117	9	111	10	102	11	109	12	100	13	119	14	109	15	112	16	119	17	101	18	113	19	101	20	103	21	108	22	104	23	102	24	111	25	117	26	116	27	118	28	103	29	114	30	107	31	113	32	111	33	118	34	117	35	112	36	113	37	102	38	119	39	108	
	0	106	1	115	2	106	3	107	4	112	5	102	6	114	7	105	8	119	9	106	10	102	11	104	12	106	13	114	14	110	15	119	16	111	17	108	18	118	19	111	20	119	21	115	22	118	23	101	24	118	25	104	26	117	27	109	28	102	29	111	30	112	31	114	32	118	33	113	34	105	35	109	36	102	37	100	38	112	39	103	
	0	103	1	110	2	114	3	119	4	106	5	114	6	109	7	106	8	113	9	106	10	117	11	112	12	110	13	111	14	115	15	112	16	110	17	117	18	114	19	109	20	110	21	108	22	119	23	111	24	117	25	105	26	109	27	117	28	100	29	107	30	111	31	107	32	111	33	106	34	104	35	102	36	111	37	114	38	107	39	100	
	0	107	1	110	2	110	3	109	4	113	5	117	6	110	7	102	8	104	9	107	10	119	11	100	12	119	13	106	14	119	15	115	16	100	17	109	18	117	19	118	20	116	21	103	22	101	23	105	24	114	25	118	26	113	27	105	28	106	29	111	30	116	31	112	32	106	33	103	34	116	35	115	36	114	37	111	38	106	39	105	
	0	110	1	103	2	102	3	118	4	119	5	120	6	107	7	104	8	115	9	105	10	102	11	111	12	101	13	112	14	101	15	117	16	112	17	109	18	101	19	108	20	117	21	105	22	112	23	109	24	120	25	106	26	112	27	110	28	108	29	102	30	105	31	112	32	119	33	108	34	118	35	109	36	118	37	114	38	110	39	117	
	0	104	1	104	2	117	3	119	4	110	5	100	6	111	7	105	8	112	9	113	10	106	11	108	12	110	13	107	14	104	15	106	16	109	17	110	18	118	19	110	20	111	21	109	22	101	23	101	24	117	25	112	26	111	27	103	28	102	29	116	30	117	31	109	32	120	33	112	34	108	35	105	36	118	37	105	38	117	39	118	
	0	109	1	113	2	109	3	116	4	118	5	119	6	112	7	119	8	117	9	100	10	113	11	113	12	118	13	101	14	120	15	109	16	115	17	100	18	119	19	106	20	100	21	115	22	104	23	107	24	100	25	108	26	104	27	119	28	110	29	115	30	115	31	102	32	120	33	110	34	109	35	116	36	101	37	120	38	116	39	106	
	0	119	1	112	2	102	3	102	4	114	5	109	6	102	7	116	8	112	9	114	10	120	11	116	12	119	13	102	14	115	15	118	16	106	17	108	18	109	19	106	20	115	21	114	22	117	23	100	24	105	25	109	26	112	27	116	28	114	29	119	30	117	31	113	32	119	33	113	34	120	35	107	36	104	37	119	38	114	39	116	
	0	101	1	111	2	106	3	109	4	115	5	119	6	116	7	113	8	119	9	116	10	109	11	105	12	120	13	117	14	108	15	100	16	117	17	116	18	104	19	119	20	104	21	101	22	109	23	105	24	100	25	118	26	111	27	112	28	107	29	113	30	110	31	104	32	111	33	120	34	100	35	100	36	109	37	116	38	113	39	101	
	0	114	1	115	2	107	3	110	4	109	5	106	6	113	7	116	8	106	9	100	10	117	11	119	12	114	13	113	14	118	15	117	16	104	17	111	18	114	19	120	20	114	21	102	22	118	23	111	24	102	25	108	26	108	27	104	28	109	29	106	30	101	31	101	32	113	33	101	34	107	35	112	36	104	37	112	38	104	39	108	
	0	120	1	115	2	100	3	101	4	110	5	113	6	109	7	103	8	119	9	107	10	120	11	119	12	116	13	114	14	101	15	113	16	120	17	113	18	119	19	116	20	120	21	100	22	112	23	119	24	106	25	105	26	117	27	120	28	104	29	113	30	119	31	117	32	107	33	119	34	112	35	107	36	101	37	113	38	107	39	110	
	0	104	1	114	2	106	3	105	4	114	5	106	6	118	7	109	8	119	9	110	10	110	11	106	12	110	13	115	14	106	15	103	16	104	17	101	18	114	19	119	20	119	21	101	22	112	23	106	24	106	25	110	26	119	27	101	28	118	29	109	30	120	31	101	32	117	33	111	34	110	35	109	36	116	37	108	38	107	39	104	
	0	115	1	102	2	109	3	106	4	119	5	115	6	100	7	117	8	103	9	104	10	104	11	111	12	120	13	101	14	108	15	119	16	113	17	118	18	110	19	107	20	112	21	101	22	103	23	101	24	102	25	112	26	106	27	112	28	111	29	111	30	116	31	113	32	113	33	120	34	107	35	111	36	112	37	119	38	102	39	107	
	0	112	1	110	2	101	3	114	4	111	5	117	6	110	7	105	8	110	9	109	10	105	11	103	12	119	13	111	14	100	15	120	16	115	17	109	18	104	19	120	20	116	21	108	22	106	23	103	24	113	25	100	26	106	27	108	28	100	29	118	30	119	31	119	32	103	33	108	34	119	35	115	36	115	37	118	38	108	39	118	
	0	106	1	118	2	117	3	104	4	105	5	105	6	108	7	101	8	116	9	110	10	114	11	119	12	109	13	118	14	112	15	106	16	113	17	116	18	106	19	105	20	110	21	103	22	105	23	114	24	119	25	114	26	110	27	103	28	104	29	109	30	109	31	102	32	104	33	101	34	113	35	101	36	102	37	103	38	117	39	111	
	0	115	1	116	2	108	3	112	4	119	5	117	6	119	7	116	8	118	9	105	10	114	11	120	12	108	13	100	14	103	15	119	16	111	17	106	18	113	19	102	20	112	21	115	22	118	23	107	24	109	25	106	26	118	27	105	28	109	29	111	30	104	31	113	32	103	33	103	34	105	35	108	36	105	37	104	38	109	39	103	
	0	103	1	114	2	115	3	114	4	119	5	117	6	107	7	120	8	104	9	120	10	100	11	104	12	115	13	110	14	106	15	112	16	118	17	103	18	110	19	106	20	118	21	101	22	106	23	113	24	103	25	111	26	119	27	111	28	105	29	114	30	119	31	112	32	109	33	119	34	114	35	119	36	113	37	100	38	116	39	106	
	0	101	1	101	2	114	3	119	4	113	5	115	6	117	7	107	8	111	9	118	10	115	11	102	12	119	13	103	14	112	15	114	16	103	17	104	18	115	19	104	20	116	21	103	22	103	23	113	24	102	25	112	26	100	27	107	28	118	29	107	30	107	31	111	32	119	33	100	34	119	35	115	36	119	37	106	38	118	39	103	
	0	116	1	109	2	105	3	110	4	100	5	103	6	104	7	102	8	108	9	117	10	114	11	119	12	115	13	111	14	111	15	101	16	107	17	104	18	103	19	106	20	119	21	103	22	109	23	115	24	111	25	101	26	108	27	105	28	118	29	109	30	109	31	109	32	112	33	107	34	119	35	110	36	117	37	105	38	102	39	113	
	0	106	1	110	2	106	3	108	4	119	5	103	6	102	7	118	8	112	9	117	10	105	11	113	12	110	13	113	14	118	15	115	16	107	17	101	18	113	19	110	20	114	21	108	22	105	23	108	24	102	25	119	26	115	27	117	28	115	29	105	30	118	31	120	32	108	33	115	34	110	35	114	36	116	37	113	38	108	39	111	
	0	118	1	111	2	111	3	120	4	120	5	111	6	118	7	112	8	112	9	111	10	105	11	108	12	109	13	101	14	116	15	111	16	107	17	110	18	117	19	110	20	109	21	112	22	106	23	104	24	105	25	101	26	118	27	112	28	106	29	116	30	101	31	102	32	113	33	100	34	119	35	103	36	113	37	100	38	107	39	115	
	0	111	1	111	2	104	3	109	4	112	5	114	6	104	7	109	8	118	9	100	10	104	11	103	12	115	13	110	14	101	15	111	16	110	17	116	18	110	19	107	20	115	21	110	22	118	23	109	24	109	25	106	26	111	27	100	28	104	29	103	30	112	31	116	32	112	33	104	34	105	35	108	36	111	37	115	38	106	39	118	
	0	111	1	109	2	117	3	114	4	105	5	104	6	120	7	102	8	108	9	107	10	110	11	109	12	117	13	110	14	100	15	120	16	111	17	116	18	100	19	104	20	116	21	101	22	107	23	106	24	102	25	109	26	116	27	100	28	116	29	115	30	107	31	119	32	112	33	114	34	110	35	110	36	119	37	118	38	108	39	111	
	0	104	1	118	2	115	3	114	4	111	5	113	6	111	7	117	8	107	9	118	10	104	11	114	12	115	13	116	14	102	15	108	16	109	17	100	18	111	19	103	20	111	21	119	22	113	23	108	24	100	25	106	26	103	27	119	28	119	29	112	30	107	31	105	32	100	33	115	34	112	35	105	36	109	37	112	38	120	39	104	
	0	110	1	109	2	110	3	105	4	101	5	101	6	113	7	107	8	100	9	117	10	120	11	115	12	113	13	115	14	112	15	103	16	101	17	117	18	103	19	106	20	117	21	104	22	116	23	101	24	117	25	111	26	117	27	101	28	119	29	108	30	114	31	110	32	107	33	115	34	120	35	100	36	115	37	106	38	114	39	118	
	0	109	1	112	2	115	3	107	4	117	5	108	6	101	7	102	8	104	9	108	10	119	11	116	12	102	13	106	14	116	15	106	16	107	17	103	18	108	19	109	20	106	21	110	22	117	23	102	24	111	25	114	26	101	27	110	28	118	29	112	30	111	31	117	32	109	33	114	34	100	35	101	36	115	37	108	38	117	39	115	
	0	106	1	112	2	114	3	114	4	114	5	110	6	112	7	105	8	113	9	116	10	110	11	100	12	118	13	116	14	103	15	102	16	108	17	105	18	115	19	115	20	120	21	107	22	109	23	107	24	114	25	120	26	112	27	104	28	118	29	106	30	102	31	109	32	107	33	103	34	113	35	100	36	113	37	116	38	119	39	105	
	0	115	1	114	2	107	3	110	4	109	5	113	6	115	7	101	8	119	9	108	10	101	11	112	12	112	13	120	14	109	15	100	16	102	17	103	18	112	19	118	20	104	21	108	22	112	23	107	24	112	25	114	26	112	27	117	28	116	29	120	30	110	31	114	32	104	33	114	34	105	35	116	36	113	37	109	38	119	39	120	
	0	106	1	112	2	117	3	105	4	112	5	101	6	115	7	111	8	109	9	113	10	103	11	103	12	107	13	114	14	109	15	104	16	104	17	107	18	116	19	110	20	106	21	115	22	109	23	101	24	119	25	113	26	101	27	118	28	117	29	108	30	120	31	100	32	110	33	100	34	110	35	110	36	114	37	102	38	110	39	102	
	0	102	1	120	2	112	3	119	4	119	5	106	6	117	7	105	8	110	9	101	10	115	11	110	12	107	13	100	14	118	15	119	16	120	17	107	18	119	19	108	20	105	21	112	22	103	23	108	24	115	25	100	26	102	27	110	28	110	29	117	30	107	31	117	32	113	33	110	34	113	35	103	36	119	37	104	38	115	39	109	
	0	102	1	109	2	116	3	111	4	116	5	120	6	115	7	114	8	120	9	116	10	106	11	110	12	106	13	116	14	106	15	104	16	117	17	119	18	106	19	104	20	107	21	109	22	107	23	111	24	105	25	120	26	108	27	119	28	117	29	106	30	113	31	106	32	110	33	120	34	100	35	114	36	107	37	110	38	100	39	105	
	0	112	1	118	2	101	3	100	4	100	5	104	6	110	7	100	8	100	9	108	10	116	11	108	12	114	13	107	14	102	15	116	16	112	17	115	18	109	19	105	20	112	21	112	22	100	23	110	24	112	25	111	26	101	27	109	28	112	29	103	30	120	31	119	32	116	33	103	34	118	35	117	36	120	37	102	38	105	39	105	
	0	109	1	107	2	109	3	119	4	113	5	111	6	103	7	108	8	115	9	109	10	120	11	111	12	110	13	116	14	115	15	110	16	114	17	114	18	103	19	119	20	115	21	112	22	118	23	101	24	115	25	113	26	100	27	112	28	104	29	111	30	117	31	106	32	120	33	108	34	118	35	111	36	115	37	102	38	120	39	120	
	0	115	1	119	2	103	3	117	4	106	5	107	6	109	7	119	8	114	9	112	10	112	11	101	12	106	13	105	14	117	15	104	16	100	17	106	18	116	19	102	20	116	21	112	22	111	23	100	24	110	25	117	26	109	27	117	28	114	29	103	30	120	31	108	32	104	33	103	34	118	35	100	36	114	37	105	38	106	39	115	
	0	118	1	117	2	110	3	114	4	116	5	105	6	106	7	112	8	113	9	111	10	100	11	117	12	120	13	107	14	110	15	104	16	120	17	112	18	113	19	102	20	102	21	114	22	106	23	118	24	117	25	104	26	110	27	116	28	109	29	100	30	113	31	109	32	111	33	118	34	105	35	110	36	105	37	112	38	116	39	102	
	0	106	1	118	2	106	3	117	4	100	5	106	6	104	7	106	8	109	9	104	10	119	11	100	12	106	13	112	14	114	15	117	16	109	17	109	18	102	19	108	20	107	21	100	22	114	23	112	24	113	25	116	26	102	27	106	28	110	29	117	30	111	31	112	32	108	33	109	34	120	35	114	36	112	37	103	38	112	39	118	
	0	112	1	101	2	106	3	107	4	101	5	113	6	112	7	109	8	109	9	117	10	119	11	104	12	106	13	119	14	113	15	100	16	103	17	115	18	111	19	112	20	106	21	120	22	105	23	119	24	110	25	103	26	112	27	112	28	107	29	110	30	106	31	117	32	110	33	118	34	120	35	113	36	118	37	108	38	116	39	118	
	0	108	1	118	2	107	3	115	4	109	5	120	6	100	7	120	8	118	9	103	10	102	11	120	12	102	13	116	14	119	15	112	16	102	17	102	18	106	19	117	20	102	21	101	22	112	23	102	24	108	25	113	26	104	27	111	28	120	29	110	30	107	31	101	32	113	33	104	34	108	35	117	36	113	37	102	38	119	39	115	
	0	117	1	113	2	104	3	108	4	104	5	102	6	106	7	119	8	113	9	118	10	105	11	115	12	106	13	118	14	113	15	114	16	111	17	107	18	110	19	116	20	104	21	112	22	100	23	106	24	106	25	109	26	105	27	102	28	107	29	103	30	117	31	117	32	108	33	118	34	111	35	104	36	118	37	100	38	119	39	113	
	0	100	1	120	2	120	3	118	4	114	5	105	6	115	7	102	8	102	9	117	10	100	11	101	12	116	13	106	14	114	15	106	16	104	17	109	18	109	19	118	20	105	21	112	22	100	23	100	24	115	25	101	26	111	27	102	28	107	29	108	30	113	31	116	32	112	33	100	34	101	35	111	36	100	37	110	38	109	39	100	
	0	108	1	117	2	118	3	103	4	111	5	116	6	106	7	111	8	109	9	101	10	114	11	119	12	101	13	114	14	102	15	102	16	111	17	105	18	104	19	101	20	107	21	110	22	118	23	102	24	105	25	115	26	113	27	108	28	103	29	116	30	119	31	120	32	102	33	109	34	112	35	100	36	102	37	119	38	115	39	118	
	0	118	1	117	2	101	3	102	4	107	5	102	6	102	7	119	8	110	9	103	10	104	11	100	12	113	13	111	14	109	15	119	16	112	17	109	18	115	19	108	20	100	21	109	22	114	23	102	24	113	25	117	26	103	27	105	28	119	29	117	30	106	31	100	32	117	33	114	34	120	35	119	36	112	37	113	38	107	39	118	
	0	101	1	115	2	119	3	113	4	100	5	107	6	110	7	120	8	101	9	110	10	118	11	119	12	109	13	117	14	113	15	101	16	113	17	102	18	112	19	100	20	106	21	101	22	105	23	118	24	111	25	107	26	111	27	114	28	101	29	109	30	119	31	104	32	116	33	115	34	100	35	113	36	114	37	104	38	109	39	107	
	0	120	1	120	2	110	3	100	4	105	5	107	6	108	7	108	8	105	9	111	10	118	11	112	12	114	13	116	14	102	15	117	16	108	17	111	18	116	19	106	20	102	21	105	22	115	23	100	24	111	25	114	26	102	27	103	28	118	29	119	30	106	31	100	32	111	33	100	34	120	35	116	36	119	37	119	38	113	39	107	
	0	106	1	118	2	109	3	115	4	109	5	112	6	108	7	107	8	102	9	102	10	116	11	101	12	103	13	119	14	117	15	103	16	112	17	115	18	118	19	104	20	109	21	118	22	102	23	100	24	114	25	107	26	114	27	116	28	120	29	105	30	115	31	111	32	118	33	111	34	116	35	119	36	106	37	117	38	106	39	102	
	0	118	1	102	2	120	3	118	4	101	5	105	6	116	7	120	8	119	9	100	10	107	11	110	12	119	13	103	14	109	15	115	16	111	17	101	18	109	19	111	20	101	21	116	22	101	23	119	24	104	25	106	26	112	27	113	28	105	29	113	30	110	31	107	32	118	33	116	34	118	35	115	36	107	37	116	38	115	39	106	
	0	108	1	111	2	112	3	113	4	109	5	109	6	109	7	103	8	108	9	115	10	114	11	115	12	106	13	115	14	110	15	104	16	119	17	110	18	112	19	115	20	110	21	119	22	105	23	117	24	108	25	101	26	101	27	106	28	119	29	104	30	119	31	103	32	116	33	114	34	114	35	104	36	113	37	106	38	109	39	104	
	0	110	1	114	2	112	3	109	4	104	5	117	6	107	7	114	8	116	9	101	10	114	11	112	12	112	13	108	14	105	15	105	16	113	17	105	18	104	19	104	20	119	21	120	22	117	23	108	24	107	25	114	26	103	27	102	28	111	29	112	30	104	31	116	32	115	33	118	34	107	35	114	36	114	37	108	38	111	39	117	
	0	114	1	100	2	115	3	100	4	116	5	102	6	108	7	117	8	107	9	108	10	103	11	102	12	100	13	109	14	117	15	102	16	101	17	106	18	107	19	107	20	115	21	100	22	108	23	103	24	117	25	104	26	106	27	119	28	119	29	113	30	116	31	104	32	110	33	113	34	101	35	119	36	103	37	102	38	102	39	104	
	0	106	1	116	2	117	3	116	4	105	5	107	6	118	7	116	8	113	9	109	10	104	11	114	12	100	13	100	14	103	15	118	16	101	17	120	18	113	19	100	20	107	21	118	22	119	23	106	24	110	25	120	26	102	27	112	28	102	29	118	30	115	31	120	32	119	33	117	34	113	35	112	36	115	37	117	38	101	39	118	
	0	105	1	117	2	119	3	102	4	105	5	102	6	104	7	112	8	100	9	103	10	103	11	101	12	100	13	100	14	118	15	112	16	114	17	108	18	102	19	113	20	119	21	118	22	102	23	105	24	102	25	101	26	111	27	116	28	104	29	110	30	120	31	100	32	108	33	119	34	103	35	113	36	109	37	110	38	110	39	110	
	0	105	1	100	2	113	3	108	4	107	5	100	6	118	7	106	8	116	9	116	10	101	11	120	12	112	13	117	14	105	15	107	16	118	17	105	18	112	19	111	20	104	21	106	22	112	23	103	24	111	25	120	26	104	27	119	28	113	29	114	30	112	31	115	32	112	33	117	34	113	35	108	36	119	37	103	38	101	39	104	
	0	112	1	106	2	113	3	105	4	112	5	103	6	110	7	114	8	116	9	100	10	115	11	118	12	116	13	116	14	106	15	109	16	106	17	116	18	119	19	106	20	114	21	107	22	108	23	117	24	106	25	108	26	101	27	105	28	110	29	102	30	101	31	113	32	119	33	111	34	100	35	118	36	100	37	109	38	104	39	116	
	0	110	1	104	2	100	3	114	4	104	5	120	6	110	7	107	8	105	9	120	10	113	11	101	12	119	13	120	14	101	15	105	16	117	17	116	18	107	19	100	20	106	21	106	22	101	23	116	24	108	25	110	26	100	27	118	28	109	29	101	30	106	31	102	32	116	33	114	34	119	35	112	36	108	37	102	38	107	39	110	
	0	116	1	100	2	103	3	105	4	114	5	104	6	120	7	108	8	120	9	111	10	113	11	100	12	119	13	108	14	117	15	111	16	100	17	108	18	104	19	112	20	120	21	100	22	114	23	107	24	118	25	100	26	102	27	113	28	115	29	105	30	117	31	103	32	107	33	120	34	104	35	109	36	107	37	103	38	108	39	118	
	0	117	1	105	2	109	3	101	4	115	5	116	6	117	7	117	8	110	9	107	10	117	11	104	12	118	13	112	14	120	15	105	16	101	17	111	18	116	19	111	20	116	21	106	22	115	23	109	24	118	25	118	26	118	27	112	28	115	29	109	30	106	31	111	32	111	33	102	34	101	35	113	36	109	37	111	38	106	39	101	
	0	105	1	106	2	113	3	107	4	110	5	101	6	102	7	107	8	117	9	109	10	106	11	120	12	118	13	105	14	117	15	106	16	102	17	120	18	117	19	111	20	114	21	102	22	110	23	110	24	113	25	112	26	117	27	120	28	116	29	102	30	115	31	106	32	115	33	102	34	112	35	118	36	116	37	103	38	112	39	116	
	0	110	1	105	2	101	3	117	4	104	5	102	6	100	7	101	8	120	9	118	10	106	11	108	12	101	13	105	14	102	15	100	16	106	17	113	18	100	19	100	20	108	21	114	22	102	23	104	24	110	25	100	26	110	27	116	28	116	29	100	30	106	31	100	32	118	33	100	34	115	35	110	36	104	37	103	38	114	39	109	
	0	106	1	110	2	107	3	106	4	110	5	107	6	117	7	114	8	115	9	116	10	101	11	118	12	114	13	116	14	110	15	100	16	106	17	113	18	116	19	116	20	105	21	111	22	105	23	112	24	105	25	112	26	115	27	113	28	104	29	111	30	100	31	113	32	115	33	103	34	107	35	114	36	104	37	100	38	114	39	111	
	0	109	1	112	2	116	3	109	4	118	5	120	6	108	7	117	8	101	9	107	10	107	11	111	12	115	13	118	14	103	15	102	16	108	17	106	18	102	19	103	20	109	21	103	22	113	23	110	24	102	25	115	26	115	27	112	28	112	29	108	30	117	31	107	32	105	33	117	34	111	35	119	36	119	37	104	38	120	39	113	
	0	111	1	109	2	116	3	117	4	106	5	108	6	111	7	111	8	101	9	114	10	113	11	107	12	114	13	113	14	103	15	110	16	104	17	118	18	110	19	113	20	109	21	101	22	115	23	100	24	111	25	114	26	107	27	100	28	112	29	100	30	101	31	106	32	104	33	104	34	118	35	109	36	112	37	100	38	105	39	108	
	0	113	1	113	2	108	3	111	4	105	5	100	6	101	7	118	8	100	9	109	10	108	11	111	12	109	13	102	14	100	15	117	16	116	17	116	18	111	19	108	20	112	21	115	22	119	23	117	24	116	25	107	26	105	27	115	28	120	29	113	30	111	31	104	32	108	33	120	34	119	35	100	36	100	37	103	38	120	39	110	
	0	110	1	111	2	112	3	103	4	105	5	111	6	105	7	104	8	106	9	117	10	119	11	114	12	100	13	104	14	109	15	109	16	120	17	103	18	107	19	105	20	119	21	118	22	115	23	120	24	116	25	119	26	108	27	116	28	109	29	116	30	106	31	117	32	115	33	120	34	120	35	100	36	111	37	110	38	102	39	106	
	0	106	1	103	2	106	3	114	4	110	5	116	6	110	7	104	8	100	9	100	10	118	11	113	12	108	13	108	14	106	15	111	16	120	17	108	18	108	19	114	20	119	21	105	22	115	23	111	24	110	25	103	26	112	27	116	28	116	29	113	30	112	31	113	32	109	33	111	34	120	35	112	36	112	37	118	38	106	39	106	
	0	107	1	104	2	112	3	100	4	111	5	112	6	102	7	106	8	101	9	114	10	113	11	109	12	114	13	113	14	100	15	101	16	112	17	109	18	117	19	107	20	107	21	113	22	105	23	113	24	102	25	109	26	107	27	117	28	113	29	102	30	107	31	113	32	102	33	103	34	113	35	113	36	107	37	118	38	111	39	119	
	0	115	1	116	2	107	3	103	4	111	5	103	6	107	7	116	8	112	9	120	10	117	11	115	12	108	13	119	14	120	15	100	16	118	17	102	18	103	19	111	20	113	21	101	22	101	23	105	24	105	25	113	26	114	27	100	28	102	29	102	30	116	31	103	32	109	33	100	34	103	35	106	36	111	37	120	38	102	39	102	
	0	120	1	119	2	102	3	111	4	110	5	120	6	118	7	107	8	119	9	114	10	118	11	106	12	106	13	114	14	100	15	105	16	107	17	108	18	102	19	100	20	110	21	103	22	120	23	111	24	112	25	114	26	107	27	114	28	113	29	111	30	109	31	115	32	112	33	108	34	103	35	101	36	118	37	105	38	118	39	119	
	0	119	1	112	2	117	3	117	4	118	5	110	6	113	7	108	8	120	9	105	10	103	11	102	12	102	13	106	14	118	15	114	16	105	17	108	18	120	19	118	20	112	21	105	22	104	23	107	24	116	25	106	26	118	27	112	28	110	29	108	30	102	31	116	32	110	33	114	34	103	35	108	36	117	37	102	38	113	39	110	
	0	109	1	104	2	114	3	101	4	103	5	113	6	106	7	116	8	104	9	117	10	107	11	119	12	103	13	113	14	110	15	120	16	119	17	114	18	105	19	115	20	104	21	101	22	105	23	116	24	108	25	102	26	107	27	117	28	100	29	102	30	102	31	101	32	117	33	116	34	100	35	107	36	117	37	120	38	105	39	112	
	0	115	1	108	2	119	3	112	4	118	5	113	6	109	7	101	8	103	9	107	10	102	11	118	12	100	13	119	14	116	15	111	16	112	17	106	18	120	19	108	20	103	21	107	22	103	23	105	24	111	25	117	26	114	27	118	28	118	29	108	30	114	31	108	32	117	33	117	34	102	35	103	36	119	37	112	38	105	39	107	
	0	100	1	115	2	102	3	109	4	114	5	117	6	117	7	118	8	118	9	110	10	109	11	100	12	101	13	110	14	110	15	119	16	118	17	116	18	104	19	104	20	115	21	102	22	120	23	117	24	103	25	117	26	109	27	109	28	101	29	105	30	106	31	103	32	105	33	111	34	104	35	109	36	105	37	111	38	104	39	119	
	0	101	1	112	2	102	3	119	4	119	5	105	6	107	7	120	8	115	9	111	10	114	11	120	12	101	13	115	14	105	15	118	16	100	17	119	18	120	19	109	20	118	21	120	22	118	23	112	24	114	25	102	26	112	27	102	28	112	29	112	30	101	31	116	32	120	33	106	34	108	35	114	36	102	37	100	38	116	39	105	
	0	102	1	103	2	119	3	102	4	113	5	107	6	118	7	104	8	108	9	114	10	105	11	113	12	119	13	103	14	119	15	118	16	117	17	115	18	116	19	104	20	116	21	114	22	105	23	111	24	116	25	110	26	114	27	103	28	108	29	104	30	101	31	117	32	120	33	118	34	109	35	114	36	107	37	115	38	104	39	107	
	0	109	1	109	2	109	3	109	4	113	5	102	6	106	7	115	8	119	9	119	10	110	11	114	12	116	13	101	14	115	15	108	16	107	17	108	18	116	19	107	20	100	21	108	22	107	23	119	24	118	25	103	26	117	27	115	28	113	29	116	30	120	31	111	32	100	33	117	34	119	35	114	36	102	37	116	38	107	39	107	
	0	113	1	115	2	101	3	112	4	100	5	113	6	105	7	100	8	106	9	109	10	113	11	119	12	114	13	100	14	118	15	111	16	107	17	116	18	110	19	112	20	112	21	112	22	105	23	111	24	115	25	115	26	112	27	105	28	106	29	120	30	109	31	116	32	109	33	108	34	111	35	104	36	108	37	113	38	119	39	100	
	0	115	1	103	2	106	3	102	4	105	5	105	6	106	7	118	8	108	9	116	10	105	11	115	12	110	13	112	14	107	15	118	16	105	17	119	18	119	19	120	20	102	21	100	22	110	23	112	24	114	25	102	26	119	27	106	28	111	29	103	30	102	31	106	32	104	33	103	34	108	35	113	36	119	37	120	38	114	39	101	
	0	109	1	105	2	118	3	103	4	117	5	100	6	102	7	111	8	106	9	107	10	100	11	106	12	110	13	120	14	114	15	101	16	101	17	115	18	117	19	115	20	112	21	118	22	117	23	115	24	108	25	105	26	109	27	118	28	114	29	120	30	117	31	103	32	108	33	114	34	114	35	101	36	100	37	101	38	114	39	106	
	0	110	1	109	2	117	3	109	4	117	5	115	6	110	7	119	8	108	9	110	10	102	11	103	12	119	13	115	14	115	15	116	16	108	17	119	18	107	19	119	20	111	21	119	22	106	23	120	24	111	25	107	26	117	27	115	28	113	29	118	30	101	31	107	32	102	33	107	34	111	35	111	36	107	37	105	38	115	39	110	
	0	107	1	106	2	108	3	120	4	113	5	108	6	118	7	107	8	105	9	100	10	117	11	103	12	117	13	108	14	105	15	116	16	120	17	115	18	119	19	103	20	103	21	119	22	112	23	119	24	111	25	113	26	114	27	120	28	107	29	114	30	119	31	103	32	120	33	107	34	106	35	105	36	104	37	102	38	118	39	104	
	0	112	1	107	2	117	3	113	4	100	5	112	6	112	7	100	8	101	9	106	10	107	11	115	12	116	13	118	14	114	15	101	16	105	17	104	18	104	19	112	20	116	21	112	22	105	23	105	24	109	25	100	26	110	27	111	28	107	29	103	30	106	31	112	32	118	33	100	34	106	35	109	36	102	37	101	38	114	39	111	
	0	113	1	119	2	102	3	115	4	114	5	120	6	107	7	109	8	112	9	118	10	119	11	110	12	120	13	118	14	120	15	116	16	100	17	109	18	108	19	103	20	101	21	106	22	107	23	112	24	103	25	104	26	100	27	110	28	109	29	110	30	101	31	100	32	120	33	106	34	106	35	101	36	112	37	100	38	117	39	101	
	0	105	1	103	2	118	3	109	4	118	5	105	6	101	7	110	8	104	9	107	10	104	11	119	12	119	13	116	14	101	15	111	16	115	17	115	18	113	19	100	20	115	21	119	22	102	23	119	24	119	25	116	26	111	27	106	28	109	29	113	30	116	31	102	32	106	33	109	34	102	35	120	36	108	37	118	38	110	39	101	
	0	110	1	112	2	114	3	105	4	119	5	104	6	120	7	101	8	114	9	111	10	106	11	110	12	107	13	107	14	120	15	105	16	106	17	115	18	112	19	120	20	101	21	117	22	113	23	113	24	104	25	106	26	120	27	118	28	116	29	102	30	101	31	107	32	120	33	111	34	105	35	113	36	119	37	108	38	102	39	110	
	0	112	1	112	2	114	3	108	4	108	5	102	6	118	7	117	8	111	9	112	10	111	11	100	12	107	13	113	14	118	15	103	16	115	17	117	18	115	19	113	20	105	21	105	22	101	23	109	24	118	25	119	26	110	27	109	28	105	29	102	30	105	31	117	32	103	33	112	34	107	35	110	36	103	37	115	38	108	39	103	
	0	118	1	114	2	100	3	108	4	120	5	119	6	115	7	118	8	104	9	110	10	111	11	105	12	116	13	112	14	102	15	113	16	111	17	114	18	106	19	101	20	103	21	107	22	110	23	120	24	104	25	107	26	107	27	100	28	103	29	114	30	110	31	109	32	107	33	106	34	101	35	118	36	101	37	103	38	119	39	112	
	0	114	1	111	2	103	3	103	4	106	5	100	6	100	7	116	8	107	9	100	10	106	11	114	12	113	13	104	14	113	15	103	16	103	17	114	18	116	19	114	20	100	21	114	22	109	23	114	24	112	25	110	26	109	27	104	28	109	29	117	30	113	31	100	32	115	33	100	34	104	35	117	36	101	37	113	38	119	39	108	
	0	111	1	103	2	114	3	100	4	115	5	112	6	100	7	111	8	119	9	110	10	120	11	109	12	114	13	120	14	120	15	109	16	106	17	104	18	108	19	110	20	107	21	101	22	112	23	105	24	105	25	110	26	115	27	114	28	104	29	100	30	104	31	112	32	119	33	115	34	120	35	101	36	102	37	108	38	113	39	101	
	0	118	1	120	2	102	3	104	4	119	5	105	6	118	7	106	8	118	9	103	10	116	11	108	12	115	13	116	14	116	15	102	16	108	17	120	18	117	19	106	20	110	21	119	22	102	23	107	24	113	25	103	26	118	27	103	28	116	29	113	30	115	31	102	32	115	33	118	34	106	35	102	36	110	37	120	38	119	39	103	
	0	102	1	112	2	100	3	102	4	119	5	111	6	104	7	114	8	111	9	109	10	104	11	105	12	113	13	103	14	112	15	117	16	113	17	113	18	108	19	117	20	108	21	112	22	117	23	110	24	106	25	120	26	116	27	107	28	105	29	106	30	118	31	104	32	115	33	110	34	120	35	104	36	119	37	113	38	107	39	118	
	0	106	1	111	2	101	3	114	4	104	5	105	6	119	7	103	8	114	9	117	10	103	11	113	12	117	13	109	14	117	15	119	16	107	17	105	18	100	19	118	20	111	21	109	22	114	23	100	24	117	25	114	26	118	27	113	28	107	29	112	30	110	31	110	32	101	33	105	34	104	35	105	36	119	37	104	38	107	39	119	
	0	114	1	112	2	111	3	111	4	115	5	117	6	106	7	100	8	100	9	113	10	102	11	113	12	110	13	102	14	108	15	107	16	117	17	103	18	101	19	107	20	100	21	112	22	104	23	106	24	120	25	116	26	117	27	109	28	110	29	111	30	110	31	101	32	101	33	112	34	103	35	115	36	103	37	106	38	107	39	103	
	0	109	1	115	2	106	3	120	4	116	5	114	6	113	7	105	8	116	9	120	10	100	11	107	12	104	13	120	14	117	15	108	16	102	17	109	18	112	19	107	20	108	21	120	22	100	23	102	24	106	25	113	26	116	27	112	28	117	29	120	30	109	31	119	32	117	33	101	34	119	35	111	36	113	37	114	38	117	39	108	
	0	114	1	114	2	104	3	103	4	101	5	100	6	104	7	110	8	119	9	120	10	111	11	119	12	119	13	112	14	111	15	112	16	117	17	111	18	111	19	106	20	111	21	112	22	110	23	105	24	114	25	111	26	113	27	117	28	100	29	111	30	116	31	112	32	110	33	105	34	114	35	102	36	103	37	100	38	115	39	116	
	0	116	1	102	2	109	3	102	4	120	5	106	6	112	7	112	8	113	9	101	10	110	11	114	12	101	13	108	14	119	15	101	16	101	17	102	18	101	19	113	20	100	21	114	22	108	23	102	24	103	25	104	26	114	27	118	28	101	29	103	30	100	31	111	32	102	33	117	34	118	35	101	36	100	37	104	38	107	39	109	
	0	102	1	100	2	104	3	109	4	105	5	107	6	103	7	103	8	105	9	100	10	118	11	105	12	114	13	117	14	119	15	119	16	106	17	102	18	102	19	119	20	109	21	117	22	116	23	107	24	119	25	109	26	109	27	106	28	102	29	110	30	119	31	116	32	120	33	112	34	118	35	112	36	114	37	115	38	109	39	111	
	0	109	1	105	2	114	3	116	4	118	5	100	6	119	7	105	8	103	9	115	10	103	11	118	12	113	13	101	14	117	15	107	16	117	17	110	18	118	19	103	20	115	21	108	22	113	23	111	24	101	25	104	26	101	27	120	28	117	29	100	30	120	31	109	32	112	33	113	34	117	35	104	36	107	37	118	38	108	39	100	
	0	120	1	118	2	116	3	108	4	105	5	111	6	102	7	109	8	104	9	113	10	119	11	118	12	120	13	115	14	115	15	107	16	111	17	103	18	114	19	101	20	104	21	116	22	109	23	102	24	118	25	113	26	106	27	119	28	102	29	104	30	107	31	113	32	104	33	109	34	102	35	111	36	103	37	105	38	119	39	103	
	0	120	1	114	2	102	3	112	4	117	5	118	6	114	7	107	8	103	9	114	10	119	11	102	12	116	13	103	14	118	15	103	16	118	17	106	18	106	19	111	20	110	21	100	22	116	23	106	24	118	25	118	26	102	27	107	28	104	29	102	30	114	31	102	32	109	33	113	34	108	35	112	36	102	37	118	38	116	39	118	
	0	110	1	110	2	114	3	120	4	105	5	106	6	120	7	113	8	102	9	102	10	105	11	102	12	114	13	104	14	103	15	114	16	119	17	115	18	115	19	100	20	115	21	117	22	107	23	117	24	101	25	104	26	119	27	107	28	120	29	110	30	103	31	102	32	102	33	104	34	115	35	119	36	100	37	116	38	112	39	115	
	0	120	1	102	2	115	3	109	4	115	5	103	6	115	7	107	8	107	9	120	10	104	11	117	12	105	13	108	14	108	15	118	16	104	17	110	18	109	19	107	20	109	21	120	22	106	23	113	24	117	25	118	26	107	27	107	28	103	29	106	30	110	31	105	32	111	33	118	34	101	35	113	36	109	37	104	38	103	39	111	
	0	119	1	118	2	101	3	115	4	115	5	118	6	116	7	119	8	112	9	108	10	111	11	104	12	106	13	119	14	120	15	109	16	113	17	114	18	117	19	101	20	115	21	116	22	115	23	105	24	117	25	105	26	104	27	114	28	112	29	106	30	116	31	113	32	110	33	104	34	111	35	118	36	108	37	105	38	105	39	102	
	0	119	1	111	2	120	3	120	4	110	5	112	6	114	7	102	8	116	9	103	10	113	11	101	12	113	13	106	14	107	15	100	16	102	17	112	18	109	19	118	20	116	21	114	22	115	23	109	24	116	25	109	26	114	27	103	28	120	29	110	30	116	31	101	32	118	33	100	34	115	35	103	36	119	37	102	38	107	39	102	
	0	103	1	120	2	110	3	103	4	113	5	115	6	104	7	108	8	110	9	108	10	102	11	100	12	120	13	100	14	108	15	102	16	113	17	106	18	101	19	115	20	114	21	114	22	119	23	115	24	108	25	101	26	113	27	102	28	115	29	120	30	108	31	117	32	106	33	104	34	110	35	100	36	117	37	104	38	103	39	107	
	0	116	1	116	2	108	3	107	4	105	5	116	6	114	7	116	8	120	9	117	10	109	11	116	12	120	13	112	14	116	15	114	16	109	17	117	18	101	19	110	20	111	21	109	22	114	23	120	24	105	25	111	26	109	27	107	28	102	29	106	30	101	31	102	32	106	33	109	34	110	35	102	36	119	37	105	38	107	39	112	
	0	105	1	106	2	110	3	119	4	117	5	115	6	115	7	111	8	105	9	113	10	120	11	108	12	100	13	100	14	108	15	108	16	102	17	108	18	113	19	105	20	110	21	105	22	105	23	103	24	108	25	114	26	104	27	115	28	120	29	119	30	116	31	116	32	103	33	103	34	112	35	105	36	116	37	109	38	117	39	110	
	0	115	1	104	2	115	3	117	4	117	5	119	6	109	7	118	8	103	9	115	10	120	11	104	12	107	13	103	14	101	15	118	16	101	17	115	18	120	19	104	20	110	21	107	22	117	23	100	24	114	25	115	26	111	27	117	28	109	29	112	30	118	31	119	32	105	33	110	34	107	35	107	36	109	37	118	38	117	39	112	
	0	100	1	111	2	102	3	119	4	120	5	117	6	100	7	114	8	110	9	101	10	115	11	100	12	113	13	113	14	101	15	103	16	102	17	114	18	114	19	113	20	104	21	104	22	117	23	108	24	101	25	113	26	109	27	100	28	120	29	112	30	108	31	120	32	116	33	118	34	110	35	115	36	118	37	113	38	120	39	115	
	0	105	1	116	2	114	3	119	4	112	5	118	6	104	7	112	8	102	9	120	10	109	11	108	12	106	13	115	14	118	15	107	16	112	17	114	18	115	19	102	20	120	21	100	22	101	23	114	24	114	25	117	26	119	27	113	28	101	29	114	30	118	31	108	32	105	33	103	34	109	35	104	36	118	37	103	38	114	39	118	
	0	109	1	113	2	116	3	110	4	117	5	111	6	114	7	108	8	112	9	117	10	110	11	114	12	105	13	108	14	120	15	106	16	106	17	104	18	100	19	112	20	104	21	109	22	118	23	103	24	101	25	115	26	102	27	117	28	100	29	110	30	117	31	113	32	115	33	106	34	116	35	100	36	113	37	120	38	115	39	101	
	0	106	1	118	2	108	3	114	4	113	5	114	6	120	7	113	8	111	9	105	10	117	11	110	12	104	13	104	14	117	15	118	16	111	17	120	18	107	19	111	20	102	21	108	22	106	23	112	24	107	25	114	26	106	27	109	28	105	29	113	30	114	31	108	32	109	33	116	34	116	35	108	36	110	37	107	38	116	39	119	
	0	117	1	108	2	113	3	120	4	116	5	101	6	114	7	103	8	119	9	118	10	110	11	114	12	103	13	118	14	117	15	110	16	116	17	112	18	106	19	115	20	115	21	101	22	105	23	118	24	120	25	111	26	105	27	101	28	107	29	113	30	115	31	109	32	116	33	114	34	100	35	105	36	119	37	103	38	115	39	101	
	0	114	1	118	2	102	3	110	4	120	5	119	6	114	7	120	8	111	9	111	10	104	11	117	12	117	13	105	14	104	15	119	16	110	17	117	18	116	19	106	20	111	21	100	22	103	23	119	24	107	25	111	26	109	27	117	28	100	29	120	30	111	31	105	32	101	33	101	34	115	35	114	36	119	37	110	38	116	39	105	
	0	115	1	114	2	115	3	102	4	118	5	114	6	117	7	104	8	106	9	108	10	106	11	107	12	104	13	102	14	110	15	107	16	111	17	103	18	108	19	114	20	116	21	103	22	113	23	109	24	110	25	103	26	113	27	117	28	100	29	117	30	108	31	116	32	108	33	111	34	118	35	103	36	101	37	115	38	105	39	110	
	0	106	1	107	2	101	3	113	4	104	5	105	6	106	7	108	8	103	9	101	10	115	11	100	12	108	13	109	14	116	15	101	16	108	17	111	18	120	19	111	20	119	21	107	22	118	23	108	24	101	25	109	26	108	27	114	28	115	29	109	30	114	31	117	32	110	33	112	34	113	35	119	36	109	37	102	38	107	39	114	
	0	113	1	105	2	114	3	111	4	109	5	116	6	112	7	117	8	117	9	103	10	107	11	102	12	108	13	102	14	103	15	110	16	105	17	116	18	108	19	114	20	114	21	114	22	113	23	109	24	106	25	115	26	108	27	109	28	118	29	104	30	105	31	102	32	102	33	111	34	108	35	100	36	102	37	107	38	101	39	102	
	0	120	1	100	2	106	3	116	4	119	5	102	6	111	7	107	8	100	9	107	10	105	11	113	12	102	13	118	14	118	15	116	16	102	17	113	18	112	19	111	20	114	21	118	22	112	23	116	24	118	25	102	26	118	27	105	28	109	29	100	30	118	31	108	32	105	33	119	34	119	35	114	36	115	37	113	38	108	39	106	
	0	117	1	119	2	103	3	114	4	104	5	104	6	102	7	111	8	112	9	101	10	100	11	116	12	117	13	115	14	111	15	106	16	111	17	105	18	108	19	106	20	103	21	118	22	120	23	107	24	117	25	115	26	103	27	107	28	117	29	118	30	116	31	106	32	100	33	100	34	107	35	112	36	118	37	112	38	112	39	119	
	0	101	1	102	2	105	3	106	4	120	5	120	6	114	7	106	8	111	9	119	10	118	11	106	12	117	13	100	14	107	15	111	16	104	17	117	18	119	19	113	20	103	21	107	22	101	23	104	24	114	25	106	26	108	27	113	28	115	29	106	30	118	31	111	32	113	33	116	34	105	35	110	36	109	37	115	38	108	39	109	
	0	120	1	113	2	105	3	107	4	107	5	115	6	119	7	117	8	111	9	111	10	112	11	106	12	120	13	101	14	101	15	105	16	110	17	111	18	100	19	119	20	104	21	104	22	118	23	116	24	119	25	115	26	109	27	109	28	111	29	102	30	116	31	114	32	115	33	105	34	104	35	103	36	117	37	106	38	120	39	118	
	0	107	1	108	2	110	3	112	4	113	5	106	6	117	7	113	8	103	9	116	10	116	11	114	12	114	13	110	14	102	15	114	16	100	17	106	18	108	19	100	20	118	21	113	22	114	23	110	24	116	25	106	26	102	27	115	28	106	29	111	30	102	31	106	32	103	33	110	34	109	35	112	36	109	37	102	38	100	39	117	
	0	119	1	100	2	100	3	104	4	104	5	113	6	119	7	105	8	112	9	120	10	120	11	105	12	118	13	104	14	111	15	120	16	106	17	113	18	112	19	116	20	106	21	102	22	118	23	119	24	109	25	105	26	116	27	102	28	120	29	116	30	106	31	118	32	111	33	113	34	117	35	106	36	114	37	105	38	118	39	112	
	0	112	1	107	2	106	3	105	4	106	5	120	6	113	7	115	8	102	9	112	10	117	11	120	12	117	13	120	14	108	15	102	16	105	17	109	18	120	19	119	20	104	21	110	22	119	23	110	24	106	25	113	26	104	27	117	28	104	29	116	30	106	31	100	32	111	33	108	34	118	35	114	36	107	37	101	38	117	39	104	
	0	118	1	100	2	117	3	105	4	119	5	100	6	111	7	107	8	102	9	116	10	107	11	106	12	120	13	110	14	111	15	111	16	109	17	118	18	109	19	105	20	103	21	107	22	113	23	116	24	110	25	106	26	116	27	116	28	113	29	118	30	117	31	111	32	109	33	120	34	109	35	120	36	102	37	111	38	103	39	113	
	0	105	1	118	2	100	3	105	4	108	5	112	6	103	7	114	8	103	9	108	10	109	11	104	12	119	13	120	14	110	15	109	16	105	17	103	18	114	19	120	20	114	21	115	22	105	23	117	24	117	25	112	26	100	27	111	28	112	29	106	30	110	31	109	32	114	33	117	34	106	35	106	36	114	37	114	38	111	39	111	
	0	102	1	115	2	113	3	117	4	115	5	113	6	102	7	101	8	101	9	102	10	104	11	102	12	117	13	115	14	109	15	101	16	107	17	101	18	107	19	114	20	105	21	109	22	103	23	100	24	117	25	113	26	110	27	101	28	107	29	112	30	111	31	105	32	101	33	108	34	120	35	104	36	116	37	113	38	115	39	111	
	0	107	1	106	2	109	3	102	4	109	5	114	6	119	7	110	8	115	9	102	10	114	11	102	12	103	13	105	14	102	15	111	16	114	17	110	18	107	19	110	20	111	21	103	22	108	23	108	24	114	25	119	26	115	27	119	28	101	29	104	30	104	31	111	32	111	33	108	34	117	35	102	36	116	37	120	38	114	39	103	
	0	106	1	108	2	106	3	113	4	106	5	103	6	103	7	117	8	114	9	105	10	108	11	107	12	106	13	102	14	108	15	112	16	119	17	120	18	116	19	120	20	107	21	116	22	115	23	104	24	109	25	101	26	105	27	120	28	118	29	110	30	102	31	116	32	111	33	116	34	104	35	106	36	102	37	114	38	102	39	109	
	0	118	1	100	2	117	3	113	4	107	5	108	6	102	7	115	8	119	9	110	10	103	11	113	12	102	13	114	14	104	15	100	16	108	17	118	18	112	19	114	20	110	21	115	22	104	23	107	24	102	25	106	26	103	27	109	28	107	29	119	30	110	31	112	32	116	33	104	34	111	35	100	36	116	37	107	38	119	39	106	
	0	114	1	102	2	117	3	117	4	114	5	113	6	106	7	100	8	119	9	105	10	105	11	107	12	110	13	100	14	120	15	101	16	103	17	113	18	106	19	113	20	110	21	113	22	104	23	115	24	120	25	110	26	118	27	113	28	109	29	120	30	113	31	110	32	105	33	119	34	119	35	117	36	118	37	109	38	112	39	109	
	0	107	1	104	2	120	3	114	4	114	5	105	6	114	7	103	8	108	9	116	10	113	11	110	12	109	13	119	14	100	15	120	16	114	17	102	18	115	19	106	20	114	21	118	22	114	23	101	24	114	25	107	26	104	27	107	28	115	29	120	30	106	31	110	32	117	33	103	34	118	35	119	36	106	37	100	38	110	39	102	
	0	111	1	103	2	101	3	119	4	102	5	100	6	116	7	107	8	102	9	110	10	109	11	114	12	118	13	117	14	101	15	116	16	100	17	116	18	100	19	119	20	105	21	109	22	119	23	100	24	112	25	109	26	119	27	113	28	107	29	118	30	119	31	107	32	107	33	101	34	114	35	109	36	108	37	104	38	117	39	114	
	0	118	1	112	2	120	3	119	4	107	5	109	6	118	7	113	8	119	9	107	10	116	11	119	12	105	13	100	14	101	15	101	16	104	17	105	18	102	19	115	20	116	21	108	22	109	23	109	24	101	25	117	26	107	27	117	28	120	29	104	30	110	31	101	32	120	33	100	34	106	35	107	36	116	37	113	38	114	39	118	
	0	105	1	101	2	101	3	117	4	118	5	113	6	110	7	109	8	120	9	113	10	107	11	118	12	105	13	111	14	118	15	116	16	104	17	118	18	117	19	113	20	118	21	103	22	110	23	112	24	103	25	119	26	102	27	106	28	115	29	114	30	107	31	113	32	114	33	116	34	101	35	106	36	114	37	115	38	113	39	101	
	0	100	1	119	2	112	3	103	4	113	5	118	6	100	7	119	8	114	9	118	10	111	11	117	12	104	13	106	14	111	15	107	16	110	17	107	18	111	19	104	20	100	21	118	22	116	23	113	24	111	25	115	26	101	27	118	28	114	29	120	30	106	31	107	32	117	33	119	34	108	35	106	36	108	37	104	38	102	39	115	
	0	107	1	119	2	111	3	102	4	108	5	111	6	108	7	107	8	101	9	102	10	120	11	111	12	107	13	110	14	108	15	104	16	101	17	120	18	110	19	120	20	119	21	103	22	105	23	108	24	117	25	116	26	101	27	117	28	112	29	118	30	114	31	112	32	100	33	109	34	101	35	102	36	106	37	105	38	120	39	110	
	0	100	1	111	2	102	3	108	4	115	5	110	6	108	7	109	8	100	9	101	10	103	11	114	12	107	13	110	14	102	15	110	16	105	17	110	18	114	19	107	20	112	21	105	22	111	23	102	24	120	25	119	26	117	27	112	28	102	29	113	30	104	31	102	32	113	33	118	34	114	35	107	36	108	37	104	38	112	39	104	
	0	120	1	108	2	106	3	109	4	104	5	118	6	114	7	115	8	110	9	108	10	105	11	102	12	118	13	109	14	106	15	120	16	101	17	120	18	105	19	110	20	111	21	102	22	119	23	113	24	101	25	108	26	105	27	102	28	109	29	115	30	108	31	111	32	118	33	111	34	104	35	112	36	103	37	113	38	106	39	104	
	0	115	1	118	2	113	3	111	4	120	5	102	6	113	7	106	8	117	9	106	10	107	11	114	12	100	13	112	14	104	15	100	16	119	17	116	18	119	19	114	20	116	21	103	22	108	23	114	24	105	25	112	26	118	27	103	28	102	29	104	30	119	31	120	32	118	33	119	34	113	35	103	36	111	37	113	38	115	39	109	
	0	110	1	117	2	117	3	113	4	101	5	109	6	120	7	104	8	108	9	102	10	115	11	103	12	117	13	107	14	106	15	107	16	113	17	110	18	110	19	109	20	102	21	105	22	105	23	107	24	104	25	100	26	114	27	118	28	107	29	113	30	116	31	114	32	109	33	101	34	103	35	116	36	106	37	107	38	113	39	116	
	0	101	1	118	2	118	3	106	4	101	5	119	6	108	7	120	8	109	9	100	10	119	11	101	12	116	13	102	14	101	15	113	16	118	17	112	18	116	19	115	20	113	21	108	22	114	23	110	24	113	25	110	26	112	27	115	28	115	29	118	30	108	31	111	32	113	33	105	34	105	35	105	36	108	37	119	38	103	39	116	