200 50 1
50
	0	110	1	100	2	106	3	102	4	120	5	117	6	114	7	101	8	119	9	118	10	105	11	102	12	117	13	113	14	102	15	102	16	119	17	107	18	106	19	107	20	120	21	113	22	113	23	105	24	118	25	118	26	107	27	116	28	107	29	108	30	107	31	114	32	119	33	112	34	107	35	103	36	111	37	104	38	105	39	107	40	118	41	101	42	107	43	116	44	106	45	112	46	113	47	104	48	104	49	108	
	0	109	1	120	2	102	3	107	4	107	5	120	6	110	7	119	8	109	9	110	10	116	11	110	12	105	13	105	14	118	15	108	16	108	17	107	18	108	19	114	20	109	21	115	22	103	23	114	24	113	25	111	26	117	27	105	28	111	29	119	30	102	31	101	32	116	33	101	34	112	35	111	36	117	37	103	38	106	39	104	40	118	41	116	42	104	43	110	44	119	45	105	46	102	47	101	48	101	49	112	
	0	107	1	116	2	110	3	104	4	104	5	120	6	100	7	103	8	104	9	106	10	110	11	109	12	113	13	106	14	115	15	109	16	114	17	107	18	106	19	101	20	118	21	104	22	108	23	115	24	114	25	116	26	112	27	106	28	100	29	103	30	106	31	105	32	110	33	100	34	113	35	108	36	100	37	115	38	104	39	111	40	101	41	114	42	101	43	118	44	104	45	113	46	100	47	120	48	117	49	102	
	0	111	1	104	2	114	3	106	4	103	5	112	6	116	7	112	8	102	9	106	10	106	11	118	12	117	13	117	14	117	15	119	16	120	17	102	18	117	19	100	20	113	21	106	22	100	23	119	24	108	25	106	26	106	27	106	28	120	29	111	30	111	31	106	32	109	33	102	34	101	35	117	36	114	37	115	38	106	39	118	40	116	41	119	42	101	43	103	44	115	45	104	46	113	47	100	48	116	49	105	
	0	105	1	112	2	105	3	119	4	114	5	103	6	102	7	106	8	101	9	110	10	111	11	113	12	114	13	119	14	108	15	111	16	116	17	108	18	114	19	117	20	111	21	102	22	110	23	112	24	102	25	103	26	102	27	105	28	119	29	108	30	117	31	110	32	113	33	108	34	101	35	120	36	120	37	114	38	114	39	101	40	105	41	118	42	120	43	106	44	106	45	104	46	114	47	106	48	104	49	117	
	0	109	1	117	2	117	3	116	4	112	5	110	6	118	7	113	8	114	9	118	10	105	11	118	12	100	13	112	14	116	15	120	16	114	17	102	18	111	19	118	20	111	21	117	22	115	23	103	24	108	25	106	26	104	27	104	28	100	29	115	30	103	31	115	32	119	33	101	34	114	35	102	36	114	37	111	38	118	39	120	40	119	41	114	42	120	43	111	44	118	45	107	46	106	47	108	48	119	49	106	
	0	112	1	116	2	115	3	111	4	114	5	102	6	116	7	100	8	100	9	113	10	118	11	109	12	113	13	101	14	100	15	100	16	111	17	112	18	107	19	115	20	111	21	112	22	119	23	118	24	120	25	117	26	117	27	108	28	116	29	110	30	113	31	115	32	101	33	117	34	117	35	113	36	107	37	100	38	113	39	120	40	107	41	117	42	118	43	104	44	104	45	120	46	112	47	108	48	117	49	102	
	0	105	1	100	2	105	3	113	4	116	5	107	6	104	7	118	8	111	9	105	10	104	11	109	12	111	13	106	14	116	15	104	16	100	17	102	18	118	19	116	20	120	21	113	22	107	23	100	24	103	25	115	26	114	27	115	28	111	29	116	30	119	31	115	32	106	33	101	34	106	35	119	36	109	37	109	38	117	39	116	40	105	41	111	42	107	43	116	44	115	45	117	46	116	47	100	48	112	49	120	
	0	117	1	106	2	101	3	106	4	116	5	112	6	106	7	120	8	106	9	119	10	104	11	102	12	114	13	101	14	105	15	119	16	100	17	111	18	106	19	102	20	103	21	100	22	106	23	108	24	110	25	116	26	101	27	118	28	114	29	113	30	105	31	110	32	105	33	108	34	119	35	114	36	115	37	109	38	101	39	115	40	120	41	103	42	108	43	107	44	109	45	106	46	113	47	116	48	100	49	107	
	0	102	1	115	2	120	3	103	4	117	5	113	6	104	7	100	8	117	9	113	10	117	11	104	12	117	13	119	14	114	15	111	16	104	17	102	18	109	19	113	20	117	21	105	22	119	23	118	24	106	25	112	26	108	27	109	28	117	29	114	30	120	31	113	32	105	33	109	34	118	35	112	36	107	37	120	38	120	39	111	40	108	41	120	42	106	43	100	44	103	45	107	46	107	47	112	48	106	49	119	
	0	113	1	119	2	102	3	105	4	112	5	116	6	120	7	109	8	119	9	105	10	101	11	114	12	105	13	114	14	118	15	102	16	119	17	114	18	116	19	105	20	114	21	118	22	101	23	104	24	120	25	102	26	100	27	113	28	108	29	101	30	104	31	118	32	110	33	104	34	117	35	110	36	101	37	117	38	116	39	120	40	104	41	109	42	113	43	115	44	112	45	119	46	102	47	117	48	106	49	110	
	0	118	1	116	2	114	3	112	4	108	5	114	6	106	7	109	8	116	9	120	10	109	11	117	12	111	13	102	14	110	15	116	16	109	17	108	18	117	19	115	20	102	21	106	22	116	23	120	24	112	25	118	26	104	27	103	28	119	29	112	30	103	31	102	32	103	33	109	34	111	35	107	36	118	37	116	38	104	39	106	40	112	41	108	42	115	43	114	44	107	45	101	46	109	47	101	48	118	49	101	
	0	118	1	119	2	110	3	101	4	102	5	116	6	107	7	113	8	117	9	119	10	119	11	106	12	111	13	111	14	108	15	108	16	105	17	105	18	119	19	110	20	119	21	110	22	119	23	120	24	107	25	110	26	107	27	108	28	112	29	100	30	105	31	108	32	116	33	114	34	116	35	103	36	100	37	119	38	119	39	112	40	105	41	103	42	107	43	103	44	101	45	106	46	104	47	103	48	105	49	108	
	0	100	1	102	2	106	3	100	4	103	5	103	6	101	7	118	8	114	9	112	10	116	11	118	12	113	13	109	14	109	15	120	16	102	17	101	18	105	19	112	20	120	21	115	22	114	23	113	24	100	25	102	26	109	27	100	28	109	29	102	30	108	31	114	32	110	33	119	34	108	35	110	36	102	37	106	38	107	39	105	40	106	41	109	42	110	43	118	44	119	45	103	46	101	47	108	48	110	49	110	
	0	108	1	112	2	101	3	116	4	105	5	109	6	113	7	101	8	101	9	115	10	104	11	117	12	117	13	115	14	107	15	120	16	106	17	114	18	105	19	101	20	104	21	114	22	107	23	120	24	107	25	118	26	102	27	107	28	116	29	110	30	115	31	119	32	107	33	104	34	114	35	109	36	114	37	109	38	119	39	114	40	110	41	116	42	109	43	105	44	113	45	102	46	100	47	117	48	100	49	102	
	0	119	1	113	2	103	3	100	4	101	5	109	6	114	7	104	8	115	9	101	10	118	11	102	12	103	13	113	14	106	15	112	16	120	17	115	18	100	19	112	20	109	21	111	22	106	23	106	24	102	25	107	26	108	27	108	28	117	29	104	30	120	31	100	32	115	33	102	34	120	35	102	36	114	37	109	38	100	39	108	40	120	41	108	42	111	43	104	44	110	45	113	46	116	47	104	48	119	49	101	
	0	113	1	120	2	120	3	113	4	108	5	109	6	112	7	103	8	118	9	106	10	110	11	116	12	119	13	118	14	118	15	102	16	103	17	119	18	101	19	108	20	110	21	103	22	110	23	117	24	103	25	109	26	113	27	109	28	113	29	112	30	119	31	115	32	108	33	114	34	107	35	108	36	112	37	110	38	101	39	111	40	118	41	107	42	113	43	114	44	110	45	104	46	104	47	100	48	108	49	102	
	0	101	1	104	2	116	3	119	4	118	5	103	6	119	7	107	8	105	9	113	10	110	11	119	12	117	13	101	14	102	15	102	16	106	17	116	18	110	19	112	20	114	21	117	22	115	23	103	24	113	25	120	26	112	27	100	28	120	29	110	30	102	31	112	32	104	33	104	34	114	35	118	36	112	37	103	38	103	39	117	40	102	41	109	42	100	43	117	44	104	45	111	46	119	47	111	48	115	49	106	
	0	112	1	111	2	101	3	108	4	109	5	102	6	120	7	103	8	114	9	115	10	120	11	111	12	100	13	119	14	102	15	120	16	110	17	113	18	103	19	111	20	107	21	112	22	111	23	102	24	120	25	118	26	108	27	111	28	105	29	107	30	107	31	112	32	119	33	119	34	102	35	108	36	105	37	114	38	114	39	100	40	113	41	110	42	114	43	105	44	101	45	101	46	115	47	120	48	108	49	116	
	0	113	1	111	2	110	3	100	4	116	5	117	6	112	7	120	8	117	9	101	10	118	11	111	12	113	13	111	14	100	15	102	16	106	17	103	18	108	19	108	20	104	21	115	22	120	23	103	24	108	25	106	26	111	27	103	28	100	29	114	30	100	31	113	32	112	33	109	34	115	35	120	36	115	37	116	38	118	39	116	40	104	41	105	42	100	43	113	44	118	45	102	46	117	47	117	48	113	49	102	
	0	109	1	115	2	103	3	102	4	102	5	103	6	105	7	117	8	113	9	119	10	108	11	114	12	105	13	111	14	104	15	114	16	103	17	102	18	115	19	113	20	119	21	102	22	110	23	119	24	102	25	105	26	118	27	106	28	110	29	105	30	110	31	100	32	115	33	115	34	115	35	111	36	106	37	111	38	110	39	108	40	102	41	118	42	119	43	100	44	119	45	111	46	114	47	112	48	114	49	100	
	0	103	1	109	2	100	3	112	4	120	5	111	6	105	7	105	8	112	9	113	10	104	11	104	12	109	13	120	14	113	15	108	16	114	17	120	18	108	19	104	20	115	21	101	22	100	23	105	24	110	25	120	26	115	27	110	28	113	29	102	30	106	31	113	32	118	33	103	34	104	35	106	36	103	37	105	38	119	39	104	40	108	41	119	42	119	43	110	44	115	45	119	46	109	47	109	48	114	49	118	
	0	106	1	101	2	115	3	101	4	111	5	119	6	114	7	119	8	103	9	104	10	118	11	101	12	113	13	115	14	116	15	113	16	108	17	103	18	113	19	117	20	114	21	100	22	102	23	120	24	110	25	115	26	105	27	110	28	107	29	104	30	103	31	108	32	114	33	104	34	107	35	118	36	107	37	107	38	110	39	102	40	108	41	107	42	103	43	112	44	104	45	109	46	111	47	115	48	105	49	105	
	0	110	1	114	2	115	3	118	4	112	5	118	6	102	7	101	8	116	9	112	10	111	11	116	12	110	13	112	14	118	15	108	16	114	17	102	18	102	19	117	20	116	21	103	22	118	23	100	24	104	25	117	26	106	27	113	28	104	29	102	30	100	31	101	32	101	33	118	34	110	35	115	36	112	37	106	38	111	39	109	40	117	41	100	42	113	43	111	44	103	45	102	46	109	47	107	48	110	49	108	
	0	111	1	115	2	110	3	112	4	120	5	102	6	101	7	105	8	106	9	107	10	118	11	103	12	118	13	111	14	106	15	118	16	101	17	107	18	100	19	101	20	108	21	118	22	112	23	117	24	119	25	101	26	105	27	110	28	105	29	103	30	118	31	105	32	116	33	115	34	101	35	105	36	109	37	106	38	108	39	116	40	104	41	118	42	105	43	114	44	114	45	112	46	100	47	110	48	114	49	104	
	0	107	1	112	2	109	3	111	4	119	5	101	6	110	7	108	8	108	9	114	10	103	11	120	12	100	13	103	14	115	15	104	16	100	17	104	18	112	19	106	20	118	21	107	22	115	23	113	24	107	25	101	26	113	27	100	28	110	29	106	30	110	31	101	32	102	33	109	34	103	35	106	36	117	37	110	38	119	39	115	40	105	41	115	42	111	43	111	44	118	45	110	46	120	47	100	48	120	49	105	
	0	111	1	102	2	108	3	120	4	111	5	120	6	107	7	105	8	100	9	111	10	114	11	102	12	118	13	110	14	120	15	116	16	110	17	112	18	114	19	109	20	115	21	103	22	104	23	109	24	103	25	108	26	107	27	104	28	105	29	104	30	116	31	112	32	119	33	108	34	107	35	110	36	119	37	108	38	101	39	110	40	110	41	109	42	103	43	104	44	104	45	116	46	106	47	104	48	110	49	100	
	0	105	1	113	2	104	3	113	4	106	5	104	6	100	7	114	8	103	9	100	10	109	11	107	12	104	13	100	14	117	15	100	16	113	17	116	18	119	19	103	20	112	21	103	22	103	23	103	24	110	25	107	26	119	27	101	28	100	29	105	30	111	31	105	32	101	33	104	34	107	35	113	36	108	37	107	38	108	39	112	40	120	41	112	42	102	43	116	44	100	45	105	46	118	47	103	48	117	49	101	
	0	116	1	115	2	105	3	114	4	110	5	119	6	109	7	107	8	109	9	104	10	119	11	106	12	115	13	110	14	112	15	118	16	115	17	104	18	106	19	103	20	109	21	102	22	118	23	108	24	120	25	114	26	115	27	116	28	106	29	106	30	112	31	118	32	115	33	102	34	108	35	103	36	100	37	101	38	111	39	115	40	110	41	101	42	114	43	120	44	110	45	101	46	112	47	116	48	120	49	119	
	0	108	1	115	2	103	3	117	4	102	5	103	6	102	7	110	8	109	9	105	10	113	11	108	12	120	13	113	14	103	15	101	16	119	17	120	18	106	19	104	20	103	21	103	22	112	23	115	24	107	25	104	26	115	27	109	28	107	29	102	30	104	31	111	32	116	33	119	34	108	35	113	36	108	37	116	38	101	39	104	40	110	41	102	42	116	43	107	44	102	45	117	46	103	47	111	48	113	49	104	
	0	113	1	115	2	109	3	116	4	109	5	113	6	111	7	108	8	110	9	108	10	103	11	112	12	113	13	104	14	106	15	114	16	119	17	114	18	109	19	113	20	120	21	115	22	117	23	106	24	105	25	120	26	105	27	111	28	108	29	106	30	106	31	119	32	100	33	101	34	100	35	117	36	111	37	112	38	120	39	108	40	104	41	119	42	103	43	101	44	109	45	110	46	103	47	119	48	117	49	102	
	0	105	1	103	2	113	3	111	4	114	5	120	6	108	7	111	8	110	9	108	10	109	11	103	12	120	13	101	14	113	15	100	16	118	17	101	18	120	19	119	20	112	21	109	22	103	23	115	24	102	25	115	26	100	27	119	28	101	29	114	30	101	31	111	32	114	33	110	34	100	35	112	36	108	37	120	38	119	39	115	40	102	41	118	42	112	43	107	44	100	45	109	46	107	47	107	48	108	49	110	
	0	115	1	103	2	106	3	114	4	110	5	111	6	112	7	117	8	105	9	113	10	109	11	120	12	115	13	112	14	101	15	117	16	116	17	108	18	108	19	107	20	117	21	118	22	106	23	100	24	105	25	117	26	109	27	105	28	110	29	106	30	119	31	105	32	110	33	106	34	114	35	117	36	109	37	108	38	102	39	111	40	110	41	104	42	113	43	119	44	111	45	107	46	106	47	115	48	105	49	101	
	0	102	1	105	2	111	3	101	4	113	5	109	6	100	7	102	8	115	9	108	10	100	11	109	12	105	13	102	14	102	15	105	16	120	17	117	18	110	19	105	20	117	21	115	22	104	23	105	24	111	25	106	26	114	27	110	28	116	29	113	30	113	31	102	32	105	33	107	34	100	35	111	36	107	37	111	38	106	39	115	40	111	41	115	42	106	43	100	44	111	45	119	46	101	47	114	48	112	49	120	
	0	119	1	102	2	100	3	118	4	119	5	104	6	114	7	105	8	112	9	114	10	109	11	112	12	118	13	107	14	108	15	119	16	114	17	111	18	120	19	115	20	118	21	116	22	115	23	104	24	110	25	113	26	114	27	119	28	104	29	102	30	112	31	110	32	109	33	101	34	112	35	114	36	118	37	103	38	115	39	105	40	101	41	104	42	102	43	109	44	118	45	119	46	103	47	108	48	111	49	113	
	0	105	1	110	2	100	3	105	4	114	5	106	6	111	7	115	8	108	9	114	10	104	11	120	12	109	13	104	14	109	15	112	16	112	17	118	18	102	19	118	20	105	21	104	22	102	23	116	24	109	25	104	26	101	27	108	28	117	29	108	30	105	31	106	32	115	33	116	34	104	35	108	36	115	37	101	38	113	39	120	40	113	41	104	42	100	43	114	44	106	45	115	46	117	47	115	48	120	49	102	
	0	117	1	101	2	104	3	111	4	120	5	110	6	120	7	116	8	116	9	109	10	105	11	106	12	100	13	120	14	100	15	114	16	117	17	101	18	106	19	103	20	101	21	100	22	111	23	111	24	102	25	113	26	103	27	111	28	105	29	115	30	101	31	110	32	107	33	114	34	102	35	109	36	108	37	105	38	108	39	111	40	110	41	112	42	117	43	114	44	119	45	100	46	109	47	117	48	111	49	116	
	0	100	1	100	2	105	3	100	4	114	5	111	6	105	7	105	8	120	9	113	10	118	11	116	12	105	13	111	14	101	15	119	16	112	17	114	18	106	19	101	20	118	21	109	22	107	23	120	24	106	25	118	26	111	27	111	28	118	29	112	30	114	31	115	32	115	33	117	34	102	35	109	36	118	37	105	38	101	39	106	40	109	41	115	42	102	43	116	44	105	45	118	46	120	47	114	48	107	49	116	
	0	120	1	119	2	120	3	112	4	118	5	105	6	101	7	102	8	108	9	101	10	105	11	114	12	112	13	100	14	111	15	114	16	118	17	101	18	103	19	120	20	101	21	112	22	119	23	110	24	105	25	102	26	112	27	106	28	113	29	112	30	102	31	110	32	111	33	119	34	111	35	103	36	118	37	115	38	115	39	116	40	108	41	110	42	107	43	100	44	113	45	109	46	102	47	107	48	116	49	116	
	0	117	1	115	2	111	3	103	4	120	5	107	6	101	7	102	8	100	9	119	10	102	11	111	12	119	13	115	14	105	15	102	16	101	17	103	18	120	19	106	20	115	21	105	22	108	23	105	24	118	25	106	26	101	27	113	28	119	29	110	30	105	31	102	32	100	33	118	34	109	35	118	36	115	37	115	38	108	39	103	40	104	41	117	42	103	43	113	44	111	45	120	46	106	47	103	48	101	49	106	
	0	120	1	101	2	103	3	120	4	116	5	108	6	117	7	108	8	103	9	111	10	112	11	101	12	109	13	120	14	109	15	104	16	119	17	120	18	106	19	120	20	112	21	117	22	100	23	100	24	113	25	119	26	108	27	113	28	106	29	103	30	110	31	119	32	118	33	120	34	106	35	109	36	119	37	118	38	112	39	117	40	113	41	118	42	102	43	114	44	118	45	104	46	103	47	104	48	100	49	113	
	0	104	1	106	2	108	3	101	4	120	5	100	6	102	7	113	8	103	9	111	10	115	11	101	12	114	13	113	14	113	15	104	16	107	17	103	18	106	19	107	20	115	21	112	22	104	23	115	24	105	25	102	26	107	27	115	28	100	29	100	30	118	31	117	32	104	33	108	34	112	35	103	36	109	37	112	38	110	39	104	40	102	41	109	42	103	43	103	44	115	45	103	46	114	47	120	48	120	49	101	
	0	113	1	110	2	112	3	112	4	106	5	120	6	104	7	102	8	102	9	105	10	105	11	119	12	120	13	112	14	112	15	118	16	104	17	102	18	100	19	102	20	105	21	102	22	111	23	110	24	120	25	118	26	116	27	106	28	101	29	106	30	114	31	108	32	111	33	104	34	105	35	118	36	120	37	118	38	101	39	106	40	113	41	120	42	120	43	107	44	102	45	107	46	120	47	106	48	106	49	116	
	0	101	1	104	2	112	3	107	4	103	5	102	6	111	7	101	8	110	9	113	10	114	11	108	12	115	13	100	14	117	15	100	16	114	17	115	18	106	19	112	20	105	21	113	22	103	23	117	24	104	25	105	26	105	27	114	28	104	29	119	30	114	31	106	32	101	33	107	34	112	35	107	36	101	37	119	38	117	39	103	40	114	41	111	42	100	43	114	44	103	45	118	46	101	47	118	48	102	49	120	
	0	113	1	111	2	101	3	103	4	118	5	111	6	112	7	104	8	117	9	119	10	113	11	103	12	105	13	120	14	113	15	112	16	119	17	117	18	117	19	113	20	115	21	113	22	114	23	114	24	105	25	105	26	114	27	113	28	116	29	113	30	103	31	109	32	102	33	115	34	115	35	112	36	112	37	118	38	110	39	113	40	115	41	109	42	119	43	100	44	111	45	118	46	119	47	102	48	100	49	107	
	0	103	1	105	2	102	3	108	4	102	5	108	6	118	7	106	8	119	9	100	10	110	11	103	12	117	13	104	14	106	15	106	16	102	17	101	18	109	19	112	20	118	21	100	22	108	23	114	24	108	25	112	26	110	27	115	28	118	29	118	30	108	31	114	32	111	33	105	34	103	35	101	36	107	37	118	38	114	39	106	40	116	41	111	42	120	43	109	44	101	45	116	46	114	47	105	48	116	49	107	
	0	115	1	115	2	119	3	106	4	114	5	100	6	100	7	102	8	115	9	110	10	108	11	109	12	108	13	106	14	115	15	100	16	107	17	105	18	107	19	113	20	109	21	105	22	102	23	116	24	105	25	109	26	119	27	111	28	102	29	106	30	119	31	114	32	101	33	102	34	112	35	119	36	104	37	120	38	117	39	115	40	106	41	111	42	118	43	105	44	104	45	102	46	107	47	111	48	111	49	100	
	0	111	1	118	2	111	3	118	4	113	5	106	6	103	7	116	8	118	9	102	10	116	11	106	12	112	13	119	14	114	15	111	16	112	17	118	18	110	19	108	20	102	21	106	22	101	23	103	24	102	25	117	26	119	27	115	28	120	29	114	30	104	31	110	32	113	33	117	34	100	35	117	36	112	37	106	38	115	39	104	40	116	41	115	42	109	43	103	44	112	45	102	46	101	47	111	48	109	49	106	
	0	112	1	104	2	101	3	107	4	104	5	112	6	106	7	113	8	112	9	113	10	107	11	107	12	105	13	120	14	117	15	120	16	109	17	109	18	119	19	113	20	110	21	102	22	111	23	101	24	108	25	106	26	119	27	101	28	117	29	106	30	109	31	114	32	104	33	120	34	106	35	110	36	118	37	105	38	112	39	102	40	106	41	104	42	112	43	102	44	117	45	120	46	103	47	109	48	106	49	119	
	0	115	1	109	2	119	3	101	4	104	5	112	6	104	7	117	8	118	9	105	10	114	11	106	12	117	13	113	14	109	15	114	16	119	17	108	18	111	19	113	20	118	21	119	22	101	23	117	24	100	25	108	26	106	27	110	28	119	29	114	30	117	31	107	32	101	33	113	34	102	35	108	36	107	37	109	38	107	39	102	40	100	41	108	42	103	43	116	44	119	45	114	46	117	47	113	48	103	49	114	
	0	109	1	109	2	107	3	103	4	108	5	104	6	104	7	107	8	116	9	106	10	117	11	107	12	117	13	109	14	116	15	111	16	103	17	116	18	112	19	108	20	117	21	114	22	106	23	117	24	112	25	103	26	111	27	106	28	116	29	103	30	118	31	118	32	107	33	111	34	105	35	118	36	105	37	109	38	111	39	117	40	104	41	100	42	109	43	102	44	103	45	102	46	105	47	104	48	116	49	116	
	0	111	1	110	2	109	3	115	4	116	5	110	6	110	7	113	8	114	9	100	10	119	11	101	12	118	13	108	14	113	15	106	16	113	17	114	18	100	19	107	20	118	21	118	22	118	23	116	24	101	25	108	26	116	27	112	28	107	29	107	30	118	31	117	32	101	33	106	34	110	35	116	36	100	37	100	38	105	39	104	40	113	41	119	42	106	43	109	44	109	45	115	46	107	47	117	48	105	49	120	
	0	109	1	115	2	104	3	119	4	104	5	102	6	114	7	114	8	100	9	104	10	109	11	109	12	119	13	106	14	114	15	100	16	100	17	109	18	109	19	107	20	114	21	103	22	115	23	111	24	107	25	102	26	119	27	118	28	113	29	105	30	119	31	102	32	117	33	112	34	120	35	105	36	114	37	120	38	103	39	100	40	115	41	104	42	111	43	113	44	108	45	108	46	110	47	108	48	105	49	108	
	0	118	1	108	2	106	3	113	4	109	5	108	6	102	7	105	8	100	9	104	10	112	11	119	12	115	13	120	14	115	15	107	16	101	17	115	18	116	19	107	20	105	21	118	22	120	23	110	24	117	25	115	26	113	27	104	28	112	29	101	30	115	31	109	32	112	33	104	34	110	35	105	36	112	37	107	38	114	39	108	40	115	41	107	42	104	43	105	44	105	45	107	46	119	47	107	48	115	49	117	
	0	118	1	104	2	117	3	103	4	110	5	104	6	113	7	114	8	119	9	106	10	106	11	105	12	111	13	111	14	106	15	103	16	119	17	104	18	117	19	109	20	104	21	105	22	105	23	102	24	105	25	105	26	120	27	112	28	100	29	101	30	120	31	113	32	118	33	116	34	109	35	106	36	108	37	107	38	112	39	107	40	102	41	117	42	101	43	116	44	119	45	109	46	107	47	116	48	115	49	111	
	0	106	1	108	2	101	3	112	4	120	5	120	6	111	7	120	8	116	9	109	10	114	11	112	12	115	13	100	14	116	15	105	16	109	17	112	18	117	19	110	20	104	21	118	22	118	23	110	24	111	25	108	26	115	27	114	28	112	29	113	30	103	31	118	32	118	33	101	34	103	35	117	36	116	37	113	38	120	39	103	40	112	41	110	42	109	43	116	44	115	45	119	46	119	47	106	48	115	49	109	
	0	112	1	101	2	110	3	106	4	119	5	119	6	117	7	109	8	112	9	107	10	115	11	116	12	118	13	108	14	107	15	108	16	109	17	119	18	102	19	110	20	113	21	117	22	110	23	108	24	117	25	120	26	112	27	120	28	103	29	103	30	108	31	110	32	120	33	101	34	100	35	102	36	109	37	102	38	114	39	104	40	101	41	101	42	111	43	112	44	113	45	119	46	115	47	114	48	110	49	117	
	0	117	1	103	2	114	3	101	4	110	5	112	6	116	7	106	8	112	9	114	10	108	11	116	12	105	13	120	14	100	15	119	16	113	17	108	18	119	19	113	20	102	21	110	22	103	23	120	24	100	25	113	26	116	27	101	28	118	29	100	30	118	31	120	32	107	33	119	34	102	35	112	36	106	37	105	38	118	39	102	40	100	41	106	42	104	43	102	44	119	45	114	46	111	47	110	48	115	49	115	
	0	102	1	118	2	106	3	110	4	116	5	102	6	115	7	119	8	109	9	102	10	104	11	112	12	115	13	115	14	114	15	113	16	110	17	109	18	103	19	116	20	102	21	109	22	103	23	120	24	118	25	100	26	114	27	111	28	117	29	111	30	116	31	115	32	116	33	112	34	108	35	106	36	103	37	104	38	112	39	118	40	113	41	120	42	113	43	113	44	119	45	106	46	105	47	102	48	110	49	116	
	0	101	1	107	2	101	3	115	4	115	5	105	6	116	7	100	8	107	9	114	10	103	11	117	12	101	13	112	14	101	15	114	16	107	17	101	18	113	19	105	20	113	21	112	22	117	23	100	24	102	25	104	26	119	27	107	28	117	29	101	30	118	31	103	32	119	33	104	34	106	35	117	36	117	37	101	38	111	39	110	40	105	41	113	42	101	43	105	44	112	45	116	46	114	47	118	48	114	49	117	
	0	102	1	103	2	117	3	108	4	113	5	110	6	109	7	120	8	120	9	101	10	113	11	113	12	100	13	109	14	108	15	114	16	105	17	110	18	108	19	110	20	119	21	118	22	103	23	106	24	108	25	116	26	107	27	103	28	112	29	115	30	111	31	111	32	117	33	107	34	120	35	111	36	112	37	101	38	102	39	116	40	112	41	114	42	114	43	109	44	111	45	101	46	103	47	101	48	112	49	114	
	0	115	1	113	2	118	3	104	4	111	5	100	6	111	7	100	8	117	9	100	10	107	11	113	12	111	13	102	14	101	15	113	16	120	17	109	18	116	19	111	20	109	21	118	22	114	23	108	24	109	25	107	26	103	27	102	28	119	29	102	30	111	31	109	32	115	33	118	34	112	35	112	36	101	37	118	38	106	39	102	40	100	41	113	42	109	43	109	44	109	45	119	46	118	47	119	48	119	49	118	
	0	112	1	112	2	115	3	101	4	104	5	116	6	120	7	105	8	110	9	105	10	112	11	105	12	103	13	116	14	109	15	106	16	119	17	102	18	103	19	112	20	106	21	116	22	101	23	117	24	106	25	107	26	110	27	112	28	113	29	119	30	100	31	115	32	101	33	104	34	118	35	103	36	109	37	113	38	118	39	101	40	102	41	113	42	103	43	116	44	105	45	107	46	107	47	110	48	100	49	103	
	0	101	1	108	2	103	3	111	4	115	5	116	6	114	7	119	8	116	9	104	10	109	11	102	12	114	13	109	14	110	15	109	16	105	17	109	18	107	19	119	20	100	21	115	22	120	23	106	24	112	25	106	26	113	27	109	28	112	29	115	30	107	31	109	32	113	33	107	34	113	35	110	36	107	37	103	38	119	39	110	40	115	41	113	42	104	43	104	44	101	45	104	46	114	47	105	48	101	49	110	
	0	100	1	103	2	116	3	110	4	112	5	114	6	110	7	103	8	109	9	107	10	115	11	105	12	102	13	112	14	119	15	119	16	108	17	120	18	100	19	107	20	112	21	104	22	109	23	106	24	100	25	101	26	111	27	114	28	105	29	102	30	101	31	112	32	109	33	101	34	111	35	105	36	111	37	100	38	103	39	112	40	110	41	106	42	110	43	118	44	118	45	109	46	117	47	116	48	104	49	115	
	0	104	1	119	2	113	3	118	4	112	5	114	6	115	7	102	8	111	9	104	10	104	11	119	12	119	13	113	14	106	15	114	16	115	17	112	18	117	19	100	20	104	21	115	22	102	23	105	24	107	25	106	26	102	27	111	28	115	29	106	30	100	31	116	32	116	33	120	34	113	35	104	36	102	37	106	38	106	39	106	40	115	41	103	42	105	43	106	44	118	45	109	46	107	47	112	48	114	49	103	
	0	118	1	115	2	113	3	113	4	101	5	107	6	108	7	118	8	112	9	110	10	118	11	115	12	104	13	112	14	114	15	116	16	111	17	120	18	107	19	100	20	103	21	113	22	110	23	106	24	109	25	103	26	117	27	120	28	101	29	109	30	106	31	109	32	102	33	116	34	110	35	116	36	110	37	102	38	107	39	107	40	109	41	117	42	100	43	113	44	109	45	119	46	100	47	103	48	106	49	116	
	0	112	1	110	2	102	3	104	4	118	5	118	6	118	7	100	8	108	9	100	10	113	11	101	12	113	13	110	14	100	15	102	16	113	17	105	18	107	19	117	20	104	21	103	22	115	23	108	24	110	25	120	26	111	27	119	28	112	29	103	30	120	31	107	32	116	33	119	34	106	35	108	36	100	37	118	38	120	39	100	40	116	41	117	42	111	43	101	44	120	45	120	46	109	47	111	48	105	49	102	
	0	106	1	115	2	113	3	116	4	105	5	104	6	112	7	107	8	112	9	120	10	111	11	107	12	113	13	105	14	103	15	119	16	100	17	117	18	110	19	105	20	119	21	106	22	107	23	102	24	119	25	108	26	107	27	108	28	103	29	108	30	101	31	118	32	107	33	115	34	109	35	117	36	119	37	106	38	102	39	110	40	118	41	104	42	111	43	100	44	107	45	106	46	119	47	102	48	114	49	112	
	0	117	1	103	2	119	3	102	4	111	5	119	6	103	7	103	8	120	9	113	10	112	11	112	12	110	13	103	14	105	15	105	16	103	17	113	18	103	19	103	20	116	21	106	22	103	23	108	24	113	25	107	26	118	27	113	28	101	29	116	30	120	31	108	32	102	33	112	34	112	35	106	36	110	37	107	38	117	39	107	40	110	41	110	42	116	43	112	44	120	45	107	46	104	47	106	48	116	49	119	
	0	105	1	112	2	103	3	103	4	120	5	100	6	106	7	106	8	112	9	119	10	102	11	103	12	112	13	102	14	117	15	102	16	110	17	111	18	110	19	101	20	104	21	117	22	116	23	117	24	114	25	111	26	104	27	104	28	120	29	101	30	107	31	109	32	114	33	107	34	118	35	109	36	106	37	102	38	108	39	114	40	104	41	102	42	115	43	112	44	103	45	105	46	113	47	105	48	114	49	117	
	0	117	1	100	2	114	3	112	4	102	5	108	6	109	7	101	8	109	9	118	10	109	11	109	12	114	13	115	14	109	15	107	16	104	17	113	18	116	19	107	20	118	21	113	22	104	23	101	24	112	25	104	26	116	27	111	28	119	29	118	30	112	31	104	32	113	33	100	34	113	35	110	36	110	37	102	38	111	39	109	40	116	41	115	42	118	43	107	44	108	45	116	46	111	47	103	48	111	49	107	
	0	119	1	113	2	102	3	109	4	100	5	103	6	102	7	108	8	101	9	107	10	100	11	116	12	100	13	108	14	117	15	114	16	111	17	111	18	108	19	101	20	103	21	100	22	113	23	109	24	104	25	100	26	109	27	101	28	114	29	108	30	103	31	104	32	107	33	118	34	112	35	118	36	118	37	103	38	104	39	117	40	111	41	114	42	101	43	104	44	109	45	117	46	106	47	111	48	111	49	101	
	0	111	1	110	2	105	3	112	4	120	5	118	6	115	7	106	8	104	9	112	10	114	11	115	12	105	13	112	14	119	15	104	16	113	17	118	18	100	19	100	20	105	21	114	22	100	23	115	24	107	25	115	26	117	27	105	28	117	29	108	30	110	31	114	32	111	33	109	34	118	35	108	36	111	37	109	38	106	39	106	40	108	41	106	42	104	43	113	44	107	45	100	46	103	47	113	48	104	49	108	
	0	117	1	103	2	114	3	116	4	116	5	108	6	112	7	101	8	110	9	120	10	104	11	111	12	102	13	107	14	102	15	106	16	106	17	102	18	104	19	106	20	112	21	114	22	105	23	101	24	119	25	106	26	118	27	101	28	117	29	117	30	103	31	114	32	112	33	108	34	114	35	116	36	104	37	100	38	117	39	101	40	119	41	117	42	105	43	107	44	120	45	108	46	106	47	114	48	119	49	115	
	0	118	1	120	2	117	3	109	4	104	5	110	6	100	7	108	8	116	9	112	10	112	11	112	12	106	13	111	14	101	15	110	16	113	17	112	18	107	19	106	20	102	21	120	22	113	23	104	24	108	25	106	26	102	27	101	28	116	29	114	30	103	31	120	32	117	33	120	34	111	35	111	36	113	37	102	38	118	39	102	40	119	41	119	42	107	43	117	44	115	45	119	46	101	47	119	48	107	49	100	
	0	116	1	101	2	117	3	120	4	111	5	100	6	116	7	112	8	119	9	114	10	111	11	115	12	117	13	116	14	104	15	112	16	101	17	112	18	105	19	114	20	117	21	106	22	110	23	113	24	110	25	101	26	104	27	110	28	112	29	101	30	120	31	110	32	118	33	113	34	115	35	116	36	104	37	110	38	112	39	108	40	110	41	105	42	117	43	109	44	118	45	112	46	120	47	102	48	112	49	108	
	0	102	1	111	2	112	3	115	4	101	5	107	6	118	7	114	8	101	9	100	10	104	11	105	12	109	13	116	14	100	15	105	16	118	17	103	18	106	19	114	20	103	21	103	22	104	23	105	24	112	25	110	26	103	27	118	28	120	29	116	30	106	31	114	32	104	33	113	34	113	35	120	36	105	37	110	38	111	39	115	40	105	41	104	42	113	43	119	44	114	45	102	46	116	47	103	48	101	49	116	
	0	108	1	113	2	101	3	118	4	112	5	120	6	102	7	119	8	119	9	118	10	117	11	112	12	108	13	116	14	115	15	118	16	116	17	100	18	112	19	120	20	105	21	100	22	103	23	103	24	120	25	110	26	118	27	115	28	108	29	104	30	118	31	114	32	114	33	120	34	119	35	114	36	102	37	108	38	110	39	117	40	113	41	108	42	108	43	116	44	106	45	111	46	106	47	107	48	116	49	101	
	0	110	1	107	2	115	3	115	4	117	5	101	6	111	7	113	8	104	9	101	10	119	11	106	12	105	13	114	14	102	15	105	16	116	17	105	18	106	19	112	20	103	21	107	22	105	23	113	24	103	25	105	26	100	27	114	28	106	29	105	30	106	31	114	32	113	33	105	34	120	35	107	36	109	37	102	38	109	39	118	40	100	41	100	42	106	43	106	44	112	45	117	46	120	47	113	48	104	49	111	
	0	117	1	109	2	116	3	108	4	108	5	115	6	103	7	106	8	120	9	105	10	104	11	119	12	106	13	108	14	113	15	112	16	118	17	111	18	114	19	101	20	112	21	117	22	109	23	100	24	114	25	120	26	103	27	116	28	103	29	104	30	103	31	120	32	112	33	107	34	103	35	112	36	110	37	104	38	118	39	100	40	118	41	112	42	100	43	105	44	106	45	117	46	102	47	118	48	102	49	120	
	0	119	1	104	2	113	3	108	4	113	5	105	6	110	7	102	8	100	9	110	10	109	11	106	12	110	13	105	14	110	15	107	16	119	17	113	18	112	19	106	20	116	21	101	22	111	23	120	24	115	25	104	26	101	27	106	28	103	29	114	30	108	31	107	32	120	33	101	34	109	35	102	36	114	37	102	38	102	39	107	40	115	41	108	42	112	43	104	44	116	45	119	46	105	47	117	48	104	49	104	
	0	118	1	118	2	110	3	111	4	106	5	116	6	109	7	100	8	118	9	100	10	109	11	117	12	100	13	113	14	111	15	115	16	101	17	112	18	106	19	117	20	111	21	119	22	114	23	110	24	102	25	104	26	115	27	116	28	110	29	101	30	112	31	113	32	105	33	113	34	117	35	113	36	114	37	119	38	115	39	100	40	106	41	119	42	118	43	114	44	105	45	101	46	109	47	101	48	100	49	108	
	0	106	1	115	2	107	3	104	4	107	5	120	6	111	7	108	8	115	9	104	10	104	11	102	12	116	13	111	14	106	15	107	16	117	17	101	18	111	19	101	20	112	21	113	22	115	23	100	24	117	25	115	26	101	27	113	28	109	29	112	30	116	31	106	32	103	33	101	34	102	35	108	36	102	37	100	38	103	39	102	40	110	41	102	42	100	43	108	44	116	45	104	46	103	47	110	48	115	49	107	
	0	109	1	112	2	103	3	103	4	108	5	108	6	119	7	111	8	118	9	105	10	117	11	118	12	104	13	104	14	104	15	113	16	101	17	112	18	117	19	112	20	113	21	100	22	103	23	107	24	104	25	117	26	109	27	119	28	114	29	101	30	120	31	100	32	108	33	110	34	117	35	110	36	113	37	116	38	114	39	111	40	104	41	104	42	114	43	119	44	102	45	104	46	120	47	110	48	104	49	116	
	0	116	1	119	2	114	3	119	4	112	5	103	6	118	7	120	8	105	9	112	10	115	11	114	12	115	13	113	14	106	15	119	16	119	17	119	18	116	19	100	20	111	21	119	22	102	23	106	24	106	25	119	26	110	27	111	28	112	29	104	30	100	31	109	32	113	33	110	34	101	35	100	36	119	37	112	38	120	39	118	40	106	41	105	42	116	43	118	44	108	45	103	46	102	47	101	48	117	49	100	
	0	115	1	116	2	104	3	105	4	120	5	102	6	108	7	108	8	102	9	109	10	103	11	112	12	120	13	100	14	100	15	117	16	105	17	101	18	108	19	114	20	119	21	111	22	118	23	117	24	112	25	113	26	117	27	113	28	105	29	100	30	104	31	117	32	113	33	115	34	104	35	114	36	114	37	116	38	109	39	102	40	112	41	111	42	106	43	111	44	101	45	106	46	116	47	117	48	109	49	114	
	0	108	1	119	2	111	3	114	4	113	5	113	6	106	7	114	8	100	9	100	10	106	11	100	12	115	13	106	14	111	15	110	16	116	17	111	18	100	19	112	20	111	21	104	22	114	23	110	24	107	25	111	26	104	27	104	28	116	29	100	30	118	31	116	32	116	33	100	34	116	35	104	36	114	37	104	38	114	39	110	40	112	41	112	42	100	43	110	44	112	45	101	46	112	47	117	48	100	49	106	
	0	109	1	116	2	120	3	108	4	109	5	112	6	119	7	119	8	106	9	116	10	104	11	116	12	111	13	109	14	111	15	114	16	113	17	118	18	105	19	115	20	100	21	103	22	119	23	117	24	107	25	120	26	113	27	110	28	114	29	102	30	100	31	108	32	101	33	120	34	112	35	104	36	114	37	112	38	104	39	116	40	108	41	113	42	111	43	101	44	113	45	105	46	116	47	103	48	109	49	109	
	0	103	1	108	2	119	3	107	4	120	5	116	6	114	7	111	8	111	9	105	10	111	11	118	12	117	13	117	14	120	15	101	16	100	17	103	18	112	19	111	20	117	21	118	22	110	23	103	24	112	25	108	26	115	27	119	28	110	29	110	30	103	31	109	32	104	33	104	34	117	35	105	36	119	37	105	38	114	39	108	40	104	41	105	42	102	43	111	44	102	45	110	46	105	47	120	48	116	49	114	
	0	116	1	111	2	118	3	118	4	116	5	116	6	102	7	100	8	104	9	114	10	112	11	105	12	118	13	106	14	101	15	116	16	106	17	109	18	120	19	112	20	103	21	112	22	103	23	117	24	106	25	112	26	105	27	120	28	101	29	100	30	101	31	107	32	120	33	119	34	108	35	115	36	111	37	104	38	115	39	120	40	111	41	103	42	118	43	112	44	110	45	110	46	119	47	115	48	119	49	117	
	0	113	1	110	2	100	3	120	4	101	5	115	6	110	7	106	8	101	9	112	10	108	11	113	12	102	13	103	14	100	15	115	16	102	17	115	18	115	19	118	20	108	21	108	22	118	23	115	24	107	25	118	26	111	27	101	28	118	29	114	30	104	31	111	32	103	33	106	34	118	35	105	36	119	37	108	38	115	39	102	40	105	41	114	42	103	43	117	44	107	45	117	46	113	47	116	48	101	49	102	
	0	103	1	107	2	120	3	105	4	116	5	119	6	107	7	117	8	114	9	113	10	108	11	101	12	112	13	109	14	111	15	105	16	119	17	109	18	103	19	111	20	106	21	119	22	104	23	104	24	102	25	109	26	113	27	110	28	110	29	102	30	112	31	118	32	118	33	101	34	110	35	118	36	108	37	112	38	100	39	108	40	100	41	100	42	113	43	117	44	114	45	117	46	115	47	112	48	103	49	106	
	0	109	1	107	2	120	3	120	4	116	5	104	6	102	7	111	8	102	9	119	10	113	11	111	12	108	13	112	14	111	15	115	16	110	17	112	18	114	19	107	20	117	21	108	22	120	23	105	24	102	25	112	26	113	27	102	28	100	29	116	30	116	31	116	32	109	33	112	34	118	35	110	36	100	37	113	38	101	39	118	40	119	41	113	42	113	43	109	44	118	45	111	46	102	47	116	48	103	49	103	
	0	118	1	102	2	117	3	103	4	115	5	114	6	120	7	103	8	119	9	108	10	109	11	103	12	120	13	105	14	101	15	104	16	113	17	103	18	109	19	107	20	101	21	119	22	109	23	109	24	105	25	102	26	113	27	119	28	118	29	115	30	103	31	119	32	113	33	113	34	117	35	111	36	102	37	101	38	120	39	120	40	107	41	101	42	108	43	107	44	102	45	111	46	101	47	118	48	114	49	119	
	0	117	1	108	2	110	3	102	4	119	5	107	6	112	7	114	8	119	9	117	10	120	11	110	12	120	13	109	14	113	15	101	16	113	17	107	18	110	19	100	20	112	21	115	22	117	23	111	24	114	25	118	26	104	27	120	28	116	29	119	30	108	31	106	32	112	33	113	34	114	35	102	36	107	37	100	38	106	39	118	40	116	41	110	42	113	43	103	44	107	45	104	46	101	47	115	48	100	49	107	
	0	117	1	100	2	108	3	101	4	109	5	115	6	111	7	119	8	103	9	101	10	101	11	112	12	110	13	114	14	120	15	103	16	100	17	111	18	111	19	114	20	100	21	117	22	102	23	117	24	113	25	106	26	100	27	115	28	105	29	112	30	101	31	116	32	100	33	103	34	104	35	112	36	109	37	110	38	118	39	120	40	113	41	114	42	113	43	118	44	114	45	114	46	102	47	111	48	117	49	102	
	0	112	1	115	2	109	3	103	4	106	5	117	6	119	7	109	8	113	9	115	10	100	11	110	12	116	13	113	14	117	15	114	16	112	17	107	18	101	19	110	20	110	21	115	22	117	23	116	24	120	25	116	26	115	27	101	28	110	29	102	30	100	31	115	32	114	33	110	34	100	35	108	36	108	37	116	38	107	39	119	40	118	41	114	42	103	43	114	44	103	45	110	46	115	47	115	48	111	49	101	
	0	109	1	105	2	117	3	119	4	116	5	112	6	117	7	119	8	109	9	101	10	103	11	115	12	120	13	102	14	100	15	104	16	116	17	111	18	114	19	110	20	103	21	100	22	113	23	110	24	107	25	120	26	120	27	109	28	116	29	101	30	103	31	117	32	111	33	103	34	118	35	115	36	109	37	119	38	116	39	104	40	103	41	100	42	108	43	112	44	101	45	115	46	113	47	120	48	119	49	111	
	0	110	1	110	2	120	3	101	4	102	5	107	6	115	7	106	8	110	9	120	10	102	11	118	12	111	13	101	14	113	15	111	16	115	17	108	18	108	19	104	20	120	21	113	22	108	23	105	24	100	25	107	26	111	27	112	28	105	29	111	30	120	31	116	32	109	33	115	34	105	35	111	36	118	37	115	38	117	39	113	40	101	41	101	42	119	43	119	44	105	45	111	46	103	47	110	48	105	49	118	
	0	104	1	106	2	116	3	110	4	116	5	102	6	110	7	120	8	117	9	119	10	120	11	108	12	119	13	102	14	114	15	101	16	104	17	102	18	114	19	109	20	103	21	100	22	102	23	117	24	113	25	117	26	113	27	117	28	112	29	118	30	115	31	115	32	120	33	115	34	106	35	114	36	118	37	101	38	108	39	105	40	114	41	111	42	112	43	116	44	111	45	116	46	101	47	109	48	105	49	101	
	0	100	1	107	2	116	3	116	4	104	5	116	6	119	7	117	8	118	9	109	10	118	11	103	12	100	13	115	14	115	15	112	16	119	17	118	18	108	19	115	20	102	21	106	22	112	23	118	24	110	25	112	26	120	27	113	28	119	29	107	30	111	31	106	32	102	33	120	34	110	35	103	36	115	37	116	38	120	39	113	40	106	41	101	42	118	43	114	44	117	45	105	46	103	47	113	48	104	49	102	
	0	112	1	116	2	111	3	101	4	112	5	100	6	104	7	114	8	102	9	102	10	105	11	105	12	105	13	112	14	105	15	115	16	114	17	119	18	105	19	111	20	103	21	110	22	115	23	120	24	117	25	102	26	111	27	118	28	119	29	110	30	109	31	113	32	100	33	115	34	105	35	106	36	109	37	114	38	110	39	105	40	114	41	104	42	119	43	103	44	112	45	114	46	120	47	104	48	102	49	108	
	0	101	1	102	2	100	3	118	4	101	5	114	6	110	7	109	8	109	9	101	10	115	11	114	12	115	13	111	14	109	15	120	16	108	17	112	18	118	19	100	20	111	21	110	22	103	23	109	24	110	25	103	26	115	27	120	28	117	29	120	30	107	31	109	32	120	33	110	34	101	35	104	36	100	37	114	38	111	39	104	40	115	41	109	42	113	43	119	44	106	45	103	46	104	47	116	48	110	49	105	
	0	104	1	114	2	117	3	103	4	115	5	118	6	105	7	101	8	105	9	105	10	105	11	111	12	120	13	111	14	119	15	100	16	102	17	111	18	119	19	117	20	100	21	113	22	104	23	110	24	112	25	120	26	106	27	114	28	105	29	110	30	101	31	120	32	105	33	118	34	119	35	100	36	116	37	105	38	120	39	113	40	120	41	111	42	113	43	108	44	107	45	115	46	117	47	112	48	104	49	106	
	0	115	1	105	2	111	3	102	4	110	5	106	6	116	7	100	8	119	9	104	10	120	11	105	12	116	13	104	14	120	15	106	16	118	17	118	18	102	19	107	20	120	21	102	22	112	23	116	24	109	25	101	26	106	27	101	28	117	29	106	30	100	31	108	32	104	33	118	34	107	35	113	36	100	37	111	38	119	39	104	40	102	41	111	42	109	43	119	44	112	45	114	46	118	47	114	48	110	49	102	
	0	115	1	113	2	102	3	118	4	105	5	120	6	103	7	108	8	117	9	101	10	106	11	101	12	104	13	111	14	118	15	112	16	105	17	114	18	114	19	118	20	115	21	108	22	102	23	103	24	118	25	117	26	112	27	111	28	106	29	116	30	110	31	104	32	112	33	115	34	114	35	108	36	112	37	100	38	106	39	102	40	117	41	119	42	103	43	118	44	103	45	119	46	100	47	109	48	108	49	100	
	0	107	1	110	2	115	3	111	4	117	5	109	6	117	7	106	8	109	9	106	10	101	11	104	12	111	13	118	14	107	15	107	16	102	17	116	18	112	19	103	20	105	21	104	22	100	23	108	24	116	25	107	26	107	27	117	28	102	29	106	30	113	31	110	32	116	33	107	34	107	35	106	36	102	37	104	38	101	39	103	40	115	41	114	42	112	43	108	44	113	45	120	46	112	47	103	48	120	49	114	
	0	116	1	113	2	117	3	112	4	101	5	109	6	113	7	102	8	109	9	101	10	115	11	118	12	119	13	111	14	103	15	116	16	118	17	115	18	102	19	116	20	119	21	103	22	109	23	105	24	106	25	105	26	103	27	101	28	102	29	100	30	109	31	110	32	120	33	117	34	117	35	105	36	100	37	119	38	116	39	107	40	120	41	106	42	115	43	113	44	113	45	100	46	120	47	100	48	114	49	110	
	0	119	1	112	2	102	3	104	4	106	5	104	6	117	7	114	8	113	9	107	10	118	11	116	12	120	13	107	14	112	15	104	16	114	17	106	18	113	19	111	20	101	21	110	22	103	23	113	24	103	25	120	26	115	27	103	28	116	29	116	30	120	31	107	32	117	33	104	34	110	35	116	36	111	37	104	38	106	39	110	40	105	41	105	42	110	43	106	44	120	45	120	46	117	47	105	48	109	49	103	
	0	102	1	100	2	119	3	105	4	111	5	120	6	104	7	118	8	115	9	116	10	114	11	107	12	119	13	102	14	107	15	118	16	102	17	115	18	113	19	107	20	105	21	116	22	116	23	113	24	117	25	116	26	114	27	110	28	113	29	107	30	112	31	114	32	106	33	114	34	112	35	107	36	114	37	113	38	103	39	104	40	114	41	103	42	108	43	120	44	111	45	113	46	104	47	110	48	114	49	113	
	0	119	1	104	2	119	3	109	4	119	5	108	6	113	7	119	8	117	9	103	10	110	11	105	12	111	13	106	14	119	15	119	16	116	17	101	18	101	19	108	20	116	21	104	22	116	23	116	24	120	25	113	26	120	27	115	28	115	29	116	30	117	31	104	32	102	33	115	34	108	35	119	36	109	37	108	38	107	39	114	40	104	41	106	42	115	43	111	44	118	45	117	46	109	47	102	48	100	49	115	
	0	104	1	104	2	106	3	120	4	113	5	119	6	107	7	105	8	102	9	105	10	101	11	106	12	111	13	109	14	108	15	103	16	103	17	100	18	102	19	117	20	104	21	109	22	118	23	109	24	112	25	112	26	112	27	112	28	106	29	120	30	112	31	100	32	103	33	117	34	109	35	106	36	100	37	120	38	107	39	117	40	108	41	114	42	104	43	100	44	112	45	107	46	107	47	117	48	110	49	115	
	0	118	1	120	2	109	3	116	4	103	5	101	6	101	7	109	8	106	9	104	10	100	11	104	12	101	13	111	14	109	15	115	16	102	17	113	18	107	19	111	20	117	21	107	22	116	23	108	24	118	25	112	26	102	27	106	28	113	29	110	30	107	31	103	32	105	33	120	34	111	35	101	36	110	37	107	38	106	39	108	40	105	41	111	42	119	43	104	44	106	45	113	46	120	47	112	48	107	49	105	
	0	109	1	105	2	117	3	106	4	106	5	101	6	108	7	101	8	104	9	113	10	118	11	100	12	111	13	104	14	106	15	113	16	116	17	114	18	103	19	109	20	113	21	114	22	119	23	118	24	116	25	117	26	114	27	100	28	116	29	119	30	120	31	104	32	113	33	104	34	116	35	118	36	104	37	115	38	110	39	108	40	114	41	104	42	100	43	107	44	111	45	101	46	102	47	106	48	119	49	100	
	0	118	1	105	2	101	3	100	4	106	5	102	6	101	7	119	8	113	9	112	10	101	11	100	12	111	13	120	14	113	15	119	16	112	17	113	18	115	19	119	20	111	21	110	22	102	23	104	24	107	25	113	26	113	27	118	28	109	29	115	30	120	31	106	32	100	33	109	34	117	35	117	36	102	37	105	38	117	39	111	40	104	41	116	42	111	43	110	44	101	45	109	46	105	47	116	48	101	49	104	
	0	109	1	120	2	112	3	104	4	120	5	120	6	108	7	115	8	110	9	107	10	104	11	115	12	104	13	118	14	106	15	100	16	116	17	120	18	115	19	106	20	117	21	114	22	110	23	109	24	113	25	112	26	104	27	103	28	100	29	120	30	100	31	107	32	118	33	111	34	109	35	101	36	109	37	111	38	102	39	118	40	101	41	120	42	114	43	115	44	104	45	109	46	106	47	117	48	110	49	117	
	0	104	1	115	2	114	3	106	4	109	5	113	6	120	7	101	8	119	9	100	10	116	11	114	12	104	13	104	14	108	15	117	16	114	17	101	18	116	19	118	20	111	21	106	22	110	23	100	24	115	25	108	26	103	27	102	28	118	29	117	30	107	31	110	32	101	33	118	34	105	35	105	36	109	37	119	38	116	39	101	40	106	41	112	42	111	43	108	44	104	45	118	46	118	47	106	48	105	49	112	
	0	119	1	115	2	110	3	118	4	114	5	119	6	100	7	107	8	113	9	102	10	115	11	101	12	120	13	105	14	105	15	111	16	100	17	115	18	111	19	111	20	111	21	118	22	107	23	119	24	100	25	116	26	104	27	103	28	108	29	109	30	111	31	115	32	115	33	109	34	100	35	115	36	101	37	112	38	117	39	100	40	110	41	108	42	100	43	119	44	102	45	100	46	104	47	106	48	116	49	100	
	0	106	1	111	2	118	3	114	4	102	5	107	6	106	7	113	8	102	9	108	10	103	11	106	12	117	13	114	14	117	15	110	16	113	17	115	18	102	19	119	20	116	21	110	22	110	23	111	24	101	25	108	26	108	27	105	28	102	29	111	30	111	31	102	32	115	33	120	34	110	35	106	36	107	37	117	38	109	39	111	40	107	41	120	42	108	43	112	44	107	45	112	46	102	47	105	48	115	49	112	
	0	101	1	107	2	114	3	106	4	113	5	103	6	110	7	109	8	101	9	118	10	110	11	113	12	113	13	118	14	115	15	110	16	120	17	101	18	115	19	100	20	106	21	107	22	103	23	119	24	118	25	118	26	107	27	115	28	104	29	101	30	106	31	119	32	100	33	111	34	117	35	104	36	107	37	101	38	108	39	112	40	120	41	119	42	105	43	112	44	107	45	107	46	100	47	114	48	115	49	120	
	0	106	1	118	2	113	3	108	4	120	5	109	6	104	7	118	8	120	9	100	10	102	11	107	12	119	13	109	14	119	15	100	16	113	17	108	18	119	19	100	20	105	21	118	22	111	23	120	24	102	25	107	26	120	27	107	28	115	29	118	30	101	31	120	32	115	33	114	34	110	35	112	36	103	37	104	38	118	39	104	40	105	41	101	42	118	43	101	44	117	45	106	46	100	47	119	48	101	49	106	
	0	116	1	107	2	106	3	107	4	120	5	110	6	105	7	102	8	100	9	117	10	102	11	111	12	109	13	115	14	114	15	116	16	103	17	105	18	103	19	109	20	109	21	114	22	116	23	110	24	116	25	108	26	108	27	119	28	111	29	108	30	110	31	114	32	100	33	100	34	119	35	107	36	108	37	109	38	119	39	117	40	120	41	115	42	111	43	118	44	114	45	108	46	111	47	113	48	101	49	103	
	0	105	1	111	2	111	3	102	4	116	5	107	6	102	7	115	8	106	9	100	10	111	11	107	12	111	13	113	14	103	15	106	16	115	17	100	18	117	19	110	20	109	21	115	22	104	23	105	24	111	25	103	26	103	27	104	28	118	29	110	30	107	31	118	32	105	33	101	34	108	35	104	36	111	37	112	38	107	39	108	40	113	41	114	42	110	43	118	44	116	45	101	46	120	47	103	48	116	49	111	
	0	114	1	116	2	111	3	117	4	117	5	111	6	108	7	110	8	119	9	112	10	120	11	119	12	107	13	116	14	112	15	106	16	114	17	119	18	118	19	114	20	117	21	114	22	103	23	108	24	110	25	111	26	110	27	101	28	117	29	113	30	114	31	107	32	112	33	112	34	111	35	104	36	103	37	104	38	109	39	107	40	102	41	120	42	112	43	110	44	108	45	118	46	103	47	100	48	105	49	111	
	0	120	1	105	2	100	3	118	4	103	5	117	6	108	7	119	8	106	9	120	10	106	11	100	12	100	13	108	14	117	15	104	16	110	17	102	18	110	19	119	20	103	21	120	22	101	23	116	24	117	25	116	26	119	27	109	28	119	29	119	30	119	31	109	32	108	33	107	34	119	35	105	36	108	37	120	38	113	39	113	40	120	41	106	42	104	43	114	44	103	45	120	46	118	47	110	48	115	49	104	
	0	114	1	113	2	119	3	118	4	105	5	106	6	108	7	103	8	113	9	116	10	110	11	109	12	105	13	100	14	116	15	116	16	110	17	106	18	105	19	107	20	101	21	100	22	120	23	100	24	113	25	115	26	109	27	120	28	104	29	114	30	112	31	111	32	118	33	109	34	119	35	118	36	117	37	110	38	109	39	104	40	114	41	100	42	105	43	113	44	117	45	110	46	101	47	103	48	119	49	119	
	0	108	1	110	2	101	3	117	4	120	5	113	6	110	7	102	8	105	9	110	10	120	11	114	12	111	13	117	14	101	15	105	16	111	17	117	18	108	19	104	20	117	21	110	22	104	23	104	24	115	25	113	26	108	27	112	28	113	29	105	30	109	31	113	32	103	33	112	34	118	35	114	36	114	37	106	38	102	39	101	40	104	41	120	42	111	43	114	44	107	45	106	46	118	47	115	48	104	49	120	
	0	114	1	103	2	102	3	112	4	100	5	120	6	115	7	106	8	112	9	114	10	104	11	116	12	119	13	118	14	116	15	100	16	103	17	120	18	105	19	108	20	112	21	104	22	111	23	112	24	107	25	105	26	109	27	115	28	118	29	112	30	111	31	119	32	104	33	118	34	108	35	112	36	119	37	110	38	119	39	118	40	113	41	114	42	117	43	102	44	109	45	114	46	116	47	113	48	111	49	117	
	0	109	1	109	2	115	3	104	4	106	5	117	6	102	7	114	8	114	9	110	10	115	11	103	12	104	13	113	14	110	15	106	16	113	17	103	18	113	19	101	20	118	21	104	22	101	23	114	24	116	25	119	26	101	27	116	28	110	29	111	30	115	31	103	32	103	33	118	34	104	35	108	36	114	37	119	38	112	39	101	40	102	41	108	42	120	43	115	44	100	45	111	46	104	47	120	48	106	49	109	
	0	119	1	104	2	104	3	115	4	104	5	118	6	104	7	100	8	100	9	108	10	106	11	105	12	110	13	109	14	111	15	102	16	105	17	111	18	106	19	101	20	112	21	108	22	120	23	113	24	120	25	100	26	109	27	114	28	102	29	107	30	102	31	103	32	103	33	120	34	112	35	114	36	100	37	107	38	113	39	118	40	119	41	111	42	113	43	105	44	115	45	115	46	113	47	107	48	115	49	113	
	0	104	1	119	2	107	3	100	4	110	5	108	6	109	7	103	8	109	9	113	10	111	11	116	12	110	13	105	14	119	15	101	16	114	17	104	18	103	19	113	20	108	21	104	22	116	23	104	24	110	25	110	26	119	27	120	28	119	29	108	30	113	31	118	32	119	33	105	34	101	35	105	36	114	37	104	38	115	39	115	40	106	41	114	42	118	43	116	44	119	45	106	46	111	47	109	48	120	49	100	
	0	110	1	103	2	103	3	120	4	104	5	114	6	110	7	107	8	101	9	105	10	104	11	101	12	105	13	111	14	119	15	109	16	118	17	115	18	116	19	118	20	106	21	100	22	119	23	116	24	119	25	116	26	119	27	107	28	109	29	117	30	106	31	103	32	118	33	106	34	105	35	106	36	118	37	101	38	106	39	105	40	102	41	105	42	114	43	102	44	102	45	105	46	108	47	113	48	118	49	119	
	0	116	1	119	2	114	3	105	4	111	5	114	6	119	7	118	8	118	9	104	10	112	11	100	12	108	13	108	14	107	15	118	16	103	17	103	18	120	19	120	20	107	21	108	22	119	23	106	24	113	25	120	26	110	27	115	28	118	29	100	30	105	31	113	32	119	33	101	34	108	35	104	36	105	37	104	38	100	39	112	40	120	41	113	42	103	43	111	44	107	45	103	46	118	47	102	48	111	49	101	
	0	108	1	118	2	111	3	107	4	102	5	117	6	105	7	113	8	108	9	119	10	100	11	107	12	105	13	100	14	100	15	116	16	106	17	107	18	102	19	120	20	105	21	113	22	105	23	110	24	118	25	106	26	109	27	106	28	101	29	102	30	110	31	110	32	113	33	118	34	111	35	114	36	101	37	120	38	101	39	110	40	112	41	114	42	106	43	104	44	104	45	120	46	120	47	115	48	110	49	106	
	0	114	1	118	2	114	3	113	4	111	5	103	6	106	7	112	8	108	9	100	10	115	11	117	12	102	13	112	14	101	15	108	16	120	17	103	18	119	19	109	20	109	21	104	22	102	23	119	24	107	25	101	26	118	27	107	28	114	29	117	30	103	31	115	32	108	33	111	34	113	35	107	36	115	37	111	38	117	39	118	40	105	41	115	42	108	43	101	44	118	45	113	46	118	47	100	48	106	49	114	
	0	101	1	120	2	115	3	114	4	105	5	107	6	112	7	110	8	108	9	106	10	107	11	105	12	117	13	106	14	101	15	105	16	107	17	111	18	111	19	119	20	105	21	110	22	100	23	117	24	109	25	119	26	118	27	110	28	102	29	104	30	110	31	117	32	104	33	104	34	116	35	103	36	108	37	116	38	100	39	102	40	108	41	110	42	115	43	107	44	115	45	106	46	118	47	110	48	107	49	108	
	0	110	1	113	2	120	3	103	4	120	5	116	6	111	7	101	8	103	9	115	10	114	11	110	12	114	13	115	14	104	15	117	16	101	17	107	18	115	19	118	20	113	21	114	22	114	23	108	24	101	25	115	26	111	27	108	28	114	29	118	30	101	31	114	32	119	33	105	34	100	35	106	36	109	37	106	38	105	39	106	40	106	41	118	42	104	43	120	44	101	45	119	46	110	47	108	48	106	49	104	
	0	100	1	108	2	117	3	109	4	101	5	117	6	120	7	119	8	111	9	120	10	115	11	119	12	120	13	109	14	101	15	120	16	113	17	120	18	103	19	105	20	110	21	112	22	108	23	109	24	111	25	118	26	114	27	109	28	111	29	115	30	108	31	104	32	110	33	104	34	111	35	118	36	110	37	112	38	109	39	112	40	100	41	102	42	109	43	113	44	118	45	116	46	105	47	113	48	111	49	108	
	0	110	1	110	2	116	3	102	4	108	5	115	6	117	7	108	8	106	9	104	10	103	11	109	12	120	13	118	14	115	15	102	16	108	17	101	18	103	19	118	20	106	21	102	22	118	23	103	24	108	25	109	26	110	27	111	28	116	29	115	30	111	31	114	32	110	33	116	34	108	35	104	36	101	37	100	38	120	39	117	40	120	41	117	42	104	43	110	44	101	45	110	46	115	47	114	48	113	49	114	
	0	104	1	118	2	120	3	107	4	101	5	115	6	108	7	102	8	106	9	107	10	115	11	100	12	109	13	114	14	120	15	100	16	102	17	101	18	120	19	100	20	111	21	103	22	106	23	107	24	106	25	113	26	100	27	113	28	116	29	110	30	118	31	115	32	120	33	112	34	112	35	118	36	102	37	109	38	104	39	118	40	100	41	110	42	107	43	101	44	102	45	120	46	106	47	110	48	112	49	100	
	0	120	1	104	2	104	3	117	4	118	5	107	6	100	7	111	8	101	9	113	10	107	11	101	12	105	13	115	14	106	15	108	16	101	17	116	18	111	19	101	20	107	21	100	22	109	23	105	24	111	25	120	26	108	27	111	28	119	29	100	30	112	31	115	32	104	33	109	34	105	35	109	36	105	37	111	38	118	39	110	40	112	41	113	42	106	43	107	44	116	45	119	46	103	47	111	48	112	49	106	
	0	109	1	106	2	115	3	107	4	112	5	114	6	101	7	106	8	113	9	106	10	113	11	109	12	120	13	115	14	113	15	116	16	116	17	108	18	107	19	102	20	120	21	105	22	107	23	120	24	103	25	117	26	112	27	103	28	101	29	102	30	103	31	115	32	113	33	120	34	112	35	112	36	100	37	109	38	105	39	111	40	116	41	103	42	116	43	104	44	102	45	119	46	104	47	120	48	105	49	116	
	0	100	1	103	2	107	3	107	4	109	5	102	6	109	7	112	8	117	9	115	10	119	11	109	12	113	13	115	14	116	15	108	16	109	17	117	18	104	19	104	20	119	21	107	22	105	23	118	24	107	25	107	26	119	27	110	28	109	29	118	30	110	31	108	32	118	33	100	34	100	35	110	36	104	37	115	38	114	39	101	40	108	41	102	42	116	43	105	44	106	45	101	46	112	47	110	48	103	49	116	
	0	101	1	111	2	120	3	105	4	114	5	100	6	114	7	118	8	106	9	106	10	118	11	101	12	118	13	110	14	101	15	120	16	103	17	101	18	109	19	103	20	101	21	106	22	117	23	120	24	111	25	119	26	101	27	117	28	118	29	113	30	108	31	115	32	107	33	106	34	112	35	113	36	118	37	115	38	103	39	100	40	107	41	112	42	111	43	108	44	112	45	103	46	108	47	120	48	112	49	111	
	0	109	1	110	2	119	3	119	4	110	5	108	6	113	7	116	8	100	9	106	10	106	11	115	12	109	13	112	14	120	15	110	16	112	17	107	18	105	19	112	20	120	21	101	22	101	23	111	24	113	25	104	26	113	27	119	28	116	29	101	30	106	31	111	32	113	33	109	34	117	35	111	36	100	37	112	38	120	39	109	40	115	41	106	42	112	43	107	44	113	45	104	46	104	47	102	48	106	49	112	
	0	109	1	106	2	108	3	109	4	104	5	102	6	100	7	113	8	119	9	105	10	108	11	116	12	117	13	100	14	113	15	119	16	118	17	116	18	115	19	112	20	108	21	101	22	105	23	106	24	116	25	116	26	105	27	110	28	117	29	107	30	106	31	100	32	104	33	118	34	116	35	111	36	102	37	116	38	100	39	113	40	104	41	117	42	114	43	108	44	111	45	100	46	107	47	118	48	111	49	103	
	0	112	1	109	2	103	3	118	4	119	5	102	6	100	7	104	8	116	9	106	10	110	11	100	12	102	13	109	14	118	15	119	16	105	17	113	18	101	19	106	20	107	21	100	22	114	23	116	24	110	25	113	26	112	27	116	28	106	29	115	30	111	31	104	32	113	33	104	34	107	35	107	36	102	37	103	38	108	39	103	40	106	41	120	42	114	43	111	44	110	45	101	46	120	47	116	48	102	49	112	
	0	114	1	101	2	111	3	105	4	100	5	106	6	108	7	120	8	100	9	112	10	107	11	118	12	101	13	100	14	114	15	118	16	101	17	114	18	115	19	113	20	105	21	117	22	115	23	101	24	100	25	114	26	114	27	101	28	115	29	107	30	112	31	105	32	114	33	114	34	101	35	106	36	109	37	116	38	118	39	100	40	119	41	106	42	109	43	110	44	120	45	107	46	117	47	104	48	109	49	103	
	0	120	1	120	2	107	3	106	4	109	5	111	6	117	7	105	8	108	9	108	10	104	11	101	12	105	13	110	14	100	15	100	16	106	17	113	18	107	19	107	20	102	21	116	22	103	23	106	24	101	25	109	26	118	27	112	28	114	29	107	30	116	31	117	32	108	33	109	34	107	35	102	36	100	37	109	38	113	39	110	40	114	41	102	42	120	43	116	44	107	45	106	46	101	47	107	48	106	49	102	
	0	105	1	115	2	117	3	114	4	104	5	120	6	101	7	108	8	107	9	102	10	106	11	112	12	107	13	116	14	115	15	107	16	102	17	100	18	116	19	107	20	114	21	115	22	104	23	106	24	114	25	107	26	116	27	104	28	115	29	107	30	117	31	108	32	110	33	111	34	114	35	107	36	105	37	109	38	115	39	120	40	119	41	110	42	103	43	115	44	117	45	116	46	111	47	105	48	110	49	105	
	0	110	1	113	2	107	3	116	4	105	5	112	6	108	7	105	8	112	9	100	10	107	11	118	12	115	13	104	14	118	15	116	16	115	17	108	18	105	19	119	20	102	21	120	22	111	23	103	24	110	25	102	26	120	27	106	28	108	29	111	30	111	31	106	32	112	33	106	34	103	35	111	36	107	37	119	38	111	39	105	40	106	41	111	42	110	43	111	44	115	45	106	46	116	47	107	48	115	49	116	
	0	119	1	111	2	108	3	102	4	102	5	104	6	101	7	103	8	108	9	100	10	102	11	101	12	114	13	119	14	116	15	103	16	103	17	105	18	115	19	112	20	102	21	104	22	119	23	120	24	105	25	106	26	114	27	119	28	103	29	114	30	100	31	109	32	119	33	113	34	116	35	109	36	109	37	104	38	107	39	118	40	106	41	107	42	107	43	118	44	119	45	111	46	112	47	110	48	113	49	112	
	0	113	1	118	2	107	3	108	4	100	5	106	6	116	7	120	8	102	9	119	10	107	11	100	12	117	13	102	14	115	15	102	16	109	17	110	18	107	19	116	20	115	21	116	22	120	23	119	24	107	25	107	26	102	27	104	28	101	29	111	30	108	31	101	32	116	33	118	34	111	35	105	36	119	37	107	38	101	39	101	40	101	41	112	42	119	43	102	44	109	45	119	46	117	47	114	48	117	49	104	
	0	113	1	104	2	106	3	104	4	112	5	106	6	111	7	114	8	107	9	101	10	111	11	118	12	118	13	110	14	100	15	108	16	111	17	106	18	109	19	100	20	118	21	106	22	118	23	113	24	120	25	120	26	116	27	109	28	108	29	111	30	102	31	105	32	112	33	114	34	106	35	111	36	113	37	110	38	107	39	110	40	110	41	108	42	107	43	101	44	106	45	104	46	115	47	115	48	113	49	119	
	0	113	1	120	2	111	3	102	4	106	5	117	6	100	7	111	8	106	9	107	10	100	11	100	12	120	13	120	14	113	15	110	16	102	17	101	18	118	19	101	20	120	21	120	22	102	23	104	24	107	25	100	26	109	27	111	28	101	29	104	30	102	31	118	32	112	33	103	34	120	35	103	36	101	37	120	38	108	39	107	40	116	41	103	42	115	43	102	44	103	45	115	46	110	47	115	48	108	49	100	
	0	111	1	101	2	109	3	111	4	102	5	116	6	104	7	111	8	104	9	106	10	120	11	109	12	101	13	119	14	108	15	101	16	106	17	119	18	108	19	116	20	108	21	116	22	106	23	105	24	120	25	106	26	107	27	110	28	108	29	100	30	108	31	118	32	113	33	113	34	101	35	107	36	109	37	102	38	106	39	100	40	115	41	111	42	105	43	104	44	104	45	118	46	101	47	112	48	107	49	104	
	0	114	1	102	2	117	3	111	4	110	5	106	6	110	7	104	8	105	9	104	10	105	11	109	12	117	13	111	14	109	15	111	16	120	17	108	18	105	19	106	20	110	21	107	22	120	23	110	24	110	25	108	26	102	27	120	28	109	29	103	30	107	31	100	32	116	33	103	34	101	35	103	36	109	37	103	38	117	39	106	40	118	41	101	42	102	43	108	44	102	45	103	46	109	47	110	48	116	49	110	
	0	104	1	109	2	114	3	107	4	120	5	101	6	104	7	120	8	104	9	114	10	111	11	114	12	108	13	116	14	102	15	119	16	103	17	108	18	110	19	108	20	113	21	107	22	105	23	108	24	117	25	101	26	100	27	104	28	115	29	106	30	118	31	118	32	115	33	109	34	105	35	111	36	110	37	111	38	117	39	102	40	114	41	101	42	113	43	112	44	120	45	111	46	105	47	110	48	118	49	118	
	0	100	1	116	2	118	3	120	4	119	5	100	6	118	7	105	8	103	9	100	10	114	11	101	12	106	13	101	14	100	15	112	16	116	17	114	18	107	19	113	20	116	21	106	22	111	23	111	24	116	25	103	26	107	27	100	28	110	29	103	30	112	31	108	32	102	33	105	34	116	35	105	36	106	37	107	38	107	39	112	40	115	41	105	42	107	43	117	44	107	45	108	46	100	47	104	48	107	49	101	
	0	115	1	117	2	119	3	115	4	112	5	111	6	117	7	114	8	105	9	102	10	102	11	114	12	101	13	111	14	113	15	100	16	107	17	100	18	120	19	107	20	118	21	109	22	117	23	102	24	103	25	109	26	104	27	111	28	104	29	102	30	105	31	120	32	107	33	120	34	101	35	101	36	104	37	105	38	117	39	114	40	116	41	114	42	118	43	108	44	105	45	116	46	101	47	115	48	101	49	117	
	0	100	1	113	2	101	3	118	4	101	5	112	6	115	7	114	8	120	9	104	10	120	11	109	12	115	13	116	14	104	15	101	16	106	17	101	18	116	19	111	20	106	21	100	22	111	23	105	24	102	25	111	26	116	27	102	28	115	29	104	30	101	31	104	32	102	33	108	34	115	35	115	36	106	37	119	38	101	39	115	40	112	41	119	42	107	43	102	44	114	45	113	46	104	47	105	48	106	49	114	
	0	103	1	119	2	116	3	108	4	103	5	120	6	119	7	114	8	120	9	103	10	119	11	104	12	100	13	114	14	116	15	117	16	117	17	116	18	103	19	110	20	118	21	107	22	103	23	110	24	116	25	115	26	107	27	114	28	113	29	111	30	118	31	111	32	113	33	108	34	111	35	118	36	106	37	103	38	102	39	114	40	108	41	108	42	106	43	106	44	108	45	112	46	109	47	109	48	108	49	113	
	0	113	1	120	2	119	3	115	4	116	5	109	6	109	7	111	8	112	9	108	10	103	11	105	12	118	13	103	14	110	15	102	16	107	17	101	18	108	19	108	20	101	21	119	22	107	23	110	24	103	25	112	26	114	27	108	28	118	29	115	30	117	31	105	32	117	33	101	34	117	35	114	36	115	37	101	38	120	39	100	40	113	41	117	42	117	43	116	44	109	45	118	46	105	47	112	48	103	49	107	
	0	120	1	104	2	109	3	112	4	105	5	111	6	117	7	116	8	116	9	102	10	102	11	117	12	106	13	108	14	109	15	117	16	104	17	104	18	110	19	103	20	115	21	107	22	113	23	105	24	105	25	109	26	120	27	107	28	115	29	117	30	114	31	104	32	110	33	100	34	118	35	111	36	101	37	105	38	113	39	118	40	112	41	112	42	107	43	101	44	107	45	106	46	109	47	102	48	100	49	119	
	0	112	1	117	2	116	3	117	4	110	5	108	6	106	7	101	8	106	9	119	10	105	11	116	12	102	13	114	14	113	15	101	16	116	17	103	18	119	19	101	20	104	21	111	22	109	23	112	24	107	25	105	26	107	27	114	28	102	29	104	30	101	31	117	32	101	33	103	34	110	35	111	36	113	37	119	38	108	39	112	40	103	41	105	42	111	43	115	44	118	45	105	46	118	47	120	48	119	49	107	
	0	104	1	117	2	107	3	119	4	109	5	102	6	109	7	101	8	115	9	108	10	101	11	120	12	105	13	111	14	102	15	100	16	107	17	106	18	101	19	105	20	117	21	110	22	104	23	100	24	118	25	100	26	111	27	115	28	115	29	109	30	118	31	101	32	101	33	111	34	119	35	116	36	109	37	102	38	103	39	110	40	116	41	113	42	110	43	118	44	120	45	120	46	106	47	116	48	102	49	115	
	0	101	1	102	2	101	3	112	4	114	5	111	6	105	7	116	8	106	9	120	10	107	11	111	12	107	13	102	14	104	15	116	16	100	17	103	18	115	19	120	20	115	21	109	22	111	23	105	24	114	25	109	26	120	27	108	28	118	29	110	30	108	31	115	32	120	33	107	34	103	35	118	36	115	37	101	38	109	39	102	40	116	41	117	42	107	43	115	44	115	45	102	46	111	47	109	48	111	49	101	
	0	118	1	111	2	112	3	118	4	119	5	103	6	115	7	105	8	110	9	107	10	119	11	101	12	100	13	101	14	113	15	100	16	111	17	111	18	114	19	110	20	110	21	120	22	118	23	112	24	117	25	114	26	114	27	119	28	112	29	116	30	118	31	111	32	101	33	109	34	106	35	112	36	113	37	115	38	103	39	115	40	100	41	112	42	112	43	102	44	120	45	102	46	114	47	107	48	100	49	120	
	0	109	1	119	2	114	3	105	4	113	5	112	6	107	7	101	8	111	9	109	10	111	11	116	12	100	13	112	14	100	15	120	16	100	17	120	18	113	19	116	20	102	21	108	22	113	23	103	24	118	25	106	26	120	27	104	28	119	29	116	30	115	31	114	32	106	33	105	34	116	35	112	36	116	37	113	38	120	39	115	40	111	41	100	42	120	43	109	44	108	45	111	46	109	47	105	48	112	49	108	
	0	112	1	120	2	109	3	102	4	100	5	105	6	117	7	104	8	101	9	111	10	116	11	108	12	106	13	117	14	101	15	104	16	114	17	113	18	115	19	115	20	116	21	100	22	116	23	107	24	100	25	111	26	107	27	109	28	103	29	111	30	115	31	120	32	112	33	107	34	102	35	115	36	117	37	119	38	118	39	111	40	118	41	102	42	103	43	107	44	120	45	114	46	101	47	115	48	115	49	101	
	0	111	1	118	2	114	3	111	4	111	5	113	6	106	7	118	8	116	9	120	10	105	11	110	12	100	13	110	14	120	15	102	16	116	17	112	18	106	19	120	20	114	21	108	22	104	23	106	24	118	25	112	26	104	27	115	28	115	29	119	30	106	31	111	32	107	33	116	34	119	35	108	36	117	37	104	38	113	39	118	40	100	41	107	42	114	43	106	44	107	45	114	46	100	47	115	48	105	49	103	
	0	109	1	101	2	108	3	114	4	100	5	117	6	118	7	108	8	102	9	110	10	113	11	115	12	111	13	103	14	111	15	117	16	110	17	111	18	113	19	103	20	101	21	111	22	118	23	113	24	105	25	118	26	113	27	111	28	104	29	100	30	115	31	116	32	103	33	118	34	106	35	117	36	100	37	101	38	110	39	115	40	117	41	102	42	114	43	109	44	112	45	102	46	113	47	120	48	101	49	117	
	0	103	1	105	2	100	3	120	4	102	5	107	6	113	7	105	8	100	9	103	10	120	11	105	12	114	13	112	14	112	15	102	16	109	17	102	18	101	19	114	20	106	21	105	22	114	23	109	24	102	25	112	26	100	27	120	28	116	29	103	30	110	31	120	32	120	33	102	34	118	35	118	36	111	37	120	38	110	39	115	40	100	41	108	42	103	43	120	44	104	45	109	46	111	47	102	48	105	49	116	
	0	103	1	117	2	110	3	110	4	108	5	106	6	112	7	116	8	114	9	113	10	103	11	119	12	109	13	105	14	111	15	110	16	119	17	106	18	101	19	111	20	119	21	116	22	102	23	113	24	110	25	115	26	107	27	112	28	115	29	107	30	111	31	104	32	103	33	112	34	105	35	113	36	120	37	100	38	109	39	108	40	112	41	104	42	116	43	103	44	109	45	109	46	118	47	111	48	106	49	107	
	0	117	1	120	2	108	3	104	4	105	5	114	6	100	7	113	8	117	9	108	10	100	11	106	12	118	13	101	14	110	15	102	16	110	17	117	18	114	19	118	20	112	21	113	22	119	23	106	24	116	25	108	26	111	27	100	28	108	29	110	30	110	31	104	32	103	33	103	34	101	35	100	36	106	37	115	38	118	39	117	40	117	41	119	42	104	43	109	44	102	45	110	46	113	47	111	48	119	49	109	
	0	105	1	118	2	114	3	112	4	107	5	112	6	102	7	117	8	114	9	116	10	103	11	102	12	110	13	112	14	104	15	113	16	109	17	104	18	109	19	120	20	111	21	112	22	118	23	105	24	109	25	106	26	120	27	119	28	109	29	102	30	100	31	111	32	109	33	101	34	120	35	114	36	102	37	101	38	107	39	104	40	107	41	120	42	107	43	114	44	103	45	107	46	107	47	101	48	104	49	101	
	0	105	1	101	2	103	3	120	4	102	5	111	6	104	7	101	8	102	9	110	10	118	11	120	12	115	13	115	14	118	15	105	16	117	17	109	18	120	19	118	20	107	21	111	22	102	23	109	24	104	25	103	26	108	27	118	28	109	29	101	30	114	31	105	32	114	33	106	34	111	35	105	36	110	37	108	38	112	39	100	40	116	41	114	42	113	43	117	44	107	45	117	46	107	47	112	48	115	49	120	
	0	107	1	101	2	102	3	104	4	100	5	110	6	117	7	110	8	111	9	106	10	115	11	100	12	110	13	104	14	118	15	100	16	106	17	120	18	111	19	120	20	103	21	100	22	120	23	113	24	105	25	117	26	105	27	116	28	100	29	112	30	103	31	107	32	115	33	116	34	112	35	105	36	112	37	115	38	107	39	112	40	113	41	104	42	106	43	113	44	102	45	107	46	108	47	100	48	117	49	109	
	0	115	1	118	2	100	3	100	4	116	5	108	6	110	7	101	8	106	9	103	10	104	11	113	12	118	13	112	14	103	15	102	16	111	17	106	18	119	19	118	20	107	21	101	22	110	23	120	24	119	25	117	26	105	27	119	28	117	29	103	30	101	31	108	32	112	33	102	34	108	35	120	36	106	37	116	38	104	39	112	40	115	41	104	42	105	43	114	44	104	45	109	46	116	47	106	48	108	49	120	
	0	116	1	100	2	117	3	109	4	107	5	111	6	103	7	107	8	104	9	102	10	120	11	113	12	107	13	112	14	115	15	106	16	101	17	113	18	117	19	104	20	104	21	110	22	105	23	112	24	103	25	110	26	108	27	111	28	115	29	113	30	100	31	105	32	111	33	106	34	104	35	109	36	106	37	118	38	104	39	113	40	104	41	105	42	115	43	116	44	102	45	119	46	118	47	115	48	100	49	102	
	0	120	1	106	2	118	3	116	4	118	5	116	6	113	7	118	8	102	9	117	10	108	11	112	12	112	13	115	14	101	15	117	16	109	17	120	18	118	19	103	20	117	21	103	22	107	23	113	24	112	25	115	26	116	27	117	28	114	29	118	30	119	31	110	32	103	33	120	34	117	35	104	36	119	37	107	38	103	39	102	40	107	41	105	42	114	43	111	44	113	45	114	46	111	47	101	48	110	49	117	
	0	109	1	101	2	114	3	113	4	114	5	119	6	115	7	113	8	118	9	103	10	119	11	106	12	113	13	111	14	109	15	112	16	100	17	100	18	110	19	109	20	106	21	102	22	104	23	106	24	114	25	117	26	115	27	101	28	112	29	110	30	106	31	104	32	114	33	117	34	119	35	116	36	110	37	117	38	119	39	117	40	101	41	105	42	109	43	100	44	103	45	106	46	119	47	112	48	113	49	105	
	0	110	1	116	2	115	3	108	4	113	5	107	6	112	7	115	8	106	9	106	10	110	11	115	12	105	13	110	14	119	15	109	16	116	17	102	18	100	19	102	20	119	21	106	22	107	23	105	24	104	25	115	26	115	27	115	28	110	29	118	30	102	31	101	32	120	33	116	34	104	35	113	36	116	37	111	38	109	39	112	40	102	41	112	42	116	43	115	44	107	45	117	46	117	47	101	48	120	49	107	
	0	112	1	108	2	107	3	115	4	105	5	115	6	120	7	115	8	104	9	115	10	103	11	115	12	119	13	103	14	103	15	110	16	104	17	119	18	109	19	108	20	110	21	102	22	109	23	109	24	110	25	103	26	100	27	105	28	117	29	116	30	110	31	110	32	109	33	103	34	115	35	117	36	105	37	112	38	111	39	115	40	110	41	108	42	120	43	101	44	114	45	108	46	103	47	106	48	117	49	109	
	0	117	1	112	2	103	3	118	4	109	5	104	6	115	7	111	8	108	9	101	10	101	11	104	12	115	13	108	14	114	15	100	16	110	17	100	18	113	19	102	20	100	21	102	22	115	23	100	24	111	25	103	26	106	27	117	28	105	29	106	30	110	31	103	32	117	33	110	34	112	35	114	36	105	37	101	38	103	39	115	40	110	41	102	42	115	43	102	44	106	45	117	46	115	47	117	48	103	49	108	
	0	100	1	109	2	114	3	111	4	106	5	103	6	116	7	102	8	103	9	106	10	114	11	118	12	108	13	107	14	102	15	108	16	103	17	117	18	108	19	109	20	111	21	118	22	109	23	105	24	107	25	100	26	105	27	108	28	118	29	103	30	115	31	108	32	106	33	110	34	118	35	107	36	118	37	100	38	119	39	105	40	101	41	114	42	104	43	113	44	106	45	116	46	103	47	102	48	115	49	112	
	0	112	1	105	2	102	3	114	4	117	5	104	6	110	7	110	8	118	9	114	10	120	11	112	12	108	13	114	14	105	15	117	16	113	17	102	18	100	19	106	20	109	21	111	22	116	23	107	24	118	25	120	26	101	27	107	28	106	29	111	30	110	31	107	32	119	33	116	34	113	35	110	36	120	37	101	38	113	39	110	40	105	41	107	42	115	43	110	44	118	45	117	46	102	47	105	48	115	49	118	
	0	119	1	109	2	108	3	117	4	116	5	119	6	102	7	107	8	103	9	114	10	116	11	109	12	119	13	115	14	104	15	109	16	106	17	118	18	114	19	104	20	110	21	115	22	110	23	106	24	108	25	114	26	104	27	116	28	110	29	112	30	117	31	115	32	116	33	103	34	106	35	108	36	104	37	117	38	112	39	106	40	118	41	109	42	113	43	115	44	114	45	108	46	102	47	109	48	104	49	106	
	0	100	1	110	2	101	3	111	4	115	5	116	6	114	7	119	8	101	9	120	10	113	11	110	12	113	13	120	14	114	15	109	16	117	17	100	18	104	19	112	20	120	21	118	22	108	23	116	24	108	25	116	26	105	27	118	28	105	29	112	30	108	31	103	32	115	33	109	34	109	35	120	36	104	37	101	38	118	39	104	40	103	41	105	42	113	43	102	44	118	45	120	46	104	47	110	48	105	49	110	
	0	113	1	103	2	100	3	112	4	102	5	113	6	116	7	109	8	108	9	116	10	117	11	117	12	118	13	111	14	103	15	118	16	116	17	116	18	120	19	106	20	105	21	107	22	120	23	107	24	104	25	111	26	116	27	115	28	115	29	112	30	111	31	109	32	113	33	109	34	112	35	111	36	118	37	102	38	116	39	104	40	118	41	105	42	118	43	114	44	109	45	115	46	102	47	104	48	106	49	100	
	0	111	1	100	2	101	3	108	4	102	5	103	6	113	7	119	8	104	9	104	10	100	11	104	12	108	13	100	14	116	15	101	16	107	17	110	18	119	19	103	20	110	21	107	22	118	23	119	24	118	25	106	26	107	27	109	28	112	29	110	30	115	31	102	32	101	33	108	34	101	35	101	36	103	37	120	38	104	39	114	40	111	41	104	42	102	43	101	44	115	45	106	46	107	47	109	48	101	49	106	
	0	100	1	110	2	119	3	109	4	103	5	106	6	116	7	116	8	103	9	113	10	109	11	120	12	114	13	119	14	105	15	107	16	107	17	102	18	120	19	110	20	106	21	105	22	109	23	120	24	114	25	116	26	119	27	103	28	113	29	101	30	100	31	117	32	103	33	110	34	113	35	113	36	113	37	114	38	100	39	104	40	111	41	110	42	103	43	119	44	117	45	116	46	113	47	100	48	117	49	118	
	0	100	1	104	2	104	3	114	4	111	5	100	6	111	7	105	8	120	9	117	10	104	11	113	12	119	13	104	14	103	15	103	16	102	17	108	18	117	19	114	20	107	21	112	22	107	23	115	24	120	25	105	26	112	27	111	28	114	29	101	30	115	31	103	32	106	33	113	34	110	35	117	36	119	37	105	38	119	39	116	40	108	41	103	42	105	43	116	44	117	45	113	46	116	47	119	48	110	49	114	
	0	111	1	115	2	113	3	115	4	112	5	117	6	109	7	102	8	118	9	119	10	107	11	115	12	103	13	119	14	112	15	116	16	109	17	110	18	115	19	112	20	118	21	119	22	105	23	105	24	119	25	108	26	108	27	107	28	104	29	118	30	102	31	119	32	103	33	119	34	112	35	109	36	117	37	104	38	111	39	109	40	107	41	114	42	111	43	102	44	110	45	105	46	112	47	119	48	106	49	110	
	0	115	1	110	2	114	3	112	4	116	5	119	6	116	7	106	8	109	9	116	10	107	11	110	12	102	13	101	14	114	15	110	16	109	17	116	18	105	19	109	20	116	21	110	22	106	23	102	24	100	25	115	26	120	27	102	28	112	29	100	30	117	31	108	32	120	33	115	34	110	35	106	36	102	37	119	38	100	39	105	40	114	41	113	42	118	43	106	44	114	45	114	46	111	47	102	48	108	49	116	
	0	106	1	102	2	106	3	112	4	117	5	105	6	103	7	116	8	111	9	100	10	119	11	110	12	100	13	100	14	105	15	120	16	108	17	110	18	104	19	110	20	106	21	117	22	115	23	105	24	120	25	108	26	115	27	111	28	100	29	102	30	108	31	113	32	103	33	107	34	107	35	105	36	118	37	111	38	116	39	102	40	115	41	112	42	116	43	113	44	120	45	106	46	106	47	114	48	118	49	109	
	0	109	1	114	2	104	3	106	4	120	5	113	6	112	7	102	8	104	9	103	10	102	11	105	12	103	13	109	14	118	15	102	16	119	17	110	18	107	19	100	20	101	21	118	22	117	23	113	24	101	25	109	26	107	27	114	28	113	29	107	30	102	31	113	32	119	33	110	34	118	35	110	36	119	37	113	38	109	39	100	40	111	41	117	42	101	43	113	44	105	45	103	46	119	47	117	48	107	49	100	
	0	117	1	109	2	101	3	111	4	110	5	117	6	110	7	108	8	110	9	100	10	120	11	102	12	115	13	116	14	100	15	100	16	105	17	111	18	118	19	101	20	115	21	114	22	104	23	110	24	111	25	102	26	103	27	116	28	101	29	118	30	111	31	111	32	116	33	112	34	103	35	110	36	109	37	117	38	108	39	116	40	115	41	119	42	103	43	119	44	117	45	106	46	119	47	120	48	102	49	105	
	0	100	1	100	2	115	3	102	4	116	5	102	6	109	7	100	8	108	9	113	10	102	11	116	12	106	13	113	14	119	15	116	16	105	17	118	18	112	19	110	20	113	21	101	22	113	23	110	24	118	25	100	26	119	27	114	28	103	29	114	30	113	31	106	32	110	33	120	34	103	35	105	36	120	37	101	38	106	39	103	40	104	41	106	42	114	43	113	44	113	45	103	46	108	47	111	48	108	49	112	