200 50 1
50
	0	101	1	105	2	102	3	113	4	110	5	106	6	107	7	108	8	119	9	117	10	102	11	116	12	107	13	116	14	102	15	104	16	118	17	114	18	114	19	110	20	120	21	110	22	118	23	111	24	115	25	109	26	113	27	114	28	107	29	110	30	120	31	116	32	114	33	116	34	115	35	109	36	114	37	116	38	104	39	113	40	110	41	101	42	107	43	113	44	111	45	104	46	111	47	101	48	118	49	110	
	0	111	1	108	2	108	3	112	4	101	5	111	6	118	7	107	8	114	9	116	10	103	11	102	12	119	13	113	14	120	15	100	16	108	17	109	18	107	19	108	20	111	21	106	22	118	23	105	24	118	25	120	26	108	27	116	28	113	29	114	30	118	31	119	32	116	33	113	34	116	35	116	36	101	37	106	38	112	39	102	40	120	41	100	42	109	43	109	44	109	45	105	46	100	47	103	48	112	49	111	
	0	110	1	114	2	112	3	104	4	104	5	109	6	100	7	109	8	104	9	103	10	100	11	118	12	103	13	120	14	103	15	104	16	100	17	112	18	101	19	113	20	101	21	112	22	109	23	114	24	112	25	115	26	102	27	120	28	115	29	113	30	100	31	113	32	116	33	120	34	118	35	117	36	118	37	114	38	113	39	110	40	105	41	120	42	119	43	106	44	119	45	116	46	120	47	105	48	104	49	109	
	0	120	1	112	2	103	3	101	4	109	5	114	6	112	7	110	8	110	9	109	10	109	11	100	12	102	13	119	14	104	15	115	16	108	17	113	18	110	19	113	20	108	21	114	22	113	23	113	24	117	25	100	26	105	27	107	28	100	29	100	30	113	31	111	32	108	33	102	34	116	35	101	36	113	37	109	38	109	39	119	40	107	41	109	42	118	43	114	44	109	45	108	46	119	47	116	48	112	49	101	
	0	119	1	116	2	107	3	114	4	115	5	107	6	115	7	119	8	119	9	105	10	116	11	105	12	110	13	101	14	103	15	104	16	105	17	120	18	115	19	106	20	119	21	113	22	115	23	106	24	104	25	115	26	114	27	110	28	120	29	104	30	110	31	106	32	114	33	114	34	102	35	113	36	118	37	101	38	108	39	106	40	114	41	118	42	115	43	113	44	101	45	110	46	113	47	119	48	117	49	111	
	0	111	1	115	2	118	3	106	4	102	5	118	6	117	7	108	8	111	9	119	10	111	11	115	12	107	13	110	14	108	15	106	16	105	17	105	18	111	19	104	20	110	21	107	22	120	23	119	24	110	25	102	26	109	27	118	28	114	29	107	30	108	31	116	32	101	33	108	34	107	35	119	36	108	37	108	38	118	39	114	40	119	41	115	42	116	43	102	44	114	45	108	46	113	47	119	48	102	49	117	
	0	119	1	103	2	116	3	112	4	111	5	109	6	102	7	107	8	106	9	102	10	112	11	106	12	109	13	105	14	113	15	103	16	117	17	119	18	120	19	100	20	112	21	102	22	116	23	116	24	120	25	115	26	110	27	102	28	118	29	114	30	103	31	110	32	110	33	105	34	120	35	111	36	106	37	115	38	117	39	117	40	104	41	100	42	118	43	120	44	112	45	109	46	108	47	119	48	100	49	117	
	0	105	1	107	2	104	3	108	4	105	5	118	6	106	7	117	8	114	9	112	10	106	11	117	12	106	13	120	14	117	15	109	16	118	17	104	18	111	19	116	20	114	21	105	22	101	23	100	24	109	25	101	26	118	27	119	28	118	29	110	30	110	31	103	32	100	33	111	34	116	35	120	36	101	37	116	38	107	39	105	40	115	41	116	42	112	43	117	44	105	45	114	46	106	47	110	48	106	49	108	
	0	120	1	120	2	111	3	109	4	105	5	113	6	108	7	114	8	106	9	109	10	107	11	105	12	118	13	101	14	107	15	118	16	107	17	109	18	101	19	104	20	111	21	108	22	115	23	105	24	102	25	114	26	112	27	101	28	120	29	116	30	115	31	110	32	118	33	120	34	104	35	103	36	112	37	109	38	104	39	105	40	111	41	110	42	117	43	112	44	103	45	102	46	105	47	109	48	118	49	101	
	0	116	1	114	2	112	3	107	4	105	5	108	6	118	7	115	8	117	9	114	10	108	11	110	12	100	13	100	14	112	15	113	16	116	17	117	18	115	19	112	20	102	21	105	22	116	23	108	24	109	25	116	26	107	27	101	28	108	29	102	30	112	31	106	32	101	33	120	34	100	35	105	36	119	37	110	38	107	39	111	40	106	41	119	42	113	43	114	44	108	45	119	46	107	47	109	48	118	49	117	
	0	109	1	111	2	106	3	110	4	110	5	120	6	101	7	107	8	106	9	105	10	108	11	116	12	104	13	108	14	103	15	115	16	113	17	109	18	115	19	112	20	107	21	105	22	117	23	100	24	115	25	102	26	118	27	105	28	119	29	117	30	111	31	118	32	111	33	113	34	110	35	111	36	113	37	104	38	113	39	112	40	112	41	101	42	108	43	111	44	106	45	117	46	105	47	108	48	105	49	114	
	0	118	1	104	2	105	3	110	4	117	5	115	6	117	7	108	8	112	9	116	10	107	11	104	12	120	13	115	14	104	15	115	16	104	17	108	18	120	19	114	20	104	21	100	22	103	23	108	24	108	25	115	26	108	27	111	28	113	29	113	30	108	31	120	32	106	33	107	34	103	35	106	36	101	37	104	38	112	39	108	40	114	41	107	42	114	43	105	44	119	45	105	46	105	47	113	48	102	49	100	
	0	107	1	102	2	117	3	105	4	108	5	111	6	113	7	110	8	120	9	106	10	117	11	106	12	117	13	108	14	118	15	120	16	116	17	116	18	110	19	111	20	118	21	102	22	110	23	109	24	117	25	100	26	120	27	114	28	118	29	106	30	105	31	110	32	113	33	104	34	111	35	112	36	109	37	110	38	117	39	101	40	113	41	101	42	113	43	100	44	119	45	109	46	114	47	117	48	102	49	119	
	0	119	1	113	2	100	3	120	4	114	5	102	6	104	7	108	8	100	9	118	10	110	11	105	12	101	13	105	14	112	15	116	16	114	17	101	18	114	19	111	20	105	21	106	22	103	23	115	24	113	25	109	26	120	27	108	28	102	29	110	30	104	31	111	32	113	33	113	34	106	35	113	36	119	37	115	38	104	39	115	40	111	41	118	42	103	43	109	44	119	45	117	46	102	47	114	48	108	49	113	
	0	111	1	102	2	114	3	100	4	105	5	119	6	103	7	118	8	102	9	117	10	114	11	109	12	111	13	120	14	113	15	110	16	104	17	114	18	115	19	108	20	115	21	112	22	105	23	116	24	100	25	120	26	105	27	115	28	103	29	101	30	112	31	118	32	113	33	105	34	103	35	115	36	120	37	115	38	103	39	105	40	114	41	118	42	115	43	119	44	106	45	101	46	109	47	115	48	115	49	115	
	0	118	1	100	2	104	3	108	4	114	5	114	6	112	7	109	8	116	9	117	10	112	11	117	12	100	13	107	14	115	15	112	16	118	17	105	18	115	19	105	20	114	21	102	22	106	23	118	24	104	25	109	26	120	27	105	28	119	29	102	30	105	31	115	32	103	33	100	34	103	35	118	36	106	37	103	38	116	39	105	40	118	41	114	42	119	43	104	44	105	45	117	46	115	47	105	48	118	49	110	
	0	119	1	107	2	113	3	116	4	107	5	107	6	115	7	115	8	107	9	103	10	112	11	109	12	107	13	109	14	108	15	112	16	111	17	113	18	103	19	104	20	108	21	105	22	118	23	101	24	116	25	116	26	100	27	113	28	113	29	115	30	110	31	108	32	110	33	103	34	115	35	105	36	101	37	111	38	120	39	107	40	118	41	117	42	109	43	116	44	111	45	109	46	116	47	117	48	109	49	104	
	0	120	1	110	2	111	3	115	4	109	5	105	6	114	7	102	8	103	9	104	10	109	11	113	12	108	13	109	14	103	15	114	16	115	17	112	18	113	19	119	20	104	21	101	22	107	23	113	24	106	25	103	26	101	27	112	28	120	29	113	30	114	31	103	32	103	33	110	34	109	35	110	36	112	37	119	38	117	39	112	40	116	41	100	42	111	43	111	44	119	45	111	46	116	47	119	48	105	49	118	
	0	111	1	100	2	115	3	108	4	110	5	105	6	101	7	115	8	102	9	119	10	114	11	120	12	106	13	101	14	120	15	112	16	103	17	112	18	114	19	118	20	115	21	117	22	113	23	101	24	100	25	120	26	118	27	119	28	111	29	110	30	116	31	102	32	104	33	120	34	112	35	101	36	117	37	113	38	111	39	100	40	114	41	106	42	110	43	117	44	105	45	111	46	100	47	102	48	112	49	111	
	0	120	1	103	2	102	3	109	4	114	5	114	6	110	7	112	8	119	9	118	10	110	11	120	12	106	13	113	14	119	15	104	16	101	17	101	18	115	19	107	20	109	21	109	22	114	23	101	24	106	25	105	26	116	27	104	28	118	29	117	30	114	31	110	32	109	33	103	34	117	35	119	36	101	37	101	38	116	39	119	40	109	41	101	42	109	43	120	44	111	45	115	46	116	47	114	48	105	49	101	
	0	118	1	102	2	105	3	111	4	109	5	100	6	110	7	104	8	117	9	104	10	104	11	101	12	117	13	104	14	109	15	109	16	112	17	119	18	112	19	106	20	115	21	118	22	107	23	109	24	100	25	107	26	110	27	114	28	107	29	120	30	115	31	109	32	116	33	113	34	115	35	114	36	106	37	105	38	106	39	108	40	116	41	108	42	105	43	119	44	116	45	114	46	109	47	104	48	113	49	111	
	0	117	1	105	2	113	3	102	4	100	5	112	6	108	7	112	8	107	9	117	10	113	11	109	12	100	13	108	14	110	15	120	16	109	17	102	18	119	19	102	20	111	21	111	22	111	23	103	24	101	25	106	26	105	27	102	28	117	29	112	30	108	31	108	32	118	33	110	34	101	35	110	36	118	37	110	38	108	39	113	40	107	41	117	42	100	43	114	44	107	45	116	46	100	47	108	48	112	49	101	
	0	119	1	106	2	116	3	112	4	110	5	103	6	101	7	104	8	100	9	111	10	107	11	118	12	108	13	103	14	100	15	118	16	119	17	109	18	105	19	103	20	120	21	114	22	112	23	114	24	119	25	110	26	105	27	104	28	107	29	120	30	118	31	118	32	117	33	115	34	106	35	111	36	117	37	103	38	107	39	105	40	117	41	118	42	107	43	101	44	107	45	116	46	108	47	109	48	102	49	115	
	0	103	1	108	2	107	3	119	4	108	5	113	6	111	7	119	8	105	9	113	10	101	11	100	12	120	13	119	14	120	15	120	16	104	17	110	18	107	19	120	20	105	21	111	22	117	23	110	24	105	25	111	26	111	27	118	28	105	29	113	30	112	31	106	32	106	33	120	34	112	35	106	36	106	37	105	38	116	39	116	40	109	41	105	42	118	43	107	44	112	45	118	46	110	47	108	48	112	49	104	
	0	114	1	114	2	111	3	111	4	119	5	100	6	112	7	110	8	100	9	115	10	116	11	119	12	110	13	109	14	120	15	115	16	108	17	104	18	115	19	109	20	108	21	109	22	106	23	120	24	118	25	115	26	113	27	111	28	108	29	110	30	101	31	111	32	102	33	110	34	100	35	112	36	109	37	120	38	104	39	119	40	111	41	105	42	111	43	108	44	102	45	119	46	108	47	102	48	105	49	105	
	0	111	1	106	2	101	3	119	4	119	5	100	6	116	7	106	8	113	9	111	10	118	11	118	12	114	13	120	14	106	15	106	16	110	17	107	18	117	19	115	20	102	21	100	22	108	23	119	24	106	25	107	26	108	27	120	28	103	29	111	30	110	31	110	32	116	33	100	34	117	35	104	36	111	37	117	38	105	39	119	40	104	41	112	42	120	43	106	44	120	45	115	46	113	47	104	48	117	49	115	
	0	109	1	105	2	103	3	111	4	111	5	109	6	101	7	101	8	100	9	100	10	120	11	106	12	118	13	101	14	117	15	105	16	105	17	105	18	116	19	111	20	114	21	100	22	103	23	104	24	109	25	118	26	109	27	111	28	107	29	108	30	103	31	108	32	102	33	101	34	100	35	109	36	113	37	120	38	107	39	101	40	114	41	107	42	113	43	107	44	113	45	111	46	113	47	102	48	102	49	110	
	0	116	1	103	2	107	3	116	4	105	5	108	6	102	7	102	8	100	9	100	10	113	11	107	12	100	13	102	14	115	15	119	16	100	17	105	18	120	19	101	20	105	21	116	22	120	23	115	24	109	25	111	26	103	27	111	28	112	29	106	30	101	31	101	32	104	33	115	34	109	35	110	36	111	37	114	38	111	39	113	40	117	41	118	42	111	43	108	44	103	45	109	46	114	47	113	48	112	49	100	
	0	113	1	112	2	119	3	120	4	103	5	108	6	116	7	106	8	110	9	112	10	108	11	111	12	104	13	110	14	102	15	117	16	105	17	112	18	103	19	114	20	113	21	117	22	115	23	113	24	104	25	111	26	113	27	116	28	102	29	109	30	104	31	111	32	100	33	111	34	111	35	109	36	113	37	111	38	112	39	117	40	104	41	120	42	111	43	104	44	108	45	108	46	117	47	105	48	116	49	117	
	0	114	1	109	2	111	3	101	4	108	5	119	6	107	7	120	8	106	9	117	10	118	11	115	12	120	13	114	14	101	15	113	16	104	17	112	18	100	19	115	20	117	21	101	22	103	23	103	24	109	25	108	26	110	27	112	28	119	29	119	30	106	31	104	32	120	33	101	34	110	35	108	36	120	37	119	38	111	39	120	40	102	41	100	42	109	43	110	44	114	45	104	46	115	47	117	48	116	49	116	
	0	119	1	101	2	100	3	118	4	114	5	116	6	104	7	102	8	106	9	111	10	102	11	113	12	102	13	104	14	102	15	106	16	107	17	117	18	104	19	117	20	100	21	101	22	120	23	105	24	112	25	102	26	115	27	111	28	104	29	114	30	114	31	105	32	104	33	103	34	118	35	105	36	105	37	116	38	117	39	100	40	103	41	106	42	110	43	119	44	110	45	117	46	115	47	116	48	118	49	109	
	0	110	1	106	2	103	3	120	4	114	5	115	6	117	7	111	8	103	9	101	10	109	11	107	12	114	13	115	14	103	15	113	16	106	17	110	18	103	19	106	20	109	21	114	22	116	23	106	24	118	25	100	26	112	27	100	28	106	29	100	30	106	31	100	32	111	33	103	34	109	35	115	36	110	37	117	38	100	39	113	40	107	41	103	42	117	43	119	44	114	45	119	46	103	47	107	48	100	49	106	
	0	111	1	103	2	118	3	115	4	119	5	105	6	117	7	103	8	100	9	102	10	119	11	114	12	103	13	103	14	115	15	104	16	101	17	119	18	119	19	102	20	120	21	112	22	103	23	113	24	104	25	107	26	107	27	113	28	111	29	117	30	116	31	119	32	119	33	109	34	118	35	102	36	104	37	100	38	116	39	116	40	117	41	110	42	101	43	102	44	116	45	119	46	106	47	111	48	111	49	112	
	0	103	1	108	2	101	3	105	4	101	5	101	6	107	7	120	8	105	9	107	10	107	11	110	12	102	13	108	14	119	15	103	16	102	17	104	18	108	19	113	20	105	21	104	22	101	23	100	24	102	25	114	26	119	27	110	28	113	29	107	30	109	31	100	32	116	33	113	34	118	35	103	36	116	37	116	38	103	39	118	40	107	41	108	42	119	43	114	44	118	45	117	46	109	47	107	48	119	49	119	
	0	114	1	116	2	102	3	118	4	105	5	118	6	110	7	108	8	107	9	106	10	103	11	109	12	114	13	115	14	115	15	103	16	107	17	107	18	110	19	104	20	112	21	110	22	110	23	120	24	102	25	117	26	105	27	107	28	105	29	114	30	100	31	112	32	100	33	106	34	115	35	100	36	103	37	115	38	119	39	114	40	100	41	102	42	114	43	102	44	103	45	104	46	108	47	116	48	120	49	109	
	0	119	1	109	2	109	3	109	4	102	5	118	6	109	7	104	8	110	9	107	10	100	11	117	12	118	13	114	14	113	15	102	16	108	17	113	18	117	19	120	20	100	21	108	22	120	23	101	24	110	25	107	26	102	27	116	28	101	29	115	30	115	31	107	32	101	33	103	34	112	35	100	36	106	37	101	38	118	39	111	40	110	41	113	42	103	43	112	44	102	45	116	46	101	47	113	48	104	49	118	
	0	111	1	118	2	107	3	115	4	111	5	105	6	100	7	103	8	112	9	102	10	103	11	110	12	101	13	108	14	111	15	100	16	100	17	107	18	104	19	103	20	119	21	106	22	112	23	115	24	109	25	100	26	103	27	112	28	112	29	110	30	113	31	118	32	106	33	108	34	103	35	107	36	105	37	101	38	103	39	108	40	115	41	119	42	120	43	106	44	118	45	101	46	115	47	118	48	115	49	118	
	0	120	1	107	2	106	3	113	4	101	5	103	6	104	7	114	8	111	9	114	10	119	11	117	12	115	13	111	14	110	15	107	16	110	17	116	18	114	19	102	20	116	21	100	22	118	23	110	24	107	25	103	26	100	27	100	28	107	29	109	30	100	31	115	32	119	33	114	34	120	35	113	36	116	37	102	38	107	39	116	40	105	41	118	42	100	43	115	44	104	45	100	46	108	47	104	48	110	49	113	
	0	117	1	110	2	102	3	107	4	103	5	107	6	108	7	109	8	108	9	119	10	117	11	113	12	109	13	116	14	110	15	114	16	110	17	116	18	107	19	106	20	102	21	117	22	105	23	102	24	102	25	109	26	102	27	109	28	104	29	101	30	102	31	104	32	108	33	120	34	118	35	102	36	109	37	108	38	109	39	105	40	101	41	119	42	114	43	109	44	106	45	107	46	110	47	113	48	115	49	100	
	0	112	1	114	2	104	3	107	4	119	5	114	6	109	7	102	8	113	9	100	10	111	11	101	12	111	13	105	14	113	15	104	16	116	17	112	18	110	19	115	20	115	21	117	22	103	23	100	24	102	25	101	26	112	27	112	28	114	29	106	30	102	31	109	32	104	33	118	34	106	35	114	36	112	37	105	38	107	39	111	40	120	41	102	42	104	43	112	44	110	45	109	46	105	47	106	48	120	49	120	
	0	119	1	103	2	111	3	103	4	114	5	110	6	108	7	112	8	105	9	120	10	105	11	102	12	107	13	103	14	100	15	104	16	117	17	119	18	103	19	112	20	111	21	101	22	105	23	110	24	101	25	116	26	109	27	116	28	117	29	116	30	107	31	101	32	115	33	118	34	115	35	105	36	100	37	113	38	104	39	120	40	112	41	106	42	105	43	110	44	106	45	100	46	109	47	102	48	103	49	116	
	0	106	1	117	2	107	3	118	4	106	5	110	6	118	7	112	8	111	9	103	10	117	11	116	12	113	13	117	14	113	15	115	16	115	17	113	18	106	19	102	20	100	21	114	22	111	23	119	24	105	25	105	26	114	27	115	28	106	29	101	30	112	31	117	32	118	33	117	34	103	35	112	36	102	37	113	38	104	39	110	40	101	41	117	42	115	43	119	44	118	45	113	46	107	47	107	48	103	49	120	
	0	115	1	114	2	104	3	102	4	101	5	111	6	114	7	101	8	108	9	100	10	114	11	103	12	110	13	106	14	105	15	103	16	106	17	110	18	110	19	118	20	109	21	113	22	109	23	109	24	109	25	103	26	118	27	119	28	113	29	116	30	111	31	104	32	109	33	117	34	117	35	110	36	108	37	111	38	106	39	101	40	110	41	107	42	112	43	119	44	113	45	100	46	119	47	100	48	113	49	101	
	0	110	1	105	2	106	3	111	4	120	5	115	6	102	7	115	8	104	9	119	10	112	11	104	12	101	13	108	14	112	15	102	16	108	17	105	18	109	19	110	20	117	21	114	22	102	23	115	24	116	25	115	26	116	27	110	28	114	29	109	30	118	31	114	32	104	33	112	34	107	35	118	36	119	37	115	38	101	39	108	40	105	41	106	42	100	43	111	44	107	45	120	46	116	47	114	48	116	49	105	
	0	115	1	118	2	117	3	113	4	104	5	103	6	106	7	100	8	119	9	102	10	107	11	106	12	105	13	112	14	120	15	104	16	113	17	101	18	100	19	100	20	114	21	110	22	116	23	101	24	120	25	101	26	118	27	117	28	119	29	104	30	102	31	105	32	120	33	115	34	109	35	118	36	113	37	111	38	100	39	114	40	110	41	119	42	105	43	120	44	100	45	118	46	100	47	106	48	117	49	111	
	0	103	1	116	2	120	3	104	4	100	5	116	6	102	7	119	8	114	9	118	10	119	11	112	12	112	13	100	14	112	15	100	16	110	17	113	18	101	19	116	20	107	21	109	22	108	23	111	24	102	25	119	26	106	27	110	28	113	29	113	30	113	31	106	32	109	33	105	34	103	35	117	36	106	37	111	38	120	39	109	40	100	41	105	42	119	43	107	44	111	45	110	46	110	47	114	48	108	49	116	
	0	108	1	105	2	109	3	108	4	115	5	108	6	120	7	106	8	108	9	103	10	101	11	117	12	100	13	113	14	110	15	116	16	116	17	118	18	116	19	120	20	120	21	114	22	119	23	115	24	101	25	102	26	102	27	102	28	101	29	116	30	103	31	110	32	110	33	106	34	106	35	107	36	101	37	115	38	109	39	114	40	119	41	118	42	113	43	118	44	112	45	109	46	113	47	112	48	108	49	116	
	0	120	1	119	2	105	3	111	4	104	5	109	6	110	7	119	8	110	9	109	10	113	11	119	12	107	13	108	14	120	15	119	16	114	17	120	18	104	19	118	20	109	21	108	22	104	23	120	24	120	25	100	26	114	27	120	28	116	29	110	30	106	31	109	32	108	33	105	34	101	35	113	36	102	37	107	38	119	39	120	40	110	41	101	42	105	43	104	44	101	45	109	46	107	47	101	48	100	49	109	
	0	120	1	115	2	105	3	105	4	116	5	115	6	103	7	120	8	106	9	103	10	103	11	106	12	101	13	106	14	118	15	120	16	106	17	111	18	109	19	105	20	117	21	109	22	118	23	117	24	103	25	108	26	117	27	112	28	110	29	115	30	120	31	120	32	119	33	120	34	107	35	100	36	104	37	112	38	117	39	110	40	116	41	117	42	102	43	104	44	104	45	101	46	105	47	100	48	118	49	116	
	0	102	1	104	2	107	3	111	4	102	5	106	6	118	7	114	8	116	9	102	10	117	11	109	12	111	13	115	14	110	15	117	16	110	17	102	18	119	19	112	20	111	21	117	22	112	23	118	24	104	25	112	26	107	27	102	28	103	29	113	30	120	31	112	32	114	33	101	34	101	35	107	36	108	37	104	38	115	39	112	40	101	41	118	42	116	43	102	44	108	45	115	46	104	47	103	48	105	49	110	
	0	102	1	104	2	114	3	111	4	110	5	119	6	119	7	116	8	118	9	101	10	119	11	118	12	108	13	114	14	109	15	107	16	112	17	107	18	109	19	109	20	108	21	105	22	106	23	110	24	106	25	120	26	117	27	118	28	108	29	102	30	100	31	102	32	114	33	117	34	100	35	102	36	113	37	108	38	109	39	101	40	101	41	106	42	101	43	105	44	115	45	118	46	102	47	120	48	120	49	114	
	0	102	1	108	2	104	3	120	4	104	5	115	6	110	7	114	8	116	9	116	10	105	11	102	12	120	13	106	14	113	15	102	16	116	17	116	18	102	19	119	20	112	21	114	22	118	23	117	24	101	25	111	26	115	27	107	28	100	29	110	30	101	31	111	32	114	33	110	34	117	35	107	36	109	37	109	38	100	39	114	40	113	41	114	42	119	43	113	44	111	45	116	46	109	47	113	48	109	49	115	
	0	115	1	102	2	117	3	110	4	113	5	114	6	119	7	112	8	109	9	118	10	105	11	106	12	115	13	109	14	106	15	119	16	116	17	102	18	112	19	101	20	120	21	113	22	119	23	104	24	116	25	101	26	102	27	106	28	101	29	106	30	120	31	117	32	112	33	112	34	101	35	105	36	113	37	109	38	112	39	105	40	116	41	108	42	100	43	116	44	107	45	113	46	100	47	100	48	101	49	118	
	0	102	1	110	2	103	3	118	4	110	5	113	6	115	7	114	8	102	9	104	10	114	11	100	12	100	13	109	14	112	15	111	16	117	17	106	18	117	19	105	20	102	21	112	22	109	23	100	24	109	25	110	26	116	27	110	28	111	29	103	30	112	31	104	32	116	33	105	34	118	35	114	36	105	37	109	38	113	39	118	40	108	41	109	42	116	43	113	44	101	45	109	46	107	47	112	48	107	49	105	
	0	103	1	110	2	108	3	120	4	108	5	108	6	109	7	112	8	105	9	107	10	118	11	102	12	108	13	111	14	104	15	102	16	117	17	115	18	101	19	111	20	111	21	113	22	100	23	115	24	103	25	102	26	100	27	117	28	110	29	114	30	117	31	105	32	119	33	111	34	105	35	116	36	111	37	109	38	105	39	103	40	102	41	101	42	119	43	101	44	109	45	101	46	117	47	115	48	119	49	112	
	0	116	1	100	2	120	3	111	4	116	5	115	6	110	7	120	8	101	9	100	10	104	11	116	12	107	13	109	14	101	15	109	16	108	17	100	18	106	19	103	20	118	21	113	22	109	23	104	24	116	25	101	26	102	27	100	28	113	29	107	30	118	31	110	32	108	33	120	34	107	35	114	36	116	37	109	38	116	39	116	40	109	41	118	42	119	43	103	44	108	45	107	46	107	47	117	48	102	49	115	
	0	100	1	108	2	112	3	112	4	106	5	120	6	109	7	110	8	114	9	106	10	119	11	109	12	100	13	106	14	117	15	112	16	100	17	110	18	103	19	110	20	116	21	116	22	108	23	111	24	103	25	119	26	106	27	109	28	109	29	112	30	111	31	113	32	119	33	106	34	108	35	116	36	120	37	105	38	100	39	114	40	103	41	102	42	105	43	118	44	108	45	106	46	110	47	110	48	111	49	113	
	0	114	1	107	2	105	3	106	4	101	5	109	6	119	7	102	8	101	9	118	10	101	11	104	12	108	13	111	14	111	15	117	16	101	17	116	18	105	19	113	20	108	21	107	22	118	23	105	24	109	25	114	26	116	27	105	28	115	29	109	30	114	31	113	32	116	33	107	34	113	35	107	36	118	37	103	38	106	39	114	40	110	41	110	42	110	43	107	44	107	45	109	46	120	47	107	48	101	49	117	
	0	111	1	107	2	114	3	108	4	100	5	101	6	104	7	114	8	107	9	116	10	103	11	118	12	106	13	107	14	112	15	103	16	101	17	118	18	120	19	112	20	120	21	105	22	104	23	113	24	116	25	102	26	106	27	104	28	104	29	102	30	113	31	118	32	110	33	118	34	110	35	113	36	111	37	109	38	113	39	116	40	105	41	110	42	100	43	106	44	119	45	118	46	101	47	103	48	102	49	115	
	0	117	1	105	2	100	3	111	4	103	5	102	6	111	7	106	8	110	9	114	10	106	11	102	12	117	13	113	14	100	15	113	16	112	17	112	18	117	19	111	20	107	21	115	22	118	23	106	24	118	25	113	26	119	27	119	28	114	29	109	30	120	31	114	32	102	33	110	34	108	35	102	36	114	37	101	38	117	39	104	40	104	41	110	42	104	43	106	44	107	45	115	46	108	47	117	48	117	49	118	
	0	114	1	104	2	105	3	117	4	112	5	113	6	105	7	102	8	101	9	111	10	107	11	118	12	118	13	117	14	114	15	119	16	114	17	109	18	112	19	113	20	115	21	112	22	103	23	100	24	114	25	119	26	111	27	102	28	117	29	104	30	118	31	111	32	100	33	118	34	119	35	118	36	110	37	107	38	116	39	113	40	119	41	114	42	109	43	102	44	110	45	108	46	113	47	113	48	115	49	101	
	0	104	1	109	2	105	3	103	4	106	5	107	6	115	7	104	8	102	9	119	10	110	11	114	12	107	13	115	14	110	15	101	16	104	17	119	18	102	19	105	20	117	21	118	22	120	23	101	24	112	25	104	26	101	27	115	28	114	29	102	30	114	31	112	32	100	33	103	34	106	35	117	36	107	37	117	38	120	39	107	40	110	41	110	42	117	43	119	44	104	45	114	46	116	47	107	48	119	49	101	
	0	111	1	120	2	117	3	118	4	105	5	117	6	105	7	103	8	100	9	115	10	119	11	114	12	109	13	119	14	116	15	120	16	120	17	103	18	114	19	109	20	112	21	113	22	100	23	101	24	107	25	108	26	111	27	104	28	110	29	120	30	118	31	114	32	119	33	109	34	115	35	105	36	119	37	100	38	117	39	115	40	103	41	115	42	102	43	101	44	115	45	108	46	112	47	106	48	116	49	102	
	0	111	1	111	2	118	3	103	4	103	5	117	6	117	7	101	8	110	9	117	10	115	11	111	12	117	13	103	14	113	15	101	16	111	17	102	18	101	19	100	20	104	21	116	22	102	23	101	24	120	25	110	26	114	27	100	28	116	29	111	30	102	31	113	32	107	33	112	34	111	35	101	36	106	37	111	38	108	39	107	40	118	41	105	42	114	43	105	44	105	45	101	46	114	47	114	48	103	49	114	
	0	107	1	103	2	112	3	118	4	108	5	112	6	119	7	107	8	104	9	105	10	108	11	111	12	105	13	119	14	115	15	112	16	114	17	113	18	102	19	101	20	108	21	114	22	116	23	105	24	105	25	102	26	116	27	115	28	109	29	118	30	101	31	104	32	110	33	104	34	120	35	117	36	101	37	112	38	112	39	107	40	104	41	100	42	100	43	117	44	110	45	114	46	106	47	101	48	101	49	103	
	0	116	1	100	2	103	3	110	4	119	5	101	6	101	7	108	8	116	9	108	10	118	11	105	12	104	13	112	14	112	15	104	16	105	17	104	18	116	19	103	20	103	21	109	22	111	23	100	24	108	25	106	26	106	27	109	28	113	29	104	30	112	31	101	32	109	33	101	34	114	35	114	36	117	37	117	38	117	39	120	40	101	41	102	42	103	43	105	44	103	45	113	46	115	47	110	48	109	49	109	
	0	119	1	107	2	116	3	120	4	116	5	119	6	105	7	101	8	111	9	114	10	105	11	115	12	112	13	110	14	115	15	117	16	109	17	109	18	102	19	102	20	108	21	117	22	114	23	105	24	120	25	101	26	118	27	117	28	101	29	101	30	107	31	113	32	113	33	116	34	111	35	118	36	103	37	114	38	106	39	117	40	108	41	116	42	101	43	109	44	107	45	106	46	116	47	110	48	110	49	106	
	0	118	1	107	2	102	3	105	4	110	5	106	6	115	7	116	8	107	9	109	10	108	11	110	12	109	13	107	14	104	15	118	16	113	17	104	18	114	19	116	20	100	21	109	22	117	23	100	24	108	25	120	26	103	27	100	28	108	29	108	30	117	31	101	32	106	33	113	34	108	35	114	36	101	37	119	38	105	39	118	40	108	41	114	42	113	43	109	44	120	45	115	46	118	47	108	48	118	49	108	
	0	111	1	120	2	113	3	102	4	103	5	102	6	110	7	115	8	115	9	112	10	118	11	101	12	109	13	101	14	105	15	106	16	114	17	111	18	112	19	117	20	115	21	115	22	103	23	102	24	110	25	106	26	120	27	108	28	115	29	118	30	118	31	114	32	108	33	100	34	106	35	111	36	100	37	104	38	114	39	114	40	111	41	112	42	114	43	117	44	108	45	113	46	115	47	116	48	110	49	110	
	0	114	1	108	2	116	3	108	4	102	5	108	6	107	7	103	8	107	9	111	10	111	11	118	12	117	13	113	14	107	15	108	16	118	17	110	18	103	19	109	20	108	21	111	22	112	23	106	24	114	25	112	26	104	27	117	28	108	29	115	30	106	31	106	32	115	33	113	34	107	35	118	36	113	37	108	38	105	39	101	40	108	41	119	42	107	43	120	44	107	45	102	46	103	47	111	48	106	49	113	
	0	108	1	101	2	116	3	112	4	112	5	117	6	115	7	109	8	111	9	114	10	101	11	116	12	114	13	120	14	109	15	119	16	103	17	110	18	112	19	103	20	103	21	113	22	111	23	109	24	105	25	113	26	117	27	118	28	119	29	100	30	119	31	120	32	110	33	111	34	116	35	116	36	108	37	117	38	104	39	102	40	113	41	105	42	115	43	111	44	119	45	114	46	107	47	107	48	119	49	103	
	0	111	1	120	2	115	3	116	4	110	5	107	6	101	7	107	8	113	9	102	10	105	11	111	12	103	13	115	14	107	15	102	16	116	17	105	18	106	19	110	20	112	21	118	22	108	23	117	24	110	25	106	26	115	27	100	28	110	29	110	30	108	31	104	32	116	33	120	34	114	35	112	36	112	37	110	38	106	39	107	40	102	41	115	42	116	43	120	44	112	45	113	46	118	47	107	48	110	49	118	
	0	117	1	113	2	109	3	118	4	106	5	115	6	115	7	108	8	100	9	120	10	100	11	108	12	100	13	117	14	106	15	116	16	111	17	100	18	108	19	107	20	112	21	113	22	115	23	108	24	119	25	116	26	113	27	117	28	118	29	107	30	101	31	113	32	101	33	117	34	104	35	110	36	116	37	118	38	106	39	109	40	116	41	104	42	110	43	117	44	105	45	114	46	117	47	119	48	110	49	103	
	0	115	1	112	2	109	3	120	4	104	5	107	6	101	7	100	8	107	9	120	10	112	11	110	12	112	13	102	14	105	15	117	16	105	17	104	18	118	19	115	20	107	21	106	22	116	23	119	24	100	25	105	26	111	27	101	28	120	29	104	30	105	31	111	32	120	33	108	34	104	35	111	36	101	37	113	38	108	39	113	40	114	41	100	42	113	43	107	44	105	45	120	46	105	47	119	48	109	49	111	
	0	116	1	116	2	101	3	115	4	112	5	111	6	105	7	114	8	100	9	118	10	107	11	107	12	106	13	114	14	120	15	110	16	109	17	102	18	102	19	113	20	105	21	106	22	105	23	109	24	118	25	112	26	105	27	108	28	103	29	103	30	105	31	102	32	114	33	102	34	108	35	109	36	105	37	110	38	112	39	115	40	104	41	103	42	104	43	114	44	102	45	100	46	102	47	110	48	114	49	107	
	0	107	1	100	2	105	3	120	4	112	5	113	6	116	7	112	8	119	9	106	10	109	11	105	12	105	13	116	14	114	15	106	16	100	17	101	18	117	19	112	20	102	21	116	22	106	23	119	24	109	25	118	26	116	27	112	28	111	29	106	30	109	31	111	32	115	33	110	34	120	35	107	36	119	37	111	38	103	39	101	40	111	41	109	42	105	43	111	44	117	45	116	46	120	47	114	48	119	49	109	
	0	108	1	102	2	105	3	105	4	118	5	120	6	108	7	113	8	113	9	118	10	119	11	102	12	103	13	108	14	113	15	105	16	119	17	108	18	101	19	106	20	108	21	107	22	109	23	107	24	114	25	104	26	104	27	110	28	102	29	106	30	118	31	109	32	102	33	113	34	109	35	116	36	102	37	117	38	114	39	106	40	110	41	116	42	116	43	110	44	117	45	106	46	103	47	107	48	106	49	110	
	0	113	1	108	2	101	3	103	4	108	5	114	6	106	7	108	8	119	9	118	10	114	11	107	12	112	13	112	14	108	15	115	16	109	17	105	18	100	19	106	20	108	21	110	22	103	23	117	24	119	25	103	26	114	27	109	28	100	29	116	30	107	31	113	32	110	33	101	34	115	35	110	36	102	37	107	38	113	39	119	40	101	41	100	42	111	43	104	44	118	45	100	46	111	47	107	48	114	49	100	
	0	111	1	105	2	105	3	101	4	101	5	104	6	120	7	100	8	115	9	119	10	119	11	120	12	112	13	108	14	100	15	103	16	113	17	101	18	116	19	105	20	102	21	103	22	118	23	118	24	113	25	101	26	100	27	114	28	114	29	112	30	105	31	120	32	116	33	120	34	110	35	104	36	115	37	112	38	120	39	101	40	110	41	116	42	111	43	116	44	106	45	110	46	109	47	114	48	104	49	102	
	0	113	1	106	2	110	3	109	4	106	5	116	6	104	7	112	8	116	9	100	10	118	11	112	12	104	13	103	14	119	15	116	16	100	17	102	18	105	19	116	20	119	21	119	22	109	23	100	24	115	25	109	26	100	27	100	28	110	29	107	30	112	31	114	32	101	33	110	34	104	35	120	36	109	37	111	38	119	39	109	40	100	41	119	42	106	43	108	44	108	45	107	46	103	47	119	48	120	49	108	
	0	104	1	119	2	105	3	105	4	103	5	109	6	108	7	109	8	109	9	105	10	112	11	109	12	103	13	106	14	101	15	103	16	105	17	101	18	105	19	101	20	107	21	102	22	110	23	110	24	113	25	116	26	101	27	109	28	103	29	102	30	111	31	120	32	115	33	118	34	107	35	115	36	102	37	105	38	102	39	117	40	109	41	117	42	117	43	101	44	111	45	117	46	112	47	103	48	100	49	120	
	0	119	1	113	2	113	3	112	4	115	5	102	6	120	7	106	8	102	9	111	10	105	11	111	12	101	13	102	14	106	15	114	16	102	17	114	18	104	19	108	20	116	21	106	22	100	23	102	24	119	25	117	26	114	27	120	28	103	29	112	30	106	31	117	32	104	33	119	34	116	35	115	36	116	37	108	38	107	39	111	40	118	41	102	42	117	43	117	44	101	45	104	46	112	47	105	48	103	49	114	
	0	109	1	117	2	105	3	114	4	110	5	103	6	118	7	117	8	117	9	102	10	107	11	114	12	118	13	114	14	108	15	114	16	103	17	104	18	110	19	109	20	104	21	103	22	115	23	103	24	117	25	120	26	111	27	108	28	117	29	108	30	100	31	109	32	107	33	117	34	105	35	101	36	105	37	120	38	119	39	119	40	107	41	112	42	103	43	107	44	115	45	103	46	106	47	112	48	106	49	109	
	0	116	1	115	2	107	3	106	4	109	5	110	6	120	7	120	8	114	9	118	10	115	11	109	12	111	13	119	14	100	15	100	16	113	17	109	18	118	19	116	20	110	21	106	22	107	23	120	24	116	25	117	26	103	27	100	28	112	29	114	30	112	31	104	32	118	33	116	34	109	35	105	36	120	37	106	38	113	39	115	40	103	41	117	42	118	43	102	44	115	45	115	46	118	47	103	48	113	49	105	
	0	111	1	116	2	104	3	104	4	114	5	115	6	115	7	103	8	101	9	111	10	108	11	100	12	115	13	100	14	119	15	111	16	119	17	109	18	108	19	117	20	116	21	116	22	113	23	106	24	103	25	104	26	102	27	111	28	101	29	118	30	102	31	114	32	115	33	120	34	111	35	103	36	105	37	115	38	120	39	106	40	103	41	108	42	114	43	118	44	106	45	108	46	119	47	107	48	114	49	103	
	0	107	1	101	2	118	3	120	4	113	5	108	6	111	7	112	8	119	9	119	10	111	11	119	12	117	13	101	14	115	15	104	16	101	17	106	18	109	19	120	20	109	21	111	22	110	23	105	24	104	25	118	26	114	27	107	28	108	29	105	30	118	31	112	32	108	33	103	34	105	35	120	36	113	37	113	38	112	39	119	40	114	41	100	42	118	43	100	44	113	45	103	46	117	47	110	48	105	49	108	
	0	116	1	104	2	106	3	119	4	108	5	120	6	105	7	111	8	103	9	104	10	120	11	101	12	115	13	104	14	105	15	112	16	107	17	116	18	102	19	108	20	115	21	120	22	103	23	104	24	109	25	120	26	113	27	101	28	105	29	108	30	108	31	107	32	101	33	115	34	106	35	107	36	111	37	108	38	109	39	105	40	117	41	118	42	107	43	101	44	118	45	118	46	107	47	116	48	118	49	120	
	0	117	1	106	2	104	3	100	4	107	5	100	6	111	7	115	8	120	9	109	10	116	11	117	12	105	13	114	14	111	15	107	16	114	17	105	18	113	19	118	20	105	21	111	22	109	23	101	24	118	25	115	26	111	27	111	28	113	29	110	30	104	31	103	32	110	33	110	34	108	35	111	36	105	37	102	38	106	39	107	40	105	41	110	42	100	43	104	44	106	45	113	46	104	47	117	48	115	49	115	
	0	109	1	101	2	105	3	110	4	101	5	104	6	106	7	103	8	117	9	105	10	111	11	114	12	120	13	117	14	103	15	104	16	119	17	111	18	112	19	105	20	112	21	114	22	119	23	119	24	115	25	110	26	105	27	111	28	115	29	110	30	105	31	119	32	115	33	106	34	119	35	106	36	112	37	110	38	114	39	106	40	102	41	110	42	101	43	104	44	102	45	111	46	115	47	118	48	103	49	100	
	0	115	1	115	2	106	3	115	4	110	5	113	6	114	7	113	8	115	9	114	10	105	11	100	12	101	13	110	14	115	15	112	16	119	17	119	18	118	19	105	20	104	21	114	22	110	23	111	24	108	25	100	26	113	27	101	28	119	29	101	30	117	31	114	32	106	33	120	34	103	35	105	36	116	37	110	38	101	39	119	40	107	41	118	42	110	43	103	44	110	45	116	46	101	47	111	48	112	49	106	
	0	107	1	112	2	110	3	102	4	118	5	107	6	108	7	114	8	111	9	115	10	120	11	105	12	113	13	120	14	119	15	105	16	118	17	119	18	113	19	101	20	107	21	105	22	110	23	104	24	107	25	110	26	109	27	107	28	111	29	105	30	109	31	118	32	105	33	114	34	104	35	105	36	110	37	102	38	117	39	114	40	106	41	118	42	108	43	112	44	100	45	100	46	119	47	109	48	100	49	101	
	0	120	1	100	2	108	3	120	4	117	5	111	6	109	7	106	8	120	9	102	10	105	11	113	12	108	13	104	14	119	15	113	16	108	17	111	18	118	19	117	20	112	21	109	22	112	23	111	24	107	25	105	26	120	27	116	28	102	29	113	30	119	31	109	32	105	33	102	34	119	35	112	36	107	37	102	38	105	39	116	40	100	41	101	42	102	43	100	44	103	45	108	46	106	47	114	48	105	49	110	
	0	109	1	117	2	108	3	117	4	110	5	114	6	106	7	117	8	103	9	103	10	101	11	106	12	120	13	103	14	113	15	117	16	102	17	110	18	105	19	111	20	114	21	118	22	107	23	109	24	107	25	112	26	117	27	119	28	105	29	116	30	104	31	115	32	114	33	105	34	117	35	104	36	112	37	118	38	109	39	114	40	103	41	119	42	103	43	110	44	104	45	100	46	103	47	108	48	100	49	108	
	0	116	1	109	2	110	3	120	4	110	5	114	6	112	7	113	8	116	9	101	10	118	11	119	12	119	13	102	14	112	15	110	16	105	17	110	18	102	19	113	20	108	21	109	22	105	23	120	24	120	25	109	26	107	27	107	28	119	29	117	30	107	31	102	32	120	33	107	34	111	35	102	36	111	37	117	38	101	39	117	40	118	41	118	42	115	43	120	44	113	45	110	46	100	47	103	48	120	49	109	
	0	110	1	110	2	115	3	109	4	110	5	106	6	111	7	104	8	104	9	109	10	116	11	118	12	100	13	113	14	109	15	102	16	100	17	103	18	115	19	118	20	107	21	115	22	109	23	113	24	111	25	107	26	111	27	117	28	113	29	119	30	103	31	112	32	108	33	119	34	103	35	119	36	111	37	111	38	110	39	111	40	119	41	108	42	115	43	110	44	116	45	115	46	118	47	104	48	115	49	112	
	0	107	1	111	2	114	3	108	4	112	5	119	6	115	7	106	8	114	9	109	10	108	11	101	12	111	13	111	14	107	15	102	16	119	17	115	18	106	19	103	20	118	21	116	22	106	23	114	24	101	25	112	26	104	27	113	28	120	29	113	30	113	31	112	32	106	33	119	34	117	35	104	36	118	37	109	38	116	39	111	40	113	41	104	42	104	43	110	44	116	45	107	46	108	47	101	48	105	49	115	
	0	109	1	112	2	118	3	117	4	114	5	112	6	112	7	101	8	103	9	112	10	109	11	119	12	110	13	119	14	106	15	107	16	118	17	104	18	105	19	109	20	112	21	120	22	105	23	106	24	114	25	115	26	114	27	102	28	109	29	115	30	112	31	118	32	100	33	119	34	112	35	118	36	103	37	114	38	107	39	112	40	112	41	120	42	119	43	113	44	120	45	116	46	119	47	104	48	107	49	114	
	0	113	1	106	2	108	3	117	4	109	5	116	6	103	7	101	8	114	9	113	10	117	11	103	12	101	13	120	14	103	15	111	16	119	17	115	18	114	19	114	20	104	21	111	22	114	23	105	24	115	25	119	26	103	27	100	28	107	29	101	30	107	31	115	32	104	33	105	34	114	35	112	36	102	37	120	38	100	39	109	40	101	41	104	42	118	43	106	44	114	45	105	46	109	47	108	48	101	49	109	
	0	119	1	119	2	118	3	114	4	105	5	116	6	103	7	115	8	110	9	101	10	119	11	103	12	104	13	107	14	107	15	104	16	112	17	106	18	116	19	112	20	119	21	116	22	109	23	110	24	110	25	101	26	102	27	104	28	101	29	107	30	104	31	118	32	104	33	108	34	100	35	106	36	101	37	118	38	108	39	113	40	119	41	102	42	111	43	116	44	114	45	118	46	117	47	100	48	104	49	111	
	0	111	1	115	2	108	3	109	4	109	5	112	6	100	7	114	8	110	9	113	10	117	11	101	12	106	13	107	14	115	15	116	16	114	17	109	18	103	19	113	20	116	21	115	22	117	23	113	24	101	25	120	26	105	27	108	28	112	29	114	30	119	31	112	32	112	33	107	34	100	35	110	36	115	37	103	38	118	39	100	40	100	41	118	42	117	43	102	44	113	45	102	46	112	47	119	48	103	49	102	
	0	117	1	103	2	102	3	117	4	102	5	107	6	105	7	100	8	114	9	114	10	104	11	100	12	105	13	113	14	114	15	106	16	119	17	113	18	109	19	120	20	111	21	107	22	109	23	120	24	105	25	107	26	107	27	106	28	114	29	112	30	110	31	107	32	107	33	114	34	114	35	114	36	116	37	113	38	110	39	100	40	112	41	108	42	103	43	112	44	118	45	114	46	102	47	109	48	111	49	104	
	0	106	1	113	2	100	3	108	4	115	5	115	6	102	7	114	8	102	9	118	10	118	11	112	12	118	13	115	14	100	15	101	16	113	17	107	18	113	19	105	20	106	21	109	22	113	23	109	24	106	25	108	26	119	27	116	28	114	29	105	30	110	31	115	32	102	33	105	34	109	35	108	36	115	37	107	38	100	39	115	40	113	41	117	42	100	43	106	44	102	45	118	46	112	47	108	48	112	49	108	
	0	103	1	113	2	117	3	100	4	110	5	109	6	111	7	105	8	100	9	111	10	111	11	107	12	109	13	100	14	106	15	101	16	119	17	107	18	103	19	117	20	113	21	101	22	119	23	109	24	120	25	105	26	118	27	120	28	119	29	104	30	111	31	103	32	116	33	105	34	100	35	114	36	117	37	103	38	117	39	102	40	116	41	100	42	112	43	116	44	102	45	107	46	117	47	118	48	113	49	108	
	0	106	1	107	2	110	3	119	4	105	5	109	6	102	7	102	8	108	9	102	10	106	11	118	12	103	13	117	14	103	15	117	16	112	17	110	18	117	19	104	20	107	21	118	22	119	23	118	24	108	25	111	26	100	27	114	28	100	29	113	30	109	31	108	32	118	33	119	34	109	35	117	36	105	37	104	38	114	39	103	40	120	41	116	42	112	43	110	44	105	45	112	46	105	47	109	48	106	49	116	
	0	104	1	117	2	116	3	100	4	109	5	115	6	102	7	104	8	117	9	100	10	114	11	119	12	120	13	107	14	116	15	112	16	118	17	104	18	105	19	105	20	102	21	101	22	100	23	112	24	111	25	113	26	112	27	100	28	114	29	108	30	104	31	107	32	106	33	115	34	107	35	114	36	116	37	104	38	102	39	102	40	109	41	114	42	111	43	112	44	113	45	118	46	109	47	119	48	118	49	109	
	0	100	1	106	2	102	3	113	4	117	5	103	6	111	7	101	8	104	9	107	10	110	11	107	12	116	13	111	14	100	15	116	16	120	17	120	18	120	19	111	20	110	21	119	22	110	23	119	24	104	25	113	26	109	27	104	28	113	29	100	30	109	31	115	32	117	33	102	34	105	35	104	36	107	37	106	38	114	39	101	40	107	41	110	42	116	43	102	44	105	45	102	46	105	47	119	48	118	49	112	
	0	100	1	117	2	106	3	115	4	118	5	114	6	105	7	104	8	115	9	114	10	100	11	118	12	120	13	104	14	116	15	112	16	105	17	107	18	117	19	116	20	106	21	112	22	105	23	102	24	105	25	106	26	104	27	111	28	120	29	120	30	111	31	100	32	101	33	119	34	107	35	119	36	120	37	110	38	104	39	106	40	105	41	105	42	103	43	101	44	103	45	102	46	111	47	107	48	101	49	118	
	0	110	1	117	2	112	3	120	4	117	5	103	6	107	7	114	8	110	9	101	10	120	11	106	12	113	13	120	14	104	15	116	16	105	17	100	18	102	19	114	20	104	21	115	22	109	23	101	24	104	25	106	26	119	27	100	28	120	29	105	30	108	31	110	32	101	33	115	34	104	35	107	36	111	37	110	38	115	39	103	40	118	41	115	42	109	43	110	44	114	45	104	46	101	47	102	48	114	49	107	
	0	109	1	116	2	114	3	115	4	119	5	108	6	120	7	109	8	116	9	113	10	118	11	105	12	117	13	105	14	100	15	106	16	103	17	105	18	104	19	114	20	117	21	118	22	105	23	110	24	105	25	112	26	120	27	116	28	115	29	113	30	118	31	112	32	103	33	101	34	105	35	112	36	113	37	114	38	105	39	110	40	107	41	109	42	120	43	106	44	103	45	100	46	116	47	114	48	116	49	106	
	0	108	1	101	2	101	3	111	4	105	5	109	6	109	7	108	8	102	9	115	10	120	11	104	12	115	13	105	14	113	15	120	16	110	17	113	18	120	19	113	20	119	21	118	22	116	23	108	24	104	25	120	26	113	27	104	28	106	29	108	30	113	31	106	32	119	33	108	34	114	35	111	36	117	37	116	38	115	39	119	40	101	41	117	42	103	43	110	44	116	45	120	46	105	47	111	48	119	49	107	
	0	106	1	101	2	116	3	117	4	110	5	117	6	116	7	112	8	105	9	104	10	114	11	118	12	107	13	105	14	105	15	105	16	105	17	108	18	103	19	120	20	114	21	119	22	107	23	105	24	119	25	117	26	114	27	105	28	114	29	104	30	106	31	112	32	109	33	105	34	119	35	119	36	113	37	114	38	110	39	120	40	102	41	108	42	119	43	115	44	111	45	112	46	113	47	108	48	119	49	108	
	0	119	1	120	2	113	3	120	4	106	5	103	6	112	7	118	8	112	9	118	10	111	11	114	12	119	13	110	14	118	15	107	16	108	17	117	18	103	19	119	20	112	21	106	22	105	23	117	24	110	25	117	26	107	27	103	28	102	29	116	30	113	31	112	32	105	33	117	34	111	35	118	36	104	37	112	38	117	39	110	40	115	41	105	42	109	43	109	44	110	45	109	46	116	47	107	48	119	49	106	
	0	117	1	116	2	119	3	107	4	109	5	104	6	115	7	102	8	119	9	116	10	117	11	116	12	103	13	112	14	116	15	114	16	119	17	103	18	101	19	110	20	111	21	114	22	105	23	103	24	109	25	113	26	116	27	112	28	120	29	112	30	119	31	120	32	103	33	103	34	103	35	110	36	118	37	104	38	117	39	112	40	115	41	120	42	111	43	103	44	109	45	108	46	118	47	102	48	112	49	117	
	0	102	1	104	2	118	3	115	4	114	5	100	6	118	7	119	8	119	9	114	10	113	11	106	12	105	13	120	14	116	15	112	16	116	17	119	18	116	19	100	20	100	21	114	22	108	23	103	24	111	25	120	26	110	27	113	28	110	29	109	30	101	31	107	32	119	33	108	34	109	35	106	36	106	37	117	38	104	39	101	40	100	41	106	42	101	43	118	44	112	45	103	46	114	47	108	48	112	49	107	
	0	112	1	102	2	117	3	109	4	116	5	104	6	115	7	102	8	120	9	111	10	116	11	103	12	115	13	108	14	112	15	112	16	110	17	105	18	109	19	116	20	118	21	114	22	117	23	111	24	108	25	114	26	101	27	113	28	110	29	113	30	106	31	114	32	115	33	118	34	106	35	117	36	115	37	103	38	104	39	111	40	110	41	118	42	117	43	119	44	106	45	107	46	100	47	110	48	114	49	120	
	0	106	1	103	2	120	3	119	4	110	5	112	6	120	7	109	8	119	9	110	10	112	11	120	12	108	13	102	14	106	15	109	16	117	17	106	18	103	19	114	20	112	21	116	22	119	23	113	24	102	25	101	26	104	27	117	28	115	29	107	30	110	31	103	32	120	33	103	34	117	35	100	36	107	37	100	38	100	39	106	40	114	41	102	42	100	43	112	44	112	45	103	46	106	47	105	48	119	49	100	
	0	115	1	115	2	120	3	109	4	101	5	113	6	101	7	120	8	106	9	113	10	105	11	100	12	116	13	110	14	108	15	102	16	114	17	101	18	110	19	103	20	116	21	114	22	116	23	115	24	100	25	111	26	117	27	107	28	101	29	116	30	113	31	114	32	104	33	120	34	103	35	108	36	110	37	108	38	113	39	100	40	110	41	108	42	103	43	104	44	118	45	103	46	119	47	109	48	103	49	101	
	0	101	1	117	2	114	3	114	4	110	5	115	6	102	7	115	8	117	9	109	10	111	11	102	12	102	13	110	14	104	15	114	16	119	17	104	18	109	19	111	20	107	21	107	22	112	23	101	24	120	25	104	26	118	27	110	28	104	29	120	30	100	31	106	32	107	33	103	34	103	35	105	36	112	37	118	38	105	39	111	40	114	41	112	42	110	43	118	44	103	45	102	46	111	47	104	48	112	49	102	
	0	115	1	113	2	103	3	116	4	110	5	101	6	106	7	119	8	115	9	113	10	105	11	114	12	106	13	107	14	100	15	119	16	116	17	108	18	120	19	112	20	118	21	100	22	114	23	107	24	100	25	102	26	114	27	106	28	102	29	120	30	109	31	118	32	106	33	112	34	116	35	104	36	100	37	117	38	115	39	101	40	111	41	117	42	101	43	106	44	102	45	117	46	100	47	111	48	103	49	110	
	0	103	1	118	2	114	3	104	4	116	5	113	6	118	7	112	8	115	9	116	10	118	11	111	12	100	13	103	14	104	15	107	16	102	17	106	18	100	19	118	20	115	21	114	22	115	23	102	24	118	25	101	26	103	27	105	28	103	29	103	30	102	31	117	32	101	33	115	34	103	35	115	36	100	37	108	38	110	39	106	40	112	41	111	42	113	43	107	44	102	45	108	46	101	47	109	48	117	49	104	
	0	101	1	100	2	119	3	109	4	103	5	102	6	100	7	117	8	118	9	102	10	101	11	114	12	120	13	101	14	100	15	105	16	115	17	111	18	109	19	112	20	119	21	112	22	119	23	118	24	116	25	107	26	104	27	108	28	104	29	120	30	116	31	102	32	115	33	105	34	110	35	117	36	100	37	116	38	101	39	108	40	118	41	110	42	119	43	111	44	120	45	112	46	111	47	100	48	111	49	101	
	0	120	1	106	2	120	3	116	4	117	5	103	6	105	7	115	8	111	9	113	10	112	11	120	12	119	13	117	14	119	15	103	16	107	17	116	18	120	19	117	20	104	21	112	22	110	23	119	24	114	25	115	26	105	27	110	28	104	29	111	30	104	31	111	32	112	33	112	34	120	35	104	36	119	37	103	38	113	39	120	40	104	41	108	42	113	43	115	44	119	45	116	46	111	47	120	48	120	49	106	
	0	103	1	112	2	118	3	108	4	111	5	116	6	104	7	104	8	101	9	100	10	108	11	117	12	112	13	117	14	114	15	110	16	113	17	100	18	100	19	103	20	113	21	108	22	111	23	112	24	115	25	119	26	107	27	104	28	100	29	115	30	101	31	115	32	117	33	109	34	107	35	108	36	116	37	116	38	112	39	107	40	103	41	101	42	115	43	100	44	100	45	110	46	115	47	106	48	113	49	104	
	0	110	1	101	2	119	3	103	4	114	5	110	6	101	7	103	8	100	9	104	10	120	11	104	12	107	13	104	14	113	15	110	16	117	17	114	18	110	19	102	20	101	21	115	22	112	23	111	24	118	25	119	26	117	27	107	28	109	29	113	30	107	31	112	32	108	33	110	34	112	35	106	36	112	37	102	38	102	39	117	40	101	41	102	42	106	43	100	44	115	45	103	46	111	47	101	48	104	49	111	
	0	110	1	114	2	115	3	102	4	112	5	120	6	101	7	107	8	103	9	116	10	109	11	114	12	118	13	113	14	114	15	100	16	100	17	105	18	109	19	101	20	117	21	106	22	120	23	113	24	117	25	107	26	107	27	110	28	117	29	110	30	114	31	118	32	112	33	116	34	110	35	102	36	114	37	100	38	103	39	114	40	117	41	119	42	100	43	120	44	112	45	115	46	107	47	102	48	112	49	102	
	0	116	1	117	2	107	3	113	4	120	5	109	6	112	7	101	8	113	9	119	10	118	11	107	12	114	13	108	14	101	15	108	16	113	17	113	18	102	19	108	20	111	21	116	22	105	23	103	24	106	25	113	26	113	27	112	28	119	29	113	30	114	31	104	32	110	33	101	34	120	35	117	36	106	37	108	38	106	39	106	40	103	41	107	42	101	43	100	44	103	45	100	46	106	47	102	48	111	49	117	
	0	115	1	101	2	104	3	102	4	108	5	114	6	110	7	111	8	109	9	109	10	109	11	106	12	105	13	112	14	109	15	107	16	102	17	104	18	120	19	118	20	113	21	108	22	101	23	116	24	103	25	114	26	102	27	118	28	114	29	108	30	119	31	120	32	111	33	115	34	113	35	108	36	118	37	103	38	107	39	117	40	110	41	100	42	113	43	101	44	100	45	113	46	109	47	114	48	102	49	117	
	0	115	1	104	2	106	3	105	4	106	5	102	6	112	7	118	8	100	9	105	10	120	11	116	12	101	13	120	14	118	15	107	16	111	17	110	18	113	19	110	20	104	21	103	22	108	23	103	24	112	25	107	26	118	27	102	28	115	29	104	30	109	31	116	32	106	33	117	34	104	35	103	36	120	37	100	38	119	39	118	40	113	41	100	42	119	43	113	44	108	45	120	46	106	47	114	48	110	49	106	
	0	120	1	114	2	116	3	106	4	101	5	111	6	120	7	110	8	112	9	105	10	118	11	120	12	117	13	115	14	105	15	114	16	110	17	110	18	112	19	103	20	105	21	114	22	111	23	117	24	117	25	113	26	105	27	120	28	108	29	104	30	104	31	100	32	102	33	119	34	113	35	110	36	117	37	116	38	111	39	112	40	100	41	120	42	112	43	110	44	105	45	114	46	117	47	100	48	117	49	120	
	0	119	1	111	2	115	3	104	4	112	5	116	6	100	7	105	8	102	9	119	10	111	11	104	12	107	13	103	14	118	15	109	16	107	17	103	18	118	19	105	20	119	21	119	22	113	23	116	24	113	25	102	26	106	27	109	28	104	29	117	30	117	31	103	32	116	33	107	34	117	35	111	36	116	37	107	38	101	39	103	40	101	41	109	42	101	43	112	44	108	45	108	46	119	47	103	48	111	49	107	
	0	104	1	113	2	106	3	117	4	103	5	117	6	108	7	100	8	101	9	104	10	118	11	103	12	101	13	115	14	107	15	103	16	114	17	107	18	110	19	111	20	110	21	106	22	104	23	106	24	109	25	117	26	112	27	102	28	109	29	104	30	115	31	106	32	114	33	111	34	103	35	102	36	103	37	106	38	115	39	119	40	111	41	113	42	108	43	115	44	108	45	105	46	103	47	118	48	111	49	120	
	0	110	1	108	2	111	3	114	4	110	5	101	6	107	7	102	8	108	9	100	10	111	11	107	12	120	13	113	14	120	15	120	16	109	17	118	18	113	19	103	20	106	21	115	22	120	23	107	24	111	25	120	26	107	27	113	28	109	29	105	30	109	31	105	32	111	33	105	34	105	35	118	36	105	37	107	38	118	39	116	40	112	41	102	42	107	43	114	44	104	45	120	46	105	47	119	48	103	49	106	
	0	115	1	119	2	110	3	107	4	105	5	118	6	105	7	109	8	102	9	103	10	111	11	106	12	115	13	112	14	112	15	112	16	107	17	104	18	114	19	110	20	106	21	114	22	107	23	107	24	116	25	111	26	109	27	104	28	117	29	103	30	113	31	120	32	107	33	105	34	114	35	112	36	105	37	101	38	108	39	109	40	101	41	104	42	118	43	113	44	107	45	102	46	101	47	118	48	109	49	104	
	0	113	1	100	2	109	3	113	4	103	5	112	6	109	7	107	8	108	9	117	10	115	11	109	12	110	13	118	14	110	15	116	16	102	17	107	18	100	19	113	20	111	21	104	22	106	23	101	24	119	25	115	26	117	27	104	28	107	29	101	30	105	31	117	32	116	33	108	34	108	35	103	36	100	37	112	38	112	39	109	40	106	41	118	42	108	43	101	44	118	45	113	46	120	47	110	48	100	49	118	
	0	105	1	101	2	115	3	101	4	111	5	115	6	101	7	104	8	105	9	105	10	106	11	100	12	107	13	103	14	116	15	120	16	104	17	108	18	120	19	101	20	106	21	115	22	109	23	100	24	103	25	110	26	103	27	104	28	104	29	103	30	118	31	119	32	105	33	110	34	103	35	106	36	116	37	102	38	117	39	118	40	102	41	109	42	103	43	100	44	120	45	108	46	115	47	104	48	102	49	116	
	0	109	1	114	2	110	3	119	4	104	5	110	6	100	7	111	8	112	9	114	10	111	11	111	12	110	13	102	14	119	15	108	16	110	17	101	18	109	19	101	20	108	21	101	22	111	23	119	24	103	25	102	26	105	27	109	28	101	29	110	30	109	31	113	32	108	33	116	34	105	35	120	36	114	37	113	38	110	39	104	40	118	41	113	42	103	43	112	44	108	45	101	46	100	47	115	48	114	49	119	
	0	107	1	113	2	115	3	101	4	108	5	110	6	110	7	106	8	120	9	113	10	102	11	109	12	110	13	115	14	107	15	110	16	111	17	117	18	117	19	107	20	112	21	118	22	115	23	111	24	111	25	100	26	117	27	106	28	117	29	119	30	105	31	108	32	101	33	113	34	108	35	103	36	111	37	114	38	113	39	120	40	116	41	118	42	111	43	112	44	107	45	118	46	118	47	106	48	104	49	102	
	0	102	1	111	2	116	3	111	4	114	5	119	6	116	7	107	8	117	9	101	10	110	11	114	12	112	13	105	14	111	15	119	16	110	17	105	18	112	19	108	20	113	21	110	22	103	23	103	24	118	25	120	26	110	27	118	28	104	29	117	30	108	31	113	32	120	33	101	34	117	35	114	36	109	37	118	38	110	39	115	40	116	41	105	42	114	43	114	44	104	45	111	46	115	47	114	48	116	49	100	
	0	117	1	116	2	107	3	119	4	102	5	110	6	106	7	120	8	109	9	106	10	111	11	103	12	112	13	117	14	104	15	120	16	117	17	106	18	113	19	109	20	111	21	117	22	115	23	109	24	107	25	104	26	107	27	114	28	103	29	119	30	111	31	104	32	112	33	107	34	115	35	104	36	108	37	118	38	111	39	107	40	102	41	115	42	113	43	119	44	116	45	111	46	100	47	107	48	100	49	101	
	0	120	1	114	2	109	3	100	4	101	5	105	6	110	7	118	8	112	9	103	10	100	11	111	12	110	13	115	14	104	15	109	16	107	17	119	18	111	19	106	20	100	21	101	22	110	23	119	24	117	25	104	26	115	27	114	28	119	29	111	30	115	31	105	32	105	33	111	34	118	35	116	36	105	37	113	38	110	39	116	40	119	41	104	42	113	43	104	44	116	45	113	46	101	47	100	48	107	49	118	
	0	108	1	102	2	112	3	101	4	118	5	115	6	111	7	115	8	120	9	108	10	117	11	102	12	103	13	111	14	101	15	117	16	111	17	107	18	101	19	112	20	117	21	115	22	114	23	110	24	103	25	101	26	106	27	115	28	103	29	112	30	120	31	120	32	118	33	116	34	114	35	119	36	115	37	109	38	114	39	110	40	111	41	112	42	118	43	104	44	113	45	115	46	107	47	114	48	111	49	106	
	0	114	1	100	2	107	3	119	4	105	5	102	6	102	7	103	8	106	9	120	10	109	11	102	12	117	13	106	14	110	15	112	16	112	17	112	18	110	19	103	20	101	21	111	22	106	23	102	24	112	25	110	26	116	27	105	28	104	29	110	30	118	31	113	32	109	33	115	34	117	35	112	36	108	37	116	38	105	39	113	40	112	41	109	42	109	43	102	44	112	45	110	46	117	47	101	48	105	49	109	
	0	120	1	101	2	119	3	114	4	112	5	106	6	104	7	120	8	103	9	116	10	117	11	119	12	118	13	120	14	105	15	118	16	110	17	109	18	111	19	103	20	108	21	113	22	108	23	116	24	102	25	107	26	115	27	110	28	110	29	116	30	117	31	103	32	117	33	119	34	120	35	109	36	106	37	100	38	112	39	107	40	110	41	117	42	116	43	110	44	114	45	109	46	119	47	119	48	103	49	108	
	0	118	1	106	2	116	3	109	4	104	5	108	6	106	7	104	8	111	9	119	10	112	11	105	12	119	13	102	14	101	15	109	16	116	17	118	18	108	19	100	20	114	21	110	22	119	23	109	24	104	25	100	26	107	27	101	28	114	29	111	30	107	31	101	32	119	33	108	34	117	35	111	36	114	37	115	38	116	39	118	40	100	41	102	42	114	43	109	44	111	45	104	46	117	47	100	48	110	49	102	
	0	118	1	117	2	114	3	100	4	116	5	112	6	108	7	105	8	115	9	114	10	117	11	120	12	109	13	101	14	119	15	108	16	109	17	119	18	114	19	117	20	115	21	119	22	113	23	115	24	100	25	112	26	103	27	104	28	107	29	107	30	108	31	120	32	105	33	109	34	116	35	119	36	106	37	109	38	115	39	117	40	111	41	118	42	118	43	115	44	103	45	104	46	112	47	107	48	114	49	116	
	0	108	1	108	2	110	3	102	4	109	5	110	6	103	7	102	8	105	9	109	10	108	11	112	12	115	13	113	14	114	15	103	16	113	17	104	18	112	19	110	20	104	21	116	22	108	23	116	24	105	25	101	26	105	27	102	28	111	29	105	30	102	31	117	32	102	33	111	34	105	35	109	36	102	37	109	38	104	39	103	40	117	41	115	42	110	43	101	44	113	45	107	46	100	47	119	48	111	49	107	
	0	120	1	111	2	112	3	112	4	113	5	111	6	106	7	119	8	100	9	119	10	110	11	111	12	109	13	118	14	104	15	111	16	100	17	110	18	108	19	118	20	114	21	113	22	101	23	112	24	117	25	105	26	116	27	120	28	111	29	103	30	110	31	120	32	118	33	107	34	118	35	100	36	116	37	104	38	107	39	116	40	112	41	119	42	110	43	111	44	118	45	108	46	103	47	114	48	116	49	116	
	0	113	1	108	2	116	3	105	4	108	5	111	6	106	7	101	8	103	9	111	10	113	11	120	12	114	13	118	14	105	15	100	16	112	17	107	18	111	19	106	20	103	21	102	22	108	23	110	24	117	25	108	26	117	27	103	28	102	29	112	30	113	31	118	32	105	33	105	34	105	35	116	36	100	37	116	38	115	39	118	40	119	41	119	42	103	43	105	44	107	45	115	46	111	47	112	48	105	49	107	
	0	112	1	117	2	100	3	110	4	103	5	114	6	100	7	101	8	103	9	102	10	120	11	120	12	101	13	104	14	107	15	116	16	113	17	115	18	117	19	119	20	116	21	120	22	111	23	116	24	115	25	119	26	119	27	117	28	119	29	102	30	105	31	113	32	108	33	116	34	108	35	108	36	103	37	113	38	100	39	114	40	107	41	105	42	105	43	112	44	102	45	109	46	100	47	106	48	113	49	112	
	0	112	1	117	2	113	3	108	4	103	5	107	6	105	7	106	8	107	9	105	10	117	11	114	12	102	13	100	14	104	15	104	16	102	17	105	18	108	19	100	20	113	21	115	22	101	23	105	24	107	25	114	26	113	27	103	28	119	29	107	30	117	31	106	32	111	33	107	34	107	35	111	36	110	37	107	38	100	39	119	40	112	41	117	42	112	43	115	44	102	45	116	46	115	47	119	48	114	49	100	
	0	108	1	105	2	116	3	109	4	104	5	103	6	100	7	114	8	118	9	102	10	114	11	111	12	111	13	119	14	116	15	115	16	119	17	114	18	110	19	112	20	105	21	112	22	106	23	107	24	105	25	117	26	119	27	105	28	114	29	107	30	110	31	103	32	101	33	100	34	114	35	118	36	107	37	109	38	112	39	105	40	107	41	104	42	119	43	114	44	111	45	118	46	103	47	114	48	103	49	117	
	0	113	1	120	2	120	3	119	4	112	5	105	6	116	7	115	8	103	9	104	10	118	11	109	12	109	13	100	14	108	15	114	16	120	17	103	18	111	19	115	20	114	21	100	22	112	23	119	24	102	25	106	26	112	27	107	28	111	29	106	30	106	31	112	32	120	33	101	34	106	35	103	36	112	37	101	38	119	39	108	40	117	41	117	42	103	43	113	44	108	45	106	46	106	47	103	48	102	49	109	
	0	109	1	102	2	106	3	115	4	103	5	106	6	113	7	114	8	120	9	108	10	117	11	113	12	102	13	108	14	115	15	103	16	119	17	119	18	102	19	106	20	116	21	117	22	108	23	106	24	100	25	112	26	108	27	112	28	102	29	104	30	112	31	118	32	102	33	104	34	116	35	109	36	103	37	114	38	107	39	107	40	113	41	102	42	110	43	102	44	112	45	111	46	110	47	105	48	112	49	118	
	0	118	1	113	2	108	3	110	4	114	5	110	6	107	7	106	8	113	9	120	10	100	11	109	12	120	13	106	14	109	15	113	16	119	17	113	18	119	19	108	20	112	21	115	22	108	23	116	24	112	25	117	26	118	27	109	28	115	29	103	30	105	31	101	32	116	33	103	34	115	35	112	36	107	37	108	38	112	39	109	40	100	41	100	42	111	43	115	44	111	45	113	46	115	47	101	48	106	49	106	
	0	106	1	109	2	114	3	113	4	120	5	117	6	108	7	106	8	115	9	113	10	111	11	104	12	108	13	118	14	115	15	100	16	105	17	109	18	118	19	104	20	101	21	107	22	110	23	117	24	116	25	111	26	109	27	108	28	117	29	104	30	104	31	115	32	114	33	106	34	120	35	112	36	120	37	115	38	117	39	112	40	104	41	115	42	110	43	110	44	109	45	119	46	107	47	118	48	117	49	103	
	0	110	1	108	2	120	3	104	4	107	5	115	6	120	7	106	8	119	9	116	10	114	11	100	12	106	13	114	14	108	15	115	16	110	17	111	18	107	19	105	20	111	21	118	22	116	23	103	24	120	25	100	26	102	27	115	28	114	29	109	30	103	31	116	32	119	33	108	34	114	35	104	36	114	37	117	38	117	39	119	40	105	41	117	42	114	43	114	44	104	45	102	46	100	47	116	48	115	49	106	
	0	109	1	100	2	115	3	116	4	115	5	118	6	115	7	102	8	115	9	101	10	109	11	112	12	112	13	114	14	119	15	116	16	101	17	106	18	119	19	103	20	106	21	104	22	109	23	109	24	110	25	110	26	105	27	109	28	111	29	113	30	110	31	103	32	103	33	116	34	103	35	106	36	114	37	101	38	104	39	100	40	108	41	107	42	100	43	120	44	115	45	119	46	103	47	118	48	101	49	114	
	0	110	1	113	2	112	3	113	4	112	5	111	6	118	7	110	8	116	9	112	10	104	11	115	12	116	13	101	14	111	15	118	16	117	17	110	18	115	19	109	20	100	21	117	22	110	23	105	24	112	25	106	26	106	27	119	28	114	29	119	30	105	31	106	32	111	33	112	34	102	35	119	36	120	37	108	38	106	39	116	40	105	41	104	42	113	43	118	44	111	45	110	46	117	47	108	48	110	49	108	
	0	100	1	101	2	106	3	101	4	109	5	115	6	101	7	108	8	116	9	116	10	118	11	102	12	116	13	100	14	106	15	112	16	101	17	111	18	103	19	103	20	108	21	115	22	102	23	103	24	100	25	110	26	115	27	103	28	112	29	106	30	104	31	105	32	116	33	100	34	112	35	100	36	105	37	105	38	104	39	104	40	117	41	120	42	104	43	109	44	101	45	108	46	119	47	118	48	104	49	104	
	0	117	1	117	2	115	3	119	4	100	5	105	6	101	7	105	8	101	9	107	10	113	11	101	12	115	13	115	14	107	15	105	16	107	17	104	18	118	19	111	20	111	21	113	22	104	23	107	24	113	25	101	26	110	27	109	28	110	29	100	30	117	31	117	32	101	33	119	34	102	35	118	36	114	37	116	38	116	39	102	40	114	41	115	42	105	43	109	44	116	45	113	46	118	47	105	48	116	49	102	
	0	108	1	120	2	100	3	107	4	105	5	105	6	100	7	112	8	104	9	104	10	113	11	111	12	106	13	102	14	107	15	111	16	118	17	106	18	111	19	103	20	118	21	114	22	107	23	119	24	105	25	109	26	107	27	116	28	108	29	107	30	104	31	110	32	116	33	118	34	104	35	100	36	113	37	101	38	102	39	109	40	102	41	114	42	112	43	118	44	103	45	102	46	100	47	116	48	103	49	116	
	0	110	1	109	2	111	3	108	4	110	5	100	6	120	7	106	8	112	9	117	10	120	11	103	12	103	13	102	14	110	15	103	16	106	17	118	18	100	19	107	20	104	21	105	22	104	23	105	24	102	25	114	26	113	27	115	28	105	29	118	30	120	31	109	32	119	33	105	34	112	35	107	36	116	37	110	38	113	39	102	40	114	41	106	42	113	43	100	44	103	45	100	46	103	47	102	48	109	49	115	
	0	107	1	116	2	102	3	106	4	110	5	120	6	104	7	112	8	104	9	106	10	108	11	118	12	105	13	112	14	102	15	115	16	104	17	118	18	120	19	101	20	112	21	119	22	116	23	118	24	112	25	100	26	100	27	110	28	108	29	110	30	120	31	105	32	101	33	109	34	114	35	112	36	100	37	118	38	115	39	111	40	118	41	110	42	119	43	111	44	105	45	104	46	115	47	120	48	106	49	114	
	0	110	1	115	2	106	3	108	4	100	5	113	6	118	7	105	8	114	9	114	10	113	11	109	12	101	13	112	14	102	15	111	16	100	17	116	18	120	19	119	20	100	21	114	22	118	23	115	24	101	25	119	26	110	27	119	28	101	29	100	30	102	31	104	32	115	33	110	34	118	35	110	36	109	37	112	38	107	39	116	40	117	41	110	42	119	43	116	44	109	45	116	46	119	47	111	48	120	49	118	
	0	104	1	108	2	107	3	120	4	111	5	101	6	107	7	116	8	108	9	105	10	107	11	101	12	108	13	101	14	110	15	104	16	111	17	112	18	103	19	118	20	119	21	101	22	112	23	117	24	120	25	110	26	107	27	119	28	115	29	100	30	109	31	103	32	120	33	114	34	104	35	118	36	118	37	107	38	103	39	116	40	111	41	120	42	117	43	118	44	109	45	115	46	112	47	115	48	109	49	120	
	0	106	1	118	2	100	3	115	4	116	5	119	6	120	7	111	8	116	9	102	10	114	11	116	12	112	13	107	14	108	15	106	16	106	17	109	18	110	19	102	20	120	21	108	22	117	23	101	24	108	25	105	26	117	27	110	28	105	29	101	30	109	31	117	32	111	33	120	34	102	35	106	36	110	37	109	38	119	39	106	40	110	41	115	42	110	43	111	44	110	45	105	46	102	47	104	48	119	49	113	
	0	114	1	119	2	104	3	104	4	107	5	112	6	102	7	120	8	109	9	101	10	114	11	114	12	111	13	105	14	101	15	100	16	112	17	105	18	109	19	112	20	120	21	103	22	116	23	103	24	102	25	101	26	109	27	100	28	110	29	115	30	115	31	118	32	114	33	112	34	109	35	107	36	109	37	116	38	103	39	112	40	112	41	100	42	114	43	111	44	105	45	103	46	119	47	103	48	107	49	106	
	0	113	1	115	2	104	3	120	4	114	5	106	6	108	7	117	8	101	9	118	10	110	11	116	12	117	13	118	14	119	15	107	16	107	17	107	18	107	19	102	20	110	21	103	22	115	23	100	24	101	25	115	26	118	27	119	28	106	29	112	30	110	31	103	32	112	33	102	34	106	35	113	36	115	37	114	38	101	39	119	40	109	41	107	42	118	43	118	44	107	45	114	46	106	47	112	48	100	49	104	
	0	115	1	118	2	117	3	115	4	105	5	119	6	104	7	115	8	108	9	113	10	103	11	110	12	114	13	105	14	117	15	104	16	100	17	102	18	113	19	110	20	103	21	106	22	113	23	102	24	114	25	113	26	100	27	110	28	109	29	117	30	104	31	119	32	106	33	103	34	108	35	119	36	102	37	112	38	119	39	112	40	119	41	106	42	112	43	112	44	111	45	110	46	115	47	103	48	107	49	102	
	0	117	1	100	2	115	3	120	4	102	5	120	6	113	7	116	8	118	9	107	10	108	11	107	12	119	13	116	14	120	15	103	16	108	17	106	18	110	19	113	20	109	21	110	22	117	23	103	24	104	25	108	26	119	27	115	28	111	29	101	30	115	31	119	32	110	33	106	34	103	35	102	36	107	37	115	38	110	39	120	40	116	41	102	42	100	43	107	44	114	45	111	46	109	47	114	48	114	49	113	
	0	105	1	104	2	110	3	108	4	103	5	106	6	114	7	104	8	107	9	105	10	107	11	112	12	114	13	100	14	115	15	115	16	116	17	105	18	116	19	116	20	103	21	105	22	105	23	120	24	116	25	107	26	113	27	102	28	110	29	115	30	102	31	118	32	106	33	111	34	119	35	109	36	115	37	113	38	118	39	114	40	111	41	110	42	118	43	119	44	105	45	113	46	113	47	105	48	104	49	105	
	0	103	1	113	2	107	3	113	4	102	5	104	6	117	7	104	8	108	9	112	10	103	11	119	12	101	13	118	14	113	15	117	16	119	17	107	18	118	19	115	20	114	21	103	22	105	23	113	24	118	25	111	26	118	27	113	28	107	29	110	30	106	31	111	32	108	33	105	34	110	35	120	36	108	37	120	38	114	39	102	40	100	41	118	42	119	43	103	44	103	45	103	46	109	47	103	48	103	49	108	
	0	110	1	103	2	112	3	103	4	113	5	111	6	112	7	113	8	105	9	106	10	105	11	101	12	105	13	104	14	105	15	106	16	101	17	105	18	111	19	118	20	113	21	112	22	115	23	116	24	109	25	103	26	118	27	114	28	115	29	100	30	103	31	115	32	107	33	112	34	119	35	108	36	116	37	103	38	116	39	105	40	118	41	117	42	117	43	106	44	101	45	114	46	115	47	115	48	119	49	111	
	0	112	1	104	2	108	3	103	4	113	5	113	6	109	7	109	8	118	9	115	10	106	11	108	12	114	13	114	14	101	15	112	16	112	17	108	18	110	19	101	20	108	21	118	22	114	23	112	24	112	25	108	26	109	27	112	28	108	29	112	30	101	31	119	32	118	33	119	34	105	35	102	36	118	37	111	38	107	39	116	40	119	41	119	42	107	43	111	44	105	45	103	46	103	47	107	48	118	49	106	
	0	102	1	114	2	116	3	118	4	110	5	102	6	110	7	120	8	114	9	114	10	107	11	100	12	102	13	105	14	117	15	101	16	116	17	109	18	109	19	112	20	118	21	116	22	118	23	118	24	116	25	119	26	114	27	109	28	112	29	117	30	104	31	113	32	100	33	119	34	106	35	114	36	110	37	106	38	104	39	109	40	112	41	116	42	110	43	117	44	111	45	106	46	120	47	101	48	113	49	114	
	0	106	1	108	2	106	3	108	4	115	5	115	6	112	7	115	8	120	9	119	10	117	11	105	12	101	13	113	14	100	15	115	16	114	17	109	18	100	19	108	20	108	21	116	22	120	23	107	24	104	25	118	26	118	27	104	28	103	29	118	30	106	31	113	32	118	33	116	34	102	35	115	36	106	37	108	38	103	39	116	40	117	41	102	42	112	43	104	44	107	45	105	46	110	47	119	48	108	49	107	
	0	113	1	106	2	118	3	103	4	112	5	104	6	102	7	101	8	100	9	106	10	102	11	105	12	101	13	107	14	120	15	110	16	104	17	116	18	114	19	113	20	110	21	101	22	115	23	103	24	102	25	112	26	103	27	108	28	110	29	108	30	115	31	105	32	118	33	107	34	113	35	107	36	103	37	101	38	108	39	108	40	118	41	104	42	100	43	102	44	111	45	119	46	113	47	118	48	106	49	108	
	0	101	1	106	2	110	3	106	4	105	5	103	6	116	7	114	8	109	9	119	10	115	11	110	12	102	13	107	14	120	15	119	16	112	17	112	18	109	19	104	20	105	21	118	22	101	23	106	24	107	25	105	26	115	27	114	28	101	29	110	30	120	31	107	32	103	33	100	34	111	35	104	36	118	37	115	38	111	39	116	40	112	41	104	42	118	43	111	44	101	45	117	46	109	47	114	48	118	49	103	
	0	119	1	101	2	109	3	101	4	105	5	118	6	102	7	119	8	106	9	103	10	101	11	107	12	115	13	100	14	108	15	102	16	115	17	112	18	109	19	117	20	113	21	112	22	111	23	115	24	102	25	109	26	114	27	101	28	110	29	104	30	109	31	115	32	117	33	107	34	118	35	106	36	117	37	115	38	109	39	112	40	111	41	105	42	115	43	118	44	116	45	114	46	115	47	106	48	114	49	102	
	0	115	1	110	2	115	3	100	4	118	5	116	6	113	7	115	8	115	9	118	10	119	11	101	12	103	13	105	14	102	15	108	16	115	17	108	18	117	19	109	20	115	21	117	22	119	23	113	24	105	25	100	26	114	27	111	28	102	29	109	30	112	31	108	32	104	33	108	34	106	35	106	36	116	37	118	38	115	39	103	40	110	41	114	42	105	43	120	44	112	45	111	46	109	47	100	48	104	49	102	
	0	104	1	100	2	107	3	116	4	116	5	109	6	118	7	106	8	106	9	105	10	107	11	108	12	120	13	108	14	108	15	109	16	115	17	102	18	120	19	108	20	108	21	117	22	115	23	119	24	105	25	118	26	100	27	103	28	113	29	107	30	105	31	100	32	112	33	100	34	108	35	109	36	117	37	109	38	118	39	116	40	107	41	119	42	105	43	101	44	118	45	108	46	102	47	108	48	100	49	110	
	0	110	1	111	2	110	3	101	4	105	5	102	6	116	7	120	8	100	9	118	10	102	11	102	12	114	13	100	14	119	15	110	16	105	17	104	18	101	19	115	20	111	21	110	22	101	23	120	24	105	25	119	26	114	27	102	28	112	29	111	30	115	31	102	32	102	33	115	34	104	35	113	36	117	37	109	38	102	39	110	40	110	41	102	42	110	43	107	44	118	45	109	46	112	47	100	48	102	49	106	
	0	113	1	115	2	111	3	116	4	117	5	112	6	106	7	115	8	116	9	113	10	102	11	119	12	118	13	113	14	100	15	120	16	116	17	113	18	109	19	117	20	102	21	110	22	101	23	102	24	110	25	108	26	112	27	100	28	114	29	115	30	120	31	116	32	103	33	110	34	103	35	103	36	101	37	111	38	113	39	114	40	104	41	116	42	101	43	116	44	101	45	110	46	107	47	116	48	118	49	101	
	0	105	1	101	2	106	3	101	4	103	5	108	6	115	7	101	8	119	9	118	10	114	11	102	12	104	13	102	14	113	15	101	16	100	17	119	18	117	19	112	20	113	21	105	22	110	23	120	24	115	25	102	26	107	27	100	28	105	29	109	30	116	31	114	32	113	33	110	34	113	35	118	36	113	37	113	38	116	39	107	40	118	41	105	42	103	43	109	44	117	45	109	46	107	47	108	48	104	49	105	
	0	105	1	107	2	102	3	116	4	108	5	104	6	103	7	113	8	101	9	103	10	102	11	101	12	110	13	112	14	120	15	120	16	100	17	109	18	105	19	107	20	119	21	101	22	115	23	108	24	104	25	120	26	100	27	109	28	103	29	110	30	118	31	109	32	109	33	102	34	119	35	100	36	113	37	109	38	120	39	113	40	109	41	108	42	120	43	116	44	120	45	107	46	110	47	102	48	110	49	112	
	0	110	1	107	2	119	3	105	4	117	5	111	6	116	7	109	8	106	9	114	10	113	11	108	12	105	13	102	14	118	15	118	16	111	17	119	18	108	19	113	20	112	21	116	22	104	23	101	24	120	25	109	26	110	27	100	28	105	29	100	30	115	31	105	32	108	33	116	34	114	35	118	36	101	37	103	38	104	39	104	40	111	41	105	42	120	43	110	44	118	45	111	46	114	47	109	48	110	49	106	
	0	110	1	100	2	116	3	104	4	114	5	109	6	107	7	100	8	109	9	100	10	110	11	100	12	112	13	108	14	107	15	119	16	117	17	104	18	100	19	108	20	102	21	100	22	100	23	117	24	104	25	110	26	111	27	120	28	107	29	107	30	113	31	120	32	111	33	103	34	119	35	104	36	111	37	110	38	115	39	104	40	115	41	116	42	112	43	103	44	116	45	110	46	115	47	115	48	109	49	107	
	0	113	1	108	2	120	3	117	4	112	5	111	6	108	7	108	8	104	9	111	10	118	11	118	12	119	13	101	14	120	15	102	16	108	17	106	18	108	19	113	20	114	21	111	22	103	23	101	24	102	25	116	26	112	27	117	28	112	29	107	30	119	31	111	32	115	33	112	34	118	35	116	36	118	37	110	38	105	39	104	40	106	41	116	42	102	43	108	44	111	45	104	46	112	47	104	48	112	49	113	
	0	105	1	116	2	112	3	101	4	118	5	117	6	118	7	108	8	106	9	109	10	113	11	107	12	116	13	120	14	114	15	110	16	109	17	120	18	111	19	107	20	117	21	113	22	108	23	106	24	104	25	114	26	103	27	111	28	108	29	114	30	107	31	119	32	118	33	100	34	115	35	107	36	108	37	113	38	120	39	110	40	106	41	103	42	104	43	106	44	109	45	100	46	102	47	106	48	113	49	114	
	0	110	1	109	2	101	3	116	4	119	5	118	6	114	7	108	8	114	9	106	10	100	11	104	12	114	13	101	14	101	15	110	16	113	17	103	18	120	19	103	20	102	21	119	22	105	23	104	24	110	25	110	26	101	27	107	28	101	29	112	30	115	31	111	32	110	33	107	34	105	35	112	36	103	37	102	38	114	39	108	40	102	41	111	42	113	43	103	44	108	45	104	46	110	47	112	48	102	49	107	
	0	110	1	103	2	103	3	108	4	108	5	112	6	119	7	119	8	105	9	102	10	112	11	103	12	111	13	119	14	102	15	106	16	104	17	106	18	105	19	113	20	118	21	102	22	102	23	105	24	104	25	114	26	116	27	104	28	106	29	114	30	100	31	100	32	105	33	109	34	101	35	118	36	101	37	103	38	116	39	119	40	100	41	103	42	115	43	114	44	108	45	109	46	120	47	109	48	100	49	111	
	0	110	1	120	2	101	3	108	4	102	5	108	6	116	7	108	8	106	9	119	10	100	11	102	12	104	13	107	14	109	15	103	16	120	17	105	18	120	19	112	20	101	21	114	22	104	23	112	24	110	25	108	26	107	27	120	28	106	29	100	30	115	31	120	32	113	33	109	34	107	35	116	36	113	37	102	38	110	39	115	40	103	41	114	42	120	43	105	44	100	45	118	46	100	47	109	48	110	49	120	
	0	115	1	108	2	109	3	102	4	112	5	113	6	118	7	103	8	109	9	102	10	108	11	110	12	117	13	119	14	104	15	119	16	101	17	119	18	103	19	102	20	110	21	113	22	114	23	108	24	109	25	107	26	101	27	120	28	103	29	100	30	111	31	109	32	103	33	120	34	107	35	106	36	107	37	106	38	110	39	111	40	113	41	120	42	112	43	108	44	118	45	111	46	104	47	105	48	120	49	117	
	0	116	1	113	2	111	3	115	4	118	5	116	6	110	7	100	8	108	9	120	10	109	11	105	12	104	13	104	14	110	15	105	16	112	17	116	18	101	19	119	20	114	21	110	22	101	23	102	24	109	25	110	26	119	27	119	28	109	29	114	30	110	31	116	32	101	33	110	34	115	35	116	36	105	37	101	38	113	39	114	40	109	41	100	42	108	43	108	44	115	45	103	46	114	47	106	48	117	49	120	
	0	100	1	111	2	111	3	101	4	116	5	107	6	104	7	119	8	115	9	109	10	103	11	101	12	111	13	105	14	103	15	109	16	112	17	106	18	100	19	108	20	115	21	102	22	103	23	108	24	101	25	119	26	106	27	104	28	111	29	116	30	114	31	106	32	116	33	107	34	117	35	106	36	106	37	119	38	112	39	105	40	120	41	117	42	104	43	117	44	100	45	108	46	117	47	100	48	110	49	116	
	0	120	1	100	2	106	3	113	4	107	5	112	6	105	7	105	8	105	9	112	10	115	11	119	12	109	13	120	14	118	15	103	16	100	17	109	18	114	19	105	20	117	21	110	22	115	23	114	24	112	25	103	26	117	27	111	28	114	29	110	30	108	31	102	32	108	33	118	34	119	35	111	36	117	37	107	38	107	39	101	40	112	41	107	42	106	43	102	44	105	45	100	46	103	47	112	48	120	49	100	
	0	108	1	106	2	108	3	107	4	100	5	118	6	108	7	101	8	110	9	105	10	116	11	100	12	104	13	117	14	118	15	102	16	116	17	107	18	118	19	113	20	106	21	112	22	114	23	104	24	100	25	105	26	102	27	114	28	104	29	102	30	112	31	113	32	117	33	108	34	104	35	113	36	105	37	118	38	100	39	111	40	114	41	100	42	107	43	105	44	111	45	108	46	110	47	103	48	107	49	116	
	0	107	1	120	2	114	3	116	4	111	5	109	6	117	7	104	8	115	9	109	10	110	11	106	12	101	13	113	14	115	15	106	16	105	17	101	18	113	19	105	20	114	21	112	22	100	23	104	24	120	25	116	26	104	27	120	28	117	29	115	30	119	31	103	32	107	33	115	34	110	35	111	36	106	37	116	38	100	39	117	40	102	41	114	42	106	43	102	44	113	45	107	46	117	47	105	48	102	49	117	
	0	108	1	113	2	111	3	111	4	103	5	108	6	100	7	102	8	100	9	118	10	114	11	110	12	116	13	113	14	112	15	107	16	109	17	115	18	113	19	106	20	104	21	110	22	103	23	105	24	103	25	118	26	101	27	112	28	106	29	109	30	116	31	101	32	120	33	100	34	110	35	106	36	116	37	116	38	101	39	113	40	109	41	119	42	112	43	110	44	114	45	103	46	120	47	118	48	101	49	117	
	0	100	1	119	2	103	3	100	4	100	5	114	6	118	7	115	8	104	9	117	10	117	11	114	12	118	13	100	14	106	15	106	16	116	17	119	18	115	19	112	20	112	21	115	22	112	23	112	24	101	25	108	26	115	27	105	28	119	29	110	30	120	31	104	32	117	33	115	34	117	35	114	36	115	37	108	38	119	39	108	40	109	41	107	42	101	43	119	44	100	45	110	46	112	47	101	48	107	49	107	