200 50 1
50
	0	114	1	111	2	116	3	102	4	120	5	115	6	101	7	112	8	118	9	115	10	100	11	106	12	115	13	120	14	105	15	109	16	114	17	120	18	100	19	114	20	100	21	106	22	103	23	116	24	109	25	120	26	118	27	113	28	106	29	109	30	111	31	115	32	108	33	117	34	101	35	114	36	116	37	110	38	102	39	118	40	101	41	100	42	110	43	111	44	113	45	116	46	108	47	118	48	114	49	111	
	0	110	1	118	2	115	3	114	4	117	5	103	6	106	7	115	8	120	9	104	10	112	11	114	12	115	13	118	14	104	15	110	16	107	17	112	18	103	19	103	20	114	21	119	22	111	23	116	24	103	25	107	26	119	27	105	28	116	29	110	30	114	31	115	32	119	33	103	34	119	35	101	36	109	37	108	38	115	39	101	40	100	41	106	42	117	43	109	44	119	45	106	46	120	47	104	48	101	49	113	
	0	116	1	113	2	111	3	103	4	103	5	120	6	101	7	114	8	107	9	120	10	112	11	107	12	111	13	112	14	115	15	117	16	106	17	118	18	114	19	105	20	108	21	119	22	111	23	112	24	109	25	117	26	114	27	116	28	110	29	105	30	116	31	101	32	102	33	120	34	103	35	106	36	114	37	114	38	104	39	110	40	112	41	106	42	115	43	114	44	114	45	116	46	118	47	114	48	113	49	117	
	0	109	1	119	2	114	3	116	4	116	5	115	6	111	7	105	8	117	9	113	10	113	11	102	12	109	13	101	14	113	15	110	16	116	17	100	18	104	19	104	20	106	21	102	22	104	23	106	24	104	25	112	26	103	27	105	28	100	29	113	30	116	31	117	32	110	33	105	34	111	35	107	36	115	37	106	38	113	39	100	40	116	41	102	42	113	43	103	44	104	45	113	46	105	47	112	48	107	49	119	
	0	111	1	100	2	106	3	108	4	115	5	110	6	106	7	114	8	115	9	120	10	118	11	119	12	107	13	101	14	120	15	100	16	118	17	112	18	115	19	117	20	107	21	102	22	117	23	118	24	103	25	107	26	102	27	116	28	101	29	120	30	106	31	101	32	114	33	117	34	102	35	107	36	115	37	108	38	103	39	112	40	101	41	119	42	113	43	100	44	118	45	115	46	113	47	112	48	108	49	106	
	0	114	1	114	2	120	3	116	4	114	5	104	6	119	7	104	8	109	9	102	10	120	11	113	12	115	13	107	14	120	15	110	16	116	17	107	18	112	19	112	20	108	21	119	22	103	23	113	24	115	25	118	26	115	27	110	28	104	29	100	30	114	31	116	32	105	33	114	34	120	35	114	36	103	37	108	38	119	39	109	40	116	41	119	42	111	43	115	44	107	45	110	46	102	47	108	48	105	49	110	
	0	102	1	114	2	118	3	116	4	109	5	119	6	108	7	113	8	113	9	111	10	105	11	102	12	106	13	110	14	102	15	107	16	103	17	106	18	113	19	103	20	112	21	112	22	112	23	115	24	117	25	112	26	104	27	116	28	117	29	119	30	113	31	104	32	120	33	111	34	101	35	108	36	104	37	110	38	120	39	113	40	100	41	105	42	119	43	114	44	102	45	118	46	107	47	110	48	107	49	108	
	0	108	1	111	2	102	3	100	4	112	5	107	6	107	7	115	8	116	9	120	10	109	11	103	12	104	13	112	14	117	15	113	16	116	17	105	18	103	19	115	20	107	21	117	22	115	23	120	24	116	25	105	26	102	27	103	28	103	29	103	30	102	31	113	32	114	33	101	34	104	35	101	36	111	37	101	38	117	39	112	40	105	41	101	42	118	43	117	44	115	45	112	46	116	47	102	48	101	49	116	
	0	103	1	110	2	103	3	111	4	116	5	111	6	113	7	105	8	107	9	119	10	111	11	111	12	100	13	100	14	108	15	116	16	111	17	106	18	116	19	105	20	116	21	115	22	102	23	101	24	116	25	109	26	105	27	106	28	106	29	120	30	103	31	109	32	109	33	108	34	111	35	110	36	108	37	108	38	106	39	115	40	103	41	118	42	108	43	118	44	117	45	118	46	117	47	103	48	116	49	117	
	0	110	1	114	2	103	3	110	4	111	5	104	6	112	7	112	8	118	9	116	10	119	11	117	12	103	13	101	14	111	15	112	16	104	17	114	18	118	19	112	20	109	21	104	22	110	23	101	24	111	25	100	26	107	27	117	28	100	29	110	30	105	31	117	32	115	33	109	34	102	35	116	36	107	37	118	38	114	39	112	40	103	41	115	42	102	43	104	44	114	45	111	46	106	47	103	48	106	49	118	
	0	106	1	102	2	109	3	116	4	109	5	100	6	102	7	106	8	115	9	108	10	114	11	115	12	100	13	103	14	106	15	108	16	106	17	103	18	117	19	118	20	101	21	112	22	111	23	114	24	111	25	103	26	114	27	100	28	106	29	113	30	100	31	100	32	111	33	104	34	102	35	115	36	107	37	111	38	109	39	101	40	102	41	115	42	100	43	110	44	101	45	116	46	111	47	100	48	103	49	117	
	0	117	1	110	2	116	3	107	4	102	5	115	6	108	7	106	8	109	9	113	10	106	11	115	12	109	13	104	14	118	15	113	16	119	17	105	18	120	19	116	20	107	21	114	22	110	23	116	24	103	25	111	26	111	27	118	28	110	29	113	30	114	31	116	32	110	33	104	34	115	35	106	36	106	37	114	38	102	39	111	40	117	41	109	42	110	43	120	44	111	45	110	46	102	47	105	48	108	49	119	
	0	116	1	109	2	102	3	108	4	115	5	105	6	118	7	108	8	101	9	113	10	114	11	105	12	120	13	106	14	106	15	112	16	107	17	105	18	100	19	113	20	118	21	116	22	119	23	120	24	107	25	108	26	113	27	100	28	104	29	111	30	104	31	115	32	109	33	114	34	103	35	120	36	115	37	100	38	114	39	110	40	118	41	117	42	120	43	117	44	117	45	109	46	102	47	109	48	119	49	110	
	0	114	1	104	2	116	3	120	4	103	5	100	6	108	7	116	8	106	9	106	10	105	11	114	12	109	13	102	14	114	15	111	16	106	17	100	18	101	19	109	20	108	21	117	22	112	23	116	24	108	25	117	26	109	27	115	28	115	29	117	30	120	31	105	32	113	33	104	34	105	35	113	36	112	37	104	38	100	39	105	40	117	41	105	42	120	43	101	44	120	45	107	46	104	47	119	48	107	49	113	
	0	113	1	110	2	107	3	104	4	104	5	111	6	115	7	113	8	100	9	118	10	106	11	104	12	104	13	101	14	118	15	101	16	103	17	115	18	103	19	116	20	106	21	111	22	104	23	111	24	117	25	100	26	109	27	105	28	112	29	112	30	106	31	120	32	120	33	105	34	112	35	120	36	104	37	120	38	111	39	114	40	119	41	119	42	101	43	113	44	100	45	120	46	115	47	116	48	110	49	104	
	0	116	1	111	2	106	3	115	4	107	5	116	6	111	7	113	8	118	9	111	10	107	11	110	12	117	13	100	14	104	15	113	16	115	17	117	18	108	19	118	20	120	21	113	22	107	23	108	24	107	25	108	26	114	27	120	28	120	29	101	30	110	31	106	32	109	33	101	34	106	35	116	36	120	37	117	38	108	39	101	40	115	41	100	42	105	43	105	44	103	45	101	46	113	47	105	48	116	49	120	
	0	105	1	114	2	105	3	118	4	107	5	106	6	115	7	107	8	118	9	118	10	113	11	103	12	119	13	103	14	120	15	100	16	116	17	110	18	102	19	118	20	107	21	110	22	106	23	107	24	109	25	101	26	109	27	118	28	114	29	119	30	102	31	102	32	113	33	114	34	101	35	103	36	112	37	113	38	119	39	102	40	117	41	105	42	104	43	117	44	111	45	113	46	106	47	110	48	109	49	103	
	0	117	1	113	2	103	3	110	4	101	5	108	6	106	7	117	8	102	9	117	10	107	11	110	12	102	13	116	14	105	15	102	16	102	17	111	18	117	19	106	20	116	21	105	22	100	23	101	24	100	25	108	26	112	27	104	28	102	29	117	30	108	31	116	32	120	33	117	34	103	35	101	36	115	37	113	38	109	39	106	40	112	41	113	42	104	43	106	44	114	45	110	46	114	47	105	48	119	49	106	
	0	113	1	107	2	107	3	111	4	112	5	107	6	100	7	105	8	110	9	101	10	105	11	109	12	113	13	103	14	116	15	105	16	118	17	114	18	103	19	105	20	101	21	100	22	114	23	120	24	100	25	104	26	106	27	107	28	116	29	110	30	107	31	114	32	109	33	103	34	104	35	116	36	105	37	113	38	107	39	120	40	114	41	103	42	105	43	107	44	110	45	101	46	109	47	104	48	119	49	105	
	0	105	1	117	2	116	3	119	4	113	5	108	6	109	7	105	8	101	9	115	10	101	11	107	12	100	13	114	14	118	15	105	16	118	17	100	18	119	19	105	20	113	21	104	22	105	23	119	24	105	25	101	26	118	27	104	28	116	29	100	30	110	31	106	32	105	33	117	34	101	35	100	36	107	37	110	38	117	39	100	40	113	41	100	42	117	43	103	44	103	45	110	46	112	47	112	48	119	49	103	
	0	107	1	109	2	104	3	100	4	115	5	117	6	116	7	111	8	118	9	111	10	120	11	108	12	109	13	119	14	117	15	103	16	103	17	118	18	112	19	100	20	110	21	116	22	103	23	119	24	120	25	108	26	101	27	100	28	103	29	115	30	119	31	100	32	116	33	110	34	114	35	118	36	107	37	100	38	105	39	109	40	110	41	116	42	111	43	120	44	112	45	120	46	105	47	116	48	113	49	102	
	0	111	1	102	2	104	3	112	4	100	5	112	6	114	7	101	8	101	9	103	10	100	11	113	12	111	13	114	14	104	15	112	16	105	17	104	18	110	19	101	20	108	21	120	22	100	23	119	24	112	25	112	26	119	27	114	28	101	29	100	30	107	31	102	32	115	33	118	34	118	35	113	36	111	37	118	38	115	39	104	40	109	41	118	42	103	43	117	44	117	45	114	46	113	47	108	48	109	49	106	
	0	114	1	108	2	114	3	103	4	110	5	107	6	112	7	111	8	119	9	119	10	116	11	113	12	102	13	115	14	106	15	101	16	110	17	114	18	100	19	111	20	104	21	110	22	100	23	109	24	104	25	106	26	104	27	118	28	106	29	114	30	113	31	106	32	117	33	104	34	108	35	103	36	105	37	119	38	103	39	105	40	104	41	109	42	112	43	110	44	111	45	105	46	106	47	104	48	100	49	105	
	0	118	1	120	2	100	3	117	4	103	5	109	6	117	7	115	8	116	9	113	10	111	11	104	12	110	13	106	14	100	15	110	16	116	17	117	18	109	19	120	20	116	21	118	22	115	23	119	24	107	25	108	26	115	27	101	28	107	29	104	30	106	31	110	32	110	33	100	34	117	35	115	36	120	37	105	38	101	39	101	40	100	41	109	42	105	43	106	44	118	45	116	46	110	47	110	48	115	49	101	
	0	116	1	114	2	111	3	113	4	117	5	116	6	101	7	118	8	116	9	103	10	113	11	113	12	101	13	104	14	114	15	111	16	116	17	102	18	110	19	118	20	109	21	101	22	120	23	101	24	114	25	107	26	120	27	115	28	114	29	114	30	102	31	118	32	110	33	106	34	119	35	118	36	106	37	114	38	120	39	102	40	119	41	112	42	114	43	105	44	114	45	104	46	119	47	114	48	116	49	107	
	0	118	1	118	2	113	3	105	4	120	5	100	6	119	7	103	8	119	9	107	10	111	11	115	12	108	13	113	14	119	15	111	16	100	17	111	18	100	19	104	20	106	21	115	22	102	23	105	24	106	25	116	26	106	27	120	28	116	29	117	30	113	31	118	32	108	33	109	34	109	35	101	36	108	37	102	38	113	39	105	40	104	41	112	42	109	43	102	44	100	45	100	46	105	47	105	48	117	49	105	
	0	108	1	105	2	101	3	101	4	112	5	118	6	117	7	119	8	120	9	111	10	108	11	111	12	119	13	114	14	117	15	114	16	101	17	118	18	115	19	112	20	116	21	119	22	105	23	100	24	116	25	104	26	114	27	119	28	108	29	109	30	110	31	105	32	105	33	116	34	113	35	109	36	108	37	112	38	110	39	116	40	100	41	104	42	103	43	111	44	102	45	107	46	117	47	101	48	116	49	100	
	0	107	1	115	2	107	3	120	4	105	5	115	6	101	7	112	8	117	9	120	10	118	11	104	12	118	13	101	14	112	15	114	16	107	17	116	18	120	19	100	20	101	21	111	22	115	23	109	24	107	25	116	26	107	27	120	28	102	29	108	30	109	31	115	32	108	33	106	34	110	35	108	36	115	37	120	38	113	39	113	40	113	41	106	42	102	43	101	44	103	45	114	46	111	47	105	48	110	49	119	
	0	111	1	110	2	111	3	108	4	114	5	117	6	120	7	104	8	112	9	100	10	119	11	117	12	113	13	111	14	116	15	119	16	117	17	117	18	120	19	103	20	116	21	108	22	111	23	119	24	106	25	107	26	110	27	119	28	120	29	113	30	116	31	101	32	105	33	119	34	115	35	116	36	106	37	103	38	112	39	118	40	118	41	115	42	107	43	110	44	107	45	116	46	102	47	116	48	111	49	116	
	0	117	1	102	2	120	3	103	4	113	5	113	6	111	7	108	8	104	9	107	10	101	11	102	12	100	13	118	14	100	15	105	16	111	17	103	18	114	19	106	20	111	21	100	22	116	23	111	24	110	25	113	26	104	27	114	28	111	29	114	30	107	31	119	32	104	33	105	34	111	35	104	36	108	37	100	38	103	39	114	40	112	41	120	42	103	43	114	44	106	45	113	46	107	47	101	48	118	49	110	
	0	105	1	107	2	111	3	117	4	118	5	116	6	119	7	118	8	103	9	113	10	100	11	113	12	111	13	103	14	116	15	116	16	113	17	102	18	100	19	120	20	102	21	109	22	101	23	105	24	120	25	102	26	103	27	112	28	120	29	119	30	100	31	111	32	105	33	104	34	114	35	113	36	119	37	119	38	115	39	114	40	101	41	115	42	116	43	115	44	110	45	106	46	105	47	110	48	120	49	115	
	0	118	1	112	2	115	3	107	4	113	5	111	6	106	7	110	8	116	9	114	10	106	11	110	12	107	13	111	14	115	15	104	16	118	17	118	18	108	19	117	20	105	21	118	22	109	23	119	24	114	25	105	26	104	27	103	28	112	29	104	30	110	31	111	32	111	33	118	34	119	35	117	36	113	37	111	38	103	39	114	40	109	41	110	42	102	43	111	44	108	45	107	46	119	47	104	48	112	49	120	
	0	108	1	102	2	112	3	117	4	108	5	117	6	104	7	113	8	117	9	113	10	109	11	107	12	111	13	114	14	107	15	115	16	104	17	108	18	108	19	100	20	105	21	107	22	120	23	108	24	106	25	100	26	104	27	101	28	113	29	106	30	112	31	109	32	106	33	113	34	100	35	111	36	119	37	114	38	108	39	120	40	106	41	117	42	113	43	109	44	101	45	109	46	109	47	110	48	118	49	105	
	0	105	1	112	2	113	3	108	4	111	5	113	6	113	7	116	8	115	9	105	10	115	11	110	12	100	13	117	14	112	15	104	16	106	17	111	18	103	19	120	20	113	21	117	22	116	23	119	24	111	25	104	26	104	27	109	28	113	29	100	30	104	31	118	32	105	33	120	34	116	35	117	36	107	37	101	38	101	39	120	40	102	41	102	42	110	43	110	44	105	45	114	46	118	47	118	48	106	49	115	
	0	110	1	112	2	103	3	117	4	111	5	110	6	105	7	110	8	120	9	120	10	115	11	105	12	109	13	103	14	102	15	109	16	101	17	104	18	120	19	111	20	105	21	101	22	106	23	116	24	114	25	101	26	120	27	117	28	103	29	104	30	106	31	115	32	111	33	110	34	119	35	106	36	108	37	109	38	105	39	103	40	117	41	120	42	106	43	117	44	108	45	113	46	112	47	102	48	109	49	104	
	0	113	1	109	2	115	3	112	4	110	5	110	6	110	7	111	8	111	9	120	10	118	11	117	12	105	13	106	14	116	15	114	16	105	17	105	18	112	19	102	20	117	21	111	22	114	23	106	24	112	25	111	26	104	27	104	28	109	29	102	30	105	31	107	32	109	33	110	34	119	35	110	36	117	37	100	38	101	39	120	40	106	41	102	42	107	43	111	44	101	45	118	46	103	47	110	48	110	49	114	
	0	104	1	113	2	113	3	120	4	120	5	101	6	102	7	110	8	107	9	115	10	102	11	117	12	120	13	116	14	104	15	106	16	105	17	112	18	101	19	104	20	115	21	111	22	110	23	120	24	113	25	109	26	100	27	114	28	120	29	104	30	103	31	106	32	106	33	103	34	107	35	106	36	120	37	117	38	120	39	104	40	117	41	108	42	103	43	120	44	118	45	120	46	103	47	116	48	116	49	119	
	0	118	1	115	2	106	3	108	4	110	5	117	6	104	7	103	8	103	9	114	10	102	11	119	12	105	13	110	14	116	15	115	16	109	17	119	18	102	19	102	20	113	21	109	22	109	23	120	24	107	25	106	26	107	27	111	28	116	29	107	30	108	31	116	32	103	33	114	34	118	35	118	36	113	37	100	38	114	39	102	40	102	41	118	42	118	43	115	44	102	45	106	46	118	47	118	48	114	49	111	
	0	115	1	100	2	106	3	120	4	108	5	110	6	114	7	115	8	111	9	115	10	109	11	111	12	107	13	108	14	110	15	113	16	103	17	109	18	110	19	114	20	102	21	102	22	113	23	114	24	102	25	115	26	110	27	111	28	119	29	110	30	103	31	118	32	102	33	118	34	103	35	102	36	120	37	104	38	104	39	114	40	116	41	104	42	101	43	117	44	100	45	106	46	100	47	120	48	117	49	104	
	0	108	1	114	2	119	3	112	4	115	5	120	6	114	7	101	8	104	9	105	10	100	11	115	12	104	13	115	14	101	15	105	16	113	17	103	18	120	19	100	20	114	21	111	22	120	23	115	24	108	25	118	26	101	27	112	28	108	29	103	30	100	31	119	32	105	33	117	34	104	35	109	36	112	37	115	38	109	39	118	40	118	41	107	42	104	43	110	44	112	45	116	46	105	47	108	48	117	49	112	
	0	119	1	108	2	120	3	106	4	111	5	111	6	100	7	119	8	106	9	109	10	120	11	104	12	106	13	106	14	113	15	101	16	116	17	119	18	101	19	101	20	111	21	107	22	113	23	119	24	111	25	114	26	109	27	120	28	108	29	109	30	107	31	105	32	115	33	115	34	106	35	119	36	105	37	109	38	114	39	101	40	108	41	114	42	109	43	107	44	118	45	116	46	114	47	118	48	107	49	120	
	0	109	1	106	2	107	3	113	4	110	5	117	6	110	7	112	8	101	9	119	10	120	11	111	12	113	13	101	14	114	15	104	16	103	17	105	18	103	19	119	20	105	21	117	22	119	23	101	24	102	25	111	26	118	27	114	28	109	29	101	30	105	31	120	32	110	33	106	34	114	35	103	36	117	37	115	38	120	39	119	40	118	41	105	42	103	43	113	44	118	45	101	46	101	47	116	48	106	49	119	
	0	120	1	119	2	118	3	112	4	118	5	103	6	102	7	118	8	113	9	113	10	101	11	107	12	120	13	101	14	118	15	106	16	111	17	115	18	100	19	112	20	112	21	102	22	106	23	109	24	118	25	110	26	119	27	114	28	105	29	104	30	109	31	120	32	108	33	110	34	107	35	103	36	116	37	103	38	112	39	116	40	106	41	116	42	103	43	109	44	102	45	115	46	119	47	116	48	100	49	110	
	0	120	1	109	2	120	3	112	4	115	5	108	6	115	7	107	8	118	9	101	10	113	11	120	12	107	13	115	14	110	15	105	16	103	17	115	18	115	19	109	20	109	21	116	22	100	23	116	24	104	25	105	26	105	27	105	28	102	29	117	30	102	31	104	32	110	33	118	34	101	35	107	36	117	37	110	38	109	39	112	40	116	41	102	42	101	43	111	44	112	45	102	46	109	47	111	48	110	49	114	
	0	118	1	103	2	109	3	103	4	112	5	113	6	120	7	120	8	101	9	107	10	102	11	108	12	104	13	101	14	103	15	118	16	108	17	105	18	107	19	107	20	116	21	108	22	119	23	108	24	117	25	119	26	102	27	101	28	119	29	117	30	100	31	100	32	120	33	116	34	100	35	100	36	117	37	103	38	114	39	112	40	106	41	111	42	113	43	118	44	113	45	119	46	101	47	107	48	114	49	114	
	0	102	1	107	2	118	3	103	4	118	5	102	6	110	7	112	8	110	9	114	10	104	11	103	12	108	13	116	14	100	15	116	16	117	17	105	18	115	19	119	20	116	21	117	22	109	23	107	24	116	25	104	26	105	27	102	28	109	29	109	30	115	31	120	32	106	33	106	34	104	35	113	36	104	37	105	38	106	39	111	40	104	41	100	42	115	43	104	44	120	45	107	46	107	47	103	48	103	49	103	
	0	100	1	115	2	119	3	111	4	115	5	115	6	101	7	111	8	102	9	114	10	116	11	105	12	116	13	100	14	106	15	110	16	105	17	111	18	105	19	105	20	111	21	120	22	112	23	117	24	100	25	117	26	103	27	115	28	120	29	106	30	109	31	107	32	118	33	111	34	101	35	115	36	101	37	113	38	100	39	114	40	110	41	105	42	107	43	113	44	119	45	119	46	118	47	114	48	106	49	114	
	0	107	1	117	2	117	3	105	4	115	5	113	6	116	7	100	8	101	9	115	10	109	11	112	12	120	13	119	14	104	15	107	16	119	17	119	18	101	19	104	20	117	21	113	22	104	23	115	24	118	25	101	26	110	27	101	28	111	29	105	30	111	31	109	32	102	33	115	34	120	35	110	36	114	37	105	38	103	39	112	40	105	41	109	42	100	43	102	44	110	45	115	46	114	47	113	48	111	49	113	
	0	110	1	104	2	110	3	104	4	108	5	100	6	118	7	107	8	120	9	115	10	119	11	106	12	117	13	110	14	120	15	102	16	104	17	114	18	102	19	119	20	104	21	119	22	103	23	111	24	118	25	111	26	112	27	103	28	102	29	104	30	111	31	104	32	112	33	100	34	109	35	110	36	108	37	118	38	119	39	119	40	104	41	110	42	116	43	109	44	111	45	106	46	108	47	111	48	110	49	116	
	0	111	1	102	2	115	3	103	4	101	5	120	6	112	7	110	8	117	9	100	10	102	11	113	12	104	13	118	14	114	15	100	16	100	17	116	18	103	19	114	20	101	21	112	22	105	23	120	24	109	25	117	26	109	27	114	28	111	29	111	30	103	31	116	32	105	33	111	34	120	35	105	36	106	37	119	38	103	39	100	40	103	41	108	42	109	43	108	44	119	45	115	46	109	47	111	48	108	49	105	
	0	119	1	119	2	101	3	118	4	113	5	114	6	112	7	101	8	102	9	118	10	118	11	107	12	119	13	101	14	101	15	104	16	120	17	118	18	105	19	111	20	100	21	116	22	103	23	102	24	101	25	115	26	101	27	108	28	101	29	100	30	106	31	106	32	101	33	103	34	117	35	108	36	118	37	108	38	108	39	107	40	118	41	111	42	113	43	109	44	107	45	114	46	100	47	114	48	100	49	109	
	0	117	1	109	2	100	3	101	4	114	5	117	6	109	7	112	8	117	9	110	10	113	11	100	12	104	13	103	14	112	15	118	16	118	17	117	18	103	19	107	20	105	21	111	22	117	23	117	24	100	25	113	26	117	27	103	28	111	29	116	30	106	31	104	32	107	33	115	34	104	35	120	36	117	37	117	38	115	39	104	40	116	41	110	42	110	43	120	44	114	45	118	46	112	47	108	48	114	49	111	
	0	101	1	111	2	108	3	119	4	100	5	104	6	106	7	109	8	115	9	110	10	102	11	100	12	112	13	115	14	118	15	116	16	108	17	117	18	116	19	117	20	106	21	120	22	120	23	117	24	103	25	120	26	103	27	114	28	109	29	108	30	120	31	108	32	106	33	113	34	106	35	106	36	111	37	118	38	118	39	111	40	118	41	111	42	113	43	101	44	103	45	115	46	110	47	112	48	119	49	110	
	0	110	1	115	2	101	3	120	4	112	5	119	6	108	7	120	8	101	9	103	10	117	11	101	12	109	13	116	14	112	15	118	16	111	17	115	18	119	19	102	20	100	21	105	22	120	23	110	24	100	25	104	26	120	27	117	28	111	29	108	30	112	31	119	32	119	33	105	34	106	35	105	36	118	37	112	38	115	39	106	40	102	41	112	42	108	43	118	44	119	45	112	46	115	47	116	48	119	49	111	
	0	110	1	119	2	119	3	115	4	103	5	111	6	102	7	113	8	111	9	109	10	110	11	100	12	106	13	110	14	120	15	100	16	116	17	106	18	107	19	116	20	117	21	101	22	115	23	110	24	100	25	117	26	100	27	102	28	100	29	103	30	115	31	117	32	117	33	105	34	100	35	108	36	113	37	112	38	116	39	100	40	101	41	105	42	119	43	110	44	119	45	113	46	105	47	117	48	120	49	112	
	0	104	1	110	2	119	3	109	4	111	5	109	6	112	7	100	8	106	9	113	10	114	11	119	12	119	13	117	14	108	15	114	16	108	17	110	18	113	19	116	20	108	21	105	22	120	23	118	24	118	25	114	26	111	27	106	28	111	29	100	30	109	31	103	32	118	33	119	34	112	35	110	36	119	37	106	38	113	39	111	40	107	41	104	42	109	43	112	44	100	45	113	46	117	47	104	48	109	49	120	
	0	110	1	116	2	113	3	119	4	113	5	101	6	102	7	112	8	117	9	108	10	103	11	103	12	100	13	105	14	109	15	117	16	113	17	102	18	105	19	107	20	120	21	114	22	107	23	115	24	113	25	117	26	120	27	120	28	114	29	120	30	113	31	115	32	117	33	112	34	115	35	110	36	111	37	107	38	106	39	102	40	108	41	106	42	102	43	104	44	102	45	115	46	104	47	105	48	115	49	110	
	0	112	1	114	2	118	3	114	4	112	5	107	6	100	7	120	8	112	9	100	10	114	11	112	12	112	13	105	14	119	15	114	16	109	17	100	18	109	19	114	20	115	21	105	22	115	23	114	24	117	25	116	26	115	27	108	28	113	29	119	30	111	31	107	32	105	33	117	34	102	35	120	36	108	37	100	38	114	39	102	40	119	41	113	42	117	43	113	44	115	45	103	46	109	47	105	48	109	49	118	
	0	119	1	116	2	119	3	105	4	104	5	118	6	111	7	112	8	108	9	108	10	120	11	100	12	117	13	100	14	107	15	115	16	110	17	105	18	113	19	109	20	118	21	100	22	106	23	103	24	113	25	103	26	116	27	115	28	109	29	111	30	111	31	120	32	103	33	104	34	111	35	119	36	118	37	113	38	115	39	115	40	100	41	103	42	107	43	119	44	120	45	110	46	117	47	101	48	114	49	115	
	0	111	1	102	2	100	3	108	4	113	5	100	6	105	7	111	8	116	9	113	10	112	11	107	12	113	13	117	14	119	15	109	16	116	17	101	18	103	19	114	20	102	21	119	22	101	23	111	24	116	25	104	26	120	27	113	28	110	29	118	30	100	31	103	32	105	33	119	34	109	35	109	36	110	37	100	38	103	39	101	40	102	41	108	42	108	43	106	44	101	45	113	46	101	47	115	48	100	49	118	
	0	108	1	106	2	111	3	106	4	110	5	117	6	102	7	102	8	102	9	120	10	100	11	101	12	116	13	103	14	100	15	102	16	101	17	111	18	115	19	115	20	110	21	107	22	106	23	116	24	119	25	102	26	112	27	102	28	102	29	115	30	103	31	108	32	103	33	107	34	117	35	101	36	105	37	110	38	108	39	113	40	106	41	115	42	103	43	117	44	108	45	114	46	101	47	103	48	117	49	110	
	0	113	1	106	2	110	3	101	4	104	5	115	6	118	7	109	8	109	9	118	10	112	11	118	12	102	13	108	14	120	15	113	16	110	17	107	18	110	19	119	20	105	21	100	22	106	23	114	24	116	25	100	26	119	27	104	28	110	29	101	30	116	31	114	32	107	33	108	34	101	35	100	36	114	37	113	38	114	39	115	40	102	41	108	42	103	43	111	44	119	45	110	46	115	47	115	48	120	49	104	
	0	109	1	106	2	101	3	115	4	105	5	119	6	110	7	104	8	108	9	105	10	104	11	101	12	116	13	102	14	103	15	112	16	118	17	101	18	105	19	105	20	100	21	109	22	100	23	109	24	111	25	108	26	113	27	118	28	104	29	120	30	114	31	114	32	115	33	111	34	111	35	104	36	109	37	107	38	115	39	109	40	105	41	118	42	100	43	106	44	103	45	110	46	116	47	101	48	110	49	100	
	0	118	1	117	2	111	3	113	4	113	5	119	6	102	7	103	8	103	9	108	10	101	11	100	12	119	13	119	14	117	15	113	16	118	17	115	18	115	19	101	20	109	21	116	22	104	23	114	24	108	25	111	26	116	27	113	28	100	29	108	30	115	31	120	32	119	33	118	34	108	35	116	36	104	37	118	38	100	39	103	40	103	41	119	42	102	43	109	44	108	45	120	46	113	47	101	48	108	49	119	
	0	113	1	100	2	107	3	106	4	107	5	107	6	108	7	110	8	119	9	104	10	100	11	114	12	109	13	106	14	110	15	102	16	119	17	105	18	103	19	117	20	103	21	100	22	101	23	105	24	109	25	102	26	120	27	115	28	114	29	114	30	100	31	118	32	108	33	110	34	107	35	107	36	111	37	102	38	101	39	101	40	120	41	114	42	112	43	113	44	101	45	118	46	115	47	108	48	120	49	113	
	0	104	1	105	2	113	3	101	4	106	5	106	6	107	7	115	8	101	9	113	10	110	11	113	12	109	13	114	14	115	15	116	16	117	17	118	18	114	19	109	20	101	21	102	22	117	23	117	24	108	25	105	26	109	27	108	28	110	29	101	30	104	31	108	32	103	33	102	34	116	35	104	36	114	37	106	38	104	39	114	40	109	41	100	42	100	43	103	44	108	45	114	46	105	47	109	48	101	49	112	
	0	119	1	100	2	116	3	105	4	109	5	107	6	103	7	106	8	111	9	119	10	114	11	114	12	119	13	111	14	117	15	119	16	106	17	101	18	117	19	105	20	114	21	101	22	119	23	103	24	109	25	119	26	120	27	113	28	119	29	115	30	107	31	116	32	106	33	115	34	113	35	119	36	120	37	104	38	104	39	107	40	106	41	118	42	103	43	106	44	104	45	115	46	110	47	116	48	111	49	118	
	0	104	1	103	2	103	3	109	4	101	5	116	6	111	7	114	8	103	9	119	10	104	11	120	12	104	13	103	14	109	15	112	16	112	17	104	18	101	19	116	20	116	21	116	22	116	23	114	24	107	25	119	26	115	27	101	28	105	29	112	30	113	31	117	32	116	33	108	34	109	35	119	36	101	37	117	38	112	39	116	40	118	41	110	42	114	43	116	44	100	45	109	46	105	47	104	48	111	49	115	
	0	115	1	107	2	112	3	110	4	119	5	101	6	107	7	120	8	117	9	105	10	105	11	113	12	106	13	117	14	106	15	115	16	108	17	104	18	111	19	105	20	114	21	104	22	102	23	101	24	102	25	103	26	111	27	107	28	105	29	106	30	115	31	109	32	108	33	103	34	102	35	104	36	120	37	105	38	104	39	117	40	103	41	119	42	118	43	114	44	112	45	102	46	112	47	110	48	105	49	109	
	0	110	1	114	2	110	3	115	4	113	5	117	6	112	7	102	8	114	9	110	10	109	11	104	12	100	13	101	14	110	15	108	16	111	17	108	18	104	19	112	20	103	21	115	22	101	23	101	24	114	25	120	26	110	27	101	28	112	29	113	30	112	31	105	32	110	33	115	34	103	35	112	36	119	37	110	38	115	39	117	40	103	41	108	42	118	43	108	44	116	45	100	46	105	47	117	48	118	49	108	
	0	114	1	112	2	109	3	101	4	103	5	112	6	102	7	111	8	111	9	108	10	118	11	109	12	115	13	118	14	102	15	116	16	120	17	112	18	115	19	104	20	103	21	110	22	105	23	100	24	116	25	116	26	108	27	110	28	115	29	117	30	109	31	111	32	107	33	114	34	113	35	101	36	107	37	110	38	103	39	114	40	102	41	105	42	116	43	107	44	115	45	101	46	119	47	108	48	102	49	111	
	0	104	1	120	2	117	3	119	4	119	5	107	6	117	7	112	8	118	9	104	10	100	11	114	12	114	13	114	14	104	15	117	16	108	17	117	18	120	19	112	20	109	21	103	22	111	23	111	24	109	25	105	26	115	27	111	28	119	29	101	30	103	31	101	32	118	33	116	34	114	35	115	36	115	37	119	38	102	39	106	40	110	41	116	42	111	43	115	44	117	45	111	46	107	47	112	48	108	49	105	
	0	118	1	114	2	117	3	107	4	113	5	105	6	106	7	107	8	100	9	113	10	120	11	120	12	120	13	104	14	113	15	119	16	108	17	109	18	107	19	110	20	120	21	104	22	116	23	108	24	112	25	110	26	120	27	113	28	100	29	109	30	119	31	102	32	115	33	117	34	118	35	120	36	113	37	111	38	105	39	102	40	120	41	114	42	101	43	106	44	102	45	112	46	106	47	107	48	106	49	108	
	0	118	1	113	2	112	3	106	4	108	5	118	6	107	7	112	8	111	9	106	10	113	11	106	12	118	13	112	14	111	15	110	16	119	17	114	18	116	19	110	20	110	21	120	22	112	23	101	24	111	25	113	26	106	27	117	28	101	29	120	30	120	31	107	32	111	33	106	34	110	35	117	36	115	37	120	38	111	39	117	40	102	41	114	42	102	43	102	44	104	45	118	46	108	47	103	48	115	49	113	
	0	118	1	109	2	112	3	113	4	107	5	115	6	118	7	107	8	112	9	115	10	109	11	104	12	113	13	118	14	114	15	115	16	111	17	101	18	118	19	119	20	120	21	101	22	106	23	116	24	116	25	117	26	112	27	112	28	109	29	107	30	110	31	112	32	115	33	118	34	101	35	103	36	107	37	119	38	106	39	109	40	111	41	109	42	102	43	120	44	102	45	114	46	116	47	103	48	110	49	100	
	0	116	1	104	2	113	3	113	4	119	5	115	6	114	7	119	8	102	9	120	10	109	11	120	12	103	13	120	14	103	15	103	16	105	17	112	18	105	19	115	20	103	21	111	22	119	23	112	24	107	25	108	26	112	27	105	28	105	29	118	30	114	31	103	32	114	33	101	34	107	35	104	36	105	37	117	38	112	39	101	40	102	41	102	42	106	43	106	44	120	45	112	46	119	47	112	48	113	49	119	
	0	120	1	104	2	113	3	112	4	105	5	118	6	120	7	113	8	104	9	119	10	107	11	111	12	113	13	118	14	100	15	120	16	117	17	105	18	117	19	118	20	100	21	109	22	109	23	104	24	119	25	104	26	105	27	111	28	114	29	114	30	113	31	107	32	104	33	114	34	102	35	117	36	101	37	102	38	113	39	103	40	109	41	107	42	112	43	110	44	117	45	101	46	104	47	109	48	103	49	115	
	0	104	1	104	2	114	3	113	4	118	5	120	6	114	7	103	8	117	9	116	10	104	11	108	12	112	13	105	14	115	15	105	16	101	17	108	18	114	19	116	20	112	21	116	22	101	23	107	24	108	25	118	26	107	27	101	28	100	29	115	30	105	31	111	32	115	33	111	34	116	35	120	36	119	37	103	38	116	39	101	40	117	41	116	42	108	43	111	44	102	45	118	46	103	47	112	48	107	49	106	
	0	111	1	117	2	108	3	104	4	112	5	112	6	120	7	103	8	110	9	102	10	101	11	108	12	115	13	101	14	109	15	108	16	107	17	120	18	119	19	110	20	119	21	105	22	113	23	111	24	105	25	114	26	102	27	114	28	117	29	119	30	112	31	104	32	119	33	100	34	102	35	114	36	108	37	117	38	110	39	107	40	106	41	106	42	111	43	119	44	107	45	112	46	115	47	120	48	110	49	102	
	0	117	1	102	2	106	3	104	4	119	5	109	6	117	7	110	8	108	9	117	10	118	11	119	12	106	13	112	14	116	15	105	16	106	17	117	18	107	19	100	20	115	21	109	22	112	23	107	24	107	25	114	26	120	27	106	28	115	29	108	30	117	31	115	32	109	33	118	34	110	35	111	36	108	37	102	38	109	39	101	40	103	41	114	42	103	43	107	44	105	45	119	46	108	47	103	48	112	49	106	
	0	111	1	107	2	116	3	101	4	118	5	104	6	112	7	113	8	116	9	108	10	100	11	100	12	120	13	103	14	109	15	118	16	112	17	113	18	118	19	100	20	105	21	109	22	114	23	119	24	109	25	111	26	119	27	120	28	104	29	120	30	118	31	100	32	117	33	107	34	110	35	117	36	114	37	107	38	108	39	112	40	118	41	100	42	110	43	119	44	115	45	114	46	102	47	108	48	120	49	119	
	0	116	1	104	2	112	3	117	4	114	5	119	6	108	7	109	8	101	9	111	10	102	11	115	12	110	13	119	14	120	15	103	16	107	17	116	18	118	19	109	20	119	21	112	22	109	23	102	24	101	25	108	26	107	27	114	28	100	29	111	30	103	31	105	32	110	33	115	34	103	35	110	36	115	37	115	38	111	39	114	40	103	41	114	42	102	43	108	44	106	45	107	46	101	47	115	48	120	49	104	
	0	101	1	117	2	103	3	118	4	113	5	110	6	109	7	114	8	115	9	105	10	104	11	112	12	114	13	114	14	106	15	114	16	106	17	114	18	115	19	102	20	117	21	109	22	115	23	116	24	110	25	114	26	108	27	120	28	102	29	116	30	110	31	104	32	112	33	120	34	113	35	111	36	118	37	101	38	103	39	118	40	107	41	106	42	108	43	101	44	103	45	104	46	104	47	101	48	111	49	111	
	0	106	1	112	2	106	3	107	4	112	5	101	6	107	7	112	8	116	9	112	10	104	11	115	12	109	13	107	14	114	15	115	16	110	17	118	18	105	19	113	20	109	21	119	22	100	23	101	24	116	25	101	26	106	27	111	28	114	29	117	30	109	31	101	32	115	33	113	34	117	35	120	36	116	37	113	38	105	39	110	40	118	41	108	42	112	43	116	44	115	45	106	46	111	47	118	48	110	49	100	
	0	114	1	119	2	104	3	104	4	100	5	100	6	110	7	117	8	106	9	120	10	100	11	102	12	106	13	116	14	114	15	112	16	117	17	107	18	100	19	100	20	118	21	112	22	103	23	102	24	105	25	113	26	119	27	102	28	108	29	115	30	104	31	106	32	102	33	108	34	106	35	118	36	115	37	115	38	104	39	104	40	101	41	111	42	113	43	120	44	109	45	113	46	115	47	103	48	102	49	108	
	0	118	1	101	2	119	3	101	4	113	5	112	6	107	7	103	8	113	9	102	10	106	11	102	12	118	13	111	14	104	15	109	16	105	17	115	18	103	19	120	20	108	21	106	22	117	23	103	24	103	25	118	26	119	27	104	28	103	29	105	30	116	31	116	32	102	33	120	34	110	35	101	36	106	37	113	38	101	39	117	40	102	41	113	42	117	43	102	44	119	45	102	46	108	47	120	48	113	49	119	
	0	114	1	114	2	109	3	113	4	116	5	116	6	120	7	111	8	107	9	119	10	115	11	110	12	113	13	111	14	107	15	108	16	110	17	109	18	118	19	103	20	110	21	107	22	110	23	113	24	109	25	107	26	110	27	111	28	104	29	117	30	113	31	115	32	109	33	116	34	107	35	101	36	111	37	101	38	110	39	109	40	100	41	107	42	105	43	113	44	115	45	108	46	120	47	116	48	105	49	104	
	0	104	1	115	2	100	3	106	4	100	5	111	6	117	7	119	8	120	9	119	10	106	11	112	12	115	13	102	14	112	15	101	16	115	17	119	18	106	19	104	20	102	21	119	22	101	23	114	24	109	25	118	26	117	27	117	28	109	29	100	30	112	31	114	32	105	33	119	34	118	35	117	36	120	37	120	38	120	39	105	40	101	41	107	42	101	43	118	44	101	45	107	46	120	47	116	48	110	49	102	
	0	112	1	104	2	112	3	111	4	113	5	118	6	115	7	111	8	108	9	112	10	115	11	113	12	105	13	101	14	117	15	114	16	103	17	103	18	118	19	117	20	102	21	105	22	116	23	103	24	120	25	120	26	115	27	109	28	117	29	119	30	113	31	112	32	109	33	112	34	106	35	109	36	107	37	111	38	102	39	120	40	118	41	110	42	111	43	106	44	115	45	118	46	115	47	113	48	117	49	115	
	0	105	1	102	2	113	3	103	4	118	5	111	6	113	7	114	8	101	9	101	10	102	11	102	12	109	13	104	14	113	15	101	16	118	17	115	18	102	19	119	20	109	21	111	22	109	23	118	24	101	25	110	26	112	27	107	28	106	29	112	30	109	31	120	32	111	33	114	34	109	35	106	36	112	37	112	38	112	39	110	40	109	41	109	42	117	43	119	44	100	45	100	46	117	47	101	48	105	49	120	
	0	118	1	112	2	103	3	108	4	119	5	118	6	113	7	108	8	100	9	119	10	108	11	102	12	107	13	114	14	113	15	114	16	110	17	109	18	105	19	110	20	110	21	116	22	116	23	109	24	105	25	109	26	114	27	116	28	120	29	111	30	116	31	109	32	110	33	108	34	101	35	119	36	110	37	120	38	118	39	109	40	102	41	111	42	116	43	111	44	112	45	110	46	118	47	104	48	103	49	105	
	0	105	1	112	2	113	3	102	4	113	5	108	6	111	7	109	8	117	9	112	10	105	11	110	12	113	13	104	14	114	15	110	16	113	17	108	18	101	19	113	20	117	21	111	22	107	23	108	24	104	25	110	26	105	27	109	28	104	29	113	30	116	31	106	32	108	33	116	34	117	35	118	36	117	37	116	38	115	39	112	40	119	41	110	42	102	43	103	44	119	45	100	46	117	47	111	48	108	49	115	
	0	116	1	107	2	116	3	107	4	105	5	110	6	102	7	116	8	116	9	117	10	112	11	110	12	108	13	119	14	116	15	107	16	107	17	110	18	106	19	112	20	100	21	114	22	109	23	113	24	113	25	114	26	101	27	108	28	118	29	108	30	116	31	111	32	109	33	112	34	104	35	110	36	117	37	102	38	119	39	100	40	107	41	116	42	115	43	102	44	116	45	105	46	113	47	105	48	117	49	113	
	0	101	1	110	2	101	3	119	4	103	5	102	6	102	7	116	8	106	9	103	10	101	11	103	12	106	13	114	14	110	15	106	16	118	17	107	18	112	19	120	20	119	21	109	22	112	23	117	24	118	25	107	26	102	27	111	28	116	29	117	30	118	31	110	32	111	33	120	34	103	35	116	36	100	37	120	38	102	39	117	40	116	41	103	42	118	43	111	44	105	45	108	46	120	47	108	48	115	49	114	
	0	103	1	119	2	114	3	112	4	108	5	120	6	105	7	106	8	111	9	111	10	101	11	113	12	100	13	118	14	116	15	101	16	107	17	102	18	118	19	107	20	110	21	112	22	108	23	120	24	114	25	111	26	110	27	112	28	109	29	103	30	102	31	108	32	102	33	103	34	111	35	107	36	100	37	118	38	101	39	101	40	107	41	118	42	119	43	114	44	110	45	120	46	113	47	110	48	117	49	102	
	0	115	1	115	2	119	3	113	4	104	5	113	6	117	7	120	8	110	9	119	10	116	11	110	12	120	13	110	14	100	15	102	16	105	17	103	18	103	19	107	20	102	21	118	22	117	23	118	24	110	25	105	26	103	27	107	28	102	29	106	30	117	31	117	32	101	33	103	34	100	35	105	36	105	37	115	38	104	39	101	40	107	41	101	42	117	43	118	44	105	45	107	46	114	47	109	48	111	49	103	
	0	119	1	106	2	106	3	113	4	101	5	108	6	112	7	103	8	104	9	103	10	118	11	104	12	107	13	102	14	116	15	110	16	118	17	119	18	100	19	103	20	104	21	103	22	107	23	115	24	116	25	102	26	106	27	111	28	112	29	119	30	101	31	100	32	118	33	113	34	119	35	102	36	117	37	115	38	114	39	105	40	112	41	106	42	107	43	109	44	106	45	100	46	114	47	117	48	117	49	108	
	0	115	1	117	2	108	3	113	4	111	5	116	6	109	7	117	8	114	9	108	10	116	11	118	12	104	13	109	14	109	15	107	16	104	17	103	18	103	19	119	20	120	21	108	22	112	23	114	24	109	25	102	26	113	27	100	28	105	29	118	30	117	31	116	32	116	33	101	34	108	35	117	36	118	37	102	38	117	39	100	40	106	41	114	42	113	43	120	44	101	45	120	46	100	47	100	48	113	49	120	
	0	105	1	109	2	118	3	106	4	116	5	119	6	111	7	110	8	110	9	104	10	113	11	113	12	110	13	113	14	111	15	105	16	107	17	100	18	119	19	113	20	113	21	110	22	106	23	109	24	114	25	100	26	104	27	100	28	104	29	112	30	104	31	120	32	100	33	112	34	104	35	117	36	113	37	114	38	118	39	119	40	115	41	107	42	117	43	102	44	105	45	101	46	103	47	100	48	109	49	110	
	0	111	1	119	2	116	3	118	4	113	5	116	6	105	7	100	8	113	9	107	10	110	11	104	12	100	13	112	14	114	15	101	16	112	17	111	18	120	19	119	20	113	21	116	22	106	23	101	24	101	25	111	26	100	27	103	28	120	29	114	30	115	31	107	32	112	33	117	34	115	35	112	36	113	37	113	38	118	39	107	40	119	41	115	42	116	43	105	44	101	45	111	46	101	47	106	48	102	49	108	
	0	110	1	101	2	110	3	102	4	110	5	111	6	103	7	102	8	108	9	108	10	110	11	116	12	115	13	102	14	111	15	112	16	116	17	102	18	107	19	107	20	120	21	111	22	115	23	103	24	117	25	119	26	102	27	115	28	119	29	105	30	106	31	100	32	114	33	112	34	119	35	117	36	113	37	103	38	111	39	117	40	109	41	108	42	116	43	109	44	103	45	115	46	104	47	110	48	118	49	106	
	0	111	1	118	2	102	3	118	4	106	5	111	6	105	7	112	8	106	9	105	10	100	11	103	12	112	13	116	14	105	15	110	16	106	17	118	18	117	19	117	20	109	21	113	22	113	23	101	24	103	25	107	26	119	27	118	28	108	29	102	30	108	31	102	32	103	33	110	34	107	35	110	36	116	37	118	38	100	39	116	40	119	41	111	42	104	43	120	44	107	45	111	46	101	47	106	48	117	49	115	
	0	114	1	111	2	103	3	119	4	109	5	119	6	117	7	116	8	118	9	100	10	116	11	110	12	114	13	110	14	106	15	109	16	102	17	117	18	102	19	101	20	101	21	112	22	105	23	118	24	103	25	109	26	103	27	119	28	116	29	118	30	112	31	111	32	108	33	117	34	113	35	100	36	105	37	114	38	102	39	100	40	100	41	118	42	106	43	107	44	114	45	120	46	115	47	110	48	102	49	109	
	0	112	1	111	2	102	3	100	4	110	5	105	6	116	7	115	8	110	9	104	10	115	11	119	12	111	13	101	14	117	15	115	16	117	17	107	18	115	19	107	20	104	21	106	22	115	23	105	24	107	25	120	26	107	27	107	28	105	29	105	30	108	31	110	32	117	33	104	34	118	35	108	36	113	37	112	38	118	39	103	40	105	41	120	42	112	43	119	44	107	45	101	46	107	47	120	48	103	49	103	
	0	105	1	102	2	114	3	119	4	106	5	109	6	100	7	104	8	109	9	113	10	103	11	107	12	119	13	102	14	112	15	102	16	116	17	119	18	115	19	113	20	103	21	109	22	118	23	115	24	107	25	109	26	117	27	106	28	105	29	103	30	110	31	116	32	104	33	111	34	117	35	106	36	113	37	102	38	106	39	111	40	118	41	120	42	110	43	115	44	120	45	101	46	100	47	106	48	110	49	113	
	0	105	1	108	2	115	3	106	4	102	5	120	6	105	7	101	8	109	9	111	10	120	11	108	12	115	13	100	14	102	15	108	16	100	17	104	18	118	19	114	20	120	21	116	22	107	23	100	24	119	25	105	26	109	27	110	28	108	29	116	30	119	31	100	32	108	33	106	34	104	35	115	36	111	37	102	38	112	39	120	40	111	41	110	42	103	43	107	44	118	45	112	46	110	47	102	48	108	49	100	
	0	105	1	101	2	111	3	111	4	109	5	105	6	106	7	120	8	112	9	109	10	118	11	115	12	116	13	117	14	113	15	111	16	106	17	101	18	119	19	113	20	117	21	117	22	109	23	100	24	110	25	113	26	116	27	110	28	112	29	104	30	111	31	118	32	112	33	101	34	101	35	108	36	104	37	119	38	101	39	109	40	115	41	113	42	102	43	106	44	104	45	107	46	100	47	104	48	116	49	114	
	0	110	1	100	2	112	3	107	4	116	5	119	6	115	7	100	8	110	9	118	10	117	11	109	12	116	13	102	14	100	15	105	16	111	17	102	18	114	19	101	20	102	21	106	22	115	23	112	24	114	25	104	26	107	27	105	28	118	29	103	30	104	31	109	32	110	33	105	34	104	35	111	36	119	37	115	38	109	39	104	40	120	41	113	42	103	43	109	44	114	45	108	46	112	47	119	48	109	49	101	
	0	105	1	118	2	112	3	117	4	119	5	110	6	105	7	115	8	101	9	103	10	120	11	110	12	114	13	100	14	100	15	116	16	112	17	113	18	105	19	115	20	116	21	113	22	100	23	112	24	103	25	118	26	115	27	109	28	106	29	108	30	103	31	113	32	106	33	105	34	111	35	101	36	102	37	108	38	116	39	110	40	114	41	115	42	103	43	119	44	111	45	101	46	109	47	106	48	117	49	101	
	0	117	1	114	2	120	3	117	4	103	5	115	6	104	7	103	8	111	9	103	10	100	11	116	12	111	13	102	14	115	15	114	16	105	17	100	18	103	19	116	20	115	21	104	22	111	23	102	24	106	25	100	26	112	27	104	28	116	29	101	30	103	31	106	32	118	33	111	34	117	35	107	36	101	37	106	38	106	39	110	40	117	41	107	42	116	43	113	44	111	45	102	46	113	47	118	48	109	49	114	
	0	109	1	101	2	114	3	109	4	110	5	117	6	108	7	109	8	117	9	114	10	111	11	107	12	117	13	109	14	104	15	110	16	111	17	100	18	111	19	115	20	103	21	100	22	118	23	119	24	120	25	119	26	113	27	101	28	116	29	100	30	120	31	109	32	113	33	118	34	106	35	113	36	111	37	112	38	118	39	116	40	110	41	116	42	108	43	109	44	110	45	114	46	100	47	103	48	106	49	104	
	0	120	1	116	2	108	3	111	4	115	5	120	6	108	7	118	8	108	9	113	10	109	11	103	12	107	13	113	14	118	15	113	16	118	17	113	18	102	19	110	20	109	21	107	22	116	23	115	24	101	25	120	26	116	27	109	28	109	29	117	30	108	31	100	32	111	33	120	34	117	35	118	36	117	37	117	38	107	39	109	40	104	41	103	42	104	43	106	44	101	45	102	46	101	47	113	48	114	49	119	
	0	108	1	106	2	110	3	112	4	102	5	109	6	105	7	102	8	116	9	109	10	111	11	104	12	117	13	116	14	102	15	107	16	115	17	107	18	118	19	104	20	117	21	120	22	114	23	117	24	107	25	115	26	117	27	111	28	114	29	103	30	106	31	120	32	104	33	111	34	119	35	117	36	114	37	108	38	103	39	104	40	100	41	108	42	119	43	105	44	109	45	108	46	109	47	109	48	113	49	118	
	0	106	1	110	2	105	3	115	4	105	5	117	6	115	7	107	8	112	9	106	10	102	11	109	12	110	13	109	14	103	15	106	16	108	17	105	18	105	19	109	20	107	21	120	22	120	23	120	24	105	25	108	26	119	27	100	28	104	29	105	30	115	31	110	32	111	33	116	34	106	35	110	36	105	37	109	38	103	39	116	40	115	41	102	42	103	43	112	44	119	45	115	46	107	47	101	48	114	49	108	
	0	112	1	100	2	118	3	113	4	106	5	108	6	102	7	104	8	118	9	108	10	115	11	107	12	116	13	111	14	117	15	112	16	103	17	116	18	114	19	120	20	103	21	115	22	112	23	103	24	120	25	114	26	112	27	104	28	107	29	110	30	114	31	106	32	116	33	110	34	116	35	115	36	108	37	115	38	118	39	115	40	107	41	114	42	110	43	107	44	119	45	114	46	120	47	115	48	106	49	120	
	0	114	1	100	2	100	3	116	4	117	5	100	6	100	7	100	8	105	9	107	10	103	11	116	12	106	13	106	14	100	15	117	16	100	17	100	18	111	19	112	20	110	21	102	22	116	23	100	24	119	25	111	26	115	27	119	28	120	29	100	30	118	31	118	32	116	33	115	34	114	35	103	36	111	37	117	38	103	39	119	40	102	41	110	42	111	43	111	44	101	45	117	46	106	47	112	48	113	49	120	
	0	118	1	113	2	106	3	115	4	106	5	109	6	114	7	103	8	101	9	120	10	105	11	107	12	110	13	103	14	113	15	107	16	113	17	104	18	104	19	101	20	116	21	115	22	102	23	118	24	105	25	111	26	112	27	114	28	105	29	111	30	104	31	101	32	110	33	107	34	100	35	116	36	112	37	108	38	104	39	102	40	116	41	118	42	116	43	113	44	110	45	119	46	110	47	100	48	116	49	109	
	0	116	1	118	2	115	3	100	4	114	5	116	6	108	7	109	8	114	9	117	10	109	11	112	12	101	13	115	14	120	15	110	16	102	17	104	18	101	19	105	20	104	21	105	22	115	23	101	24	103	25	120	26	113	27	119	28	110	29	103	30	113	31	103	32	112	33	106	34	100	35	104	36	116	37	116	38	116	39	101	40	100	41	113	42	108	43	104	44	120	45	106	46	103	47	120	48	120	49	114	
	0	112	1	114	2	116	3	113	4	105	5	107	6	111	7	109	8	120	9	106	10	115	11	109	12	110	13	110	14	115	15	105	16	114	17	102	18	107	19	114	20	105	21	100	22	101	23	117	24	101	25	106	26	104	27	110	28	116	29	109	30	106	31	120	32	117	33	112	34	114	35	115	36	117	37	102	38	112	39	103	40	113	41	106	42	103	43	115	44	120	45	112	46	118	47	115	48	110	49	119	
	0	101	1	103	2	109	3	116	4	112	5	118	6	110	7	112	8	110	9	102	10	113	11	115	12	105	13	114	14	113	15	103	16	111	17	100	18	118	19	120	20	113	21	117	22	119	23	113	24	115	25	114	26	118	27	106	28	103	29	119	30	111	31	108	32	105	33	109	34	118	35	102	36	113	37	119	38	110	39	100	40	118	41	103	42	100	43	105	44	119	45	105	46	103	47	114	48	120	49	118	
	0	104	1	113	2	104	3	113	4	111	5	119	6	112	7	103	8	113	9	110	10	114	11	112	12	105	13	104	14	107	15	101	16	109	17	101	18	100	19	106	20	108	21	116	22	115	23	116	24	115	25	118	26	100	27	119	28	103	29	119	30	104	31	107	32	110	33	100	34	104	35	108	36	111	37	109	38	118	39	107	40	115	41	100	42	115	43	109	44	113	45	114	46	104	47	106	48	106	49	100	
	0	110	1	114	2	107	3	102	4	111	5	119	6	105	7	113	8	103	9	108	10	100	11	111	12	118	13	103	14	116	15	105	16	102	17	106	18	101	19	112	20	102	21	107	22	108	23	119	24	104	25	105	26	112	27	112	28	115	29	103	30	106	31	101	32	110	33	111	34	106	35	118	36	113	37	101	38	105	39	116	40	104	41	114	42	107	43	105	44	120	45	104	46	102	47	101	48	117	49	107	
	0	110	1	116	2	106	3	108	4	101	5	100	6	102	7	105	8	101	9	101	10	115	11	101	12	118	13	120	14	113	15	103	16	105	17	119	18	119	19	117	20	116	21	120	22	107	23	113	24	113	25	110	26	105	27	111	28	109	29	100	30	112	31	115	32	112	33	117	34	119	35	112	36	102	37	101	38	108	39	119	40	108	41	105	42	101	43	106	44	108	45	109	46	120	47	100	48	103	49	104	
	0	118	1	113	2	105	3	105	4	113	5	110	6	101	7	109	8	116	9	107	10	107	11	102	12	104	13	117	14	101	15	115	16	120	17	108	18	102	19	116	20	113	21	118	22	100	23	118	24	107	25	117	26	111	27	107	28	103	29	117	30	108	31	107	32	110	33	118	34	113	35	111	36	112	37	116	38	119	39	106	40	111	41	114	42	103	43	102	44	115	45	106	46	103	47	119	48	110	49	110	
	0	107	1	111	2	120	3	107	4	106	5	107	6	114	7	101	8	107	9	100	10	118	11	108	12	105	13	113	14	119	15	116	16	104	17	113	18	118	19	108	20	118	21	118	22	119	23	117	24	104	25	102	26	105	27	101	28	116	29	108	30	111	31	107	32	113	33	100	34	108	35	103	36	103	37	118	38	119	39	120	40	114	41	100	42	108	43	110	44	119	45	111	46	114	47	105	48	118	49	111	
	0	111	1	107	2	113	3	109	4	117	5	102	6	117	7	105	8	100	9	117	10	108	11	113	12	106	13	109	14	107	15	111	16	113	17	104	18	116	19	117	20	101	21	113	22	108	23	110	24	113	25	107	26	106	27	112	28	120	29	106	30	108	31	119	32	113	33	115	34	120	35	109	36	105	37	118	38	117	39	102	40	110	41	109	42	120	43	110	44	106	45	119	46	118	47	112	48	108	49	110	
	0	115	1	109	2	109	3	104	4	110	5	100	6	111	7	120	8	108	9	103	10	107	11	104	12	104	13	104	14	120	15	120	16	114	17	101	18	111	19	111	20	107	21	115	22	102	23	112	24	117	25	110	26	115	27	113	28	104	29	101	30	104	31	105	32	101	33	101	34	106	35	120	36	118	37	118	38	106	39	106	40	103	41	101	42	103	43	111	44	103	45	115	46	114	47	101	48	107	49	114	
	0	100	1	116	2	112	3	113	4	112	5	111	6	115	7	114	8	113	9	120	10	100	11	119	12	109	13	120	14	115	15	108	16	110	17	102	18	119	19	117	20	111	21	118	22	113	23	101	24	110	25	100	26	110	27	112	28	116	29	104	30	110	31	118	32	112	33	102	34	108	35	112	36	108	37	116	38	114	39	111	40	100	41	119	42	109	43	111	44	110	45	114	46	112	47	112	48	117	49	114	
	0	102	1	105	2	112	3	120	4	101	5	120	6	105	7	111	8	113	9	118	10	110	11	100	12	116	13	109	14	114	15	106	16	118	17	101	18	118	19	120	20	120	21	100	22	110	23	104	24	103	25	103	26	102	27	103	28	120	29	114	30	119	31	101	32	120	33	102	34	115	35	109	36	114	37	102	38	106	39	105	40	111	41	106	42	106	43	115	44	119	45	115	46	117	47	107	48	120	49	103	
	0	107	1	114	2	116	3	105	4	117	5	116	6	101	7	116	8	108	9	108	10	104	11	106	12	109	13	115	14	108	15	113	16	102	17	102	18	120	19	108	20	119	21	114	22	103	23	119	24	107	25	105	26	112	27	103	28	101	29	105	30	120	31	104	32	109	33	116	34	108	35	115	36	119	37	113	38	112	39	106	40	101	41	113	42	100	43	112	44	117	45	104	46	110	47	106	48	117	49	104	
	0	111	1	100	2	107	3	116	4	101	5	117	6	111	7	118	8	101	9	101	10	106	11	100	12	112	13	101	14	102	15	105	16	120	17	104	18	117	19	120	20	109	21	103	22	106	23	117	24	118	25	114	26	116	27	114	28	115	29	102	30	108	31	108	32	107	33	103	34	112	35	114	36	107	37	102	38	120	39	102	40	102	41	112	42	102	43	107	44	100	45	117	46	115	47	107	48	110	49	107	
	0	117	1	117	2	116	3	108	4	111	5	112	6	106	7	102	8	110	9	105	10	112	11	120	12	108	13	118	14	120	15	115	16	103	17	112	18	103	19	113	20	103	21	102	22	102	23	107	24	113	25	110	26	117	27	105	28	100	29	120	30	104	31	114	32	104	33	106	34	110	35	111	36	118	37	109	38	103	39	114	40	100	41	112	42	116	43	111	44	111	45	116	46	119	47	107	48	110	49	115	
	0	119	1	115	2	118	3	112	4	107	5	102	6	120	7	112	8	100	9	102	10	117	11	112	12	105	13	114	14	106	15	116	16	116	17	113	18	113	19	103	20	105	21	106	22	119	23	101	24	112	25	107	26	100	27	102	28	107	29	109	30	100	31	115	32	114	33	105	34	103	35	117	36	112	37	104	38	111	39	112	40	103	41	104	42	100	43	104	44	115	45	119	46	114	47	103	48	120	49	109	
	0	107	1	120	2	103	3	101	4	115	5	109	6	117	7	118	8	120	9	108	10	117	11	100	12	113	13	108	14	110	15	111	16	102	17	114	18	100	19	103	20	118	21	103	22	111	23	120	24	103	25	113	26	104	27	115	28	118	29	103	30	106	31	101	32	112	33	114	34	105	35	120	36	115	37	100	38	100	39	109	40	114	41	103	42	110	43	111	44	111	45	101	46	100	47	119	48	109	49	113	
	0	101	1	106	2	116	3	115	4	117	5	116	6	117	7	113	8	101	9	111	10	113	11	117	12	106	13	107	14	108	15	102	16	101	17	110	18	118	19	100	20	104	21	114	22	110	23	110	24	108	25	115	26	117	27	103	28	106	29	105	30	108	31	108	32	117	33	103	34	117	35	118	36	109	37	106	38	111	39	108	40	116	41	105	42	120	43	114	44	116	45	114	46	109	47	115	48	114	49	104	
	0	103	1	111	2	103	3	105	4	119	5	116	6	114	7	109	8	115	9	110	10	108	11	106	12	100	13	112	14	117	15	107	16	101	17	117	18	102	19	111	20	106	21	101	22	100	23	116	24	102	25	102	26	112	27	110	28	108	29	100	30	114	31	108	32	109	33	101	34	117	35	113	36	110	37	112	38	104	39	110	40	113	41	110	42	118	43	103	44	120	45	107	46	102	47	108	48	100	49	102	
	0	112	1	105	2	116	3	110	4	110	5	110	6	111	7	103	8	114	9	100	10	117	11	112	12	104	13	100	14	114	15	114	16	114	17	101	18	103	19	119	20	120	21	104	22	108	23	106	24	114	25	103	26	115	27	105	28	108	29	110	30	120	31	119	32	118	33	100	34	103	35	102	36	113	37	111	38	104	39	114	40	104	41	104	42	110	43	118	44	102	45	110	46	119	47	105	48	104	49	116	
	0	114	1	110	2	111	3	101	4	107	5	104	6	101	7	114	8	109	9	107	10	105	11	115	12	109	13	115	14	115	15	118	16	116	17	102	18	112	19	116	20	114	21	109	22	112	23	101	24	115	25	103	26	108	27	106	28	114	29	115	30	116	31	115	32	101	33	117	34	112	35	102	36	106	37	106	38	114	39	104	40	106	41	112	42	104	43	107	44	106	45	102	46	119	47	119	48	104	49	118	
	0	114	1	100	2	117	3	109	4	106	5	104	6	114	7	120	8	106	9	110	10	106	11	109	12	105	13	107	14	104	15	119	16	120	17	112	18	103	19	114	20	113	21	104	22	100	23	108	24	104	25	114	26	118	27	120	28	115	29	101	30	115	31	105	32	111	33	111	34	118	35	114	36	109	37	104	38	114	39	103	40	101	41	110	42	114	43	105	44	115	45	107	46	115	47	102	48	109	49	116	
	0	108	1	119	2	120	3	120	4	118	5	115	6	100	7	110	8	115	9	120	10	119	11	110	12	103	13	111	14	117	15	115	16	107	17	115	18	118	19	114	20	116	21	101	22	101	23	113	24	102	25	119	26	102	27	118	28	100	29	106	30	120	31	114	32	118	33	109	34	108	35	108	36	108	37	106	38	101	39	114	40	119	41	113	42	104	43	120	44	109	45	115	46	111	47	106	48	119	49	100	
	0	115	1	106	2	105	3	115	4	113	5	112	6	117	7	110	8	110	9	106	10	120	11	105	12	100	13	111	14	102	15	114	16	102	17	116	18	104	19	104	20	120	21	105	22	104	23	114	24	101	25	109	26	113	27	116	28	108	29	115	30	119	31	107	32	117	33	119	34	119	35	100	36	104	37	108	38	104	39	103	40	102	41	115	42	109	43	106	44	102	45	107	46	109	47	119	48	111	49	111	
	0	111	1	120	2	109	3	118	4	112	5	119	6	105	7	113	8	110	9	107	10	110	11	104	12	109	13	119	14	113	15	115	16	101	17	111	18	106	19	102	20	115	21	119	22	102	23	117	24	114	25	103	26	104	27	100	28	111	29	100	30	106	31	110	32	115	33	120	34	107	35	116	36	112	37	101	38	112	39	115	40	111	41	104	42	111	43	100	44	109	45	102	46	113	47	109	48	118	49	113	
	0	111	1	116	2	101	3	120	4	113	5	118	6	108	7	112	8	111	9	106	10	101	11	109	12	115	13	103	14	117	15	119	16	107	17	113	18	116	19	107	20	120	21	101	22	108	23	115	24	102	25	117	26	119	27	116	28	118	29	108	30	109	31	111	32	120	33	119	34	106	35	105	36	115	37	109	38	118	39	106	40	101	41	113	42	115	43	117	44	106	45	100	46	112	47	115	48	102	49	101	
	0	114	1	108	2	105	3	108	4	102	5	113	6	104	7	116	8	106	9	101	10	104	11	100	12	103	13	107	14	106	15	109	16	103	17	118	18	115	19	118	20	110	21	114	22	113	23	101	24	100	25	113	26	117	27	114	28	120	29	107	30	105	31	116	32	119	33	117	34	112	35	111	36	104	37	116	38	119	39	115	40	112	41	101	42	113	43	114	44	115	45	108	46	104	47	114	48	116	49	106	
	0	111	1	105	2	109	3	117	4	119	5	104	6	103	7	114	8	102	9	100	10	117	11	119	12	120	13	112	14	117	15	120	16	112	17	115	18	118	19	109	20	107	21	108	22	106	23	109	24	111	25	106	26	104	27	113	28	118	29	100	30	109	31	103	32	106	33	113	34	119	35	105	36	118	37	100	38	107	39	114	40	114	41	104	42	103	43	100	44	114	45	104	46	115	47	114	48	117	49	101	
	0	106	1	105	2	100	3	107	4	111	5	111	6	117	7	108	8	111	9	111	10	107	11	108	12	103	13	113	14	107	15	118	16	115	17	100	18	116	19	109	20	108	21	113	22	116	23	101	24	119	25	120	26	117	27	107	28	105	29	110	30	120	31	105	32	111	33	112	34	115	35	106	36	105	37	105	38	108	39	117	40	120	41	104	42	109	43	115	44	114	45	109	46	114	47	114	48	113	49	105	
	0	111	1	115	2	115	3	116	4	100	5	100	6	113	7	101	8	103	9	109	10	113	11	109	12	100	13	112	14	115	15	106	16	104	17	107	18	100	19	102	20	100	21	105	22	117	23	117	24	100	25	118	26	107	27	108	28	104	29	117	30	113	31	118	32	108	33	116	34	100	35	111	36	110	37	112	38	115	39	120	40	100	41	120	42	107	43	115	44	107	45	115	46	100	47	113	48	120	49	111	
	0	113	1	108	2	109	3	110	4	117	5	100	6	113	7	120	8	108	9	115	10	115	11	101	12	106	13	105	14	110	15	101	16	118	17	100	18	120	19	107	20	119	21	101	22	101	23	105	24	100	25	100	26	104	27	112	28	118	29	106	30	114	31	112	32	119	33	107	34	102	35	105	36	120	37	105	38	119	39	109	40	114	41	117	42	110	43	100	44	103	45	109	46	103	47	107	48	105	49	103	
	0	109	1	111	2	111	3	116	4	105	5	102	6	114	7	106	8	103	9	116	10	113	11	104	12	100	13	109	14	120	15	113	16	103	17	115	18	118	19	105	20	103	21	103	22	106	23	107	24	112	25	102	26	104	27	113	28	101	29	119	30	118	31	101	32	105	33	119	34	114	35	107	36	115	37	113	38	100	39	110	40	115	41	103	42	100	43	117	44	106	45	110	46	103	47	109	48	118	49	101	
	0	105	1	117	2	118	3	109	4	100	5	102	6	115	7	108	8	103	9	103	10	112	11	103	12	100	13	114	14	107	15	109	16	118	17	119	18	110	19	117	20	104	21	115	22	100	23	103	24	112	25	120	26	107	27	112	28	100	29	108	30	117	31	115	32	115	33	106	34	106	35	119	36	119	37	106	38	109	39	108	40	109	41	108	42	107	43	117	44	119	45	108	46	109	47	113	48	104	49	118	
	0	114	1	115	2	112	3	107	4	103	5	106	6	100	7	119	8	107	9	103	10	102	11	111	12	114	13	102	14	116	15	101	16	116	17	106	18	105	19	118	20	116	21	112	22	109	23	109	24	116	25	105	26	100	27	105	28	114	29	108	30	102	31	120	32	112	33	107	34	113	35	109	36	108	37	106	38	110	39	112	40	115	41	118	42	113	43	114	44	104	45	119	46	117	47	101	48	120	49	107	
	0	117	1	103	2	109	3	102	4	118	5	120	6	104	7	103	8	114	9	105	10	109	11	103	12	102	13	120	14	118	15	111	16	103	17	101	18	114	19	110	20	106	21	102	22	112	23	117	24	116	25	113	26	103	27	109	28	115	29	102	30	100	31	100	32	110	33	118	34	108	35	115	36	118	37	105	38	109	39	108	40	106	41	101	42	118	43	114	44	102	45	109	46	120	47	100	48	107	49	101	
	0	102	1	115	2	103	3	104	4	103	5	107	6	103	7	101	8	112	9	117	10	110	11	105	12	114	13	119	14	113	15	106	16	115	17	109	18	111	19	120	20	110	21	112	22	119	23	110	24	113	25	115	26	101	27	102	28	100	29	114	30	100	31	109	32	103	33	117	34	117	35	108	36	119	37	104	38	104	39	120	40	100	41	115	42	112	43	106	44	104	45	112	46	107	47	118	48	110	49	104	
	0	101	1	107	2	108	3	111	4	110	5	117	6	120	7	116	8	102	9	101	10	113	11	117	12	120	13	109	14	102	15	104	16	109	17	117	18	111	19	120	20	108	21	115	22	118	23	116	24	118	25	107	26	116	27	111	28	105	29	117	30	101	31	100	32	113	33	108	34	118	35	101	36	115	37	106	38	103	39	116	40	119	41	110	42	104	43	108	44	114	45	108	46	114	47	110	48	117	49	109	
	0	119	1	115	2	102	3	100	4	108	5	108	6	104	7	118	8	103	9	105	10	112	11	110	12	118	13	106	14	110	15	110	16	100	17	113	18	107	19	109	20	106	21	109	22	101	23	120	24	113	25	101	26	103	27	104	28	106	29	119	30	107	31	101	32	117	33	118	34	114	35	114	36	105	37	100	38	105	39	113	40	116	41	102	42	112	43	118	44	113	45	110	46	100	47	103	48	103	49	107	
	0	106	1	116	2	107	3	105	4	107	5	112	6	118	7	102	8	110	9	103	10	108	11	101	12	114	13	109	14	104	15	119	16	119	17	118	18	116	19	110	20	120	21	115	22	110	23	101	24	115	25	120	26	113	27	118	28	107	29	115	30	105	31	113	32	104	33	112	34	111	35	106	36	103	37	111	38	106	39	111	40	118	41	111	42	114	43	108	44	104	45	111	46	112	47	120	48	100	49	115	
	0	106	1	119	2	101	3	101	4	106	5	119	6	104	7	113	8	106	9	118	10	118	11	116	12	120	13	112	14	112	15	109	16	118	17	115	18	106	19	112	20	107	21	112	22	115	23	116	24	120	25	111	26	102	27	109	28	113	29	104	30	109	31	106	32	113	33	120	34	106	35	106	36	120	37	120	38	103	39	120	40	102	41	104	42	115	43	112	44	104	45	119	46	106	47	100	48	117	49	102	
	0	107	1	102	2	106	3	112	4	111	5	119	6	104	7	117	8	105	9	100	10	102	11	101	12	116	13	111	14	114	15	103	16	117	17	111	18	105	19	113	20	112	21	107	22	101	23	120	24	113	25	105	26	111	27	115	28	120	29	113	30	102	31	113	32	107	33	118	34	102	35	113	36	109	37	112	38	117	39	106	40	114	41	104	42	102	43	106	44	100	45	116	46	103	47	107	48	105	49	107	
	0	120	1	113	2	118	3	115	4	118	5	107	6	118	7	118	8	106	9	119	10	107	11	110	12	102	13	104	14	109	15	106	16	100	17	115	18	118	19	118	20	102	21	101	22	100	23	118	24	105	25	116	26	110	27	103	28	108	29	109	30	110	31	114	32	116	33	111	34	116	35	113	36	118	37	102	38	111	39	107	40	100	41	119	42	117	43	105	44	106	45	106	46	111	47	104	48	112	49	110	
	0	114	1	119	2	111	3	119	4	105	5	113	6	102	7	104	8	119	9	115	10	111	11	102	12	102	13	109	14	111	15	120	16	120	17	112	18	107	19	110	20	105	21	119	22	117	23	104	24	111	25	119	26	114	27	115	28	109	29	117	30	100	31	108	32	118	33	113	34	108	35	113	36	102	37	103	38	103	39	110	40	110	41	103	42	104	43	102	44	107	45	100	46	116	47	107	48	107	49	104	
	0	104	1	101	2	101	3	117	4	118	5	100	6	105	7	111	8	104	9	107	10	104	11	107	12	112	13	111	14	100	15	104	16	111	17	111	18	101	19	119	20	115	21	101	22	117	23	116	24	106	25	110	26	109	27	118	28	109	29	109	30	102	31	101	32	103	33	117	34	110	35	119	36	100	37	100	38	111	39	101	40	108	41	111	42	109	43	106	44	102	45	108	46	100	47	118	48	104	49	116	
	0	119	1	102	2	101	3	101	4	120	5	110	6	105	7	120	8	103	9	108	10	117	11	117	12	109	13	110	14	115	15	104	16	109	17	115	18	104	19	106	20	101	21	109	22	119	23	108	24	101	25	118	26	111	27	106	28	113	29	112	30	117	31	113	32	116	33	101	34	108	35	119	36	102	37	119	38	103	39	109	40	115	41	113	42	118	43	118	44	112	45	109	46	120	47	102	48	111	49	115	
	0	112	1	112	2	110	3	105	4	118	5	100	6	109	7	111	8	110	9	110	10	100	11	110	12	109	13	113	14	106	15	116	16	115	17	119	18	113	19	114	20	105	21	107	22	109	23	106	24	109	25	107	26	113	27	107	28	104	29	110	30	100	31	119	32	109	33	111	34	116	35	103	36	114	37	113	38	106	39	109	40	106	41	113	42	110	43	115	44	103	45	116	46	120	47	111	48	103	49	116	
	0	106	1	111	2	115	3	100	4	104	5	118	6	105	7	102	8	117	9	100	10	101	11	114	12	108	13	120	14	114	15	117	16	111	17	109	18	112	19	110	20	119	21	106	22	105	23	100	24	100	25	104	26	107	27	112	28	108	29	107	30	109	31	104	32	114	33	120	34	101	35	105	36	104	37	103	38	114	39	110	40	103	41	106	42	120	43	117	44	108	45	115	46	109	47	107	48	117	49	105	
	0	110	1	111	2	106	3	108	4	118	5	111	6	119	7	117	8	101	9	105	10	113	11	105	12	109	13	116	14	110	15	111	16	119	17	119	18	118	19	111	20	105	21	119	22	112	23	109	24	117	25	110	26	114	27	113	28	116	29	103	30	105	31	105	32	106	33	104	34	110	35	103	36	113	37	110	38	115	39	113	40	113	41	110	42	109	43	115	44	112	45	104	46	116	47	108	48	117	49	101	
	0	103	1	120	2	108	3	116	4	119	5	108	6	112	7	120	8	108	9	105	10	101	11	117	12	100	13	120	14	106	15	114	16	116	17	112	18	104	19	100	20	114	21	104	22	103	23	112	24	110	25	104	26	103	27	105	28	105	29	118	30	116	31	118	32	101	33	113	34	114	35	102	36	104	37	102	38	108	39	120	40	118	41	105	42	112	43	106	44	101	45	106	46	104	47	106	48	118	49	116	
	0	102	1	101	2	100	3	107	4	106	5	119	6	115	7	117	8	104	9	116	10	105	11	109	12	120	13	100	14	101	15	120	16	120	17	103	18	116	19	120	20	101	21	116	22	108	23	105	24	108	25	105	26	104	27	107	28	106	29	120	30	113	31	113	32	109	33	112	34	102	35	120	36	108	37	108	38	102	39	117	40	107	41	109	42	119	43	103	44	110	45	106	46	110	47	110	48	111	49	119	
	0	101	1	108	2	108	3	108	4	113	5	100	6	110	7	115	8	116	9	113	10	114	11	101	12	105	13	116	14	114	15	101	16	113	17	108	18	100	19	108	20	102	21	117	22	118	23	115	24	110	25	120	26	115	27	106	28	114	29	113	30	113	31	113	32	107	33	117	34	110	35	109	36	112	37	103	38	115	39	116	40	101	41	119	42	105	43	118	44	100	45	104	46	100	47	114	48	109	49	106	
	0	109	1	103	2	104	3	111	4	111	5	113	6	117	7	107	8	107	9	120	10	107	11	120	12	110	13	110	14	120	15	105	16	109	17	115	18	113	19	111	20	118	21	114	22	111	23	112	24	110	25	113	26	106	27	102	28	105	29	119	30	110	31	107	32	114	33	115	34	111	35	108	36	113	37	110	38	117	39	110	40	116	41	101	42	111	43	100	44	103	45	119	46	119	47	102	48	115	49	106	
	0	103	1	103	2	117	3	115	4	111	5	108	6	118	7	109	8	103	9	108	10	108	11	118	12	116	13	119	14	116	15	106	16	113	17	114	18	110	19	113	20	117	21	109	22	120	23	104	24	110	25	111	26	119	27	104	28	102	29	108	30	114	31	106	32	115	33	108	34	110	35	114	36	120	37	118	38	101	39	105	40	120	41	103	42	100	43	104	44	119	45	110	46	110	47	101	48	117	49	119	
	0	120	1	108	2	110	3	111	4	107	5	106	6	110	7	103	8	114	9	119	10	118	11	117	12	119	13	101	14	107	15	106	16	115	17	119	18	118	19	116	20	114	21	107	22	114	23	109	24	108	25	104	26	118	27	117	28	116	29	116	30	111	31	113	32	120	33	114	34	112	35	104	36	114	37	110	38	117	39	116	40	105	41	117	42	115	43	109	44	112	45	113	46	101	47	117	48	115	49	110	
	0	119	1	107	2	120	3	118	4	113	5	117	6	106	7	114	8	101	9	105	10	102	11	108	12	103	13	106	14	107	15	114	16	104	17	120	18	112	19	111	20	115	21	118	22	109	23	119	24	117	25	111	26	112	27	110	28	100	29	100	30	107	31	112	32	110	33	114	34	100	35	108	36	102	37	112	38	116	39	106	40	101	41	107	42	104	43	101	44	119	45	114	46	119	47	115	48	102	49	114	
	0	112	1	104	2	117	3	116	4	102	5	104	6	103	7	117	8	107	9	105	10	119	11	105	12	119	13	104	14	102	15	117	16	110	17	100	18	108	19	113	20	105	21	112	22	111	23	101	24	112	25	112	26	103	27	116	28	106	29	118	30	113	31	117	32	110	33	107	34	110	35	100	36	112	37	104	38	100	39	119	40	120	41	110	42	119	43	104	44	114	45	106	46	120	47	111	48	115	49	108	
	0	120	1	102	2	115	3	108	4	104	5	120	6	104	7	114	8	114	9	107	10	112	11	110	12	117	13	115	14	110	15	100	16	116	17	115	18	118	19	108	20	109	21	111	22	111	23	116	24	102	25	107	26	117	27	103	28	120	29	120	30	112	31	117	32	117	33	118	34	116	35	108	36	103	37	101	38	101	39	118	40	120	41	110	42	112	43	103	44	105	45	100	46	115	47	113	48	111	49	118	
	0	102	1	112	2	102	3	104	4	111	5	118	6	109	7	102	8	115	9	116	10	108	11	101	12	115	13	104	14	101	15	114	16	112	17	113	18	114	19	114	20	118	21	113	22	116	23	103	24	102	25	103	26	101	27	107	28	110	29	109	30	100	31	100	32	100	33	102	34	108	35	116	36	101	37	111	38	119	39	111	40	115	41	106	42	107	43	111	44	112	45	104	46	100	47	113	48	100	49	120	
	0	117	1	120	2	105	3	111	4	107	5	115	6	106	7	118	8	120	9	108	10	112	11	103	12	102	13	103	14	110	15	108	16	117	17	102	18	108	19	101	20	105	21	120	22	120	23	107	24	114	25	108	26	107	27	105	28	101	29	104	30	101	31	102	32	113	33	109	34	104	35	108	36	109	37	104	38	108	39	114	40	116	41	107	42	119	43	119	44	109	45	101	46	104	47	107	48	119	49	108	
	0	101	1	112	2	102	3	114	4	118	5	116	6	103	7	107	8	108	9	116	10	102	11	107	12	114	13	101	14	116	15	108	16	119	17	108	18	120	19	105	20	108	21	114	22	111	23	100	24	115	25	119	26	106	27	119	28	108	29	113	30	108	31	119	32	105	33	112	34	107	35	120	36	103	37	104	38	108	39	109	40	107	41	110	42	115	43	110	44	116	45	109	46	118	47	113	48	107	49	116	
	0	100	1	112	2	116	3	114	4	107	5	119	6	108	7	105	8	117	9	106	10	113	11	120	12	107	13	100	14	104	15	113	16	108	17	114	18	118	19	112	20	106	21	105	22	101	23	104	24	109	25	108	26	102	27	113	28	115	29	101	30	106	31	106	32	112	33	112	34	112	35	104	36	106	37	102	38	111	39	112	40	109	41	112	42	105	43	104	44	119	45	116	46	108	47	117	48	101	49	108	
	0	107	1	100	2	117	3	101	4	109	5	104	6	109	7	108	8	104	9	120	10	107	11	115	12	119	13	116	14	118	15	103	16	102	17	103	18	108	19	115	20	103	21	104	22	120	23	120	24	100	25	102	26	101	27	108	28	119	29	116	30	112	31	103	32	120	33	118	34	106	35	106	36	100	37	116	38	112	39	113	40	108	41	109	42	106	43	101	44	112	45	120	46	102	47	111	48	112	49	117	
	0	114	1	101	2	110	3	101	4	100	5	100	6	115	7	109	8	104	9	113	10	112	11	109	12	108	13	118	14	102	15	113	16	118	17	111	18	118	19	120	20	101	21	115	22	108	23	107	24	111	25	105	26	105	27	104	28	109	29	118	30	103	31	107	32	114	33	115	34	107	35	114	36	104	37	100	38	104	39	116	40	106	41	102	42	104	43	106	44	119	45	114	46	103	47	114	48	103	49	108	
	0	110	1	120	2	117	3	120	4	103	5	106	6	113	7	102	8	109	9	107	10	114	11	102	12	109	13	101	14	104	15	115	16	109	17	111	18	103	19	109	20	115	21	102	22	105	23	102	24	108	25	106	26	112	27	115	28	110	29	100	30	111	31	113	32	116	33	116	34	113	35	110	36	104	37	118	38	112	39	120	40	109	41	113	42	117	43	106	44	112	45	119	46	110	47	102	48	120	49	117	
	0	120	1	115	2	120	3	108	4	112	5	108	6	120	7	104	8	101	9	118	10	120	11	112	12	117	13	103	14	117	15	104	16	102	17	110	18	106	19	107	20	108	21	118	22	117	23	107	24	101	25	103	26	113	27	109	28	111	29	105	30	110	31	118	32	100	33	109	34	111	35	119	36	118	37	110	38	119	39	119	40	114	41	119	42	105	43	102	44	120	45	107	46	114	47	100	48	116	49	117	
	0	114	1	109	2	109	3	116	4	100	5	108	6	119	7	116	8	115	9	120	10	107	11	108	12	101	13	118	14	111	15	106	16	108	17	108	18	111	19	101	20	120	21	119	22	118	23	118	24	107	25	100	26	108	27	100	28	117	29	119	30	112	31	106	32	114	33	100	34	105	35	110	36	110	37	104	38	108	39	112	40	108	41	107	42	115	43	110	44	119	45	111	46	119	47	119	48	101	49	117	
	0	103	1	108	2	117	3	116	4	117	5	110	6	117	7	107	8	110	9	108	10	115	11	107	12	104	13	118	14	104	15	113	16	106	17	112	18	110	19	104	20	106	21	105	22	112	23	117	24	106	25	111	26	119	27	103	28	120	29	101	30	108	31	107	32	107	33	103	34	102	35	103	36	109	37	116	38	103	39	120	40	110	41	118	42	110	43	100	44	107	45	100	46	119	47	114	48	110	49	102	
	0	116	1	105	2	117	3	116	4	110	5	117	6	104	7	110	8	118	9	111	10	102	11	109	12	100	13	101	14	117	15	106	16	118	17	119	18	100	19	107	20	106	21	118	22	120	23	106	24	118	25	117	26	120	27	110	28	107	29	103	30	104	31	111	32	106	33	100	34	101	35	105	36	120	37	103	38	109	39	112	40	109	41	111	42	100	43	111	44	106	45	109	46	118	47	120	48	106	49	112	
	0	104	1	103	2	115	3	114	4	103	5	115	6	118	7	108	8	107	9	109	10	105	11	109	12	115	13	116	14	102	15	116	16	111	17	116	18	104	19	104	20	102	21	110	22	113	23	101	24	107	25	116	26	113	27	107	28	108	29	114	30	100	31	106	32	117	33	100	34	117	35	100	36	100	37	104	38	108	39	111	40	113	41	109	42	107	43	117	44	106	45	108	46	112	47	100	48	116	49	105	
	0	100	1	111	2	119	3	119	4	100	5	116	6	118	7	120	8	114	9	114	10	109	11	100	12	117	13	108	14	111	15	106	16	111	17	111	18	110	19	108	20	115	21	104	22	113	23	107	24	100	25	119	26	116	27	112	28	114	29	112	30	112	31	112	32	117	33	118	34	119	35	119	36	105	37	119	38	108	39	102	40	109	41	119	42	100	43	113	44	104	45	107	46	107	47	110	48	104	49	120	
	0	113	1	108	2	116	3	102	4	110	5	119	6	105	7	109	8	108	9	105	10	113	11	106	12	108	13	108	14	113	15	107	16	104	17	111	18	117	19	100	20	101	21	112	22	112	23	115	24	108	25	111	26	105	27	107	28	119	29	102	30	108	31	116	32	112	33	107	34	103	35	100	36	117	37	120	38	119	39	120	40	106	41	105	42	107	43	103	44	105	45	111	46	100	47	106	48	106	49	107	
	0	113	1	120	2	117	3	105	4	117	5	116	6	114	7	112	8	108	9	105	10	111	11	106	12	112	13	105	14	100	15	110	16	111	17	104	18	109	19	111	20	102	21	112	22	107	23	105	24	118	25	113	26	101	27	105	28	105	29	115	30	117	31	103	32	100	33	117	34	102	35	107	36	115	37	108	38	106	39	115	40	116	41	119	42	119	43	119	44	101	45	112	46	105	47	104	48	104	49	100	
	0	100	1	107	2	102	3	101	4	101	5	119	6	115	7	117	8	107	9	116	10	107	11	101	12	114	13	104	14	106	15	108	16	106	17	105	18	114	19	114	20	106	21	119	22	120	23	116	24	111	25	103	26	117	27	116	28	119	29	111	30	102	31	118	32	102	33	106	34	102	35	105	36	103	37	104	38	109	39	113	40	104	41	116	42	114	43	105	44	118	45	106	46	119	47	115	48	100	49	101	
	0	104	1	100	2	107	3	103	4	117	5	110	6	102	7	109	8	120	9	106	10	106	11	109	12	103	13	107	14	102	15	118	16	114	17	116	18	110	19	102	20	111	21	119	22	104	23	104	24	103	25	116	26	115	27	115	28	115	29	115	30	107	31	113	32	100	33	106	34	108	35	105	36	106	37	105	38	117	39	112	40	104	41	100	42	111	43	117	44	108	45	106	46	116	47	115	48	114	49	102	
	0	106	1	120	2	102	3	107	4	101	5	110	6	120	7	119	8	107	9	112	10	120	11	101	12	118	13	117	14	120	15	102	16	111	17	103	18	101	19	120	20	114	21	120	22	110	23	108	24	105	25	109	26	108	27	107	28	101	29	108	30	118	31	118	32	105	33	113	34	114	35	111	36	120	37	108	38	117	39	119	40	117	41	106	42	114	43	106	44	105	45	110	46	111	47	108	48	120	49	110	
	0	110	1	103	2	100	3	117	4	101	5	119	6	100	7	110	8	114	9	111	10	106	11	101	12	119	13	118	14	104	15	109	16	115	17	116	18	104	19	116	20	115	21	101	22	120	23	114	24	105	25	101	26	103	27	115	28	113	29	119	30	102	31	100	32	104	33	110	34	100	35	119	36	100	37	101	38	100	39	119	40	114	41	108	42	101	43	115	44	120	45	105	46	117	47	107	48	103	49	117	
	0	110	1	100	2	100	3	113	4	103	5	112	6	106	7	113	8	116	9	101	10	111	11	115	12	111	13	103	14	114	15	104	16	100	17	100	18	103	19	102	20	101	21	109	22	113	23	111	24	118	25	116	26	106	27	105	28	105	29	103	30	106	31	109	32	118	33	108	34	119	35	114	36	109	37	117	38	108	39	111	40	109	41	100	42	112	43	120	44	116	45	111	46	113	47	115	48	102	49	104	
	0	113	1	106	2	110	3	105	4	117	5	119	6	119	7	112	8	111	9	119	10	119	11	107	12	116	13	111	14	114	15	105	16	114	17	103	18	103	19	103	20	111	21	107	22	119	23	108	24	105	25	110	26	101	27	104	28	117	29	117	30	104	31	113	32	111	33	115	34	104	35	104	36	115	37	112	38	110	39	102	40	111	41	119	42	119	43	114	44	110	45	112	46	102	47	103	48	113	49	104	
	0	107	1	112	2	118	3	115	4	118	5	108	6	114	7	103	8	100	9	109	10	103	11	108	12	115	13	115	14	100	15	116	16	113	17	105	18	105	19	100	20	115	21	109	22	104	23	106	24	102	25	113	26	115	27	102	28	115	29	119	30	119	31	120	32	118	33	120	34	106	35	115	36	108	37	117	38	113	39	119	40	111	41	102	42	112	43	101	44	118	45	110	46	115	47	102	48	112	49	106	
	0	109	1	113	2	109	3	103	4	103	5	109	6	110	7	106	8	108	9	109	10	114	11	112	12	105	13	112	14	107	15	106	16	102	17	101	18	110	19	119	20	105	21	108	22	114	23	102	24	102	25	101	26	111	27	116	28	111	29	103	30	115	31	114	32	111	33	108	34	100	35	103	36	110	37	103	38	106	39	100	40	114	41	106	42	120	43	119	44	105	45	111	46	115	47	114	48	118	49	101	
	0	104	1	104	2	102	3	104	4	103	5	104	6	102	7	105	8	102	9	116	10	119	11	106	12	100	13	118	14	111	15	111	16	111	17	112	18	120	19	109	20	103	21	105	22	103	23	115	24	100	25	105	26	104	27	104	28	120	29	101	30	114	31	115	32	119	33	100	34	101	35	113	36	115	37	120	38	111	39	116	40	111	41	110	42	108	43	111	44	120	45	110	46	116	47	113	48	119	49	112	
	0	117	1	116	2	101	3	114	4	116	5	100	6	110	7	116	8	108	9	116	10	109	11	117	12	116	13	111	14	104	15	115	16	114	17	118	18	107	19	114	20	115	21	109	22	101	23	120	24	113	25	114	26	100	27	105	28	110	29	120	30	101	31	113	32	102	33	106	34	120	35	105	36	103	37	114	38	116	39	109	40	100	41	120	42	118	43	102	44	110	45	101	46	101	47	117	48	120	49	111	
	0	101	1	116	2	111	3	120	4	106	5	108	6	107	7	108	8	101	9	120	10	110	11	111	12	108	13	109	14	115	15	118	16	105	17	100	18	117	19	113	20	112	21	107	22	108	23	117	24	104	25	115	26	110	27	116	28	115	29	105	30	107	31	101	32	102	33	109	34	111	35	101	36	109	37	116	38	108	39	114	40	117	41	107	42	112	43	103	44	107	45	116	46	113	47	111	48	107	49	103	