200 50 1
50
	0	103	1	110	2	113	3	104	4	120	5	109	6	117	7	113	8	116	9	107	10	113	11	116	12	113	13	115	14	111	15	104	16	102	17	104	18	107	19	107	20	100	21	111	22	104	23	115	24	114	25	120	26	119	27	107	28	108	29	109	30	117	31	115	32	105	33	102	34	110	35	115	36	105	37	120	38	117	39	119	40	109	41	119	42	112	43	105	44	108	45	103	46	117	47	104	48	111	49	119	
	0	108	1	116	2	101	3	105	4	116	5	111	6	119	7	111	8	100	9	111	10	102	11	101	12	114	13	102	14	101	15	112	16	105	17	120	18	114	19	100	20	103	21	106	22	110	23	120	24	106	25	101	26	100	27	101	28	105	29	117	30	119	31	120	32	104	33	109	34	112	35	106	36	116	37	116	38	112	39	112	40	108	41	105	42	105	43	109	44	100	45	112	46	116	47	110	48	103	49	113	
	0	113	1	107	2	111	3	101	4	103	5	118	6	101	7	117	8	113	9	110	10	118	11	103	12	103	13	101	14	113	15	110	16	109	17	117	18	109	19	113	20	111	21	107	22	115	23	106	24	118	25	119	26	118	27	113	28	109	29	107	30	113	31	116	32	109	33	114	34	104	35	100	36	100	37	112	38	102	39	106	40	117	41	111	42	101	43	104	44	117	45	120	46	112	47	100	48	107	49	101	
	0	105	1	111	2	116	3	115	4	102	5	102	6	101	7	116	8	109	9	108	10	108	11	116	12	112	13	109	14	101	15	111	16	106	17	117	18	118	19	108	20	111	21	111	22	108	23	120	24	115	25	105	26	118	27	107	28	100	29	117	30	105	31	116	32	114	33	113	34	108	35	110	36	113	37	109	38	106	39	102	40	118	41	112	42	118	43	105	44	103	45	108	46	112	47	115	48	108	49	105	
	0	106	1	118	2	110	3	107	4	100	5	103	6	116	7	107	8	105	9	102	10	113	11	112	12	110	13	107	14	106	15	116	16	103	17	101	18	113	19	113	20	120	21	102	22	110	23	113	24	103	25	117	26	102	27	115	28	107	29	100	30	105	31	104	32	114	33	114	34	106	35	119	36	107	37	100	38	102	39	113	40	114	41	100	42	120	43	109	44	102	45	116	46	111	47	101	48	118	49	103	
	0	107	1	104	2	105	3	118	4	118	5	111	6	100	7	103	8	116	9	112	10	106	11	103	12	105	13	118	14	109	15	113	16	118	17	100	18	114	19	102	20	100	21	104	22	100	23	114	24	108	25	119	26	118	27	101	28	114	29	112	30	115	31	116	32	117	33	119	34	109	35	119	36	102	37	102	38	102	39	104	40	112	41	110	42	116	43	104	44	106	45	114	46	113	47	104	48	100	49	116	
	0	105	1	110	2	105	3	107	4	103	5	113	6	111	7	118	8	118	9	107	10	100	11	109	12	111	13	105	14	110	15	104	16	108	17	115	18	102	19	119	20	116	21	114	22	100	23	109	24	109	25	102	26	101	27	109	28	119	29	114	30	113	31	120	32	114	33	101	34	115	35	119	36	100	37	113	38	115	39	120	40	109	41	104	42	119	43	115	44	119	45	114	46	116	47	116	48	112	49	101	
	0	112	1	110	2	115	3	118	4	108	5	107	6	111	7	109	8	101	9	110	10	100	11	110	12	111	13	103	14	117	15	112	16	102	17	113	18	111	19	115	20	102	21	102	22	108	23	116	24	100	25	108	26	118	27	104	28	110	29	117	30	112	31	111	32	107	33	105	34	119	35	109	36	113	37	106	38	115	39	106	40	103	41	102	42	117	43	119	44	113	45	119	46	120	47	106	48	102	49	112	
	0	115	1	120	2	105	3	100	4	116	5	109	6	108	7	119	8	105	9	117	10	104	11	108	12	112	13	100	14	110	15	112	16	110	17	119	18	119	19	111	20	102	21	105	22	119	23	104	24	111	25	118	26	109	27	105	28	111	29	113	30	118	31	107	32	117	33	110	34	116	35	102	36	117	37	104	38	114	39	119	40	113	41	108	42	106	43	119	44	116	45	117	46	102	47	119	48	102	49	116	
	0	107	1	110	2	109	3	103	4	101	5	107	6	105	7	111	8	103	9	120	10	104	11	120	12	119	13	109	14	107	15	114	16	106	17	117	18	115	19	114	20	118	21	119	22	111	23	107	24	104	25	120	26	103	27	110	28	108	29	102	30	117	31	100	32	116	33	111	34	112	35	101	36	107	37	112	38	100	39	116	40	114	41	105	42	115	43	112	44	117	45	119	46	108	47	104	48	104	49	118	
	0	117	1	108	2	102	3	113	4	105	5	110	6	106	7	100	8	105	9	116	10	117	11	117	12	113	13	100	14	101	15	120	16	101	17	104	18	119	19	102	20	115	21	104	22	112	23	115	24	114	25	105	26	100	27	114	28	106	29	114	30	117	31	108	32	111	33	102	34	114	35	108	36	117	37	118	38	118	39	107	40	117	41	106	42	118	43	104	44	100	45	112	46	106	47	106	48	116	49	114	
	0	111	1	119	2	116	3	120	4	111	5	117	6	114	7	104	8	116	9	120	10	102	11	115	12	109	13	108	14	113	15	109	16	118	17	116	18	105	19	116	20	119	21	105	22	119	23	106	24	102	25	118	26	106	27	104	28	113	29	115	30	117	31	102	32	101	33	115	34	100	35	106	36	120	37	108	38	117	39	100	40	108	41	109	42	117	43	113	44	100	45	107	46	111	47	109	48	107	49	113	
	0	110	1	106	2	107	3	101	4	101	5	104	6	119	7	115	8	111	9	101	10	106	11	101	12	115	13	119	14	100	15	103	16	109	17	105	18	106	19	102	20	118	21	107	22	119	23	120	24	109	25	108	26	104	27	103	28	111	29	110	30	119	31	106	32	114	33	118	34	102	35	110	36	103	37	104	38	106	39	106	40	104	41	105	42	104	43	101	44	107	45	115	46	117	47	100	48	103	49	118	
	0	100	1	108	2	113	3	120	4	107	5	117	6	101	7	112	8	113	9	117	10	106	11	102	12	120	13	109	14	101	15	114	16	112	17	102	18	110	19	103	20	103	21	119	22	106	23	118	24	101	25	107	26	107	27	120	28	108	29	107	30	102	31	112	32	117	33	112	34	103	35	117	36	111	37	119	38	109	39	107	40	118	41	120	42	119	43	113	44	120	45	113	46	112	47	120	48	103	49	100	
	0	104	1	106	2	117	3	105	4	100	5	113	6	117	7	114	8	117	9	103	10	108	11	116	12	101	13	115	14	100	15	105	16	118	17	117	18	101	19	102	20	110	21	105	22	117	23	114	24	112	25	108	26	104	27	118	28	108	29	116	30	105	31	103	32	104	33	109	34	108	35	102	36	107	37	102	38	116	39	116	40	118	41	108	42	106	43	106	44	114	45	112	46	105	47	114	48	107	49	110	
	0	112	1	107	2	114	3	103	4	117	5	109	6	107	7	110	8	107	9	112	10	106	11	105	12	101	13	118	14	100	15	113	16	105	17	100	18	103	19	111	20	102	21	117	22	107	23	112	24	119	25	108	26	103	27	100	28	107	29	114	30	113	31	118	32	116	33	120	34	118	35	102	36	111	37	108	38	103	39	108	40	103	41	105	42	116	43	107	44	112	45	100	46	105	47	109	48	114	49	116	
	0	108	1	102	2	115	3	107	4	103	5	119	6	119	7	115	8	116	9	100	10	117	11	119	12	117	13	111	14	107	15	115	16	100	17	113	18	108	19	115	20	103	21	101	22	119	23	108	24	100	25	108	26	101	27	115	28	114	29	110	30	112	31	118	32	102	33	112	34	110	35	114	36	116	37	100	38	115	39	105	40	113	41	118	42	109	43	104	44	113	45	112	46	114	47	111	48	111	49	101	
	0	105	1	108	2	119	3	111	4	107	5	118	6	103	7	118	8	117	9	100	10	120	11	111	12	114	13	106	14	111	15	106	16	117	17	120	18	108	19	115	20	101	21	106	22	114	23	120	24	116	25	105	26	112	27	110	28	106	29	112	30	120	31	103	32	108	33	101	34	102	35	113	36	100	37	110	38	119	39	105	40	113	41	119	42	112	43	103	44	111	45	110	46	106	47	110	48	102	49	106	
	0	113	1	118	2	115	3	115	4	116	5	119	6	119	7	109	8	100	9	115	10	117	11	103	12	101	13	113	14	102	15	115	16	117	17	118	18	105	19	114	20	108	21	120	22	120	23	116	24	102	25	116	26	119	27	120	28	115	29	116	30	105	31	114	32	112	33	115	34	106	35	111	36	107	37	113	38	112	39	118	40	118	41	110	42	110	43	111	44	107	45	101	46	116	47	116	48	120	49	106	
	0	110	1	110	2	105	3	111	4	105	5	107	6	103	7	117	8	115	9	120	10	113	11	120	12	118	13	120	14	114	15	109	16	102	17	117	18	101	19	103	20	108	21	103	22	117	23	107	24	120	25	116	26	113	27	106	28	106	29	112	30	113	31	111	32	114	33	110	34	113	35	119	36	108	37	100	38	117	39	108	40	112	41	107	42	111	43	106	44	115	45	109	46	102	47	100	48	110	49	105	
	0	103	1	120	2	104	3	117	4	120	5	103	6	117	7	120	8	109	9	118	10	102	11	100	12	113	13	112	14	120	15	100	16	120	17	110	18	108	19	114	20	111	21	102	22	112	23	117	24	112	25	110	26	109	27	109	28	110	29	116	30	118	31	100	32	118	33	102	34	112	35	107	36	107	37	118	38	118	39	109	40	107	41	114	42	116	43	116	44	119	45	115	46	106	47	105	48	113	49	108	
	0	102	1	109	2	114	3	112	4	102	5	118	6	111	7	114	8	117	9	100	10	115	11	110	12	117	13	100	14	111	15	101	16	108	17	116	18	116	19	116	20	117	21	114	22	100	23	105	24	112	25	119	26	108	27	118	28	117	29	119	30	109	31	120	32	109	33	106	34	102	35	104	36	108	37	102	38	105	39	100	40	111	41	120	42	115	43	106	44	102	45	100	46	102	47	106	48	101	49	101	
	0	111	1	101	2	112	3	109	4	110	5	106	6	104	7	114	8	107	9	109	10	112	11	116	12	101	13	113	14	103	15	100	16	116	17	113	18	116	19	120	20	107	21	107	22	117	23	108	24	115	25	111	26	104	27	115	28	108	29	117	30	110	31	100	32	100	33	108	34	108	35	117	36	103	37	101	38	112	39	115	40	117	41	115	42	107	43	108	44	102	45	114	46	117	47	101	48	109	49	109	
	0	111	1	113	2	114	3	117	4	108	5	114	6	109	7	103	8	114	9	115	10	107	11	101	12	110	13	117	14	102	15	114	16	101	17	109	18	102	19	107	20	118	21	106	22	107	23	117	24	113	25	109	26	114	27	102	28	113	29	108	30	114	31	107	32	105	33	108	34	110	35	117	36	117	37	101	38	104	39	106	40	106	41	108	42	114	43	115	44	108	45	104	46	110	47	114	48	108	49	106	
	0	107	1	112	2	117	3	111	4	111	5	100	6	120	7	106	8	115	9	114	10	103	11	112	12	111	13	113	14	107	15	101	16	102	17	113	18	107	19	110	20	113	21	105	22	111	23	113	24	106	25	117	26	106	27	104	28	109	29	117	30	114	31	106	32	119	33	109	34	111	35	106	36	100	37	105	38	104	39	116	40	107	41	104	42	113	43	104	44	114	45	113	46	113	47	101	48	120	49	111	
	0	119	1	107	2	119	3	116	4	101	5	119	6	118	7	114	8	103	9	112	10	106	11	103	12	105	13	116	14	110	15	104	16	117	17	104	18	116	19	102	20	105	21	106	22	114	23	108	24	102	25	106	26	111	27	101	28	109	29	116	30	119	31	108	32	118	33	113	34	119	35	112	36	111	37	105	38	118	39	108	40	102	41	106	42	105	43	105	44	104	45	120	46	100	47	117	48	109	49	105	
	0	102	1	111	2	110	3	105	4	112	5	114	6	118	7	103	8	118	9	113	10	119	11	108	12	100	13	101	14	113	15	106	16	106	17	107	18	113	19	116	20	118	21	109	22	107	23	105	24	100	25	117	26	103	27	105	28	112	29	119	30	119	31	112	32	100	33	109	34	102	35	107	36	107	37	103	38	105	39	103	40	120	41	119	42	105	43	104	44	119	45	110	46	120	47	114	48	103	49	119	
	0	109	1	100	2	113	3	111	4	101	5	112	6	103	7	106	8	101	9	116	10	117	11	115	12	100	13	101	14	102	15	102	16	118	17	116	18	120	19	115	20	119	21	104	22	118	23	119	24	101	25	117	26	104	27	114	28	104	29	114	30	101	31	114	32	103	33	108	34	116	35	100	36	106	37	102	38	104	39	115	40	101	41	117	42	104	43	111	44	109	45	111	46	120	47	113	48	117	49	115	
	0	101	1	100	2	100	3	115	4	103	5	115	6	117	7	100	8	120	9	111	10	119	11	116	12	113	13	111	14	101	15	119	16	119	17	120	18	108	19	103	20	107	21	120	22	118	23	103	24	118	25	114	26	102	27	104	28	102	29	108	30	120	31	109	32	104	33	107	34	106	35	100	36	118	37	111	38	112	39	105	40	117	41	103	42	116	43	111	44	101	45	102	46	103	47	114	48	114	49	108	
	0	112	1	101	2	112	3	115	4	114	5	112	6	104	7	104	8	117	9	111	10	102	11	109	12	104	13	103	14	115	15	115	16	118	17	113	18	105	19	108	20	106	21	113	22	107	23	105	24	120	25	114	26	105	27	101	28	100	29	115	30	113	31	114	32	118	33	102	34	100	35	109	36	108	37	108	38	107	39	113	40	114	41	114	42	115	43	105	44	114	45	109	46	115	47	104	48	107	49	103	
	0	110	1	108	2	115	3	119	4	111	5	103	6	114	7	117	8	110	9	100	10	113	11	117	12	111	13	101	14	113	15	120	16	120	17	116	18	105	19	117	20	112	21	118	22	113	23	103	24	106	25	110	26	118	27	114	28	100	29	107	30	107	31	116	32	117	33	110	34	100	35	107	36	112	37	114	38	105	39	103	40	114	41	109	42	100	43	105	44	112	45	119	46	109	47	113	48	109	49	120	
	0	100	1	107	2	117	3	116	4	109	5	112	6	104	7	106	8	107	9	101	10	119	11	105	12	100	13	108	14	117	15	112	16	120	17	112	18	103	19	111	20	114	21	113	22	117	23	110	24	100	25	104	26	110	27	111	28	117	29	105	30	107	31	113	32	105	33	109	34	113	35	108	36	119	37	114	38	113	39	112	40	104	41	117	42	103	43	117	44	105	45	101	46	103	47	119	48	120	49	102	
	0	113	1	117	2	103	3	104	4	102	5	106	6	113	7	109	8	103	9	109	10	105	11	104	12	103	13	120	14	117	15	111	16	105	17	108	18	108	19	105	20	102	21	106	22	110	23	103	24	110	25	110	26	115	27	116	28	119	29	102	30	117	31	117	32	119	33	106	34	112	35	118	36	120	37	103	38	101	39	115	40	117	41	101	42	109	43	112	44	100	45	113	46	113	47	102	48	100	49	111	
	0	109	1	101	2	100	3	103	4	107	5	100	6	116	7	100	8	115	9	101	10	105	11	112	12	111	13	103	14	109	15	100	16	101	17	120	18	110	19	104	20	105	21	100	22	117	23	109	24	113	25	100	26	103	27	105	28	105	29	114	30	107	31	110	32	103	33	102	34	106	35	106	36	107	37	104	38	114	39	107	40	105	41	101	42	120	43	111	44	114	45	106	46	110	47	103	48	119	49	107	
	0	113	1	109	2	113	3	115	4	118	5	103	6	108	7	118	8	117	9	113	10	104	11	108	12	112	13	116	14	113	15	108	16	119	17	109	18	116	19	103	20	100	21	115	22	107	23	100	24	101	25	100	26	113	27	113	28	101	29	108	30	113	31	104	32	119	33	107	34	112	35	109	36	109	37	100	38	104	39	120	40	105	41	112	42	114	43	112	44	109	45	101	46	107	47	113	48	107	49	107	
	0	106	1	105	2	101	3	103	4	104	5	120	6	104	7	101	8	100	9	111	10	102	11	107	12	116	13	110	14	107	15	118	16	114	17	102	18	109	19	112	20	101	21	104	22	119	23	109	24	114	25	104	26	106	27	119	28	114	29	109	30	105	31	109	32	118	33	117	34	107	35	114	36	104	37	115	38	119	39	120	40	115	41	117	42	102	43	107	44	110	45	107	46	119	47	102	48	115	49	113	
	0	118	1	118	2	108	3	115	4	118	5	104	6	112	7	119	8	112	9	106	10	119	11	120	12	118	13	104	14	112	15	111	16	100	17	115	18	114	19	106	20	118	21	110	22	108	23	113	24	114	25	103	26	115	27	116	28	108	29	105	30	109	31	119	32	104	33	104	34	113	35	100	36	102	37	120	38	119	39	113	40	110	41	100	42	119	43	111	44	114	45	120	46	110	47	116	48	107	49	102	
	0	116	1	103	2	104	3	101	4	100	5	106	6	104	7	118	8	111	9	116	10	112	11	102	12	105	13	110	14	104	15	107	16	105	17	110	18	113	19	104	20	101	21	111	22	111	23	101	24	109	25	107	26	118	27	111	28	110	29	101	30	117	31	118	32	102	33	108	34	112	35	117	36	103	37	109	38	100	39	117	40	107	41	103	42	110	43	117	44	117	45	103	46	112	47	103	48	109	49	101	
	0	107	1	108	2	101	3	115	4	109	5	120	6	119	7	101	8	117	9	103	10	115	11	107	12	120	13	103	14	108	15	115	16	113	17	104	18	103	19	102	20	104	21	105	22	120	23	120	24	115	25	101	26	106	27	102	28	114	29	106	30	107	31	115	32	107	33	118	34	108	35	102	36	105	37	107	38	105	39	112	40	109	41	113	42	112	43	105	44	116	45	119	46	117	47	102	48	119	49	103	
	0	109	1	114	2	114	3	107	4	103	5	106	6	117	7	118	8	114	9	102	10	117	11	102	12	116	13	111	14	114	15	111	16	114	17	103	18	118	19	109	20	114	21	102	22	104	23	112	24	109	25	100	26	103	27	108	28	103	29	110	30	113	31	113	32	117	33	115	34	113	35	110	36	104	37	115	38	111	39	104	40	100	41	106	42	104	43	108	44	112	45	108	46	101	47	116	48	107	49	101	
	0	119	1	101	2	116	3	120	4	101	5	115	6	108	7	118	8	114	9	107	10	113	11	110	12	117	13	101	14	119	15	116	16	110	17	115	18	112	19	107	20	111	21	104	22	118	23	115	24	105	25	100	26	113	27	111	28	110	29	100	30	120	31	117	32	109	33	103	34	106	35	101	36	100	37	114	38	118	39	109	40	119	41	108	42	102	43	112	44	101	45	119	46	113	47	104	48	119	49	113	
	0	115	1	102	2	103	3	114	4	111	5	111	6	109	7	108	8	116	9	112	10	107	11	110	12	113	13	102	14	112	15	100	16	114	17	107	18	120	19	101	20	106	21	108	22	107	23	119	24	117	25	110	26	119	27	108	28	106	29	101	30	117	31	103	32	103	33	104	34	114	35	101	36	112	37	119	38	117	39	107	40	110	41	114	42	103	43	110	44	105	45	118	46	119	47	108	48	101	49	113	
	0	117	1	116	2	109	3	110	4	104	5	109	6	119	7	110	8	118	9	108	10	114	11	104	12	118	13	100	14	113	15	103	16	106	17	116	18	100	19	109	20	107	21	100	22	119	23	107	24	116	25	117	26	104	27	109	28	113	29	102	30	118	31	104	32	119	33	103	34	113	35	113	36	110	37	117	38	111	39	115	40	113	41	110	42	113	43	113	44	104	45	112	46	100	47	117	48	107	49	100	
	0	116	1	117	2	117	3	103	4	120	5	118	6	102	7	100	8	113	9	102	10	109	11	102	12	112	13	101	14	115	15	111	16	119	17	115	18	112	19	105	20	117	21	120	22	111	23	114	24	108	25	105	26	105	27	108	28	102	29	113	30	101	31	102	32	105	33	119	34	102	35	111	36	107	37	113	38	116	39	111	40	101	41	105	42	101	43	105	44	111	45	116	46	104	47	118	48	103	49	119	
	0	109	1	110	2	104	3	105	4	104	5	117	6	119	7	112	8	109	9	104	10	103	11	118	12	102	13	107	14	104	15	109	16	105	17	104	18	110	19	116	20	118	21	100	22	112	23	119	24	118	25	101	26	101	27	119	28	102	29	104	30	115	31	120	32	114	33	101	34	112	35	120	36	102	37	113	38	101	39	114	40	111	41	117	42	120	43	108	44	119	45	100	46	103	47	117	48	117	49	105	
	0	102	1	111	2	110	3	114	4	108	5	115	6	111	7	103	8	111	9	100	10	113	11	120	12	111	13	119	14	107	15	119	16	103	17	111	18	108	19	112	20	112	21	109	22	113	23	112	24	109	25	107	26	118	27	114	28	114	29	116	30	104	31	111	32	119	33	106	34	108	35	118	36	119	37	117	38	109	39	104	40	120	41	120	42	107	43	117	44	120	45	112	46	116	47	120	48	115	49	116	
	0	110	1	111	2	119	3	117	4	119	5	101	6	101	7	110	8	120	9	101	10	113	11	114	12	111	13	109	14	107	15	107	16	118	17	104	18	101	19	112	20	115	21	108	22	113	23	117	24	109	25	114	26	111	27	102	28	112	29	106	30	108	31	116	32	108	33	106	34	100	35	105	36	118	37	120	38	104	39	112	40	120	41	112	42	106	43	108	44	105	45	109	46	117	47	118	48	117	49	117	
	0	101	1	113	2	106	3	117	4	119	5	104	6	102	7	110	8	105	9	118	10	114	11	103	12	115	13	100	14	103	15	101	16	112	17	102	18	102	19	117	20	103	21	108	22	114	23	120	24	104	25	109	26	115	27	117	28	114	29	108	30	102	31	105	32	120	33	109	34	116	35	119	36	116	37	120	38	100	39	109	40	104	41	120	42	120	43	104	44	104	45	120	46	119	47	119	48	113	49	108	
	0	104	1	106	2	111	3	115	4	116	5	120	6	100	7	112	8	115	9	117	10	103	11	104	12	101	13	111	14	107	15	110	16	113	17	120	18	108	19	108	20	113	21	111	22	110	23	112	24	117	25	100	26	117	27	107	28	116	29	117	30	113	31	103	32	105	33	100	34	117	35	108	36	113	37	102	38	114	39	113	40	104	41	101	42	120	43	102	44	118	45	101	46	118	47	115	48	116	49	108	
	0	103	1	107	2	107	3	111	4	116	5	113	6	107	7	119	8	115	9	115	10	116	11	104	12	103	13	107	14	105	15	110	16	104	17	115	18	112	19	114	20	107	21	119	22	109	23	103	24	104	25	114	26	113	27	103	28	118	29	101	30	117	31	113	32	113	33	105	34	116	35	120	36	106	37	101	38	118	39	117	40	107	41	104	42	102	43	113	44	102	45	117	46	116	47	107	48	118	49	110	
	0	118	1	120	2	110	3	110	4	104	5	113	6	107	7	112	8	118	9	117	10	103	11	107	12	104	13	104	14	113	15	111	16	114	17	118	18	112	19	117	20	108	21	120	22	120	23	112	24	100	25	101	26	102	27	114	28	113	29	117	30	105	31	103	32	110	33	108	34	103	35	113	36	102	37	108	38	104	39	106	40	104	41	110	42	119	43	106	44	119	45	119	46	113	47	115	48	110	49	114	
	0	112	1	107	2	101	3	113	4	114	5	114	6	105	7	114	8	104	9	105	10	101	11	119	12	118	13	114	14	106	15	102	16	105	17	106	18	111	19	109	20	102	21	118	22	115	23	100	24	100	25	104	26	119	27	106	28	117	29	115	30	107	31	116	32	117	33	110	34	113	35	109	36	105	37	107	38	112	39	108	40	103	41	117	42	118	43	100	44	103	45	103	46	101	47	111	48	109	49	114	
	0	106	1	101	2	116	3	119	4	117	5	106	6	109	7	118	8	103	9	101	10	105	11	103	12	100	13	112	14	107	15	110	16	101	17	116	18	109	19	116	20	111	21	116	22	113	23	106	24	114	25	110	26	111	27	108	28	120	29	118	30	103	31	101	32	103	33	115	34	116	35	106	36	105	37	114	38	104	39	114	40	103	41	104	42	113	43	117	44	114	45	104	46	108	47	101	48	105	49	118	
	0	115	1	110	2	110	3	111	4	101	5	118	6	116	7	106	8	103	9	101	10	106	11	107	12	120	13	108	14	104	15	115	16	108	17	111	18	104	19	115	20	111	21	100	22	120	23	110	24	108	25	103	26	111	27	101	28	107	29	103	30	106	31	116	32	110	33	107	34	102	35	101	36	107	37	101	38	117	39	102	40	118	41	103	42	116	43	102	44	109	45	101	46	107	47	115	48	106	49	101	
	0	115	1	109	2	119	3	116	4	110	5	106	6	103	7	109	8	118	9	117	10	120	11	113	12	117	13	108	14	106	15	119	16	110	17	110	18	108	19	107	20	120	21	118	22	116	23	103	24	113	25	103	26	104	27	101	28	102	29	111	30	105	31	106	32	115	33	104	34	120	35	112	36	104	37	101	38	103	39	107	40	120	41	102	42	109	43	100	44	117	45	104	46	103	47	119	48	107	49	110	
	0	100	1	114	2	111	3	101	4	110	5	108	6	112	7	102	8	109	9	119	10	114	11	116	12	104	13	107	14	115	15	111	16	106	17	106	18	105	19	105	20	118	21	104	22	105	23	115	24	111	25	105	26	101	27	111	28	109	29	116	30	100	31	119	32	118	33	109	34	113	35	117	36	106	37	115	38	101	39	106	40	116	41	115	42	105	43	106	44	108	45	101	46	109	47	100	48	120	49	100	
	0	102	1	102	2	102	3	103	4	101	5	105	6	112	7	118	8	110	9	108	10	119	11	102	12	104	13	120	14	115	15	114	16	102	17	108	18	111	19	101	20	113	21	110	22	103	23	106	24	103	25	113	26	115	27	120	28	113	29	112	30	102	31	108	32	109	33	115	34	103	35	105	36	119	37	115	38	113	39	117	40	103	41	114	42	107	43	111	44	101	45	107	46	101	47	110	48	104	49	117	
	0	119	1	111	2	101	3	100	4	118	5	116	6	112	7	104	8	108	9	118	10	105	11	106	12	105	13	119	14	115	15	102	16	105	17	107	18	112	19	118	20	118	21	114	22	101	23	102	24	107	25	120	26	115	27	103	28	103	29	115	30	114	31	104	32	103	33	111	34	106	35	119	36	114	37	109	38	108	39	100	40	117	41	108	42	101	43	116	44	107	45	119	46	107	47	116	48	114	49	103	
	0	109	1	112	2	101	3	114	4	120	5	110	6	120	7	119	8	106	9	120	10	108	11	120	12	119	13	116	14	116	15	117	16	108	17	116	18	114	19	116	20	108	21	120	22	108	23	111	24	101	25	107	26	120	27	102	28	116	29	113	30	120	31	111	32	100	33	105	34	117	35	105	36	104	37	110	38	102	39	113	40	118	41	113	42	114	43	108	44	105	45	116	46	116	47	116	48	103	49	111	
	0	114	1	111	2	119	3	115	4	107	5	113	6	106	7	112	8	115	9	109	10	109	11	108	12	118	13	104	14	115	15	118	16	115	17	103	18	100	19	109	20	120	21	112	22	109	23	114	24	104	25	102	26	105	27	104	28	100	29	114	30	110	31	103	32	119	33	109	34	117	35	112	36	115	37	100	38	110	39	102	40	119	41	117	42	105	43	108	44	100	45	107	46	115	47	109	48	116	49	101	
	0	116	1	114	2	101	3	102	4	104	5	110	6	111	7	106	8	104	9	118	10	120	11	115	12	110	13	110	14	103	15	118	16	116	17	115	18	112	19	100	20	115	21	110	22	112	23	115	24	118	25	114	26	103	27	119	28	105	29	119	30	108	31	106	32	119	33	111	34	113	35	104	36	114	37	107	38	120	39	105	40	115	41	115	42	102	43	112	44	102	45	100	46	118	47	107	48	104	49	104	
	0	107	1	113	2	113	3	116	4	109	5	101	6	113	7	106	8	116	9	110	10	101	11	109	12	107	13	118	14	118	15	115	16	111	17	105	18	100	19	118	20	116	21	104	22	111	23	103	24	111	25	111	26	109	27	106	28	113	29	120	30	105	31	103	32	108	33	107	34	102	35	116	36	119	37	103	38	109	39	120	40	108	41	119	42	112	43	117	44	118	45	115	46	107	47	109	48	103	49	118	
	0	105	1	115	2	113	3	103	4	107	5	102	6	109	7	102	8	102	9	105	10	111	11	116	12	100	13	118	14	114	15	103	16	118	17	120	18	109	19	116	20	109	21	116	22	115	23	114	24	117	25	114	26	119	27	109	28	109	29	101	30	102	31	110	32	120	33	104	34	120	35	106	36	111	37	116	38	111	39	104	40	109	41	107	42	117	43	105	44	118	45	116	46	115	47	104	48	113	49	117	
	0	112	1	114	2	102	3	119	4	109	5	102	6	118	7	117	8	117	9	120	10	106	11	113	12	108	13	120	14	110	15	100	16	100	17	106	18	110	19	103	20	104	21	118	22	114	23	107	24	100	25	102	26	101	27	100	28	120	29	115	30	110	31	119	32	108	33	117	34	119	35	107	36	117	37	104	38	102	39	110	40	100	41	112	42	100	43	119	44	101	45	110	46	113	47	114	48	120	49	118	
	0	116	1	115	2	110	3	117	4	118	5	112	6	100	7	120	8	116	9	100	10	112	11	113	12	102	13	117	14	113	15	110	16	120	17	117	18	109	19	114	20	104	21	113	22	104	23	107	24	104	25	102	26	113	27	115	28	111	29	100	30	102	31	107	32	104	33	109	34	120	35	111	36	111	37	104	38	116	39	100	40	100	41	109	42	116	43	101	44	107	45	113	46	107	47	115	48	108	49	107	
	0	106	1	100	2	111	3	111	4	115	5	111	6	112	7	103	8	100	9	112	10	120	11	120	12	110	13	118	14	112	15	103	16	102	17	109	18	106	19	106	20	114	21	101	22	107	23	118	24	110	25	105	26	100	27	102	28	119	29	110	30	114	31	115	32	102	33	108	34	103	35	104	36	117	37	110	38	104	39	113	40	114	41	115	42	109	43	118	44	105	45	103	46	101	47	105	48	115	49	111	
	0	100	1	114	2	101	3	110	4	106	5	105	6	114	7	103	8	105	9	114	10	104	11	110	12	111	13	107	14	100	15	106	16	119	17	103	18	116	19	117	20	113	21	117	22	116	23	118	24	107	25	109	26	105	27	116	28	113	29	106	30	109	31	111	32	112	33	117	34	100	35	104	36	100	37	108	38	100	39	111	40	104	41	116	42	111	43	111	44	113	45	107	46	109	47	100	48	100	49	103	
	0	111	1	106	2	103	3	117	4	109	5	108	6	120	7	102	8	114	9	117	10	109	11	112	12	107	13	108	14	106	15	113	16	110	17	100	18	108	19	116	20	100	21	102	22	118	23	107	24	105	25	117	26	104	27	103	28	114	29	109	30	116	31	118	32	116	33	107	34	117	35	116	36	105	37	113	38	113	39	108	40	101	41	117	42	118	43	104	44	100	45	106	46	120	47	111	48	102	49	118	
	0	112	1	110	2	110	3	117	4	107	5	118	6	118	7	106	8	104	9	117	10	118	11	106	12	115	13	116	14	116	15	105	16	101	17	118	18	113	19	103	20	106	21	102	22	113	23	101	24	110	25	118	26	119	27	105	28	111	29	104	30	103	31	110	32	106	33	104	34	109	35	101	36	103	37	101	38	110	39	112	40	117	41	111	42	115	43	119	44	103	45	119	46	117	47	105	48	106	49	103	
	0	119	1	115	2	113	3	101	4	100	5	115	6	105	7	100	8	119	9	108	10	101	11	109	12	101	13	120	14	101	15	114	16	102	17	119	18	110	19	109	20	117	21	110	22	118	23	106	24	114	25	106	26	117	27	119	28	115	29	103	30	117	31	120	32	103	33	117	34	106	35	105	36	112	37	114	38	113	39	116	40	112	41	106	42	101	43	100	44	104	45	105	46	107	47	120	48	103	49	107	
	0	115	1	116	2	100	3	116	4	111	5	119	6	115	7	119	8	107	9	105	10	112	11	119	12	102	13	106	14	114	15	102	16	115	17	114	18	104	19	106	20	120	21	113	22	104	23	112	24	118	25	105	26	116	27	103	28	105	29	105	30	113	31	117	32	112	33	109	34	103	35	106	36	109	37	105	38	114	39	116	40	100	41	113	42	101	43	118	44	118	45	114	46	110	47	116	48	120	49	118	
	0	101	1	120	2	100	3	110	4	109	5	105	6	110	7	111	8	115	9	101	10	105	11	101	12	116	13	110	14	117	15	116	16	116	17	104	18	105	19	120	20	112	21	106	22	108	23	112	24	103	25	111	26	111	27	115	28	119	29	111	30	110	31	116	32	107	33	108	34	112	35	102	36	102	37	113	38	105	39	119	40	119	41	114	42	116	43	112	44	114	45	103	46	120	47	111	48	102	49	103	
	0	112	1	118	2	103	3	105	4	120	5	109	6	114	7	101	8	100	9	104	10	114	11	105	12	114	13	119	14	105	15	108	16	102	17	101	18	109	19	107	20	116	21	116	22	120	23	106	24	111	25	111	26	119	27	116	28	118	29	109	30	109	31	100	32	112	33	115	34	107	35	103	36	105	37	106	38	109	39	114	40	119	41	110	42	120	43	110	44	113	45	104	46	102	47	118	48	117	49	101	
	0	113	1	115	2	105	3	111	4	105	5	118	6	112	7	105	8	104	9	113	10	115	11	111	12	100	13	114	14	118	15	103	16	112	17	102	18	102	19	109	20	118	21	115	22	117	23	113	24	100	25	111	26	103	27	118	28	115	29	102	30	119	31	112	32	113	33	117	34	115	35	114	36	100	37	100	38	102	39	116	40	109	41	109	42	117	43	120	44	117	45	108	46	118	47	104	48	114	49	104	
	0	118	1	100	2	108	3	107	4	108	5	108	6	109	7	117	8	118	9	103	10	119	11	109	12	114	13	117	14	119	15	110	16	104	17	120	18	104	19	105	20	117	21	117	22	108	23	102	24	110	25	118	26	102	27	115	28	114	29	112	30	101	31	104	32	100	33	100	34	119	35	115	36	111	37	113	38	107	39	106	40	112	41	114	42	115	43	104	44	112	45	103	46	113	47	102	48	115	49	112	
	0	114	1	116	2	105	3	119	4	105	5	106	6	119	7	120	8	112	9	117	10	103	11	115	12	120	13	117	14	109	15	108	16	112	17	112	18	101	19	110	20	105	21	116	22	112	23	109	24	107	25	110	26	113	27	115	28	108	29	109	30	113	31	109	32	104	33	103	34	101	35	113	36	108	37	103	38	100	39	103	40	110	41	110	42	102	43	105	44	111	45	100	46	115	47	119	48	104	49	117	
	0	109	1	108	2	103	3	115	4	114	5	114	6	111	7	119	8	116	9	110	10	120	11	105	12	103	13	103	14	113	15	113	16	109	17	110	18	118	19	103	20	110	21	115	22	105	23	103	24	118	25	110	26	107	27	115	28	114	29	117	30	101	31	105	32	114	33	118	34	116	35	117	36	116	37	109	38	115	39	112	40	107	41	111	42	102	43	112	44	113	45	119	46	112	47	104	48	106	49	106	
	0	108	1	111	2	120	3	109	4	106	5	106	6	110	7	102	8	107	9	104	10	102	11	112	12	116	13	102	14	105	15	107	16	107	17	101	18	113	19	120	20	109	21	104	22	118	23	113	24	119	25	113	26	113	27	111	28	104	29	113	30	103	31	107	32	112	33	111	34	120	35	101	36	105	37	114	38	109	39	115	40	101	41	100	42	119	43	114	44	120	45	110	46	119	47	111	48	100	49	107	
	0	117	1	108	2	118	3	118	4	116	5	117	6	116	7	111	8	109	9	110	10	109	11	119	12	110	13	113	14	116	15	109	16	110	17	120	18	112	19	113	20	105	21	113	22	110	23	104	24	100	25	103	26	114	27	112	28	112	29	105	30	104	31	103	32	106	33	102	34	110	35	114	36	120	37	118	38	108	39	106	40	115	41	102	42	119	43	108	44	109	45	114	46	116	47	104	48	119	49	102	
	0	108	1	113	2	113	3	103	4	102	5	106	6	110	7	104	8	114	9	105	10	116	11	103	12	112	13	110	14	104	15	107	16	107	17	120	18	111	19	118	20	116	21	115	22	101	23	114	24	117	25	113	26	116	27	111	28	112	29	118	30	118	31	115	32	101	33	102	34	115	35	117	36	108	37	102	38	111	39	109	40	109	41	119	42	120	43	113	44	116	45	102	46	105	47	106	48	109	49	117	
	0	120	1	101	2	116	3	106	4	115	5	103	6	109	7	108	8	106	9	112	10	111	11	100	12	104	13	118	14	120	15	107	16	119	17	117	18	107	19	100	20	110	21	116	22	103	23	117	24	120	25	116	26	109	27	107	28	104	29	110	30	104	31	102	32	108	33	107	34	103	35	108	36	101	37	113	38	111	39	117	40	120	41	118	42	109	43	101	44	114	45	110	46	102	47	107	48	112	49	115	
	0	110	1	108	2	112	3	112	4	118	5	105	6	104	7	104	8	107	9	113	10	109	11	112	12	106	13	101	14	117	15	112	16	104	17	101	18	109	19	119	20	106	21	113	22	105	23	108	24	117	25	114	26	117	27	107	28	117	29	107	30	110	31	118	32	113	33	101	34	112	35	103	36	119	37	120	38	110	39	111	40	100	41	105	42	105	43	118	44	109	45	104	46	114	47	109	48	114	49	106	
	0	111	1	115	2	108	3	111	4	108	5	117	6	107	7	119	8	111	9	117	10	115	11	104	12	119	13	112	14	117	15	114	16	114	17	101	18	112	19	112	20	108	21	108	22	119	23	105	24	107	25	111	26	113	27	109	28	109	29	106	30	104	31	105	32	103	33	117	34	107	35	107	36	103	37	109	38	100	39	112	40	111	41	120	42	111	43	115	44	118	45	110	46	111	47	120	48	114	49	100	
	0	106	1	108	2	102	3	111	4	120	5	103	6	120	7	101	8	118	9	109	10	102	11	120	12	114	13	103	14	111	15	108	16	119	17	112	18	112	19	112	20	107	21	108	22	112	23	103	24	116	25	113	26	116	27	109	28	105	29	104	30	116	31	110	32	116	33	114	34	105	35	100	36	104	37	118	38	107	39	107	40	113	41	120	42	115	43	111	44	115	45	114	46	106	47	113	48	100	49	105	
	0	103	1	110	2	108	3	110	4	107	5	105	6	113	7	108	8	103	9	104	10	110	11	110	12	112	13	117	14	109	15	110	16	107	17	116	18	106	19	101	20	109	21	115	22	103	23	111	24	103	25	105	26	116	27	108	28	117	29	101	30	114	31	101	32	113	33	104	34	107	35	113	36	100	37	115	38	105	39	109	40	118	41	104	42	115	43	105	44	104	45	108	46	107	47	112	48	119	49	109	
	0	120	1	105	2	106	3	105	4	115	5	111	6	106	7	113	8	106	9	101	10	111	11	118	12	107	13	107	14	102	15	108	16	102	17	107	18	100	19	118	20	100	21	101	22	105	23	116	24	116	25	112	26	116	27	109	28	106	29	105	30	106	31	113	32	101	33	119	34	107	35	105	36	118	37	111	38	105	39	113	40	113	41	106	42	100	43	112	44	120	45	100	46	120	47	114	48	105	49	115	
	0	110	1	110	2	119	3	110	4	108	5	104	6	104	7	117	8	117	9	118	10	114	11	104	12	118	13	114	14	100	15	111	16	101	17	102	18	115	19	100	20	113	21	120	22	113	23	109	24	105	25	118	26	117	27	107	28	104	29	109	30	114	31	111	32	103	33	101	34	115	35	113	36	103	37	111	38	112	39	106	40	118	41	118	42	103	43	100	44	120	45	110	46	111	47	116	48	116	49	105	
	0	117	1	109	2	101	3	107	4	112	5	105	6	120	7	110	8	118	9	113	10	106	11	115	12	113	13	113	14	116	15	104	16	111	17	114	18	114	19	107	20	107	21	109	22	115	23	103	24	113	25	111	26	120	27	103	28	112	29	102	30	102	31	110	32	104	33	113	34	103	35	103	36	111	37	114	38	111	39	118	40	119	41	120	42	103	43	111	44	100	45	117	46	117	47	114	48	109	49	111	
	0	116	1	105	2	113	3	119	4	117	5	107	6	109	7	116	8	112	9	104	10	118	11	105	12	116	13	110	14	110	15	114	16	102	17	113	18	102	19	100	20	104	21	109	22	112	23	113	24	104	25	120	26	119	27	103	28	104	29	109	30	114	31	120	32	104	33	113	34	115	35	100	36	112	37	111	38	119	39	105	40	100	41	102	42	109	43	120	44	119	45	104	46	113	47	110	48	112	49	108	
	0	109	1	109	2	120	3	114	4	114	5	120	6	109	7	120	8	100	9	116	10	109	11	114	12	112	13	118	14	101	15	103	16	112	17	118	18	101	19	114	20	116	21	114	22	107	23	106	24	100	25	112	26	106	27	102	28	115	29	118	30	119	31	102	32	102	33	113	34	114	35	108	36	119	37	105	38	108	39	118	40	119	41	117	42	103	43	114	44	115	45	103	46	116	47	105	48	104	49	107	
	0	101	1	116	2	113	3	109	4	108	5	105	6	114	7	103	8	115	9	110	10	100	11	115	12	106	13	109	14	116	15	114	16	116	17	109	18	100	19	106	20	103	21	105	22	119	23	114	24	107	25	101	26	109	27	108	28	116	29	112	30	102	31	115	32	111	33	107	34	108	35	106	36	106	37	110	38	105	39	108	40	109	41	108	42	114	43	107	44	114	45	112	46	118	47	103	48	111	49	100	
	0	114	1	120	2	118	3	108	4	116	5	111	6	113	7	113	8	111	9	114	10	118	11	104	12	112	13	102	14	100	15	100	16	116	17	113	18	115	19	120	20	112	21	119	22	106	23	113	24	117	25	117	26	116	27	104	28	118	29	113	30	100	31	117	32	116	33	117	34	117	35	102	36	115	37	111	38	113	39	109	40	107	41	100	42	119	43	100	44	101	45	108	46	104	47	103	48	120	49	101	
	0	102	1	109	2	106	3	111	4	104	5	113	6	113	7	116	8	118	9	102	10	103	11	107	12	102	13	116	14	105	15	107	16	104	17	110	18	112	19	112	20	113	21	106	22	100	23	108	24	118	25	105	26	117	27	106	28	115	29	101	30	120	31	118	32	116	33	111	34	113	35	113	36	114	37	105	38	115	39	105	40	102	41	110	42	115	43	114	44	120	45	100	46	105	47	112	48	103	49	110	
	0	104	1	118	2	103	3	115	4	102	5	100	6	102	7	107	8	112	9	111	10	100	11	112	12	104	13	116	14	108	15	109	16	111	17	120	18	110	19	106	20	100	21	111	22	117	23	118	24	108	25	101	26	120	27	108	28	106	29	119	30	103	31	100	32	119	33	115	34	117	35	103	36	100	37	111	38	104	39	117	40	108	41	108	42	109	43	113	44	100	45	119	46	116	47	111	48	118	49	117	
	0	113	1	107	2	110	3	111	4	113	5	111	6	115	7	112	8	114	9	117	10	104	11	116	12	102	13	102	14	102	15	114	16	116	17	102	18	115	19	105	20	105	21	100	22	110	23	102	24	109	25	106	26	104	27	117	28	110	29	100	30	104	31	109	32	101	33	100	34	118	35	118	36	115	37	106	38	105	39	103	40	109	41	108	42	101	43	109	44	107	45	119	46	120	47	115	48	104	49	110	
	0	113	1	110	2	114	3	112	4	118	5	104	6	106	7	113	8	115	9	104	10	108	11	110	12	103	13	110	14	116	15	106	16	110	17	112	18	112	19	102	20	107	21	101	22	119	23	111	24	100	25	100	26	120	27	100	28	116	29	120	30	114	31	118	32	102	33	104	34	110	35	113	36	118	37	103	38	100	39	113	40	106	41	102	42	104	43	104	44	120	45	115	46	117	47	120	48	112	49	118	
	0	104	1	116	2	100	3	116	4	104	5	113	6	112	7	111	8	106	9	111	10	106	11	111	12	103	13	103	14	112	15	103	16	114	17	112	18	101	19	104	20	116	21	117	22	117	23	111	24	118	25	115	26	120	27	105	28	105	29	112	30	101	31	110	32	114	33	114	34	105	35	105	36	116	37	106	38	106	39	117	40	112	41	107	42	112	43	116	44	115	45	112	46	117	47	108	48	113	49	120	
	0	119	1	100	2	106	3	114	4	119	5	116	6	112	7	108	8	118	9	115	10	104	11	111	12	101	13	105	14	110	15	116	16	111	17	114	18	107	19	116	20	119	21	119	22	100	23	110	24	112	25	118	26	107	27	119	28	114	29	112	30	107	31	120	32	118	33	108	34	103	35	116	36	100	37	114	38	116	39	100	40	105	41	114	42	116	43	109	44	118	45	100	46	116	47	114	48	117	49	114	
	0	118	1	119	2	120	3	105	4	116	5	112	6	120	7	113	8	110	9	108	10	110	11	111	12	115	13	116	14	114	15	109	16	112	17	101	18	110	19	117	20	110	21	107	22	113	23	107	24	109	25	104	26	114	27	105	28	120	29	115	30	110	31	103	32	101	33	107	34	116	35	100	36	102	37	104	38	105	39	109	40	101	41	100	42	110	43	103	44	117	45	113	46	104	47	106	48	112	49	106	
	0	109	1	116	2	106	3	108	4	116	5	111	6	108	7	109	8	117	9	100	10	105	11	118	12	101	13	113	14	118	15	100	16	104	17	113	18	106	19	109	20	120	21	120	22	119	23	112	24	101	25	117	26	120	27	106	28	106	29	120	30	109	31	110	32	116	33	119	34	118	35	112	36	105	37	109	38	101	39	116	40	113	41	101	42	112	43	100	44	116	45	109	46	118	47	119	48	117	49	107	
	0	120	1	112	2	119	3	109	4	115	5	108	6	106	7	108	8	113	9	107	10	111	11	109	12	105	13	106	14	105	15	113	16	102	17	102	18	118	19	105	20	112	21	110	22	116	23	117	24	104	25	102	26	120	27	113	28	108	29	100	30	105	31	112	32	102	33	104	34	103	35	102	36	120	37	105	38	115	39	120	40	103	41	100	42	103	43	116	44	104	45	111	46	108	47	112	48	102	49	114	
	0	114	1	119	2	112	3	101	4	108	5	101	6	119	7	100	8	103	9	116	10	108	11	103	12	113	13	120	14	108	15	106	16	120	17	101	18	114	19	119	20	102	21	104	22	115	23	109	24	112	25	118	26	100	27	105	28	109	29	109	30	102	31	117	32	109	33	113	34	118	35	105	36	118	37	103	38	100	39	101	40	101	41	112	42	120	43	107	44	106	45	100	46	120	47	111	48	103	49	101	
	0	114	1	120	2	110	3	115	4	103	5	115	6	103	7	120	8	110	9	115	10	119	11	120	12	109	13	108	14	110	15	116	16	101	17	113	18	115	19	102	20	114	21	118	22	104	23	116	24	115	25	119	26	108	27	100	28	110	29	111	30	114	31	105	32	105	33	119	34	108	35	107	36	116	37	114	38	105	39	113	40	110	41	100	42	120	43	113	44	118	45	111	46	107	47	118	48	104	49	115	
	0	111	1	112	2	104	3	102	4	111	5	112	6	109	7	104	8	112	9	114	10	117	11	106	12	107	13	100	14	108	15	101	16	116	17	118	18	109	19	100	20	111	21	119	22	116	23	116	24	120	25	112	26	110	27	100	28	104	29	117	30	112	31	110	32	113	33	109	34	106	35	116	36	120	37	110	38	113	39	118	40	108	41	100	42	108	43	100	44	111	45	101	46	111	47	105	48	108	49	103	
	0	107	1	120	2	110	3	113	4	107	5	112	6	109	7	108	8	115	9	110	10	118	11	118	12	119	13	105	14	100	15	104	16	100	17	114	18	107	19	105	20	111	21	101	22	102	23	106	24	116	25	110	26	114	27	111	28	107	29	108	30	105	31	112	32	106	33	118	34	113	35	118	36	103	37	117	38	101	39	107	40	116	41	117	42	100	43	106	44	108	45	111	46	108	47	119	48	101	49	110	
	0	106	1	112	2	104	3	114	4	107	5	108	6	102	7	103	8	106	9	104	10	101	11	114	12	113	13	113	14	106	15	110	16	106	17	118	18	106	19	109	20	118	21	102	22	118	23	110	24	120	25	111	26	113	27	111	28	111	29	115	30	115	31	105	32	112	33	101	34	119	35	100	36	114	37	109	38	102	39	108	40	108	41	108	42	114	43	102	44	109	45	108	46	113	47	101	48	102	49	119	
	0	106	1	100	2	108	3	120	4	119	5	117	6	116	7	102	8	100	9	104	10	100	11	120	12	100	13	110	14	101	15	109	16	104	17	100	18	108	19	105	20	102	21	116	22	102	23	117	24	117	25	107	26	103	27	106	28	120	29	120	30	109	31	108	32	108	33	115	34	119	35	108	36	111	37	111	38	112	39	104	40	111	41	103	42	100	43	105	44	110	45	100	46	104	47	119	48	111	49	117	
	0	118	1	120	2	106	3	101	4	114	5	114	6	109	7	111	8	112	9	117	10	107	11	119	12	105	13	108	14	107	15	101	16	108	17	118	18	118	19	118	20	115	21	112	22	101	23	120	24	110	25	119	26	109	27	106	28	110	29	118	30	105	31	107	32	119	33	101	34	117	35	102	36	109	37	114	38	106	39	108	40	105	41	111	42	106	43	111	44	116	45	105	46	116	47	111	48	110	49	115	
	0	104	1	107	2	102	3	106	4	115	5	114	6	114	7	120	8	102	9	109	10	109	11	113	12	102	13	120	14	117	15	114	16	102	17	109	18	109	19	111	20	112	21	114	22	101	23	107	24	116	25	100	26	120	27	106	28	118	29	103	30	110	31	119	32	101	33	119	34	120	35	114	36	104	37	107	38	118	39	118	40	104	41	114	42	100	43	108	44	107	45	101	46	108	47	116	48	102	49	104	
	0	115	1	118	2	112	3	101	4	116	5	118	6	120	7	100	8	105	9	116	10	106	11	114	12	114	13	115	14	119	15	115	16	108	17	109	18	104	19	107	20	120	21	111	22	106	23	103	24	116	25	100	26	106	27	108	28	116	29	109	30	113	31	102	32	120	33	106	34	110	35	108	36	104	37	112	38	104	39	110	40	101	41	109	42	107	43	106	44	116	45	106	46	101	47	104	48	111	49	117	
	0	102	1	103	2	106	3	115	4	110	5	109	6	116	7	112	8	119	9	110	10	103	11	107	12	115	13	104	14	100	15	117	16	104	17	110	18	109	19	112	20	101	21	112	22	105	23	114	24	105	25	106	26	111	27	104	28	101	29	105	30	117	31	118	32	102	33	103	34	113	35	104	36	105	37	110	38	102	39	117	40	100	41	100	42	104	43	108	44	108	45	114	46	113	47	114	48	111	49	105	
	0	118	1	117	2	107	3	113	4	105	5	102	6	119	7	116	8	107	9	112	10	107	11	120	12	101	13	106	14	114	15	101	16	101	17	114	18	104	19	114	20	116	21	115	22	116	23	115	24	107	25	113	26	108	27	120	28	120	29	119	30	109	31	111	32	108	33	109	34	114	35	118	36	116	37	116	38	107	39	120	40	104	41	116	42	101	43	117	44	113	45	110	46	108	47	114	48	100	49	102	
	0	120	1	110	2	116	3	117	4	103	5	108	6	105	7	119	8	104	9	117	10	114	11	100	12	110	13	107	14	111	15	113	16	116	17	100	18	112	19	120	20	118	21	100	22	104	23	114	24	116	25	100	26	110	27	113	28	113	29	113	30	117	31	120	32	106	33	103	34	101	35	120	36	102	37	107	38	114	39	120	40	105	41	117	42	105	43	115	44	101	45	110	46	115	47	116	48	119	49	103	
	0	120	1	109	2	116	3	113	4	107	5	107	6	101	7	101	8	105	9	108	10	108	11	115	12	109	13	101	14	114	15	105	16	120	17	112	18	103	19	107	20	108	21	106	22	109	23	119	24	100	25	100	26	111	27	107	28	109	29	116	30	112	31	101	32	102	33	108	34	117	35	107	36	116	37	113	38	116	39	111	40	114	41	103	42	115	43	109	44	103	45	102	46	100	47	100	48	109	49	114	
	0	120	1	107	2	101	3	106	4	106	5	101	6	109	7	108	8	106	9	100	10	111	11	100	12	107	13	104	14	120	15	112	16	100	17	101	18	117	19	100	20	106	21	115	22	119	23	113	24	107	25	108	26	108	27	110	28	112	29	117	30	100	31	110	32	101	33	101	34	114	35	111	36	116	37	113	38	113	39	110	40	114	41	113	42	109	43	105	44	114	45	115	46	112	47	112	48	120	49	116	
	0	108	1	109	2	119	3	104	4	116	5	113	6	117	7	102	8	110	9	118	10	107	11	102	12	119	13	118	14	116	15	117	16	118	17	116	18	101	19	100	20	110	21	107	22	100	23	113	24	101	25	111	26	117	27	100	28	102	29	112	30	116	31	119	32	108	33	104	34	108	35	113	36	106	37	101	38	117	39	118	40	119	41	117	42	115	43	115	44	120	45	110	46	110	47	104	48	118	49	110	
	0	115	1	120	2	115	3	116	4	120	5	106	6	101	7	100	8	102	9	106	10	103	11	108	12	120	13	115	14	106	15	104	16	105	17	110	18	103	19	112	20	112	21	115	22	103	23	115	24	108	25	113	26	107	27	113	28	117	29	116	30	114	31	108	32	115	33	120	34	105	35	100	36	118	37	106	38	106	39	112	40	106	41	112	42	116	43	107	44	120	45	116	46	116	47	108	48	105	49	114	
	0	100	1	105	2	115	3	107	4	103	5	101	6	101	7	106	8	104	9	109	10	118	11	104	12	114	13	116	14	100	15	117	16	120	17	112	18	115	19	102	20	111	21	120	22	106	23	107	24	100	25	106	26	114	27	113	28	117	29	117	30	102	31	114	32	111	33	120	34	107	35	104	36	107	37	108	38	114	39	120	40	111	41	117	42	104	43	119	44	108	45	103	46	113	47	108	48	108	49	120	
	0	100	1	110	2	103	3	105	4	108	5	100	6	116	7	113	8	117	9	114	10	113	11	108	12	115	13	118	14	114	15	116	16	104	17	116	18	101	19	120	20	112	21	106	22	106	23	113	24	101	25	111	26	102	27	120	28	111	29	107	30	113	31	109	32	119	33	120	34	102	35	113	36	105	37	101	38	100	39	107	40	115	41	100	42	107	43	103	44	116	45	113	46	106	47	112	48	100	49	111	
	0	108	1	110	2	112	3	120	4	115	5	100	6	118	7	112	8	105	9	111	10	110	11	112	12	100	13	114	14	103	15	108	16	105	17	112	18	106	19	101	20	105	21	114	22	114	23	117	24	101	25	103	26	119	27	106	28	105	29	110	30	113	31	101	32	108	33	108	34	111	35	117	36	102	37	102	38	112	39	120	40	115	41	111	42	107	43	110	44	101	45	110	46	107	47	115	48	107	49	111	
	0	112	1	108	2	105	3	108	4	109	5	105	6	114	7	112	8	114	9	113	10	101	11	112	12	108	13	118	14	114	15	104	16	112	17	120	18	116	19	120	20	114	21	111	22	114	23	108	24	113	25	120	26	111	27	106	28	118	29	109	30	100	31	104	32	109	33	118	34	118	35	118	36	115	37	104	38	119	39	114	40	107	41	104	42	114	43	101	44	102	45	107	46	110	47	115	48	107	49	100	
	0	116	1	104	2	116	3	111	4	116	5	120	6	107	7	101	8	109	9	120	10	115	11	119	12	118	13	110	14	108	15	115	16	120	17	100	18	103	19	115	20	100	21	106	22	102	23	117	24	106	25	101	26	117	27	105	28	115	29	115	30	116	31	105	32	100	33	101	34	117	35	109	36	112	37	118	38	104	39	100	40	119	41	117	42	106	43	115	44	105	45	100	46	106	47	107	48	107	49	107	
	0	117	1	113	2	102	3	110	4	107	5	120	6	117	7	109	8	101	9	109	10	101	11	102	12	117	13	109	14	113	15	119	16	105	17	103	18	107	19	110	20	109	21	111	22	114	23	100	24	107	25	114	26	101	27	118	28	107	29	107	30	112	31	115	32	111	33	109	34	119	35	118	36	107	37	108	38	105	39	104	40	107	41	106	42	104	43	101	44	119	45	113	46	117	47	116	48	103	49	104	
	0	102	1	113	2	114	3	111	4	111	5	116	6	103	7	120	8	115	9	100	10	118	11	111	12	113	13	100	14	120	15	112	16	111	17	105	18	114	19	105	20	104	21	107	22	109	23	106	24	118	25	101	26	106	27	109	28	119	29	108	30	106	31	106	32	120	33	112	34	104	35	104	36	114	37	101	38	103	39	104	40	105	41	112	42	112	43	108	44	111	45	114	46	109	47	107	48	117	49	110	
	0	112	1	101	2	117	3	110	4	105	5	118	6	103	7	108	8	102	9	116	10	114	11	109	12	101	13	107	14	114	15	115	16	103	17	103	18	118	19	119	20	101	21	103	22	109	23	112	24	113	25	107	26	114	27	101	28	116	29	100	30	107	31	105	32	113	33	118	34	100	35	101	36	101	37	102	38	118	39	106	40	117	41	102	42	104	43	110	44	120	45	116	46	115	47	115	48	119	49	109	
	0	112	1	115	2	116	3	112	4	103	5	112	6	114	7	100	8	113	9	115	10	110	11	116	12	120	13	113	14	108	15	102	16	119	17	110	18	103	19	111	20	118	21	118	22	105	23	117	24	107	25	112	26	101	27	118	28	120	29	101	30	105	31	114	32	119	33	110	34	101	35	117	36	120	37	110	38	106	39	101	40	111	41	115	42	110	43	100	44	110	45	115	46	118	47	116	48	115	49	103	
	0	119	1	103	2	112	3	118	4	118	5	109	6	119	7	116	8	115	9	117	10	101	11	111	12	100	13	110	14	107	15	103	16	103	17	112	18	100	19	119	20	119	21	105	22	108	23	113	24	102	25	100	26	104	27	101	28	106	29	115	30	111	31	116	32	107	33	106	34	101	35	105	36	116	37	113	38	100	39	112	40	102	41	105	42	120	43	107	44	119	45	102	46	117	47	118	48	106	49	102	
	0	103	1	105	2	111	3	105	4	117	5	105	6	102	7	100	8	106	9	117	10	100	11	108	12	107	13	109	14	120	15	110	16	106	17	112	18	101	19	101	20	103	21	113	22	110	23	118	24	117	25	114	26	114	27	114	28	101	29	102	30	110	31	111	32	107	33	101	34	109	35	108	36	113	37	117	38	113	39	108	40	115	41	113	42	107	43	107	44	114	45	107	46	100	47	102	48	118	49	102	
	0	118	1	109	2	113	3	119	4	107	5	101	6	104	7	100	8	113	9	101	10	103	11	112	12	108	13	108	14	108	15	120	16	108	17	107	18	106	19	106	20	115	21	109	22	108	23	109	24	114	25	103	26	109	27	104	28	105	29	120	30	112	31	109	32	114	33	116	34	112	35	103	36	104	37	105	38	120	39	102	40	105	41	111	42	105	43	118	44	120	45	115	46	119	47	118	48	115	49	117	
	0	105	1	101	2	116	3	103	4	118	5	112	6	101	7	118	8	113	9	100	10	103	11	114	12	119	13	119	14	102	15	110	16	101	17	102	18	115	19	101	20	119	21	117	22	105	23	112	24	108	25	102	26	113	27	117	28	102	29	114	30	111	31	106	32	100	33	110	34	120	35	106	36	106	37	103	38	112	39	120	40	120	41	119	42	102	43	104	44	109	45	113	46	101	47	120	48	101	49	119	
	0	116	1	111	2	113	3	116	4	118	5	113	6	102	7	116	8	107	9	110	10	104	11	109	12	116	13	106	14	103	15	109	16	108	17	111	18	118	19	116	20	105	21	118	22	118	23	104	24	112	25	119	26	111	27	112	28	120	29	115	30	120	31	116	32	111	33	111	34	108	35	114	36	119	37	113	38	109	39	110	40	108	41	114	42	101	43	113	44	110	45	119	46	119	47	109	48	100	49	114	
	0	120	1	113	2	115	3	120	4	111	5	118	6	117	7	100	8	112	9	106	10	118	11	107	12	108	13	104	14	101	15	101	16	102	17	105	18	101	19	113	20	112	21	100	22	118	23	111	24	115	25	112	26	113	27	117	28	106	29	102	30	107	31	106	32	118	33	108	34	105	35	102	36	107	37	119	38	117	39	110	40	109	41	110	42	110	43	105	44	118	45	115	46	116	47	105	48	113	49	105	
	0	116	1	114	2	106	3	117	4	113	5	118	6	119	7	101	8	119	9	113	10	101	11	109	12	103	13	120	14	101	15	109	16	112	17	113	18	107	19	115	20	101	21	120	22	119	23	117	24	117	25	108	26	108	27	113	28	107	29	114	30	109	31	120	32	106	33	101	34	120	35	116	36	102	37	108	38	119	39	107	40	103	41	119	42	112	43	106	44	118	45	107	46	101	47	104	48	107	49	106	
	0	108	1	118	2	104	3	114	4	104	5	120	6	113	7	120	8	103	9	120	10	104	11	117	12	102	13	108	14	118	15	116	16	119	17	115	18	100	19	113	20	115	21	110	22	114	23	106	24	106	25	118	26	115	27	117	28	116	29	109	30	106	31	119	32	119	33	119	34	101	35	106	36	116	37	115	38	100	39	101	40	104	41	108	42	107	43	107	44	119	45	120	46	106	47	107	48	105	49	114	
	0	110	1	103	2	107	3	110	4	105	5	114	6	103	7	115	8	110	9	114	10	116	11	114	12	108	13	104	14	101	15	116	16	110	17	116	18	106	19	104	20	102	21	116	22	101	23	110	24	109	25	108	26	112	27	101	28	118	29	111	30	108	31	104	32	106	33	113	34	106	35	105	36	104	37	120	38	112	39	106	40	103	41	108	42	108	43	115	44	117	45	119	46	108	47	113	48	103	49	100	
	0	100	1	116	2	102	3	110	4	114	5	117	6	107	7	103	8	108	9	109	10	117	11	105	12	113	13	110	14	105	15	101	16	101	17	107	18	110	19	115	20	119	21	114	22	117	23	112	24	113	25	106	26	119	27	118	28	117	29	106	30	115	31	115	32	111	33	100	34	104	35	104	36	119	37	116	38	116	39	115	40	104	41	117	42	117	43	109	44	101	45	112	46	112	47	120	48	111	49	118	
	0	117	1	119	2	116	3	104	4	120	5	116	6	107	7	110	8	103	9	109	10	114	11	103	12	120	13	109	14	119	15	109	16	105	17	102	18	108	19	102	20	108	21	113	22	105	23	105	24	103	25	111	26	109	27	114	28	103	29	101	30	117	31	104	32	106	33	113	34	117	35	119	36	104	37	101	38	110	39	115	40	119	41	117	42	100	43	115	44	116	45	118	46	100	47	116	48	119	49	113	
	0	120	1	106	2	114	3	118	4	102	5	101	6	100	7	117	8	119	9	116	10	106	11	106	12	120	13	111	14	112	15	103	16	108	17	113	18	106	19	114	20	116	21	118	22	104	23	108	24	101	25	104	26	100	27	104	28	112	29	109	30	104	31	115	32	105	33	120	34	117	35	115	36	119	37	108	38	113	39	102	40	106	41	102	42	104	43	106	44	118	45	114	46	118	47	103	48	102	49	108	
	0	100	1	105	2	100	3	109	4	118	5	118	6	100	7	103	8	119	9	113	10	113	11	112	12	115	13	103	14	108	15	115	16	111	17	119	18	101	19	109	20	119	21	109	22	105	23	104	24	111	25	106	26	105	27	100	28	102	29	115	30	108	31	109	32	113	33	106	34	113	35	110	36	111	37	105	38	103	39	104	40	105	41	105	42	105	43	110	44	111	45	114	46	112	47	101	48	105	49	113	
	0	104	1	114	2	105	3	110	4	113	5	113	6	110	7	116	8	114	9	110	10	107	11	114	12	109	13	118	14	102	15	101	16	103	17	101	18	106	19	108	20	117	21	101	22	111	23	116	24	109	25	118	26	105	27	111	28	110	29	109	30	117	31	116	32	117	33	116	34	110	35	120	36	101	37	120	38	103	39	106	40	113	41	107	42	106	43	119	44	102	45	104	46	103	47	113	48	112	49	114	
	0	120	1	103	2	117	3	106	4	116	5	106	6	114	7	105	8	116	9	106	10	109	11	113	12	105	13	107	14	104	15	119	16	102	17	104	18	112	19	114	20	117	21	111	22	119	23	107	24	110	25	101	26	118	27	103	28	115	29	104	30	119	31	114	32	109	33	112	34	112	35	104	36	112	37	104	38	100	39	115	40	106	41	104	42	113	43	116	44	102	45	102	46	113	47	118	48	111	49	112	
	0	110	1	108	2	119	3	120	4	119	5	120	6	115	7	119	8	105	9	114	10	114	11	108	12	115	13	106	14	104	15	108	16	120	17	120	18	100	19	106	20	106	21	113	22	111	23	101	24	118	25	109	26	115	27	120	28	116	29	102	30	115	31	102	32	114	33	100	34	115	35	105	36	103	37	104	38	119	39	106	40	105	41	111	42	119	43	105	44	120	45	110	46	110	47	105	48	111	49	106	
	0	117	1	115	2	117	3	102	4	113	5	105	6	101	7	107	8	111	9	104	10	117	11	107	12	103	13	102	14	104	15	102	16	112	17	104	18	115	19	119	20	120	21	114	22	112	23	105	24	119	25	119	26	112	27	102	28	108	29	120	30	102	31	101	32	115	33	117	34	115	35	114	36	105	37	109	38	104	39	119	40	115	41	110	42	115	43	105	44	110	45	106	46	105	47	107	48	117	49	115	
	0	119	1	118	2	118	3	110	4	107	5	114	6	117	7	103	8	103	9	119	10	116	11	103	12	106	13	112	14	109	15	113	16	116	17	101	18	114	19	106	20	113	21	107	22	104	23	109	24	105	25	106	26	113	27	120	28	100	29	104	30	116	31	111	32	102	33	107	34	117	35	115	36	104	37	116	38	108	39	103	40	120	41	120	42	105	43	109	44	114	45	118	46	107	47	101	48	100	49	107	
	0	114	1	116	2	106	3	118	4	108	5	110	6	100	7	104	8	119	9	107	10	115	11	113	12	101	13	118	14	105	15	118	16	109	17	103	18	115	19	117	20	102	21	114	22	105	23	108	24	111	25	120	26	110	27	107	28	118	29	120	30	111	31	100	32	102	33	106	34	114	35	110	36	120	37	110	38	113	39	104	40	111	41	107	42	110	43	103	44	118	45	108	46	110	47	100	48	106	49	100	
	0	119	1	116	2	102	3	106	4	111	5	117	6	104	7	115	8	112	9	100	10	109	11	113	12	114	13	113	14	100	15	113	16	102	17	111	18	117	19	107	20	103	21	112	22	104	23	104	24	114	25	110	26	104	27	104	28	104	29	107	30	108	31	114	32	107	33	118	34	113	35	117	36	115	37	110	38	105	39	110	40	107	41	104	42	103	43	112	44	116	45	102	46	109	47	119	48	110	49	112	
	0	117	1	114	2	110	3	109	4	113	5	117	6	116	7	119	8	109	9	117	10	102	11	114	12	108	13	115	14	100	15	105	16	120	17	112	18	110	19	101	20	103	21	109	22	101	23	116	24	108	25	120	26	109	27	106	28	118	29	116	30	110	31	116	32	114	33	114	34	106	35	113	36	107	37	102	38	101	39	113	40	111	41	101	42	116	43	106	44	101	45	105	46	107	47	120	48	119	49	108	
	0	115	1	106	2	119	3	111	4	109	5	117	6	120	7	110	8	113	9	110	10	104	11	107	12	116	13	118	14	113	15	107	16	102	17	112	18	120	19	111	20	120	21	120	22	117	23	106	24	103	25	114	26	109	27	106	28	117	29	107	30	118	31	107	32	108	33	113	34	111	35	120	36	112	37	109	38	120	39	102	40	109	41	113	42	102	43	103	44	114	45	106	46	109	47	112	48	113	49	104	
	0	118	1	106	2	113	3	119	4	117	5	115	6	105	7	116	8	109	9	105	10	104	11	120	12	119	13	104	14	111	15	120	16	111	17	117	18	103	19	108	20	118	21	115	22	113	23	100	24	117	25	118	26	103	27	114	28	115	29	101	30	105	31	116	32	106	33	104	34	119	35	111	36	108	37	107	38	104	39	107	40	109	41	101	42	101	43	114	44	101	45	114	46	117	47	119	48	113	49	118	
	0	115	1	109	2	117	3	115	4	101	5	101	6	113	7	114	8	116	9	112	10	109	11	109	12	109	13	120	14	119	15	108	16	100	17	112	18	118	19	114	20	106	21	113	22	113	23	114	24	109	25	102	26	102	27	110	28	112	29	106	30	115	31	113	32	106	33	102	34	106	35	113	36	117	37	100	38	101	39	108	40	120	41	118	42	102	43	119	44	101	45	112	46	102	47	100	48	117	49	106	
	0	107	1	117	2	104	3	114	4	103	5	120	6	117	7	118	8	107	9	107	10	119	11	111	12	105	13	116	14	120	15	108	16	100	17	120	18	102	19	119	20	116	21	104	22	117	23	119	24	116	25	101	26	112	27	109	28	110	29	110	30	116	31	100	32	112	33	120	34	107	35	113	36	110	37	102	38	119	39	119	40	103	41	115	42	112	43	114	44	120	45	104	46	108	47	112	48	100	49	113	
	0	112	1	106	2	111	3	120	4	106	5	115	6	115	7	120	8	116	9	117	10	109	11	115	12	120	13	110	14	101	15	101	16	104	17	106	18	111	19	113	20	116	21	112	22	114	23	101	24	105	25	114	26	109	27	115	28	110	29	107	30	118	31	107	32	106	33	102	34	118	35	100	36	119	37	119	38	105	39	114	40	108	41	102	42	111	43	120	44	120	45	115	46	107	47	107	48	112	49	115	
	0	110	1	102	2	110	3	110	4	103	5	111	6	109	7	118	8	118	9	109	10	103	11	113	12	110	13	100	14	107	15	112	16	120	17	119	18	103	19	111	20	107	21	107	22	117	23	109	24	106	25	114	26	115	27	110	28	117	29	110	30	102	31	111	32	117	33	108	34	119	35	110	36	120	37	104	38	115	39	103	40	109	41	110	42	118	43	105	44	118	45	114	46	101	47	115	48	104	49	109	
	0	119	1	106	2	110	3	119	4	107	5	101	6	111	7	110	8	102	9	105	10	102	11	109	12	107	13	102	14	118	15	110	16	109	17	110	18	117	19	111	20	113	21	109	22	118	23	114	24	117	25	107	26	102	27	104	28	113	29	110	30	104	31	102	32	107	33	109	34	111	35	112	36	103	37	104	38	105	39	102	40	113	41	104	42	116	43	120	44	107	45	111	46	108	47	106	48	117	49	100	
	0	114	1	116	2	117	3	111	4	117	5	114	6	113	7	105	8	116	9	111	10	114	11	115	12	101	13	119	14	109	15	114	16	120	17	104	18	101	19	110	20	101	21	115	22	109	23	109	24	101	25	103	26	119	27	115	28	100	29	110	30	117	31	112	32	104	33	107	34	109	35	118	36	110	37	103	38	101	39	119	40	107	41	111	42	103	43	106	44	108	45	101	46	114	47	119	48	102	49	106	
	0	115	1	110	2	103	3	109	4	105	5	100	6	110	7	107	8	114	9	118	10	101	11	101	12	100	13	108	14	107	15	118	16	113	17	112	18	114	19	107	20	120	21	103	22	105	23	118	24	114	25	114	26	100	27	109	28	119	29	118	30	109	31	107	32	113	33	107	34	114	35	114	36	105	37	114	38	102	39	119	40	120	41	104	42	110	43	120	44	106	45	101	46	116	47	109	48	109	49	105	
	0	119	1	109	2	106	3	104	4	114	5	104	6	102	7	115	8	110	9	102	10	114	11	111	12	114	13	119	14	118	15	100	16	119	17	103	18	100	19	100	20	101	21	102	22	110	23	119	24	118	25	100	26	111	27	107	28	119	29	110	30	113	31	101	32	113	33	113	34	114	35	106	36	100	37	118	38	118	39	116	40	118	41	107	42	114	43	107	44	104	45	100	46	114	47	120	48	114	49	119	
	0	116	1	100	2	103	3	116	4	117	5	105	6	113	7	120	8	105	9	115	10	115	11	110	12	112	13	111	14	103	15	108	16	109	17	119	18	103	19	104	20	114	21	103	22	103	23	100	24	119	25	120	26	110	27	103	28	100	29	114	30	113	31	116	32	112	33	110	34	102	35	114	36	105	37	109	38	119	39	108	40	104	41	114	42	106	43	102	44	119	45	119	46	112	47	101	48	100	49	103	
	0	108	1	119	2	103	3	108	4	114	5	117	6	104	7	114	8	110	9	106	10	118	11	104	12	113	13	120	14	119	15	101	16	113	17	110	18	113	19	115	20	103	21	114	22	109	23	113	24	102	25	108	26	109	27	101	28	115	29	113	30	113	31	108	32	114	33	111	34	115	35	115	36	115	37	103	38	118	39	100	40	112	41	113	42	104	43	112	44	120	45	115	46	102	47	115	48	102	49	117	
	0	119	1	100	2	118	3	117	4	119	5	118	6	114	7	104	8	109	9	120	10	105	11	104	12	111	13	102	14	110	15	113	16	105	17	106	18	105	19	102	20	104	21	101	22	112	23	111	24	105	25	109	26	103	27	105	28	103	29	105	30	120	31	108	32	106	33	106	34	113	35	106	36	115	37	116	38	116	39	104	40	117	41	120	42	119	43	114	44	107	45	103	46	108	47	111	48	111	49	108	
	0	103	1	113	2	105	3	100	4	109	5	120	6	104	7	105	8	104	9	117	10	106	11	112	12	109	13	109	14	114	15	110	16	119	17	116	18	105	19	103	20	109	21	106	22	113	23	104	24	108	25	110	26	100	27	111	28	100	29	100	30	115	31	107	32	118	33	111	34	109	35	113	36	115	37	109	38	118	39	117	40	117	41	109	42	112	43	100	44	119	45	117	46	102	47	101	48	110	49	114	
	0	115	1	103	2	101	3	109	4	116	5	106	6	108	7	109	8	113	9	120	10	113	11	112	12	118	13	102	14	114	15	114	16	111	17	101	18	103	19	117	20	110	21	104	22	114	23	114	24	101	25	111	26	118	27	116	28	111	29	109	30	111	31	112	32	100	33	108	34	115	35	110	36	115	37	119	38	109	39	120	40	102	41	101	42	119	43	108	44	108	45	103	46	110	47	117	48	102	49	119	
	0	109	1	117	2	117	3	118	4	110	5	100	6	110	7	101	8	113	9	120	10	104	11	101	12	106	13	113	14	109	15	114	16	113	17	104	18	114	19	101	20	102	21	107	22	100	23	119	24	118	25	110	26	100	27	116	28	109	29	108	30	106	31	118	32	120	33	115	34	109	35	119	36	105	37	112	38	116	39	120	40	102	41	104	42	120	43	116	44	116	45	120	46	104	47	117	48	114	49	118	
	0	117	1	116	2	105	3	112	4	105	5	115	6	118	7	107	8	110	9	105	10	118	11	109	12	107	13	110	14	101	15	107	16	119	17	100	18	101	19	114	20	111	21	103	22	103	23	120	24	113	25	109	26	112	27	116	28	105	29	108	30	118	31	102	32	108	33	118	34	111	35	110	36	120	37	109	38	106	39	111	40	102	41	109	42	105	43	117	44	108	45	109	46	119	47	118	48	120	49	101	
	0	109	1	102	2	100	3	100	4	102	5	107	6	104	7	119	8	115	9	111	10	116	11	102	12	115	13	113	14	112	15	101	16	107	17	107	18	113	19	104	20	106	21	103	22	106	23	119	24	120	25	114	26	106	27	102	28	120	29	115	30	108	31	105	32	100	33	112	34	115	35	110	36	118	37	120	38	119	39	103	40	113	41	104	42	115	43	103	44	120	45	100	46	105	47	120	48	107	49	105	
	0	106	1	109	2	111	3	118	4	114	5	110	6	103	7	116	8	112	9	119	10	114	11	119	12	119	13	111	14	113	15	100	16	116	17	111	18	116	19	117	20	115	21	113	22	108	23	112	24	116	25	106	26	112	27	110	28	113	29	102	30	106	31	118	32	118	33	114	34	105	35	105	36	105	37	110	38	108	39	117	40	106	41	107	42	118	43	111	44	111	45	110	46	114	47	120	48	114	49	113	
	0	119	1	109	2	111	3	104	4	119	5	111	6	104	7	111	8	120	9	109	10	111	11	106	12	108	13	101	14	103	15	116	16	102	17	118	18	104	19	110	20	113	21	105	22	116	23	115	24	109	25	113	26	113	27	110	28	109	29	104	30	103	31	116	32	106	33	116	34	108	35	109	36	108	37	120	38	100	39	110	40	110	41	103	42	114	43	119	44	111	45	120	46	101	47	100	48	108	49	110	
	0	103	1	103	2	103	3	104	4	107	5	101	6	120	7	115	8	115	9	120	10	105	11	104	12	101	13	100	14	111	15	111	16	118	17	118	18	112	19	103	20	120	21	114	22	113	23	118	24	104	25	102	26	107	27	104	28	104	29	119	30	102	31	105	32	100	33	114	34	101	35	112	36	106	37	105	38	106	39	100	40	111	41	119	42	103	43	103	44	112	45	108	46	120	47	103	48	107	49	116	
	0	114	1	106	2	107	3	101	4	118	5	114	6	102	7	113	8	101	9	106	10	104	11	120	12	109	13	109	14	113	15	117	16	107	17	119	18	109	19	111	20	115	21	102	22	116	23	112	24	117	25	111	26	115	27	110	28	112	29	106	30	115	31	101	32	119	33	104	34	119	35	119	36	113	37	100	38	105	39	102	40	106	41	117	42	109	43	115	44	107	45	107	46	106	47	113	48	103	49	101	
	0	110	1	111	2	102	3	116	4	109	5	119	6	117	7	104	8	110	9	106	10	106	11	103	12	108	13	116	14	106	15	103	16	120	17	104	18	106	19	109	20	105	21	115	22	115	23	104	24	115	25	119	26	119	27	106	28	110	29	115	30	112	31	113	32	112	33	112	34	119	35	118	36	105	37	105	38	105	39	108	40	113	41	107	42	100	43	115	44	120	45	110	46	114	47	118	48	106	49	116	
	0	113	1	101	2	114	3	104	4	100	5	104	6	117	7	105	8	119	9	116	10	103	11	112	12	105	13	111	14	119	15	108	16	119	17	106	18	101	19	114	20	112	21	100	22	110	23	113	24	120	25	107	26	119	27	114	28	100	29	107	30	103	31	120	32	113	33	105	34	113	35	105	36	112	37	109	38	113	39	107	40	100	41	105	42	118	43	117	44	119	45	113	46	103	47	102	48	115	49	107	
	0	112	1	106	2	111	3	111	4	113	5	106	6	106	7	106	8	111	9	117	10	100	11	102	12	109	13	117	14	102	15	119	16	118	17	115	18	101	19	118	20	117	21	117	22	100	23	101	24	113	25	109	26	107	27	117	28	112	29	104	30	109	31	114	32	116	33	106	34	104	35	110	36	112	37	109	38	118	39	101	40	101	41	103	42	101	43	112	44	103	45	112	46	117	47	113	48	117	49	113	
	0	120	1	110	2	114	3	118	4	110	5	118	6	113	7	116	8	115	9	114	10	112	11	106	12	114	13	104	14	103	15	115	16	112	17	120	18	102	19	110	20	111	21	116	22	120	23	119	24	105	25	100	26	102	27	103	28	108	29	110	30	109	31	119	32	101	33	106	34	118	35	108	36	113	37	108	38	120	39	104	40	105	41	101	42	110	43	113	44	114	45	116	46	115	47	112	48	120	49	111	
	0	110	1	115	2	103	3	103	4	106	5	106	6	103	7	109	8	102	9	111	10	100	11	101	12	102	13	102	14	106	15	119	16	105	17	101	18	110	19	115	20	115	21	102	22	109	23	111	24	119	25	116	26	107	27	109	28	105	29	116	30	114	31	115	32	109	33	106	34	112	35	105	36	108	37	105	38	104	39	120	40	118	41	116	42	107	43	115	44	107	45	103	46	100	47	116	48	119	49	120	
	0	100	1	100	2	109	3	113	4	119	5	104	6	103	7	116	8	115	9	120	10	116	11	109	12	106	13	102	14	104	15	103	16	100	17	104	18	119	19	101	20	118	21	103	22	102	23	102	24	103	25	100	26	112	27	118	28	102	29	111	30	120	31	113	32	113	33	105	34	112	35	105	36	103	37	112	38	114	39	115	40	100	41	112	42	108	43	104	44	114	45	113	46	108	47	115	48	111	49	104	
	0	117	1	118	2	101	3	104	4	109	5	117	6	120	7	105	8	107	9	112	10	113	11	120	12	112	13	103	14	106	15	120	16	110	17	110	18	113	19	109	20	112	21	115	22	101	23	105	24	112	25	110	26	120	27	115	28	112	29	109	30	102	31	100	32	110	33	100	34	110	35	103	36	115	37	103	38	111	39	104	40	116	41	104	42	103	43	114	44	100	45	102	46	111	47	116	48	117	49	106	
	0	112	1	117	2	120	3	120	4	119	5	105	6	103	7	112	8	100	9	118	10	100	11	119	12	103	13	100	14	119	15	115	16	118	17	114	18	119	19	117	20	104	21	114	22	114	23	109	24	104	25	101	26	120	27	119	28	108	29	116	30	101	31	116	32	101	33	115	34	119	35	109	36	105	37	110	38	108	39	117	40	105	41	109	42	110	43	106	44	104	45	117	46	119	47	116	48	117	49	108	
	0	107	1	117	2	104	3	119	4	115	5	114	6	112	7	109	8	105	9	115	10	105	11	101	12	110	13	108	14	116	15	108	16	113	17	103	18	112	19	102	20	104	21	114	22	101	23	115	24	100	25	120	26	111	27	101	28	106	29	120	30	109	31	110	32	106	33	105	34	114	35	104	36	115	37	111	38	107	39	115	40	114	41	108	42	110	43	118	44	120	45	112	46	112	47	108	48	117	49	103	
	0	107	1	117	2	103	3	116	4	106	5	115	6	116	7	106	8	109	9	108	10	112	11	103	12	116	13	119	14	118	15	111	16	119	17	115	18	100	19	103	20	103	21	114	22	116	23	113	24	111	25	114	26	116	27	113	28	117	29	103	30	111	31	114	32	107	33	120	34	117	35	104	36	116	37	116	38	103	39	115	40	117	41	119	42	104	43	119	44	109	45	104	46	111	47	116	48	104	49	110	
	0	108	1	111	2	105	3	103	4	110	5	109	6	106	7	108	8	117	9	108	10	111	11	101	12	107	13	107	14	119	15	114	16	115	17	119	18	116	19	120	20	108	21	101	22	104	23	102	24	114	25	102	26	107	27	114	28	112	29	104	30	109	31	107	32	120	33	103	34	109	35	104	36	104	37	112	38	106	39	103	40	109	41	119	42	119	43	113	44	107	45	105	46	100	47	107	48	112	49	107	
	0	100	1	114	2	119	3	100	4	118	5	117	6	110	7	113	8	102	9	100	10	102	11	101	12	113	13	102	14	103	15	110	16	104	17	109	18	113	19	119	20	114	21	109	22	105	23	105	24	120	25	100	26	103	27	102	28	100	29	114	30	110	31	110	32	107	33	113	34	112	35	112	36	102	37	118	38	103	39	113	40	119	41	108	42	100	43	109	44	111	45	102	46	113	47	120	48	114	49	109	
	0	120	1	112	2	101	3	113	4	100	5	115	6	115	7	118	8	118	9	120	10	104	11	110	12	106	13	100	14	105	15	118	16	109	17	111	18	103	19	113	20	115	21	104	22	114	23	116	24	119	25	119	26	111	27	114	28	103	29	104	30	113	31	109	32	113	33	106	34	120	35	109	36	118	37	112	38	109	39	111	40	105	41	105	42	106	43	107	44	111	45	112	46	120	47	100	48	103	49	115	
	0	105	1	100	2	116	3	101	4	112	5	107	6	104	7	103	8	109	9	112	10	104	11	110	12	115	13	111	14	115	15	117	16	101	17	103	18	111	19	104	20	104	21	109	22	104	23	102	24	116	25	110	26	117	27	119	28	102	29	116	30	105	31	110	32	116	33	108	34	102	35	102	36	110	37	120	38	107	39	106	40	120	41	109	42	108	43	111	44	109	45	102	46	119	47	112	48	119	49	101	
	0	106	1	113	2	102	3	111	4	104	5	114	6	104	7	114	8	120	9	108	10	106	11	116	12	104	13	113	14	116	15	100	16	107	17	111	18	107	19	108	20	101	21	105	22	101	23	118	24	108	25	105	26	102	27	102	28	117	29	105	30	103	31	115	32	100	33	119	34	119	35	104	36	114	37	107	38	112	39	117	40	105	41	109	42	119	43	112	44	109	45	104	46	106	47	119	48	111	49	115	
	0	107	1	101	2	118	3	101	4	120	5	102	6	116	7	100	8	100	9	105	10	102	11	120	12	106	13	118	14	105	15	100	16	102	17	117	18	103	19	103	20	117	21	110	22	102	23	119	24	115	25	101	26	118	27	120	28	110	29	119	30	113	31	113	32	102	33	113	34	115	35	100	36	104	37	104	38	105	39	106	40	109	41	119	42	102	43	112	44	111	45	107	46	104	47	108	48	103	49	116	
	0	120	1	106	2	118	3	106	4	112	5	118	6	103	7	104	8	105	9	108	10	115	11	100	12	113	13	111	14	120	15	104	16	115	17	106	18	109	19	110	20	104	21	105	22	109	23	103	24	118	25	119	26	104	27	108	28	114	29	111	30	120	31	112	32	119	33	103	34	102	35	110	36	107	37	108	38	101	39	107	40	119	41	102	42	108	43	105	44	110	45	109	46	108	47	108	48	104	49	120	
	0	102	1	115	2	110	3	114	4	105	5	119	6	120	7	114	8	117	9	111	10	120	11	108	12	116	13	112	14	110	15	102	16	102	17	120	18	112	19	104	20	100	21	114	22	102	23	111	24	111	25	117	26	117	27	120	28	106	29	113	30	104	31	116	32	116	33	111	34	100	35	101	36	119	37	115	38	111	39	117	40	106	41	106	42	115	43	113	44	104	45	108	46	117	47	105	48	103	49	117	
	0	115	1	114	2	102	3	120	4	119	5	107	6	116	7	105	8	109	9	110	10	120	11	115	12	108	13	119	14	110	15	108	16	103	17	112	18	111	19	109	20	106	21	114	22	100	23	108	24	107	25	114	26	115	27	107	28	103	29	107	30	104	31	113	32	100	33	112	34	106	35	101	36	113	37	118	38	106	39	115	40	108	41	101	42	110	43	112	44	100	45	116	46	115	47	108	48	111	49	104	
	0	120	1	102	2	112	3	102	4	117	5	110	6	117	7	105	8	120	9	110	10	118	11	100	12	117	13	106	14	117	15	112	16	102	17	120	18	118	19	100	20	107	21	108	22	101	23	101	24	117	25	113	26	118	27	106	28	116	29	119	30	117	31	100	32	112	33	120	34	115	35	105	36	118	37	111	38	117	39	114	40	112	41	114	42	114	43	106	44	115	45	103	46	109	47	115	48	104	49	107	
	0	104	1	103	2	108	3	102	4	119	5	108	6	113	7	113	8	119	9	106	10	116	11	104	12	118	13	112	14	115	15	106	16	103	17	115	18	113	19	120	20	118	21	119	22	106	23	114	24	115	25	119	26	120	27	112	28	103	29	111	30	113	31	108	32	118	33	102	34	107	35	119	36	103	37	110	38	110	39	114	40	104	41	100	42	116	43	111	44	101	45	120	46	107	47	108	48	109	49	106	
	0	107	1	115	2	100	3	106	4	109	5	104	6	116	7	111	8	102	9	105	10	109	11	110	12	113	13	118	14	119	15	114	16	110	17	118	18	109	19	113	20	100	21	105	22	114	23	100	24	101	25	103	26	109	27	117	28	117	29	102	30	120	31	100	32	116	33	102	34	119	35	114	36	120	37	111	38	117	39	111	40	118	41	113	42	116	43	102	44	106	45	109	46	104	47	116	48	109	49	106	
	0	115	1	118	2	104	3	101	4	120	5	105	6	109	7	115	8	113	9	107	10	116	11	116	12	119	13	111	14	109	15	104	16	119	17	106	18	105	19	114	20	118	21	104	22	115	23	103	24	102	25	115	26	110	27	120	28	102	29	104	30	103	31	106	32	111	33	102	34	100	35	110	36	112	37	105	38	101	39	108	40	106	41	110	42	113	43	120	44	106	45	118	46	117	47	106	48	116	49	116	
	0	113	1	110	2	104	3	110	4	118	5	120	6	108	7	119	8	117	9	109	10	100	11	103	12	106	13	118	14	104	15	109	16	108	17	119	18	114	19	107	20	110	21	112	22	119	23	102	24	108	25	113	26	113	27	120	28	113	29	117	30	106	31	104	32	106	33	110	34	114	35	110	36	120	37	113	38	104	39	107	40	118	41	108	42	101	43	105	44	109	45	104	46	106	47	100	48	117	49	117	
	0	113	1	115	2	109	3	111	4	112	5	113	6	119	7	108	8	108	9	111	10	104	11	117	12	114	13	103	14	117	15	108	16	119	17	107	18	113	19	101	20	112	21	103	22	104	23	105	24	114	25	115	26	111	27	114	28	110	29	103	30	109	31	117	32	102	33	119	34	118	35	112	36	110	37	120	38	107	39	120	40	111	41	115	42	109	43	109	44	114	45	107	46	109	47	107	48	109	49	105	
	0	115	1	107	2	104	3	104	4	106	5	106	6	114	7	111	8	118	9	119	10	101	11	116	12	102	13	118	14	120	15	104	16	101	17	108	18	100	19	104	20	118	21	102	22	105	23	116	24	100	25	112	26	104	27	100	28	120	29	113	30	108	31	120	32	104	33	109	34	111	35	113	36	113	37	107	38	110	39	109	40	119	41	108	42	116	43	100	44	110	45	103	46	105	47	113	48	108	49	115	
	0	110	1	114	2	109	3	119	4	118	5	107	6	110	7	118	8	105	9	112	10	118	11	102	12	120	13	101	14	118	15	111	16	119	17	106	18	109	19	101	20	111	21	103	22	102	23	110	24	106	25	113	26	103	27	104	28	100	29	113	30	102	31	106	32	116	33	113	34	100	35	112	36	120	37	115	38	101	39	109	40	105	41	103	42	104	43	114	44	107	45	104	46	104	47	119	48	120	49	107	
	0	115	1	114	2	119	3	106	4	119	5	117	6	101	7	107	8	100	9	106	10	106	11	116	12	111	13	113	14	111	15	101	16	113	17	104	18	101	19	114	20	105	21	109	22	112	23	117	24	110	25	108	26	103	27	105	28	112	29	105	30	108	31	118	32	106	33	110	34	105	35	101	36	113	37	110	38	109	39	115	40	108	41	117	42	109	43	112	44	117	45	100	46	116	47	114	48	120	49	102	
	0	113	1	103	2	117	3	100	4	111	5	107	6	103	7	113	8	100	9	102	10	111	11	108	12	113	13	113	14	101	15	108	16	120	17	114	18	102	19	108	20	109	21	119	22	117	23	117	24	115	25	116	26	117	27	105	28	113	29	110	30	119	31	117	32	117	33	101	34	109	35	117	36	105	37	113	38	117	39	108	40	107	41	115	42	103	43	109	44	108	45	103	46	114	47	105	48	103	49	117	
	0	119	1	109	2	118	3	116	4	107	5	110	6	108	7	111	8	102	9	104	10	108	11	107	12	118	13	120	14	110	15	103	16	109	17	109	18	108	19	100	20	113	21	116	22	116	23	119	24	119	25	113	26	113	27	106	28	105	29	101	30	100	31	117	32	118	33	119	34	108	35	118	36	112	37	106	38	113	39	118	40	114	41	101	42	104	43	110	44	115	45	112	46	107	47	111	48	116	49	104	
	0	101	1	106	2	105	3	110	4	105	5	116	6	101	7	120	8	108	9	115	10	107	11	105	12	108	13	120	14	105	15	118	16	107	17	110	18	106	19	119	20	110	21	100	22	119	23	112	24	116	25	107	26	111	27	101	28	120	29	108	30	114	31	114	32	107	33	110	34	102	35	114	36	112	37	104	38	114	39	119	40	120	41	109	42	108	43	102	44	118	45	100	46	100	47	113	48	107	49	106	